,dates,mex0516-0000,mex0516-0001,mex0516-0002,mex0516-0003,mex0516-0004,mex0516-0005,mex0516-0006,mex0516-0007,mex0516-0008,mex0516-0009,mex0516-0010,mex0516-0011,mex0516-0012,mex0516-0013,mex0516-0014,mex0516-0015,mex0516-0016,mex0516-0017,mex0516-0018,mex0516-0019,mex0516-0020
0,1986-05-07 17:30:05+00:00,220.66661089740256,219.24355961498628,223.4429228442032,230.31522809369088,236.35418479326995,238.90459006278536,230.37300755856467,221.1763534769267,214.12910193682728,218.85561305696083,215.00812319486977,214.59223019029088,219.3451166937965,217.978377866235,219.12845654521914,220.92482412818322,234.10175385493267,235.13258174128012,240.65585362875623,230.8719803766845,234.09604556926328
1,1986-05-14 17:36:04+00:00,211.9269006662911,218.410335569542,230.7048461937115,236.57099475331967,242.14354356424104,240.02986852337312,232.34824474183665,229.05137106767444,215.73256061195477,210.6603951854671,211.33125872668492,216.5166708105522,222.92450022788583,227.03115690629397,229.25150159903092,240.1422432265515,241.9194940460507,241.2922415393644,245.6833821179627,241.6540086188036,242.06216155502435
2,1987-07-20 17:36:38+00:00,255.48933858037623,257.3390799002211,257.4482684542768,258.15761656477616,265.5056443993021,266.66844887836703,258.16759093684334,250.23416701153496,244.7902871130574,237.30745295425353,238.4647027555575,239.72356872531063,243.74354226910975,246.9400369941223,248.09227664674484,255.9664786424766,260.69653942168486,256.39518564512065,268.67838494417686,271.2961328169401,282.50772879601584
3,1987-09-22 17:38:24+00:00,251.59679613234508,249.69582670365114,250.10197249648613,252.0903301432938,252.95111759729346,249.97730197965646,243.38916081035455,240.91302086286913,229.65459950342,229.59430651844696,224.6546452862491,231.50031849625202,231.93109987150734,234.52567336226525,238.80897981578096,249.02185009774064,263.810734601136,265.7490826818939,274.244221252434,267.62222628424394,270.46147452434883
4,1989-09-11 17:37:23+00:00,255.56861848736656,251.9184709601529,257.2355005571147,255.9207078475732,255.2080787273718,256.84278023817905,242.70500967589555,239.73001518066866,233.59178540405338,233.10707776130963,233.71598634996775,235.85973705713107,242.63447430813855,245.6904638024101,258.45497896600574,264.73287453574454,280.85748585395606,277.8769630559238,286.5685673632484,275.4888900436045,279.13108392256606
5,1989-10-13 17:36:37+00:00,248.83973326930283,245.1238537541849,247.31759946123083,245.6424733658985,249.1890015002459,244.76971880327594,233.75349676946186,224.05648784304623,229.0320306826324,231.10812351355628,234.391459019818,249.31486724690538,238.59427596090347,240.48202006278746,246.73366073006264,256.62096142602843,269.57107574581255,268.2146113068583,288.68462112227763,,275.53764422015
6,1990-04-23 17:31:37+00:00,230.85907283541295,244.62189604817664,243.2136672406392,249.63022945404248,253.7478014969435,246.00378686618086,238.71389445935537,229.12060049958882,223.06399945026345,220.42596953652912,225.4529897164399,228.4401366603144,232.7211187045409,239.76452733202342,244.5965163183142,253.8884900419819,263.36778542303597,263.93595905012114,263.55489672517865,256.6957967376279,259.41924945847927
7,1990-05-09 17:31:36+00:00,256.46636142409545,255.94465266757933,259.68090172936616,256.78542575440497,260.27996598689276,258.66444936004496,247.01930289345358,238.7307645350707,239.22174986180363,234.13348921088476,236.38775252113624,239.59340687697687,243.02040127927899,249.19173658690136,253.25763144676478,264.23719576777387,268.5055221641099,271.1723251226167,272.82859830544834,268.0380592916672,271.0383974036739
8,1992-01-23 17:35:38+00:00,212.25864130588374,212.46754409574808,228.240140485923,229.60980823952013,228.21677639591863,223.76949036358246,213.9376897332805,203.93141097652432,195.02910336614897,189.58169015043688,188.48437248263184,186.49103998121393,189.5476208720521,195.29144062099215,209.7333477785167,214.08894814577246,219.45707621106664,207.5695655208498,208.05046421660742,204.8565860511982,215.17067921487708
9,1992-02-24 17:35:34+00:00,239.57009997574355,242.49856263147285,241.7891439936505,251.71437394811477,255.72743801135314,249.86718517090176,242.979717538246,230.02247494860785,220.59357495951406,224.8945786187873,222.88494659161978,225.6292630167227,227.31862898780196,226.24940240023528,232.26939279493854,236.35969063262658,243.04401515271167,236.8640812480885,238.04470871727924,226.90428283715883,225.93042835648433
10,1992-03-11 17:35:33+00:00,242.63150148072415,246.57806416090915,250.59344220946133,257.53048379715,258.00850741123037,255.38395065449413,246.1375434304029,237.74146458357757,230.21700955040532,226.34696649812867,220.74520277276036,225.28901915674814,228.42957985938185,233.81260572228808,240.27427504794485,244.8749872113081,246.16061801906528,245.53557506723246,251.77461045567364,239.64679389722735,237.39407993694647
11,1992-08-27 17:27:34+00:00,254.09123566174804,264.4459996414712,261.88377813617535,263.3344982518837,257.36142235415355,256.6340888890293,242.30775701035492,237.699151259051,234.9021843343062,,,,,,,,,,,,
12,1993-01-09 17:32:57+00:00,,,,,,,203.2986975623562,,,,,,,,,,,,,,197.8291397202482
13,1993-02-10 17:33:18+00:00,,,,,,,202.70297369025906,199.77815237547057,,,,,190.54281676652693,199.44101601937015,212.8965449971035,217.06679691852605,224.5575295886771,212.987858123065,,,211.21994653101146
14,1993-03-14 17:33:33+00:00,263.22427270889125,266.46048790635535,268.7308793623074,270.580511536043,267.4650538194254,269.41972152111384,256.50388811028427,253.40994461552916,248.31099703967976,249.3583921709718,246.69439560786202,249.58794098137773,254.01182557718258,256.2663540609139,261.6256956596933,263.7702029112718,268.9732621283715,273.81950408146395,275.4010434604811,254.78632013599608,257.7647689930393
15,1993-03-30 17:33:36+00:00,241.99491661407626,245.6810603029485,252.4297877861268,254.17628917856706,254.36641433961358,249.1378306949246,240.867425802076,233.23001861294654,228.2281538440509,230.98427001800502,229.0612513620221,231.6085277592171,235.3660560566119,242.112999528974,247.95564909207647,253.35783084880848,258.0979619544364,253.2222766889029,254.10908872790998,241.09100427041705,244.52292630789918
16,1993-04-15 17:33:44+00:00,253.90177310768973,254.72140899947937,259.90187356012126,258.5266786171682,258.16308258390103,258.6607955769182,249.19119863436674,241.47372422121043,239.26425469686126,246.91332319481492,243.45648192031516,250.30118993032957,245.3301087211126,247.83575764035226,249.82147855385483,256.101095613241,264.92419298396567,263.47340201602304,268.5286726978659,252.94356659995614,260.40705153880685
17,1993-05-17 17:33:52+00:00,234.2870503819158,237.90589237761952,237.65188312091328,240.47949711267418,243.71272283929977,247.44275915276933,234.5220811843023,228.07787838736908,217.41828589808327,214.4193995381682,212.0454834375973,214.32549990018998,222.33778687036448,221.61600143538615,230.9080905106263,230.93239737320084,244.11276278920417,243.64032378436656,250.96693217536068,239.61064100977805,237.8053394903469
18,1993-06-02 17:33:55+00:00,229.88537188572025,234.20247016738136,235.67754995668955,241.1293000911323,242.07012498996437,243.82677365543702,232.1402067403322,223.7191232302405,214.7366208010683,209.21642610174257,211.90828456577216,211.66744339905742,220.19541211133586,220.89029619387648,228.38789102152208,232.59243582025675,240.25489193103795,234.79579345702535,241.00227611070278,229.9819692345382,234.84096354825581
19,1993-06-18 17:33:53+00:00,235.99792530595076,241.78596754290743,238.20377656698793,240.94134723094749,241.7144533931131,239.87201490042213,230.5325182031156,218.0475627411434,216.54171793952872,207.2361734293937,210.76934570766977,214.12684077448526,221.72263519934953,221.68484787712626,230.73301754178544,232.26571935441615,243.3809879605315,239.99675333792086,239.99603957723687,229.1049712880683,243.60050996884908
20,1993-07-20 17:33:47+00:00,230.06040071341664,233.6711869776911,236.227249810611,234.63062943465883,235.33280102637352,233.08555565767074,218.18921237037716,216.3584629799517,214.033731282695,211.8507010353568,208.77775549142598,212.6472783603962,212.84599086712464,216.5478403747446,220.60971445558505,227.69628595303652,239.551078414495,237.71199427156049,240.05348079711217,233.13683301149877,235.33557045065763
21,1993-08-21 17:33:46+00:00,234.62843798399695,244.47416061674136,242.7596611431993,243.08047772035172,242.03901095477403,241.42378269215772,231.0801494959968,221.2494443314275,217.31221765926924,210.17460093987665,208.6638839606627,212.08721572652718,224.52480638516286,225.09792393095245,230.34613342002802,236.7330546079566,250.4413076571175,244.76125074158577,258.0972616788171,247.5434716322839,251.63309831584723
22,1993-09-06 17:33:44+00:00,237.80624715320914,237.08678081874262,240.00831237975189,241.33315613358275,241.57687938853866,240.81252590168816,230.60462514183124,222.90075376721765,213.1629928859943,214.16608319826298,216.20809359534098,216.35387317345783,220.66434942896257,223.15682498252897,234.44194195964968,244.87685418748208,258.152426172638,254.03798523200544,261.5398321694721,250.37097937477733,257.21648334195675
23,1993-09-22 17:33:41+00:00,260.7779264531456,258.50986491025935,252.4171698825039,262.64762700458726,260.7885404090626,262.9035660195673,245.15233556481567,241.11593715126153,237.5831202799651,234.347823348274,234.01367084160756,233.8497983242682,238.34323007086465,237.9524149434123,242.61070270706637,255.19455121449323,274.84217025260466,268.90868975765164,276.2652184964087,261.95264589261507,262.53311609322265
24,1993-10-24 17:33:31+00:00,270.6139104032002,271.4482621614578,268.09672987189583,270.8180983316804,271.00235448385274,273.54002826538436,264.2391780705042,259.405462269323,252.54462312699724,250.77375609148993,248.49232987876408,251.03758762817026,254.38186298089224,256.9766789814164,265.14422585161014,272.9836915470462,284.468450837317,279.5344632883834,279.8525361956587,270.59059193867984,271.3147371218778
25,1993-11-09 17:33:23+00:00,276.6183514379781,276.5698588065724,276.73829261431115,280.6935511663271,280.51133689557685,281.05372708235757,272.0391580955878,263.5797368993134,256.5559063584166,256.7991800509544,257.23112405733576,258.8797586225848,265.15388708254113,277.94432816695536,282.38712912108207,289.1685594958409,300.6861282842191,297.85081402083074,299.6871839398035,288.58214934604797,290.8495891608015
26,1993-11-25 17:33:18+00:00,271.71430627205666,272.6418254678242,272.0179677562144,276.24183738632587,274.39107571578137,270.4042240121353,261.3870143285312,254.86893108979282,256.006110469012,253.19821444018157,253.6007211487028,258.5477243746751,257.7788725337915,263.7212328490151,267.3390607002392,279.7470996937712,289.2334257475514,282.5917059581913,287.46985688829943,274.86432711041664,276.28887139730534
27,1994-01-12 17:32:48+00:00,218.36584794784574,220.24906524446138,226.1470816968561,226.46156837717297,224.20575652959823,223.44838248253194,208.7449876586291,198.91562218426975,198.39196721529626,197.53216818847108,195.45626682859375,198.40452147635625,201.87852339990565,212.06202607448301,223.50852468182921,234.2798150964532,241.92491667896593,237.3124579355274,235.51800949338667,228.01715037182748,228.00463939332394
28,1994-01-28 17:32:37+00:00,214.01140145078855,220.34359859818548,224.57192004555736,222.04895848177762,224.9849476216575,220.91140584760262,211.75412048809073,198.79822237974042,192.4754012830371,190.46140224767132,185.46504905516736,191.1955917636257,196.8399197224344,208.37120453252263,215.21957708132615,224.96937280375198,235.20365075095222,233.11668432867137,226.2737516132664,216.65352211229293,220.35915522966934
29,1994-02-13 17:32:26+00:00,230.14027471822862,232.24098769771507,232.96908796534314,235.02726409429442,234.00466719950822,234.1468104800698,225.9651714713908,222.45573724453442,215.77445884427038,210.24098737465647,209.28101601631562,212.86056578771172,220.07604956340114,239.17443052842629,243.7147888458544,251.80849724864248,258.418823974064,256.51950058163015,253.79933065276566,243.30244258910227,242.89718937585593
30,1994-03-01 17:32:12+00:00,239.9650638375476,246.74368537217526,246.04155421742803,246.16220424040307,250.1925578424822,246.32000381109248,238.64814851243028,226.1717170828954,226.18067051469717,222.39034153816226,224.08583227493557,223.6542487118336,229.99359686034813,238.6710011857779,244.69360476229227,253.40422906826436,261.55391920102977,257.67336848204593,256.0338837723637,247.65677815325822,243.55469316532316
31,1994-04-02 17:31:42+00:00,261.36306989534364,265.46325643654063,265.35054104579694,262.9528593653333,266.4115782269239,267.12086567831955,263.6571019640969,255.68628200990088,246.83081901816988,245.8067675248082,244.77125580699573,251.10969467768803,253.71421229088585,256.5943708560966,263.51604791911205,274.2472939624811,282.47510360529935,275.8959595514137,273.3728369009131,261.09073056728425,266.3214518664805
32,1994-04-27 17:25:03+00:00,,,,,,,,,,,,,,,,,,,,,
33,1994-05-20 17:30:48+00:00,278.08059315963953,273.14944409656835,274.875839415703,276.3463355592932,279.5142814971632,281.1677303856326,273.09573055244533,268.19295998063683,261.8475588963815,261.2137138507462,260.2786640617853,262.4037520388736,268.1943136033322,269.5428284343765,277.0993748541799,282.697236068808,291.91200482656996,287.4055604983941,290.79276444388614,282.65199309088644,290.1225453390754
34,1994-05-29 17:24:28+00:00,277.39794343508186,277.3006769508057,285.7441499921939,284.2976392121501,288.557828696937,287.36657788148966,278.22963905162663,270.3143803890099,263.95661022886645,259.18678362117396,263.2740131469445,264.99456519587295,271.80034689995983,280.21034885946307,281.7512004063074,284.74248071186906,295.73294773367945,290.0166565083022,293.8167876444196,286.8450428044846,287.53000426653415
35,1994-07-07 17:29:44+00:00,254.4281554290758,251.01585017899077,254.09618552161908,259.09025286317456,260.35343843150827,259.4094474484058,252.88606958514094,244.6560461075797,238.6080331861628,239.14385507518278,236.5573291032211,241.30214973266408,242.8021105073251,243.79435235284402,263.523446893896,263.5506632171456,278.3430969080706,274.8393393158593,275.59686615572963,266.12086270114685,266.7353646259736
36,1994-07-16 17:23:19+00:00,,,,,,,,,,,,,,,,,,,,,
37,1994-08-24 17:28:28+00:00,256.03714031972595,253.32799690166325,252.31453750827245,255.46761816022558,256.285686042522,254.61435050200464,245.501901600005,239.65042287397,239.13236362019944,232.6625481381813,236.43664495746236,237.68389373423275,239.05511836352647,241.1068411302118,258.7785895819004,263.32331014413,273.05906654220155,271.6300037839169,272.3933322625186,267.24067615972564,266.0581844779176
38,1994-09-09 17:28:04+00:00,255.6855246479843,250.51807178431895,250.3457297905782,246.89848490855357,251.3857373406357,249.1611050688214,239.32004651101042,237.62502263457665,234.2114841296666,232.62661106686318,235.09705029928918,239.55268304207934,237.87491190096202,244.15852977083063,247.29626804779446,259.60958834043777,266.0670859181295,268.18526533329003,269.6578804796148,257.47946485361723,260.56596546429955
39,1994-09-18 17:21:39+00:00,,,,,,,,,,,,,,,,,,,,,
40,1994-10-04 17:21:12+00:00,,,,,,,,,,,,,,,,,,,,,
41,1994-10-11 17:27:10+00:00,266.445852750208,265.48357327837175,264.6463542691618,270.7478298493593,270.6309356332345,269.0986533800633,264.18723189970814,258.03622841806197,251.91478819847202,247.22636113488983,248.79813924802926,252.39663438667512,257.02980062296916,258.30585269349,266.71336438272454,272.7965119074141,291.1391397163418,280.9330455046973,286.9597318024612,273.70936351716887,275.852324585841
42,1994-10-27 17:26:37+00:00,263.5678703137104,259.32932819271673,261.67742189658327,260.50552369643276,263.8715706712493,265.83235185525314,257.34510105641334,252.17676506619904,248.34786859954335,244.8321921819879,246.3907272845823,251.8427017491796,253.06140162981728,258.2181526252776,261.96252451416905,269.70109494475025,276.98552908962404,272.39592023871353,271.24834370397343,265.87105198586204,255.3428522002112
43,1994-11-28 17:25:32+00:00,272.2689079607742,268.5927071129618,268.1075072349462,277.066102454668,278.08048682379695,274.60637459500373,266.59698582289025,261.0577735267301,259.66393033554067,256.53568056264487,253.96242648278263,258.9381277305638,263.86307832885325,261.70982649512837,274.3663027662467,277.6721646222093,288.8652467005,280.62192490745906,285.60697840240437,275.24713482315815,272.9862260843012
44,1994-12-14 17:25:03+00:00,259.17244834452265,260.6139924884601,260.8058803256266,268.3765781114295,265.1212845508458,266.8542075519836,258.27738747594884,251.1302973166665,249.00962082272758,244.72157621437015,247.60793899479393,249.74577645366156,256.44600459598814,254.87171206406,263.68661331822784,275.2450024477295,286.7418666824225,275.1770338658534,275.44866417839455,264.0174555450087,263.32665707258104
45,1995-02-16 17:22:40+00:00,192.5693488386582,,,221.76259685017968,212.95434455833797,208.22990169243303,198.0118993537599,202.97696154732728,171.11230971302462,,175.70940249662834,,,,,,190.2343866512773,,,,
46,1995-03-20 17:21:23+00:00,206.0251242757023,,,231.68540842530405,235.6167144741383,234.25597031770866,221.3703259737444,211.42750928094478,202.47459830888195,,195.22274188465755,,,,,212.7528660699436,218.15245644471298,,,,
47,1995-04-21 17:20:03+00:00,245.049029091029,254.66414907197225,256.428622499942,260.6414438236841,266.24217927908444,265.1792889533858,252.80085833804736,245.5474485257099,239.9702094297293,236.86101050427564,234.8133029857831,233.4999453836518,243.84565786631984,244.52929242185246,245.93901122978235,251.95819315076972,255.50589053698567,266.12165349095216,265.0303960401499,261.6143844828084,275.12145250167293
48,1995-05-07 17:19:20+00:00,250.26787749420765,251.27261549353722,250.56961191528663,252.01783802113027,263.8632034860906,263.1060063146108,255.84200149987242,249.80722174767993,245.81569506227527,241.1804622172889,241.34155574057473,246.88629855502268,255.61325871746462,,255.11713248668894,259.73749066833693,260.8275289974285,276.85366478685984,267.5736994150025,257.4932044801461,271.5504381737676
49,1995-05-23 17:18:36+00:00,245.9607273965966,250.0616724719559,257.77431314269995,263.45269744402935,261.41798208657247,258.32512549984585,249.27317392980615,244.8148361127976,238.3191924602096,233.5227407339131,234.5902026996962,242.82591693251572,247.62642580087132,244.51500850194228,249.39179675094306,262.22271295790426,263.10128582016995,261.44544691880736,266.95478084494675,261.14454845473017,266.94882518116515
50,1995-06-08 17:17:51+00:00,253.12346229203874,253.72142738756753,252.08873993329377,255.11369481469828,257.6517979404895,256.06707427851154,247.48639910060945,243.7892176940127,235.27828410337298,233.81607977567498,240.25717335466854,241.24661861258812,246.98426453083005,245.93379314617079,253.11957008200685,251.70043375799924,255.34155232213215,259.9982155490899,259.98051586498553,254.6311903062376,261.84363702738614
51,1995-08-20 17:08:22+00:00,266.6306490873453,263.04047069369506,263.7442149310431,265.54389169593827,265.02596574856784,260.7727131555629,255.6888696839689,246.22614939211553,244.44415066706674,241.5192906569661,238.98478894382788,243.4685630530865,239.83007937833415,246.90211463287415,250.7444513727418,258.9246895914398,264.5743919064669,259.43294836401026,262.92207146279947,252.65244531219875,257.736185105299
52,1995-09-05 17:07:37+00:00,262.6208596603061,262.4095086880049,259.34218041935947,263.8276910037591,262.29473856963153,262.28703753759174,251.5064172897436,253.64326844700628,252.1972058525589,248.4385168603821,249.61801005855767,250.55810841825655,255.15029394754774,253.6813096306084,258.5676546344087,264.03055006678676,272.9304940931381,265.9336367077473,271.30634365342837,265.5073697968604,259.17282890555055
53,1995-10-14 17:11:47+00:00,239.1555959158299,238.69272907263183,239.58500295039147,239.56956990056682,239.03943353097958,239.94689076601423,229.92780164237155,221.0665286989642,213.70080263842516,218.27182962799674,215.63334484905494,219.7756033416138,221.32108031668412,225.39437197231823,233.20240169396993,235.39024374103946,243.6860431651854,237.11682805979788,241.32771424798574,233.78190967755626,237.3562759150531
54,1995-10-23 17:05:06+00:00,237.7565074788949,236.30728569149343,241.13500264523358,240.56064101646686,242.11483888319296,240.48496955047656,231.4413152445921,231.3130574267961,224.84613309704514,221.5693012832137,218.72572263805546,217.9887150745957,225.61982082257725,222.89411209675384,229.74701605720418,233.33127437676316,237.92984532898484,231.5819457486765,233.75968313026732,235.99525227640962,230.11726470990112
55,1996-01-18 17:14:54+00:00,213.71863378989357,216.7629924442349,230.71477016697472,230.90025726089127,229.96241706242418,226.68130820213747,219.16993616766456,211.09968690014398,201.8178636372332,197.10668142279786,190.7562395734957,193.36421839982796,198.7026915182542,210.10334006260476,213.8950318975851,216.3003704054957,224.46534485002368,217.41936132097254,213.1001525085796,206.92498216048233,214.508366085759
56,1996-03-06 17:18:11+00:00,206.0429153660931,216.4999183087906,220.63675565647668,225.3318336195777,225.13356055573274,222.08376711344738,212.38814113815238,200.0439057947931,193.42432550877226,188.5239908263447,186.5848188980192,191.1067365805213,193.85921906278713,192.1325648875017,200.91510182576386,203.2626901453754,218.70004347512855,206.94520745052105,205.44804500914984,197.419934199787,214.04934078288778
57,1996-04-07 17:20:14+00:00,230.2110974701871,231.14721195424187,235.1909167372066,238.56781916580826,240.58876995579053,240.8317716645651,225.91487669090532,227.16971911722558,220.15031113391348,216.81419455092873,212.74348204082887,218.22424485450608,220.96217586905146,221.96530056842363,226.00568859530074,236.21279509242996,242.9688074176099,236.63911443629175,238.421521112516,229.4963401830961,235.70580304006808
58,1996-04-23 17:21:12+00:00,246.85808020880634,250.48038215256338,251.63256070492548,255.01916006675205,259.26136775566783,257.00490819587355,248.36211039984596,242.60167159149,238.301573817997,233.70548629154575,238.12318236766217,237.0152835859081,244.97187317676642,248.10475046925382,248.64905618033518,252.72712872311178,261.2985224012921,268.4769094724247,270.0320074522,259.186699527183,265.0548752580226
59,1996-05-09 17:22:09+00:00,275.3061039437854,272.5479355292365,275.82118691520515,276.8374301975886,284.5936034561987,277.4046073334306,275.0203166872526,263.2176848121089,262.5865428048304,257.08581063767724,261.2799925711063,266.0388881719059,273.32649648578376,268.65672484628374,273.48436700592936,282.44826175300665,295.10913470631795,292.60056057153463,290.1865001474537,282.22209361877793,290.84688753477434
60,1996-05-25 17:23:03+00:00,251.96187861111858,252.17921793974648,258.97114190102286,257.4563739892072,259.1087632921398,255.2465090376876,254.60161935902386,252.40251402687605,244.64537744429066,243.3605883659797,241.43442013799495,247.4735854052497,253.26430560553507,247.8594958846239,253.53285049961409,263.8424459373998,268.80505417381136,264.60955240395356,266.57816033737765,265.05754682281304,275.1513545786484
61,1996-06-26 17:24:48+00:00,264.5587389402815,263.2021597612492,271.72571850797533,270.81936517580857,270.77141413535173,269.15036102491524,262.88341819745597,255.52118383004688,252.0560169978383,251.99742216551337,247.0183724679568,254.26995446931193,255.21693990733138,259.819535101602,263.20051721586833,270.2968578578383,285.21028108537956,286.2960665064373,293.45564833326625,283.6570800999845,287.8830822460654
62,1996-07-28 17:26:29+00:00,241.39013930406327,247.1415125567072,248.48263629788795,247.29880046481105,254.1315928918331,252.70277795558707,242.65119509081757,234.86382150264734,229.69515873834683,224.7352416276454,227.78579066568358,229.28570303021021,233.61482737449666,232.89078682551488,238.80099170230096,245.217307980815,255.35122239162666,260.8999235810993,264.225251642476,252.8165124652696,254.41780407325157
63,1996-08-13 17:27:19+00:00,244.07452165987843,246.2957334520612,243.14530775004434,245.45554142284337,244.55919604348077,246.61518066636427,241.18671172969965,235.17267143059868,229.62877716212427,226.3550478516085,222.11313208279208,225.2784899531996,231.71043636945427,231.34739969564822,238.9381146271587,245.3198366851421,261.3472071617296,255.3351625730363,263.76239366399017,250.2246054000039,254.4186579734353
64,1996-08-29 17:28:11+00:00,236.76206150767493,238.5532605321362,236.98208296104482,241.174338042857,237.88115397707006,237.45557137181194,224.48369478911127,226.9004069889195,219.51160753116122,217.05817101318405,212.31955131736927,215.83247629904534,221.89710282295667,221.5832571626584,228.65137005906095,232.9130483922849,249.77928164993293,241.77153540390142,247.29447418122103,239.78659948551788,240.21073565450948
65,1996-09-14 17:29:04+00:00,241.21812003273368,240.06778994935104,241.84993195404093,243.47688614884004,244.74823614758935,243.8272994371872,231.3063024903358,224.47230638886163,218.71380992480374,214.3905818804932,216.10855598901452,216.50825418359972,218.43945414817526,225.37537191690325,239.01598648192257,249.82331879963576,259.4481419186088,260.3423580115028,263.5031441213307,255.72983811159403,260.4565644350913
66,1996-10-16 17:30:45+00:00,242.92276315884632,245.22650410059234,240.3222327205365,242.98046693027985,244.50460524762198,239.90922874860698,232.04616610439592,224.61701395613915,221.58477441565887,215.01820691429467,221.29844313640825,226.27709444912554,229.44704506774673,229.17194062134362,237.78922836283695,249.0831549329127,257.7783610637224,253.92000766989108,263.26582971542496,246.25616408334287,249.64495189572062
67,1996-11-01 17:31:33+00:00,252.47039870451852,251.13537780806774,254.20324466349376,254.86975131027424,255.2370428293451,259.02415272436326,250.84857039376527,246.05674252489473,236.88600822591818,230.32516337720207,233.5832856919758,234.03008085158143,240.76775222063372,245.60852720742218,255.41830825324593,266.66235195250107,277.99730300940325,277.3354551370107,278.0692415355667,270.0422416686446,274.9930084357278
68,1996-11-17 17:32:17+00:00,259.0609659922613,260.9731678278631,263.14273133717353,259.94999681115996,260.3663844422363,259.6201224351289,252.78700598380908,249.8190761845272,240.14694032438516,243.10602150196178,243.56653592605232,247.1855790538629,251.8013599242355,253.19486985359578,259.8394969589619,267.45022832027377,279.4344409755812,271.39548767803547,277.76764743227125,265.18256452148376,266.43793250615977
69,1996-12-03 17:33:03+00:00,249.39297857181333,249.2152218868125,251.1751725950341,251.31835942091072,255.9207828468618,254.95064682170505,243.9748072357605,237.33481263990006,228.46741905342776,230.79369608132544,228.7041672806587,233.87241753882512,239.69525733097038,242.64703257625027,248.90999700621896,267.8751845646819,271.0768308632596,269.7261937683112,268.16400268058624,256.8181722208149,258.49582882587646
70,1997-01-04 17:34:34+00:00,252.89886449371878,250.10280369456382,249.43924758462987,251.7238672919911,259.2202293633708,258.9754679643434,248.33690786271734,242.96146344086281,235.66216639822147,231.76588790798792,238.2218768999602,243.01859066526922,242.3245106238376,253.924032267082,259.0590946610724,269.8565599167031,272.97539436751276,268.57374622167777,266.4130844326777,252.40980909623315,253.494686422794
71,1997-01-20 17:35:19+00:00,234.0795917989974,235.12360754652525,236.88641968423133,236.75687428204162,242.10904281803636,239.92568943072206,239.4559859569348,227.9753740574074,225.66702731302183,218.82326560043077,223.20841631210104,225.26551193037108,227.80707245096787,232.42220686681165,244.8486850628773,252.69761921814123,261.22576389699174,254.5620056470055,255.1497326884932,241.33132502653595,245.3057631165958
72,1997-03-09 17:37:21+00:00,215.10363531051001,218.3535382194667,221.26351964313304,220.37291875182487,225.61788804415733,220.87850607398346,209.09705215032622,201.68074119119038,191.7790166497105,189.47972297293495,191.56746166166425,197.00142187433084,205.76713820398953,217.2017900421717,217.47520399258934,229.45082508062757,235.91296081767524,216.24027980452126,,197.61773684802807,226.72902492295805
73,1997-03-25 17:37:57+00:00,224.3546301772585,224.29239869172517,231.11436390082915,229.95548177094193,231.1857793814687,240.1899454971115,228.19718975826243,220.5974792198252,217.63316706113386,212.6151847754565,214.4472474706193,212.79881320528727,221.64090047476145,228.64981930029762,231.02934117356185,241.9450947886757,249.5016634371492,245.49339668170205,238.28511581589157,226.1104580526317,232.452267432704
74,1997-04-10 17:38:32+00:00,229.81077814250128,242.08467114855844,240.86092871313656,244.15019773124013,246.0576748756336,244.988123074808,234.99718375498458,227.61940371322072,223.5177440034881,221.1270547113117,215.39071693253203,218.99717289101284,238.3396216044983,238.80247063787527,245.4686137211604,251.76850774443008,263.33935456113466,256.62284999246185,259.69241217081867,247.222125704266,252.3743633356938
75,1997-05-12 17:39:38+00:00,274.7860136576438,272.1948763226694,279.31590564423317,282.4542016737028,283.1779677642045,283.8633128552319,276.2149584061039,267.2945531234145,260.6728789317299,257.2479548031936,260.9156111355321,260.8407386269222,265.57572371687104,266.7482040842141,282.84488091133954,286.8975196570897,296.54436909685205,296.85465127270635,294.6773153945004,286.5866195717053,289.41144481692675
76,1997-06-29 17:41:20+00:00,269.7414443157551,269.03774762181655,270.94487490782046,271.0735867400442,276.0617501288249,275.62131355003214,266.4529699449081,263.47351360022276,261.43121983499265,254.434466208935,257.00185851523753,261.66510024437605,264.67347705187206,265.41387046538404,266.73225927135627,276.36872005735455,292.93801895912156,286.095692125731,291.84340538988727,280.98311855518347,282.11829147041925
77,1997-07-31 17:42:24+00:00,261.1876522260193,257.78110257782004,261.5540553966744,261.2158720481029,263.09138693510556,261.97143504565287,256.28418932112385,250.2319002615543,248.36858484783903,244.05136574835288,247.46037217863596,249.09190483078686,254.14653306063576,258.57662831050175,262.1426029748925,265.2452978793842,281.9912018855824,281.09954022973767,285.7738469172581,268.06076272360343,266.3836129568283
78,1997-08-16 17:42:55+00:00,255.86957482894488,255.5547453751063,252.98159298249467,254.05092510508683,256.3795604740635,254.45727242223927,246.05439870044455,239.59192265476366,243.4560847251057,239.99674999254614,241.9225378242097,240.30704963045173,251.63185984608526,249.26751980168444,260.34096360410115,265.10723428994027,274.8561767712312,272.4069047386356,272.43461548458123,264.09280101423093,260.17383455550384
79,1997-09-01 17:43:24+00:00,247.22050817351314,246.81571491356036,248.01006080451933,245.53115655309847,248.27846320997693,250.89537475776976,245.10472878197962,239.49526539536757,235.5330085058074,231.13262385299413,237.01362032527717,238.29301757783784,245.31530351775567,244.7662508355295,253.323923906716,264.6937571692244,270.5316307422979,271.68075031961916,269.77188350720945,264.84141287467656,259.71685401921144
80,1997-09-17 17:43:50+00:00,223.45980535162596,224.81946411921942,225.7137619318643,221.57979610249936,225.2371664734484,221.224233742778,210.62350497314583,202.0826113739437,198.0191878645482,188.66985671751323,174.9971967150874,164.25402610182812,164.48381590629106,163.88676093651844,181.2973038399461,215.72569228171136,,,184.54496037084158,187.85743737839584,216.80075819762206
81,1997-10-19 17:44:45+00:00,205.19521985068633,206.11797606870914,211.55595314664393,212.95268463080174,213.35506164863315,206.20902682271924,193.90150995735658,185.35190346373093,172.3944825141777,172.46243148705707,166.54940426831615,169.2448022086011,169.76826438473097,169.17173019004946,182.51813124395662,198.95225700977852,200.8914744665118,205.56157528046492,198.7505784035955,201.67193011126474,200.8741696415711
82,1997-11-04 17:45:11+00:00,205.7938345904754,212.6822359438851,214.75145154484738,217.35367574713501,212.2175669376302,205.56813345042298,198.8447374984774,183.6932320130962,176.29329162589613,166.80597863624402,169.4442509182338,175.83148109930985,179.4917129964071,180.69660870381625,192.38915752189308,203.3641387176409,218.09394498546794,212.47660841358464,208.4114915655232,200.64780178855068,204.49253579587457
83,1997-11-20 17:45:32+00:00,208.22001016734902,210.58531901994746,212.3312884488684,214.0044350159036,213.6315008474735,213.43699620903897,197.80116116245097,181.26899670840118,182.30773713538815,182.93882965890657,182.8406409847199,185.62274940736157,189.7417954513674,195.85818520112417,197.20322037877065,216.43666209493006,225.95401940425367,222.3811631381923,214.7055121478933,207.3796715028722,203.61047604725758
84,1998-01-07 17:46:42+00:00,222.6799040000198,225.67242044363292,226.49047292463706,236.11570995013403,235.77052465441602,238.20161079179874,228.54364664448417,221.12892100777586,219.59323497651187,209.38496275581326,215.7527946169433,217.42295432624059,220.5379822472399,230.80620504522628,242.70328552080286,252.66909848041288,256.18990181282624,247.18400407481454,242.42723338687347,226.240733942932,224.6986740578532
85,1998-01-23 17:47:02+00:00,209.6714119948037,212.30642821464482,213.50352620998444,223.5414226710408,222.53710504836724,223.86646638763602,215.50635789513535,204.24131240851057,203.62208628513793,201.43665987857648,201.00792704166386,208.0850344673853,207.73099449608853,212.11973814713625,219.44732169453837,233.20850332455157,240.3675614464631,234.972125279566,228.3091462079326,213.10663209350818,214.3966901810185
86,1998-05-15 17:48:49+00:00,193.30743952555198,192.37121264306444,198.71281497022164,199.99996429450226,196.12334828805805,190.19697393264312,179.84437687406046,171.7110993976631,160.79717299078635,155.37270131815845,166.3911615925956,174.18814138837365,181.73228507807627,185.49756662536623,189.82080001917257,192.03261170706804,199.35737535718403,192.44838206672082,189.28531502325615,177.29377700763192,202.13033920933512
87,1998-05-31 17:49:05+00:00,207.5295363180499,203.18010279563563,204.73556177143908,201.26217462322109,199.96838391649797,201.85318239664403,194.02894342720754,188.97296813175285,185.12925117658662,187.69051128767768,195.0847150690904,197.5295000021452,197.758377844309,201.21110814097136,206.80053753166214,201.30341185794782,214.57690216676895,209.53271081372782,214.70730442444284,196.6048746871166,215.54045751716455
88,1998-07-18 17:49:39+00:00,193.64430472439352,206.55907167323386,211.21566283215031,211.89781457393877,216.28555743194056,217.5397259388721,207.08887739614516,206.99309476074694,201.72274543179918,201.0943161750156,199.86248713471025,201.4277573622057,197.78057069935403,211.74024723453968,212.5241563277774,218.86224690132252,227.4284576545728,221.2480980517061,222.7242233354812,208.83011105971474,212.5026926133998
89,1998-08-03 17:49:44+00:00,,,,,,,,,,,,195.77046180646371,195.08587897976162,191.29527152610703,195.99647108413606,214.69551976499565,215.98744844811569,212.46075211148755,213.98101061802157,197.424361213287,202.20513019283527
90,1998-09-04 17:50:04+00:00,207.10512517284448,207.01796091822092,208.70202432853617,207.7739844096256,210.52089472727624,208.6946201412792,196.50107277507834,194.3482800521576,188.96137776013325,186.692958603326,197.7130916222543,200.1173967170437,198.67465185442282,199.83521906674017,202.17710644328957,204.98773243579407,216.28872887645417,213.88301819030806,214.3089136370682,200.2324255140996,207.57964719010602
91,1998-10-06 17:50:13+00:00,199.94503321140988,199.80615116331379,203.53862457559418,202.16263471731216,203.86599575575946,207.34346082990155,192.7950117475279,194.81397711326036,186.5958014404339,187.53671707449627,187.40910034245024,193.27337276536068,194.86414033495714,193.92296533783073,194.12459317549263,200.2689800199172,207.32872498023335,205.74268376068994,205.12967852550912,192.59429115239323,199.8187606522955
92,1998-11-07 17:50:21+00:00,193.3900413557453,192.54963548368323,200.59398322137503,198.73367560111564,197.5795664872589,198.1443413180585,184.13541178431967,181.9848071691149,174.51631677832816,172.330316488039,174.0668163366292,173.2088461210751,172.9386247355328,179.7342139839048,189.73149004217885,196.04303335141543,195.83434833532084,193.09494631062228,195.32012441914037,186.61545800951882,199.7554530660904
93,1998-11-23 17:50:24+00:00,205.47313615099682,194.43466859120957,197.18822443333687,193.67753845007675,200.22644225216368,204.7586112935259,188.12262695929996,188.18073034683206,184.21899406411038,182.278318892782,179.18335737792364,181.92944815586102,185.517714978536,188.3599961255331,190.8202722868387,189.18851285153465,193.9153426633137,192.40229978777825,198.66061522957696,183.97055092043172,194.56880116825027
94,1999-02-11 17:50:36+00:00,216.86726330846733,213.75402373511884,227.58966577412036,234.26242012647242,229.64776972638583,226.260730164547,212.69707988644126,206.08413718758476,205.3533404313211,206.81906486110236,202.97339320963326,200.3867953647618,205.77916010448206,210.2192402643602,217.68613411014482,230.75126445714164,248.94929590746656,236.82886610892132,,225.07666915130054,229.7211086208421
95,1999-02-20 17:44:28+00:00,206.52583268845862,203.16098756464254,212.1414541739785,215.6916199914302,217.09897115135337,218.03027698492483,207.01379454816572,196.59358198811066,193.5098244191117,187.42730820808373,186.32718891375225,181.44574761555586,186.66617199727997,197.53050151861547,199.9388046316751,205.09102563535023,211.80222464822492,198.3615002596088,200.25898259016833,,
96,1999-02-27 17:50:36+00:00,198.3997731836181,201.61797155390562,204.0783652136233,203.3971785250865,204.6035322501877,210.35741571593428,199.32635913378135,196.26909573262935,189.92112677578882,184.34848565403195,186.26425600497157,183.9552295466135,180.03822208601036,179.87937483762428,191.48364803155897,192.18068826615328,202.1989318607391,196.99731261729573,196.38218451693643,194.5238165654716,201.57885524827998
97,1999-03-31 17:50:05+00:00,192.08830054980157,195.79045204844664,197.54461890380125,199.0641346304428,196.5238714305643,197.50286714999305,185.56722179135517,175.06794576175008,170.02277136957832,166.42100194348055,156.22023757942088,163.02358527270468,164.05438301837864,172.67962267039402,176.03901897792917,180.9107889733964,180.08965953913378,175.62543812609096,178.15474204892595,180.82249171900042,196.94477207817104
98,1999-04-25 17:43:55+00:00,,,,,,,,,,,,,,,,,,,,,
99,1999-05-02 17:50:04+00:00,202.1008457738674,199.95752053000828,204.78469731881063,208.1984400050659,212.49049327494882,207.4285042742278,203.4950542022346,197.64458046079778,194.54689820147797,188.8080240589435,186.1944230769828,187.48815588919777,189.21770174831056,197.19789772748774,197.97678054067595,207.1165947035792,208.3517297645525,203.97072666876434,201.0577564875481,197.0993833917016,200.38959361910025
100,1999-05-11 17:43:46+00:00,,,,,,,,,,,,,,,,,,,,,
101,1999-05-18 17:49:47+00:00,196.84419007140622,196.8045260843506,199.79060973872265,204.75492833900609,203.25431839827777,208.15419319566797,207.26447427906606,199.37609624019737,191.33260068925563,188.9059792394499,180.833373987238,186.25864665166935,186.75192435946542,188.52517907377603,192.8465625209584,197.88660413165962,197.88057265372754,190.8338493279837,191.86717462777165,187.38988380988843,200.5625825806573
102,1999-06-03 17:49:27+00:00,220.76423548202706,225.22993740355795,223.88994734929904,221.75625174128666,229.48966119074055,229.97889825998564,218.04174436468787,209.59903718252517,195.27026432611854,199.1944368040647,202.6497279832644,200.59641641183168,206.9270204059879,210.5984294116757,214.00547929243567,221.6517600759634,218.11115350446468,214.20649252135476,216.87964792787793,221.63103469293338,230.49315196313557
103,1999-07-13 18:04:10+00:00,224.40466691564558,225.40267469648361,231.58975950900484,227.46668274615672,230.53259871908648,233.43106246752362,221.39008610272128,207.5367788588236,204.6815179898485,203.80382780538167,198.6135766396552,204.13173827393666,201.75863315103607,210.47825750817978,214.20911891741036,216.7990749035713,227.63511292878124,229.98565772316766,230.0390629950984,225.4464369981962,230.40221373070884
104,1999-08-06 17:49:04+00:00,254.26211009914425,250.93192416781133,246.52964182889426,249.3986362780679,249.6804642176281,246.1411772985977,236.06197651547444,231.44879475141968,230.07494971196382,225.8293799778445,225.96453578530222,227.93041794883987,230.17397813360697,235.5445086408792,236.47901841020808,246.43770349849524,256.8403671356127,263.4828871212354,263.0753375923824,256.09738649727586,258.6887245240913
105,1999-08-31 17:42:25+00:00,250.6382856021492,243.74228708313865,240.49602124725948,248.12712672817804,,,,,,,,,,,,,,,,,
106,1999-10-17 18:04:19+00:00,238.65847250839403,234.94658006610433,239.23656926159276,240.6391220828498,241.20968357603212,240.83094133340714,230.61724608935265,226.4375642581507,220.37935214310136,217.44393589370645,219.03378411169268,219.89340421340512,224.16725227519862,233.28663526239015,237.8434415869662,252.43837318729183,260.30170506044004,258.7291727922046,258.92683940583163,247.12969171110134,246.02353712935772
107,1999-10-18 17:41:46+00:00,257.74013533741834,257.6713233867176,253.6381800813061,258.02230515462423,255.8827347737723,255.3009032021396,247.6020729763957,241.98877392753224,239.3769312942841,232.50324114195632,238.6000194775869,237.14045567425615,243.4570036895414,247.51093284872707,250.10827805287227,264.14195135426047,271.6383278495977,268.94791329287636,267.50196057020025,260.46009047118275,257.24296610947465
108,1999-10-25 17:47:49+00:00,231.36832420345388,233.4028067052236,233.53134147517596,227.64689541971245,232.88694134597398,227.16695577470978,212.43950899008087,221.75249298386876,214.65367073894515,212.5232176023911,211.62614298747178,212.21889615326148,220.68994160118342,216.86962180790482,224.95494936012324,231.99208776014115,248.76536461647004,246.2570925378226,246.60893324876776,234.8604327474821,232.78755878894108
109,1999-11-03 17:41:19+00:00,,,,,,,,,,,,,,,,,,,,,
110,1999-11-10 17:47:16+00:00,219.52663939554594,225.06690536517914,224.82890056447673,227.98433054781816,228.02562971701656,226.47541790629498,212.47892478885,206.27617842654735,201.95723618455924,194.78377935530352,193.92472791463274,202.0377907777988,199.55416807930635,197.70262070575967,196.14026014563666,219.38798573993594,234.68379849031044,235.29745005457295,223.53542971117272,211.1301283298839,216.72447463984315
111,1999-11-18 18:04:14+00:00,250.95306159213402,250.439062380011,254.4772870308777,254.07647691130458,256.329704891839,252.9028117459742,239.01656152786427,231.22030691499876,235.48279740601646,228.81699874149223,230.99971595814083,234.75519162937536,240.31641955345953,244.83677451384375,250.17725109050738,261.2227022660329,268.04890783060046,265.0673352605121,261.32814527177004,254.59324239572734,252.81041259275037
112,1999-12-20 18:04:18+00:00,244.53840695082022,249.247775394106,251.53671403925978,253.24637651704086,255.59587276848634,253.53445209488035,238.70649667209096,234.65904589029935,229.1030752902924,223.20286377244344,223.53791964087844,226.5385707637804,235.33861458603243,239.72822040443833,248.94669135795107,254.12063077294653,263.3617234028628,257.7421061405638,259.47232240486824,246.11731418900533,244.29565849109864
113,1999-12-21 17:40:17+00:00,227.9273738027185,233.35943369117757,238.12860665736738,242.49183837958054,243.37448573690685,240.09727750219167,232.43659695015467,224.6660426425209,219.8899777738748,,,,,,,,,,,,
114,2000-01-06 17:40:15+00:00,234.3229230721028,237.48198041860618,240.8474759208307,244.44538726160894,250.70114139338025,246.47562823234492,235.06847413447412,226.3981201137089,216.65418144502752,220.40039943573237,218.93296171915622,222.78822651351106,224.6881246714105,228.54104019309278,235.1153842476529,241.81679365831718,252.73827124326783,244.19844819913556,238.55709306348808,230.01061295213867,234.07166759898945
115,2000-01-29 17:45:46+00:00,263.39536159713396,263.3686290282235,262.9469973509193,262.7905608977567,268.3402374027802,267.274311856062,256.5488856983899,247.36503856814147,240.37836514662365,235.38490207548114,241.6428240725423,244.5492843316161,252.4007184052108,256.9916087578646,261.6632182851099,271.9436558785235,282.67754932871287,274.3621517686523,269.7792944317877,259.4802187518303,261.5069777773133
116,2000-02-06 18:04:08+00:00,203.7332238358445,,210.58380803885368,215.1509630710195,220.12204015866308,214.707217515609,204.90473060097617,198.3663257209606,191.70653720767066,185.89845506394985,184.06808402110244,183.12103008823865,186.85963227140178,190.26105144517055,194.3223895473289,,,204.69918768024888,,197.60161731433027,211.2943170462953
117,2000-02-07 17:39:21+00:00,207.5415908622494,,221.94605524990308,226.12797578627865,231.49543092399944,221.1536870893415,213.47200013562576,195.13863095141159,193.34641448309094,194.29409976057667,190.3626474325617,185.26673450729487,187.88445979332926,194.48994713126487,198.0835238548301,,,204.91927451623155,,198.75829543091925,207.5854597335134
118,2000-02-14 17:45:19+00:00,236.07062954434213,247.8496359443098,248.56838111899765,250.9554253088968,252.42337140436848,254.15501786849654,239.3290429814952,227.15255610451658,214.37723647528009,219.80004650936291,220.0146668993625,223.77351154875802,226.74743355969548,228.65388433282203,237.17593104870144,248.38741214669778,261.5581084174839,244.51011686254174,248.20765587008384,230.22581968949777,237.9430039001584
119,2000-02-23 17:38:44+00:00,202.36749310401123,202.93101938421262,211.13023476317875,222.5134513097858,226.3904371728529,229.72329000746734,216.9491593466594,205.2358250975278,,,,,,,,,,,,,
120,2000-03-01 17:44:42+00:00,222.0017993381719,228.83066621269313,237.27845739111237,241.56458086340263,241.60997383016843,237.29583218371152,229.47409321967342,219.54721670939057,216.06377839306123,209.2414061417138,209.31168257326783,213.47381814325075,219.0000610901779,223.55915610093007,228.2556598885509,239.19081968766722,242.55111234209355,236.37974282111156,235.0315748318323,224.08978804569296,234.09798212542398
121,2000-03-09 18:03:57+00:00,206.3136889213227,204.30130936836505,209.60932623047245,221.311641247625,224.03563885553245,223.34100349421743,212.24903458454628,202.21408410808283,196.45894843726796,192.86161521102292,188.1831226527733,191.17048447930756,193.26816360788274,196.4560310832356,206.63609841258892,211.45538855686846,216.6506424768534,207.88822021356933,210.7336039578587,202.01518118847963,212.02904645768962
122,2000-04-02 17:45:49+00:00,208.20526418876165,214.23362743852306,220.44791002917657,223.4852587863715,237.50800832236212,237.33921655194655,223.47025982206202,216.38418361994877,205.03758699871616,202.9444624293414,199.91843678562952,201.29779905688468,206.5750883592067,209.46073300035818,217.4875563514868,218.94468697465902,230.51000771541953,230.58500766869952,230.83009943148716,222.20292136608344,228.61501673368178
123,2000-05-12 18:03:30+00:00,251.5569656321407,255.5225344043304,255.88994503550705,252.13352734649715,250.02901492237092,253.79184024636993,242.14809012688204,240.73003118006446,232.81557709914313,231.13676821735692,230.67961255001978,230.39585406425843,236.3558133109384,243.5033976452164,251.39850501370915,252.6279973893698,256.34915407839287,258.4896471894732,264.75013580873303,271.3227297161533,278.94550689517484
124,2000-06-21 17:47:53+00:00,250.5656075397732,249.6882412550974,247.1848700063173,251.23322255822313,247.65549366923483,258.9112271108575,244.0359444968019,239.84774064389165,231.37456488323286,229.94754980925106,229.0788729056537,226.99759321319814,230.9541233624543,235.31042109460688,241.0049589469751,247.54760544644978,253.67819980258324,250.1035803822556,246.16410885312433,252.90271707665565,260.03700721976764
125,2000-07-23 17:48:29+00:00,254.95726045237035,256.66245989986663,255.70393805337233,252.17236886577822,254.52551822947947,254.35932824626607,243.67442321710334,235.33036759927825,230.82985027243018,231.5292515986389,232.00532911324743,232.61560714542895,237.73559643205223,243.00287722942355,246.68682095622285,250.88072688626846,256.45655904916885,266.0776947761992,272.86431459218585,259.147534907634,262.9751333072099
126,2000-08-08 17:48:49+00:00,261.7910465388852,262.73452181142693,261.47310985322815,259.1697118087771,262.43913793848503,258.3762550345783,247.23674971712438,242.4336632880712,236.05404649744267,237.7712997516509,239.68351676361638,241.65909511442624,244.72722707250358,247.71537315224452,251.78025151821026,257.1675666464762,273.21728075104255,273.01266773378654,273.2695327171031,265.05805433482743,265.2894352326194
127,2000-08-16 18:02:27+00:00,243.067134841881,243.9998248690297,241.73775000067195,241.7578823227081,239.01186272506942,238.93641361551508,228.47892512822506,223.8556974390002,217.0668963654944,212.4069476062401,213.54461706592963,213.1456708766779,219.36295128540405,216.30244912970474,225.73225893452735,228.13339592533555,240.00073945729932,238.28000276493913,250.50031006580554,240.8451708209139,239.2465263883242
128,2000-08-24 17:49:09+00:00,257.33232800682214,255.8131143001399,252.69199303662276,252.65613395456927,254.19252251267937,249.23719158402662,243.84965742071165,235.24988018870368,234.14713009005214,228.40724126164855,236.35177381166753,235.08184106056441,242.4955568524336,243.71787773741258,249.15074260980523,255.0365653928778,268.28002055188534,266.00494214600013,270.9018016707634,256.6556942415514,259.17079607508117
129,2000-09-09 17:49:34+00:00,250.54564504285415,245.55773103026905,250.8412625440946,254.90139352297356,252.3587419736103,250.7864266655124,243.2583404904651,236.31135745396375,234.0265866681916,226.57225498943941,228.31557315765815,228.35793957693286,229.72019191638807,233.1172833516685,247.1118634050084,252.79316088474556,267.8066429145296,266.2078613549774,270.9420106490098,256.2937156071795,259.44357872800003
130,2000-09-25 17:49:44+00:00,257.4072192584415,256.17485368657185,254.2939545872277,256.2329413568839,255.31871541256945,258.3204258725866,246.46874354342074,239.75355435525051,233.13097986403812,234.03754552527644,232.7702043068236,234.70542999932132,239.64335085055674,244.0735304775244,249.9843620977709,254.46676996884085,267.9236412661695,266.66859671720704,269.6909143770669,253.4840367049034,254.95627203335783
131,2000-11-28 17:50:36+00:00,207.92581307510665,215.15861255930494,219.19943885408583,226.4855287407653,222.46635813350093,224.05633591109807,208.19497866094804,201.31928703389923,195.73225362308892,186.68071460514636,182.49192725287324,187.93921246463805,187.61498499805634,195.47771130662818,208.7738669065428,212.6534511192777,,215.84950196107457,198.90811173190434,196.02584639689667,211.6193678401278
132,2000-12-23 17:44:51+00:00,,,,,,,,,,,,,,,,,,,,,
133,2001-01-07 18:01:49+00:00,222.31609154916688,229.66320735315998,235.47676867036282,240.03028036377026,240.18246721032813,240.38423571408384,231.24829353293484,217.68547736951336,211.03547501828652,204.2417167325167,207.78166344797856,205.6565580283387,212.14816625504557,212.46830972613822,224.2321594203475,231.02564671084878,231.2589996354668,219.46983686818038,226.80016692474845,216.08019632114983,222.23708839978602
134,2001-01-31 17:51:21+00:00,210.35450766707282,213.7811408837843,226.14680120239967,233.07723883157905,235.2948902151298,226.8637136041615,229.041864617155,216.25593593126285,209.97222415475204,204.0598616091574,199.1636064819212,200.60777014042833,201.29938355010637,205.13083177071837,209.78334345146843,217.197283547611,222.1849870431967,217.98404327652847,215.09698049953752,209.56638929571625,215.46134309180093
135,2001-02-08 18:01:47+00:00,197.9416936244731,192.9792781177385,201.2928516081451,204.76009833421762,209.78012255745134,202.0590554313332,193.3650658451654,180.2803184807983,175.04874850424233,169.5161050859049,164.7236874691435,164.09695073148436,163.30008761945095,167.24341400310374,,178.43612682979762,,,175.7082937807514,174.05891372408138,191.27270124726863
136,2001-04-13 18:01:30+00:00,244.12511876947127,247.92723777311218,250.8270311752319,250.70390280789542,258.3229251843885,252.66744935677315,249.30464335354387,241.6413944475217,237.63912495330837,229.12699555486302,235.65145498306032,235.30085603611394,234.14204261083268,239.44562906823066,248.8288273937835,250.02473316557558,261.1746598023936,256.4106799035774,257.99356360669015,247.20476374910015,267.8835862488156
137,2001-05-15 18:01:14+00:00,260.4943340920302,259.61478348660194,260.66233922625923,259.71936420653253,264.5501714009081,262.6706133490535,253.03382319264108,246.88624245605962,241.7559356541593,240.75441368129265,237.0628930669437,237.46990174060682,244.8003995201003,243.38775903254978,253.40582371643725,256.73465798926395,266.7267616287192,263.83831718781505,277.0551859838529,275.01282949165477,277.9912608909131
138,2001-07-10 17:51:47+00:00,252.05495885008986,251.54249602659496,248.62389377615258,250.63743856003777,254.2342476833487,248.904979451288,238.4976066357384,240.0508655528233,234.8869533950231,230.1409312328911,232.1755727171338,229.66116171806712,235.829803781347,232.76766357857534,242.82567178330254,244.95084415020116,250.6866922349779,256.48102746348525,262.65467397815604,256.0247596772577,254.31892057838525
139,2001-07-11 17:54:34+00:00,261.30732266571255,,,,,,,,,,,,,,,,,,,,
140,2001-07-18 18:00:42+00:00,252.92609980918135,249.0397663878349,250.88875635821904,251.09545244582424,252.1177476651444,249.1098609238673,246.43947704804347,239.51586317752748,235.91201239767852,233.22780653686385,232.08728522072744,235.81690953541448,238.1378549612312,243.1351405233192,247.20894329248642,254.5265410196572,268.28438254647415,265.5507895761356,268.711677604447,258.7191610716244,259.10400547917965
141,2001-07-19 17:45:34+00:00,266.7839735922802,263.77490439948735,265.82548223605806,262.38907457483043,266.0409445024752,263.51670718416057,256.6429670072887,249.12761033081568,244.16084673325034,239.6973295675062,240.5107988559208,247.2991183125015,250.20867224636646,250.33121800411965,,,,,,,
142,2001-08-04 17:45:32+00:00,248.4088837424695,246.06597201373563,251.40441778352996,245.21022111760007,250.1695368468563,243.34953556077164,243.46542263717168,238.25204520262696,233.95835652217454,,,,,,,,,,,,
143,2001-08-27 17:51:34+00:00,254.95020978080834,254.73122723480898,250.46778545464878,257.51320940134906,258.2220875063629,254.92366419338742,245.5440123666392,244.13838968385915,234.47979476992234,236.40632679803963,232.5759566454262,235.783700451311,241.07126675773003,245.12888171975996,247.77945657858783,256.9733233985979,271.2658187246304,272.0883426929328,273.2033131036032,263.78486382317584,259.21577978604853
144,2001-09-28 17:51:22+00:00,246.71747193485604,247.62375956040643,244.70355641880423,245.65443945600583,244.02588727131462,245.7181142905435,238.86793377469633,232.26335263047395,231.6576779752137,220.85500303246337,230.9535961969884,232.30051787589116,234.54094432490785,241.3938931676446,248.39321427715237,255.73241686810573,264.4274442237219,255.55250097585747,262.1513912288149,248.81519341091038,248.5426297830548
145,2001-09-29 17:53:34+00:00,251.12607688715718,253.14364307934,251.74833360807924,254.82064793280128,254.06894540756284,,,,,,,,,,,,,,,,
146,2001-10-22 17:59:40+00:00,245.5703524147296,244.57002078893169,244.11271080200166,248.44193870528886,248.02355677186745,246.73912946705008,240.1548862942554,232.6334870796546,227.9935898975931,228.14547029095496,228.21479180670391,232.59932308385322,236.52713900073132,235.53796071926703,247.26944242568476,259.7331279734659,270.0229118075985,262.9113298617816,263.0664978344434,250.61956138484567,247.75221777282127
147,2001-11-15 17:50:55+00:00,234.8135038231614,232.3956239180474,237.79352671890393,236.62161726167824,241.49050038750465,237.1646544127309,228.61890312278018,224.04044745617603,219.07822278754617,213.53370137193414,221.56753440539927,223.89527161297644,227.15653258581716,232.79982888237754,238.06224828218782,245.98776547294952,245.20554596213955,243.9559713529142,240.82685733041197,228.4240222302036,225.056781817906
148,2001-12-01 17:50:54+00:00,211.83770009766204,214.53890595834804,224.50183829643674,224.18036615244614,223.52776362212649,230.1369198452891,224.0241755485415,212.2082961810008,204.83690376642568,201.09549743925152,201.79706273183203,205.99393746757215,205.82864622113306,214.2648352508923,217.08109008228018,209.4993741509349,217.9345347433416,217.8389762283329,205.51663866700193,192.80162021972978,205.28502009861322
149,2001-12-10 17:44:38+00:00,,,,,,,,,,,,,,,,,,,,,
150,2001-12-25 18:00:04+00:00,243.7204096931079,245.54848362149087,248.57371235043968,248.0446259931278,254.5715407693447,253.47466321596326,244.21647512120518,231.17917430121474,227.66254179945128,227.97134834602366,229.24643504572055,233.37334997517934,237.17884539740737,240.81324815689717,244.17486683905722,,,249.60051436386055,,237.31391424203434,239.65804398089156
151,2001-12-26 17:44:30+00:00,235.08449058606115,245.0322787856776,251.59709391218252,250.04415925938818,251.73162652246248,250.90078020116079,237.62130118788605,230.69200479003698,220.11956688221446,221.2258096123469,217.41733266230116,220.54400738949195,234.66363641656307,240.53402756929432,245.98402802762473,248.58186230304992,256.99929860296675,240.64070386986748,,,
152,2002-01-10 18:00:09+00:00,205.54235385845152,210.35313700643968,218.54210284647075,223.88032646431373,229.71057144963842,226.8251634667505,216.6336234775279,208.0010071361396,200.21327462107925,194.82697433820016,186.69779274292083,190.05160752946875,189.54716443829636,190.87450510360512,196.54233719543828,198.55219108967472,202.566122144164,202.66742501790833,202.71354069887116,198.64831457178903,215.14680713356023
153,2002-01-11 17:44:16+00:00,212.36502099498574,217.4741164622336,220.4411995269952,231.56129893290029,237.56270093021948,232.38484003342512,222.34223426586627,209.65608251462186,202.77960116285806,197.30069390838648,,,,,,,,,,,
154,2002-01-18 17:50:24+00:00,199.1904799198506,208.91914995983092,215.21196370669622,221.23845439578665,222.43304645362576,219.48899145923804,211.5516186025551,203.75694481511226,193.98415652559464,185.86305546161668,188.71373430429074,186.6586732291668,193.37663057084964,195.1661962267501,200.6198334628064,204.23175058489545,205.25310647497452,200.40463445150465,200.28854844013347,190.03241276763083,200.32527980670392
155,2002-01-26 18:00:13+00:00,216.33362872188974,220.17425002616505,230.91360745932013,237.28895300322887,243.466358452267,241.35763374249552,230.87110685376024,221.05090396255633,213.09110684225223,206.6347307568999,206.37554384955476,210.22349811341417,216.09247163537856,216.9387940492568,225.74774577886882,234.937120175522,236.11551073958896,228.11456592606635,219.99409435782343,212.02904791177977,217.77868940288596
156,2002-01-27 17:44:08+00:00,214.54771198931104,217.8505039453717,225.12423116855695,234.5406698749198,237.14542598871515,235.9406122220974,224.96618512717652,215.97850176552333,204.8295904369749,201.3949517675859,200.13075532372272,198.00969575276832,201.90976408533018,203.2038086672461,209.36631896874653,209.9231252781605,221.02103195732508,214.11487899553586,218.18142292794357,208.3468199023845,212.59649253252923
157,2002-02-12 17:43:48+00:00,214.50304510143206,215.24614351517084,220.36196739127007,225.44722676584772,230.97222176162393,229.70429748449402,213.5446142695991,199.64527844273925,,,,,,,,,,,,,
158,2002-02-27 18:00:20+00:00,188.59812444204022,193.92220431097826,209.18482985798715,207.772951399568,213.8841745582816,206.7322879652283,195.57107403059058,183.07842881761536,178.37799541410538,172.30885939865067,172.3824567714824,168.98475071983407,171.29713266692053,168.4106824794023,177.9472595916415,180.88744366176334,,,179.46184881786274,182.9949175543045,198.41334652475382
159,2002-05-26 17:48:05+00:00,238.5110866043756,238.59887705937115,236.6121765659824,236.53291465691768,239.6909460785795,237.28218894352062,230.41605218164017,221.4056834699893,217.82091974407933,213.85352335305646,213.69738532516834,216.50295222098396,225.34968191174428,232.1972684213846,234.51672698755831,238.21622243204524,246.1622088903911,243.86098157732079,243.09184425496926,237.5330785066061,233.27570974129023
160,2002-06-04 17:41:45+00:00,275.90412828395984,273.20286228791247,272.4424116359696,273.3646339977817,275.89904696242365,275.35840498434106,265.6189662821391,259.70667580102395,253.2105426634501,254.06530305882364,252.34045811443292,256.9992074371469,259.48722207288506,263.0674426941145,268.4124113809304,273.86133322426394,280.93731870419657,276.1530779691847,278.4102988889561,269.27945440148665,267.8083375335068
161,2002-06-19 17:59:52+00:00,,,290.0591751714247,288.08481675083635,285.02162256011025,285.90691948647185,276.5649878332931,273.44014642828574,272.81659657560715,263.53851005573273,272.2027747845409,268.56477896379437,280.6363857157308,278.52363632070535,281.90803988292333,286.8832774254333,293.21303924829556,290.1405070812378,300.65239082489404,284.90880970927634,286.24198682113064
162,2002-07-21 17:59:39+00:00,248.88347688233202,242.08738547794835,239.82017686388275,243.25282544228259,241.5112025640309,239.95241009553877,230.0840569456367,228.92830150547178,227.63348016922617,232.0016842067349,228.8764710366915,231.49082506650717,236.0057965891294,240.5980336485777,243.60161821675092,247.1099729121235,256.0658638872314,251.531432752971,265.89197971797466,256.15425067222884,249.7279780163612
163,2002-07-29 17:46:35+00:00,251.3354002901912,250.42457220516414,250.3779276707736,251.4192742819729,248.31759758380883,248.81031390964242,240.23033362328277,234.68483179687223,228.33453875261046,232.34305027853023,231.29442261781253,233.94241397738398,236.50810535439518,240.1192162797567,245.28661095069327,253.5496107559987,262.1599001441412,254.61400771288967,261.62011666439383,246.40463775966748,246.97300566328497
164,2002-08-07 17:40:07+00:00,267.23711852017567,266.85826825508326,266.29139855766044,266.16948900202914,265.68710288665756,261.67054104306493,257.04598453357386,252.5087270386881,255.5157183344084,249.90575473068424,252.7177193168711,251.5158354572317,256.6332635052782,257.71799229166527,263.1613307583703,267.29081094660626,274.8703855275671,274.91985094572374,,,
165,2002-08-14 17:46:06+00:00,257.66395928009916,252.08977290754905,252.38214126256534,251.8166186453182,254.46995025839524,252.4698901683898,240.97093879046002,236.85562243943747,233.09132106798893,237.4039022727868,235.07229419163488,239.05478145098243,240.0595881675313,245.84183935222478,249.04507280677345,254.50844698052666,264.26829367425324,262.2327285557476,263.0014035945579,247.7185109437478,249.8499171503128
166,2002-08-23 17:39:36+00:00,,267.55916209216605,267.91453248335233,258.93027643751395,261.6427752954844,260.0686847236733,248.97838645474835,241.80881948478373,,,,,,,,,,,,,
167,2002-08-30 17:45:36+00:00,256.0739594474851,255.84705931704738,250.92148972609922,253.5728176610892,256.0441299754044,252.68024273094213,247.7241402188962,233.63651203620623,236.5818258453402,232.26724303103614,236.06601504444075,235.96362032273618,244.4204568903995,241.30767832866394,250.28756567385048,252.36720607646456,265.51259601618904,260.49474601682834,261.85006513558847,249.5559625613591,249.95817833583428
168,2002-10-25 17:59:10+00:00,233.77305990721203,231.50798809820617,233.99076876680317,235.00141707350576,236.90296618569192,232.8315895014589,231.2995828896793,220.5909361847294,217.78199062661037,215.05127035082532,215.15905253552313,216.24146302977584,220.07842126039804,223.93533275567972,234.7150338042996,240.86264375447544,247.53463268730263,242.09090327208548,241.9511854294335,231.56732159227676,237.58193555917543
169,2002-10-26 17:37:51+00:00,247.39161189232013,245.7206807952106,248.4851857896995,249.6781847308532,256.5564351921599,254.4443891667448,249.5885189917009,238.05473959544906,236.22907280990205,232.22377035473696,,,,,,,,,255.71395367105157,,242.1639055328102
170,2002-11-02 17:43:50+00:00,237.51638911963335,239.9850909047292,242.88216031260586,243.0591998013764,243.1243318649455,243.25511843407259,232.4171710983532,227.56188909316919,220.1914510446292,218.36004987275734,218.87191552552306,221.86243740267332,228.63628284918826,234.21458250064344,239.6768161260478,250.52178079259193,255.7703849858765,244.55930059830428,246.34594934721213,233.0503275366971,233.9497336113341
171,2002-11-10 17:59:15+00:00,212.09361273661426,218.5898824491445,221.85845360911523,223.05398375676157,225.90601418464496,219.68644071560337,212.83892767648769,202.85949235767606,192.23313072885986,185.2103770292657,189.88952408396403,190.37296249145615,191.9247863082993,189.36306956505985,192.34836563628824,196.9674309539861,181.2882122373759,186.31146219003705,190.05385805241463,192.14872757773156,210.85180562196444
172,2002-11-11 17:37:15+00:00,,,,,,,,,,,,,,,,,,,,,
173,2002-11-18 17:43:12+00:00,214.93974102545695,215.86883055048122,229.97454502680839,231.2207035434754,235.8155403524278,230.68444353580537,217.88758125168815,206.95245042986562,197.67628356292698,196.96196416072553,189.09876555400018,193.70365519940003,199.76510913316986,201.66792074241778,202.5547952912235,210.14446060714508,200.5011144234269,198.8050148673364,200.69894535238683,197.44162270065206,207.27747550384615
174,2002-11-26 17:59:35+00:00,234.93284475766075,,,,240.12738758367448,228.8509143984793,218.63559693145137,205.78120855677437,197.3565678092224,188.71791995461743,192.99914954389016,195.44583620273806,194.029600371578,198.89751489621213,199.73624222306168,207.84849239905566,201.48353678684276,200.0456120985317,205.1021617152919,201.85437789789165,200.99507817429543
175,2002-12-04 17:42:53+00:00,198.968192751166,213.56126885970923,222.15238864326662,222.77402811098585,218.3087656429346,219.8645513991917,207.56532256740434,193.0252125252411,183.09695280727163,180.6309484806684,178.74796168133417,182.75870407367267,179.88244257186707,180.61815737556242,179.6526896460545,184.20787907861336,175.31385027731488,177.067141684971,181.70344886873687,185.90949077918856,199.9833801690506
176,2002-12-12 17:59:37+00:00,226.5123995781985,236.70138349979902,240.11000883623797,243.46689183903138,246.68886202681296,242.71327950243386,232.67313802637136,227.51303147057672,218.26103343525347,212.42787937255179,212.73328109164908,211.52291965958221,218.38252950679473,219.29622689017575,228.90117153523033,224.1428835617179,233.17082016610937,225.58828808595706,223.77218223059077,212.7116196729858,218.9365448587233
177,2002-12-13 17:36:35+00:00,,,,,,,,,,,,,,,,,,,,,
178,2002-12-29 17:37:13+00:00,212.42338807066034,215.37880978289974,226.00549345763633,241.80998585560042,247.47998605082498,244.33970970796162,231.99669836217322,220.92217749001694,209.88479767258667,,,,,,,,,209.16615680170648,207.1818625236092,193.25608399757033,211.23203590007398
179,2003-01-13 17:59:47+00:00,205.0889897249184,207.4746074194207,210.80865198177435,219.7272391039475,226.14864598511826,217.96776306638372,207.49733761095092,,,190.97122545414345,191.43182655582947,195.48789313799068,194.86433099245167,196.41603392771094,196.66479241032962,200.04033126327147,201.69243151021126,191.59557002878967,187.49782658560292,183.37683093325862,
180,2003-01-21 17:43:53+00:00,196.03817192983837,197.22738165937432,206.18358518962924,206.48536070477124,210.44886577674373,202.47760247976538,188.26849227104265,180.96660492848815,170.72762299477864,162.70891666354393,163.80895746436622,157.552746306976,161.24570885900053,162.44809256463031,159.98329479890504,163.63846546173556,164.47658585365534,162.7327547415064,165.38030348979277,169.85826296248945,185.42649247688286
181,2003-02-06 17:44:14+00:00,204.40144228994035,205.9666450390292,207.52058839946812,211.72749555276047,226.13121562917783,219.2840324523608,207.32275233975398,199.81945225182514,196.24219716595613,186.94074964154714,188.2326196742605,184.58437252684865,188.74399639462837,193.6701827189111,189.9642962822777,193.77096000629035,197.82740903784622,187.8442060599974,184.01905915557336,179.3777859067945,192.4695828957366
182,2003-02-22 17:44:37+00:00,199.77569837675074,201.5442458680649,207.71019819621088,223.11990000776785,229.9215313088744,223.6256248156552,210.88555625543935,202.7086016120635,201.70172693853038,197.6837466702126,199.7845640104906,199.25680540336472,204.47510755066193,208.7881559382774,206.68563345058953,203.4305282215077,217.59454119933258,214.3364064232611,204.70690917700924,193.0685525812097,199.98664993571577
183,2003-03-02 18:00:05+00:00,203.4328247269521,207.72850845986508,211.97228797692298,216.87285434242372,224.96048101497058,220.3011188487395,200.72124036796507,199.4728875900537,193.26845216626674,182.81507810329083,179.63836441153643,185.55308487710704,186.84254975917653,188.91806693536603,184.6269543048551,185.85023293322578,193.1996638150191,186.13754615013994,187.1771809514999,186.9564794502901,200.33633779884482
184,2003-03-10 17:45:04+00:00,224.54971661796515,229.84311031325547,237.80253971511723,243.56462030554798,245.34788267619177,243.78365697839257,231.4416320617675,229.8916393937941,223.32717730974412,221.29000772483442,218.93680468434803,220.41878639500865,221.73206038684327,221.7236172377552,,224.06804917820511,,,,219.63929605444997,226.17755051838117
185,2003-03-18 18:00:05+00:00,193.3009306238808,195.54349721701396,202.62638999569083,204.58269407449535,209.8890720067474,204.86887389473435,192.1836202190929,,,,,,,,168.37375485502847,,169.4232967222688,173.91960271074328,178.49430189231458,180.64581665393916,197.63888750564666
186,2003-03-26 17:45:26+00:00,241.1376983570456,,252.20531874657772,252.2858969537229,251.4506844009158,256.41367335758946,249.81872166146036,245.26682188801854,236.60890326316962,233.61820120259824,230.57345159500434,233.18979881482727,236.21286115909464,235.36246390902969,,238.30341532362795,239.31716528701617,247.55787741175067,,234.3296886742249,241.0348665202094
187,2003-04-03 18:00:07+00:00,203.90893948334283,206.65603571105754,212.90937144873826,221.0641023192592,224.44082991927257,226.37439497229178,215.11228518122846,209.84522984807506,200.22280556154323,193.61616131231,193.77853501869876,188.6996196008749,193.34253256232432,190.6934168979151,196.83658047882363,192.2432408260698,202.16817695739036,210.35944399829435,207.4516597725259,197.04660227242238,207.91418921048069
188,2003-04-11 17:45:53+00:00,232.38612532509066,236.32786667465118,240.64984154368977,241.75344230051888,245.19324514462969,248.91186947554138,244.4569292164341,234.69201624139822,225.10812372716273,223.70365460861882,222.84155100710984,221.1869461979393,222.54386536583917,221.704123492542,224.13884146290866,227.39850627955454,236.32550615826767,243.45608390787223,241.3119924977635,237.63463982444503,238.90725872114126
189,2003-04-19 18:00:07+00:00,199.31329813260987,199.96111732422685,211.90420924628415,216.466118989041,221.7560877693511,221.00590022091177,211.20457318576376,202.1624281836264,196.37133630182043,189.10283140841392,189.65533380625837,188.7536008352259,190.38299425909787,189.65173087285936,193.32866833004547,200.71380820472547,203.58513446173436,202.50092870200197,204.81162580011718,200.02506389906273,202.2049255527958
190,2003-04-27 17:46:15+00:00,213.59942181918524,213.62515636760745,225.1156696514599,233.10915808338098,238.60650497773838,234.8198738391098,225.7556749412653,220.97794481964456,213.1116178982657,208.93026102809415,204.1266037116551,205.02609445481255,209.93336993651877,211.7394032069219,215.362138190944,221.90254434122255,232.08661166469915,225.83300896970394,231.09700992951588,222.74251114209085,225.16383441306732
191,2003-05-13 17:46:34+00:00,231.55884608087553,235.8623907819977,236.79201761619495,236.0953232800279,239.86621196788627,238.8591335919803,231.38202325559092,226.29928132929086,224.4289924808993,216.62496710609273,215.71137984148302,215.74383018910905,218.94104974545738,221.8208400801782,228.02946042451617,231.35450013565924,238.36228838800452,235.5790949494276,237.1209952953809,233.48842555165822,229.77510958960536
192,2003-07-16 17:47:48+00:00,219.5776053186624,223.83772738422118,226.32451983737434,226.76445495217735,229.25193174296598,230.87656790443742,224.20527774718224,220.45431304476563,213.34942405917252,211.43754451483233,201.76097523966777,206.0598179125282,211.24915766666598,210.0563511998667,213.75704353599448,216.85577432873595,224.7124881195106,220.06186549658648,228.51463674621166,213.1103267876427,219.81999008832307
193,2003-07-24 17:59:53+00:00,,248.5236125426119,246.5226574475676,245.37022318299034,,,,,,,,226.8303367437557,228.82401042734455,234.76703440579172,234.07785741587148,240.2732068201525,243.0730630925014,250.3572901256561,254.53507627361148,245.58225306948313,245.48694963691656
194,2003-08-09 17:59:46+00:00,257.7933494307812,255.99100206444555,255.90903185306658,255.44761438199964,259.98292609758494,251.09884122455713,,,,,,,,243.63800997247142,246.6919224876412,254.07377573508649,266.5576718832742,261.4000582824069,268.9827779160312,259.54969460663585,259.6373027513817
195,2003-09-02 17:48:40+00:00,248.850253084625,247.54719110906288,245.0572999086529,244.12329056381802,245.84134998191195,247.97591220105537,238.98078842575703,232.12638441465742,229.83023815166166,224.2952592044849,225.29295246683597,222.24826522313793,226.53738194471885,226.15070059680752,229.6549988963083,234.20373605690168,246.23613926292091,246.13950463329127,244.7357357678331,236.8774243348014,234.35362339977047
196,2003-09-18 17:48:57+00:00,255.7079609240299,256.3041547156818,252.36800646803223,251.074099624667,255.14337869031286,250.76333566835834,244.66773379555477,237.2660120990277,232.5179803881144,229.141662936925,231.6949818201312,232.72581474746275,233.72702919680108,241.11550605712227,243.20011172154258,249.3036361593052,255.36024204580391,258.18362836183326,254.63104927526157,248.88423041660246,247.56508243804905
197,2003-09-26 17:59:34+00:00,,,,277.9596765632717,280.7809217298425,281.07736093033014,275.56559688409936,265.47963598536535,263.74715120299766,260.05524528901714,260.43183012743174,262.9390905011213,269.8845282721096,270.2308921629606,274.9526108384925,278.91432664209185,290.20777873746465,290.33720188426236,,283.9397523059746,281.81940958232803
198,2003-10-04 17:49:08+00:00,254.61613597040014,249.50936896936497,244.91701556464454,250.09996424127178,250.73575718639577,252.20180707285823,246.10216555282028,242.792801447886,237.6497285611777,233.06226648340697,232.24266304743398,231.3065395431094,237.96991008337346,235.33478802654386,245.15499893331477,245.9119487522966,262.0450550629516,255.22115063645282,260.05677531282026,243.19556053928977,244.58098328826284
199,2003-10-28 17:59:47+00:00,222.0893098154171,226.44315384400556,228.49628021460433,228.19164547232904,229.5856029958256,,,,,,,,204.91265147088058,213.95692638729375,216.40773605974908,222.4558851671236,222.77605645006483,,,213.8865704323533,213.50596993036464
200,2003-11-05 17:49:24+00:00,256.91531303667637,254.46430689516382,260.7755042302553,257.9760203274758,263.25777251621435,259.29692764904996,249.86558671929362,242.2318070308271,233.7281916097847,232.43530800645567,229.93434468376807,236.1145995732691,241.42558586473035,248.13712702339856,250.46616305486413,258.8772462953893,,258.1410100689082,258.8577104632211,247.1781162369803,247.24649506519958
201,2003-11-29 18:00:03+00:00,249.39153718201155,246.56246645475392,247.93654655032046,247.77742051793152,252.42212177289045,249.13391319361867,241.3970380587361,235.64919144220727,231.4785256480779,228.87383340028947,230.18396794801959,233.97975564440833,231.27386763246136,,,,,,,,
202,2003-11-30 17:43:42+00:00,,,,,177.583589550166,234.21563392955153,262.1731370153557,257.5302605590257,249.30338899320776,248.5515412103599,243.5342937044348,252.06889046530458,256.063883590544,256.036613098752,,,,,,,
203,2003-12-16 17:43:48+00:00,,,,,,,,,,,,,,,,,,,,,
204,2004-01-01 17:43:57+00:00,,,,,,,,,,,,,,,,,,,,,
205,2004-01-16 18:00:20+00:00,229.76409413769534,235.400312133161,236.80322286957204,,,,,,,216.50670600229344,214.8278167563289,216.43748729909555,220.25517164510507,220.51452636594922,224.73159325992583,236.5302275507623,239.84796778907707,232.24291921121102,234.39654846820326,224.7044866164066,226.8254722341053
206,2004-01-24 17:50:12+00:00,198.71110265640033,198.0254084755266,207.02783651743482,208.35061358946973,212.3001249550838,207.21236363566908,,,,174.98619759158345,173.86163829527302,168.15022090949515,165.8680332105003,173.90673139937363,167.38714001995115,,183.35266449819207,,178.60630801972258,184.32181128891435,192.64633553169557
207,2004-02-01 18:00:28+00:00,231.5339362666575,238.92138191801592,244.038624129714,248.1772939568997,250.98827264637893,248.01087386280483,236.70090940838463,230.56526831997337,223.61451657585042,211.2061932513011,,,,,,,,,,,
208,2004-02-09 17:50:16+00:00,203.75003481043103,201.51911038632454,204.74156646568667,218.72226131273564,221.5215694609638,218.81991289768368,214.25646849031662,203.0106566440191,196.1863292313622,193.21009862565637,189.95158390055445,186.2198593514048,189.08000638556058,192.24558403663485,197.0059003010274,200.6853083450709,205.84905144963687,196.7176860878904,201.35823809806814,197.6699786549466,202.24926091873095
209,2004-02-17 18:00:29+00:00,228.91026275251326,232.61940185313384,238.42586208918004,236.9400518076401,,,,,,213.54319164599625,212.19467999996937,212.34413095820065,220.05938810182,227.6500253087697,234.45041801235777,245.15934659643793,243.59102435684355,238.53224128389647,240.0071451886697,229.36403032330207,234.52362005633958
210,2004-02-25 17:50:22+00:00,224.2489252617184,226.36465595260037,234.87537914894148,236.95469962012697,237.3073059286987,237.85226417615024,226.00317343593196,218.52818282238493,212.34885542907676,212.01564571138408,208.08043956093243,210.89110536435857,214.19744160867532,212.26717905485825,219.94351533576412,224.01514014104924,225.93611653649833,223.09464867604095,229.07277477888653,215.28177875568983,222.29305585612826
211,2004-03-21 17:44:19+00:00,,,,,,,,,,,,,,,,,,,,,
212,2004-04-05 18:00:37+00:00,215.44390233320425,220.4173331630309,228.7915071291182,231.82319682985388,231.41353638802153,233.13831936046182,221.37899431964217,213.6434883784631,204.67370318781883,202.283103976475,196.02974718733236,200.8341287058207,204.07249853428797,206.1963987019231,,,,,,,
213,2004-04-13 17:51:02+00:00,254.33519399878122,260.4720772914867,267.23597375060956,265.815931282073,272.54239811115724,263.9516251570325,257.03069941568845,245.60422737641542,239.78032217536338,238.90319952538795,237.84593125756666,252.90709680152634,253.29033632946638,258.48075722618296,260.2534705384937,268.0203447360637,269.7342545197462,273.5846717023038,274.64820252036776,268.60840885845585,274.0475554407614
214,2004-04-29 17:51:28+00:00,237.0531615365191,245.7193809123399,245.91400628182998,245.19066058104184,246.9554806722976,251.27534868701972,246.03212504158878,237.0880402055285,230.8965385399905,225.8657208806378,223.09307277061967,229.13440325599936,231.23010810358608,234.74249322619846,238.33868491109217,245.20956391158364,252.46372383473158,266.7275107370566,,,
215,2004-05-23 18:00:33+00:00,247.96363904511827,,,,,,,234.47152289646786,228.73939766788033,226.6408957855961,225.93901183396392,230.11362544567402,232.6753673229386,234.80731619277918,239.17813677992592,249.2596183887161,259.58817253131326,256.6589476814621,256.335886746408,240.9561231976411,249.90588356679433
216,2004-06-24 18:00:24+00:00,251.5803974645329,253.81409054434886,253.9270932152943,257.4927333498652,257.2044195432904,251.1902541378567,243.60298579426603,238.91774444283215,235.00936526358964,235.0805219212431,237.6797391929301,242.063420510053,246.17399466829303,242.966928553004,244.71148649159164,247.4143018359249,,,,,
217,2004-07-02 17:53:21+00:00,243.03772822718588,244.05627305405295,240.99179513360528,241.58910461398634,238.9273796138742,239.19284085207036,230.8787571900279,223.2965772941072,216.91623595012294,213.52873958488158,211.93534657342093,211.88365239426324,217.00993482097783,215.9205020785376,223.38024288392285,227.93561264292254,238.0262949171506,230.24640790602677,234.4121378221025,228.06685040130753,231.7303690764109
218,2004-07-10 18:00:22+00:00,255.72345116152286,252.80567601880128,253.1124015731897,253.55479560269987,239.73750437251618,,,,,,,231.55846733410178,231.36320898957706,235.237323475162,240.93887879218173,252.12625236182686,255.80000010214738,253.11909408719055,256.93288887265714,254.82958409794136,260.49869124085427
219,2004-08-03 17:54:07+00:00,239.764288591156,237.16375741030953,237.334180462273,236.87175283012567,235.48738956671247,235.756051056388,233.81434716448567,229.48681738804643,220.68740572121192,221.26924210528483,216.8557420310043,220.21573212746551,221.43841093398606,222.54161322366173,227.15473926844663,231.66946647098976,244.6793040434932,240.0551886989597,242.86994256724606,237.18685645018712,240.0693276594665
220,2004-08-19 17:54:31+00:00,246.8175238011538,251.2396873618809,250.74960996296272,245.46489561218237,248.87482682006055,246.71182793754463,240.12330831464462,232.82381920764345,227.83730406450684,225.2266306725622,223.00994642367618,229.69282885718195,235.57260471645446,234.84868240393905,241.12987082128382,248.9742650838172,258.56572566284206,253.7306102713796,258.6366771553028,250.33324390019257,245.54510228386263
221,2004-09-20 17:55:21+00:00,248.51291614779882,241.2756996775322,243.9840659415246,241.24379425376492,242.30380987999382,239.01878185386573,230.55978701162803,223.47993647473214,218.303103855788,217.4700417955444,212.70648135151583,221.59589400340278,221.23365914973627,228.0406798573403,229.35084914850398,242.51201310232622,250.83932061394972,249.69041697626602,254.19502847468544,245.4562546359356,238.42864336863724
222,2004-09-28 17:59:58+00:00,240.68966035965508,238.21472280966768,236.29714152465323,237.90040145248184,235.91862351431791,237.1888196416596,228.13030515183843,220.96083951157155,218.49468439976488,214.84566402436732,,,,,,,,,,,
223,2004-10-06 17:55:40+00:00,257.2912073872234,257.1136748880944,253.82399335823587,255.16647462712316,254.29798886528246,251.32128455359006,241.8519202862013,233.60668612007973,231.4585431076602,226.62454924161602,233.792804071557,238.08706079168337,244.0076489937141,246.79369339833104,252.9215162279355,257.31809804043354,267.991391006178,260.9284393421523,265.4822550311641,252.15504538540713,248.15682132720156
224,2004-10-14 17:59:58+00:00,,242.1162020504814,243.8987047670524,240.5627301351949,243.08712998951594,243.51860323269042,232.5800126357003,229.22732330553575,227.4069926169198,222.80651903762424,222.36595383598197,226.15602363445788,233.44440517606697,233.36825710839668,238.14681322626188,245.16046977538753,257.5115340703379,248.72112452713543,251.5035454418787,241.61485264832663,236.11820571155224
225,2004-10-22 17:56:02+00:00,260.9294528232189,258.2605547763819,260.0750743534152,255.60400250222912,257.99724319125653,254.8272949352288,247.15656093557743,241.75397892199203,235.0958549002213,234.2866667961897,228.96541537667133,234.63440536988847,237.30174001886942,245.00340332808753,251.08195528695455,263.62396924805546,270.55163439946693,268.197314071964,267.09546223463144,256.1868859216102,253.1564902100186
226,2004-10-30 18:00:13+00:00,,240.57169366175168,236.7237641798539,236.66915472715976,241.85958512099353,238.15993028244702,229.99049669344754,223.5655042866403,218.0813867089846,213.9347878004213,218.3456126008029,218.59856127997602,225.510844275944,229.08884181064843,232.92666523026716,241.4793103889515,250.31356567553902,237.73009718196906,241.33393367889923,,230.1946453336953
227,2004-11-15 18:00:19+00:00,,219.34390437692468,221.39260351945978,219.76430993936307,219.38771541325002,214.17947080615232,206.45249145634338,193.76930238453235,,,,,,,,,,,,,199.38567772000943
228,2004-11-23 17:56:36+00:00,259.93561199172234,258.3845231384276,258.23851474873084,257.1914962609707,257.04878801779546,259.68293675133083,250.7889734950301,247.71523439259107,240.74147206682088,240.55986129281183,241.7561006535517,244.87185616942182,247.44869205741173,248.96732373719271,254.8416799629657,259.5162273953747,267.51838442645334,261.0722717202939,265.1130392554562,250.68376414084383,248.666516185448
229,2004-12-01 18:00:30+00:00,238.16486538017006,,,,,,,229.38546099178333,226.33338444255224,223.03482220484926,227.3773729780782,226.39959091527555,233.2142751378156,233.41529005458898,243.81202029167605,255.06128764095132,258.4661928869831,258.0933932961515,255.6833762339494,248.04808868790855,243.64888467076736
230,2004-12-09 17:56:59+00:00,253.02979934835028,254.67140940668105,253.91097595847526,248.05029347061023,254.37790426036787,252.92575892773326,239.69377925792742,234.220506723256,227.93359339342058,227.6070228748821,230.61648390633667,236.57488822343961,239.5940217885325,246.41868043230915,250.25453801749785,254.4975832519869,257.4601557400579,256.32176949812856,258.00928101901525,245.30746062036582,244.2386828385781
231,2004-12-17 18:00:36+00:00,,,,227.01211178221035,229.24572300099467,229.88900900590994,220.32070300138145,216.10800964794288,209.37853911269963,206.5397646378205,207.09191587696395,212.75106127839192,220.76551545479185,218.71424734391866,224.73071613073225,233.58526773850474,239.89160566800805,231.14534567395785,229.20385967931773,217.90837730620268,221.90253957432193
232,2004-12-25 17:57:15+00:00,228.48060462748032,233.1374335689434,235.06580443813306,235.48014543375928,233.8661246020358,235.5206373981723,224.9430881153165,219.09269761246517,209.56078838356694,207.22796950396688,205.25872466970804,211.07453263668572,218.2637550590802,221.4078401736818,230.0713188297671,234.043957243811,236.93046388831175,227.19032612683117,227.99594723545056,214.62278328719515,221.4596872626791
233,2005-01-10 17:57:25+00:00,206.04447765719198,205.6909923919363,211.57477715242808,215.84733918558726,218.06691665107888,218.4485462577918,204.41386478523583,198.76227723499085,192.95563385164115,188.80652979542273,186.8024156909434,187.4454740688053,189.35400760891628,196.00872713160587,204.32706164916226,206.6839910085733,213.06928713905302,205.22014060326822,203.24316353071268,200.09040972317,205.33877302709814
234,2005-01-18 18:00:47+00:00,250.44102265273017,,,,,,,,,,233.57385759186747,238.137857071803,241.79799344691511,,,,,,,,
235,2005-02-03 18:00:52+00:00,221.68466179468936,,,,,,,,,190.55211378052218,197.87840060221632,200.912249686098,233.42182208971843,,,,,,,,
236,2005-02-27 17:58:08+00:00,210.73586054641584,219.0407896496393,223.2156337501697,221.58282095394821,225.42318530332662,221.50172998797785,213.1803799686622,204.95958615453094,198.01319954975102,196.00504117383025,189.4591150566659,192.21765034441293,195.6870491890891,205.99194467368537,208.90768901954942,215.833528325458,220.1377270330295,216.0814718831243,213.44347187242397,209.1130357951429,214.05300203877158
237,2005-03-07 18:01:05+00:00,226.48189651879736,234.71764467483973,239.6182884075605,241.3339061923333,247.4445833625677,244.85468854644006,232.13254316634902,223.50769682693092,212.42729001174916,209.62492138966726,205.39481710981062,206.6274435470283,208.96827349090478,211.75539708267706,,,,,,,
238,2005-03-08 17:52:05+00:00,,,,,,,,,,,,,,,,,,,,,
239,2005-03-15 17:58:21+00:00,206.66319554564484,210.30243230074,216.32912760495725,226.0768081627304,236.91719197661604,234.52636174555212,224.03925128718612,218.2738041426978,207.20986180171855,199.9756175650001,197.49534916373705,195.89626612552524,197.93372031432108,204.93405990931763,208.08497346799055,211.08410139042564,222.86530622985654,210.65730365434848,216.46167093648285,213.11406016051902,218.32182921768353
240,2005-03-31 17:58:27+00:00,235.1970843213872,237.5105723289813,243.66669963783374,248.99488127589623,254.23477400449138,248.69279228851758,241.67282509921245,234.3775049902117,228.03554412839804,226.7946432997016,224.88782528611063,229.1746659292798,,244.28036267860676,242.72111101808713,,256.98886186903434,,247.4195674856843,241.41476408336115,243.69790530227434
241,2005-04-08 18:00:59+00:00,198.4285014595893,200.00611703106156,204.36720724262247,,,,,,,,,,182.49601442324274,,,187.2215967485769,,185.9839225506965,,,
242,2005-04-24 18:00:56+00:00,209.61736015302756,209.969885105399,216.96444748387876,223.75178706664101,225.30106765319607,223.50966427261676,212.48441670904268,,,,,,,,,208.6539531052855,,210.9754051140687,213.9878007988827,209.32683505082122,215.46137267838236
243,2005-05-02 17:58:35+00:00,252.45667192037456,261.2205457750345,262.14311948753596,256.5805246739889,254.63948486119307,251.64767209153837,241.147379369203,234.02380817637652,230.52736453712322,232.8386293012622,235.72427036488992,239.008130259759,243.98084261325664,245.52257086743924,250.15870734135586,255.7289897167077,255.55214529990783,,271.9355278075989,273.9469428273418,280.7380004920203
244,2005-05-18 17:58:41+00:00,245.9456618479536,248.1828243580489,249.92958145802066,252.43650193411207,250.81178035635196,246.5701061478528,239.2860874872128,230.82432332187406,224.43692486644443,219.12126973373225,225.53745347519956,224.43957938952963,226.38950379169557,225.95080448552727,229.79598451786157,235.29874014753452,243.04349060930332,,252.95699747167424,255.8441390472206,255.16771718112773
245,2005-06-19 17:58:57+00:00,234.44218362937318,230.66260487515217,234.51192609827137,233.3066340061576,234.24279274273,233.7853856053242,222.70418786550061,224.37672315009718,215.39352025169015,216.41277108800833,216.46941027567692,217.7693157020313,216.63126388870944,217.52268861555712,223.12141721377395,226.6381069904432,233.51451149964637,232.6740295282472,232.25114298796538,226.61892376206015,222.89079186911312
246,2005-07-21 17:59:13+00:00,237.04636375322036,235.41103528990254,242.45257458391535,240.01163718384228,237.82613015452858,230.22069822145573,227.72331506980845,211.58539002040442,191.33885594039918,182.93531064122422,183.2757100923822,,,,,,,,,,213.6853803486862
247,2005-07-29 18:00:47+00:00,,,248.64664026521277,251.26642942083765,253.2663636137097,249.37098333194265,240.6246068522844,232.76512795963305,232.48686305055395,230.82847347634598,227.15588403325881,230.44876940580193,232.473654024156,231.4322078616589,237.4100314154959,245.0460222392228,251.71140142436568,246.6176608256107,251.70251220448654,238.7155411863144,237.41136156054446
248,2005-07-30 17:53:07+00:00,,,,,,,,,227.7364453777642,240.22845175885038,239.98158275826881,239.04410359571233,246.07589596634716,239.6628046600845,249.04083419051773,254.02204294000012,258.6825494638535,,,,
249,2005-08-15 17:53:14+00:00,263.9686820054641,269.0008236564997,270.25309564950874,269.71798926731617,270.1894543601826,268.6476550293011,256.33822249505795,250.88744151173097,,,,,,,255.62102193344418,261.945067714827,270.14214335261,266.8547658375445,266.1042524506409,258.36198964396647,258.43170211135
250,2005-08-30 18:00:35+00:00,234.3889832214523,235.10731654620156,,,,,,,220.82839001292194,216.1283550145187,220.74229195421418,217.6246865745754,222.10733918514484,231.6532393648709,229.89886364488484,237.07598104573975,243.36603162771578,250.12819690523895,255.2608202894015,235.6389123902437,236.9971819149172
251,2005-08-31 17:53:18+00:00,257.53622657886876,252.90741162614563,263.86475229154246,261.5213191455765,264.24492857106236,260.3253638025327,252.46909854778082,241.6023801775106,240.6775594446382,237.38574859666605,244.2405197973461,240.08830348105585,238.57931276847003,245.17438010242142,246.76783940745705,250.3219246447771,260.72491088842696,255.44863983988225,259.1604042421143,248.3792764342453,250.2702699445269
252,2005-09-07 17:59:30+00:00,234.60801514599814,232.82984302157848,231.62686998500453,234.42863828380513,235.24806700218363,237.95252382329733,223.2233900436003,219.56534851604124,213.77439165521452,209.3805586681798,205.3230098456795,206.60071678168543,216.66248123261897,213.22616277096273,217.1504099936139,225.49146061056928,239.47611520465938,238.58774112560258,242.2471164852371,228.74773443041914,232.01895234921514
253,2005-09-15 18:00:26+00:00,255.25441908455002,250.90348079272013,249.8532050039454,,,,,,,232.69058225708227,228.9094111078312,233.19101441397518,234.8298925770015,239.7192038609901,239.43909466594556,246.54194817372849,257.54477818873386,250.51536313095107,258.5910935019022,243.6960670111598,245.10716966043117
254,2005-09-16 17:53:19+00:00,254.599013288231,259.58666907659295,258.47475003434596,256.0679611764702,261.96000052155966,256.8085627702866,248.40954845822517,241.2759708075553,235.6083812832021,232.14325332827764,235.94081350565585,236.44134749072305,236.5477920107728,241.43271174270998,242.17756223795254,247.03662271376717,256.2571913192549,253.94733192880875,255.1705836966359,241.38467835079942,243.65996072613493
255,2005-09-23 17:59:29+00:00,233.32038383587786,232.16477999707047,232.19499608032658,232.71208567202876,232.52532613546384,234.10635583821147,223.69050838408884,219.5888165464192,211.7345095029757,209.93563829321482,207.72621447322058,209.10982083787982,214.4540149157976,212.72296168116418,220.1751157438964,225.03254904238975,236.2038535133613,230.87918742874092,235.49421007670196,223.43148628300276,224.2091078182761
256,2005-10-02 17:53:16+00:00,249.7346309315783,251.42995678348512,255.30782197997343,251.9697434231062,255.27187316198587,250.53742344466127,244.33852072928678,,,,,,,,238.2104455996074,245.98606423738465,253.34946177217253,249.34145990708018,259.1717806262564,244.65565549964901,246.08614251787404
257,2005-10-09 17:59:25+00:00,233.01229221561422,234.7821901868453,231.10671278194627,230.33782730077763,228.44982440657859,228.46718597264595,218.94613784748074,216.43615308568977,211.2998897099577,209.16085344058666,209.88376106685578,210.1778622534526,216.56057547409932,213.1375682659097,219.44130433550498,222.33714607591787,236.77582337775397,230.9939125831341,231.13852181818683,220.5385171151616,224.28990224633006
258,2005-10-18 17:53:14+00:00,,,,,,,,,,,185.3581572826248,208.77767176282754,214.06426111324043,215.3917037927648,214.95325614772116,208.7846687030346,,,,206.98609158643973,219.63135744023472
259,2005-11-02 18:00:45+00:00,230.3672133613233,232.34616326899675,232.13545341209868,232.78931372277793,234.31892829236847,223.12966055647382,,,,,,,,218.208185253961,225.49800702485186,230.51601407519485,236.8413056838005,234.01264216221693,236.80091484940996,230.6596910826011,229.98929225176627
260,2005-11-18 18:00:54+00:00,218.2573756947732,222.25299068337148,223.12565029254313,223.34209878276982,227.27155585306554,222.91792322406883,217.11553483558401,208.17029642713612,202.60972463014105,198.81140403710856,202.20634330082873,202.75906655623717,208.042724924675,208.0680789902531,216.51171225956344,215.70801073520863,224.79836450819724,,,,
261,2005-11-26 18:00:03+00:00,252.27538546334858,250.55339082995872,248.33667108140114,249.87935317883193,254.88502607046576,250.42821390271587,240.72997589702356,235.94356658195582,234.81637663005694,226.0496793965196,226.5160624654412,230.1631478308089,233.44942804542984,238.3105731198051,241.42606053776746,250.6611459382848,258.5694148128251,251.38870692705052,252.02401456531095,245.98625448679408,248.1434627197345
262,2005-12-04 18:00:59+00:00,218.40307259868842,215.8023350714658,218.61766534253138,221.80168317682828,216.59450681374682,218.53210895087267,212.3098652848235,205.08044897599038,200.71802666642708,199.43145294889888,203.3662537813738,208.0919600886828,205.55664570316216,208.85368645397443,208.32774272812404,,,,,,
263,2005-12-20 18:01:00+00:00,220.4307116039081,225.1414827597133,229.2292184303859,227.7147220320678,230.51132787781694,227.87651406029102,219.08502678363848,211.12406051180488,204.76648088957523,203.6106443427229,205.11264067175205,,,,,,,,,,
264,2006-01-05 18:01:10+00:00,198.10760650946625,200.22315808826036,198.145843352673,,,,,,,177.5699478654328,175.43338982738743,168.34499833947982,175.53257486408611,178.4639234407797,186.96612822764615,184.96458583035513,182.5047765156219,181.1171993079598,178.93162325551202,178.89150828307095,192.19907776545364
265,2006-01-13 18:01:09+00:00,192.8533783922054,192.50642447263516,202.47503451400394,207.30182676331788,211.68957977747166,207.27006490566907,196.5263243698028,187.44266330794014,175.21213715280447,172.41500734429246,168.20893370801068,170.65693733453742,177.6414747818626,182.11471958282544,181.68173753663308,184.9353620475729,179.93237641821014,176.4956999411005,179.2395243771811,178.87754598375946,189.55993501621182
266,2006-01-21 18:01:19+00:00,205.3893350740679,207.73486769358556,210.79810983668483,217.9685559321648,,,,,,,,192.42813304144516,199.58188959334828,197.49862076179951,198.2681065212237,204.15753111455842,204.1348412881474,198.58312972821446,197.7978603743404,190.19795732353353,200.37272460824747
267,2006-01-29 18:01:31+00:00,199.15099451008905,197.81500523359261,201.77312593763804,210.45913715941515,211.56052750784886,212.37394923999247,199.56397523587097,189.12193661453182,180.03453673450733,171.4929819768094,172.78110191805425,168.91296812895195,171.96883641357763,172.8309900604504,172.75962383951696,171.7268002209507,173.08962352767043,168.4604608620704,173.2961507576644,169.2506167607352,185.11470047258334
268,2006-02-06 18:01:24+00:00,,,,,,,,228.6235343280751,,,212.2188019002772,,,209.26078802729918,213.02336256280674,,,,213.0639025982398,209.15015981830874,214.6226353583334
269,2006-02-14 18:01:54+00:00,194.41875465127504,198.4364547631848,206.66362243735955,206.76442559214243,208.99989825078228,203.9867480082633,193.72036102356412,185.6921738476961,176.835326654654,176.1771757709437,172.49801586108163,173.5851289370566,169.45580104491734,174.35862534910603,176.1537910009444,176.6010788731041,175.4255561303628,168.4790435178693,172.27516793080554,177.37038903365539,190.13520638592314
270,2006-03-02 18:02:15+00:00,200.63682235442948,201.36242367504798,204.85317891527268,211.4068857585928,214.78090588446776,215.53253292860114,202.51883460614016,195.1516836950838,185.9160012393542,184.10794924098093,178.69725457169272,177.6533146894193,179.8941674762848,182.59006866798802,184.1572113128703,182.81495277400154,187.7600383914781,182.9553816396932,187.56301294078258,185.03946691072855,194.68683943685156
271,2006-03-10 18:01:29+00:00,217.96396792852093,219.24247201778056,227.45198345271137,232.9025482158341,230.90264592500813,,,,,,,,213.6297732253874,215.49327517162203,217.7844148584768,222.9083675065317,226.88152279912262,223.98927540349305,221.79446923329849,215.2368472150051,224.19957375507846
272,2006-04-11 18:01:24+00:00,,217.937835204541,219.89802904469246,226.1563262957929,229.13871956843866,227.49522464689448,221.4806300665897,211.07946994728906,205.3470268301781,202.9920682626833,197.59921525965206,200.13800520232272,204.2942379290514,206.8392555392661,208.87977582357834,208.62864125052556,215.0485301923095,205.30842692076746,,,
273,2006-04-27 18:01:25+00:00,,207.69388699734782,212.03066569451795,217.97299422006944,225.59652101572257,222.1482229208379,217.43894957056546,209.12922387469354,201.09048353368047,197.2535656367612,197.81725540790313,197.21543354465175,201.2381402953198,201.17652443188558,204.2633748849268,208.51673298629373,214.81343426820342,,,,
274,2006-05-05 18:03:22+00:00,240.71805701117813,237.02547462184847,239.51412698334536,243.90272451641442,245.83462888128315,245.89301117334833,234.99286927355024,234.87320572651103,234.02873504221373,228.47345883713763,232.51789744060272,232.2127758135423,233.58637052042735,240.75527823917008,242.70150028641035,250.95090073728537,248.69195877803696,250.94338382932887,246.04526433527622,242.6679447117818,248.94009566651687
275,2006-05-29 18:01:26+00:00,217.18248664337648,211.66816238064303,216.51609519721072,224.18938490665013,225.6643502734941,226.3240803952081,218.72174846801613,210.66640328397858,204.84812955983142,200.51533326885325,201.93599016521847,199.1234163605641,203.00351274890932,202.5433322546155,199.6234032604769,,,,,,
276,2006-06-30 18:01:17+00:00,,,,,,,,221.50977464547728,214.94059578116938,211.3736371598926,210.72554059344913,212.55092686908569,215.67689478036084,214.95175552727,221.24779497251666,229.67150362487882,239.6283069163699,240.649884399357,237.1482114385963,230.25275731191385,230.22090092520762
277,2006-07-16 18:01:09+00:00,236.20863807897737,236.14663021593213,236.85279766895104,240.67257466311156,241.0062402635613,238.17180863863825,229.78812882314716,,,,,,,,,,237.7645925096202,230.8825453322528,236.1922981353552,227.60679897139653,234.91943896864737
278,2006-07-24 18:04:33+00:00,218.22412441104075,221.5723441189279,226.26474624888252,223.66069667119638,227.67869592446777,226.900123343107,223.5454071208433,212.16122873893022,209.4204917600964,203.3921158625147,201.483701947768,204.05570817233132,209.17905810943904,211.53356513595563,207.91440239963853,218.26473974009815,223.28116321412185,218.31607615006493,216.0881273946103,211.6888518118356,208.43716408386766
279,2006-08-25 18:04:55+00:00,236.00608924149202,235.05185583866597,232.60161338115245,233.07689686233425,242.19965957754863,243.8586587819761,234.5195352043881,226.02011633372922,222.22885100886316,215.98989776901988,213.2463884582283,213.80007046381843,220.87491399964324,222.347981320476,225.08738311819633,231.36127134948543,238.93803237458974,243.42711082999878,240.4212136060374,237.07324196322952,232.8394790954587
280,2006-09-02 18:00:59+00:00,257.7404779115234,257.8296644345786,258.34555381223225,241.3679315817838,,,,,,,,236.32386173635382,240.45973452142204,239.07244685922257,245.78832720194563,248.5452490631959,260.39929459393295,255.18980384950027,260.1658371828639,249.8258817518021,251.76080076609972
281,2006-09-10 18:05:07+00:00,217.31015101253476,218.95805858741653,223.2228705409374,222.84945377496075,223.9377769944034,219.40753948039625,211.2042677789608,205.07588652446265,202.4750530415409,205.49423024534485,204.82310679921494,204.89853606607346,209.52514567301944,210.57822463503092,211.72625489180635,220.147448396909,224.4256367875281,224.40696571851538,223.13078728190825,219.02858293969632,217.2763311938537
282,2006-09-19 17:59:03+00:00,,,,,,,,,,,,,,,,,,,,,
283,2006-09-26 18:05:19+00:00,223.74456861517098,226.92267083739216,228.4948091793815,229.78025959406682,229.27977969236986,228.10651041204068,220.88738260243736,213.73913576629013,206.79163955820655,206.00826385886762,206.24424590015778,209.7918313173684,212.27630759870956,213.1544800290641,219.31713928994066,222.46972112342084,234.159376699408,228.18555227179542,234.0246410290121,223.1211357274218,223.4411993151823
284,2006-10-05 17:59:14+00:00,,,,,,,,,199.64398157511158,221.60014876996615,223.99453601536513,224.14648477212558,,,,,,,,,
285,2006-10-12 18:05:30+00:00,238.74417558556203,238.45264141552792,237.34864396309632,240.39213695965364,239.0311060740782,240.01885710579225,230.93745568509559,225.26163298713968,216.83114460700057,216.13823348256733,212.35813874298765,223.44660534820608,225.1991001710746,225.1278869798309,232.7493457367443,236.1109590382751,249.0322171556649,242.6071179209605,250.89772340623222,240.31687558853358,238.91572193426893
286,2006-10-20 18:00:57+00:00,,,,,,241.92142395537334,229.85180698061208,224.56991230595855,222.7174430572457,218.07916776118208,219.54546788248825,221.0554837661474,225.567981577722,229.12089887026988,232.6969750900741,241.25294009613066,251.20711969164407,248.30053503706517,249.91870008603135,242.15846756425165,241.41386067321116
287,2006-10-21 17:59:25+00:00,248.83434160422547,249.05604307512186,244.9265728828832,248.06785782685222,,,,,,,,,,,,228.7810106671343,255.35303370411324,259.0387543195704,259.07469522915375,250.20385438488265,245.4515575484253
288,2006-11-05 18:01:11+00:00,230.13421986739547,228.1350168336229,,,,,,,213.2973739284127,209.99452320454793,204.8085936626877,210.10223259824124,216.73989445824753,219.75661303556495,226.49972204655927,225.99423348754019,235.79217327031785,235.12607295307762,231.47267550023588,224.83706556154812,218.7427783767194
289,2006-11-06 17:59:34+00:00,237.66694582259348,238.5526081881939,241.6304097397655,240.0393846893804,245.23475600588912,243.8896989433256,232.6666418318301,223.43176767813145,222.1805767157415,218.42175957005338,215.8479415185121,,,,,,,,,,
290,2006-11-13 18:05:49+00:00,253.5799726153761,254.4063968496859,254.86342052002027,256.0340349714784,250.53439060568417,253.26635084108938,243.92374725375382,238.35393850941307,231.32475106466958,236.69113296915856,236.07567080123187,238.13855375627344,239.76336805680563,246.1655001970112,247.53519406778022,253.71458746382294,261.7929805726021,254.02052690036965,260.6748921859519,246.85628301422787,247.52538344180465
291,2006-11-21 18:01:23+00:00,238.41571649128082,235.9631200116529,,,,,,,220.0868306031185,216.59915979267475,218.36430814787465,217.39001480286802,226.30306559718872,225.61589092501185,231.34961125144272,237.5537538611241,245.1807017949264,245.6049098998683,245.54337999147913,236.95467085243672,234.85355958032386
292,2006-11-22 17:59:42+00:00,248.42262884429616,248.3447860793273,246.37067582974063,247.25390465145713,247.5249468182857,248.28836357368343,237.44469149297544,231.59726369206635,229.39583858547843,226.7276539986356,226.9511053242441,226.43663692427006,232.88104791910473,232.18117997159868,235.04545357851538,259.36419562646347,261.56277529302713,258.6138903530792,258.8901413572851,248.0652856460869,244.15794719565568
293,2006-11-29 18:05:56+00:00,258.57964449166286,258.381818257074,261.0091905589578,257.639735212512,260.3558290529137,260.02607472216414,252.18369562210242,245.77893177717993,240.21391380666182,239.54168719018384,238.20464981241338,249.27782359803567,254.8982782748131,256.01413277331966,260.1505695022464,266.5809547901327,271.03366428747245,268.59688972628186,271.51599883085197,258.45906223060837,255.4870306252176
294,2006-12-07 18:01:31+00:00,,,,218.08229345917408,216.3901017503631,221.33161477350626,204.09636934942486,201.13048644115145,199.30041950349016,210.3303270020149,217.6113498399588,226.6126882909466,227.49201240975478,233.20231236184804,235.6449395502114,239.9563072565162,248.321742181192,,,205.71161811755462,228.60478963132067
295,2006-12-08 17:59:49+00:00,244.32276177437265,243.0055305860092,241.47429783148542,245.4836862037084,247.07725666127956,246.36846727174995,233.35901869804923,232.57926901728257,228.4571767634145,225.38936177962324,226.88220335172025,238.86241599294087,243.33517586096943,243.5374871945351,253.3036338710851,253.04091005249617,255.70755058782797,257.5121295368393,255.2675529803066,241.67904224296737,239.81676569940882
296,2006-12-15 18:06:03+00:00,228.77996868321293,227.90749747276644,231.04642524451157,237.1095803557358,242.0490975362673,243.20862856558364,237.31794252148376,230.46480831425282,223.61069711677706,218.2266448275938,218.16014718916514,220.10932754256203,225.7073029241749,234.35022720356852,236.37918731358397,244.12204684199517,244.7590917778303,235.58334706729846,237.0321336703534,223.78106954692265,226.8532343904985
297,2006-12-23 18:01:35+00:00,199.3335227700701,202.07600045635007,204.89623615366628,207.22072747223132,210.71275237454836,204.90407112733675,196.28807703702495,183.51462547309814,178.99679861962306,176.8753669830677,170.70486265913246,165.05975508745428,163.12101498790906,167.78782915858392,,,,,,,
298,2006-12-24 17:59:56+00:00,216.9432263073943,220.67013275040935,227.1947744527762,228.00304750461277,228.90274218982765,223.3922891945863,216.47304071973025,205.4335630532828,200.24843924083197,195.32901802958807,196.794976025859,196.18683779019312,196.38466132890557,196.74617827950055,213.05578159640658,223.90912006690002,207.22092352632052,197.0683994769622,203.70232843223138,202.05340489003788,213.92724107428808
299,2006-12-31 18:06:10+00:00,233.27602036596693,241.94459236907232,243.80119709375668,243.41285448856001,245.66575351518628,242.97470825451109,236.0529043150686,226.58974324404744,221.90827277832454,219.94835120465228,218.9533350106319,224.15062797216888,224.35328024094724,236.0642306878674,238.19594325039873,246.5648046086406,,247.0406107867085,243.0693079663116,234.69875375958307,232.0931892871397
300,2007-01-08 18:01:36+00:00,201.36120328656295,207.04223197100958,208.48983576871888,210.39772815754282,219.94167598678655,214.26538807134688,207.98001556561852,198.494631384479,193.05659034848043,192.85254526150197,189.26808465256516,190.34357230348468,189.68131562438958,196.21958295434374,201.72878772567265,210.15515412547222,202.22970102082857,,,,
301,2007-01-09 18:00:02+00:00,220.59644406629326,229.32623828483128,231.35422804311216,230.91077694610675,239.57107027959074,233.56428970805274,225.76644854681308,215.9206241803366,207.96186598828956,206.59785696997633,204.21052437751183,205.31731267210154,204.0390037159732,212.89406795834634,220.2772269832743,228.61324805604886,219.09078011103054,216.29548500514892,219.8606894689205,212.3823408279825,220.84497131554113
302,2007-01-16 18:06:16+00:00,221.37717125000526,232.4404887442839,239.31494604064667,240.6327003474616,244.94674745489647,240.66957396012253,232.2632156917757,224.2768674173595,219.22439260600666,213.53627792452744,209.73613769285703,213.6037194586093,220.79935793856026,228.7850534656143,232.76688208956716,239.50446476376345,244.95568168060282,236.61674528389264,236.59971356348257,221.43944130607804,230.1789527951022
303,2007-01-24 18:01:40+00:00,,,,,228.2331169262129,225.65087769308082,216.06179247102526,208.58658373592732,199.22605971377226,198.25423749382554,201.22872946354977,203.54979463765767,211.26633854094126,213.306489564466,221.40399328802005,219.17672131501178,228.76721369280372,222.57742505487482,226.00418136750994,216.65225124664752,225.61069064478713
304,2007-01-25 18:00:08+00:00,250.87624453365063,255.56543503267224,262.95070832351155,266.16210636388837,,,,,,235.35798334499128,237.13599911374314,237.3899802022648,246.30707617017617,,,265.30785758059784,271.64195186258826,262.6501305628156,260.8200748549516,247.39402677274845,242.3066600513572
305,2007-02-01 18:06:20+00:00,,,,,199.486191005299,200.37097782081614,200.93389743988797,187.98310288709516,189.4323463690663,,,,,195.70635003327442,195.8398894865955,,,,,,209.05937351184085
306,2007-02-25 18:01:51+00:00,260.4915468950279,,,,,,,,,250.33735334085503,251.37307661290987,253.82923734501315,257.71110920538575,,,270.67474040711517,277.2234352361027,274.00748922687194,275.0024640880159,267.29357768531304,
307,2007-02-26 18:00:11+00:00,263.018226904848,265.4204963730572,264.34698280276103,265.29586063289446,271.04896843695974,264.9652704851465,,,,249.1235220240339,251.70075363081946,253.74409784834643,258.61461539961016,,,264.51790579243317,272.3990913008423,274.95711244947023,271.5269618948801,265.1023088759491,
308,2007-03-05 18:06:21+00:00,207.92551487776527,211.7770871957938,,229.13939700689798,232.01590686209983,226.12512844450958,219.11317528798025,208.06626796578718,200.86651119607393,194.2043495274724,195.65328128580376,199.14648742515968,,200.8704831412608,211.73655824445373,218.88886136215484,229.77102658363336,223.09510458185648,222.40597713310893,213.5066340965243,220.44043122750128
309,2007-03-13 18:01:54+00:00,245.16202914828324,245.0425259496696,,,,,,,,231.41341594937182,229.39764725397123,232.26397604793019,239.84743216557206,243.25061510995286,246.73972758479002,253.09765264722637,257.8373744402771,253.10257703704357,255.60467897866448,243.4280325559721,247.7157586834577
310,2007-03-14 18:00:09+00:00,257.986687897646,260.0352069848166,262.88356975804686,263.4359395109325,268.3138034246481,264.24857273196443,256.37692269274675,252.14848042719564,242.82433996597535,245.5207845163132,245.63713675158942,249.011057521702,250.4696557157103,255.51869950354975,261.2642640579144,266.91120966985955,270.51797341561905,266.1873631547762,266.89151374796836,256.03480998865535,253.4319738399126
311,2007-03-29 18:01:55+00:00,,,,,,,240.81247502607508,231.76147531447504,222.75906895951528,222.7842021329892,219.2040304161729,227.94689676661767,233.0876633409751,241.16848483933347,240.2162121080146,247.92532193499926,257.1335132763817,252.10038709424714,248.93679401831739,239.31093883360052,244.74812170679294
312,2007-03-30 18:00:05+00:00,252.72757802916396,252.2803000259712,254.81719835430107,254.28875384560268,256.63996210041114,253.10998909267252,247.34949682283042,242.6681779138666,237.2757906745383,238.17332077292494,235.5345517783295,241.61080404348985,245.32614256434147,248.22174040708043,252.83583702612202,254.44293414175098,260.9453994885513,256.06880442974483,256.6759167406848,245.5365304289691,251.48307796436433
313,2007-04-06 18:06:13+00:00,221.30972758426614,230.36241414054794,234.0000502102544,230.80502176506317,235.39029513852046,235.32377434610746,225.9018718166793,218.1196962969321,205.20712000532308,206.97969786545565,204.07471974582865,215.5449511244042,218.38858768661848,223.1294823773331,226.77254294133914,233.78595123108812,242.00205565414302,237.44407950969818,239.8990310827291,226.48473501417422,228.90303957008567
314,2007-04-14 18:01:53+00:00,242.67659201547502,245.21168267605458,246.49289295625275,247.88286269783498,249.66760068575508,247.27879071245468,241.59601906813612,234.45178933052244,,,,,,,,,255.02653058742703,255.81967495534897,256.3551686522406,249.07326844600524,247.4182658125939
315,2007-04-15 17:59:59+00:00,244.51336805740604,243.50225308231882,247.76291642064498,250.60253028669882,254.90648660930137,253.68219024423988,246.39012941843697,235.7092172254034,229.20120602497326,226.37161096028078,227.56642365442247,230.0492542790131,233.28908828162184,236.6793759704741,241.83484555118284,254.68308415245278,261.9785666886702,256.3524899363098,261.0643597126644,248.21903940577965,251.07763222501853
316,2007-04-22 18:06:06+00:00,247.93963371063978,249.79455496554107,252.4297596472969,253.56398218177185,255.2720545911322,256.5508030752723,246.00144692918815,239.3669584703632,226.31620564458984,225.28325967269936,226.04255483751177,231.92498104118454,237.5835538108525,241.77066652940866,244.70964756565584,251.44831204698545,255.92664227405862,260.43580793057004,262.0887674327979,253.5482777147024,260.7046374893027
317,2007-04-23 17:55:41+00:00,,,,,,,259.5767842261574,256.3597869754093,247.37918077672634,,,,,,,,,,,,
318,2007-04-30 18:01:50+00:00,,,,,,,228.01238055384528,220.3150334362259,218.24655811690621,215.04717421247994,213.84178516117402,218.04268330584497,222.47755979868114,229.00416671710576,234.61388877213676,239.23551437259755,246.36641693887117,241.59615652856974,243.87964442346174,237.39642637660498,232.45778314052598
319,2007-05-17 17:59:41+00:00,244.36046109686777,244.13824394267704,248.88685624758227,247.32073587220168,251.1586687724863,249.18773510672872,239.76227598134193,230.34295408223568,227.79181277090805,225.31781015849623,222.94500087576682,226.13507517760797,227.62800757650376,234.3171175246131,234.70383682366668,246.93945760464234,255.08422718673,254.25455933419846,254.98346239508936,242.10542797451976,243.55730959651564
320,2007-05-24 18:05:47+00:00,258.4871356205048,260.8409620625982,258.89876568228794,261.0891347456225,264.0198777361499,258.88663732535457,252.4394317253046,242.18307104806965,236.51369533313778,232.02940265948538,236.15388245398947,240.4420079912142,250.33605542150084,255.33307010821142,257.0298505365281,257.85141884638364,269.9689971146412,261.540676902855,267.430432061138,264.76835340128156,267.184391877469
321,2007-06-18 17:59:12+00:00,,,,,,,,,,,,,,,,,,,,,
322,2007-07-19 18:01:34+00:00,,244.71660335847622,245.60566094369352,245.01086669847396,246.60254602513527,245.8451435457116,235.69357100076982,229.93640970338382,226.80353197351047,224.28103875424833,223.9929256394771,228.42944034058667,229.51527761515177,235.7065859112766,236.23700790179979,246.41700174879838,237.05808909565042,237.18675795764284,,,
323,2007-07-28 17:55:20+00:00,,,,,,,,,,,,,,,,,,,,,
324,2007-08-12 18:04:46+00:00,252.50475051826137,254.06791223359224,254.28183795458804,254.00505504418672,254.3123277130691,249.88522098544686,242.06959242343095,234.1120793494918,230.30818888225875,230.48246209752625,231.7111953387847,235.44878369978548,238.51768900411906,243.14497021103003,243.15207119567435,254.24088261731956,260.5429354771628,262.2505203439446,258.4557712229134,251.07148409953996,248.6675897854192
325,2007-08-28 18:04:35+00:00,244.94291291618435,240.79915186757893,240.30373620064134,242.27561178822214,249.79427229766875,246.40903866221905,236.14560839435035,228.61806410021268,225.67681512969222,222.03304498524972,224.66049761295795,225.81106590540844,228.72446511098423,233.38118474837313,233.6980220219238,243.7778096045928,251.262016816917,247.5189948849904,246.3353411535006,238.1403370044565,232.89295855361732
326,2007-09-13 18:04:29+00:00,242.98647685188658,243.2785139724211,237.531432677957,239.9763771989361,238.4822834326581,239.3196143688466,230.84192974505234,227.42644473569118,222.01806895730383,218.94033686136208,221.8324489868321,221.63641897798811,228.31374787367383,228.87506961117754,233.47478846468607,239.06564990155056,247.8126431384424,244.8676394654197,243.42413646735764,241.2541948594955,234.16960342601146
327,2007-09-29 18:04:21+00:00,228.95905881907072,230.12085718324303,227.45686100545532,225.97396473744573,229.66397994862876,229.03940990179427,225.23757248199513,214.42267980951027,214.06872707520387,210.9804320803953,208.42322811809953,215.21184326535814,219.61229514038126,217.9111869937525,224.94922754329625,232.48846602635103,239.20693446100765,235.60930896411045,237.05451641602335,224.72200491312537,225.36006705805477
328,2007-09-30 17:54:57+00:00,,,,,,,,,,,,,,,,,,,,,
329,2007-10-07 18:01:04+00:00,251.96494343312105,250.5065468883734,250.578572495817,251.6553639661383,252.36595898227364,248.86320547276307,242.41275050497944,236.70051216319627,233.7036041587723,231.03314057011036,230.07798440068575,235.99460605108402,223.5318767035717,,,,,,,,
330,2007-10-23 18:01:16+00:00,,,,,265.8396132792037,266.28980156850344,257.8720957091936,253.33377049880724,250.70808499990684,249.32584618370447,248.59021518680322,248.71105473176246,255.47626337014268,,,,,273.49816024913684,273.8829324152208,261.3453713747242,260.02602248014813
331,2007-11-01 17:55:11+00:00,,,,,,,,,,,,,,,,,,,,,
332,2007-11-24 18:01:34+00:00,234.54049261052353,235.75101084962523,236.0722549861926,236.09864697064253,237.32773557030634,229.75193177462288,,,,,,,,,229.62563122620656,230.26129196163055,240.8491095541872,238.92936690515552,234.2532472059782,224.09796705482302,224.33847074642208
333,2007-12-03 17:55:27+00:00,,275.4847816169666,,,277.19780532891014,,265.7191386900561,257.84755778068563,246.15599597259308,,,,,,,,,,,,
334,2007-12-10 18:01:40+00:00,208.23810806789533,206.52043805755304,207.51887915082256,208.8404620330338,211.53258221755456,203.23762736709494,,,,,,,,,,,,,,179.83794278662114,245.2311178246302
335,2007-12-19 17:55:31+00:00,242.26489058866977,,,,,,,,,,,222.46525089446567,226.7536041964271,229.15372401582073,225.7078236165885,229.29324635137635,233.65877301283004,231.6419133813507,230.87258533402888,218.24229647908808,
336,2007-12-26 18:01:43+00:00,195.88466887477387,197.26653289875685,203.00982459938845,202.7955016536484,206.28982517237574,199.51244208885134,184.72993733424516,,167.37734311379864,,,,,,,,,,,,
337,2008-01-11 18:01:44+00:00,,,,,,,192.20823048062107,,,164.83733785913864,160.94769400267148,,,,,,,,,173.3858209688484,189.04330907556079
338,2008-01-19 18:02:26+00:00,216.21716916970377,219.03289616740386,228.5556896631726,230.68701719486424,239.97259292454157,240.14742942424374,229.62667154458813,219.17085981789262,203.71725896082575,201.34543423106663,200.39037673145043,201.8586783087914,205.91528659864872,206.29683637964268,213.41440831040043,215.22928954999387,226.1418143410771,221.33207480753654,227.08125201936025,210.51682429852735,215.49990212057943
339,2008-01-20 17:55:33+00:00,,,,,,,,,,,,,,,,,,,,,
340,2008-02-28 18:01:35+00:00,222.89476813197123,227.85176310413675,221.02833870549114,,,,,,,205.5171848890893,203.18707764757522,205.91757627422896,207.98356676503323,212.29558599366965,213.19106443981838,217.66679437754794,222.5188896408967,220.94213997273488,220.8314053248874,211.26450313142792,215.16993520691756
341,2008-03-07 18:01:34+00:00,202.75071410801252,202.25245798170909,209.12810028632902,213.57913026368288,219.95384080512318,216.1010237180343,201.91157432951513,197.86630228891332,187.21718677843293,181.57010130343562,178.72862036361624,180.91298564400415,184.9343626808478,181.00683463765301,180.48504095097422,180.50462454576217,182.56132114551065,185.7184130744181,188.63152631312283,185.39997071920388,192.74540659657376
342,2008-03-23 18:01:13+00:00,199.6148040847443,199.20287410824062,202.2536386801017,217.93832579615955,224.96119014661912,219.0044427532585,209.6017391829388,196.6362101745272,190.44427900618197,184.4508549364699,184.38532012796117,186.35152365498465,186.93024004448569,186.6997655124753,190.69121643376945,190.7623331106781,196.23431157007371,195.66752734679056,199.93790127080885,193.28212402544793,199.65438670347214
343,2008-03-31 18:01:32+00:00,240.85332809965698,,245.3485558186306,247.1314054515703,248.56024566502515,249.33206270498601,237.5781054348376,232.06484442441666,,,,,,,,224.57269872435785,235.04379753024466,234.46393840162708,239.3143625173629,,230.18072100793802
344,2008-04-01 17:54:50+00:00,,,,,,173.21295176819282,220.14555279837646,236.98844213187752,227.79672934183327,219.85488901922258,219.58845498803245,,,,,,,,,,
345,2008-04-08 18:00:51+00:00,205.86057779756226,194.75932527753747,206.6731645334237,213.88037361568433,214.83572107674962,213.01863449616155,204.34642012249446,195.8525754638605,192.7666916762335,183.9379352842589,185.41187192814067,183.9817023769504,185.24082318238578,184.28388239047067,185.45566540123812,188.92607349875442,198.942581674701,194.88928800275042,199.16216958285102,185.44877695711682,192.3780078354242
346,2008-04-09 17:55:20+00:00,234.91977997364714,232.7093004596973,238.06933398217345,241.52289610741843,229.5200208661376,,,,,,,,,,,,,,,,
347,2008-04-16 18:01:30+00:00,227.38888368125782,229.2116658567811,233.00973469592503,233.71885971554065,234.96442681377204,237.70457119006892,228.08270392587895,215.845540886834,208.23224482968047,203.98454590487754,200.42490218174916,,,,,,,,,,
348,2008-04-17 17:54:27+00:00,238.17835062120065,236.84328731927013,239.27186883163694,245.07802267993316,246.35154690631902,248.72058766895537,239.79325871316587,228.23840982536325,219.19697017100464,,,,,,,227.2807175867466,232.3518995495225,228.1501404617697,233.5686518517739,224.39722656994314,225.4623831515923
349,2008-04-24 18:00:27+00:00,226.1944278534435,228.50715333074277,230.9819371073346,233.05335006909766,232.99876126080272,234.86854095149855,221.06797885281532,215.0600419892532,206.72178602298433,203.05169929484177,204.8809565229016,203.17058365033847,208.05208169653054,204.06832837270855,206.17088410832685,208.99081347133892,217.38858610180898,217.283129965036,217.7712243237072,209.30062469492043,214.7131456104987
350,2008-05-10 18:00:01+00:00,241.33354094475206,238.84373760175936,244.8551154826527,247.0421111111906,246.77302606203608,241.57340483689197,233.2948970913157,228.48496127993448,218.60431640108249,212.60063564734364,211.71662373257678,213.45243076853416,217.73727903674603,222.11261597051418,223.12778132464075,223.61807308184547,232.4670843351781,229.29506601992435,229.58556842558147,217.08625309375836,219.09937406694735
351,2008-05-11 17:55:13+00:00,247.64380828085808,247.2408180452149,249.44523996407418,249.5848798210294,251.310230291699,249.2721580320386,240.84039050946961,,,,,,,,,,,,,,
352,2008-05-27 17:55:06+00:00,,,,,264.37866615162716,261.76296285886826,251.9286077596879,243.6919643700448,235.50112824137642,231.44604272513402,229.96254631527927,231.7673107232534,234.31153988421192,233.60138529644402,237.89985592852113,225.59807714683586,,,,,
353,2008-06-11 17:59:10+00:00,247.38162368927982,243.64847379877983,246.59259474571073,244.98048281656048,245.83867775180568,243.7791546219335,234.27944693984261,224.52349827086096,217.15941941850065,209.7151871170335,210.80179796510913,220.34751204254786,222.57182926248748,221.72419903070397,224.76911217702815,225.29508587272088,234.39469590832582,229.25441434577596,228.54814503858893,219.30999022952366,214.8020151852032
354,2008-06-12 17:54:58+00:00,261.0041880218327,258.1105169593958,260.36753333982676,258.12067426041,262.9063299788281,259.4775987681066,248.66664063592418,240.40187131565483,232.90559244043067,,,,,,,,,,,,
355,2008-06-27 17:58:43+00:00,236.38111771586603,240.62750598641003,240.2569125301281,240.95931213743106,241.68688107330564,236.81719051054037,229.22076028009997,220.37762174868053,210.68311881511877,209.3697022700407,205.3702479193517,218.19054675187877,219.23147382900038,220.3806524929763,219.3993746469328,223.15046111216088,230.934172647357,228.4706643511022,231.94109537382616,219.79516871290514,220.27655494234511
356,2008-06-28 17:54:48+00:00,,,,,,,,,,,,,,,,,,,,,
357,2008-07-05 18:00:54+00:00,216.82291936145378,220.6971524574841,221.52008322581736,222.62022092113648,221.5744290708136,220.31240497101322,209.56564923541637,201.34426283255863,195.15280037098466,190.42729590104062,,,,,,,,,,,
358,2008-07-13 17:58:16+00:00,247.16959847458418,250.4986559853263,247.33014515142983,251.3700160354532,250.15200110811264,248.90993757495528,235.46770714193377,230.33273828009737,222.3767288468593,219.51480525221962,218.6078722069001,217.82885215625265,220.19200644319505,218.8202017034481,222.39646965649635,227.4037297181534,239.64817219811775,237.36521848517214,238.248563971263,226.85629144669548,230.09905386487372
359,2008-07-21 18:00:41+00:00,,,242.98146795745063,244.14486972000188,241.64233152927085,240.68316030601488,228.731599216195,225.2856890711641,218.66931902327667,216.23251592099135,214.5491532298749,213.60272539755022,213.2454894247404,213.2682814342782,213.12999496860948,220.50491531804914,216.60026720258435,219.01760491893629,,,199.065737070928
360,2008-07-29 17:57:47+00:00,244.25696617222872,246.78562606243463,247.26920097471464,245.6663766587375,247.68085592679952,243.54190473960927,234.2128748665974,225.13245387830077,222.7784291559255,220.52987203617107,218.62387813364467,221.3698813050459,220.05169169189554,221.78514064478955,221.78093969725248,226.85970257382425,233.63974936961827,233.14912137917173,232.4297791123269,226.28252637979944,222.5459819755897
361,2008-08-06 18:00:36+00:00,233.82275035139443,,,,,,,220.3344990168796,215.0678673416617,208.606136700351,209.04970427880852,206.33001544421685,208.57411252432323,209.62361855265897,211.34377219863205,217.91509397670555,225.9387852152073,221.26404984453512,227.8781230027976,216.0362993607678,216.31186982860928
362,2008-08-07 17:51:20+00:00,245.9981552452045,251.7934632091814,246.05044670398013,249.84697681621307,251.62770829050655,250.5595504625513,243.97069432302354,234.7490634924369,,,,,,,,197.4932880128629,234.86259478005584,238.82244364462613,244.56432312873454,233.48221138719902,234.0897325346503
363,2008-08-23 17:50:54+00:00,250.98034624185252,247.6514763866962,251.33858723775708,255.2830626272768,258.0176393192636,257.41770213178046,243.58900616503675,237.1340775448233,232.26852414561017,224.48999770988172,224.972977534113,222.59243420325578,,,,,,244.79560561415028,243.21438692762993,237.27339428400217,
364,2008-08-31 17:54:14+00:00,,,,,,,,,,,,,,,,,,,,,
365,2008-09-15 17:56:26+00:00,227.6396210070219,232.3837072130092,231.74473404554956,228.24768428782426,230.79259234973472,229.85562078987124,220.37577817322145,212.6625094006881,200.9857528907472,202.16390016067174,197.25488670302263,202.8627403152782,203.69390857484984,206.0522648872925,205.6905157488914,213.30726958705344,221.5110362073052,216.00424357747227,222.00220161498976,209.73203781352947,214.43591025024205
366,2008-09-23 18:00:12+00:00,253.47458716991093,250.9244167045238,253.8413363895092,254.58423743617752,255.19034218448854,251.5340094322475,242.55726128543643,234.86233453983976,230.54402214782118,219.5897233217245,,,,,,,,,,,
367,2008-09-24 17:49:59+00:00,268.4686886919937,264.5948598794289,263.05705790357257,259.1362301388014,261.7649858395726,257.58489603448834,250.50526743506143,241.0324968711501,238.152157740976,238.25173686681143,234.52687004997279,235.28439275752166,236.55543655921068,237.90672665024016,236.6565375681023,240.59588280821978,247.7970034754702,246.13635374223185,241.69134340632056,232.9953487798963,228.70630630510536
368,2008-10-01 17:55:56+00:00,239.65005417048764,235.6025949545068,237.6760808790658,233.5893092872362,238.1900969202976,233.04941724489402,229.85568954157293,217.97391461643764,214.8249118744231,211.84760296047145,208.753613509,209.12228548970853,203.87430011434355,206.6862471707115,204.22235397379376,218.65054963485056,227.2741301517841,227.50493441243054,225.23438200221503,219.0623254356894,214.11425263139364
369,2008-10-02 17:53:56+00:00,255.326983493344,250.44323511324868,253.19948949245136,249.36555114762817,246.2460672992802,,,,,,,,,,,,,231.92031244683756,236.93325532873712,,
370,2008-10-09 17:59:57+00:00,255.91750458534221,250.80537656462494,250.4300737610909,251.35568767405567,249.57644296820325,249.05083760862783,240.1909919497268,231.59649276445438,228.44963965515055,223.92220067872816,223.96886175347632,224.47311688475344,226.1939207228785,225.4246273923218,228.53849106629121,230.00174179056526,,,,,
371,2008-10-10 17:49:27+00:00,263.24639475120017,264.287138598793,262.1524406224102,260.1060470683655,258.7485630470427,259.3703105601811,249.99583576441592,244.12121043214287,234.59505724248467,233.73438476631253,229.57605000296525,233.33487525852496,233.12752169842383,231.88104767225457,232.78713518832086,236.48753846968398,245.2570503483135,235.82240426457744,239.2554854708076,228.57759765386626,225.29151475922384
372,2008-10-17 17:55:24+00:00,226.78593985644773,228.23748386934605,226.830782850067,230.3418647569648,236.0850115315007,231.715667787239,223.25436310776337,213.93232905885674,210.7836634390533,202.07219639410624,204.00017268064914,202.11577934240734,202.74100221120426,203.69350993098243,202.06996899595106,211.2874606104324,217.70875834455705,219.52170313597912,217.43430155184046,210.28598963063968,214.05253286572542
373,2008-10-25 18:00:14+00:00,252.7485447610307,254.7047554621347,254.50258821651465,251.92492617416593,253.76041377203842,253.3402981920322,244.00328941608063,,,,,,,,,235.38518469305566,245.74557030390383,238.78249889212844,243.6689098385554,230.88081036732854,232.83156777240427
374,2008-10-26 17:48:54+00:00,262.64123540531386,262.2870277047647,261.440806517487,258.6984127735726,259.60384917869976,258.0504488720784,246.85444585380793,238.22972764795568,230.6241669727931,228.17843679470542,231.86865888871546,231.25255163088036,233.74535939062935,233.24354945671368,236.6881057136622,238.97693600046142,245.5436170480969,241.70912738320993,243.07250824985482,234.67155996762932,234.0419626600215
375,2008-11-02 17:54:50+00:00,241.14831399102698,242.0912493019235,239.16538788461023,240.50827694093093,237.26295134276597,233.7604698481768,228.75692234362975,220.66055460754228,212.6763106185972,213.58729653523594,210.97710301774094,208.13745875042775,215.0863604335501,214.15874890946623,218.6771217556588,217.36787843620297,227.973513918206,222.81591535023642,228.04136759187605,214.40330802749912,215.95536117403884
376,2008-11-10 18:00:28+00:00,253.8130070888189,252.5364876023441,252.12047029332,253.91036902380847,253.31912466529806,251.1957272481622,239.85951470804318,219.95596651108846,,,,,,,,,241.36719236396635,241.11023121451342,240.63050625636305,234.673675901109,233.45318974546177
377,2008-11-18 17:54:46+00:00,238.5104438026067,239.58071400353396,240.94950370118562,241.26015999982795,242.87247666094248,242.55807410683838,236.33164702161787,226.9781461968938,222.67066786915225,213.6817847712318,214.9471191954222,218.00889069719682,216.76160532712436,220.55750912672448,216.06712611337906,222.2591048537666,223.29969769778572,222.39238278883954,220.20177283156588,214.86170039885798,214.4812836452901
378,2008-11-26 18:00:41+00:00,,238.30718690547303,232.77846025500082,236.35289378813638,232.27468592407723,236.49068618118798,226.73038175087504,215.17425409440452,212.5445343925731,211.05042133542565,208.3416761775868,213.0745116550864,212.51756298508872,215.33113754764537,218.49122935111524,220.7384025660159,228.68069432310875,219.48600198647037,225.19016075892003,212.6915248650553,216.77994259003825
379,2008-12-28 18:00:59+00:00,,,,,,232.56517791168096,217.73186844950456,210.71001626378523,202.51917947642596,197.3553829817602,198.78975416839145,196.97178867387757,203.0784123461835,205.37058466239262,205.24908793416785,209.44314980427373,212.33311137930917,215.21860173029796,214.73875276847616,205.9409808647333,205.210547720037
380,2009-01-05 17:56:12+00:00,258.1356218094706,261.07141747435054,258.3087539520473,260.45729777999037,261.5524939685282,257.72388264040256,245.82538065875306,238.91356853288713,228.9137659872148,229.69496461671787,227.13217705767076,228.99730503088486,231.36037228444405,236.57851727576244,237.5369305870481,239.43613079051892,246.3149534847201,243.83486578319997,244.17203534606676,228.1537445995656,232.9498142913664
381,2009-01-29 18:01:09+00:00,,,,,,235.4433462800006,222.05008917548915,216.66222942652018,208.8544806994094,201.3485868175892,202.5933205139968,202.5425711906937,207.68977842912582,211.73033551674163,216.1915782767287,222.020430325406,228.80045558744072,217.4186503235498,222.50394889649556,203.9543806661324,213.9672146531235
382,2009-02-14 18:01:17+00:00,239.7895713565348,241.31910720496097,,,,,,,218.76286725450814,213.78690170020673,213.6573506609064,215.50147740620062,220.16093465374107,216.50514947254396,223.29376972785104,222.40464000022422,227.47636883775652,227.0709429136585,228.57121644496473,220.35063439940652,221.6953045079556
383,2009-03-02 18:01:26+00:00,251.84265541769238,251.1067574749851,253.8826060493597,252.9403640586753,254.7315627931562,251.53939150301852,241.31226240070413,230.75110242049865,225.66854019630188,220.8442178373766,219.6372132830437,220.28189379008677,223.80104078282943,224.77192857989132,228.54038798071537,223.30875477303437,,,,,
384,2009-03-10 17:57:49+00:00,223.1682253172947,221.18217418038196,224.34679304212762,226.97622568555715,226.87710554424794,224.78014011483123,216.3573757150993,204.7706578841061,200.35586107080036,196.35215775515115,193.38701479065475,192.45478275032622,201.09771478826843,202.9131287175827,209.71640937210282,210.82044302358895,196.5998578086993,210.49272706806278,216.39308657600884,203.09525560255332,206.05480412845105
385,2009-03-27 17:55:26+00:00,,,,,,,,,,,,,,,,,,,,,
386,2009-04-12 17:55:32+00:00,,,,,250.12775636447057,247.98030686498413,,,,215.3800454012479,217.73404409124265,218.37622030354578,219.90763535843791,223.09096236648338,234.8940007618205,,,,,,
387,2009-04-19 18:01:44+00:00,,,,,275.1733064261493,272.79941750482374,,254.8672143423799,,246.9969917984766,247.22269430390816,248.5159864562869,251.64081968470018,250.65230553604496,256.78502378750284,,,,,,
388,2009-04-27 17:58:48+00:00,230.12545237396927,232.56404973599112,231.58124655678984,230.69365032203171,231.90762009999037,232.58553190104743,222.36115289200035,215.4081842750617,209.16636712576457,204.42871206353317,203.80862855103774,207.1234931130486,205.74280272014138,206.56034614905838,209.38475534306966,214.0265908935877,216.46864646033814,214.6902481602928,222.22401710853006,210.98711928728466,214.51928870540974
389,2009-05-14 17:55:38+00:00,,,261.57694390382403,263.49809999711897,263.2694039392114,261.08932954908096,248.9071135902284,243.83788255110963,238.4778402719328,237.76953350329347,234.86676668477133,233.56287459531399,,,,,,,,,
390,2009-05-30 17:55:38+00:00,281.215826405521,280.1870613031934,277.0063451049527,277.2804605064655,279.9544534328198,275.6922621757643,270.67628360898607,261.0331668913713,257.0043644911846,241.75374368604997,,,,,,,,,,,
391,2009-06-15 17:55:37+00:00,,,,,,262.9121664666285,251.33335485041073,247.02971368144978,240.41214220630104,238.32190142601976,238.23230023930913,236.65597606342487,239.62647183618057,242.92196603042606,239.68086231449638,249.77622638400484,244.7746324475695,,,,
392,2009-07-01 17:55:35+00:00,,,,251.11169241636452,253.44077065634724,247.50274377950524,,,,224.91345850465478,222.36290542455185,225.28138421876855,227.25186418753788,226.3258361559909,238.3084753720372,,,,,,
393,2009-08-01 18:00:29+00:00,243.24775135343506,243.00476146639917,242.3850494742808,247.92241504621262,243.99389855134092,241.92971876618026,231.455573730994,222.16719759826842,216.80574753317384,210.05766056289815,211.93259965861185,210.1650266296339,215.34221163125824,212.04720886344808,223.5974616270405,225.58026261919554,237.41211346911678,235.6586477186144,237.4829210024913,224.66194300549114,229.0732783537054
394,2009-08-09 18:01:33+00:00,229.47962895987752,229.33230556968005,,,,,,,,205.6638326198741,201.44901931910024,204.03652293600956,209.2106320709546,204.8972314885242,211.89173697871212,212.32065611313152,225.61379282761908,218.3725907795054,226.65063900805558,215.6294515454824,215.25375703152002
395,2009-09-19 17:55:21+00:00,,,,,,,220.3128325030878,212.72561355238304,208.31712942206053,,,,,,,,,,,,
396,2009-09-26 18:01:31+00:00,254.28675179517143,252.58360066884467,251.76745488169408,251.66384045951654,255.18912873496635,247.55279289649457,238.91631024048758,230.09376063472996,,,,,,,,,238.72570124219823,238.35994309185676,236.1007210380404,225.5718655902079,225.70183111784308
397,2009-10-04 18:01:22+00:00,239.1080948291379,235.30041398315117,233.32874421879328,229.20737414661147,232.49385938191648,230.34703298386154,216.29516325019893,212.78258400947522,203.59813149991496,206.4787118463466,203.58587543713648,202.2378964254089,204.40429399817722,208.0497542219448,208.08319742546033,212.33520326038507,224.20958395386768,215.44694006939864,222.67576145546744,218.29210011151812,222.2769350614601
398,2009-10-05 17:55:18+00:00,241.86250595530205,235.33696608993796,,,,,,,,,,,,,,,,,,,
399,2009-10-20 18:01:32+00:00,221.879233296397,223.86473373874867,222.57635175170935,221.80929010954276,221.52948380445872,218.30751337846363,209.73423387559893,203.21782869010792,197.82807500760174,193.73907074645228,197.1454653387214,195.9867086903741,193.9916552756349,190.28229364709227,199.69067875907993,192.3233381220415,193.52108250237936,195.41857005260096,197.6667478719001,187.06924034474815,199.6741470440914
400,2009-10-28 18:01:44+00:00,240.94856224634844,240.47703169592245,244.15835933206674,242.60619526613863,243.4025548939507,239.8766768124848,229.83763761714454,214.73532147576054,,,,,,,,221.73204269746373,,227.9858190161636,228.26094075851603,220.4628239652667,225.3414839150056
401,2009-10-29 17:55:26+00:00,,,,,,,,,,,,,,,,,,,,,
402,2009-11-05 18:01:40+00:00,225.23997590635685,229.66850461395046,231.4265636673416,234.79070403619517,232.1736466641073,232.1269783268478,219.62081412462265,213.7019187579795,204.53569349090245,196.56103852816136,201.01174769942236,196.23461772769156,202.94567826075453,207.99844122557639,211.28065880832185,,,,,248.86015551390454,
403,2009-11-21 18:01:46+00:00,232.18342533712078,231.39405990412968,230.01581872435423,229.83537458041508,229.75950066055572,223.84765580840175,215.22910792664112,204.64723388654136,201.266333675853,200.13492168947826,204.47846365615555,203.68753446652863,202.32341815709347,209.39495489469206,205.05691758495988,213.4268729207452,216.66912311691803,217.4737039929039,216.0644834698528,210.20453805648134,207.14175169326734
404,2009-11-29 18:02:10+00:00,,234.81500589345237,241.52578816426976,236.08685433534316,239.42501678721507,236.40057737458153,222.5670032816932,215.9532276359263,210.36076248286315,206.81169474584016,202.53014264426764,202.42158370975292,204.32969153012903,210.94886614295075,211.22950348995764,212.80149750632916,212.5936491070794,215.1898942304403,214.1133153952187,191.06535932591967,200.6642173902286
405,2009-12-15 18:02:23+00:00,,224.27328007982493,224.3998538828361,226.4233261364887,227.26162983131798,220.84728386932602,211.97160130351904,200.49917951577135,194.67467578134253,190.86871128115948,184.40913675191513,183.1750951704542,186.62048415454382,185.9981389366465,188.4849839258785,183.78273154606725,179.0235022916902,176.15891577509248,,,190.55955634946977
406,2009-12-16 17:55:50+00:00,,,,,,,,,,,,,,,,,,,,,
407,2009-12-31 18:02:40+00:00,,,,,,220.530384674639,206.91859980425772,199.21919214903176,186.98851848875145,182.10772086949308,180.53677465597184,179.23222859745886,176.52052763972014,179.312119261482,179.5888526134425,176.48161769077007,180.7571965196752,175.35760665150414,178.6963889972787,181.57172695636876,191.92468240353492
408,2010-01-24 18:02:13+00:00,205.81498704514857,205.07749415824284,206.51980743695106,211.08130981294605,214.82014108860997,209.83789011208484,196.4626018096007,187.0157880347255,178.52134848256662,170.94373001831246,170.0070436094146,169.95589560491374,175.48660406502398,174.19031156143882,176.02849112997882,176.7172921948798,182.75067233607155,168.70617741285858,176.17848676086678,179.62508320845717,193.79867522989457
409,2010-01-25 17:56:52+00:00,223.96871970922712,223.22496507867913,225.13538845069513,,,,,,,,,,,,,,,,,,
410,2010-02-17 18:03:19+00:00,,,,,,201.03905075734616,191.1832947669452,180.39835199656568,173.34597190507606,167.84689672028549,165.29123719534084,161.9797321985493,167.5223777887504,165.50802475514843,165.20900478903332,167.04181144561676,164.0536452360178,162.42088314807114,162.07685798600522,168.31535958704717,185.89437616834874
411,2010-02-18 17:56:07+00:00,,,,,,,,,,,,,,,,,,,,,
412,2010-02-25 18:02:19+00:00,209.67263450248532,202.2837324494919,205.5559267938757,207.57970524771903,207.75957563024787,203.37393996588202,198.7256787560416,187.7550563701248,182.05362545296,177.01540170687542,177.46775210127726,180.84595118334397,189.24629519544624,187.8255546866239,186.71747835229058,186.4018449755041,189.01524795362826,187.1856553373612,183.61172798282757,178.43368547573326,200.53731426507582
413,2010-03-05 18:03:27+00:00,201.5723320431319,198.49531952911556,203.95901979984944,207.35781620228187,209.5829655315244,201.80076369169822,192.11444145472817,179.669918335471,175.55716045087206,172.76641874686942,170.82613806809292,172.37596954679833,166.14429488117491,,,,,,,,
414,2010-03-14 17:57:20+00:00,,,213.77596694018084,216.35537498095988,218.8592496566747,215.93356041193664,207.38499247541483,198.3314710440476,190.89264317166214,184.50160812965484,185.8860297149239,187.3140576120956,185.18846544482932,,,,,,,,
415,2010-03-22 17:56:08+00:00,,,,,,181.63951982599514,210.97977744107524,209.80835016396713,202.58587304946724,194.09877542822014,192.30146811069656,199.92321634047485,204.12430797881188,200.84965501605484,,,,,,,
416,2010-03-29 18:02:18+00:00,189.15128520241595,188.33930501394588,197.79400121769405,199.93284507723246,204.07510822911942,200.12204631048616,188.49399203872878,175.78169002536066,167.04454341980642,164.85362377489548,163.35993262608153,162.9958272090961,163.69287423260664,168.50832201831355,167.58323678531252,168.83458914086248,170.20486291518068,170.5218076149589,175.04393548071286,175.66159360109913,187.29940188308484
417,2010-03-30 17:57:24+00:00,,,,,,,,190.4205646292091,182.59696755483932,179.24348740873103,175.3574300272729,177.08091939818965,173.7998217056625,173.0160158460754,170.8858882158376,170.06504749494326,174.79798889942407,173.4575331958667,177.99929884234086,178.5634768481366,191.47462206056215
418,2010-04-06 18:03:35+00:00,209.82579108708563,203.8435940609441,208.70737829953418,213.1396584800812,214.92165819449247,211.69321877449048,202.49977973612408,194.22959582406065,191.12690317811712,186.93073131299326,182.43346388212524,,,,,,,,,,
419,2010-04-07 17:56:07+00:00,,,,,,,,,,,,,,,,,,,,,
420,2010-04-14 18:02:16+00:00,192.10031314705233,191.07894688759006,193.18045785056586,196.5395210723591,197.699933755379,197.91342139355672,186.16748428375584,179.23399966640739,169.15983760983696,164.58419345800223,162.8978447705752,167.76138932201775,170.5995742771693,169.6729657116027,168.0975168008856,164.03335350380817,168.84696944595945,165.75724275670575,169.8671718789273,167.57226536862916,177.92310456817492
421,2010-04-15 17:57:25+00:00,,,214.23960280466363,216.6413525449376,216.93438692354079,213.0494221158943,201.3561384995576,191.2630585867139,183.64003368138543,177.53162341936246,174.71192617804897,183.14060684526237,179.59066094848157,,,,,,,,
422,2010-04-23 17:56:03+00:00,,,,,,,,,,,,,,,,,,,,,
423,2010-04-30 18:02:12+00:00,188.98103741457766,188.13624111647363,193.4051058363022,194.26282848977536,195.2971743323224,196.04306362289827,181.35720477148425,174.96633595044278,167.4193171009253,163.6754940629205,160.77811718333572,170.0616669984316,174.1580378852733,170.7283687536334,167.04993654821237,166.59484936233318,172.56036002235987,170.7246194364867,172.75953971962457,168.88466097551577,179.53289688428492
424,2010-05-01 17:57:23+00:00,,,,,,,,,,,,,,,,,,,,,
425,2010-06-17 18:02:00+00:00,210.14727976767145,197.78313384585334,211.70289865007544,216.2013988630064,216.87122883227497,221.15238060544044,213.15658094026716,208.31010337002772,202.3928897673248,191.40151697158558,192.00697165489842,199.66600744081165,202.57252350775363,201.87311182057246,198.16108508122957,203.31590258247496,213.02561747129772,204.13674971712052,207.32788334766286,192.1991082490025,200.33996682006494
426,2010-07-19 18:01:52+00:00,221.43082283022275,227.35417009248167,225.6805129116538,227.70520155643118,228.0086516026925,228.00537344992102,221.8557611409304,211.7491403235945,209.38865498480297,202.97356610660057,204.11420315398766,203.78080376711162,204.57888189291305,201.18144304936368,202.4220908234291,203.0944979926519,212.6810333818075,211.45892778700187,212.77897950702186,205.279486034591,200.72866029012226
427,2010-08-29 17:55:29+00:00,,,,,,,,,,,,,,,,,,,,,
428,2010-09-06 17:57:29+00:00,,,,,,,,,,,,,,,,,,,,,
429,2010-09-22 17:57:29+00:00,249.24956328100592,242.98048397537724,238.54549432437847,236.4130581581177,238.60088048402906,238.1861622366543,228.06821906202867,,,,,,,,,,,,,,
430,2010-10-07 18:01:24+00:00,232.17847091406816,233.0812640475852,230.26092325501463,229.810496544972,230.7209945723073,228.65435372521426,223.6204265781185,214.4071925910221,209.42999395059894,205.67705433210273,201.83278625685,204.77169886434035,202.29478336749952,207.0003433566455,206.08447786146144,211.895102953726,213.34094222535828,210.30844992581922,213.6845688367593,206.05370818489217,202.06839454303076
431,2010-10-15 18:03:46+00:00,245.94514397933844,244.75463936373177,,,,,,,221.73281418381842,214.76928663545254,218.53983277145693,218.64856129148268,220.8485919883695,235.05145490600606,,235.74464872573014,,,240.45199423878842,,
432,2010-10-23 18:01:15+00:00,236.42195607178388,235.93043318370346,235.51399561576093,233.5916246358711,235.86044147554173,232.32143041909907,221.38384457169212,216.61355687228055,211.15973123900406,209.19408396859515,205.37604626807544,211.36247275386458,207.1482582620323,210.50302481027958,209.78149757129393,212.8468107133263,217.86682963822847,210.44318620692525,217.0152020153039,205.22727159484327,204.59009202000502
433,2010-10-31 18:03:54+00:00,,,,,,252.00987829221998,239.58776136400166,234.875563085722,228.60026621637383,224.42534147540127,224.40246871041347,225.94573415408922,226.80900624812742,226.96231104297914,228.83198682774304,229.53698258004806,236.90603491803446,231.91783359729536,234.8171594173797,221.62439196818633,227.3611381975129
434,2010-11-01 17:55:02+00:00,266.0577087379378,272.9353873318139,271.1755718138591,269.56231149401543,268.55515797031455,269.6292012222972,258.3884914214615,251.95810723662865,242.99989874416005,239.07312241044852,241.19480194737815,243.14130359701247,245.31376834034938,245.96462762465254,247.75932516002962,248.94741954477033,253.741744652232,246.44379717154047,250.92826696932502,239.63610494259888,243.1018268939457
435,2010-11-08 18:01:10+00:00,,,210.74121860348095,211.3130231613721,212.99304350100022,211.23851746915284,,,190.57686349787087,183.1020503254457,180.5676282983539,,,,,,,,,,
436,2010-11-16 18:04:07+00:00,248.60793397776297,249.71184116051987,247.5849489588509,249.0357935380499,250.8416670350323,249.54852147059222,242.19210928701722,232.74080465162592,224.25140704200572,222.1073762845516,218.96017678143704,220.6544302295676,221.3762613592936,,,,,,,,
437,2010-12-02 18:04:18+00:00,265.4476881318359,261.78601883288474,262.3100342766837,254.41855886283997,,,,,,,238.5690250884482,241.19139249387575,246.61416074349603,246.6077613508023,251.58328484100724,252.0553594182682,253.6859383724593,252.94192095504013,248.32922578104433,238.69790801360335,232.71514544068532
438,2010-12-18 18:04:25+00:00,242.55144657638778,228.67669732301337,,,,,,225.57903269794093,218.7067438848718,214.64160563156813,215.1575765601009,216.45203030304918,221.44572327662794,221.08245577815967,223.6431754746435,226.686599154203,230.98828499903436,226.0017556471858,224.91943925044416,219.97008760044577,221.923783809261
439,2011-01-11 18:01:19+00:00,243.07790545284843,243.74472442747702,247.40153430518654,246.4756447493557,245.44871663303468,240.57680187702468,228.0572869564096,224.63235478794974,219.33094847891493,219.99822833241961,218.95268592150524,221.6207310150565,222.25057361914247,222.7103250353431,223.95470851975898,221.0141606980097,228.51869010046738,222.81815682464986,226.62502574969392,212.94275653339037,219.5659211109259
440,2011-01-27 18:01:19+00:00,237.62971193903266,248.15356020797134,252.81701974777076,257.40009848142194,255.11893205913407,256.48412394277284,245.81003919423125,235.68924878822878,224.07466350924147,220.2802477137952,222.1653611323721,223.87286059926237,228.3093184133283,231.39479280902412,236.23073878291376,243.81623096096695,247.2253527032116,245.03921164034705,244.40564606828437,236.17717190267382,232.90110648159603
441,2011-02-12 18:01:21+00:00,252.69101508238575,253.09494831625972,257.013458595955,257.9916734542775,262.0331507694133,259.4365025154203,247.56147318855383,241.6146892238982,238.89596592387875,231.6903524961002,232.24098409284034,235.41696462022526,238.93081503715877,242.08475484214216,248.36419539871812,252.55691362242464,254.97488607853745,247.7031941801677,248.73673890235926,240.26250162708263,242.58988727907897
442,2011-02-21 17:55:10+00:00,,,,,,,,,,,,,,,,,,,,,
443,2011-02-28 18:01:20+00:00,252.5358202420764,251.83660624105693,249.05397753308512,250.50163639720606,253.2293970217495,253.45870043142176,241.03722121630096,232.08105686977015,228.140649196568,226.03365445363525,225.72527916418966,227.6234455588953,231.78359902424347,230.4307795773734,231.19560781074205,231.22976651654673,238.95908112740528,236.53274311404772,239.00068830216446,222.41146496634593,229.90696374760947
444,2011-03-08 18:04:56+00:00,232.08342709175338,228.2771932566229,229.79683021102846,231.5936238129201,233.2526856750158,234.54229674839593,221.72207885696525,213.4617389458002,207.96853880173668,,,,,,,,209.35673416092376,205.99564108899546,209.96505258026218,202.86059108624187,204.6593933638561
445,2011-03-16 18:01:16+00:00,237.85003686363797,241.49528362994397,237.6099491931368,236.67705508529355,239.61608483339344,236.97693765379464,228.5333910804352,219.4294337383165,208.49927802037442,205.84248125595764,203.80327287217946,208.0269221649956,210.59367299775303,209.95084925747256,209.70853572231402,212.4581460145364,218.5471019883129,215.16659395770975,217.17291683312055,208.24507049623224,214.8428461441483
446,2011-04-09 18:05:00+00:00,,,,,,231.8470348626689,223.91738132757962,211.98865299837536,209.91498860190478,201.16063912094074,202.53295578218774,204.2803549460263,207.53435683889384,207.09699919165595,206.48736529199653,213.7140165522909,218.42940433665464,213.6649520399412,216.07521812946248,207.13822209466463,213.91652221923295
447,2011-04-10 17:54:59+00:00,,,,,,,,,,,,,,,,,,,,,
448,2011-04-25 18:04:59+00:00,,,,260.37708710078164,257.62219291631993,258.31326218077845,248.75241538945306,240.70113563314777,236.77305144593404,232.870081026252,230.6990064888651,236.3247191094149,234.27957682599305,232.41086231873174,236.5996213279437,237.74944758972188,238.89379837510535,248.5664161046019,257.9685488316097,243.87696964240186,256.86331302341347
449,2011-05-11 18:04:58+00:00,261.09684384744594,254.49414826981592,258.8449442900718,257.40458250034584,256.9262531655151,252.84209763166086,242.71065220014833,235.65694092551922,229.96092002647075,228.27635241593225,222.38149741000257,,,,,,,,,,
450,2011-07-30 18:04:51+00:00,239.31084600015492,236.5093333250321,235.34620703945012,233.78364051597168,233.31811358944768,,,,,,,,218.7947155010372,214.83077169297906,217.4436252860088,223.73521961051267,230.5018797326789,228.26373413548492,227.739611562153,222.3117720194998,222.9464880604906
451,2011-08-23 18:00:09+00:00,250.79536123040583,251.98787892866926,249.3013210156235,249.67081470467122,249.26182478348647,247.43694510727818,238.57749299990115,231.18262506056845,228.52145251520213,222.92506765565355,222.8310735366302,225.3071070432852,224.47206597059082,224.82230173658644,228.27824522203875,234.6551891894474,245.70205435043144,244.52645881439338,245.0975712342542,236.67333249446125,234.84869858483452
452,2011-08-31 18:04:44+00:00,204.111868775178,214.38256300868062,,,,,,,188.37050550651077,187.81164406903122,181.03769502327833,189.83835655604378,187.794386992679,190.32218716837798,190.10959313496397,,200.33947503772444,,,,
453,2011-10-10 17:59:26+00:00,240.35701942156766,237.4883400498233,236.82898804798705,238.3180056247332,238.79921388690502,238.59813674776973,227.5014189641791,223.60694229160276,214.85614363925987,212.0508297491711,212.40804277855221,213.83741187392116,217.4238280600422,216.71665595658405,223.39268422027442,228.94760656763083,239.69050818420536,235.03425643427545,239.0508103987395,224.41659431336558,230.5815170779473
454,2011-10-18 18:04:41+00:00,,242.11665126909008,238.6585729620552,241.66350322749247,242.09379655075276,237.27920370746506,229.04430980794177,215.09910304946487,210.64400815403394,209.56827684240028,208.52558955915788,210.14589467415482,213.00172311664676,213.96629588624745,218.3963725826001,222.0814069510801,229.47780595753136,227.8041119339834,,,215.81303541977826
455,2011-11-03 18:04:47+00:00,255.73193957462945,254.48452552811528,253.94806488985085,248.65602077760497,254.17291785891658,251.23889116059615,244.1508768695442,235.50612959887084,231.2926263476714,225.94551329427225,226.0371808163004,229.52178778961894,230.80031427572953,233.92258528722354,233.66984904748892,,,,,,
456,2011-12-05 18:05:08+00:00,251.69633964754817,252.39719155523454,245.82623125722478,,,,,,,227.4967455532634,226.93150427216688,231.34834776423713,232.01422136714876,239.33008742645816,239.14443913147755,241.0178351267674,246.75168272312732,238.59137449083147,246.26357374711336,233.20373455790218,236.32051109565867
457,2011-12-21 18:05:17+00:00,250.88565531185986,253.79242593438607,251.3065668815791,250.1528459044688,254.38694752230487,251.19979924226527,242.23542742415975,233.7302030281786,227.13133632728068,222.23186271728042,223.44809936670322,226.87371086125995,218.27910511149534,,,,,,,,
458,2011-12-30 17:59:11+00:00,247.40308655492726,,,,,,,,,,,,,,,,,,,,
459,2012-01-06 18:05:24+00:00,229.61775289927712,236.42371117241134,234.45333064810495,235.9051353702527,234.81925281741013,215.8978376675397,,,,,,,,215.9538191546435,217.056315291116,221.81019498327313,232.65823720783723,228.856112080742,230.89781924986113,219.47762664946288,224.31121601358976
460,2012-02-23 18:05:31+00:00,211.1788961441986,203.4876428662553,205.84222540092458,226.96462116434213,216.30835198726308,,,,,,,,,,,,,,,,
461,2012-03-10 18:05:28+00:00,,,222.47677411260713,222.96768436926158,226.539811350979,224.97878155345285,212.3195790121478,207.94839486848298,196.94826682051155,190.43438437944303,189.21588194725325,191.77087361980705,192.08220954451917,194.84921871753187,198.10268312648756,201.76304328951795,204.9120985496964,203.17805493540874,205.1155505670776,200.4064017526763,200.65594318428327
462,2012-03-26 18:05:30+00:00,217.83097299397514,221.31491565128812,224.14449220073254,222.45052636359367,225.080286557176,220.94469510495435,212.449755799495,204.2275546768256,192.58760162741174,179.77321857041295,,,,,,,,,,,
463,2012-04-11 18:05:25+00:00,213.47833783640107,215.95375512286057,217.34713871416153,210.33468953447783,,,,,,,199.63791761073315,196.97411649883014,202.22699021022515,203.55195479165837,210.07448667770447,212.66352359355668,219.57075269164557,213.49460866766387,217.94587821182552,208.88920892918827,214.23103717819106
464,2012-04-20 17:59:21+00:00,220.9361536179241,224.9323564921699,229.88400352974594,231.9143059319846,236.1383412158068,233.266853637872,,,,,,,,,,,,,,,
465,2012-04-27 18:05:45+00:00,,,,234.21354709365718,237.17344052681074,236.09603483763192,227.4337008749353,221.151578139423,208.53664432973835,209.21304222052186,207.52533539194553,209.57644260181561,214.002643226811,215.5887317594532,218.91209647892032,219.00412415572015,227.27877822348648,222.76991767028733,225.2243334298447,219.47434384993613,220.2803211604955
466,2012-05-06 17:59:47+00:00,228.50061689721173,232.7166434508249,239.58668266011802,239.04296158413496,242.0524912316509,240.5055827374882,230.37194978818536,215.60763484155257,,,,,,,,,,,,,
467,2012-07-16 18:06:11+00:00,,,240.3378745203848,239.50052664509747,239.72523392557144,236.4874115705652,225.94611729243368,219.73392417319326,215.55308867430563,214.27606275441212,212.83346426814902,216.2520493581173,218.16584282448574,219.68618574638552,220.59597753949666,225.73605323634558,231.69769547999863,229.9060333809109,233.45088472209312,220.96992277910454,223.34823532181318
468,2012-09-02 18:06:42+00:00,,,,,229.57488943888836,231.66452961656904,217.2831813985636,214.76333843259076,207.25052062835078,203.10243060938268,203.6985768677307,203.59774908417154,208.7615712584256,205.58043163369905,204.7231827197199,211.67111617834126,218.42328843991913,219.82842387106314,226.22934363629548,223.36611474954367,222.16697330038255
469,2012-09-18 18:06:50+00:00,,,,,,,213.20924931378832,206.19329178673422,202.62827215713287,202.37794808226136,197.19309020440753,203.62104249117806,205.71283825020652,209.6860107044224,212.20675445297195,213.18708999645696,219.63192189049866,219.17181224842062,224.48853921366066,211.41958620186122,216.83906206197432
470,2012-10-04 18:07:00+00:00,241.85779423386884,242.0342090436335,235.1314446311642,,,,,,,214.46135427353238,214.99626454692066,213.53977151277763,218.3809570267578,217.46060474845052,220.3683613667683,223.25879366230504,231.18516540749084,226.97717064626477,220.89620693050404,216.50916042418527,215.703965806287
471,2012-11-05 18:07:13+00:00,,,,,243.05088975494562,241.85149460157396,231.71166785957928,224.5054908763429,218.10692646402583,216.05012013279259,216.6575342778147,214.67814361194576,220.70518573050632,219.42051739846465,224.34696070420256,226.6152485436137,236.01138538791506,225.62480991484279,233.58935123463849,222.45483864673542,222.62537073987014
472,2012-11-21 18:07:22+00:00,255.36655708819913,249.79863443457745,252.7214878639921,248.59305022511083,248.94426465922692,247.73074274163136,239.51970967740007,230.92606183730246,225.25518148922305,220.0037027841438,,,,,,,,,,,
473,2012-12-07 18:07:23+00:00,243.23125250046695,242.48471902031505,243.43702060131395,244.94516204141482,245.09505941497025,244.4997400691871,235.77173713341887,227.8880530727003,220.49516496294802,215.11386442799176,216.67458881086657,220.5032598954782,221.68350761141295,220.09484964546783,,,,,,,
474,2013-01-08 18:07:32+00:00,255.84570590450238,254.9364792079161,250.87072115991094,251.44941652471877,254.24342704598928,248.45290166076717,243.13270916105876,233.33934917542283,221.57293039856825,221.06240780550496,214.13972387824566,,,,,,,,,,
475,2013-04-22 18:13:09+00:00,245.28239430188322,247.71446818559832,245.58925182848066,247.91974485211682,248.89376801166202,247.9884128876388,236.14791215968089,230.2777611771271,223.29269327598521,220.1323036641419,221.22859716343368,221.29705411535795,225.62568255597526,228.95619730341164,228.3178152807165,230.96701006994869,237.10361668985328,234.2118940499994,238.4365151501421,230.27474709591903,232.59460817815545
476,2013-05-16 18:07:15+00:00,249.83761182239374,245.81708189116858,249.894704036399,248.92235718094048,249.41306919498152,247.4556814021185,237.9786337851731,230.6230024677542,222.31168913724258,219.1450655314735,220.303818407208,,,,,,,,,,
477,2013-05-25 18:01:01+00:00,,,,,,,,,,,,,,,,,,,,,
478,2013-08-12 18:13:23+00:00,242.02965568793311,237.09997134766007,236.26966116006548,235.42251265328463,235.8337352952123,237.806561733157,224.07913351144413,223.0210193442124,214.05283397631803,211.0320491482368,212.45738385437517,212.78708974662658,217.12779368977607,215.7377635710376,218.8819337369275,227.25213136458837,236.2731816403273,235.7372351607341,236.9041275128447,226.3248954078653,224.57742330663967
479,2013-08-28 18:13:26+00:00,253.10199403896405,249.318377013954,250.58228665414066,249.30562847698883,252.77750658744202,249.31198528525232,240.52999927173124,233.95672938883615,227.94698646651247,225.4654037499742,226.96805279945792,226.7063291799842,232.19923513526058,233.46842749774305,232.80136719911746,241.27985965720433,249.09571239981773,246.0777523510576,248.6939358110434,240.50628701391798,236.47806502725237
480,2013-09-13 18:13:22+00:00,251.61098208556052,247.23915995356109,247.95379074155446,244.04322534508952,244.4144484787476,245.59209065329145,233.4008613438649,230.52237549225583,225.68065010171466,221.6003262325209,226.16494666692498,224.3215800329442,229.17261096796432,231.97640408306728,230.5218629825991,234.5521284289534,245.70071212746393,242.32914105698393,244.44738471935065,237.80979067971725,233.38250770438944
481,2013-09-21 18:07:05+00:00,,,,,,235.97618765528406,227.9298874473289,,,208.731440494654,211.97506981119233,213.19102696583357,218.06110107093804,221.02551304221322,220.07423717945352,225.85646219632503,236.90385815985476,230.21627332570128,235.49053492610332,224.63214040064958,
482,2013-09-29 18:13:15+00:00,256.26844070003625,257.53199560708987,253.04180606973287,254.56247959265724,254.23089235814808,251.46371174479123,244.15913085307298,237.5493373307939,233.9555369447274,230.70193893140865,229.11926589279994,235.00225299065585,237.7423171374203,238.51073385588288,243.4205996397779,245.45812284011555,251.40399508058184,248.73752543186237,249.68949821765187,238.67898151441935,237.88043839533148
483,2013-10-15 18:13:14+00:00,262.3146994366366,259.48136028301894,258.551607333451,255.9660934284035,255.3840313663601,254.1711050221478,242.58009126241774,238.84594510296188,231.73473732729545,231.3167402721441,232.28574947726912,234.45582476937633,238.2484398186061,239.43968116522402,239.84723957597225,245.54677432399257,252.9667557860301,246.6504498368311,250.76825367834851,242.3337490659069,243.80146286475733
484,2013-10-31 18:13:07+00:00,258.12064335113416,258.2020263057732,257.76962529265614,256.3512933069855,258.01661887631553,254.85018797488658,246.46139934236407,239.07458183735173,234.0361796167844,233.01763873471282,232.23580043140078,233.6348164881295,237.66440650337407,239.40470232591747,242.6827754781254,248.69239945813715,254.94063178080594,249.48792974230764,251.7772494973243,242.72831157522316,243.31632925214734
485,2013-11-08 18:07:32+00:00,242.61124929423156,238.49054063765269,238.1933368440013,238.53219767594982,239.87426085754532,239.67378617650684,228.57812389137365,219.89648774034268,,,,,,,,,235.4011067333545,236.41535218854116,233.4194798604151,222.04247274667108,222.99866533168566
486,2013-11-16 18:13:04+00:00,244.04488688474325,239.53776870174647,241.45678743449415,240.51479351018017,242.62747427310177,241.68453517392464,229.60659188923037,223.44691684593343,216.75133254470694,213.21008500162532,214.849113011908,215.01700534276566,220.4935243875675,223.9162407058679,245.15076528967597,,,,,,
487,2013-11-24 18:07:37+00:00,,,,,,251.50411561488886,240.2466387526258,234.3945755557819,229.02109275613864,,,230.65183445925624,234.69993909812496,233.39295453803692,238.95022021092115,240.89329144268606,252.03471618281824,247.88196160683552,247.06541869621196,238.10449854563493,233.9482110629184
488,2013-12-10 18:07:44+00:00,267.27962028867705,262.8874097062651,254.291105380379,,,,,,,239.89590192524733,240.3938515116626,243.76926996432647,247.57865737700484,248.4645779251208,253.17162716317134,260.20552027549695,269.5680548128092,263.3845450838605,263.0858731783148,252.4559404735113,258.0389834873447
489,2013-12-26 18:07:47+00:00,262.9567680205328,260.6996518291078,265.5176369521343,262.9369116441426,262.6740837869404,265.1108593631644,252.28714485277226,244.32626193612055,238.6097471356955,239.92357643778632,,,,,,,,,,,
490,2014-01-03 18:12:45+00:00,222.25684495863072,223.88016124967282,226.87863223500267,222.16103308228077,224.82657506448277,223.1038201378953,213.7303081724627,206.43087131245284,197.63441735051669,195.95474526409689,193.57693432333997,,199.9050515559913,203.04221337221946,209.29617496612775,218.05343292134415,,,,205.93108783913,206.7017700795111
491,2014-01-11 18:07:52+00:00,260.0966033636813,262.55944734099285,260.53109497094556,,,,,,,232.43320643407117,232.6719617751188,236.19494726007414,238.09223555881675,240.9358248209997,242.13247939359616,249.5583458476683,254.84974131367977,255.63719085675348,253.6540694051232,243.46877129977037,244.60695623642096
492,2014-01-19 18:12:31+00:00,208.9716688471393,214.25002033957355,209.08724039775257,215.91727604499903,218.67500464974478,217.59021365941635,208.73646940407224,196.13140180318055,197.7562665699371,184.18966834858696,186.79077117330667,191.81302650824182,192.93306407417654,197.79868998581247,205.6233838333188,209.13383735109971,203.88680315696115,204.01851730845053,197.40553296878042,192.78603102993853,200.45993407686728
493,2014-01-20 18:01:53+00:00,,,,,245.08272263621717,243.23218453943616,229.11346938264987,225.49211815515008,218.50223434045336,217.44054553946393,219.38289956929808,224.75499813147746,225.48462982388892,231.47845893668475,233.15288257358293,238.35301774770255,238.16826138380446,,,,
494,2014-01-27 18:08:11+00:00,226.6306783190145,233.09752320543757,234.9527434282869,237.377066239158,238.12706195567856,238.84500922235054,218.6753281071735,,,,,,,,,224.8916179934859,227.92994613095175,224.18910787702146,228.27810361281144,212.42837926774274,217.1811620389294
495,2014-02-04 18:12:24+00:00,221.4496279897054,222.03801048197042,231.3747731450048,230.59179505982684,232.645180230123,232.01394629114174,218.99415067527258,211.01005703644213,199.3832732108143,196.19591810436722,193.9052907795005,192.7189156114403,199.17925519253993,201.25554584847697,206.85966932594803,208.6874116811765,211.39679482290813,202.81480926787347,210.93357061945596,205.5322623465554,205.73656121651186
496,2014-02-12 18:08:11+00:00,229.5189060381198,230.9917192349771,235.41349853358912,236.24656303408665,234.344220889148,,,,,,,208.21946850077484,212.76695105386898,214.57381679277827,220.34327741177134,221.9331848501679,227.76631839541557,220.02695040887085,226.08776512113013,214.0989761887531,218.27732011855684
497,2014-03-08 18:11:57+00:00,228.5735677618577,230.3655184403728,232.23175294651517,236.08067348990824,236.34144569784257,233.10846455035835,220.70918200861365,211.5483776010401,207.26334597445287,198.3262456332178,199.1784597846804,200.75059042972947,202.58931676476618,206.49190588134542,208.2604943234386,205.9307031595952,213.05391936809093,213.82528631227322,211.33599920300503,208.246112763224,215.12844090364712
498,2014-03-16 18:08:15+00:00,209.73874347036195,212.54867799513136,217.3107783334564,214.80662000478014,,,,,,,183.1423922296584,185.60660522988763,186.69902282517182,184.73116841795638,185.69227546423224,187.7103697426387,186.77520569239863,191.64933493318085,197.23590667908832,190.98834960449238,202.87311960384142
499,2014-03-24 18:11:42+00:00,246.2104391105242,251.64145771250054,253.69103038366796,255.6121186378362,256.92122006206944,253.69010816026497,241.9151372069037,236.21607978908924,228.0016109094786,223.73069167395914,224.8442265054377,228.90635872202063,231.2917867172776,235.575502878034,237.88578189173603,238.93145793218255,241.1369318039026,239.9890167562827,243.15896785082222,237.32239171422688,243.43038668294614
500,2014-05-03 18:08:36+00:00,244.03116675632916,241.70771669909215,243.47123106994655,245.03831101764266,243.42312373025612,242.60995233141483,230.93920110000747,228.6069577318169,,,,,,,,,230.77673153231893,229.65045123382913,226.5241692808121,220.67064030223762,218.9222238760134
501,2014-08-07 18:09:02+00:00,248.0969257142885,245.22047291478626,245.5138941659696,242.27051251044062,241.64783115648174,241.4669968558177,231.06148255141758,225.13203570503524,220.02211136854862,216.03398538055507,216.0442468039158,217.2617228513028,,,,,,,,,
502,2014-08-15 18:11:27+00:00,235.55061404883162,237.11636611508493,230.29592514355934,231.84722615662497,230.33050826308812,229.93019040637344,222.5682707945219,215.1351743524695,213.3714141236161,208.23088444603962,206.35466891518047,207.7244013087893,207.31868454339178,209.90227259853197,212.54275580928953,217.17967740765664,224.56514928742448,225.80964082849812,221.45254905706008,215.84231808228728,218.17226490934635
503,2014-08-23 18:09:00+00:00,230.86872798820994,,,,,,,216.69573442394656,207.5546327641432,206.43857815201852,206.64639859967426,204.13799259974033,210.08993855050986,209.16040542197834,209.2445813439726,213.86626752165893,222.08250383878038,215.35817468550113,213.57293316093487,202.71467546578427,206.87717599830964
504,2014-09-24 18:09:08+00:00,214.91226239187625,,,,,,,207.85940830726418,201.98412949605324,198.98987809552048,201.03543848591337,199.91288374844987,204.75394663716074,200.77196194620447,206.39827586237814,212.42623375413558,222.34476786263798,214.79430033561093,215.73507310738762,207.62864603355416,211.22301662179603
505,2014-10-02 18:11:33+00:00,229.1156364122183,230.71635005141917,232.03249545905152,235.20406003043752,233.7221240323924,236.12192573590727,223.49531713141553,216.21578601509043,211.34005517039583,205.0264845380342,208.73672253856316,211.56728774647385,212.07122537387886,215.45114376739969,215.83718514465454,219.64332147655253,231.94707721427804,226.33496556101522,224.58920738757007,217.4550060270589,221.93656000230587
506,2014-10-10 18:09:20+00:00,204.49105213480368,206.01905412810157,208.41186957628827,208.13681498267522,207.97136805337988,,,,,,,188.76321146742853,193.49469857607596,191.35885726302735,195.1769638345123,200.1300961712107,204.81291248402556,200.73482030080305,203.44338472361858,194.85101621205985,196.92549569293726
507,2014-10-26 18:09:29+00:00,212.54263756456425,222.0716549317741,222.0899018888319,213.00105073994416,,,,,,,197.14094405576833,195.25749698736448,199.01785950007303,200.24566696224525,198.40155476435743,206.82347143939498,209.41945328248727,209.63355404997407,212.04178792913376,204.51408398546965,199.6414043339629
508,2014-11-03 18:11:35+00:00,242.7533254090206,242.56317962116765,244.12976151744567,245.89614605698856,248.0595832351537,245.4064712383027,238.08383059517746,232.42372884545293,226.91665951816782,223.8419358713306,225.21248941002366,226.8566955301339,228.58178190131136,225.31540631734984,229.82835321977507,233.28683969419382,239.50100335007667,237.87867386863823,242.66263609099997,237.0167421405066,235.71395661160318
509,2014-11-19 18:11:33+00:00,246.6049897074389,246.49429273495693,248.37910895600922,248.82454067938653,252.09511688081795,252.4366387872591,243.16069422217043,237.6814468845964,230.14381791521362,228.11685211423242,226.5782292779229,228.47031382065398,232.1119657482223,232.54461519515752,234.96210056884343,240.24082538370752,246.20789284841794,240.87319959732554,245.20640497814549,238.14840425308228,236.16680299332987
510,2014-11-27 18:09:42+00:00,225.1473080893635,225.09869196380794,226.73806760085242,,,,,,,202.50599012149766,202.1451629100947,203.17207832989544,205.05168075259797,208.45408810163508,210.98782054050298,215.3575165453282,225.6300265490886,217.57807145056015,225.5641480797445,212.13385953793434,221.2765620894912
511,2014-12-13 18:09:50+00:00,,217.98994576585795,222.28591929398112,225.68097666312784,231.20010013497756,223.26517913453782,212.1244193344636,203.07580129334136,196.11497655773485,197.23778076495097,196.64267726794463,201.1176792440821,204.86180478598612,204.1838005487528,206.50856945339848,210.46924838047755,222.31227232489618,215.37164271977161,215.6058971314178,198.58269776834575,214.45459155048107
512,2014-12-21 18:11:30+00:00,204.32246938055846,203.47969915289497,208.70049163044024,214.55079483685932,218.3697720360874,215.02780991114747,203.48229281178016,192.5939806383323,185.66511221857473,183.33023656339708,179.98489891465897,179.1561576809048,181.0253851786674,178.8148991786697,185.97626569882954,197.12804071666363,199.49128805853,174.64414763735545,181.4918679685382,184.9506211122951,191.4863668313273
513,2015-01-06 18:11:26+00:00,,,,207.39994905455694,209.55541861971489,211.66928404109638,199.32718961850514,188.8414977490113,183.13923704463582,177.4506491520823,176.30934559399566,176.77805776241897,176.3725808540638,182.43443572598198,186.5362976531552,192.5465519838727,191.2475866355878,180.9003528778939,188.36858406055933,185.01091744744937,190.08237726721015
514,2015-01-22 18:11:20+00:00,202.96542626539184,202.55035725258819,210.20000757343456,208.90370581301596,212.3042958185369,207.28953363083542,199.74563809832168,190.72625098646049,181.59830625556359,178.29983838954698,174.84721221981385,176.79155842554638,179.9880605272412,173.08696452390706,179.59259743522952,187.34025173053496,180.16879058354493,172.49520812314327,183.59335157163852,185.45927338207977,190.70196452070525
515,2015-02-07 18:11:17+00:00,214.44443646024752,223.94712521041197,224.12323783148594,231.20298773555248,230.97336880204136,229.74347535218334,220.55876397251254,209.11142088885185,204.77639305627298,195.3833349751801,196.6508085357251,201.67628995097627,199.53083630182678,202.6666833277746,206.40818151933195,209.50277016909013,211.22391836302398,206.74929169125195,211.12600741359824,206.0139668807317,209.26256286492767
516,2015-02-15 18:10:05+00:00,,,248.85743366093033,254.55628027117973,255.00631266181477,253.23557296187187,243.8246734595018,232.94684834362297,225.54554702818788,217.48625808382744,215.26546199194166,222.04052701180754,225.20948536278178,230.3199804203814,233.89958243192572,238.5568277670737,242.3061373693302,239.02376891447838,233.50016489416868,223.1578558745906,222.3165115776043
517,2015-03-27 18:10:52+00:00,253.19599790443857,251.96640631970757,253.86374373529083,255.3995488751474,258.63067154023474,257.07173860730336,251.3174366567885,240.50243646094304,231.56957330511352,226.56694852822181,225.7685429794136,229.9603463991306,238.11613949992818,239.28590043291345,243.73877590625023,251.77479436501298,258.4361317695541,255.52429278790387,261.1351589493415,251.3088115106752,259.3702520062135
518,2015-04-12 18:10:46+00:00,261.31893681717384,262.3203477539993,265.36256812958817,263.056590693004,263.7439425454163,262.7333294730729,259.75838369025945,249.9639722692749,239.9618598909288,241.85089462510365,241.6434683642525,243.14123200402912,249.99834699913032,252.4192468430397,260.5414293196465,263.6366182357242,273.3616257033233,269.08172127961564,272.0504394199454,267.95515053523667,272.98438177581704
519,2015-04-20 18:10:36+00:00,,,,224.49313291036725,225.9058317431277,223.37406266817936,217.11585643039598,,,,,,,,,,,,,,
520,2015-04-21 18:04:33+00:00,,,,,,,,,,,,,,,,,,,,,
521,2015-04-28 18:10:39+00:00,259.78037601729363,262.13458414597073,260.8886351476476,263.09477349105214,264.4985039949444,260.8639918531783,254.39520929001037,245.59207535195287,245.12978063562008,241.1115087463166,239.88956188553524,244.980908269264,248.90962318466205,250.19414077335364,257.0660620527612,258.88014354283655,271.68343404941606,270.29888186094854,273.06661722773447,267.1414866659643,271.9908170620166
522,2015-05-14 18:10:23+00:00,238.91964110929382,242.20234974230115,243.56414244469755,246.09411583542177,246.96430582121943,244.7265267355823,233.06675617574783,225.92423279229567,221.01340411383129,216.5433355607434,220.35171805936258,223.02663258649798,228.94766480624025,229.64120553450599,233.71969302376152,241.50691880499778,248.42439387000857,246.29578860975482,252.11089743971064,243.38577246520742,244.3554936600883
523,2015-06-07 18:10:57+00:00,236.7258229982575,238.57240621974069,238.19455129819755,235.7087212380336,237.21975199570454,235.38771754716464,227.57462552819175,218.94643138864262,,,,,,,,,240.41304747153143,239.1886000998819,245.01236876967886,236.14817906731054,234.0359297093056
524,2015-07-25 18:11:08+00:00,,,,,,,239.66044810169223,232.78920450728475,227.3397800273881,228.8205017421007,224.00029501926377,227.3336048174965,229.5111443348785,235.20209509646554,235.44452561322652,245.7324827605318,253.84552676261504,253.12416811478892,256.52251906262563,244.3781744621681,242.3412530197587
525,2015-08-02 18:11:00+00:00,215.27015503193866,214.19264307536304,218.0838083731359,217.0158563375474,219.5941581219601,217.92869155819318,207.32858339489556,202.3971261518986,194.95221219880068,195.24587391281514,194.14404879385086,195.68879516967064,200.93026579956307,201.87663486934463,202.35934147990804,209.7054511641858,218.50243354671503,216.52913602036318,221.98184798463427,212.2071996252218,215.32970211211762
526,2015-08-10 18:11:12+00:00,238.3791710184709,238.1640188398315,237.7419763873961,240.85772053275656,229.40325534964663,,,,,,,224.84750387041365,228.34431839831984,229.88461706302434,235.20140039081014,243.7649135590533,253.8016063737551,253.07732971870942,255.80080494183733,244.91144393379327,244.48637652978815
527,2015-08-26 18:11:13+00:00,,,,,255.70679905815672,251.71772705152134,246.009960029992,238.11505112282518,236.28472551564352,233.2064627006736,230.70926311089966,235.7531123711192,236.3917794631306,239.6566723036487,241.46090770368266,249.61393395999102,257.29345711218616,260.74830244016346,260.8361658126602,249.93400743264948,247.3674689849456
528,2015-09-03 18:11:12+00:00,224.8844299969066,225.83069751265577,223.48783811504728,228.40940811312277,225.2392502225583,227.50257198647682,215.2410322255993,210.36579096867695,205.0846781017135,200.77907836960196,201.3311612862977,203.40556534932625,202.83725428163007,208.1724687058657,212.77120045410194,218.7106166657585,231.31755226734901,232.1374498965515,232.46336463902924,222.4706515219366,223.0002701654888
529,2015-09-27 18:11:21+00:00,,229.90277731344622,230.43086153680804,232.8442417988561,230.78002587964744,230.39184511343836,219.9079447279304,211.54332819320194,208.80161094823552,206.31961450349536,206.65538338698494,210.39057506741426,214.51436627625208,215.53722712906938,219.75935028602217,229.23959476726412,237.69379047847855,237.20037324497756,228.89245948506192,226.949473285641,222.66384841005583
530,2015-10-13 18:11:33+00:00,,,,224.87978546774988,226.06332086818168,223.1219185430183,217.9902121810498,209.46382411333383,200.83159832158748,200.8343802459044,200.8637662732684,204.1194797885091,204.8610964405169,208.10347502611697,209.00795498255437,215.59819023891214,225.55540317540715,225.67609408239525,227.20883694907258,211.80539578191392,218.63912948398072
531,2015-10-21 18:11:26+00:00,237.996318271058,238.41387732924562,236.7741969093872,240.82518726252124,238.5546704848258,242.53835954839417,233.26069355356464,224.7899068792016,219.91492637115607,217.26489074127352,220.2951239554738,222.9775549382212,223.72438834823845,228.6443566343762,231.95676626881942,235.78129004228904,247.2416322683971,245.01538039693247,246.3326105832385,236.49467672793878,236.07548443650168
532,2015-10-29 18:11:48+00:00,,,216.67801948100305,213.17815906143744,216.29948599365667,208.34226374917318,201.55840972547156,196.2369632151022,187.55408654080833,184.7483693692987,,,,,,,,,,,
533,2015-11-06 18:11:30+00:00,246.8485876383472,247.62835652093216,248.87400601007454,249.22427013765758,250.06761222606954,248.51851743974808,242.09155899393846,234.79694768541262,234.54250426788266,234.06436670446345,230.2840816070591,237.85045043974344,239.4837411141093,243.4213223393444,246.10857095906766,252.24226301073946,259.811631122117,254.45570694807284,261.8052856877906,250.17898090033123,250.72260347669322
534,2015-12-08 18:11:30+00:00,218.42275662519074,224.77340200398856,221.74551458473442,227.2549343368993,229.50417459359875,224.12587602954858,217.72142901211254,206.50387383809192,200.63477742816195,194.65715194039564,184.94222671692364,186.39266790576437,185.59389193572827,187.46379003938569,195.92772105652082,209.52949264442833,209.03083487255122,197.40350599534108,210.704546438993,209.66689923058408,215.4457278368361
535,2015-12-16 18:12:35+00:00,,,,,219.1050852867429,221.465149605134,206.6221336423651,199.5997580523089,193.0406931900362,187.58105597586206,188.04172835593033,184.28944416279694,184.66620824204858,185.62321212113412,185.0481925148165,185.21931606781604,187.2368732104497,192.29620608548436,197.36097662054428,194.38262179246806,200.32555943164022
536,2015-12-24 18:11:31+00:00,205.97117465006482,210.93678106196137,213.3757955507431,217.67349710587837,218.26568105811066,215.50740696048794,203.26994607209343,191.95607019594237,185.02722321818797,179.54878677931742,177.7011974475348,182.61921007125494,182.75024606344624,183.03750401306118,183.0292969761294,185.64849404496553,187.131802170286,187.45761505858067,196.46169848416937,188.7125858813691,194.1749991499041
537,2016-01-01 18:12:48+00:00,224.09732657411305,225.0374920690958,231.02755543190568,231.94443405724823,235.49016308013336,233.26484924833198,,,,,,,,210.8717731100503,215.44688126939175,219.3416024213628,,221.33567158854692,225.81354544162565,218.15470602603537,218.55387368459185
538,2016-01-09 18:11:27+00:00,197.85413573408883,203.1080890593883,205.0986584674322,208.01757969531394,209.1042649943267,205.6730458592018,194.32529954787069,179.46426749648947,175.84714897436538,170.16303597349562,163.45688151845832,167.90810239518072,167.9303010694797,164.88954605879786,164.33034373562438,158.82263093312133,162.6311834010083,165.8309417586234,170.3866751517445,171.90425166001688,185.2375790660695
539,2016-01-17 18:13:03+00:00,212.82575783061452,212.77043522508694,213.68257086180392,216.1900428639802,223.05062175011886,223.44761263898621,208.1800879139445,197.14328441190386,183.73112551131794,182.8660215895651,162.97849624516235,,,,,,,,,,
540,2016-01-25 18:11:27+00:00,197.2342132260353,194.85645626016205,195.1435068257365,201.61516037504214,205.6409247983331,200.0883816875953,190.40183593070623,177.40027191459762,167.77356789064694,167.84493163434155,158.59533391656146,160.0268890626382,159.65590776109855,155.23495249970478,158.63440903861746,154.18024471573062,151.41971429629896,156.6832124557572,163.64827365895405,169.88563829088042,175.52812437427747
541,2016-02-02 18:13:12+00:00,209.36065831638106,209.60860745019977,212.7502990946287,212.20855587104916,214.0553506702597,212.89549488617644,203.220918219593,194.64950334765342,185.95242592922142,,,,,,,,196.45122195053716,180.0757449721781,178.58753726346822,177.64579176283323,193.76168240471682
542,2016-02-10 18:11:22+00:00,200.99854928638968,200.85641646758467,207.8940812093333,208.6665777283964,207.5222973686154,207.2918673758499,185.0219867226486,180.62483929020658,170.8800904361399,169.7147635505896,163.36716418508138,159.5927660198646,163.10109319759601,159.8045424322166,155.3044907199859,155.91746701577648,157.60958702909826,154.07588666822596,159.8512638597884,170.04216792294665,175.00857591162622
543,2016-02-26 18:11:16+00:00,202.13192928106415,201.26148964393298,200.76941998424223,206.2386111249399,210.6274943181425,207.4740722703317,193.0706415898686,181.4116890058114,171.30706435322165,172.8542054927766,167.69527869731877,165.08971196613135,168.22697778197653,164.60111115297713,168.307288875618,167.2560681904638,165.19905372844732,158.69515988435086,163.98832757352372,168.13030139283592,175.5654896151923
544,2016-03-05 18:13:23+00:00,204.96893968586497,199.7187438644807,,,,,,195.95968499524784,189.64463358813694,184.43326684290633,179.64150328895505,185.574237094786,186.8655112334271,188.8765122560187,191.62755873314524,191.36255586230862,195.27753730085803,173.3434945742861,172.63326533150368,175.77811119336695,190.02429867415862
545,2016-03-13 18:11:13+00:00,200.6304369608048,198.82764631094153,207.31778214019727,211.22666074746743,211.13440087247307,207.772980814187,196.4798217203085,186.59803067512507,178.8013450464399,171.51170062418194,168.12574683468404,171.57127401381882,177.33282277441938,179.61184521071132,178.81084364582642,176.56504999096705,183.4218308406082,173.1273281234453,171.77964892805235,170.92889060133578,182.70326880782955
546,2016-03-21 18:13:30+00:00,,,204.6762070790162,206.23829913243196,207.88198233435276,205.24252139739997,196.33574143388603,188.09163812126204,176.16769888759583,173.49546839430144,168.87683439031161,172.07250555646698,176.38083331220088,176.66826348258508,177.17470368848853,175.60081687681202,181.827615838305,171.056299646799,175.1430908491859,173.63442979709106,185.4087704410369
547,2016-04-14 18:10:58+00:00,208.82970235335418,211.48733335067442,222.2038641448188,223.19570869188658,231.0007556623027,228.64600794385905,221.60219174804763,214.5986276448953,204.9339913065801,202.13898668821798,202.5517122432443,207.0038093554075,216.00132430130256,217.43832727105854,217.6026185519774,218.425335833597,220.67888029563403,213.7883626648213,215.1469328098285,208.47320932657087,215.31026494892512
548,2016-04-22 18:13:42+00:00,175.014507711596,192.90824357887578,198.31037189161464,202.7478747207135,206.9670826153997,204.73336641439445,191.50743369290367,181.27404319133188,172.92057958698672,171.6098863478524,167.50389100812012,170.8188796775272,173.79931223745905,,,,,,,,
549,2016-04-30 18:10:59+00:00,216.83036245168904,216.94319405847733,222.2588669358916,224.27573049808268,227.61778846753376,228.90273963685036,219.47822450996955,211.9038378109384,205.34862025611244,199.0911686320699,198.97880765636398,206.0568497786233,213.47076343993555,210.6318219885912,210.06854739144484,216.70909321796478,216.9452552277659,218.05610065958092,225.504461542437,214.54751204995247,226.10551127834918
550,2016-06-09 18:13:55+00:00,219.23314361130736,217.05310972122413,221.3240152789217,220.92641514620132,229.5568787087226,229.9020554027907,221.1565446510276,214.80061514698443,207.86993020768534,204.15484236457507,204.64961817901036,207.08988229651868,206.66809641912465,205.8162930777379,198.44946569625833,,,,,,
551,2016-07-27 18:13:59+00:00,231.95141320756457,232.58219651712477,230.71930945411293,,,,,,,214.82882911952385,215.1238649902927,217.68117833373964,221.7696826920747,223.86873944854136,228.654296243506,230.56509713248036,238.12748672069836,234.9443212429598,239.25874534767894,231.22408211565994,229.42479060681447
552,2016-08-04 18:11:24+00:00,200.1184070297541,201.44222518266133,205.90608602682423,205.95331903000186,210.4552094269545,214.0024277062966,203.7582908821659,200.44223834240796,191.81295799063497,191.19163811685178,190.95289945894976,188.16211791210725,191.7508709222805,188.94949562478376,,198.25282645741777,202.5424149431043,195.0482918693403,199.94194610028165,195.6851162898151,196.73675330642973
553,2016-08-12 18:14:00+00:00,,241.21334882006937,243.16911860892913,242.84181778124224,244.2178884322563,244.70184392803418,234.36893376178406,229.7739110381857,224.40704440661284,219.85425930784663,,,,,,,,,,,
554,2016-08-20 18:11:29+00:00,201.85886667091086,203.92255088434152,206.96871155298285,210.6650785401165,215.67973055398187,220.96155967754592,203.91189785013108,198.6714028171374,191.78586341962063,189.33835843944064,190.94548899960708,190.53605853065707,189.2435928304977,189.14486968567917,188.78499358489267,190.86062716848792,200.7054172030299,203.28928193989103,200.99875378292003,196.1263150978432,196.4298130630187
555,2016-08-28 18:14:03+00:00,240.17883393905018,241.05814050969587,242.6576580261454,243.41266367809266,244.25527159152068,244.82688357270152,225.99359463040088,,,,,,,,239.1065955068027,243.93092924708606,245.75895866198456,247.43396882846008,254.5326652026907,245.08177378651817,237.40888470459947
556,2016-09-05 18:11:35+00:00,223.62514824374472,223.73371832768072,222.1476008908485,223.68132479968932,227.760091290292,224.466612095388,220.47820357957625,209.58890771671506,209.40401330546726,204.61562569931647,202.03841705794156,205.89905098972812,205.0104149817325,200.1248885575157,203.866225746236,206.82611261122372,213.76671386113122,213.98595351140253,216.89806992514184,207.36161453880743,207.77011317094946
557,2016-09-13 18:14:05+00:00,243.8760860843812,246.1501688668843,245.21036206213535,243.59975781372998,249.32112663218578,,,,,,,232.1532447192042,234.84749133591842,233.6907399163655,238.46184905830904,243.7352176604467,253.7062594831745,249.44693795693505,255.34673231773544,241.41391268340035,238.9300161182369
558,2016-09-29 18:14:08+00:00,228.4469577457601,229.3609560351884,230.58098747939488,228.5307158875077,232.1430050986573,232.27953789189215,225.3555067310993,217.61841996292938,215.86914541178905,210.89164099977222,209.5546850237449,212.25416131962515,214.30656711322172,214.49171673220349,215.14113228503763,,,,,,
559,2016-10-08 18:07:57+00:00,,,,,251.2990771665728,253.8174584052285,244.0526505629491,223.71120925704776,,,,,,,,,,,,,
560,2016-10-15 18:14:07+00:00,213.4224987865557,218.40282778367683,222.85635971499363,226.82159926751507,227.6212131252051,225.74237973575362,215.34309492336436,205.27434746030744,202.65243525034913,203.80396296181732,197.19999630539388,170.8828192737896,,,,,,,,,
561,2016-10-24 18:07:54+00:00,,,,,,,,,,,,,,,,,,,,,
562,2016-10-31 18:14:03+00:00,207.02670244992788,205.48191764684233,210.07560043420648,211.43916654920568,214.97186761694786,214.90177196727643,203.3707059046176,201.15173346686558,197.35613110913422,,,,,,,,197.92282215659537,195.8984692778037,203.67259395483262,199.49212349543723,200.37214193678844
563,2016-11-08 18:11:42+00:00,206.8921253918445,210.51019585052302,218.2948507510498,221.7905754183737,227.19418416869715,223.55523265367927,212.3025091934649,206.62307161127546,196.6230715282466,195.73412280471558,195.56968470573779,197.77417814348817,199.56288419567917,200.6760482554422,202.08930495686616,207.5784847480849,211.6032989108782,208.51783351231518,213.41419653232532,205.96347057523985,214.4785930651601
564,2016-11-16 18:13:55+00:00,,,,,,,172.6644463950064,,158.33679803103433,,,,,,,,,,,,
565,2016-11-24 18:11:43+00:00,210.73610761603976,214.09693708557182,225.39250995901966,229.76351834279,237.17073670812567,235.14073466564957,223.85164800893438,216.80169820115574,209.3657315618411,204.74372489160322,205.93736152628088,208.37385280710885,216.77311160144205,222.09380523390894,226.0073048188371,232.979933250253,238.21112646069784,228.86203783625132,225.04888078635122,210.0067226738216,215.59551732063005
566,2016-12-10 18:11:40+00:00,224.8795818381132,233.83385865139257,238.15885104060612,242.95201989098592,245.26777513657186,245.87121308653093,236.9828249385285,228.6427251546832,220.52527746755703,213.90954658654056,215.00392145263547,217.5380861006131,221.94439979518484,227.28316469782862,235.0347369835344,236.60881878738226,238.91497655396228,238.37818276827915,234.3656749723001,222.26749158967505,221.6287760980988
567,2016-12-11 18:07:40+00:00,,,,,,,,,,,,,,,,,,,,,
568,2016-12-26 18:11:37+00:00,208.89413591776113,212.35916433080223,214.51529821355777,220.64230355582526,225.03010787378412,225.0895074385725,214.37589680906902,207.482457352136,200.7400896021891,196.8422500187089,195.40670893515843,195.39377885299206,197.63963602129604,197.81995990845115,206.12481687216078,210.8931662117472,214.38436080017414,208.2781636261453,208.68720392557697,198.00439778950167,206.9855374203974
569,2016-12-27 18:07:33+00:00,,,,,,,,,,,,,,,,,,,,,
570,2017-01-03 18:13:39+00:00,,,,,207.62251184098923,210.89444890141124,203.1073485921458,194.94418082655815,186.08200210531697,177.9392086297736,175.73588754327596,178.005526738502,179.2231685702077,180.07349417367652,182.41642498798205,187.2233751592324,189.22164784761486,183.40579012624877,189.6805705547053,180.96601535776057,188.03171089754147
571,2017-01-11 18:11:33+00:00,204.38369434885078,205.93115475857672,211.07424971786983,216.9588493432086,217.20985902930818,220.24728956356955,208.00142614502687,202.22130183067085,193.93082815264432,190.43655762652816,191.6163233398958,191.02823828135502,192.7871290060852,196.5079065176601,196.6157359032954,198.44383353423416,205.47392864356362,201.3290968330412,205.49293728305622,196.11523777711733,200.68340767760725
572,2017-01-19 18:13:28+00:00,,,,,,,,,,,,,215.42779373661807,215.78272751689678,220.23082089468397,220.15496485648228,230.21905086414355,223.61897172814352,229.84471699641085,220.63376727226145,228.39489533693768
573,2017-01-27 18:11:27+00:00,199.38775469466168,197.59610599374102,205.28823850290019,205.5487354806163,207.39711287511244,206.46136681466638,193.82333750077288,186.07420440527687,176.1443253123474,172.80185213554773,175.1116773703278,174.8850006193998,173.64111150427357,168.34095905645552,169.6676449315999,165.22704313248914,,,,176.941083973481,185.83535320258903
574,2017-02-04 18:13:22+00:00,213.06954572531635,211.294197138505,217.82523015033996,222.18239374072246,226.40029115261623,226.48614148117895,218.58976339630888,206.43408673405008,197.39058393597028,191.07094668926044,196.3121678226786,192.64538032158862,,,,,,,,,
575,2017-02-20 18:13:23+00:00,211.1841761207795,213.5221412099237,213.22652144806767,217.84150103881177,219.09598844616502,219.26919415219027,212.39781498578566,201.21403491992015,192.78387610097315,188.2231361856327,,,,,,,,,,,
576,2017-02-28 18:11:14+00:00,194.07599145284286,197.18093338486716,205.37267211885444,207.75497138832043,208.46395299153227,207.02080016503845,195.4376939225401,183.29537942365914,176.37865129223965,171.79433833398846,162.40558358447691,166.42886565857933,169.18297657042825,165.83163040647605,171.15367015450647,165.98934304953892,,,,178.34863970994024,184.73629828944402
577,2017-03-08 18:13:31+00:00,217.69392529223086,214.12172994630524,220.9338490496818,224.63486051604977,228.44254997945717,228.45100664710216,216.89059259606796,210.20837007809806,,,,,,,,,224.45467433841895,218.33750678658913,220.23820603725625,211.25481927189773,214.0126683955778
578,2017-03-16 18:11:05+00:00,199.3843720251239,200.70714578613683,206.2225075649491,209.99513217158488,209.3747880296956,208.5262021296179,200.4768696495562,191.21921329962817,184.16543476585676,179.6801414393378,179.06509785639673,186.91358030948047,188.86334351528933,188.21750441981015,190.5871351065458,187.36369330610813,193.20943187222056,191.32895706490316,200.04073120284485,188.80202020421035,
579,2017-03-24 18:13:36+00:00,,,216.71823156656376,223.8159479236894,227.25332704437463,230.61371913858278,217.49313086952074,211.37000274408652,202.44982484017385,201.0590137314643,200.78897956862411,203.0288752538813,209.73264423692663,211.0567477196807,213.6007402652691,211.89394302733834,218.50129036649906,213.23579450389934,215.21933832758828,203.87957543814622,215.3705769654471
580,2017-04-01 18:10:57+00:00,200.41851291248585,197.1307319087313,205.3219187585435,208.1562121845054,209.36876619670016,205.39228176635345,193.84529472613238,188.25301642500767,182.27517523842147,178.22343885865575,179.05765376920965,183.3306191855079,183.54011746115327,175.99212907324556,178.26129809681618,184.51960697957293,186.5903617661435,186.5617772532027,191.55578710086385,181.41508438773857,188.94015057270553
581,2017-04-17 18:10:49+00:00,204.06598603749524,201.70084570530236,210.12414579341296,216.47107115662266,220.67295470340443,221.38761677448193,210.20486562163973,206.18092545748328,197.9635715835536,197.26804602635735,197.4470868570763,197.9840983824093,201.91884929978445,200.89624568948182,200.6821963329506,203.41455830718712,213.77698753403723,208.84034005214056,211.7090983945572,205.99314161989565,211.7142038491137
582,2017-05-03 18:10:40+00:00,206.32277349692995,212.79550454176336,222.82996728361184,224.71889747151198,229.28547972808136,226.07133613226054,217.85481801009163,211.7131218238572,208.56020898885367,207.8902111492136,210.08909550341087,220.07812095524483,223.25115737007312,227.42011127470954,237.65379743483646,239.0019078721837,238.28995736434203,244.44737246832432,248.48725335760474,237.99444903479719,229.4011154772861
583,2017-05-19 18:10:52+00:00,225.99344458150784,226.68786627588491,225.9911741193245,232.33142368015632,235.92117109929387,235.68595100040415,229.0207817420711,221.9944599260137,218.13234789998307,215.1284741177859,220.39404041457644,226.58056916771503,223.96487120883825,229.2644446854537,232.4847996573114,232.3216883135553,232.57968052604625,233.84004687602086,239.51783833988958,237.9755988275895,236.0935601014528
584,2017-06-05 18:07:47+00:00,,,,,,,,,,,,,,,,,,,,,
585,2017-06-21 18:07:50+00:00,,,,,,,,,,,,,,,,,,,,,
586,2017-07-07 18:07:51+00:00,,,,,,,,,,,,,,,,,,,,,
587,2017-07-23 18:07:51+00:00,,,,,,,,,,,,,,,,,,,,,
588,2017-07-30 18:14:01+00:00,,,,,,,230.1339955687855,221.23509752894063,219.14065430243528,215.8820146880596,213.97158324867917,218.66414202328173,219.59374418824035,220.4896297419292,221.26578338546437,225.6451699233005,234.9160460324481,235.62038833092083,238.38922047895548,230.3391580822772,229.69828008166786
589,2017-08-07 18:11:23+00:00,224.03089682701227,225.5945027487135,222.80425617668712,227.67887726566246,227.08343243045738,231.251525739246,218.83514954138553,215.25339552676854,209.01287377937388,202.87006071517482,205.81396210207635,205.3073277030678,208.2687767965285,209.52169511433394,209.1582739451157,216.0806017724234,225.35442371775258,218.4086590511814,220.13719331962932,215.88202370723224,216.15539388163282
590,2017-08-15 18:13:59+00:00,,,240.34806846076856,237.9379838024882,238.99574173163148,240.22454022705256,228.9131014229394,225.27353315929454,217.3067143717814,214.1411723867924,213.97060193190504,218.80698215835673,222.17448223042078,223.6889421546819,222.70038226240956,227.537026233861,234.21404071392266,232.13286487826485,235.33761070322083,225.77907239196108,232.76005724397277
591,2017-09-16 18:13:57+00:00,,,246.7694950237112,248.24255075773675,248.305420617083,247.841054722229,238.6828866811361,230.19305699036076,226.17797769262756,222.70778453803644,220.91522088665567,223.38641772981157,225.33487380218767,224.9948393502746,228.20102031390937,232.5160705861283,242.1862236631003,235.55540257305873,243.60846010151414,237.0722260395654,235.4460104324674
592,2017-09-24 18:11:34+00:00,228.69785617405856,225.92893762472426,222.41588409685176,226.27964080407787,227.40778124185124,229.24478153931722,216.65030605765696,212.7393188917239,208.41899772092964,204.06613633846405,204.24736234281954,204.42609949385974,205.91156345626126,210.14050943518268,210.88595342950754,209.9212319616461,225.0867012909328,219.77954801436155,225.1839079246672,220.98849514691202,221.20284276229475
593,2017-09-25 18:07:47+00:00,,,,,,,,,,,,,,,,,,,,,
594,2017-10-02 18:13:59+00:00,247.99959533919912,246.65694043070283,245.56675564928258,244.28331533380745,245.73843870204536,244.94219780500336,237.9619917635708,228.34617656265817,224.14081192770226,223.3415174200624,,,,,,,,,,,
595,2017-10-10 18:11:39+00:00,224.21841412361573,223.70401162879838,220.70977232089004,226.59099753029443,219.54358224339552,224.65773016736455,213.29446417965312,207.21274330888136,201.45629807579098,199.42753034372492,202.1992115619772,202.12365727262977,206.22680135241418,209.50904417350364,204.65930184898775,206.0730399571064,218.96176374474476,219.11610386700568,219.1964175732736,213.06701901967182,213.46862210093218
596,2017-10-11 18:07:49+00:00,238.80271568143073,236.71256075241345,239.92231379800205,242.9398518722133,240.7061982958249,241.307187860233,219.72749677707813,,,,,,,,,,,,,,
597,2017-10-18 18:14:01+00:00,227.7789318651153,228.4673623657571,,,,,,,,,,207.1124449427972,208.79257604863494,212.29212775906376,213.82846463290804,221.0823940133949,226.3153826656884,220.10559999734525,230.80929616136294,221.94296987909618,222.86802998207025
598,2017-10-26 18:11:41+00:00,219.66848833531765,224.36841206637615,224.549030737951,230.1102015562446,226.58539728750128,225.73002978235763,214.09408828840884,204.6503170273429,204.96509808155966,196.8187296003481,200.89108234988217,202.69811003902882,203.10182255961124,206.726302697792,209.40962882761738,212.46293041982642,220.893472698849,221.59634111126235,222.74604961071427,214.7763268526822,215.70309224400995
599,2017-10-27 18:07:50+00:00,236.0636241123886,236.23324680994185,239.64942805975517,239.88582678528718,241.8362520215456,,,,,,,,,,,,,,,,
600,2017-11-03 18:14:00+00:00,,,,231.00199216566995,230.41076432616325,227.8321432855599,216.50516913809744,205.43791620863684,205.19370012660846,201.8511982869892,202.8697729070731,204.3990092479162,205.91435985345657,209.36643624840173,210.9901013113771,212.8199261786217,229.94206758666002,219.16117050914153,222.92941721842442,217.8368437756772,214.90901390516407
601,2017-11-11 18:11:39+00:00,231.38521238150298,234.15254646044667,235.67550676299885,238.14226482594583,239.7648781802265,234.80147906752194,224.69291405597585,213.5894106634054,211.2257796338445,208.08932311489883,210.510136661057,213.6952506930958,218.12081499867497,219.20973713037642,224.67329748447798,225.17541433650462,229.37293634994757,232.0149305136421,237.5407193158604,226.09200181047544,223.2129746572448
602,2017-11-19 18:13:57+00:00,,,,,,,212.20619920791398,201.53558125304232,196.28038100390296,193.73312605469704,195.6143250812247,196.82327964405835,201.5363704968023,201.59606310063538,202.10460454148057,209.46973123549435,215.91518789724938,217.30436350177587,222.87390953410716,215.4268165927643,215.36167313267606
603,2017-11-27 18:11:32+00:00,235.51824142790073,238.37220080634168,236.30580369153117,240.6531468056051,239.46342853544917,238.70782174743152,229.7401272163512,221.73747963550218,218.98850159372915,213.67839292318695,214.01453981851802,219.02288298010635,220.39849365401494,223.507073390318,226.5572929466078,229.13656012879096,236.05926632585448,235.3030349609815,236.8217929139729,227.97366152824412,229.23696553565188
604,2017-12-13 18:11:33+00:00,238.03160711269263,238.16351759952354,243.74838408146928,247.57920987466883,249.90501831558169,245.90225732857687,238.0370195403517,230.14694281765574,222.20022785891484,220.92590946835543,219.7816219047591,222.10065586569914,230.81418503580926,235.07229757572037,235.66999600472104,240.601857793806,240.2697195670347,239.52071020079828,244.55396430936324,237.0833595900954,232.43393014889807
605,2017-12-14 18:07:34+00:00,244.77621900237386,249.5290483454003,252.12622517266203,,,,,,,,,,230.73565729644326,229.66730340840294,234.62117360936065,240.2721069363711,245.97660978836132,239.92620572026723,239.64953237039705,230.64919286482453,234.7111442897642
606,2017-12-21 18:13:40+00:00,,,,210.91779106477372,213.64393788255074,,,,,,,,,189.9863100729794,195.92773274352982,203.61512847070767,208.28001454725108,201.3980217907892,204.1351660754052,200.30394176158418,201.0399568432699
607,2017-12-29 18:11:33+00:00,244.39311298569473,253.0329178211009,253.97028665181796,256.34417008927176,256.6555651182795,254.26592019069489,246.5670628186572,237.6362634531049,231.57587164195672,228.28311256757786,228.15004023878288,232.9352736254768,239.6348422944451,241.72020848614721,,245.44206414682378,,,,,
608,2017-12-30 18:07:23+00:00,,,256.27534635405186,258.389336665618,259.58946310101464,258.51379938334105,247.77407768905277,243.65173960203074,234.1671933200518,232.15336396626395,232.4870867194245,235.4960892495384,240.83157578557228,237.57629283157812,,,,,,,
609,2018-01-15 18:07:09+00:00,,,,237.57729502622254,235.80445115303417,236.03140394065434,221.7975128693363,219.82743278657614,212.76776911840187,206.29976254189017,203.85806355809677,211.76790727758356,209.782147086885,212.97197676104616,196.4280509121544,,,,,,
610,2018-01-22 18:13:14+00:00,207.52634066765296,204.0789241039639,205.84157918071486,214.31551984566303,216.4181709094642,213.97847509753555,205.50686630188102,179.93138645540247,,,,,,,,,194.4391236748512,196.32001687963242,198.49000772161313,190.33761667117403,200.1246618728867
611,2018-02-07 18:12:58+00:00,,229.90115068386893,238.00296307338846,239.06144141163463,244.5906812004029,242.93908815388073,228.6329051005242,219.71257750121947,211.61358244137992,205.75770060569243,203.5527436988724,209.0073381329431,213.20089351774516,213.57883505221952,226.86657933251465,226.8532104403683,236.81628889884283,224.57109646027283,229.1111254047516,206.2963484130222,216.91704776264746
612,2018-02-23 18:12:49+00:00,,252.03890467369126,252.71279584039922,257.4425013581629,257.5957128757754,256.0537333638255,246.41952150071813,239.98144703419925,232.52567214612554,225.15774504939043,229.06591279553896,228.94954439658187,232.40165370053867,240.8141879234024,248.29630613230205,,,,,,
613,2018-03-03 18:11:04+00:00,206.69889544526532,,,,222.61421003942274,217.9826017563402,206.38537077792745,199.35303832068305,190.42837224860185,185.33107820775368,,,,,,193.62520047529,199.0838694440771,192.89780570821338,200.08445744901596,193.2965445905914,199.76303431179554
614,2018-03-04 18:06:32+00:00,,,,,,,,,,,,,,,,,,,,,
615,2018-03-11 18:12:38+00:00,256.1112486817167,258.0697248780184,258.0186311966528,259.03839731510743,,,,,,,236.64803028806816,239.2313893610385,242.9759235052118,246.2497492353916,253.7069659925595,,,,,242.82762449196096,
616,2018-03-19 18:10:55+00:00,217.43499704735365,,222.76142048624314,226.223728040354,230.43431694710733,230.15583268680598,219.22566139098078,212.3068463112931,200.9110944699243,200.04208152831563,198.07088559912268,,203.49169152960866,,,210.8952475572647,216.50463683421975,210.2311018315977,213.6492887668553,207.41873571022313,209.27023859403624
617,2018-03-20 18:06:20+00:00,,,,,,,,,,,,,,,,,,,,,
618,2018-03-27 18:12:25+00:00,259.81461256597356,262.05716055353776,260.4092395621161,260.7221361437055,,,,,,,238.8383531688712,237.78540849814388,245.42030878041396,246.61183763993745,253.40412425018468,260.7667360900944,260.0986126054388,257.5255915731808,259.4095719578522,253.22375128670106,259.56689106207335
619,2018-04-04 18:10:48+00:00,236.8757160527503,232.2095370268217,238.32340663072142,237.79444388349134,242.89533113190703,240.29910667036256,231.0875509134985,224.44589813804453,217.53859646260076,214.77509798287767,211.24110059110376,212.4761713037944,218.15651013219176,218.55547954057005,221.06092678480425,228.04571178817616,235.88400773821638,225.8329320351645,232.44436738930534,221.24359223194512,221.2182080915842
620,2018-04-05 18:06:06+00:00,,,,,,,,,,,,,,,,,,,,,
621,2018-04-12 18:12:10+00:00,243.35729077197487,243.63465093594363,243.8637365380651,246.2972046680976,245.96827128091527,246.55936709550576,238.42387834503023,234.05816298132686,,,,,,,,,245.78570068286888,240.0386869786255,246.41582120139958,238.2357111847909,243.61974997407856
622,2018-04-20 18:10:38+00:00,232.72371153167092,229.84296987786675,235.00945916760037,234.69366650314342,237.54780099839633,236.68356484145653,228.84993809422906,221.08807611349113,213.71018165466975,211.54169910376163,214.06774954956393,214.94152942872208,219.48036329785083,220.269933613281,220.76997973349393,225.16552450356704,233.42060850441112,231.7435872948309,235.6477388919291,223.54155293816325,227.7639811878738
623,2018-04-21 18:05:50+00:00,,,,,,,,,,,,,,,,,,,,,
624,2018-04-28 18:11:53+00:00,219.8964723356337,218.3862361648391,224.6019360844087,227.15167499197327,227.2742678732357,,,,,,,,208.643795379125,209.59610321661395,212.0996782178654,216.97376013831362,221.39348997594877,218.79686973766894,223.80679509127697,217.2808146885103,217.37873910545537
625,2018-05-23 18:05:17+00:00,,,,,,,,,,,,,,,,,,,,,
626,2018-06-08 18:05:01+00:00,,,,,,,,,,,,,,,,,,,,,
627,2018-06-24 18:04:43+00:00,,,,,,,,,,,,,,,,,,,,,
628,2018-07-26 18:04:08+00:00,,,,,,,,,,,,,,,,,,,,,
629,2018-08-02 18:10:11+00:00,,,,,,246.40152158770155,234.67351733308737,226.3087288062486,220.13345680118715,215.18284381172123,219.7693410889906,219.09826445588288,223.63342991655912,223.60399873000483,226.60353678907032,233.93833908576804,245.73198470508493,240.28615945037527,246.46430400313244,236.55882019660766,236.68202481038222
630,2018-08-10 18:10:46+00:00,224.93075912400735,228.25052048005494,226.7883328153282,227.14353824919363,228.66722028251195,225.83910330550236,217.5589714903557,208.6012994555889,206.7935280892502,204.68555160800128,204.28133134735728,208.20550061424478,212.7209307749611,215.12766507465693,224.60298632055247,228.08789761243895,237.21388494394557,237.02342088036832,239.41881120771234,229.00102844669212,229.15412052732384
631,2018-08-11 18:03:50+00:00,234.16782134099657,239.44255402344754,242.46693313354882,240.28542203927992,242.35150028518373,,,,,,,,,,,,,,,,
632,2018-08-18 18:09:53+00:00,,,254.3043526288178,250.82876174406596,253.59888816363906,250.31004340153473,241.74872343599566,235.24891337965647,229.3798426908171,225.2969306259342,228.7344094111237,237.5015547996229,233.81064377708202,236.25848268438668,237.2374344663954,247.03482417220977,251.7571294676613,250.02587360462164,256.3137325825877,239.80329820125905,237.4834940316594
633,2018-08-26 18:10:54+00:00,239.67985682941838,239.9891099454755,242.80148054921352,238.11741743509197,242.4868055168679,238.3063801638679,230.15172693800264,223.0764028655227,217.9936876328417,216.458912649024,214.8884661201672,216.3715450396137,222.05917388362883,221.50853030646937,228.19047043557612,238.8500935608433,246.08628081370313,242.30900309643204,245.03553873713452,234.58457716911835,228.5678830902204
634,2018-08-27 18:03:31+00:00,248.92120565025775,253.43634493225986,252.32847671657228,253.49862576970955,254.7483429039368,250.38768566351476,241.72619626034734,,,,,,,,,,,,,,
635,2018-09-03 18:09:33+00:00,,,,251.13308329385882,248.7849023523651,246.9408153108451,235.5208728037286,227.97549020371338,228.21579131524155,226.3297733253243,224.04982896826183,229.89732279045097,233.14742119728174,236.7194118288382,240.8965437541456,245.18738675101366,256.1756503653028,250.67218569497103,257.36531678088625,242.37991685580053,238.8968779800727
636,2018-09-11 18:10:59+00:00,227.71853025211496,228.9848921285127,230.65932118024608,229.3442226779387,230.50338617222522,223.12235476851123,216.98286186081683,208.42133627908072,202.1591414110751,204.16261184225175,202.57265460024587,204.59461558613737,210.2188521689318,211.56124704501582,212.24085817976996,222.12644478734222,233.73157038782614,225.4689471452684,230.22236894662205,218.80635077557776,221.18465083855705
637,2018-09-12 18:03:10+00:00,239.76457708883757,239.64895470796714,236.75885937492777,238.2538176421273,223.5937986930321,,,,,,,,,,,,,,,,
638,2018-09-27 18:11:05+00:00,232.69763046604086,233.80626160308125,230.6593157858668,233.22494430242836,234.07708573316918,233.68800340455306,224.06038838244544,211.54623580039743,212.93134987313618,209.03497076908047,208.23975493780455,212.79732458984645,212.96671339519202,216.37308366094283,221.77932612129922,226.73505225722212,234.3479432579936,236.55225506538167,240.38054730285725,224.68571691778263,224.15267125718663
639,2018-09-28 18:02:48+00:00,,,,,,,,,,,,,,,,,,,,,
640,2018-10-05 18:08:49+00:00,243.61443802662495,243.1903510498028,243.5334863619958,243.5050799010672,242.1477012616818,241.42206714792331,231.49396831639706,225.52138762491165,221.59604147171643,216.71656499904688,,,,,,,,,,,
641,2018-10-14 18:02:24+00:00,,,,,,,,,,,,,,,,,,,,,
642,2018-10-21 18:08:26+00:00,,239.8771431683029,236.87438511161469,239.75905549616635,238.13003108498623,240.3875379676653,231.3812434210895,227.81833069765256,222.50789390806676,217.82947973865163,219.45857993484174,222.25034391190695,226.72018501409474,227.57754381618605,229.0675574727608,238.8837800134709,249.62876798381154,247.46016155024233,259.9551817877077,243.4024363597976,231.16734532552485
643,2018-10-29 18:11:17+00:00,213.52046152608756,216.94331016476923,221.91205899300536,219.00331997064404,222.312256680892,216.9226781357188,209.78885858466634,200.47619391728597,194.01489024031616,194.72764201677302,193.2960137535748,195.56455472541808,200.34752983728686,202.31165818799184,206.80829525420074,223.98623028856733,,,,,
644,2018-11-06 18:08:05+00:00,241.87545026102927,240.4926398060506,240.7963443513184,234.42454535128968,232.82155515152448,231.74026970891583,223.92553093154953,217.58806190665453,212.53891009457868,211.15427746863224,211.04472930435992,220.0964080555368,,,,,,,,,
645,2018-12-01 18:01:17+00:00,243.74525820119945,247.10727878249423,249.61543068987316,254.49976091672164,,,,,,,,,,,,,,259.93593006288097,264.74536771452256,250.8399070205373,252.99490148483545
646,2018-12-08 18:07:17+00:00,,,218.324924362353,218.8484437479982,221.7810562479022,218.89255223814843,206.15432320330004,201.4609944256827,193.23262001648692,191.9816431069044,191.10995842754738,193.85830182097845,196.03702682855584,200.2308169187749,199.68673278492415,217.52905885900876,217.81336209962086,224.59705402110387,219.7441884686855,208.59324422180433,
647,2018-12-24 18:06:50+00:00,,,,203.6356349771421,205.048066532853,197.5946741441627,184.03271478482128,178.50081511627565,171.94420372918876,161.96578886976184,159.46895908584705,156.09477235658727,,,,,,,,,
648,2019-01-02 18:00:23+00:00,222.94610985764257,227.1250284504315,236.07495386073322,244.88683244187766,,,,,,,,,,,,,,233.07785378386808,233.7716579942971,221.0771011169995,225.7449993688102
649,2019-01-09 18:06:20+00:00,,,,,,,194.73583634419182,182.34221808573506,175.96518761778339,166.06055077052164,163.2772522755156,168.48382337818975,164.93610499443918,166.86722751492445,165.13004995793938,,,,180.1962786657296,181.819796498426,195.19250318244934
650,2019-01-17 18:11:12+00:00,208.89563848847362,212.17461919135408,214.8692183923883,225.8873343402455,231.82578169611804,234.6366088788908,224.22447065000154,214.01065187397114,202.43703666676527,198.3628380473601,199.4539357481492,202.13421752621713,208.3014819513648,208.6415422962837,,215.19873107953114,223.50095069598467,219.71811199619188,214.38767794414696,205.52002927179853,212.05447390860917
651,2019-01-18 17:59:52+00:00,,,,222.33532459849008,227.45182624992503,225.0891556283387,212.0478127512586,196.03542873445477,191.39554583972802,185.45177528730636,180.95262249629644,,,,,,,,,,
652,2019-01-25 18:05:49+00:00,194.88611015253295,194.22257226299132,202.9437822079264,204.39725529415318,207.72763264079373,202.82780695394396,,,,,,,,170.13960533922204,170.65632501837445,,,,181.72754084884212,176.75076476454166,
653,2019-02-03 17:59:22+00:00,,,,,,,,,,,,,,,,,,,,,
654,2019-02-19 17:58:53+00:00,203.49238402091564,,,,,,,,,,,182.61898982958775,183.39206570016685,180.14903359407592,179.96842843511902,179.49372473631027,,,,,
655,2019-02-26 18:04:51+00:00,224.47604667324782,230.29951334415182,240.64330788687863,247.08540520999026,255.43419610139787,260.8029253684784,244.8643977988457,,,,,,,,,,247.02329871376529,241.20170921080972,,,241.54174747622366
656,2019-03-14 18:04:20+00:00,217.4215632492589,222.41616405497965,228.75111495695526,236.2317131219354,243.99201786160796,240.77315951920247,,,,,,,,,,,243.21082320508322,241.6860062288305,,,230.02246069690926
657,2019-03-22 18:10:57+00:00,193.86531153669856,193.32843535158548,204.8791341232415,209.88066662463746,209.64199336718383,206.3497119560227,193.29143228341556,185.8767901700566,178.2851999696423,170.60251745405455,170.96181558690967,168.0019168179621,170.38742010795875,168.55788932998166,165.16942526351306,167.00664345560338,165.64748676925467,171.68592767230274,180.4238329282158,175.8926001646022,185.33094767692035
658,2019-03-23 17:57:52+00:00,215.14860405138384,212.2785399677336,219.1567748314415,,,,,,,,,,,184.82333542643198,187.4750553301518,184.63162052788732,193.73860099494334,190.0349476965814,197.92075179979747,194.4230642478836,198.93673290296994
659,2019-04-07 18:10:53+00:00,196.35745488370782,193.81620377368597,204.168664546266,206.7675998306379,208.50816823817843,209.17740206041626,200.58547281882636,195.3696450517695,185.9317445257215,185.34011640099186,182.34285222945994,182.93195452497233,184.03172426124775,184.4362686903758,185.78914603485669,187.43731546603925,194.48198346183537,189.9139187324879,195.99723339388532,191.69475338219326,197.6702526811218
660,2019-04-08 17:57:18+00:00,,,,,,,221.23119804471804,211.0455908853067,202.68024396921476,199.7061801579154,195.9367560338285,195.59498441955313,201.9273167396895,196.86948223149588,199.9066495494813,198.08830771121825,192.77556880720093,,,,190.15143180874588
661,2019-04-23 18:10:47+00:00,203.276707037498,205.2797887795618,225.35011528607106,233.63289428504527,229.0333772830545,,,,195.48233340074142,188.43536728003994,194.16932391024602,199.42151417501753,201.0980290270856,201.195912907278,200.05099634697564,211.13174060856784,218.44667079399485,217.13618666153238,215.61895843197397,212.03828486172,213.17572732038076
662,2019-04-24 17:56:43+00:00,,,,,254.70647696203423,256.0814457748652,247.90349813324104,240.22524524396613,233.20899372376323,230.93048849210908,226.5773648081251,229.02624545511833,235.69203844363108,234.08868688565354,240.0548736509312,232.24146652279697,,,,,
663,2019-05-01 18:02:38+00:00,,,,,237.92987767333432,237.65557945756993,228.74715686752234,221.2556880704369,212.63057912445905,211.64703566495695,209.15374476468693,211.79053314304576,215.70027878379707,215.41094827477227,219.12541014198405,223.03894541209544,232.74995036108683,231.18317571273118,235.56487894984525,224.07629441286036,220.99852950629224
664,2019-05-10 17:56:07+00:00,240.42524127367392,243.52350494983344,245.8631860097234,247.36783233195752,251.84510405199933,252.29603348351935,242.71432353575406,234.86136419935855,224.098213146668,,,,,,,,,,,,
665,2019-05-17 18:02:01+00:00,,218.22486335368566,224.57152663467008,230.83509940853384,231.96892901601092,226.850705538866,221.1949425043594,212.4455084473174,206.27093307996876,202.14187957025462,199.94632855101193,200.02765201994728,204.8102736889951,204.60406080574302,209.8791739398267,214.0784923735463,219.34152383835533,218.80517482276898,223.20259884057694,216.71414435650226,226.10390147140154
666,2019-05-26 17:55:30+00:00,256.5202435600637,,259.3333282846785,259.17444047895424,259.7125329997074,259.24531907843914,255.44450605136478,246.68034697432734,241.7960063844104,236.33130573927622,,,,,,,,,,,
667,2019-06-11 17:54:56+00:00,,,,,,,,,,255.06195162393584,,,,,,,,,,,
668,2019-07-04 18:00:16+00:00,211.88195993356464,205.81293946663902,,,,,,,201.92002358146146,199.41407025187397,200.37541491297068,202.33014286485678,201.21595697187914,203.6078573453197,207.17279457582276,214.88980876310612,218.84547752523565,214.17879012062932,216.14788426449826,213.05255624787213,218.00549676479963
669,2019-07-20 17:59:38+00:00,229.64359710532,231.78655181740362,234.05184943220647,233.4940471429723,236.34545328815557,236.48291163713574,,,,,,,,218.5043610801802,219.10391232738084,225.2705736005313,233.48258583836866,229.36797117615276,237.09593982692428,233.82547691865875,239.66557627784852
670,2019-07-29 17:53:05+00:00,,,,,,,,,233.08586743439534,231.4382489717338,228.71239821940947,233.32766794882872,239.2620525976953,241.93445723872054,242.0779669551535,250.72988412037333,263.8627264970842,259.2669219709784,264.54181162756254,259.51646440188995,263.3197728422672
671,2019-08-29 18:11:34+00:00,237.70157542256453,235.9324300648683,240.0716029955044,237.50758917201023,,,,,,,,,,,,238.6853658141879,248.34448374520804,242.79820802588512,247.08858489271876,241.4488859580247,247.96845274871436
672,2019-09-15 17:51:03+00:00,,,,,,,,232.72702518626514,227.12492242282218,229.30333004629472,229.40814164120067,231.2669753828145,233.59179675240563,236.8582062301648,238.8474615793093,248.38864430999823,256.35481922572563,259.6081242734484,264.4615729038415,255.26986809792012,256.591130262055
673,2019-09-22 17:56:55+00:00,246.26694537709633,244.9269610124965,245.738460432567,245.88504708746905,248.38215569540014,,,,,,,232.4286120752005,236.71903928549193,233.74814041406114,241.5756532382935,246.27658810024894,263.5351079458556,257.0671901238654,267.36582351999266,258.3735006914313,256.81387014968806
674,2019-09-30 18:11:44+00:00,215.76141064526274,215.7059998901496,222.90501739280313,222.6775238270853,229.35957090124873,224.48619262054106,219.32665366671216,208.71104878180927,203.73463762425513,202.62201050152774,203.14244985158038,207.05278497709406,212.5283394675854,207.34121970515582,217.17295335995883,222.06202800286616,222.330105535808,222.2181050550356,221.04729437070168,220.31181493879842,218.16902918118652
675,2019-10-01 17:50:22+00:00,231.2192998644358,236.67208394259723,238.36061321511932,236.88759720365175,239.65016381270772,235.28221152458718,232.54868547702642,226.52559952834645,221.6991954045918,218.46647971604546,,,,,,,,,,,
676,2019-11-17 18:11:43+00:00,226.17336876926356,223.26992971076885,229.40736682669632,228.7865583780369,233.108096309823,235.91856837370062,224.6496126311324,221.06724573459178,215.48486204415553,211.86941841691555,216.23791632333217,217.50233745155913,223.41472873302803,224.4574215545423,229.65321812301022,236.847976775863,238.60606230343686,238.78534958145914,246.5806797605621,238.85178514832842,232.57308091289906
677,2019-11-18 17:48:16+00:00,251.87881407822758,245.00788928606457,,,,,,,,,,,246.1051264389072,246.80458033044164,250.6184498437791,260.05336959681523,263.1660701046354,262.73626128569185,267.8351012737601,257.37734797790574,254.50395813842138
678,2019-12-20 17:46:41+00:00,253.47971557361734,,,,,,,,,,,248.4929000691019,251.8192633432839,254.91486958351433,261.1520896152971,270.10376392467145,276.9909936652556,274.947304402987,280.4680802914969,266.7257301140427,260.29389714665024
679,2019-12-27 17:52:30+00:00,189.33334137169126,,192.76107880755276,198.60052185764454,,,,,,,,,,,,,,,,,
680,2020-01-04 18:11:35+00:00,224.97880167540288,231.6230456821095,,241.9036383196958,245.82900983271713,239.00518877425176,229.54133836616833,220.79859164082131,216.12921409228818,213.58395387412787,211.69392675766113,215.44216389932558,220.79438026756046,227.146818695952,229.67725579426178,234.26446043241623,,,235.34764919857372,228.68558832365463,232.42133636137825
681,2020-01-05 17:45:51+00:00,,,,,,250.932755378519,239.32615468238703,230.79911844664105,225.04470767060667,223.2335468624567,226.15282986019858,228.5309292615957,232.111470299669,240.1267301073446,238.33268776939912,243.09549460206784,,,,,
682,2020-01-12 17:51:41+00:00,201.71821083926034,,195.0875865133162,203.55257885507353,,,,184.88181239196058,176.0710413216193,,,,,,,,,,,,
683,2020-01-28 17:50:53+00:00,196.21482368588303,,,,,,,192.91815605583702,184.22770628850628,,181.04126021936037,,,,,,,,211.58459196569808,203.81045580753005,209.70420616220247
684,2020-02-05 18:11:26+00:00,230.74809841385826,239.90016383946104,247.53203775306835,251.72022342367796,251.10226824843443,249.39784439045866,243.61492757639365,232.52150012417334,220.65767673967943,221.81876417211396,219.71434037390338,228.7467716791453,231.97872083801062,236.44533836365832,242.43170480863319,244.50142614869512,249.1265200088789,248.1419792350407,248.1353206241547,239.61396462162617,240.87885033329653
685,2020-02-06 17:44:15+00:00,,,,,,,,,218.24571705618098,213.0517367357712,215.18698732163992,218.62318213014504,222.29824772759156,227.8282856047521,233.24110389578547,238.8258748077281,247.76711531001666,241.64738359418877,244.254430120883,233.6299499714941,234.06279743868197
686,2020-02-13 17:50:04+00:00,,,221.97131601947365,220.97862545239158,224.7274734256806,223.95842287752225,212.11593373626124,208.20565300870345,198.65407485829027,198.46396409881112,193.78573585813263,197.89981982490332,202.68279112927343,203.76966533901634,213.50099984646317,213.97404501931834,224.61738145256362,219.18734646113904,224.8849869072239,208.33257264357673,212.31896420639305
687,2020-03-16 17:48:22+00:00,,,,,,,,,,,,,,,,,,,,,
688,2020-04-09 18:11:01+00:00,200.50708269478872,204.99324975364618,213.55382966619425,216.26623537818585,217.64881319840455,217.63918801346395,207.599797483205,202.80172105593167,194.1264480588784,191.01904142695957,195.8027779239173,198.0100761795017,200.4511884132867,203.5731857706726,205.79066607576806,213.82889523952974,225.18183072995143,219.1273869295688,223.09874179590025,216.3636928364321,219.51291596065988
689,2020-04-10 17:40:46+00:00,221.3249092888504,224.72965097835493,230.38029385272597,231.3107246605162,235.521847038992,234.40381937735395,223.08722615519054,216.4312529360567,209.9941538956196,,,,,,,,,,,,
690,2020-04-17 17:46:32+00:00,,,,,,253.74733143980666,247.05434932408104,238.73533609527374,234.51515536476148,231.17891029621236,232.150207694401,238.95640618060142,244.54614566685274,245.8068841572253,249.338183680266,253.50356505929545,264.29785744550304,263.5374832572719,270.89110535651616,264.6041828999281,271.80993208897587
691,2020-05-03 17:45:35+00:00,243.7657528253691,241.49216569888483,,,,,,,,230.22403689521187,229.58489727803104,233.7761684212503,239.08252977004543,240.68069743018123,241.50362927702588,250.2594884608623,256.4226277003522,255.93515246696063,260.72943410764606,256.1227875221632,253.18190080416272
692,2020-05-12 17:38:51+00:00,251.55153320382016,,,,,,,,,,,237.3035657527704,247.67605774306037,250.30959441124747,256.1392777001564,262.2267534573644,267.24286102534666,260.77353633370615,268.5858795437573,264.1459598148969,264.636248700944
693,2020-05-19 17:44:36+00:00,228.7039341019136,232.34334971209444,232.04190819759157,233.87413062770435,,,,,,,,,227.3429654766257,228.93495262217303,230.90886249950182,236.83079276982858,247.3768115651385,248.02550300478674,248.43236471075195,244.1037938523254,241.93665286725425
694,2020-06-13 17:36:57+00:00,,276.6489848405908,276.6836766721432,277.363166482486,277.9646734351109,275.3472437973048,267.5816989312025,260.57605212897084,255.97731830090402,256.29756039127307,,,,,,,,,,,
695,2020-06-20 17:42:43+00:00,235.216538108296,239.7545513300118,239.07286473120564,237.59870276820277,238.50531304767856,237.24329242700264,229.1579039935432,226.3251356306826,217.1112932121453,,,,,,,,,,,,
696,2020-06-29 17:36:00+00:00,,,,,,274.85227476480014,268.41838740587184,262.9218246052587,258.63977287720047,255.8272202859319,258.14294853422007,260.7512561562413,263.1360441175502,267.10953724116695,272.34402346733646,276.7695448241189,285.66660979448665,285.1111879772312,287.58081621202996,279.9719993751786,283.59360004450645
697,2020-07-15 17:35:02+00:00,,264.1695747361429,264.35017942357615,265.1925873226891,267.8783389172331,262.5557786393097,259.40246643113056,247.77982271744597,247.3258653543382,246.97102077530798,246.30082991415918,249.54185038197153,253.61577374019836,,,,,,,,
698,2020-07-22 17:40:47+00:00,226.8855506290907,228.83815925012803,230.33842987436418,231.88075403638248,233.06757620625774,230.52166722393122,219.1549559999672,216.2194657520073,211.03405418761105,211.70225439791685,211.90444729000873,212.52910695917438,219.5926141018374,211.23784318484832,,,,,,,
699,2020-07-30 18:11:19+00:00,245.41389019760445,244.98878396832916,244.15330377780862,245.82345832817668,246.4891685791577,247.21471253547492,237.936353240941,232.16204874906848,229.16513294990577,227.13752996039312,228.93143733690977,232.33956436625098,235.62275595211116,239.94659791166018,243.60545057147917,245.56992118081484,257.7651266764007,255.99217861846535,258.3209234010195,251.09239516123236,251.25023632880283
700,2020-07-31 17:34:03+00:00,,,,,,,,240.38004331739978,235.3897761071403,233.0194859282982,237.2891761286754,239.248512351586,246.46772182149067,247.05454282806764,251.41098988873472,258.1500711271153,263.88222650986245,264.8858067475684,268.07136939987004,262.6905695144978,259.7817814184939
701,2020-08-07 17:39:47+00:00,,240.9714437024784,240.08737157891855,242.37680707583715,244.05176880588874,241.78253469104516,233.88356720838033,221.9748387328439,220.5207282561726,216.9788551246959,217.474750939094,225.0115731272009,228.62740810839784,229.43825373360553,230.07082067976063,240.38391726746235,247.08179200407952,243.20546027953924,,,237.6319633155446
702,2020-08-15 18:11:24+00:00,249.4924504621152,249.7333777170162,248.04072811519202,247.68886751870002,251.0295606765449,248.4244322050971,242.99635758272404,236.17355445346158,232.02849268623834,232.83191825044145,231.3563275370207,236.01009428984906,241.2638959219702,243.17575712987582,245.97012532664567,253.43123818292594,259.24608684264945,257.8732005681487,264.5712592865958,253.7886749400734,252.3012900662283
703,2020-08-16 17:33:02+00:00,259.8396869852605,259.1494053356164,256.52724250100766,259.67167700951006,263.9208231522743,257.27392280398544,251.06934339681266,244.51255999399143,242.8172592587285,240.60419974851953,,,,,,,,,,,
704,2020-08-23 17:38:46+00:00,227.05580388424585,,,,,,,221.60533207677042,217.9162634432602,217.2321491724173,216.34012148110725,223.57690587298688,226.74222879215534,230.99533142140643,234.04211634144573,243.42296750194018,250.76015946826166,248.157810379829,257.33717199054524,247.41376577329638,246.51663605621272
705,2020-08-31 18:11:32+00:00,245.451096938491,242.41986133264544,242.60771058328885,236.26996038586344,239.26187437668028,236.06042856203115,230.20262354709,224.83989897778753,224.35902453838102,226.82734482528554,225.58454318089426,229.6050289150765,236.47226059794707,236.81213465666008,240.93763670510393,249.46358221256656,254.0633358086428,251.8040170214837,260.2530526535261,248.71257302763826,248.84624036542198
706,2020-09-01 17:32:00+00:00,,,,,246.42931291897537,243.82800432011663,239.57691551489222,231.9040063549061,230.61946959815782,229.85095601385757,227.2772337673904,233.11462613788683,236.17029568951583,241.4116618165778,242.41842023936064,247.61693740760887,253.60191142329043,,,,
707,2020-09-16 18:11:38+00:00,247.81595416406327,231.16591728000222,224.88527244404662,232.8313329320863,239.5888390091011,235.91879082257512,237.84056037687196,264.1150390777049,223.13306888116506,209.89810444478465,218.6867915588345,224.2275056552903,223.5149157191105,229.06448674170218,233.76116018177095,239.506248010008,247.58802972756766,246.65030856512703,248.09326120113818,240.8911999044238,240.04576252640067
708,2020-10-02 18:11:42+00:00,237.37449697304962,235.38732800640514,236.71252355093452,235.993560988461,235.26088645722973,237.11393479618926,226.22157054946754,226.65248121985846,216.1634408563421,213.98531419932928,218.1011255342456,220.57246898651857,225.03278504160565,229.69087658745622,233.51303054866503,238.33515840289533,250.39031821259806,246.62687393055023,249.63260362762082,243.35677001180628,245.2250735720484
709,2020-10-10 17:35:38+00:00,241.39657291639193,236.87570947920864,,,,,,,229.56909284881345,230.50367427405175,227.76514660738894,234.4465923790865,240.11418873013147,239.03844552559696,245.95011318964524,250.9709529692464,262.61471058175357,256.0545853214805,265.2200167466583,254.85390602143863,258.3173454493792
710,2020-10-18 18:11:43+00:00,225.51859491653994,223.940374113488,227.58842753878977,225.35714359662467,230.93778952759635,226.97427283630034,220.2696739944345,213.81135833570744,206.977817385992,208.0046276797677,210.75878769378377,212.54607016427204,220.96050232460536,219.98888300099722,224.93215106587616,232.84263616638785,237.910872721045,241.72603388265367,246.0633248061684,239.45057662836766,230.5733533336127
711,2020-10-19 17:28:53+00:00,,,,,,233.0804007939685,226.54341101062153,218.70017654382607,214.22149094595423,212.6362073474282,216.48562773445343,219.21314258397027,220.4883319686101,225.13795914954602,232.34754883429582,234.50336304769712,247.3158922547285,245.54959264333786,250.70519078756917,245.13451883897977,231.60524134827045
712,2020-11-04 17:27:49+00:00,,,,,258.05752984733823,257.55147342106955,245.32881717907756,237.77805369482823,234.07624114543717,235.64574777071152,236.83493053223793,241.0667552070521,243.5545021019613,246.53828529497613,250.63962079886298,256.1180426999812,262.4148862276285,,,,
713,2020-11-11 17:33:31+00:00,260.160795068791,257.23946780834433,258.23970892392583,264.79651585797865,262.4725133168562,256.35334483219935,246.287481983173,,,,,,,,,,274.66930882646693,271.92146109289524,275.7402419201774,264.27522682064983,262.0060513311631
714,2020-11-19 18:11:41+00:00,239.96486431972795,236.58436059594106,238.1503638788792,238.13686665486188,240.76052374285712,237.78606152018534,227.76584712059457,224.14836047102318,218.91074364767047,221.12916068959188,220.82892454537347,223.67033506005063,229.75151262848058,233.2271496810151,233.23247444693985,241.65318984374449,252.41659673626864,247.9534032113966,251.55113878557952,244.3263807852681,239.2433137523813
715,2020-11-20 17:26:42+00:00,,,,,254.95556466458385,254.52868110774483,244.51946330087404,240.2708340799505,236.15716071701274,235.91770438817935,239.65914770791647,242.37332785136178,249.05239246874928,249.15797314070412,252.14967072353582,252.36880802576414,,,,,
716,2020-11-27 17:32:23+00:00,,,,,,,238.51153364191805,231.15905022274472,226.76019430070824,227.5272823536701,228.84828609820013,233.06029630663102,236.81819536397094,241.17232905175283,243.841710388871,252.76054249095816,260.3660262233269,253.52066074310764,260.6669509169435,249.95268060459415,253.0658650715349
717,2020-12-05 18:11:44+00:00,230.83718774876485,230.03728327807758,233.31542523719324,232.96217190181335,236.32130397684224,236.54792138168312,225.4882923447446,221.1807663422581,214.9063599118955,214.1506056664275,216.13659675063894,217.47720066034137,225.5230544316571,227.26225729974112,228.45597812219464,237.1127172889706,246.79022810797147,242.43516409952304,247.0672345099929,238.53041448472553,231.97554637574206
718,2020-12-06 17:25:32+00:00,,,,,,,247.4712235444941,242.88406632215185,237.8710158964466,237.3793188959615,237.04967367191284,239.3477869988538,246.20863040227022,247.94333351269577,249.7307278330928,259.929638605867,262.5388967285933,261.005026617182,262.353368360937,253.90552741195847,250.44199157631874
719,2020-12-13 17:31:11+00:00,204.15345910644749,214.25864653886754,218.79473850796006,223.76186380277818,225.19645435878294,220.43681159910028,214.8894802072336,203.6404135875748,194.68213257538196,192.4666068198765,187.60529516440695,187.0267621964322,201.0910857363744,200.6007586175399,189.14003740316423,,,,,,
720,2020-12-29 17:30:01+00:00,,237.60731825638632,,,241.5687469190921,223.54910887664022,,,,,,,,,,244.9577081863962,,172.44508397611668,173.68787608946135,179.13252566544202,185.43416734558446
721,2021-01-06 18:11:37+00:00,210.69256147321065,216.02903347257748,223.56291852291787,230.33657125910045,234.81335138175493,230.71632094846063,214.55959684404738,204.66086081721204,194.786444413391,193.00598284639838,194.39097357689712,196.46815679854996,194.24865993403446,189.21334666557635,195.5311021608292,195.45275725200062,193.36865223287754,198.5960013830612,205.12234870803263,199.90914004525195,200.51947237032812
722,2021-01-07 17:23:13+00:00,,228.999816629608,236.70251854240095,242.91566310816953,243.63829621448087,242.85683855200156,232.8706184276406,227.34263971201486,216.20240226070018,216.43283031338217,211.7651734595234,194.0383163577057,,,,,,,,,
723,2021-01-14 17:28:54+00:00,198.01958661986208,204.23609476171754,208.87962590060437,209.85961145651015,211.26928697653824,207.36751156346932,198.233627713641,184.66161953626977,,,,,,,,,,,,168.9397576228551,165.81469954867862
724,2021-01-22 18:11:31+00:00,204.76589818313778,211.01885196685208,216.5711097415554,223.92455783268002,229.1537123559416,232.61919147133017,219.89203327736294,210.6599473452696,201.4814939000043,193.9957197546091,195.84127972614334,199.77346336123813,201.45739254635114,203.1100731522758,204.51397232480096,211.71770185665613,217.24600375022234,213.17707538816518,208.00557769115008,197.31409380177234,204.0549283662628
725,2021-01-30 17:27:45+00:00,199.38077547407352,201.78246611929814,206.36599608716102,210.03704938062782,210.2233136023923,206.76726417268424,196.62647725012408,186.60171665119074,,,,,,,,,,,174.6212463962693,174.26846865082763,173.0236267897464
726,2021-02-07 18:11:29+00:00,223.43079871763717,224.90420021885194,237.8603958118054,247.10928852592298,250.94010184544226,250.29407088085307,241.1705279911294,231.9477086845083,222.39103514673303,217.92745622276624,215.93518478925708,219.00892735197348,223.83127834651066,225.73528290932742,230.41200122823497,237.50918729420255,238.96292425646416,235.22776972760516,230.24486570127561,218.77183105158454,220.2922763133283
727,2021-02-15 17:26:34+00:00,194.85445873364864,196.97918707282076,,,,,,,182.84024173395042,176.53902318933268,,,183.95624343622558,,,,,,190.5964010708392,181.54570187942815,186.50814975605113
728,2021-02-23 18:11:24+00:00,222.43226364987305,228.2748166091587,234.24659195238843,241.23851152420028,243.87793412137393,241.30657583613478,233.20939003831955,226.66687592299178,223.57627327212265,215.59260210522618,215.25355607680837,219.23909055594072,219.4414250465276,223.6760447361722,227.91113328710472,234.26370260225048,236.3983727668971,229.3750574960409,229.7780451272695,217.38773142072853,219.61530210734009
729,2021-03-03 17:25:20+00:00,,,,,,,,210.68717434421387,204.75661266795936,194.95381797621513,195.79499145791675,196.5387530147269,197.63819438270855,203.62404769907215,204.56162528379036,209.03487774871286,211.8291255726735,207.39386217574025,211.181271918142,198.4703042662016,206.90707783921238
730,2021-03-11 18:11:16+00:00,210.65920924754806,212.63233149448763,219.04594486772106,218.59805111770058,225.64952687462744,222.06063617685282,218.76176501821152,208.17362911244118,197.0352905731206,195.90694925307352,190.22209267414377,192.84878987377675,195.4873638861638,197.17026332501317,198.02755153447293,202.13389726460264,204.0319479617024,199.8216759927934,202.82256292708064,194.19579124154038,200.49389143726745
731,2021-03-12 17:18:27+00:00,203.31397830420644,202.27388460590362,207.96576400594398,212.33133058571778,211.71728459316813,,,,,,,,,,,,187.0232393066337,185.47341096506713,191.78470758665014,184.93743103097327,194.12386474422098
732,2021-03-27 18:11:10+00:00,215.91624259762696,215.70229725866523,218.40907555816148,223.48251453919423,230.42786272976744,228.87040697699808,221.01274078798096,211.60162414447956,205.47808896264252,202.02060038465135,200.7976915117077,201.83145326250843,205.33749933955096,206.01351364542893,206.77201797026837,209.72336338378523,213.5115820979157,211.78321849934375,218.02781127483235,207.0026095303364,213.34367512448932
733,2021-03-28 17:17:10+00:00,,213.00819512611483,220.98659119645362,221.67899534826378,231.06285758337782,223.0677246693794,215.42265468146857,207.06219764666105,201.06813476674606,200.56311753117058,195.31067007581942,178.7236987866453,,,,,,,,,
734,2021-04-28 18:10:57+00:00,215.06568553146113,212.54936565001725,216.51138620947194,220.27844357267008,225.78370931558865,223.5094204681925,218.7630651733328,206.77668146475554,199.199499634139,199.693317100789,197.74784184537282,196.7158982479514,200.78621498229796,201.7935236770221,199.23238195082936,205.99524185195608,211.5623876149785,208.56757245525077,213.35774715952192,209.19215593271366,213.02998767450808
735,2021-04-29 17:14:29+00:00,,,,243.35896342893648,248.73163041054514,245.04965668834006,237.44493415089352,228.11130743213107,221.65376456228847,211.44419223062056,213.77175435477042,214.26911279925937,216.72765257071865,210.56520301307768,,,,,,,
736,2021-05-22 17:18:44+00:00,242.01642973779536,240.50525465691504,242.8544864802849,244.1238638519905,243.74802916281055,241.62378932162784,234.59268479678326,231.17752166441204,222.62190497074624,214.248706385508,,,,,,,,,,,
737,2021-05-31 17:11:46+00:00,278.60885405096485,275.697090768889,274.8573941860971,,,,,,,,,,,,260.9528752875097,265.11794019917113,273.976357503777,,,,
738,2021-07-09 17:14:44+00:00,,,,,,,233.5883114516493,222.31293384383773,217.32284417691073,219.75560598037924,217.2397981751854,222.017763543601,225.2594333242662,223.3814515131473,229.18081416615715,232.22468363568257,240.53594990027221,241.76258914182657,247.81155640700436,242.81065707627792,243.55511058955727
739,2021-07-17 18:11:18+00:00,,,273.70049944676055,259.43135210564833,261.4219221657121,260.8892566692023,247.79220657995782,238.7172576910531,232.97189801768712,236.19459890538528,238.56503146504824,241.43814363996103,246.73307825802544,248.92812985325324,252.92178488251858,258.9997899956016,269.54407405716734,267.66851475383095,267.3174002012443,258.33393849704976,259.9875366272578
740,2021-07-18 17:07:47+00:00,274.1959069732527,271.41931505140036,273.3440999119049,273.9850371825299,,,,,,,,,,,,,286.39285293121526,285.466135953754,289.9873128317455,283.7462468975108,286.13649857820883
741,2021-08-10 17:11:56+00:00,,,,,,,234.24878178050108,230.49956298753716,222.51048544537508,223.86194749484324,221.48514264488813,222.9893665766776,231.35049632069192,231.30193489329272,233.70759417670988,239.99361780904567,251.04129382560822,252.90873788323594,259.51141619894173,258.25091209932305,256.31543364653044
742,2021-08-18 18:11:32+00:00,253.24228883013228,249.4276728518799,249.7231980208463,248.00133573255408,250.3729874336446,250.2239707069945,243.41999402149204,234.55408813716838,227.382229389521,226.0147678693382,226.63796032598052,231.70212843320022,234.79157002905023,236.6783546644595,240.3073495851177,248.770692944181,259.05363786088424,255.7328664471037,260.8769170943765,254.74917736695605,254.92284175020185
743,2021-08-26 17:10:32+00:00,236.578150927211,239.02990078706466,239.54886527106032,234.12223135195654,,,,,,,,,226.52695365144194,227.02589153675876,,,,,,257.0260278098108,249.54538415725196
744,2021-09-03 18:11:37+00:00,249.39272518776824,247.77722943508877,247.81075152311456,245.22378615563895,250.5403563397142,246.91590498766377,241.4163617029269,234.12841393265995,228.52463131547904,229.8635643404985,228.5711897065628,230.96516897178134,237.51280239624782,238.7028913055797,242.9101199001094,252.228892931637,261.5483457389833,260.266474210305,266.08905874574975,257.06615280821916,256.20689253576404
745,2021-09-19 18:11:40+00:00,244.75452714868732,243.84915284247052,244.94620781648882,246.23592232492513,247.5675187147218,243.37257055744107,237.54834340256795,230.17627048359677,225.2831153974298,227.29373920182223,225.27147128084766,230.09895151864725,235.63455377603503,235.10004130633197,240.6186324680362,251.38509121726042,259.49880961870764,257.8149278575033,264.6075315673377,253.90279438120487,252.82522228638894
746,2021-09-20 17:02:10+00:00,,,,,,,,,236.5125204320512,230.20198549190988,231.5930744354621,238.73036077449856,237.6118518897629,241.67626433474646,245.89376951941432,253.43904367942346,270.11567159090043,261.64799262054106,268.4046247064852,261.04960181437394,257.9457626814919
747,2021-10-05 18:11:46+00:00,247.32599090111094,247.9836690417386,245.37151984694748,246.89563111673158,249.2679856641981,246.0566565161725,240.42158966121463,232.02935425434308,228.93339748645903,226.54308183414764,224.48522723182936,229.73844180698183,233.75376958791793,235.49306667511829,243.1075806618872,253.80296016924817,259.7668030794974,260.8837675576738,264.5903514235507,252.9330920729287,253.28045063302838
748,2021-10-06 17:00:45+00:00,251.47343642341283,248.20025724159174,250.17726880927623,,,,,,,,,,,240.2893234633426,241.35324445360493,250.98922724614562,265.7041238417165,259.8421565748919,263.4069835049786,256.7723220325476,248.52243707703968
749,2021-10-13 17:06:18+00:00,241.26757299271998,239.02220310135755,239.5715094182798,239.27153484508898,242.3573289655479,244.2021379188385,230.67356449124395,,,,,,,,,,,,,,
750,2021-10-21 18:11:49+00:00,243.25974449567812,239.8404609286008,243.16598464207388,241.35222474638385,243.210688750252,242.42106817656426,230.82492655505257,226.7195471352032,220.59174879590694,222.9329937178759,221.82073794822594,223.66759137128923,229.6323698352745,234.16622822374228,235.27315138775282,246.3608497358935,258.60639569636095,253.49777738188138,261.65225500707425,253.36597104745738,251.28058688331504
751,2021-10-22 16:59:19+00:00,236.8969726065673,227.0580083950594,,,,,,,,,,219.2210349777215,225.91562802817947,226.98408787575534,231.57576685010704,239.78466602896077,247.16257234012252,253.08634074542582,255.73030234089052,245.88754641221703,246.62937376757736
752,2021-10-29 17:04:51+00:00,,,,,,240.87757952797733,229.2268945098598,224.69475701061606,219.68675483439813,216.0614500236868,219.6392553433759,216.2592777404697,226.37929930840843,226.94588697529665,232.81936681476748,233.5987363124061,245.3995174662611,243.0245032954905,251.434110031072,241.20938106450677,238.95800778181317
753,2021-11-06 18:11:47+00:00,208.9073877899708,218.52506554327653,217.04996154582471,216.97981941958568,215.81214356973248,218.6200146728149,203.42656609565574,194.77492194511177,186.2865388611093,181.98673455755892,181.3050352269804,,,,,,,,,,183.47198842847064
754,2021-11-14 17:03:19+00:00,,243.5552248608629,245.96848550881666,245.23186151866474,248.9561977788345,242.56814092049171,234.66624591472754,223.87885201888275,219.78298289586712,217.8798548228982,223.25777704570487,226.04802550975285,229.47667620042068,230.75207120858516,234.283767993017,,,,,,
755,2021-12-08 18:11:44+00:00,218.99378405424352,227.6016717529933,228.28972257088355,228.74354133741434,234.18848221024206,230.27576165898847,222.07520524563876,211.87499860587536,207.14281652155486,206.34839339209583,202.80517562910643,210.31233315041146,216.67433495944897,212.30481012516458,223.3850867967643,227.55502568082306,235.11710407500092,232.88450039007037,234.86581170617356,221.7799402222281,219.49944261147053
756,2021-12-25 16:53:12+00:00,,,,239.98658735254904,243.72233799991102,240.96346634198733,231.53411851702208,222.71673268540695,215.26802420388387,214.7707158213423,213.84255559138612,218.99120551934766,216.58973471476807,230.98466298896915,222.4008490985213,,,,,,
757,2022-01-01 18:11:40+00:00,233.33030776181977,235.90075704357974,237.60128783623554,240.71634991091756,241.222088680429,242.07667051698942,229.52624413164156,224.8402654637921,,,,,,,,,,,,,230.0594367002952
758,2022-01-17 18:11:38+00:00,217.13061968541666,224.6498118988793,228.77312522337013,229.02659308342135,233.1899398113864,228.9370295415667,218.66207278092617,208.51750949525547,205.95999241053426,208.70571645496946,207.00174600227362,213.20879893334015,216.24658689674496,218.90718523045766,226.4872299002863,232.18344394051712,238.39998263023585,235.67162032401833,234.17050644848146,219.77320842829891,222.7113125710778
759,2022-01-25 18:11:32+00:00,237.877739213403,241.35915523093524,246.56356041910067,251.69008973933242,249.0611824338739,246.3378007643721,231.37949237658734,231.65976027520014,227.47267850101593,223.77248710627902,224.99471559283285,229.43261602798268,231.36348836236627,239.0605938497239,238.77287052184892,246.7589935919783,255.26082424450556,246.96236851398868,252.67730446834778,240.89453323756777,236.3919193120079
760,2022-02-02 18:11:39+00:00,204.37512762314768,209.75955253438033,213.22663654329142,218.90288869716275,224.19968909647184,217.54931535581352,207.17148017087678,197.85102625037746,193.66417510838437,194.45594974504945,193.16206132286578,195.90414248118526,202.53741027378197,204.70847970719797,215.3347594419356,219.3833710933242,,,,,204.92829097057904
761,2022-02-10 18:11:29+00:00,249.4729583427215,251.08084350626663,257.0495141971537,,265.82716826549836,266.0149570489503,255.74653805858506,,244.30936461055873,241.19435271074792,241.7490870106621,245.06333981444465,251.97632885762238,253.23736960360105,259.88463913243896,263.7743185465286,271.3932099128855,264.2073756329211,265.1770950969672,256.5439832601092,253.28363668442648
762,2022-02-18 18:11:32+00:00,212.41073835274233,223.194689424262,223.4618947151672,224.52165433469506,227.74968699778788,226.3431006821209,216.34287645089722,207.70719551648222,204.8607703505967,204.3122861891598,203.62561836869898,211.66810799677413,218.35042215772722,220.30312650353795,228.349551638294,236.1010316363575,237.60279909211923,235.2034559034349,233.7856001239667,,220.02245801761632
763,2022-02-26 18:11:24+00:00,277.9116936568139,278.1174588168454,277.8008375434579,285.59926055188527,285.80471867212464,287.97173994526395,281.67470230758283,272.29615982067753,273.0182025557421,264.54258120795083,264.8252407597978,265.38362503428334,270.1703959709073,272.6799278456749,280.57549601367816,284.0352595474045,293.10232952339686,291.70629506259024,293.8647916704075,289.66894162893465,
764,2022-03-06 18:11:24+00:00,,,,,,,,,,,,,,,,,,,,,
765,2022-03-30 18:11:07+00:00,,,,,,,,,,,,,,,,,,,,,232.1179844091763
766,2022-04-07 18:11:18+00:00,243.16153209094813,244.88313299039513,248.68233592656904,250.71189875261513,252.3943744715157,254.27318439978956,252.31848234224617,244.4406644058434,241.4677336193046,238.38444521018275,235.80885055629471,238.31491911097743,245.1455020433309,245.56762102099145,252.90883852560444,258.96603172477194,267.6725576737565,263.5774499763461,266.35375401908595,255.13526847276796,252.69180413909464
767,2022-06-18 18:11:35+00:00,,,,,,,,,,,,,,,,,,,,,
768,2022-08-05 18:11:51+00:00,248.18061672352252,245.61815689486932,249.1368917712362,247.84890710168924,248.33697297082048,245.986625297386,238.02797094318876,232.4388959281893,227.37560654169408,228.9672932268262,230.2723702793745,233.72641793099103,240.6173729198288,242.11657569484447,241.0769501925941,251.997660860972,264.3482258652748,258.75073309021263,263.22868836953904,253.20711172735483,250.6234975190359
769,2022-08-29 18:11:37+00:00,240.96315309474858,241.51939637181698,242.0987327992857,242.568990506874,244.80061421436483,242.92897401458958,236.22418926576694,230.63820172751343,224.988550169971,225.59109040467092,225.44903069201075,231.20980845870017,234.12049013925184,238.32562004583738,239.28438037556268,250.55776462573945,258.29025487025166,258.2921185611924,263.81620865932325,249.25445545129023,250.49946386910554
770,2022-10-16 18:11:49+00:00,,,,,,,,,,215.69669817025127,213.10696707961543,212.07076942736887,219.59065779266297,215.89460094990693,219.6631110644725,232.5956492979978,237.26016865989976,238.37308913287347,250.7612358196443,244.49892529127266,231.82416438467908
771,2022-10-24 18:11:59+00:00,227.5684922798088,228.9161558680234,230.2209449616389,231.3905177030162,233.29613699729447,231.2794767354195,224.80981633881618,214.0622101934259,210.55345000599323,208.1591185706049,206.73488054477144,212.50250507126313,216.3088029031741,216.30264253449732,223.40089493851485,224.77047041177119,235.11216522012606,238.00946809094938,248.34845587576572,239.9096104901331,228.34160528223612
772,2022-11-01 18:11:48+00:00,236.86289750840416,234.99204843097738,240.4768163114242,237.23238420068355,239.47497341281164,236.1081856921016,227.67639342121169,222.1810159508497,216.08135051382766,215.37079886647606,217.9436550141222,217.86394603015836,223.06600572459746,221.39338673094892,228.79771840552667,240.68976910539183,241.80389611313512,245.13135879439784,261.2271095023625,245.740768060893,238.6212925081144
773,2022-11-17 18:11:51+00:00,246.23448286330586,245.95177157579872,246.15439573754196,249.8652750925927,250.21966462401477,249.20002826608925,240.94471163705464,230.722826870136,229.11899356219698,228.43383569488373,226.77386937955507,232.44994541224767,233.58903569565604,235.92868508996557,240.05228609628435,249.6408820634115,254.53093876745356,258.15048973881375,265.2044307809262,252.95511922294128,249.78586203576089
774,2022-11-25 18:11:56+00:00,217.4964046881878,218.59375718671816,222.12519704923716,224.5422618950654,226.18090070225153,219.8924756766151,212.76575360648985,203.0160586704376,198.85834244963488,195.31368055932109,191.18882989560024,198.80144668153955,201.17066805871437,201.3599665731905,202.3084573163855,212.22816326282802,223.20125085339333,226.73777445390346,232.58424659056504,223.7365374639626,221.6613162721999
775,2022-12-11 18:11:54+00:00,225.13608218440953,220.66534150735336,227.66801631638197,226.42765200895815,232.70377748606467,228.0299963284472,217.5983597928396,215.35191211575224,206.04195453748957,204.75896642437772,206.34074365547312,210.14877205150637,214.98534951487412,215.00294050550295,220.66401567972503,225.9884951328605,235.18939260936924,235.26212033727,246.21470115452286,238.0263086721875,228.5208495750561
776,2022-12-19 18:11:48+00:00,261.2837462867716,259.5502897055729,260.3616817973639,262.3248743218936,264.60263118888133,262.9615341026732,252.2405232062453,245.54485640053858,239.8950601992197,237.9519974862833,236.8634052809586,239.32506186068701,245.51796558189028,245.54524461260968,251.37550114175846,255.82606355622696,265.49323235899806,266.0727981031835,271.9370558828322,266.0392990192686,252.98538819866747
777,2023-01-04 18:11:50+00:00,223.43181126987372,225.911769681302,230.9443156009935,234.95945940788232,233.58818123991836,230.5705783700373,221.67791765429197,216.7634006226076,213.63798144792526,207.9927502209428,207.17609693436015,212.9159593913423,213.4743537530927,215.00931524937823,225.03636832458494,223.75218000817492,235.79892631271068,237.89725108766518,245.57306289307334,232.7101692977186,224.43252266343438
778,2023-01-12 18:11:44+00:00,193.66843951983986,197.26531366160046,202.69508531657902,205.1877950825894,206.24661552310113,209.2338821414281,199.77856115751462,185.7045307656603,173.1436080720461,169.16223059330144,169.61227983423518,167.61915095270632,169.10576715216033,165.76470654221401,161.0977995960251,170.261102545409,166.46254790850287,173.15367857674588,185.48067998968827,184.47492928844864,193.0974505833017
779,2023-01-20 18:11:39+00:00,195.7453796172374,198.60843232786297,203.44972406459488,206.94268101045154,209.55373833551943,206.32559168648464,195.5856928180765,185.79461816032304,173.2997589885909,171.58286282333344,168.3733504125763,170.16884425582788,176.35633415712812,174.01018613865196,171.29300225175996,175.51684279065478,185.00228941409725,187.69529608306527,188.359227227849,181.41298906345963,192.67509729245742
780,2023-01-28 18:11:45+00:00,,,,,,,,,,173.41274924224217,176.15044052851007,178.31026679974173,180.5590692242789,179.29574673781607,178.2907960290794,182.30791232764952,195.27992634146096,,,,
781,2023-02-05 18:11:53+00:00,193.02058224134134,198.35769274985836,199.70917837047085,204.4392546012726,,,,,,,,,,,,,,,178.76567942469853,174.06623173243605,185.705680228237
782,2023-03-09 18:11:30+00:00,,,,,,,,,,,,,,,,,,,,,
783,2023-03-25 18:11:25+00:00,,,,,,,,,,,,,,,,,,,,,199.08691702377317
784,2023-04-02 18:11:08+00:00,,,,,,,,,,,,,,,,,,,,,
785,2023-04-18 18:10:54+00:00,,,,,,,,,,,,,,,,,,,,,
786,2023-07-31 18:11:04+00:00,,,,,,,,,,,,,,,,,,,,,
787,2023-09-01 18:11:20+00:00,,,,,,,,,,,,,,,,,,,,,
788,2023-09-09 18:11:23+00:00,208.09422408003695,209.66673163630503,217.38320071608516,217.1155974079308,221.75154865559261,217.44338757077855,209.2806192634814,203.15439331648875,194.0383801037182,194.87943568963215,190.3180718100985,194.4714877091467,194.71677382234418,193.37480971950905,197.90133583305467,208.41581809853832,218.14090327143055,219.30858819558546,,217.59909854194223,215.4936334461138
789,2023-09-17 18:11:28+00:00,,,,,,,,,,,,,,,,,,,,,
790,2023-09-25 18:11:29+00:00,,,,,,,,,,,,,,,,,,,,,216.3247016454283
791,2023-10-03 18:11:28+00:00,,,,,,,,,,,,,,,,,,,,,194.04782697982228
792,2023-10-19 18:11:38+00:00,,,,,,,,,,,,,,168.37992992055865,171.44642731455525,184.35175946129746,188.72674810736805,190.62452398787156,187.9678813645248,180.82194823856395,189.4216707413786
793,2023-11-04 18:11:31+00:00,,,,,,,,,,,,,,,,,,224.82619882940486,223.35875712676486,207.99922554333824,211.6547240768469
794,2023-11-12 18:11:32+00:00,209.83205742079983,207.14122061708886,211.8742780451244,214.46775619304583,221.61883261470575,218.84756623248467,208.5922294524166,202.9613814704714,191.7456380749138,191.29795137004314,187.3397152929892,192.4793616590777,191.56128641269493,192.33758806729855,195.85189315263054,207.13613291352118,216.99467187701742,216.63518780609445,215.36650976832044,200.4687264274997,195.35285935494264
795,2023-11-20 18:11:38+00:00,215.01882148466865,218.46545032594378,219.815529140654,224.62731309048849,225.90811898226968,226.6425799673961,216.22575521509003,208.0558963484022,202.29101657944366,196.9888521230687,200.09545524087702,198.20521783542392,198.98713396044306,202.75812191512404,201.29680206881386,212.35092246446644,224.2460910322429,229.94863621416624,227.44061792010916,209.81369617894666,215.26583427727104
796,2023-12-06 18:11:37+00:00,218.90556134128008,224.2788156024481,229.0731066816926,232.6424129539808,232.87030637255617,230.30367126972553,220.0720531363654,209.45189256087687,204.58415299371538,199.5081266078538,201.57375645641923,201.54998053120158,206.5352554787983,207.64844118618473,208.54131460770805,214.44569954169546,226.67683322294948,233.85330441464905,231.80802089049197,213.17313520837047,215.46793719596621
797,2023-12-14 18:11:34+00:00,201.50338352913448,198.04599271469465,205.42930333702034,206.72168334583347,207.5635010500796,209.34275823984916,200.99216184549505,192.0063416046386,179.72879259224652,175.63634142443482,177.6363568640387,173.43844532493023,181.4347491562865,176.04633518604498,177.69058970486202,191.41637138073156,205.5656435197874,208.07729021449887,209.26355196473918,190.6389628739952,190.92618028010094
798,2024-01-07 18:11:37+00:00,197.58042128687384,195.34358307708646,200.63938336286589,206.02913277142932,202.77887434108948,203.83582622858552,195.04110969592955,176.88389286623513,171.8383948495225,171.37434717091165,168.08832814846215,169.15532191742125,171.03230415763772,167.20088092443282,164.40463173822815,169.02849461731304,184.7768676127027,184.32080707842775,183.52039171266412,179.64271411321556,185.99646201039883
799,2024-01-15 18:11:30+00:00,192.49177287391467,193.10875186627402,193.2286808255376,195.5950880160741,202.14941003857473,195.15075470980472,184.13598284877799,169.48561324181384,164.6651150719157,160.88280796313245,154.71904481104804,155.3919587092628,154.77024669504385,154.51467965440904,154.27214496560302,155.0551297780326,162.02647955669786,165.21195335534097,166.74276416196392,159.5241684695901,174.54664852235962
800,2024-01-23 18:11:35+00:00,195.13382719888835,192.96108035187734,198.9852658749634,201.74935043598333,203.7846663279899,201.67248297231262,191.1432181943014,177.90675595249044,168.2485771020721,164.9888959463786,163.48895569273864,163.44965800780903,160.92699446569006,161.96778956499955,159.6481885806237,164.6569021543546,178.76015198466968,178.23423575112187,179.5533402820207,170.5344521638517,185.62528771008562
801,2024-01-31 18:11:26+00:00,197.77516934743585,196.77561539886258,,,,,,,,,,,,165.01695216238468,164.29750888886053,177.66875632057838,177.29722475823354,179.04904558091147,185.90201853799073,178.56813935975973,185.9994301245543
802,2024-02-16 18:11:27+00:00,211.5591422948362,212.46339591924948,215.526570186961,221.18669323770328,222.50856465476454,221.03223342045578,214.55538091896221,201.20040857628067,197.58307261158274,191.76366303527482,191.42053230333767,195.47870921051367,192.83622231954774,195.91907054756706,199.93620684548577,208.08329817163616,,,,205.4805864527557,211.96034180876825
803,2024-02-24 18:11:28+00:00,195.41216539944395,195.47862543349265,198.76926478204825,201.06176021892486,199.3668963817973,197.31971197901692,189.1276597233881,176.67136148591334,166.66101108510207,163.31944065860057,160.9308849299543,158.75351171237494,162.92126131466165,166.104028985667,163.70633764219622,169.56483053593627,172.02892299771372,172.95725573297318,174.26699302886382,168.49222983246918,181.97037247684167
804,2024-03-03 18:11:18+00:00,207.9528351902773,207.58796111444923,210.73070272445108,216.39361804584752,216.69837262279333,215.78888251940987,206.04333342626597,193.56327900763824,189.45192064250398,183.934911802937,186.70727746837812,190.97319065493537,190.1579315106174,191.81314139549042,192.25602535873236,202.15688515772098,211.5125266678861,206.4786132217617,,202.99061216321383,200.98782697097346
805,2024-03-11 18:11:33+00:00,186.72130246918732,185.88365326276102,189.015905494964,192.0866081185659,194.19378548627418,188.46973587803086,175.3636626606671,160.73572671098333,155.60350712473564,154.0536991449406,149.64117013554088,150.91033641976657,152.24046030219094,153.49442869826305,154.15640866882913,,,,169.78707104952025,,169.15413848768097
806,2024-03-19 18:11:09+00:00,,,,,,,,,,,,,,,,,,,221.63517913864703,204.21779376185734,207.033159383351
807,2024-03-20 18:05:21+00:00,201.24931020117918,205.76346680348215,210.76199027435598,209.76163828558805,215.70935572624848,216.3404856356487,203.88813544097215,192.80071929152064,187.12326560047364,185.53964425265326,183.9949639165638,186.66782195881373,188.35910256307935,186.50644279189078,186.81382140350814,,,,,,
808,2024-03-27 18:11:25+00:00,,,,,,,,,,,,,,,,,,,,,
809,2024-04-04 18:10:59+00:00,,,,,,,,,,,,,,,,,,,,218.9244095915139,230.24153806542108
810,2024-04-28 18:11:00+00:00,,,,,,,,,,,,,,,,,,,,205.37022199553147,211.56216425172192
811,2024-08-18 18:11:03+00:00,235.82155714901654,238.4221778521101,236.92268765572345,235.0634016033714,236.87641966963906,233.69052974340474,224.7236075438664,214.14115052765723,207.84340477201428,207.46976167629245,203.05385439908684,205.39747235529038,204.65159535141586,204.76690433230226,205.71432192638338,214.4171225886467,230.2311260844119,233.94102748505446,235.28987477619606,224.6456052671566,221.28523289428588
812,2024-08-26 18:11:08+00:00,237.58272273410307,240.59515176146482,236.94407187129733,237.31447362211935,238.88710947947644,233.63563573440214,224.8340362862812,214.70771305084918,210.25962477242584,206.8950708002556,204.1494014005395,205.3087312500365,204.89686363843265,206.1513107426369,209.6333716586156,215.46531872184687,232.87159078690314,235.38452827560133,236.291240069793,225.80125600899834,222.17668017795552
813,2024-09-19 18:11:11+00:00,225.8044002818852,227.72816719418938,222.78026901153999,222.72557424358706,225.4816076572888,223.5432232631402,217.13241394558764,205.09669328337918,201.746576750126,195.16137073175662,194.97105304284165,197.3269608857266,194.76701407865073,195.647992884857,196.12583443458175,210.26775612667956,222.39861227582622,230.0360650534739,232.12930038650043,217.85063910284893,218.30118256769217
814,2024-10-21 18:11:31+00:00,221.89770464516204,221.64818943120372,224.23049342722732,224.97653115247425,224.0866527417561,219.91845563606935,211.09344169677573,206.8017544607543,194.7243974261271,193.80892803831784,193.35030037435666,194.83331763419426,195.15706593215225,195.64111348154216,195.91062670373822,207.8612406156716,224.02321821436772,226.41938708875227,228.97553833651153,212.33556532014296,217.22827718448923
815,2024-10-29 18:11:20+00:00,238.05769764556095,238.15330234653788,239.65661131534148,238.25517174619625,239.6964004635879,238.31934023560865,228.07420067627945,218.19875392263356,210.60726007009447,206.08732888197048,205.42200090778982,207.4363155960421,212.51451377963528,209.70046290223027,212.5587346576872,219.71063816216062,235.66512300039366,235.27798275083512,239.25700388463707,235.4469106136603,226.22673303137609
816,2024-11-06 18:11:29+00:00,222.830954267234,222.8584833735145,222.59293890473486,227.12859795014276,226.32805383661463,226.04665893221753,210.92178305711326,204.88351663882776,196.49387351157822,194.0989387717411,193.13175880085237,195.475985201139,197.93884014179827,196.5064718474874,196.67509961258102,208.71336515770844,227.62276639626936,229.91174746206113,231.0023407641338,217.69491407569006,218.02885726012892
817,2024-11-14 18:11:20+00:00,231.84473058957371,233.85126748174463,233.6815277476975,235.8675881164113,234.2971969919704,231.6920049966074,222.14724393262995,213.01542839564814,205.23576989819279,201.7350104879137,200.28944443778786,201.24428927986767,204.68601265611693,204.31852177904534,198.24953257601408,210.93609387583928,230.84264323404568,232.42860181705743,232.1255873983666,217.84784212625982,210.9427543141922
818,2024-11-22 18:11:37+00:00,233.81099839369892,232.93834433085158,230.46055399425592,231.81271585504584,232.55876467059602,230.73172717617976,221.45134661807634,210.82438860384596,205.2113500781356,201.1364958048742,199.6923183370284,199.15025063573844,199.8701716597178,203.58092276127599,199.50600532127064,211.73836893243543,226.20734496313003,227.6257765156478,226.5415499018481,213.0693338080174,217.56649987408963
819,2024-11-30 18:11:34+00:00,225.0539812506975,226.4378324142189,224.1463446670789,227.06778531430348,227.40976847201972,226.79839681333132,216.99990161088647,209.77572086199527,201.8479983916611,195.31915175263848,196.81247936171715,196.6039940535206,196.5974662836684,202.23818803205256,201.35132816265445,213.44764433478878,229.72247332681195,231.72899084039494,230.02919939023934,215.4248498770202,217.28951026382364
820,2024-12-08 18:11:28+00:00,236.7223263716897,235.40785518202603,237.98231794150044,238.47487983168685,239.29841640741898,238.18095224996404,228.18957193661464,221.7451647503016,208.90679246359,206.37790423014684,207.52768912929537,208.2890115914015,212.3395187713011,210.95396626718474,212.52313160978446,219.81474365011277,236.22467031297663,234.76629239541805,237.15410774515323,221.27467517322177,219.52388797070907
821,2024-12-16 18:11:24+00:00,204.83437372206618,204.4158939489061,209.104968999334,210.88129137189517,213.3364644592442,209.01526614731148,201.96881385327094,190.95874129949487,185.1412565637931,181.27680429606565,175.27041415662185,179.77709794643349,177.10651179360096,173.81178562490442,176.54563644692004,186.56909619069546,202.19552380852014,203.79597482735844,197.29526466224783,182.2459544100939,188.95638022437458
822,2025-01-09 18:11:30+00:00,203.28827650403167,203.98822552894944,210.22234373882284,216.2494125117608,225.12739000794687,222.41964463476648,208.20143253371282,197.10474425456414,185.14206876463595,181.93285295608115,181.8307433576951,187.0657208639295,188.71560990582847,185.23529584678948,185.44040261744323,195.74810085435612,207.00291229976466,199.95876343481643,197.1793047854357,179.44058358691115,189.33118395246765
823,2025-01-17 18:11:27+00:00,187.2532864942699,190.18224001105992,193.01150423098926,197.67509602727833,203.11987693058822,196.65572129209852,186.24213797601777,174.66234356962065,161.39105166283463,159.4647836136073,157.42161888084686,157.2788721710516,155.8491246284162,150.7776745334069,157.38287112143416,158.79530038901186,,160.59024841618472,167.43000075458258,155.99475736862203,164.7852636554241
824,2025-01-25 18:11:33+00:00,203.99233123146038,205.02815127781122,218.850720051598,229.04622881383622,234.40062243215593,231.11963270505348,219.9703643061411,207.01007674964666,200.26148601804687,194.31651697190458,191.8274461018349,194.05075341564134,192.7191766465633,195.54191043000327,197.88969740511646,207.01437322086997,217.51282946670273,215.75756793990612,206.2940989524472,186.34704148322584,199.5928125034755
825,2025-02-18 18:11:21+00:00,203.23741531622156,204.7027008335141,211.7430398677469,218.5827852807957,221.99928307227987,224.98094193417802,208.54274937187847,199.49208664106197,189.72617966216885,185.08961005244294,184.1146412172775,183.1464700540722,186.16703700629088,182.50171035849036,184.089131724515,188.61278052602677,202.51355242356445,197.23621889009462,194.25226611441462,185.26758996788425,193.08606944509336
826,2025-03-06 18:11:14+00:00,224.28090054896057,231.98326301692862,240.2156139225536,244.52192430109187,250.682783688319,249.210767510092,241.04966441762596,228.83974042408857,219.78556516853544,215.34847420460525,211.88039682944526,216.9687838272794,219.31244196540766,215.8798470719566,,,239.6536610371372,,,,230.88823006135243
827,2025-03-14 18:11:23+00:00,196.97865062764328,196.1139473331399,198.560984707264,202.21587364397027,206.27463692311704,206.65303630704108,193.7649578165266,181.27004877806675,173.45159587520521,167.28564781016098,168.09566682225312,169.58708388769463,165.4842065298182,168.27772013469132,167.80513408183765,174.0380586505612,,175.36874320321442,177.28886788773008,175.83063026667637,185.16271323715284
828,2025-03-22 18:11:04+00:00,,,,,,,,,,,,,,,205.85380173834852,216.4535831314513,232.4508920944828,228.46975400853748,229.80743722478215,213.2083594478294,212.19030658764456
829,2025-04-07 18:11:00+00:00,218.57286873256106,216.9253442331149,224.20827934964746,231.63383994951636,235.0372433294665,236.60576775682028,227.89896895929994,219.72019611905557,210.69717558971246,203.09157121981326,199.1149885624572,198.72479275688613,204.98168220329381,204.7992163698285,207.5418875984987,216.6118940560379,231.48359311621698,233.11341498573722,236.6897557835643,224.42229106900737,220.5447786501042
