dates,satname,sar1867-0000,sar1867-0001,sar1867-0002,sar1867-0003,sar1867-0004,sar1867-0005,sar1867-0006,sar1867-0007
1984-04-13 09:26:43+00:00,L5,209.55,172.99,345.00,171.65,214.85,197.11,196.94,205.90
1984-05-06 09:33:03+00:00,L5,183.76,168.15,329.87,165.08,205.38,194.86,200.78,211.79
1984-06-07 09:33:54+00:00,L5,216.19,216.44,252.98,236.96,235.23,,,
1984-07-18 09:28:46+00:00,L5,220.28,172.42,345.48,172.84,216.49,195.34,203.88,213.65
1984-08-03 09:29:20+00:00,L5,213.84,216.58,345.89,167.08,217.10,205.40,206.03,216.98
1984-08-19 09:29:51+00:00,L5,208.62,216.31,348.49,168.47,216.64,205.04,209.77,214.14
1984-09-04 09:29:37+00:00,L5,199.35,216.34,329.42,162.68,214.27,195.84,201.53,207.88
1984-09-11 09:35:50+00:00,L5,177.90,147.13,213.68,163.72,209.21,195.05,195.20,216.48
1984-09-20 09:30:04+00:00,L5,201.90,161.69,328.63,170.14,216.28,205.05,206.16,213.19
1984-10-13 09:35:49+00:00,L5,197.64,158.37,204.99,155.75,205.50,192.21,196.02,206.64
1984-10-22 09:30:00+00:00,L5,217.38,197.24,344.34,149.76,164.77,178.93,211.97,216.93
1985-01-17 09:36:05+00:00,L5,215.97,231.19,350.96,168.13,208.50,198.33,188.55,207.97
1985-02-02 09:36:09+00:00,L5,218.85,231.54,348.02,164.33,209.74,195.42,207.47,216.48
1985-04-23 09:35:59+00:00,L5,198.28,158.99,208.95,166.63,207.00,195.84,195.17,207.25
1985-05-02 09:29:43+00:00,L5,197.35,163.55,212.74,169.94,216.90,201.60,207.98,216.19
1985-06-03 09:30:04+00:00,L5,215.96,160.66,213.10,169.95,211.45,195.57,199.11,207.56
1985-06-10 09:35:50+00:00,L5,205.84,172.98,207.98,154.38,207.40,189.96,196.74,207.25
1985-06-26 09:35:47+00:00,L5,177.90,165.62,211.22,155.81,206.19,192.33,193.93,204.83
1985-07-05 09:29:33+00:00,L5,204.77,162.95,210.14,164.81,207.84,191.12,196.38,205.39
1985-07-12 09:35:41+00:00,L5,208.47,159.49,212.32,163.20,208.06,190.77,194.90,211.22
1985-08-13 09:35:25+00:00,L5,205.76,158.05,207.90,162.38,204.03,191.91,199.12,210.58
1985-08-22 09:29:08+00:00,L5,189.42,158.27,215.03,165.32,216.86,207.75,205.74,216.81
1985-11-10 09:28:33+00:00,L5,219.02,169.03,214.88,171.13,215.92,204.15,205.50,211.22
1985-11-26 09:28:17+00:00,L5,198.14,156.37,215.93,166.38,215.54,197.11,199.54,210.55
1985-12-03 09:33:55+00:00,L5,214.64,216.31,345.89,168.70,216.12,203.73,208.03,212.69
1986-01-13 09:26:58+00:00,L5,197.28,186.39,211.70,166.74,213.91,204.87,208.44,214.45
1986-02-21 09:32:17+00:00,L5,187.37,160.27,210.59,159.55,206.57,192.71,197.66,200.56
1986-03-25 09:31:37+00:00,L5,189.71,159.17,206.79,160.16,207.52,196.97,197.17,201.57
1986-04-10 09:31:17+00:00,L5,198.25,159.41,221.39,174.56,217.76,,,
1986-05-12 09:30:29+00:00,L5,210.75,231.37,344.61,166.33,215.45,199.11,203.01,207.33
1986-05-21 09:24:03+00:00,L5,216.31,231.37,331.80,158.45,204.70,207.45,208.45,210.97
1986-05-28 09:30:02+00:00,L5,186.13,225.06,335.59,155.06,206.48,192.09,189.32,200.87
1986-06-22 09:23:04+00:00,L5,215.24,169.38,328.67,164.24,210.29,202.02,199.84,208.05
1986-07-08 09:22:57+00:00,L5,203.60,161.31,210.32,160.11,208.38,191.11,194.04,204.19
1986-07-24 09:22:23+00:00,L5,157.30,142.65,211.20,160.02,206.17,190.40,193.92,210.50
1986-07-31 09:27:55+00:00,L5,208.79,201.26,345.48,161.86,205.79,194.93,203.84,211.74
1986-08-16 09:27:20+00:00,L5,201.07,181.52,332.14,166.74,210.59,196.79,203.03,214.44
1986-09-17 09:26:13+00:00,L5,188.35,156.29,215.43,169.28,211.22,197.22,201.46,210.14
1986-09-26 09:19:45+00:00,L5,162.50,159.36,197.72,132.04,200.89,196.31,205.35,212.75
1986-10-12 09:19:14+00:00,L5,101.80,66.02,125.70,60.50,193.64,176.47,189.61,228.70
1987-03-05 09:21:03+00:00,L5,,,,,,,,
1987-03-21 09:22:02+00:00,L5,212.66,216.34,347.30,173.10,216.65,208.72,211.76,211.17
1987-04-29 09:29:06+00:00,L5,196.88,216.94,328.86,159.63,206.48,195.83,203.66,209.06
1987-05-08 09:23:35+00:00,L5,225.35,250.39,360.29,172.93,223.05,201.97,209.05,215.90
1987-06-09 09:24:23+00:00,L5,198.32,177.98,214.36,165.71,210.57,194.05,199.50,206.20
1987-06-16 09:30:19+00:00,L5,181.52,216.62,328.61,156.50,208.96,188.20,198.20,203.32
1987-06-25 09:24:44+00:00,L5,,,208.40,162.79,217.13,210.36,210.70,218.88
1987-07-02 09:30:39+00:00,L5,195.27,158.14,206.19,154.49,207.80,192.52,205.40,214.42
1987-07-18 09:30:57+00:00,L5,218.09,166.65,213.53,161.92,205.75,200.56,205.48,212.79
1987-08-03 09:31:25+00:00,L5,201.25,219.84,329.95,165.66,209.39,199.89,209.71,213.89
1987-08-19 09:31:54+00:00,L5,194.86,167.19,213.79,162.68,206.24,197.23,203.28,217.30
1987-09-04 09:32:19+00:00,L5,209.01,170.72,345.95,172.14,223.29,216.38,226.30,230.76
1987-09-20 09:32:42+00:00,L5,200.74,163.02,212.84,164.62,210.09,193.86,202.06,209.79
1987-10-06 09:33:02+00:00,L5,192.27,153.64,214.41,166.33,207.37,194.72,194.91,207.50
1987-11-07 09:33:38+00:00,L5,208.41,162.60,213.36,170.53,214.69,195.59,199.92,207.69
1987-11-16 09:28:03+00:00,L5,,,,176.32,217.59,209.22,210.50,214.23
1988-01-10 09:34:42+00:00,L5,232.82,245.08,346.34,173.68,219.46,200.72,199.77,212.57
1988-01-19 09:28:41+00:00,L5,192.27,159.33,209.50,158.01,200.95,202.05,195.91,206.66
1988-02-20 09:29:14+00:00,L5,203.26,164.02,199.25,157.78,207.47,200.34,206.82,212.55
1988-03-14 09:35:39+00:00,L5,195.68,216.58,314.41,169.84,209.69,194.38,194.41,206.07
1988-04-15 09:35:50+00:00,L5,215.62,248.53,346.22,170.90,215.80,206.49,206.54,209.54
1988-04-24 09:30:07+00:00,L5,213.99,176.97,348.16,171.35,218.68,210.40,173.68,
1988-05-01 09:35:57+00:00,L5,202.78,164.70,212.18,168.07,205.52,195.95,199.13,211.73
1988-05-17 09:36:08+00:00,L5,193.89,151.43,207.72,162.11,206.88,189.04,192.67,199.61
1988-06-02 09:36:14+00:00,L5,200.31,159.95,209.66,167.43,209.25,196.31,200.39,201.52
1988-06-11 09:30:05+00:00,L5,189.89,168.23,211.53,160.53,204.99,203.57,203.24,206.24
1988-06-18 09:36:19+00:00,L5,193.25,131.76,206.46,160.09,203.88,186.19,186.84,197.35
1988-07-04 09:36:24+00:00,L5,196.93,163.12,211.01,167.11,209.68,197.74,202.89,209.58
1988-07-13 09:30:15+00:00,L5,194.47,157.97,214.56,165.38,210.49,193.97,192.69,206.54
1988-07-20 09:36:27+00:00,L5,187.74,149.34,202.29,155.92,200.42,188.32,188.97,200.61
1988-07-29 09:30:18+00:00,L5,194.90,156.11,207.22,154.58,204.57,191.44,202.43,207.77
1988-08-05 09:36:28+00:00,L5,181.21,157.50,210.31,162.45,205.39,193.25,193.17,212.76
1988-08-14 09:30:16+00:00,L5,215.55,163.55,208.42,162.16,204.58,197.60,196.31,203.10
1988-08-21 09:36:29+00:00,L5,194.65,156.38,205.19,154.04,202.65,190.99,192.60,201.56
1988-08-30 09:30:21+00:00,L5,205.08,156.29,209.37,163.43,206.24,197.34,200.72,206.88
1988-09-15 09:30:41+00:00,L5,199.98,138.58,215.79,168.96,214.43,211.04,,
1988-09-22 09:36:26+00:00,L5,207.76,216.54,336.64,161.34,215.46,197.82,205.02,210.15
1988-10-08 09:36:21+00:00,L5,179.40,157.83,212.22,168.68,210.19,196.14,202.17,208.25
1988-10-24 09:36:17+00:00,L5,197.62,140.27,198.69,147.57,205.77,194.08,209.60,201.00
1988-11-02 09:30:10+00:00,L5,200.54,173.76,345.13,165.07,215.27,207.22,211.48,217.95
1988-11-18 09:30:32+00:00,L5,192.98,216.34,189.33,150.97,189.38,181.15,189.60,212.58
1988-12-04 09:30:29+00:00,L5,200.73,167.68,331.21,167.61,209.31,206.89,205.13,217.18
1988-12-11 09:36:09+00:00,L5,191.36,164.22,214.86,170.92,217.00,201.51,207.92,210.13
1989-01-12 09:35:56+00:00,L5,191.77,154.95,199.19,159.42,205.55,187.34,194.23,204.57
1989-02-06 09:29:59+00:00,L5,225.60,254.07,351.09,168.30,216.51,205.44,211.18,213.51
1989-03-26 09:28:29+00:00,L5,214.82,164.73,330.16,172.13,215.30,201.88,206.81,212.92
1989-04-02 09:34:48+00:00,L5,214.80,231.80,329.47,164.96,205.80,196.86,194.58,201.22
1989-04-18 09:34:43+00:00,L5,176.94,156.78,202.38,152.53,206.76,194.91,194.81,204.43
1989-05-20 09:34:09+00:00,L5,215.68,201.29,210.55,162.29,206.31,197.32,204.02,204.75
1989-05-29 09:28:17+00:00,L5,218.80,234.15,337.40,165.58,214.99,201.35,200.00,210.50
1989-06-14 09:27:46+00:00,L5,216.24,216.36,345.79,174.54,218.56,204.83,205.96,214.00
1989-06-21 09:33:31+00:00,L5,197.70,147.66,207.60,157.65,209.64,194.75,193.61,203.29
1989-06-30 09:27:15+00:00,L5,215.16,162.86,211.46,155.58,204.65,196.12,196.73,208.13
1989-07-16 09:27:19+00:00,L5,206.88,201.48,313.97,166.41,209.94,194.74,195.42,208.16
1989-07-23 09:32:57+00:00,L5,197.88,157.93,208.40,156.25,205.45,188.94,191.97,201.52
1989-08-01 09:26:59+00:00,L5,177.73,152.21,213.01,164.09,208.50,194.33,195.35,211.45
1989-08-24 09:32:15+00:00,L5,183.97,164.24,211.03,155.79,205.25,194.47,197.74,204.36
1989-09-02 09:26:17+00:00,L5,130.62,121.28,212.61,161.79,194.44,187.72,187.63,201.40
1989-09-25 09:31:28+00:00,L5,213.78,231.17,329.49,173.18,214.53,197.18,194.03,209.89
1989-10-04 09:25:12+00:00,L5,197.78,156.26,210.93,169.00,209.83,192.05,191.49,203.58
1989-10-11 09:31:06+00:00,L5,219.51,237.32,319.86,160.58,206.57,201.25,204.45,207.72
1989-10-27 09:30:27+00:00,L5,223.27,250.81,348.35,179.68,220.07,210.08,208.77,218.76
1989-11-12 09:30:07+00:00,L5,215.39,235.14,332.25,168.50,213.12,202.61,204.23,209.54
1989-12-14 09:29:14+00:00,L5,132.64,124.61,211.16,166.02,199.17,186.59,190.49,199.67
1989-12-23 09:23:10+00:00,L5,196.76,201.52,250.30,164.32,201.66,191.58,,
1990-01-31 09:27:43+00:00,L5,208.06,231.76,319.71,161.36,215.65,195.31,200.84,209.71
1990-02-16 09:27:12+00:00,L5,193.52,160.27,209.86,163.37,207.55,196.02,193.46,203.28
1990-03-04 09:26:38+00:00,L5,245.79,267.58,349.06,184.73,224.85,200.34,203.94,219.08
1990-04-14 09:19:47+00:00,L5,204.47,160.84,216.95,170.43,210.52,193.63,194.25,204.28
1990-04-21 09:25:58+00:00,L5,197.33,216.37,331.89,171.26,216.03,201.12,205.19,208.69
1990-05-07 09:25:55+00:00,L5,230.32,253.73,347.73,177.73,219.17,212.25,220.71,222.47
1990-05-16 09:20:13+00:00,L5,199.15,172.89,329.39,168.61,209.44,204.05,207.44,213.00
1990-06-01 09:20:08+00:00,L5,231.06,260.58,347.08,189.33,228.89,211.92,215.16,221.63
1990-06-17 09:20:06+00:00,L5,197.31,161.04,215.83,169.23,211.02,196.33,194.48,208.66
1990-06-24 09:25:54+00:00,L5,195.25,156.44,214.56,165.04,205.76,201.00,203.47,207.22
1990-07-10 09:25:52+00:00,L5,168.49,146.01,211.44,163.35,207.01,192.72,195.07,207.59
1990-07-19 09:19:37+00:00,L5,200.60,167.33,224.73,171.13,215.54,197.74,204.34,211.73
1990-07-26 09:25:48+00:00,L5,200.65,135.85,222.13,171.09,210.67,198.50,194.26,207.42
1990-08-04 09:19:56+00:00,L5,202.65,165.36,223.58,178.61,216.36,197.22,203.10,211.52
1990-08-11 09:25:43+00:00,L5,186.75,169.58,215.90,170.12,214.08,197.36,204.14,213.59
1990-08-20 09:19:30+00:00,L5,195.20,162.04,213.28,169.64,217.97,211.31,211.58,216.94
1990-09-12 09:25:35+00:00,L5,204.41,156.02,208.67,166.24,207.24,197.81,202.68,211.64
1990-09-28 09:25:26+00:00,L5,204.65,201.29,330.17,173.16,215.70,201.34,205.14,213.80
1990-10-30 09:25:11+00:00,L5,176.30,152.72,207.83,160.24,201.18,195.58,190.66,210.37
1990-11-15 09:25:13+00:00,L5,206.13,170.29,214.39,165.38,209.77,209.26,207.89,212.13
1991-01-11 09:19:39+00:00,L5,225.51,257.86,346.40,184.01,226.13,216.92,218.46,221.18
1991-02-12 09:20:19+00:00,L5,,,,,,,,
1991-04-08 09:27:30+00:00,L5,226.92,263.72,349.94,177.03,220.21,212.44,214.00,217.77
1991-04-17 09:21:32+00:00,L5,190.53,159.00,211.64,160.07,208.68,188.08,190.48,198.85
1991-04-24 09:27:46+00:00,L5,218.57,253.85,333.09,164.73,206.39,199.90,205.43,211.75
1991-05-10 09:28:06+00:00,L5,209.68,250.01,344.54,176.94,221.77,214.06,205.73,194.44
1991-05-19 09:22:26+00:00,L5,209.59,244.28,329.37,164.50,213.49,196.40,202.79,206.72
1991-05-26 09:28:22+00:00,L5,214.95,250.75,318.50,170.85,214.33,199.71,205.28,207.29
1991-06-04 09:22:18+00:00,L5,203.89,248.92,329.42,165.98,216.70,206.61,207.05,209.25
1991-06-20 09:22:30+00:00,L5,218.67,245.02,329.61,164.29,209.74,200.75,211.17,215.68
1991-06-27 09:28:49+00:00,L5,199.04,148.77,199.38,150.84,202.53,186.11,190.72,199.93
1991-07-06 09:23:10+00:00,L5,198.16,173.00,214.42,165.83,210.96,194.59,199.12,207.56
1991-07-13 09:28:57+00:00,L5,202.87,159.07,211.39,158.72,207.04,196.57,197.48,207.45
1991-07-22 09:23:22+00:00,L5,178.44,157.92,206.77,161.97,205.81,192.84,193.75,213.01
1991-07-29 09:29:13+00:00,L5,206.16,155.99,211.20,161.06,204.63,204.81,204.94,215.48
1991-08-07 09:23:04+00:00,L5,208.90,243.98,329.16,167.68,215.04,196.51,199.20,211.25
1991-08-14 09:29:15+00:00,L5,181.25,154.25,209.40,163.56,206.18,191.68,191.88,203.25
1991-08-23 09:23:34+00:00,L5,182.91,157.43,211.49,155.62,209.49,192.71,204.43,214.99
1991-09-08 09:23:24+00:00,L5,182.57,165.28,223.41,169.17,216.61,203.79,204.54,212.20
1991-09-15 09:29:38+00:00,L5,208.58,168.14,216.66,162.26,211.12,210.20,211.22,221.31
1991-09-24 09:23:55+00:00,L5,189.07,164.29,216.07,163.68,213.61,215.01,216.43,220.72
1991-10-01 09:29:43+00:00,L5,183.94,159.54,203.58,153.31,204.30,196.43,196.71,205.77
1991-11-02 09:29:52+00:00,L5,225.01,249.34,329.37,160.18,209.76,204.65,210.73,213.97
1991-11-11 09:24:09+00:00,L5,197.81,201.29,328.95,174.10,216.12,196.18,199.56,209.57
1991-11-27 09:24:17+00:00,L5,207.76,248.50,317.99,163.49,213.01,199.11,201.84,204.47
1991-12-04 09:30:12+00:00,L5,219.80,171.22,313.72,172.80,215.30,202.32,204.99,206.07
1992-01-05 09:29:59+00:00,L5,413.21,592.73,542.48,444.57,482.50,,,
1992-01-14 09:23:49+00:00,L5,225.95,265.31,345.45,170.16,217.79,206.96,212.95,217.13
1992-01-30 09:23:54+00:00,L5,218.71,248.85,330.38,164.69,208.18,195.04,207.88,212.63
1992-02-06 09:29:56+00:00,L5,222.85,248.39,328.76,171.35,216.50,198.70,200.72,209.38
1992-02-15 09:24:02+00:00,L5,222.68,247.77,335.90,170.80,216.78,208.42,206.12,211.49
1992-04-10 09:29:42+00:00,L5,,429.92,182.99,294.07,227.17,,,
1992-04-19 09:23:30+00:00,L5,195.14,172.57,212.39,171.13,210.47,193.84,196.43,206.46
1992-04-26 09:29:34+00:00,L5,220.91,248.53,337.26,164.34,212.67,209.66,214.26,220.70
1992-05-12 09:29:27+00:00,L5,209.16,222.74,298.32,159.42,201.56,193.22,192.19,196.72
1992-05-28 09:29:18+00:00,L5,187.07,169.17,217.03,170.27,210.73,193.02,204.26,209.11
1992-06-06 09:23:03+00:00,L5,185.12,159.44,212.32,165.80,209.41,197.70,196.47,206.28
1992-06-29 09:28:56+00:00,L5,186.82,154.55,208.93,163.24,206.98,193.03,189.00,200.15
1992-07-15 09:28:44+00:00,L5,199.27,162.53,208.63,158.78,205.78,195.10,193.19,200.97
1992-07-31 09:28:32+00:00,L5,194.84,173.10,225.93,172.93,220.02,211.14,211.43,217.73
1992-08-09 09:22:38+00:00,L5,197.11,161.47,216.55,172.38,210.93,195.85,198.96,219.88
1992-08-16 09:28:17+00:00,L5,175.09,162.32,205.98,162.03,204.77,196.17,191.98,206.97
1992-09-01 09:28:02+00:00,L5,193.80,125.36,209.82,160.66,206.08,195.89,194.97,209.37
1992-09-10 09:22:08+00:00,L5,174.62,172.96,208.70,164.52,204.70,186.72,187.49,201.36
1992-09-17 09:27:48+00:00,L5,202.52,171.05,225.97,170.86,218.07,206.13,208.75,216.70
1992-10-12 09:21:04+00:00,L5,-11.53,-28.72,117.58,108.52,180.79,,,18.32
1992-11-04 09:26:58+00:00,L5,192.64,159.70,211.55,164.69,205.23,,201.96,205.93
1992-12-06 09:26:58+00:00,L5,173.28,159.01,208.59,163.41,202.36,190.28,198.86,205.96
1992-12-15 09:20:52+00:00,L5,211.28,170.47,213.99,170.95,213.45,197.80,202.49,206.48
1993-01-07 09:27:16+00:00,L5,219.19,258.19,338.94,175.01,220.46,216.42,211.11,215.43
1993-01-23 09:27:27+00:00,L5,209.34,253.13,339.10,167.09,217.31,204.40,206.69,210.55
1993-02-08 09:27:38+00:00,L5,254.70,,409.16,413.80,,,,
1993-03-05 09:22:03+00:00,L5,206.59,177.12,225.67,171.29,217.28,207.74,208.73,214.22
1993-04-06 09:22:12+00:00,L5,195.49,176.78,209.52,161.22,206.13,196.05,201.30,201.54
1993-04-22 09:22:22+00:00,L5,198.06,161.06,212.29,164.64,208.48,204.41,207.31,211.33
1993-05-08 09:22:01+00:00,L5,186.55,170.66,211.46,170.02,205.63,201.27,203.76,208.61
1993-05-15 09:28:13+00:00,L5,175.45,155.97,207.32,161.50,203.45,196.74,190.32,197.45
1993-05-24 09:22:27+00:00,L5,195.68,171.00,220.73,169.93,214.63,205.16,207.08,214.42
1993-05-31 09:28:16+00:00,L5,183.66,166.21,217.37,169.52,215.42,199.07,203.73,208.66
1993-06-09 09:22:05+00:00,L5,184.13,162.78,215.47,164.95,205.70,197.18,198.33,210.48
1993-06-16 09:28:14+00:00,L5,186.15,178.74,213.28,164.84,208.92,198.52,202.54,211.38
1993-06-25 09:22:24+00:00,L5,185.96,164.54,210.48,164.69,204.64,201.57,204.94,208.33
1993-07-11 09:21:58+00:00,L5,175.02,159.47,204.20,157.84,202.62,195.90,203.34,208.69
1993-07-18 09:28:08+00:00,L5,191.60,158.51,206.81,155.77,202.83,200.03,203.20,207.34
1993-07-27 09:22:20+00:00,L5,196.90,173.48,211.85,160.32,205.05,195.81,198.37,210.85
1993-08-03 09:28:08+00:00,L5,197.97,158.52,205.99,161.82,205.14,192.16,197.18,211.49
1993-08-12 09:21:57+00:00,L5,215.42,183.28,212.09,159.08,214.90,201.25,203.56,211.43
1993-08-19 09:28:08+00:00,L5,180.54,156.77,205.66,155.40,205.32,198.77,205.23,213.63
1993-10-06 09:27:59+00:00,L5,167.21,155.42,209.53,168.52,210.71,195.48,197.01,208.40
1993-11-07 09:27:46+00:00,L5,196.65,158.24,216.03,165.78,205.12,188.32,201.05,208.36
1993-11-16 09:21:53+00:00,L5,206.00,171.18,215.87,168.96,210.27,205.27,206.36,210.49
1993-12-02 09:21:27+00:00,L5,,626.88,,,315.46,90.69,,279.34
1994-01-03 09:21:32+00:00,L5,198.03,168.24,210.22,166.75,205.58,197.89,211.31,212.82
1994-01-26 09:26:59+00:00,L5,216.18,168.69,208.91,161.67,206.25,196.88,200.56,207.56
1994-02-27 09:26:35+00:00,L5,196.01,167.63,218.50,169.56,215.86,196.22,204.24,201.96
1994-03-08 09:20:40+00:00,L5,230.73,260.50,346.53,171.29,220.37,198.02,207.40,214.27
1994-03-24 09:20:03+00:00,L5,233.17,262.56,346.08,176.64,217.25,208.25,213.71,216.38
1994-03-31 09:26:06+00:00,L5,170.82,157.44,218.79,168.03,216.56,198.68,201.37,207.39
1994-05-02 09:25:29+00:00,L5,216.43,246.29,328.85,163.90,210.54,194.92,196.41,206.52
1994-05-11 09:19:08+00:00,L5,191.20,170.17,214.76,169.42,214.25,198.08,201.66,208.89
1994-07-05 09:24:11+00:00,L5,195.60,158.15,209.20,155.98,208.68,196.91,201.36,208.44
1994-07-14 09:18:08+00:00,L5,190.93,168.02,218.60,165.32,214.84,196.73,203.68,210.30
1994-07-21 09:23:43+00:00,L5,,,,,,189.34,197.58,203.90
1994-07-30 09:17:41+00:00,L5,190.34,163.57,215.08,161.46,206.33,196.66,202.11,213.51
1994-08-15 09:16:52+00:00,L5,178.72,160.95,207.04,161.07,206.67,192.91,194.41,204.44
1994-08-22 09:22:53+00:00,L5,171.33,157.89,207.50,166.82,210.19,192.35,200.13,206.63
1994-08-31 09:16:29+00:00,L5,176.65,159.04,208.04,151.90,210.29,197.41,200.68,207.27
1994-09-07 09:22:29+00:00,L5,187.76,157.97,223.95,170.00,216.48,202.71,203.93,213.22
1994-09-16 09:16:04+00:00,L5,191.77,168.62,216.41,164.74,206.91,200.77,206.58,210.41
1994-10-18 09:15:31+00:00,L5,182.93,160.61,220.75,165.89,213.26,198.29,200.41,208.80
1994-11-03 09:14:33+00:00,L5,94.99,144.46,203.73,148.02,169.15,169.41,184.10,202.48
1994-11-10 09:20:30+00:00,L5,131.08,111.67,205.57,149.68,195.88,180.59,191.29,197.22
1994-12-12 09:19:28+00:00,L5,224.63,248.71,329.70,164.14,214.40,200.80,204.64,199.29
1994-12-21 09:13:24+00:00,L5,185.13,160.85,218.28,167.25,206.06,200.73,205.42,208.85
1995-01-22 09:11:52+00:00,L5,212.50,243.76,332.58,161.61,209.85,202.36,200.81,210.52
1995-01-29 09:17:46+00:00,L5,206.49,172.51,213.54,163.11,214.54,203.48,203.21,213.70
1995-02-14 09:17:07+00:00,L5,173.44,511.77,214.73,490.13,379.11,345.89,,
1995-02-23 09:10:59+00:00,L5,212.83,242.52,329.53,169.86,215.92,210.59,207.01,211.51
1995-03-11 09:09:57+00:00,L5,90.18,49.61,183.53,73.39,210.85,204.05,,
1995-03-27 09:09:40+00:00,L5,207.97,187.72,220.43,166.53,209.79,205.11,209.52,211.90
1995-04-12 09:08:37+00:00,L5,207.98,174.61,223.45,168.75,208.66,197.30,203.17,208.16
1995-04-19 09:14:30+00:00,L5,196.71,166.91,216.49,169.88,205.14,209.82,207.12,209.49
1995-05-05 09:13:47+00:00,L5,210.81,227.90,314.65,169.66,210.95,196.03,204.55,209.43
1995-05-21 09:13:04+00:00,L5,213.51,230.16,286.34,172.16,215.42,203.42,206.41,210.52
1995-05-30 09:06:28+00:00,L5,186.78,172.92,214.94,169.13,209.50,196.80,199.24,206.06
1995-06-06 09:12:19+00:00,L5,184.22,170.95,209.89,154.64,202.90,190.28,191.90,198.76
1995-06-15 09:05:44+00:00,L5,191.15,165.72,213.16,166.76,208.89,197.52,207.23,214.22
1995-06-22 09:11:37+00:00,L5,192.65,176.47,217.34,160.63,207.59,201.75,206.64,210.14
1995-07-01 09:05:25+00:00,L5,183.84,170.58,213.23,164.99,209.69,197.58,202.27,208.87
1995-07-08 09:10:53+00:00,L5,210.72,173.36,226.31,163.17,214.41,203.74,204.29,221.14
1995-07-17 09:04:40+00:00,L5,180.21,161.02,211.07,160.16,206.10,198.06,202.10,205.98
1995-07-24 09:10:09+00:00,L5,183.25,156.89,211.22,157.82,205.52,196.39,196.36,209.60
1995-08-02 09:03:58+00:00,L5,215.89,166.70,216.06,165.69,213.43,206.07,205.34,210.73
1995-08-09 09:09:25+00:00,L5,177.39,158.37,204.34,159.05,198.39,193.10,193.11,209.26
1995-09-03 09:02:05+00:00,L5,191.69,169.01,214.78,161.51,194.35,161.87,201.04,209.81
1995-09-10 09:07:55+00:00,L5,,,,,,196.08,202.59,208.50
1995-10-21 08:59:36+00:00,L5,185.56,165.30,220.55,162.71,214.79,197.18,203.78,210.33
1995-11-06 08:59:03+00:00,L5,178.30,169.51,216.37,162.90,205.44,196.66,202.93,207.44
1995-12-31 09:07:58+00:00,L5,174.31,142.21,203.97,155.01,198.87,181.49,189.43,200.81
1996-01-16 09:09:06+00:00,L5,223.32,166.06,215.42,169.69,204.59,180.21,189.95,200.56
1996-02-17 09:11:19+00:00,L5,215.39,188.19,313.39,168.64,217.94,201.71,200.43,197.42
1996-04-05 09:14:27+00:00,L5,194.12,172.62,227.54,172.99,215.56,202.05,205.99,209.44
1996-04-21 09:15:25+00:00,L5,201.64,162.89,212.90,160.63,205.36,197.97,194.54,209.50
1996-05-23 09:17:17+00:00,L5,194.37,175.21,215.73,159.48,204.87,196.92,193.48,211.55
1996-06-08 09:18:10+00:00,L5,232.99,251.73,332.06,170.65,219.33,200.39,209.79,214.89
1996-06-24 09:19:02+00:00,L5,173.54,159.28,204.41,146.41,,,,
1996-07-10 09:19:52+00:00,L5,200.36,179.19,218.66,161.74,208.04,194.35,196.98,205.28
1996-07-26 09:20:43+00:00,L5,191.46,154.40,208.55,156.15,200.27,186.02,190.16,203.77
1996-09-12 09:23:18+00:00,L5,,,,,,,,
1996-10-30 09:25:47+00:00,L5,181.17,161.94,212.77,165.81,208.31,197.29,201.65,205.10
1997-02-03 09:30:16+00:00,L5,224.51,263.14,345.92,177.95,219.33,208.03,208.24,213.26
1997-04-24 09:33:22+00:00,L5,211.87,172.80,225.37,170.07,214.84,205.85,199.93,209.09
1997-05-10 09:33:55+00:00,L5,182.64,172.90,220.90,164.37,205.26,201.01,201.50,205.61
1997-07-13 09:36:09+00:00,L5,194.03,172.28,225.64,164.14,209.12,204.72,206.25,210.89
1997-08-14 09:37:12+00:00,L5,210.80,179.15,221.23,166.64,206.05,199.38,204.04,211.65
1997-11-02 09:39:28+00:00,L5,215.62,166.40,221.36,164.05,208.55,195.42,197.47,210.10
1997-11-18 09:39:50+00:00,L5,183.79,158.91,209.11,162.59,207.90,191.81,191.98,207.79
1997-12-29 09:34:39+00:00,L5,,428.03,,,197.97,177.97,328.21,301.22
1998-01-30 09:35:22+00:00,L5,,,,,,,203.96,211.77
1998-02-06 09:41:42+00:00,L5,197.27,172.91,217.99,164.24,205.14,195.51,197.80,203.96
1998-03-03 09:35:57+00:00,L5,211.88,186.30,205.07,167.96,215.53,202.50,211.97,213.70
1998-03-10 09:42:15+00:00,L5,210.94,201.46,219.20,169.88,208.11,187.33,,-12.11
1998-03-26 09:42:29+00:00,L5,225.76,235.29,314.66,165.82,208.65,199.26,201.75,213.07
1998-05-06 09:37:15+00:00,L5,205.03,201.63,219.60,166.65,208.94,203.57,203.73,203.04
1998-05-13 09:43:08+00:00,L5,204.01,165.44,220.09,168.16,207.96,197.57,193.07,200.74
1998-06-14 09:43:37+00:00,L5,,,,,200.91,196.86,200.29,202.48
1998-06-23 09:37:54+00:00,L5,184.24,168.86,214.91,170.90,209.19,196.56,199.80,206.49
1998-06-30 09:43:48+00:00,L5,180.11,160.94,207.67,154.34,199.91,191.38,191.36,197.89
1998-07-16 09:44:00+00:00,L5,193.69,159.87,205.22,152.43,200.40,193.58,192.66,203.20
1998-07-25 09:38:16+00:00,L5,194.34,157.37,220.50,164.57,205.32,196.02,197.27,206.89
1998-08-10 09:37:58+00:00,L5,185.76,155.70,221.66,162.21,209.20,195.52,191.27,204.80
1998-08-17 09:44:12+00:00,L5,189.92,160.85,213.41,160.85,208.10,196.43,191.64,203.33
1998-08-26 09:38:09+00:00,L5,178.62,156.43,219.46,163.89,204.74,191.30,191.50,210.26
1998-09-02 09:44:24+00:00,L5,185.52,161.55,217.38,159.45,200.78,183.33,175.71,188.88
1998-09-18 09:44:32+00:00,L5,196.58,169.66,217.47,164.14,204.17,200.31,195.62,209.16
1998-11-05 09:44:39+00:00,L5,176.02,502.24,213.52,489.89,354.44,,190.07,201.67
1998-12-23 09:44:47+00:00,L5,208.05,245.78,328.82,174.47,210.41,194.63,203.42,214.54
1999-01-17 09:38:31+00:00,L5,207.79,173.77,221.99,163.02,212.22,211.28,208.00,208.11
1999-01-24 09:44:47+00:00,L5,236.04,280.74,331.35,171.78,220.01,202.50,209.44,208.16
1999-03-06 09:38:42+00:00,L5,340.59,638.36,472.02,495.25,433.39,,,209.12
1999-03-13 09:44:46+00:00,L5,207.43,201.71,218.13,162.68,207.57,196.89,199.51,204.61
1999-04-07 09:38:14+00:00,L5,214.95,249.08,328.92,171.12,205.51,205.96,207.73,209.00
1999-04-14 09:44:27+00:00,L5,193.28,158.07,216.78,161.18,203.74,195.73,190.23,198.93
1999-04-30 09:44:26+00:00,L5,182.24,168.98,215.94,164.90,204.44,196.26,193.60,200.69
1999-06-01 09:43:50+00:00,L5,193.03,155.66,210.26,155.42,198.33,194.40,188.59,196.78
1999-06-17 09:43:41+00:00,L5,189.56,154.30,211.53,161.47,201.54,195.29,193.79,200.53
1999-06-26 09:37:48+00:00,L5,206.78,172.76,259.91,168.02,205.18,199.85,204.70,217.64
1999-07-03 09:43:32+00:00,L5,182.87,158.09,224.46,165.39,207.95,196.43,198.86,206.89
1999-07-12 09:37:17+00:00,L5,183.31,163.90,220.80,159.14,203.98,197.18,200.49,207.60
1999-07-19 09:43:28+00:00,L5,178.65,167.00,214.48,161.28,203.35,197.54,197.69,210.20
1999-08-05 09:52:28+00:00,L7,209.64,615.71,222.07,490.42,382.64,197.26,201.51,207.91
1999-08-12 09:58:37+00:00,L7,182.32,615.02,216.68,489.69,435.13,188.19,189.35,203.11
1999-08-20 09:43:15+00:00,L5,149.17,142.31,206.18,148.81,192.09,195.59,190.02,197.51
1999-08-21 09:52:25+00:00,L7,209.48,615.74,226.06,487.81,382.21,200.49,202.52,210.51
1999-08-28 09:58:41+00:00,L7,205.09,622.72,214.10,491.70,433.66,189.65,196.53,204.46
1999-08-29 09:36:51+00:00,L5,185.96,152.61,210.34,161.51,204.89,191.03,190.12,210.34
1999-09-05 09:42:46+00:00,L5,208.57,172.95,235.00,162.93,207.08,196.14,203.00,213.06
1999-09-13 09:58:35+00:00,L7,205.90,615.77,218.50,490.67,433.99,190.00,194.82,203.18
1999-09-22 09:52:53+00:00,L7,216.04,630.29,226.48,489.78,379.11,200.38,200.23,211.99
1999-09-29 09:58:45+00:00,L7,89.75,615.69,183.01,487.32,378.63,203.95,,
1999-09-30 09:36:28+00:00,L5,186.63,160.21,225.71,172.84,206.56,202.40,205.32,207.87
1999-10-07 09:42:21+00:00,L5,207.60,173.32,228.64,174.62,208.74,198.63,202.40,207.76
1999-10-16 09:36:10+00:00,L5,219.41,637.24,229.75,490.62,394.93,,,
1999-11-09 09:52:52+00:00,L7,214.89,630.42,256.69,489.81,381.30,199.12,204.45,209.19
1999-11-16 09:58:37+00:00,L7,208.71,616.20,236.07,468.85,379.52,186.99,193.27,207.66
1999-11-25 09:52:19+00:00,L7,213.76,615.03,218.14,490.35,433.81,202.70,204.33,205.41
1999-12-03 09:35:05+00:00,L5,238.86,297.24,345.03,225.89,220.56,212.76,208.95,208.77
1999-12-11 09:52:29+00:00,L7,203.54,610.12,218.59,492.96,434.13,195.09,201.22,201.92
1999-12-18 09:58:40+00:00,L7,230.30,630.66,298.95,463.96,379.64,197.09,203.34,209.59
1999-12-27 09:52:45+00:00,L7,190.52,622.35,219.22,495.68,398.33,192.48,197.98,200.04
2000-01-03 09:58:33+00:00,L7,227.02,630.83,323.79,464.14,378.40,205.74,206.36,209.58
2000-01-11 09:40:43+00:00,L5,67.88,125.46,242.24,181.82,211.67,196.23,203.06,209.03
2000-01-20 09:34:42+00:00,L5,207.01,172.26,261.75,171.88,213.94,209.75,207.46,207.28
2000-01-27 09:40:13+00:00,L5,224.75,284.74,322.80,209.48,218.77,198.80,205.80,209.53
2000-02-04 09:58:30+00:00,L7,229.45,630.76,322.03,177.83,380.32,,,
2000-02-13 09:52:41+00:00,L7,225.92,616.17,321.47,479.81,362.46,212.26,212.66,211.82
2000-03-07 09:58:18+00:00,L7,216.22,612.11,321.71,487.98,436.66,193.51,200.59,202.70
2000-03-16 09:52:31+00:00,L7,216.88,616.04,321.18,470.96,379.28,210.22,211.89,215.23
2000-03-23 09:58:20+00:00,L7,205.02,600.11,223.88,493.37,471.38,187.83,194.14,197.51
2000-05-03 09:51:48+00:00,L7,211.94,617.99,278.58,494.13,396.49,199.71,205.05,212.73
2000-05-19 09:52:01+00:00,L7,174.40,615.05,218.16,488.26,434.91,200.98,196.17,203.32
2000-06-03 09:41:49+00:00,L5,187.89,158.14,218.08,165.60,203.11,195.27,192.31,199.70
2000-06-04 09:51:26+00:00,L7,205.31,615.74,229.54,489.16,380.87,207.42,204.32,210.76
2000-06-19 09:42:11+00:00,L5,199.80,169.21,219.44,165.70,204.50,201.25,202.67,205.51
2000-06-20 09:51:46+00:00,L7,206.18,630.13,221.61,490.41,381.40,193.71,199.89,202.99
2000-06-27 09:57:25+00:00,L7,212.26,611.37,215.23,491.20,435.75,189.35,193.35,198.93
2000-06-28 09:36:14+00:00,L5,202.78,170.52,218.72,167.68,205.16,200.74,202.39,211.68
2000-07-05 09:42:32+00:00,L5,186.01,157.99,207.37,152.36,195.65,191.01,189.12,198.78
2000-07-06 09:51:32+00:00,L7,196.72,615.55,215.19,490.46,434.05,201.65,199.56,206.69
2000-07-22 09:50:52+00:00,L7,213.98,645.55,223.52,489.56,381.81,198.30,198.99,207.31
2000-07-29 09:56:55+00:00,L7,172.18,630.17,214.16,489.65,435.08,183.23,197.69,208.62
2000-08-07 09:51:02+00:00,L7,203.79,645.22,287.23,469.37,381.20,212.87,205.43,212.49
2000-08-14 09:56:49+00:00,L7,205.17,630.09,218.47,469.63,434.75,188.34,200.67,208.49
2000-08-15 09:37:11+00:00,L5,192.20,170.61,224.28,165.33,204.19,203.18,205.82,210.14
2000-08-22 09:43:28+00:00,L5,195.91,156.15,211.58,158.06,200.69,186.55,191.47,209.27
2000-09-08 09:50:41+00:00,L7,186.26,615.93,221.21,488.47,382.05,200.51,194.92,206.32
2000-09-15 09:56:19+00:00,L7,186.66,630.14,215.89,487.18,434.20,193.36,192.82,208.80
2000-09-16 09:37:47+00:00,L5,170.16,153.10,210.36,161.51,200.46,192.57,190.03,208.01
2000-09-23 09:44:02+00:00,L5,370.07,460.71,495.62,392.82,342.62,407.69,419.50,405.06
2000-09-24 09:50:24+00:00,L7,206.88,630.64,218.15,489.93,434.50,188.40,194.26,203.25
2000-10-26 09:50:15+00:00,L7,208.26,630.17,214.14,494.66,434.63,189.18,191.86,200.74
2000-11-19 09:39:01+00:00,L5,434.04,448.90,468.83,487.71,312.06,,356.91,
2000-11-27 09:49:55+00:00,L7,190.79,615.64,220.21,493.37,382.09,196.02,194.78,208.46
2000-12-04 09:56:03+00:00,L7,212.97,169.68,227.95,179.29,211.93,,,
2000-12-05 09:39:12+00:00,L5,229.99,136.58,166.24,118.18,217.03,,,213.46
2000-12-13 09:49:57+00:00,L7,197.57,603.41,220.85,491.33,435.35,197.88,199.28,205.85
2000-12-21 09:39:10+00:00,L5,215.49,165.37,227.71,170.41,205.84,195.65,205.09,214.77
2000-12-29 09:49:59+00:00,L7,,,263.08,257.01,358.91,,119.35,104.56
2001-01-06 09:39:40+00:00,L5,170.85,99.76,204.11,154.51,202.24,190.04,194.91,207.35
2001-01-21 09:56:15+00:00,L7,222.70,619.69,311.16,467.46,379.64,201.68,202.99,208.35
2001-02-06 09:56:08+00:00,L7,216.24,616.41,221.31,489.12,421.72,201.94,202.12,209.72
2001-02-22 09:56:07+00:00,L7,214.29,630.20,220.58,493.35,437.05,194.06,202.73,207.95
2001-02-23 09:40:02+00:00,L5,191.25,169.92,217.59,168.66,205.07,198.44,198.80,203.06
2001-03-03 09:50:17+00:00,L7,155.96,589.26,216.10,468.02,475.20,182.60,183.07,192.60
2001-03-11 09:40:03+00:00,L5,186.73,157.42,218.94,159.99,,,,
2001-03-19 09:50:10+00:00,L7,206.22,619.69,222.37,488.85,380.16,207.02,207.60,209.21
2001-04-04 09:50:00+00:00,L7,216.34,630.36,275.07,486.92,382.38,196.48,205.72,210.54
2001-04-11 09:55:50+00:00,L7,205.69,611.18,217.78,492.19,436.01,202.60,202.58,201.79
2001-05-13 09:55:39+00:00,L7,214.51,615.57,233.36,489.53,381.96,194.49,202.10,203.56
2001-05-29 09:55:31+00:00,L7,216.27,619.03,223.51,491.48,435.33,191.92,200.05,201.83
2001-06-06 09:46:06+00:00,L5,197.24,159.73,216.06,167.90,201.41,187.56,194.64,199.54
2001-06-07 09:49:12+00:00,L7,187.06,630.68,221.37,489.25,383.06,198.26,202.10,208.00
2001-06-15 09:39:53+00:00,L5,216.67,250.01,271.85,170.40,208.91,201.64,203.77,218.27
2001-06-23 09:49:22+00:00,L7,177.06,615.35,218.56,490.96,434.66,191.43,196.10,202.35
2001-06-30 09:55:05+00:00,L7,221.97,630.34,265.35,489.65,383.56,203.63,202.89,208.48
2001-07-01 09:39:55+00:00,L5,212.98,172.03,229.60,169.78,206.08,204.00,205.93,208.80
2001-07-09 09:48:55+00:00,L7,187.86,615.86,220.21,488.88,381.07,198.70,200.07,204.89
2001-07-25 09:48:48+00:00,L7,208.44,630.67,222.84,491.21,381.21,196.33,198.68,206.82
2001-08-01 09:54:52+00:00,L7,211.54,621.10,226.63,488.16,380.64,186.76,195.39,200.31
2001-08-02 09:39:53+00:00,L5,186.59,172.99,225.66,170.56,205.78,198.39,200.89,203.78
2001-08-10 09:48:30+00:00,L7,179.76,615.79,222.03,491.20,396.74,193.70,199.32,207.14
2001-08-18 09:39:51+00:00,L5,200.63,169.33,220.36,168.10,204.95,199.27,195.22,207.94
2001-08-25 09:45:58+00:00,L5,190.96,163.36,225.54,165.03,206.09,198.01,199.89,203.05
2001-08-26 09:48:43+00:00,L7,218.75,630.33,227.08,490.21,382.14,201.51,205.04,210.43
2001-09-02 09:54:23+00:00,L7,183.48,646.50,189.46,462.74,391.03,173.50,179.71,194.97
2001-09-03 09:40:07+00:00,L5,184.55,168.32,235.06,178.35,208.50,203.20,203.54,207.45
2001-09-10 09:45:53+00:00,L5,86.10,58.45,176.38,122.19,177.74,,,
2001-09-11 09:48:07+00:00,L7,182.26,615.62,228.11,492.70,434.32,192.09,197.73,205.59
2001-09-19 09:40:01+00:00,L5,196.96,163.42,226.81,177.59,208.16,199.06,202.38,207.88
2001-10-04 09:53:59+00:00,L7,198.44,620.90,443.98,490.98,382.59,183.37,195.08,202.79
2001-10-13 09:47:44+00:00,L7,195.61,630.54,231.43,469.55,381.30,204.06,206.00,210.07
2001-10-21 09:39:26+00:00,L5,151.03,150.49,220.89,169.21,201.87,195.53,193.13,202.48
2001-10-29 09:48:14+00:00,L7,183.70,630.69,216.78,487.56,380.95,196.76,201.94,203.74
2001-11-13 09:45:18+00:00,L5,137.57,125.77,215.14,162.58,201.80,184.31,190.72,202.24
2001-11-22 09:39:05+00:00,L5,213.15,265.11,314.30,178.43,209.18,207.29,206.23,210.25
2001-11-29 09:45:17+00:00,L5,206.14,249.87,270.21,171.77,205.92,201.56,205.21,212.59
2001-12-07 09:54:17+00:00,L7,223.89,615.74,320.84,490.57,377.99,193.98,208.41,207.62
2001-12-31 09:44:56+00:00,L5,192.21,156.75,219.77,176.30,201.36,191.73,192.51,212.24
2002-01-17 09:48:21+00:00,L7,218.51,615.86,264.84,489.02,381.18,206.04,202.11,200.11
2002-01-25 09:38:54+00:00,L5,213.80,250.04,268.06,177.75,205.79,201.15,208.17,214.86
2002-02-02 09:48:23+00:00,L7,212.73,615.74,321.10,490.40,380.58,,,82.89
2002-03-14 09:38:02+00:00,L5,178.09,159.34,214.22,166.05,199.45,195.26,194.34,199.71
2002-03-21 09:43:47+00:00,L5,205.14,187.84,258.41,176.54,206.72,195.56,198.13,207.84
2002-04-23 09:48:42+00:00,L7,227.90,630.09,316.50,494.32,378.37,208.43,210.19,210.81
2002-04-30 09:54:34+00:00,L7,172.01,616.82,222.71,490.63,433.80,191.73,197.27,201.16
2002-05-09 09:48:22+00:00,L7,203.62,622.58,253.41,490.29,379.90,198.31,198.72,212.67
2002-05-17 09:36:49+00:00,L5,210.52,276.69,330.01,183.34,214.94,210.52,212.68,212.94
2002-05-24 09:42:27+00:00,L5,179.03,160.60,214.47,167.03,198.67,192.25,194.50,199.84
2002-05-25 09:48:13+00:00,L7,208.69,617.88,218.40,491.44,381.96,200.85,202.87,207.11
2002-06-01 09:54:21+00:00,L7,209.10,630.40,214.17,486.97,397.01,195.89,197.27,205.01
2002-06-17 09:54:14+00:00,L7,212.37,622.41,260.18,489.44,396.20,191.98,196.78,206.96
2002-06-18 09:35:40+00:00,L5,208.46,183.11,258.89,176.27,205.08,204.46,207.76,211.39
2002-06-25 09:41:43+00:00,L5,169.62,154.73,214.95,164.96,199.90,191.28,190.99,198.86
2002-06-26 09:47:58+00:00,L7,205.80,630.39,214.47,495.28,433.87,194.98,191.37,203.86
2002-07-03 09:54:10+00:00,L7,208.11,619.58,210.73,492.65,434.83,190.60,194.73,207.75
2002-07-12 09:48:20+00:00,L7,171.21,621.40,253.48,493.46,383.05,204.31,201.98,208.81
2002-07-19 09:54:03+00:00,L7,204.59,615.42,209.79,489.85,446.25,191.36,193.78,205.27
2002-07-28 09:48:12+00:00,L7,207.14,645.30,217.23,493.13,382.09,203.53,201.53,209.11
2002-08-04 09:53:55+00:00,L7,184.53,615.37,211.80,490.27,435.69,197.86,197.83,207.48
2002-08-13 09:47:44+00:00,L7,179.74,630.43,215.82,491.11,382.95,192.72,196.85,210.88
2002-08-20 09:53:52+00:00,L7,209.37,630.51,257.30,471.39,433.62,193.99,203.11,207.57
2002-09-05 09:53:43+00:00,L7,179.19,593.86,228.31,493.03,473.52,197.94,196.60,206.64
2002-09-21 09:53:30+00:00,L7,178.57,630.22,220.32,493.61,436.57,188.18,194.77,200.90
2002-09-30 09:47:17+00:00,L7,197.39,242.61,265.28,171.38,210.60,259.19,211.93,208.32
2002-10-07 09:53:26+00:00,L7,184.41,617.18,213.61,489.56,435.19,189.55,192.93,199.44
2002-10-16 09:47:17+00:00,L7,200.32,630.47,270.37,490.65,381.09,202.15,198.72,214.11
2002-10-23 09:53:32+00:00,L7,181.69,645.12,221.62,487.63,380.99,197.99,188.81,205.25
2002-12-19 09:48:14+00:00,L7,187.93,648.85,265.67,495.88,419.88,,,203.66
2003-01-04 09:48:17+00:00,L7,186.22,630.17,220.81,495.20,434.29,196.60,197.04,205.04
2003-01-20 09:48:02+00:00,L7,364.81,512.38,219.40,155.77,381.71,,,
2003-01-27 09:54:14+00:00,L7,235.06,622.86,322.71,466.12,379.53,208.52,206.78,212.16
2003-02-12 09:54:24+00:00,L7,240.02,617.60,323.43,492.95,379.80,205.95,208.99,213.29
2003-03-25 09:48:35+00:00,L7,231.14,622.34,323.84,463.41,378.89,207.48,213.01,216.56
2003-04-01 09:54:27+00:00,L7,211.40,605.10,283.51,489.32,435.44,197.26,200.91,206.23
2003-04-17 09:54:29+00:00,L7,206.91,600.04,218.79,494.26,472.00,192.37,192.16,205.87
2003-04-26 09:48:18+00:00,L7,207.82,618.75,234.64,491.07,381.75,192.74,201.10,208.20
2003-05-03 09:54:30+00:00,L7,,600.11,,493.08,471.43,189.02,195.21,200.59
2003-05-28 09:48:15+00:00,L7,200.99,630.36,220.97,491.37,381.96,192.28,199.73,207.30
2003-06-28 09:41:50+00:00,L5,172.15,146.00,211.75,159.40,197.79,186.28,187.90,200.25
2003-07-07 09:35:50+00:00,L5,213.27,249.95,269.18,173.44,204.90,203.58,206.44,213.07
2003-07-14 09:42:07+00:00,L5,192.95,159.31,219.90,165.97,201.20,194.53,192.62,201.69
2003-07-23 09:36:06+00:00,L5,179.60,147.62,218.19,165.09,200.18,187.41,190.21,202.11
2003-07-30 09:42:25+00:00,L5,181.41,159.26,218.38,168.11,200.98,193.43,190.55,213.18
2003-08-08 09:36:24+00:00,L5,196.25,168.36,231.97,173.24,206.55,199.58,198.20,206.92
2003-08-24 09:36:41+00:00,L5,195.01,159.76,226.00,165.74,202.91,197.99,198.87,211.11
2003-09-16 09:43:16+00:00,L5,182.08,168.35,257.32,172.59,205.09,197.80,201.34,207.31
2003-09-17 09:47:47+00:00,L7,214.01,615.98,275.40,487.06,380.86,,,
2003-10-02 09:43:28+00:00,L5,345.51,491.46,471.71,453.91,,,,
2003-10-10 09:53:47+00:00,L7,204.44,617.80,,472.92,,,198.64,207.95
2003-11-20 09:48:12+00:00,L7,222.55,622.61,286.33,495.56,433.91,200.32,198.67,205.09
2003-12-13 09:54:30+00:00,L7,190.20,615.21,268.90,176.21,434.40,203.05,201.12,204.37
2003-12-22 09:48:48+00:00,L7,170.19,615.73,213.73,170.62,387.57,199.34,197.18,202.47
2004-01-30 09:54:48+00:00,L7,,272.33,303.81,178.89,208.18,202.25,200.12,207.73
2004-01-31 09:38:48+00:00,L5,217.23,282.41,264.20,181.83,212.89,208.69,204.72,206.97
2004-02-08 09:48:40+00:00,L7,202.97,620.93,268.64,490.70,382.21,201.49,204.56,
2004-02-23 09:44:42+00:00,L5,171.20,159.21,224.32,174.56,203.61,196.63,200.07,204.18
2004-03-03 09:38:57+00:00,L5,210.71,282.11,285.90,182.57,205.07,202.80,207.13,212.62
2004-03-18 09:55:00+00:00,L7,,,,195.59,230.93,200.78,202.13,206.34
2004-05-22 09:40:18+00:00,L5,196.73,171.00,256.62,172.38,204.33,204.70,204.05,204.00
2004-05-29 09:46:40+00:00,L5,201.54,252.65,295.31,179.05,205.83,203.00,207.37,210.71
2004-06-06 09:54:50+00:00,L7,185.15,609.45,210.03,489.43,444.95,191.85,,
2004-06-07 09:41:10+00:00,L5,200.23,282.80,265.73,182.47,204.95,206.57,207.69,209.12
2004-06-30 09:47:37+00:00,L5,184.69,164.10,213.89,167.34,199.46,192.63,192.77,200.93
2004-07-16 09:48:04+00:00,L5,188.81,162.30,215.21,172.40,203.25,197.20,199.26,209.00
2004-07-17 09:48:55+00:00,L7,,,,,,,193.31,205.39
2004-08-01 09:48:25+00:00,L5,176.46,157.55,217.09,168.25,200.18,191.74,189.08,201.59
2004-08-25 09:54:30+00:00,L7,169.13,609.82,213.75,494.75,444.02,193.52,,
2004-08-26 09:43:16+00:00,L5,182.85,163.48,219.17,167.40,198.86,194.80,202.43,208.40
2004-09-02 09:49:14+00:00,L5,175.13,155.54,215.01,166.09,197.57,197.91,191.16,206.99
2004-09-03 09:48:40+00:00,L7,,,,,,,,
2004-09-11 09:43:41+00:00,L5,184.07,160.06,214.00,168.13,199.08,197.16,201.32,203.31
2004-10-05 09:48:30+00:00,L7,,257.30,286.90,169.79,199.94,192.12,194.75,206.81
2004-11-05 09:50:39+00:00,L5,182.06,159.92,264.55,168.11,204.67,196.06,199.93,207.47
2004-11-22 09:48:58+00:00,L7,,,,,,199.88,199.47,206.07
2005-01-17 09:45:41+00:00,L5,235.68,283.66,330.07,217.58,220.10,208.74,216.86,222.82
2005-02-10 09:49:07+00:00,L7,219.31,615.88,321.70,492.33,362.03,,,
2005-02-25 09:52:27+00:00,L5,195.86,249.97,268.91,176.43,204.47,201.51,201.82,205.75
2005-03-14 09:49:39+00:00,L7,206.46,615.86,277.80,457.59,381.68,213.97,206.95,214.53
2005-03-29 09:52:48+00:00,L5,195.54,265.13,272.55,180.85,205.89,202.14,205.88,212.78
2005-03-30 09:49:37+00:00,L7,191.62,619.11,267.02,177.48,383.13,231.84,,
2005-04-22 09:55:16+00:00,L7,221.06,615.56,276.35,488.08,358.54,,,209.71
2005-05-01 09:49:32+00:00,L7,215.04,615.64,320.78,464.48,378.69,212.56,,
2005-05-09 09:46:48+00:00,L5,183.11,168.64,225.47,179.02,204.59,198.80,203.72,209.18
2005-05-16 09:53:02+00:00,L5,182.49,162.26,205.95,168.74,199.36,194.58,199.39,202.43
2005-05-25 09:47:19+00:00,L5,217.32,264.95,287.03,208.07,212.96,211.46,211.96,214.53
2005-06-02 09:49:06+00:00,L7,,,,178.17,204.52,199.37,202.79,209.30
2005-06-26 09:47:33+00:00,L5,188.92,250.25,265.51,176.32,208.79,198.41,203.96,208.85
2005-07-03 09:53:21+00:00,L5,193.51,165.63,262.60,169.71,204.68,197.89,195.50,211.81
2005-07-12 09:47:40+00:00,L5,190.91,277.40,263.62,177.64,207.56,204.02,204.35,211.29
2005-07-19 09:53:32+00:00,L5,190.08,161.11,213.75,167.53,199.46,194.85,192.07,201.92
2005-07-28 09:47:51+00:00,L5,195.42,153.90,211.92,159.71,199.71,194.19,193.58,203.15
2005-08-13 09:47:35+00:00,L5,188.60,276.13,265.13,171.85,203.80,199.32,205.23,211.19
2005-09-14 09:47:40+00:00,L5,216.95,281.90,298.67,181.33,209.41,200.48,206.21,211.16
2005-10-08 09:48:58+00:00,L7,208.73,622.69,266.81,488.72,421.73,222.95,209.89,
2005-10-15 09:54:51+00:00,L7,,,,,,,,
2005-10-16 09:47:59+00:00,L5,208.78,249.78,271.29,177.00,207.50,202.37,207.31,208.04
2005-10-24 09:49:12+00:00,L7,201.04,615.71,273.19,494.39,380.64,217.29,,
2005-10-31 09:55:04+00:00,L7,,,,,,197.15,202.48,204.91
2005-11-01 09:48:02+00:00,L5,146.12,121.03,243.44,205.38,,,,
2005-11-08 09:53:58+00:00,L5,197.07,283.15,270.87,179.78,208.27,199.55,206.62,216.48
2005-11-09 09:48:59+00:00,L7,,,,,,201.77,205.63,212.92
2005-11-16 09:55:14+00:00,L7,-20.32,254.54,475.49,188.13,186.12,,,
2005-12-18 09:55:21+00:00,L7,201.69,615.93,269.99,492.34,380.71,,,
2006-01-12 09:49:48+00:00,L7,,,,,,,201.89,208.13
2006-01-19 09:55:39+00:00,L7,,,223.74,183.18,202.42,,,471.56
2006-02-05 09:50:15+00:00,L5,204.21,289.26,272.26,207.35,217.60,,,
2006-02-12 09:56:12+00:00,L5,196.90,276.50,267.24,177.10,206.95,197.71,197.15,208.44
2006-02-21 09:50:13+00:00,L5,329.80,403.08,456.63,336.69,296.40,,,408.00
2006-03-09 09:50:34+00:00,L5,196.35,284.14,271.72,178.70,208.60,202.26,202.93,209.56
2006-05-03 09:57:41+00:00,L5,194.17,250.16,266.60,177.65,203.54,196.75,197.74,203.36
2006-05-12 09:52:01+00:00,L5,199.37,174.64,224.67,205.42,205.91,201.79,203.10,209.12
2006-05-28 09:52:13+00:00,L5,201.64,172.93,248.78,207.17,202.86,197.56,200.00,212.80
2006-06-04 09:58:08+00:00,L5,216.21,177.92,222.92,171.68,201.93,193.90,197.83,203.53
2006-06-12 09:55:45+00:00,L7,205.99,630.65,,471.01,368.91,,200.07,207.41
2006-06-13 09:52:30+00:00,L5,207.67,249.90,269.79,206.32,205.04,200.49,203.71,207.17
2006-07-14 09:55:32+00:00,L7,,276.03,273.34,167.57,199.09,189.59,193.61,201.79
2006-07-22 09:58:52+00:00,L5,185.59,265.19,264.69,168.56,202.71,197.14,196.14,206.10
2006-07-30 09:55:25+00:00,L7,183.26,606.94,216.71,492.46,436.47,189.97,199.26,207.81
2006-07-31 09:53:12+00:00,L5,185.26,173.16,255.21,174.14,208.26,198.78,207.22,210.53
2006-08-15 09:55:24+00:00,L7,170.82,603.54,224.30,490.31,453.24,189.10,192.50,204.82
2006-08-16 09:52:59+00:00,L5,177.50,172.02,227.51,169.62,209.10,196.50,204.97,209.81
2006-08-23 09:59:15+00:00,L5,178.12,158.29,227.27,168.36,203.06,197.68,196.92,205.06
2006-09-01 09:53:10+00:00,L5,217.48,173.27,260.40,173.90,208.35,206.30,204.73,210.94
2006-10-03 09:53:57+00:00,L5,188.57,274.18,225.95,175.51,208.94,198.54,202.31,211.39
2006-10-10 09:59:49+00:00,L5,192.60,274.01,269.33,175.63,208.06,198.29,194.27,208.17
2006-10-11 09:48:58+00:00,L7,,,,,,191.68,198.14,206.96
2006-10-27 09:49:14+00:00,L7,174.68,615.63,267.91,488.95,421.35,204.06,,
2006-11-03 09:55:31+00:00,L7,187.52,621.83,271.13,489.73,434.17,194.35,199.08,206.18
2006-11-04 09:53:54+00:00,L5,194.74,278.99,268.16,177.49,210.13,199.84,206.38,213.18
2006-11-19 09:55:43+00:00,L7,186.60,630.27,268.97,487.71,382.70,196.95,199.25,
2006-11-27 10:00:16+00:00,L5,179.90,161.59,203.12,155.51,189.96,169.62,173.11,181.38
2006-12-06 09:54:10+00:00,L5,215.79,164.83,231.86,177.48,199.08,,,
2006-12-29 10:00:30+00:00,L5,218.05,286.58,321.84,188.36,,,,
2006-12-30 09:50:10+00:00,L7,248.56,645.55,323.54,493.01,360.26,,,
2007-01-06 09:55:57+00:00,L7,213.71,615.51,274.68,488.77,379.81,204.62,202.06,206.47
2007-01-23 09:54:52+00:00,L5,,,,,,,,
2007-01-30 10:00:41+00:00,L5,238.41,314.94,326.07,246.32,258.36,196.13,,
2007-02-24 09:54:33+00:00,L5,200.02,288.75,267.93,206.48,208.22,200.09,204.92,210.50
2007-03-03 10:00:43+00:00,L5,173.79,148.90,215.45,164.03,,,,
2007-03-04 09:50:03+00:00,L7,,,,177.90,209.98,195.61,199.15,208.31
2007-03-20 09:50:29+00:00,L7,158.75,616.53,,,433.97,,,
2007-04-29 09:54:13+00:00,L5,210.09,265.22,266.59,207.76,204.17,199.68,199.13,208.58
2007-05-15 09:54:03+00:00,L5,184.11,172.97,251.24,175.39,205.65,200.27,202.10,204.60
2007-05-31 09:53:51+00:00,L5,184.24,171.02,227.70,168.58,206.11,200.57,197.94,205.38
2007-06-23 09:59:38+00:00,L5,167.61,156.11,203.79,155.50,186.06,188.26,196.54,198.86
2007-07-01 09:55:58+00:00,L7,181.98,620.03,212.24,164.75,443.84,193.50,190.67,197.68
2007-07-09 09:59:27+00:00,L5,174.37,158.00,214.16,175.15,204.70,195.95,194.59,202.43
2007-07-17 09:55:55+00:00,L7,166.72,612.35,,491.00,452.90,,192.51,198.84
2007-07-18 09:53:12+00:00,L5,177.58,159.61,249.30,172.50,202.84,193.05,195.82,209.08
2007-07-25 09:59:19+00:00,L5,192.98,158.95,212.71,163.86,197.66,189.81,192.03,202.66
2007-08-02 09:55:51+00:00,L7,128.32,607.00,,492.20,452.75,,200.37,204.26
2007-08-03 09:53:02+00:00,L5,172.89,144.50,214.11,162.16,206.15,197.30,198.11,206.49
2007-08-19 09:53:16+00:00,L5,193.47,265.35,227.48,173.38,205.28,199.92,203.70,209.57
2007-08-26 09:58:58+00:00,L5,181.82,160.98,249.16,167.59,204.24,197.02,198.62,203.79
2007-08-27 09:49:54+00:00,L7,,,,,,187.58,192.54,198.52
2007-09-20 09:52:36+00:00,L5,196.50,281.12,269.65,178.53,205.93,196.69,208.79,218.25
2008-01-25 09:56:04+00:00,L7,190.86,612.48,260.68,494.04,415.13,198.12,192.80,201.09
2008-02-10 09:56:02+00:00,L7,206.34,615.06,321.31,490.87,380.69,,,
2008-02-19 09:49:49+00:00,L7,,,,,210.07,205.32,207.05,213.09
2008-03-13 09:55:52+00:00,L7,,,,,209.03,206.12,205.82,207.91
2008-03-14 09:49:36+00:00,L5,211.43,265.23,275.80,214.93,204.65,203.23,206.24,209.04
2008-03-29 09:55:53+00:00,L7,205.82,600.04,270.51,487.64,471.97,,,
2008-04-06 09:55:15+00:00,L5,193.76,265.32,252.43,212.06,204.40,198.44,201.47,204.36
2008-04-07 09:49:42+00:00,L7,,,,,,198.14,192.46,199.13
2008-04-15 09:49:15+00:00,L5,207.71,186.24,216.84,208.45,203.80,203.41,206.80,205.79
2008-04-23 09:49:39+00:00,L7,,,,,,,192.35,201.06
2008-05-08 09:54:25+00:00,L5,179.48,158.71,216.16,169.27,194.85,195.03,190.47,192.43
2008-06-02 09:47:59+00:00,L5,187.21,169.80,207.54,159.02,191.22,,,
2008-06-09 09:53:35+00:00,L5,182.10,250.20,266.08,183.23,206.54,202.46,195.32,202.20
2008-06-25 09:53:08+00:00,L5,174.56,156.58,245.97,190.90,194.94,189.71,203.14,206.80
2008-07-04 09:47:06+00:00,L5,172.07,152.42,217.79,172.60,,,,205.17
2008-07-11 09:52:41+00:00,L5,178.92,158.13,215.28,162.85,195.66,191.68,193.19,209.33
2008-07-19 09:55:05+00:00,L7,,,,169.50,198.13,194.81,197.34,200.75
2008-07-20 09:46:14+00:00,L5,181.92,165.96,220.31,172.97,203.83,203.00,202.22,207.06
2008-07-27 09:52:12+00:00,L5,206.32,167.57,224.85,171.07,200.02,194.15,194.67,197.75
2008-08-04 09:54:58+00:00,L7,173.07,,,,,202.38,200.23,204.30
2008-08-13 09:48:43+00:00,L7,,,,200.93,205.89,199.60,203.75,211.11
2008-08-21 09:45:42+00:00,L5,184.08,157.41,221.77,174.98,206.64,200.13,198.58,207.72
2008-08-28 09:51:18+00:00,L5,203.67,250.08,267.60,207.44,206.20,198.62,198.50,209.97
2008-08-29 09:49:00+00:00,L7,204.88,615.63,269.20,493.74,380.73,208.55,,
2008-10-16 09:48:15+00:00,L7,186.76,600.90,254.08,171.64,446.08,198.33,198.12,201.84
2008-11-01 09:48:54+00:00,L7,,,,,,,195.94,201.10
2008-11-09 09:43:04+00:00,L5,,,,,,109.39,,249.42
2008-12-03 09:48:56+00:00,L7,192.80,609.53,268.18,217.27,354.28,,,
2009-01-11 09:55:25+00:00,L7,141.11,166.67,234.17,221.43,197.02,186.67,203.41,197.26
2009-02-12 09:55:37+00:00,L7,187.03,630.35,234.73,493.73,434.59,194.51,190.36,
2009-02-13 09:45:23+00:00,L5,200.43,160.99,227.98,176.11,208.14,202.92,204.25,203.50
2009-02-28 09:55:46+00:00,L7,197.93,613.32,269.94,480.43,434.76,,,211.56
2009-03-08 09:52:07+00:00,L5,215.71,265.28,264.62,214.54,205.66,213.28,206.97,208.88
2009-04-10 09:50:16+00:00,L7,197.46,615.34,271.30,476.59,421.62,206.20,205.78,206.75
2009-05-03 09:56:09+00:00,L7,,,,217.53,212.89,208.69,207.06,209.85
2009-05-04 09:47:06+00:00,L5,226.42,279.26,329.68,219.66,215.59,211.64,204.97,208.95
2009-05-11 09:53:25+00:00,L5,176.32,161.23,220.17,170.19,201.67,197.32,195.37,201.49
2009-05-19 09:56:10+00:00,L7,,,,190.71,207.03,204.48,203.30,207.80
2009-05-20 09:47:25+00:00,L5,203.44,283.01,297.41,197.20,204.16,203.76,207.09,210.11
2009-06-04 09:56:10+00:00,L7,169.75,,,,,199.44,201.16,207.21
2009-06-05 09:47:40+00:00,L5,172.43,154.34,210.94,165.17,195.40,186.98,191.09,194.30
2009-06-12 09:54:00+00:00,L5,157.38,150.77,221.09,160.08,199.75,198.44,195.28,199.29
2009-06-13 09:49:59+00:00,L7,176.29,630.62,252.40,491.68,434.42,,,
2009-06-28 09:54:17+00:00,L5,169.51,143.77,213.75,158.41,200.07,189.09,189.34,197.55
2009-06-29 09:49:56+00:00,L7,,,,,,,,
2009-07-07 09:48:40+00:00,L5,216.94,198.36,195.79,170.34,183.29,220.64,225.31,214.50
2009-07-14 09:54:33+00:00,L5,169.43,158.83,206.73,156.67,184.25,184.91,190.30,195.17
2009-07-23 09:48:55+00:00,L5,194.54,158.63,225.57,167.80,206.70,199.09,197.14,205.18
2009-08-15 09:55:03+00:00,L5,189.89,172.57,234.33,179.31,205.48,199.82,198.58,207.90
2009-08-31 09:55:17+00:00,L5,183.65,167.79,228.72,213.46,206.84,201.26,203.42,207.57
2009-09-09 09:49:38+00:00,L5,177.63,162.45,226.68,177.06,206.01,204.87,204.62,209.13
2009-10-26 09:56:03+00:00,L7,191.01,630.29,,474.12,433.81,,207.67,207.66
2009-11-04 09:50:25+00:00,L7,,,217.72,170.39,199.48,188.43,196.94,204.24
2009-11-11 09:56:18+00:00,L7,203.54,621.21,270.54,493.38,434.25,,,211.70
2009-11-28 09:50:00+00:00,L5,206.37,274.64,257.75,216.79,205.43,208.84,207.88,209.97
2010-02-23 09:56:40+00:00,L5,173.61,149.36,221.14,173.08,204.06,200.86,194.48,203.93
2010-03-28 09:52:08+00:00,L7,205.26,602.92,235.18,494.97,453.50,202.98,206.56,
2010-04-20 09:57:56+00:00,L7,188.02,606.43,255.04,491.26,435.89,194.25,201.92,
2010-04-29 09:51:44+00:00,L7,209.25,622.16,263.66,495.01,396.47,212.82,211.35,
2010-05-22 09:57:50+00:00,L7,229.77,630.20,322.52,488.85,380.88,206.84,200.17,201.60
2010-05-23 09:50:18+00:00,L5,213.69,250.03,314.97,208.59,204.32,209.77,210.69,213.33
2010-06-23 09:57:54+00:00,L7,,,,176.78,200.76,200.32,198.48,205.25
2010-06-24 09:50:08+00:00,L5,191.70,168.81,222.67,205.88,199.74,204.83,207.67,210.28
2010-07-10 09:50:29+00:00,L5,186.61,168.47,225.43,198.82,204.63,202.91,205.38,207.51
2010-08-11 09:49:53+00:00,L5,183.37,164.93,219.12,184.16,205.37,202.99,199.78,207.62
2010-08-27 09:49:50+00:00,L5,196.14,160.85,225.26,178.57,206.19,199.08,203.59,208.60
2010-09-19 09:55:54+00:00,L5,195.23,168.43,218.86,175.30,200.53,197.91,196.22,205.03
2010-10-06 09:52:14+00:00,L7,197.36,645.58,229.92,495.11,364.41,,,
2010-10-14 09:49:31+00:00,L5,162.27,384.23,363.40,311.96,198.14,192.71,190.85,215.48
2010-10-22 09:52:00+00:00,L7,,,,,,,203.47,204.94
2010-11-06 09:55:32+00:00,L5,200.29,207.14,221.66,192.56,205.60,210.57,200.90,203.44
2010-11-07 09:52:34+00:00,L7,,,,,,,197.84,206.02
2010-11-15 09:49:44+00:00,L5,190.53,171.17,224.30,210.40,202.48,208.04,206.53,206.53
2011-01-25 09:55:40+00:00,L5,215.40,233.77,315.32,216.14,205.53,218.31,206.02,206.69
2011-02-03 09:49:30+00:00,L5,193.12,172.06,228.90,200.07,209.50,210.17,202.89,208.49
2011-02-19 09:49:31+00:00,L5,194.49,170.89,221.71,215.11,209.73,216.43,204.68,208.47
2011-02-26 09:55:41+00:00,L5,215.07,227.11,314.26,206.78,207.28,208.52,208.55,209.17
2011-03-23 09:49:22+00:00,L5,215.72,251.22,341.51,213.26,212.27,216.84,213.83,214.10
2011-03-30 09:55:33+00:00,L5,225.55,81.00,252.78,212.75,203.08,,,
2011-04-07 09:59:21+00:00,L7,222.81,630.58,337.26,488.77,397.00,212.61,203.07,
2011-04-08 09:49:21+00:00,L5,212.68,238.92,328.96,208.45,204.93,217.95,209.74,213.81
2011-05-01 09:55:22+00:00,L5,199.17,158.62,216.31,174.79,199.65,203.38,197.91,200.58
2011-05-10 09:49:32+00:00,L5,208.04,226.81,313.69,207.82,204.06,210.61,207.72,209.93
2011-05-17 09:55:18+00:00,L5,194.98,202.06,250.22,197.36,204.27,210.37,201.81,208.35
2011-05-18 09:53:07+00:00,L7,203.77,615.80,305.39,209.69,381.34,209.63,211.84,213.61
2011-05-26 09:49:04+00:00,L5,216.59,250.22,315.46,207.17,205.92,207.87,211.60,216.72
2011-07-29 09:48:57+00:00,L5,193.27,161.81,216.79,180.22,205.10,206.87,201.95,206.90
2011-08-13 09:59:08+00:00,L7,174.25,,,,,197.87,196.98,203.39
2011-08-29 09:59:06+00:00,L7,183.32,621.74,226.70,490.77,434.34,201.40,197.28,207.71
2011-09-06 09:54:21+00:00,L5,201.75,162.79,221.19,169.16,200.32,201.04,196.61,203.85
2011-09-15 09:48:03+00:00,L5,193.13,159.33,222.65,182.49,207.83,207.99,203.18,212.89
2011-09-30 09:58:59+00:00,L7,,,,,213.79,204.47,197.62,208.02
2011-10-09 09:52:46+00:00,L7,206.21,622.99,225.53,207.60,382.27,211.26,207.41,215.45
2011-11-10 09:53:04+00:00,L7,,,,,215.20,208.45,201.20,207.68
2011-11-26 09:53:15+00:00,L7,,,,,,,211.66,208.90
2011-12-03 09:59:29+00:00,L7,227.21,630.11,322.69,489.83,378.22,207.05,201.88,202.25
2011-12-19 09:59:36+00:00,L7,,167.61,214.57,188.71,195.71,199.21,194.82,208.97
2011-12-28 09:53:55+00:00,L7,,,,,,,205.39,200.63
2012-02-14 09:53:41+00:00,L7,229.06,630.48,324.56,494.40,355.40,212.56,,
2012-04-09 09:59:47+00:00,L7,182.68,,,,,208.89,200.77,207.30
2012-04-25 10:00:02+00:00,L7,171.95,600.05,,473.96,471.88,,209.37,204.16
2012-05-04 09:54:05+00:00,L7,203.77,645.32,321.67,493.22,380.89,,,
2012-05-11 10:00:25+00:00,L7,,,,,,206.89,201.81,205.05
2012-05-27 10:00:16+00:00,L7,216.68,605.74,219.62,494.21,435.09,198.22,,
2012-08-15 10:00:52+00:00,L7,194.22,615.53,230.17,490.39,421.68,196.83,,
2012-08-24 09:54:46+00:00,L7,186.92,630.28,224.09,487.57,382.31,209.89,,
2012-09-09 09:54:57+00:00,L7,217.88,615.86,234.18,487.95,379.64,212.61,212.02,
2012-09-16 10:01:10+00:00,L7,,,,192.91,210.71,210.86,209.98,212.39
2012-10-02 10:01:21+00:00,L7,335.29,615.51,464.48,482.91,434.85,189.96,,
2012-12-30 09:55:43+00:00,L7,,167.71,221.97,198.38,207.15,198.07,202.13,207.42
2013-01-06 10:01:54+00:00,L7,241.64,646.35,327.64,492.32,378.31,209.53,207.60,208.42
2013-01-15 09:55:41+00:00,L7,,,,,,185.04,,
2013-01-22 10:01:55+00:00,L7,179.75,630.26,222.48,496.44,382.65,207.23,197.55,201.86
2013-01-31 09:56:10+00:00,L7,203.98,615.98,234.75,489.65,378.31,210.49,,
2013-02-16 09:55:45+00:00,L7,,,,,,210.57,204.43,213.40
2013-04-12 10:01:45+00:00,L7,184.91,,76.66,41.95,25.58,,,203.78
2013-04-13 10:01:21+00:00,L8,186.08,166.85,241.14,187.97,198.09,198.82,195.67,196.32
2013-04-21 09:55:53+00:00,L7,220.16,613.36,313.81,487.35,397.09,,,
2013-05-07 09:55:50+00:00,L7,,,,,203.63,201.22,197.12,201.41
2013-05-14 10:01:36+00:00,L7,197.25,594.70,213.29,492.51,473.61,,,205.80
2013-06-07 10:07:46+00:00,L8,210.44,169.33,210.94,168.54,192.46,185.79,188.70,190.84
2013-06-15 10:01:24+00:00,L7,182.59,585.14,212.01,492.97,490.29,190.13,,
2013-06-16 10:01:31+00:00,L8,202.28,209.33,246.16,189.21,200.31,201.48,197.29,204.58
2013-06-23 10:07:39+00:00,L8,208.95,165.12,207.94,172.91,194.91,186.42,189.81,193.49
2013-07-01 10:01:15+00:00,L7,197.92,612.95,305.24,196.69,434.68,206.66,203.99,202.26
2013-07-02 10:01:32+00:00,L8,219.80,242.40,305.48,201.40,206.39,202.93,200.73,206.54
2013-07-09 10:07:43+00:00,L8,207.18,165.09,216.74,193.42,198.72,198.81,194.74,197.08
2013-07-18 10:01:55+00:00,L8,218.37,245.03,271.28,199.48,206.63,203.59,202.95,205.32
2013-07-25 10:07:42+00:00,L8,184.77,154.13,218.76,166.85,198.83,190.02,191.83,204.00
2013-07-26 09:55:15+00:00,L7,205.00,,,,,,,
2013-08-02 10:00:59+00:00,L7,201.91,630.40,221.17,479.93,433.82,204.07,203.38,207.25
2013-08-03 10:01:57+00:00,L8,215.85,212.11,234.55,192.57,209.18,204.71,208.62,210.53
2013-08-10 10:07:45+00:00,L8,183.72,154.82,213.00,168.83,202.04,189.03,188.26,199.64
2013-08-11 09:55:10+00:00,L7,,,,,,,199.12,209.39
2013-08-18 10:01:03+00:00,L7,197.19,619.71,217.58,489.92,436.43,,,
2013-08-19 10:01:58+00:00,L8,198.65,215.59,244.73,195.07,204.80,200.78,199.03,208.70
2013-09-03 10:01:15+00:00,L7,216.97,,,,,214.51,203.47,208.47
2013-09-04 10:01:35+00:00,L8,214.61,199.78,255.28,197.69,206.84,205.01,206.40,207.06
2013-09-11 10:07:44+00:00,L8,182.39,157.60,212.37,168.28,,,,
2013-09-27 10:07:36+00:00,L8,208.53,171.54,234.71,197.39,207.62,205.28,199.32,208.34
2013-10-06 10:01:26+00:00,L8,75.33,92.15,155.86,97.38,140.68,,,
2013-10-22 10:01:45+00:00,L8,198.74,162.56,214.29,173.70,199.35,195.36,196.87,199.63
2013-10-29 10:07:27+00:00,L8,196.06,169.18,216.11,187.96,203.16,196.77,193.29,203.16
2013-11-06 10:01:52+00:00,L7,197.63,602.72,213.37,496.76,435.81,189.07,191.91,
2013-11-07 10:01:42+00:00,L8,183.81,166.92,236.42,193.15,202.66,197.37,194.50,208.49
2013-12-09 10:01:09+00:00,L8,230.11,253.45,322.46,209.43,207.28,207.87,208.04,204.37
2013-12-16 10:07:15+00:00,L8,230.57,252.66,322.49,215.13,206.58,210.84,209.87,207.96
2013-12-17 09:56:16+00:00,L7,,,,,,206.74,201.77,209.53
2014-01-01 10:07:07+00:00,L8,203.64,224.65,309.23,204.87,206.24,201.57,192.54,201.80
2014-01-25 10:02:30+00:00,L7,232.75,630.15,322.22,494.36,378.80,,,
2014-01-26 10:00:40+00:00,L8,209.04,220.35,305.08,203.68,198.66,197.86,196.41,202.25
2014-03-06 10:06:18+00:00,L8,207.69,244.80,313.76,208.85,206.96,210.23,204.02,209.29
2014-03-07 09:56:45+00:00,L7,,,,,212.57,213.88,206.54,211.64
2014-03-14 10:02:35+00:00,L7,221.87,,,,,208.04,202.87,206.23
2014-03-15 10:00:03+00:00,L8,227.81,246.29,321.86,205.38,206.21,210.96,208.35,206.65
2014-03-22 10:06:07+00:00,L8,206.44,236.49,321.19,201.67,201.93,205.09,207.12,203.89
2014-03-23 09:56:28+00:00,L7,219.00,615.53,305.34,488.36,382.60,206.07,,
2014-04-07 10:05:52+00:00,L8,213.90,260.24,321.59,212.37,204.46,213.81,208.30,207.28
2014-04-08 09:56:32+00:00,L7,,,,200.84,198.52,202.29,201.76,208.60
2014-04-23 10:05:36+00:00,L8,195.90,221.11,305.62,199.12,199.92,207.80,205.80,203.16
2014-04-24 09:56:45+00:00,L7,204.04,630.21,318.66,469.56,379.94,210.21,,
2014-05-09 10:05:21+00:00,L8,205.77,220.23,305.36,195.61,197.40,199.69,196.12,205.64
2014-05-10 09:56:49+00:00,L7,,,,,,194.75,198.55,202.16
2014-05-17 10:03:04+00:00,L7,190.08,608.41,222.15,492.02,452.59,190.63,191.74,
2014-05-25 10:05:15+00:00,L8,196.18,245.39,308.15,199.39,195.31,199.87,181.76,190.13
2014-05-26 09:57:19+00:00,L7,,,,,,,204.12,210.52
2014-06-02 10:03:08+00:00,L7,210.64,615.06,216.31,494.36,436.83,190.60,192.30,198.64
2014-06-03 09:59:35+00:00,L8,207.10,219.72,275.87,191.49,199.81,208.03,205.15,206.96
2014-06-10 10:05:25+00:00,L8,196.20,221.00,276.26,198.17,201.43,199.76,199.71,203.76
2014-06-18 10:03:08+00:00,L7,181.71,604.36,203.48,487.08,453.91,,,
2014-06-27 09:57:02+00:00,L7,211.23,615.66,,492.70,396.40,,,
2014-07-12 10:05:36+00:00,L8,191.24,166.30,209.18,161.98,195.33,186.83,190.34,199.57
2014-07-13 09:57:04+00:00,L7,184.68,600.10,214.20,479.99,471.51,199.09,186.39,204.20
2014-07-21 09:59:26+00:00,L8,207.85,195.41,222.00,199.91,199.50,205.30,196.35,206.09
2014-07-28 10:05:39+00:00,L8,185.58,160.84,219.27,171.41,198.12,187.64,191.20,201.57
2014-08-06 09:59:34+00:00,L8,203.79,248.50,280.54,201.72,203.73,207.31,204.28,209.31
2014-08-13 10:05:47+00:00,L8,182.24,137.26,213.63,163.66,199.31,188.45,188.81,202.00
2014-08-14 09:57:12+00:00,L7,,,,,,191.10,194.55,205.16
2014-08-21 10:03:22+00:00,L7,179.35,614.25,226.31,196.42,434.40,199.46,195.58,203.99
2014-08-22 09:59:38+00:00,L8,203.48,212.40,252.56,200.47,205.17,203.89,195.34,211.46
2014-08-29 10:05:49+00:00,L8,182.01,156.61,207.82,165.08,197.73,183.95,185.43,199.72
2014-08-30 09:57:11+00:00,L7,,,,,,,196.73,208.31
2014-09-06 10:03:23+00:00,L7,195.97,630.37,215.61,490.40,421.43,205.64,196.87,207.74
2014-09-07 10:00:05+00:00,L8,207.54,198.73,227.57,188.88,205.95,203.72,200.59,208.74
2014-09-14 10:05:53+00:00,L8,170.94,168.12,223.70,184.05,207.93,198.45,198.76,212.04
2014-09-30 10:05:53+00:00,L8,205.93,204.55,220.23,190.21,202.78,197.38,193.21,207.55
2014-10-08 10:03:40+00:00,L7,185.53,615.58,227.83,487.69,381.63,197.58,193.55,204.53
2014-10-09 09:59:45+00:00,L8,186.07,163.47,211.97,163.56,196.69,185.05,184.73,195.62
2014-10-24 10:03:49+00:00,L7,184.32,630.54,229.27,490.27,379.95,204.00,201.62,
2014-10-25 09:59:46+00:00,L8,210.34,167.71,230.14,191.56,206.84,198.51,199.47,209.38
2014-11-01 10:05:55+00:00,L8,206.46,244.98,321.17,206.54,207.32,208.77,205.15,208.50
2014-11-02 09:58:08+00:00,L7,,,,,,,207.87,211.01
2014-11-26 09:59:45+00:00,L8,180.98,166.27,237.50,177.75,193.90,,,189.79
2014-12-03 10:05:55+00:00,L8,185.46,167.44,226.32,195.80,204.69,198.26,195.64,204.71
2014-12-11 10:04:09+00:00,L7,-39.13,600.03,,,472.07,,,
2014-12-12 09:59:38+00:00,L8,196.03,242.69,305.33,207.17,204.75,208.08,205.48,207.24
2014-12-19 10:05:52+00:00,L8,226.47,251.37,321.01,211.10,206.91,208.92,207.31,206.05
2014-12-20 09:58:05+00:00,L7,197.82,596.18,235.21,193.97,490.73,195.65,197.21,
2015-01-04 10:05:46+00:00,L8,214.07,225.19,307.28,202.02,207.20,204.12,195.67,205.49
2015-01-05 09:58:30+00:00,L7,,,,,,207.38,209.92,206.77
2015-01-12 10:04:18+00:00,L7,237.40,615.54,323.50,487.34,367.93,209.10,198.94,204.06
2015-01-13 09:59:59+00:00,L8,237.64,260.98,324.10,218.73,216.22,217.51,211.13,207.43
2015-01-21 09:58:06+00:00,L7,91.19,647.07,188.88,152.04,200.04,,,
2015-01-28 10:04:23+00:00,L7,219.19,630.47,321.01,463.70,380.61,,,
2015-02-05 10:05:39+00:00,L8,182.04,128.69,204.43,155.86,194.31,179.37,182.75,191.47
2015-02-06 09:58:39+00:00,L7,,,,,,190.17,190.99,197.33
2015-02-14 09:59:45+00:00,L8,208.81,257.41,311.52,212.34,206.09,211.01,207.52,206.82
2015-04-02 10:04:49+00:00,L7,218.62,615.06,227.18,491.94,435.16,199.85,197.54,202.88
2015-04-10 10:05:06+00:00,L8,214.09,249.06,322.23,210.09,204.64,211.49,208.49,203.61
2015-04-11 09:59:09+00:00,L7,,,,,,,203.41,202.53
2015-04-18 10:04:57+00:00,L7,202.39,,,,,204.11,201.33,201.79
2015-05-04 10:05:03+00:00,L7,,,,,195.90,190.97,189.43,198.64
2015-05-12 10:04:46+00:00,L8,213.77,240.05,319.47,205.22,207.06,208.81,199.99,209.78
2015-05-13 09:58:59+00:00,L7,,,,210.84,206.97,213.35,200.13,204.93
2015-05-28 10:04:48+00:00,L8,208.78,246.26,289.82,197.51,202.74,202.46,193.30,203.85
2015-05-29 09:59:26+00:00,L7,,,,,205.77,205.10,200.68,210.59
2015-06-05 10:05:17+00:00,L7,,164.19,214.66,187.25,198.81,200.32,198.03,200.85
2015-06-06 09:58:45+00:00,L8,214.73,224.06,306.92,197.83,207.83,199.75,202.49,209.27
2015-06-14 09:59:34+00:00,L7,188.42,620.31,219.69,487.18,384.17,199.84,,
2015-06-21 10:05:21+00:00,L7,182.51,606.37,210.22,493.59,453.92,188.36,189.24,199.72
2015-06-22 09:59:16+00:00,L8,188.79,169.55,224.45,195.89,202.35,191.03,196.21,205.41
2015-06-29 10:05:07+00:00,L8,182.45,164.18,205.40,187.38,196.15,190.32,188.71,192.59
2015-06-30 09:59:12+00:00,L7,215.72,630.28,223.34,490.27,381.37,205.79,,
2015-07-07 10:05:26+00:00,L7,203.67,601.62,206.55,487.92,453.34,,,200.66
2015-07-08 09:59:26+00:00,L8,200.81,168.09,219.24,192.75,199.84,191.88,195.26,206.49
2015-07-15 10:05:17+00:00,L8,198.37,159.75,212.89,173.09,197.20,185.27,187.99,200.08
2015-07-16 09:59:18+00:00,L7,,,235.52,205.04,207.84,207.15,201.95,215.59
2015-07-24 09:59:09+00:00,L8,211.89,204.26,222.21,186.60,203.61,197.31,196.00,205.57
2015-07-31 10:05:21+00:00,L8,198.18,169.23,225.80,179.84,201.45,190.33,195.83,207.78
2015-08-08 10:05:33+00:00,L7,210.96,615.58,218.52,492.37,434.19,196.49,191.69,201.57
2015-08-16 10:05:27+00:00,L8,182.32,136.75,220.44,171.42,197.89,188.22,188.13,204.85
2015-08-25 09:59:44+00:00,L8,196.82,205.90,222.38,189.50,204.65,201.66,201.58,209.82
2015-09-01 10:05:33+00:00,L8,181.94,137.19,214.76,166.70,198.32,188.29,187.52,199.60
2015-09-02 09:59:23+00:00,L7,210.96,,,,,,,
2015-09-10 09:59:26+00:00,L8,217.04,219.59,305.17,199.21,207.11,201.86,202.53,210.79
2015-09-25 10:05:42+00:00,L7,,166.89,223.92,185.76,199.77,190.17,194.35,205.43
2015-09-26 09:59:57+00:00,L8,188.61,174.96,235.72,195.70,202.93,198.36,194.79,210.26
2015-10-03 10:05:45+00:00,L8,216.86,200.16,228.20,197.27,201.80,205.14,203.13,209.06
2015-10-04 09:59:55+00:00,L7,211.12,615.63,222.89,489.82,381.58,207.57,,
2015-10-19 10:05:46+00:00,L8,197.29,160.93,223.88,164.08,,,,
2015-11-20 10:05:52+00:00,L8,207.27,233.05,306.03,201.94,203.51,205.56,196.53,204.56
2015-11-29 09:59:42+00:00,L8,185.10,167.56,219.86,184.49,196.80,189.51,194.67,197.60
2015-12-07 10:00:35+00:00,L7,,,,,,,21.34,199.23
2015-12-14 10:06:54+00:00,L7,,168.08,221.75,202.42,210.19,206.85,209.96,204.10
2015-12-15 09:59:41+00:00,L8,198.61,219.25,305.06,199.87,201.72,207.70,201.95,203.18
2015-12-22 10:05:52+00:00,L8,235.70,254.67,322.11,211.95,205.53,211.56,208.74,204.21
2015-12-23 10:00:50+00:00,L7,231.06,645.22,323.70,480.88,377.83,,,
2015-12-30 10:07:06+00:00,L7,205.55,630.28,316.30,488.09,358.86,,,208.53
2016-01-08 10:01:29+00:00,L7,,,,,207.27,198.95,187.87,195.52
2016-02-01 10:00:00+00:00,L8,205.33,271.50,322.85,205.16,226.71,225.15,206.13,203.75
2016-02-09 10:01:25+00:00,L7,,,,,,,196.53,199.44
2016-02-17 09:59:51+00:00,L8,227.99,255.69,321.52,210.63,205.90,216.89,212.11,207.46
2016-02-24 10:05:38+00:00,L8,196.01,242.71,256.10,198.42,199.33,208.59,201.40,194.47
2016-03-27 10:05:26+00:00,L8,201.67,215.72,218.76,198.94,206.45,207.49,200.09,206.85
2016-04-05 09:59:11+00:00,L8,198.13,196.82,218.70,189.72,194.38,199.16,193.41,197.73
2016-04-20 10:08:02+00:00,L7,203.39,483.06,,492.01,,202.39,201.69,202.10
2016-05-06 10:08:07+00:00,L7,198.65,615.82,232.39,494.20,436.74,,,199.59
2016-05-22 10:08:10+00:00,L7,,,,,199.01,201.11,202.55,203.98
2016-05-30 10:05:23+00:00,L8,204.42,162.09,207.04,184.22,194.13,186.26,188.01,196.60
2016-05-31 10:02:27+00:00,L7,207.86,,,,,,,
2016-06-07 10:08:16+00:00,L7,203.64,630.18,207.55,494.03,443.42,192.26,190.58,
2016-06-08 09:59:38+00:00,L8,212.32,210.08,228.30,189.70,202.61,202.35,201.65,204.09
2016-06-23 10:08:18+00:00,L7,171.64,610.86,210.97,487.04,436.37,,,
2016-06-24 09:59:20+00:00,L8,186.59,165.73,223.18,180.73,198.45,196.45,191.59,197.45
2016-07-02 10:02:07+00:00,L7,,,,,,199.34,197.54,203.78
2016-07-09 10:08:17+00:00,L7,182.85,594.73,213.18,494.36,473.57,189.74,186.30,196.36
2016-07-10 09:59:52+00:00,L8,194.39,198.82,230.64,189.79,201.54,208.77,203.51,203.06
2016-07-17 10:05:42+00:00,L8,204.37,247.48,308.69,198.40,203.06,209.24,206.91,204.65
2016-07-18 10:02:08+00:00,L7,,,,,,204.47,205.05,210.95
2016-07-25 10:08:20+00:00,L7,184.03,609.42,208.15,494.05,435.12,193.35,,
2016-07-26 09:59:33+00:00,L8,188.87,172.67,231.06,198.76,201.02,194.23,195.46,205.72
2016-08-02 10:05:45+00:00,L8,179.66,163.84,222.34,177.95,199.43,196.57,195.99,199.27
2016-08-03 10:02:10+00:00,L7,182.84,630.13,221.93,176.83,421.46,205.55,202.63,208.68
2016-08-10 10:08:21+00:00,L7,186.27,622.36,215.69,496.23,434.35,198.77,196.86,200.64
2016-08-18 10:05:49+00:00,L8,188.36,169.14,222.11,179.80,,,,
2016-08-19 10:02:35+00:00,L7,177.11,630.14,223.00,179.13,383.49,208.07,209.40,210.94
2016-08-26 10:08:24+00:00,L7,200.59,615.81,311.37,493.76,421.50,201.51,197.52,
2016-08-27 10:00:06+00:00,L8,203.39,217.74,236.53,198.20,204.32,202.25,200.80,210.56
2016-09-03 10:05:56+00:00,L8,181.98,194.10,224.83,189.64,207.42,193.89,196.53,207.79
2016-09-04 10:02:39+00:00,L7,,,,,,,,213.43
2016-09-11 10:08:26+00:00,L7,206.06,608.01,214.40,492.82,445.98,193.64,191.49,
2016-09-12 10:00:11+00:00,L8,213.33,178.51,234.90,197.03,205.27,201.45,196.14,209.06
2016-09-19 10:05:58+00:00,L8,141.45,121.65,220.75,171.23,,,,
2016-09-27 10:08:29+00:00,L7,205.13,630.19,305.64,467.76,434.91,,,209.94
2016-09-28 10:00:11+00:00,L8,204.41,256.75,313.20,200.85,204.06,202.77,203.34,208.87
2016-10-05 10:06:00+00:00,L8,213.34,205.37,234.78,198.87,206.02,208.05,200.81,207.93
2016-10-21 10:06:05+00:00,L8,186.85,168.13,229.33,190.31,204.33,205.28,201.48,203.30
2016-10-29 10:08:25+00:00,L7,211.25,622.07,232.01,473.45,360.71,,,211.96
2016-10-30 09:59:54+00:00,L8,218.24,171.85,235.69,201.11,206.62,198.44,199.53,207.76
2016-11-23 10:02:05+00:00,L7,,,,,,,,198.35
2016-11-30 10:08:15+00:00,L7,218.44,630.21,305.31,491.83,398.41,199.48,,
2016-12-01 09:59:53+00:00,L8,,173.05,403.98,219.58,233.15,,,
2016-12-08 10:06:02+00:00,L8,227.89,265.40,321.50,210.25,207.86,208.80,207.68,207.30
2016-12-09 10:02:02+00:00,L7,237.51,618.12,322.36,463.57,379.12,213.31,204.51,207.50
2016-12-24 10:05:58+00:00,L8,240.79,263.38,324.82,213.23,211.17,219.38,207.73,204.13
2017-01-01 10:08:01+00:00,L7,263.13,654.10,368.35,405.92,453.68,,,
2017-01-09 10:05:55+00:00,L8,220.46,263.14,321.14,210.23,207.87,210.51,206.83,206.65
2017-01-26 10:01:35+00:00,L7,226.34,645.44,323.79,461.89,378.02,217.40,,
2017-02-03 09:59:34+00:00,L8,203.54,234.83,307.06,161.19,170.18,178.28,200.59,202.77
2017-02-19 09:59:28+00:00,L8,236.52,261.53,322.80,210.51,208.52,208.48,210.25,210.53
2017-02-26 10:05:36+00:00,L8,203.48,221.37,305.70,202.42,200.62,197.72,191.57,202.46
2017-02-27 10:01:37+00:00,L7,206.75,630.85,293.10,476.46,381.55,217.46,212.37,215.41
2017-03-06 10:07:51+00:00,L7,227.91,611.65,320.85,490.32,460.15,189.93,201.85,206.28
2017-03-07 09:59:21+00:00,L8,201.83,208.30,231.39,197.70,199.61,192.31,191.03,207.50
2017-03-15 10:02:07+00:00,L7,,,,,,,,213.00
2017-03-30 10:05:19+00:00,L8,206.17,258.51,314.83,208.03,206.31,209.28,206.86,210.94
2017-03-31 10:01:48+00:00,L7,205.17,645.28,299.46,468.02,380.14,,,
2017-04-07 10:08:01+00:00,L7,,272.76,304.63,210.90,210.52,215.23,213.02,215.28
2017-04-08 09:59:28+00:00,L8,214.21,256.35,321.69,205.27,208.88,215.18,209.44,210.30
2017-04-15 10:05:11+00:00,L8,206.80,164.97,218.34,182.28,199.85,190.88,187.25,202.23
2017-04-16 10:02:18+00:00,L7,,,,,205.54,196.96,197.43,207.78
2017-04-23 10:08:08+00:00,L7,195.73,617.48,305.31,490.27,434.22,,198.29,208.77
2017-04-24 09:59:18+00:00,L8,203.05,245.61,305.45,197.69,204.95,209.16,206.51,205.48
2017-05-02 10:02:24+00:00,L7,,,,,,,193.01,200.50
2017-05-09 10:08:12+00:00,L7,209.43,594.10,217.81,496.46,473.89,191.63,,
2017-05-17 10:05:11+00:00,L8,200.21,207.49,228.69,193.75,206.88,194.76,198.41,208.30
2017-05-26 09:59:06+00:00,L8,209.96,175.26,230.73,186.92,204.51,196.18,194.53,206.27
2017-06-02 10:05:21+00:00,L8,201.35,243.46,284.13,191.86,202.42,193.94,192.64,206.59
2017-06-03 10:02:31+00:00,L7,226.02,239.67,301.09,,,,,
2017-06-11 09:59:14+00:00,L8,195.45,204.26,234.75,195.09,203.40,198.33,195.41,208.97
2017-06-19 10:02:35+00:00,L7,,253.84,305.71,202.55,208.16,211.48,214.06,218.21
2017-06-27 09:59:43+00:00,L8,187.22,156.97,213.89,164.69,199.31,185.41,188.45,201.98
2017-07-04 10:05:31+00:00,L8,210.82,165.54,222.13,187.70,198.07,189.68,187.83,196.31
2017-07-05 10:02:13+00:00,L7,218.36,645.73,234.88,474.99,365.25,,,
2017-07-12 10:08:24+00:00,L7,,,214.83,167.36,200.21,192.88,189.13,201.39
2017-07-13 09:59:45+00:00,L8,174.78,164.54,215.50,175.02,201.79,185.72,192.62,202.23
2017-07-20 10:05:36+00:00,L8,207.98,165.36,224.44,176.50,196.09,186.83,191.27,197.83
2017-07-21 10:02:36+00:00,L7,197.53,615.45,,477.32,434.53,,,
2017-07-28 10:08:23+00:00,L7,,,,,,193.79,191.55,201.11
2017-07-29 09:59:30+00:00,L8,213.71,167.76,227.93,185.20,206.57,193.89,196.44,208.65
2017-08-05 10:05:43+00:00,L8,187.88,162.80,215.39,167.60,201.91,189.89,192.46,203.40
2017-08-06 10:02:35+00:00,L7,,,,,,,,202.65
2017-08-13 10:08:20+00:00,L7,,,,,202.25,194.79,196.02,205.14
2017-08-14 10:00:00+00:00,L8,196.61,177.57,231.36,188.77,205.32,198.87,197.73,210.37
2017-08-21 10:05:48+00:00,L8,182.52,170.13,228.60,186.86,205.22,189.22,194.71,207.70
2017-08-22 10:02:34+00:00,L7,,,,,,,195.97,206.56
2017-08-29 10:08:21+00:00,L7,184.80,608.46,220.37,487.82,434.46,185.85,197.53,203.01
2017-08-30 10:00:03+00:00,L8,207.26,166.35,227.63,183.39,204.67,185.85,194.41,207.64
2017-09-07 10:02:33+00:00,L7,159.18,615.21,212.30,166.25,436.26,185.40,187.28,199.04
2017-09-14 10:08:19+00:00,L7,197.68,615.82,230.33,487.24,382.69,193.93,197.18,207.90
2017-09-15 10:00:04+00:00,L8,196.02,198.58,228.86,196.67,203.38,201.08,199.22,207.72
2017-09-22 10:05:54+00:00,L8,197.45,164.99,224.05,172.09,202.54,190.46,190.32,205.23
2017-09-23 10:02:08+00:00,L7,,,,,,,,
2017-09-30 10:08:20+00:00,L7,196.11,630.09,263.75,487.94,382.34,190.31,,
2017-10-09 10:02:10+00:00,L7,126.51,120.46,214.89,163.62,199.50,199.19,211.81,209.35
2017-10-16 10:08:22+00:00,L7,221.18,622.69,318.64,489.21,382.98,204.79,199.69,
2017-10-17 10:00:15+00:00,L8,202.98,255.06,306.16,202.62,206.57,198.27,203.02,209.64
2017-10-24 10:06:02+00:00,L8,195.65,172.56,228.65,186.43,204.95,201.45,197.65,208.35
2017-11-02 09:59:51+00:00,L8,210.28,200.08,261.27,195.70,200.55,205.46,197.51,205.94
2017-12-04 09:59:42+00:00,L8,197.87,210.73,234.58,201.81,203.95,193.96,196.91,206.54
2018-01-04 10:07:51+00:00,L7,136.61,615.07,217.38,490.20,439.54,175.97,191.12,193.41
2018-01-05 10:00:05+00:00,L8,213.68,168.37,226.96,175.86,199.75,191.15,194.80,202.04
2018-01-20 10:07:37+00:00,L7,,,,196.76,202.37,201.99,198.95,168.24
2018-01-21 09:59:33+00:00,L8,187.72,165.29,212.73,176.77,,,,196.34
2018-01-28 10:05:39+00:00,L8,242.88,269.80,318.54,219.15,211.36,185.84,188.32,191.96
2018-01-29 10:01:17+00:00,L7,,,,,,,,211.71
2018-02-06 09:59:48+00:00,L8,212.52,177.36,226.56,201.37,199.04,203.26,195.59,203.91
2018-02-21 10:07:11+00:00,L7,,624.43,,,,200.18,,
2018-03-02 10:01:19+00:00,L7,142.37,615.57,219.35,162.74,382.76,179.01,182.39,195.47
2018-03-10 09:59:34+00:00,L8,197.53,197.77,222.80,185.85,205.17,208.73,199.45,207.90
2018-03-26 09:59:27+00:00,L8,190.20,646.95,212.66,195.07,335.27,,,
2018-04-02 10:05:10+00:00,L8,196.59,172.05,223.09,186.33,205.47,204.63,202.12,202.00
2018-04-18 10:05:01+00:00,L8,195.51,169.79,213.37,186.19,196.73,190.58,197.22,197.01
2018-04-19 10:00:13+00:00,L7,,,,,,,,
2018-04-26 10:06:17+00:00,L7,222.37,595.01,265.21,491.90,473.56,,,
2018-05-20 10:04:41+00:00,L8,196.91,167.26,207.45,193.09,196.37,200.45,197.28,193.66
2018-05-29 09:58:23+00:00,L8,,646.59,,,396.32,,,181.10
2018-06-05 10:04:30+00:00,L8,184.82,166.88,204.38,166.59,196.78,188.64,188.76,197.74
2018-06-14 09:58:26+00:00,L8,197.05,170.81,241.86,192.56,201.41,191.18,193.77,205.65
2018-06-21 10:04:41+00:00,L8,196.88,210.90,211.80,196.24,196.60,191.43,196.36,198.15
2018-06-22 09:59:07+00:00,L7,,,,,,,209.27,201.55
2018-06-29 10:05:10+00:00,L7,207.80,615.60,208.45,495.71,419.85,,,
2018-06-30 09:58:36+00:00,L8,189.99,168.46,238.84,171.12,201.46,192.16,196.77,203.34
2018-07-07 10:04:50+00:00,L8,183.28,164.80,204.79,186.71,195.58,188.83,188.47,193.16
2018-07-08 09:58:48+00:00,L7,,,,,209.19,207.22,210.24,211.62
2018-07-15 10:04:51+00:00,L7,185.56,600.39,203.70,495.46,453.42,189.27,187.43,196.48
2018-07-24 09:58:55+00:00,L7,,,,,,,201.67,208.59
2018-07-31 10:04:35+00:00,L7,206.54,611.50,,492.25,434.32,,,207.16
2018-08-01 09:58:51+00:00,L8,214.27,173.23,221.86,180.73,204.85,199.90,198.20,205.89
2018-08-09 09:58:14+00:00,L7,214.87,630.63,218.73,189.01,382.60,200.21,202.69,209.86
2018-08-16 10:04:17+00:00,L7,,,218.74,167.56,203.63,197.33,201.88,205.21
2018-08-24 10:05:14+00:00,L8,185.80,168.82,219.61,179.21,203.91,188.75,195.43,204.87
2018-08-25 09:57:55+00:00,L7,118.89,630.56,189.17,487.32,381.60,211.45,,
2018-09-01 10:03:57+00:00,L7,204.40,621.68,219.59,490.34,434.09,,,
2018-09-02 09:59:31+00:00,L8,191.73,196.64,221.94,180.73,203.40,206.04,201.22,206.32
2018-09-09 10:05:20+00:00,L8,207.68,169.71,224.54,163.69,200.96,185.58,194.98,206.22
2018-09-10 09:57:59+00:00,L7,,,,,,,,194.37
2018-09-26 09:57:37+00:00,L7,187.07,173.65,216.90,175.46,,,,
2018-10-03 10:03:13+00:00,L7,185.51,615.07,261.44,480.89,471.63,179.21,,
2018-10-12 09:57:13+00:00,L7,,,,,204.06,187.21,197.62,198.16
2018-10-20 09:59:49+00:00,L8,97.26,66.71,155.30,98.41,91.47,,192.77,197.97
2018-10-27 10:05:38+00:00,L8,184.91,152.99,219.06,166.95,200.29,185.09,187.80,197.40
2018-11-05 09:59:29+00:00,L8,373.64,163.72,509.55,163.89,157.29,-11.35,-26.59,
2018-11-13 09:56:06+00:00,L7,196.36,618.27,220.49,495.10,396.55,207.93,,
2018-11-21 09:59:29+00:00,L8,192.16,179.75,255.91,178.34,200.59,190.07,186.87,190.30
2018-11-28 10:05:39+00:00,L8,202.09,211.74,252.95,183.65,207.45,199.29,195.92,202.04
2018-11-29 09:56:06+00:00,L7,,,,,,,209.60,208.47
2018-12-07 09:59:51+00:00,L8,212.63,175.55,218.44,181.73,198.69,200.05,193.78,194.10
2018-12-23 09:59:50+00:00,L8,199.85,248.61,290.09,196.72,206.68,196.96,202.73,202.20
2018-12-31 09:54:48+00:00,L7,255.05,631.17,322.79,461.67,379.91,213.80,213.22,
2019-01-07 10:00:46+00:00,L7,203.24,636.17,312.64,496.80,434.34,206.18,193.73,
2019-01-15 10:05:34+00:00,L8,216.44,264.13,319.53,206.12,209.45,208.73,205.80,206.79
2019-01-16 09:54:42+00:00,L7,235.46,633.02,315.97,202.28,399.12,208.31,208.78,208.81
2019-02-16 10:05:28+00:00,L8,234.55,272.41,322.40,210.46,212.28,211.90,213.95,212.73
2019-02-17 09:53:43+00:00,L7,234.27,,,,,,,
2019-02-24 09:59:17+00:00,L7,205.00,621.37,309.14,490.68,396.94,198.73,,
2019-03-04 10:05:24+00:00,L8,202.07,255.01,306.37,193.63,206.88,205.04,202.36,204.57
2019-03-05 09:53:13+00:00,L7,,,233.21,201.44,195.86,,,197.82
2019-03-12 09:58:46+00:00,L7,226.38,631.21,316.55,464.18,379.51,207.93,204.85,214.02
2019-03-13 09:59:33+00:00,L8,202.47,257.67,306.43,196.61,205.81,207.92,199.83,203.57
2019-03-21 09:52:42+00:00,L7,,,,218.64,199.51,195.49,,202.59
2019-03-28 09:58:14+00:00,L7,,,,,209.28,211.50,200.69,210.35
2019-03-29 09:59:30+00:00,L8,234.09,257.69,322.56,208.70,215.34,209.16,212.68,214.15
2019-04-05 10:05:15+00:00,L8,209.47,165.27,237.75,174.65,202.78,194.44,193.51,201.94
2019-04-14 09:59:25+00:00,L8,214.45,242.66,264.64,187.54,204.57,207.22,197.06,211.02
2019-04-29 09:57:05+00:00,L7,202.30,616.20,290.37,487.51,361.94,,,208.17
2019-04-30 09:59:22+00:00,L8,203.65,258.15,305.34,197.69,208.09,208.88,206.82,208.00
2019-05-08 09:50:34+00:00,L7,192.41,630.45,222.99,488.55,384.33,,,
2019-05-16 09:59:08+00:00,L8,203.05,256.66,305.92,197.46,210.46,209.38,208.32,209.07
2019-05-23 10:05:23+00:00,L8,189.98,168.15,212.37,179.61,201.92,193.54,190.14,197.40
2019-05-31 09:55:53+00:00,L7,201.74,480.29,,493.11,,,210.50,211.60
2019-06-01 09:59:41+00:00,L8,219.61,260.63,318.57,200.41,211.28,208.22,212.55,209.32
2019-06-08 10:05:31+00:00,L8,189.07,164.95,245.04,180.16,196.44,185.23,192.73,193.24
2019-06-16 09:55:18+00:00,L7,203.84,615.03,203.86,486.94,435.22,,,
2019-06-17 09:59:47+00:00,L8,186.61,168.91,212.09,169.10,196.49,189.48,192.05,197.98
2019-06-24 10:05:36+00:00,L8,207.24,166.33,219.08,170.41,196.86,184.77,191.96,198.65
2019-06-25 09:48:47+00:00,L7,,,,,209.27,190.55,193.97,202.97
2019-07-02 09:54:42+00:00,L7,206.20,617.83,214.01,489.94,418.15,190.32,,
2019-07-03 09:59:52+00:00,L8,196.84,170.72,254.87,183.55,208.40,198.15,198.64,206.98
2019-07-10 10:05:40+00:00,L8,185.92,161.51,209.89,168.95,199.12,184.10,187.75,197.92
2019-07-11 09:48:10+00:00,L7,,207.84,222.40,188.14,204.77,193.86,204.68,212.66
2019-07-18 09:54:05+00:00,L7,184.37,630.11,206.85,494.69,436.27,182.72,183.44,194.42
2019-07-19 09:59:54+00:00,L8,203.70,160.92,216.49,162.53,202.83,188.18,191.93,207.15
2019-07-26 10:05:45+00:00,L8,196.28,195.43,235.59,183.26,206.92,195.76,197.85,206.06
2019-07-27 09:47:56+00:00,L7,216.12,618.55,262.74,489.83,367.66,,,
2019-08-03 09:53:26+00:00,L7,,,,,,191.13,189.38,202.57
2019-08-04 10:00:01+00:00,L8,213.86,163.72,223.69,177.87,206.74,188.16,196.99,207.03
2019-08-11 10:05:51+00:00,L8,211.22,164.21,248.87,169.55,199.39,189.69,189.64,200.05
2019-08-19 09:52:46+00:00,L7,210.28,622.41,230.22,490.83,418.64,,,
2019-08-20 09:59:43+00:00,L8,196.40,172.91,259.60,171.57,204.31,197.74,194.95,208.03
2019-08-27 10:05:55+00:00,L8,200.07,244.63,282.76,186.29,206.15,200.08,199.22,207.31
2019-08-28 09:46:36+00:00,L7,208.34,631.01,218.22,485.65,313.86,205.41,197.33,202.77
2019-09-04 09:52:05+00:00,L7,201.31,645.29,277.69,493.07,381.22,192.25,194.95,204.27
2019-09-05 09:59:46+00:00,L8,215.07,242.42,268.07,186.56,209.39,206.72,201.84,208.37
2019-09-12 10:05:59+00:00,L8,202.67,250.33,279.70,197.05,207.82,201.29,202.04,208.33
2019-09-20 09:51:22+00:00,L7,204.01,630.57,224.60,494.26,415.24,,,
2019-09-28 10:06:05+00:00,L8,191.82,242.71,264.04,182.94,207.42,195.02,,210.41
2019-09-29 09:45:13+00:00,L7,184.50,630.48,225.62,476.19,383.42,199.22,,
2019-10-14 10:06:07+00:00,L8,192.32,167.55,254.33,179.96,204.76,199.16,197.05,201.78
2019-10-30 10:06:08+00:00,L8,209.04,165.13,229.95,169.92,201.44,189.01,188.97,203.34
2019-11-24 09:59:52+00:00,L8,188.38,167.92,245.46,174.72,200.88,187.77,193.20,201.70
2019-12-01 10:06:03+00:00,L8,206.99,398.53,399.25,384.84,203.82,188.30,193.13,204.11
2019-12-09 09:47:48+00:00,L7,,619.16,,,484.31,,181.94,191.36
2019-12-10 10:00:15+00:00,L8,207.07,257.40,305.09,202.88,204.46,195.02,198.00,204.87
2019-12-25 09:46:59+00:00,L7,196.88,633.87,305.56,184.63,418.28,198.68,198.51,200.76
2019-12-26 10:00:12+00:00,L8,194.18,242.70,264.21,183.80,200.83,200.27,197.01,200.89
2020-01-02 10:05:57+00:00,L8,369.02,617.81,509.37,489.92,377.85,212.32,,
2020-01-11 09:59:44+00:00,L8,203.78,254.33,294.70,203.25,209.77,,,206.24
2020-01-26 09:45:22+00:00,L7,95.24,,,,,,,
2020-01-27 10:00:04+00:00,L8,202.97,249.73,276.57,197.75,204.01,208.53,197.03,204.29
2020-02-11 09:44:33+00:00,L7,191.84,630.57,266.41,495.72,383.36,192.35,191.49,198.82
2020-02-12 10:00:00+00:00,L8,217.08,174.87,259.39,182.69,206.96,203.95,195.49,202.61
2020-02-19 10:05:45+00:00,L8,212.38,257.41,290.95,200.72,208.44,204.67,196.03,209.61
2020-02-20 09:38:18+00:00,L7,230.70,633.13,287.74,474.06,379.29,209.29,201.26,208.04
2020-02-27 09:43:43+00:00,L7,203.99,630.09,279.96,487.29,379.29,,,
2020-02-28 09:59:31+00:00,L8,214.68,174.51,231.58,186.25,206.41,200.02,196.81,204.14
2020-03-07 09:37:03+00:00,L7,185.10,630.57,240.31,489.68,396.03,202.11,195.79,
2020-03-15 09:59:49+00:00,L8,201.13,244.91,275.53,195.49,208.60,200.38,199.39,205.18
2020-03-22 10:05:32+00:00,L8,215.08,170.67,260.46,188.78,200.87,195.92,194.68,198.57
2020-03-23 09:36:34+00:00,L7,,,,176.98,200.24,191.83,196.64,195.22
2020-03-30 09:41:57+00:00,L7,,,,,,208.90,191.50,202.73
2020-04-07 10:05:23+00:00,L8,202.95,249.14,306.12,200.37,207.80,205.76,201.64,203.71
2020-04-08 09:35:15+00:00,L7,,,227.10,193.79,205.87,204.75,198.14,209.08
2020-04-15 09:41:02+00:00,L7,,617.65,305.75,201.94,381.10,208.55,202.08,204.86
2020-04-16 09:59:33+00:00,L8,203.93,199.29,262.66,193.29,199.84,194.52,189.86,195.77
2020-04-24 09:34:43+00:00,L7,203.61,619.68,278.60,467.92,379.85,207.43,204.76,211.82
2020-05-01 09:40:05+00:00,L7,,,205.79,170.15,196.08,188.04,193.83,193.30
2020-05-26 09:32:46+00:00,L7,206.84,646.10,306.05,468.68,367.00,,,
2020-06-03 09:59:05+00:00,L8,215.20,242.73,263.78,190.01,208.25,206.43,195.82,206.13
2020-06-10 10:05:20+00:00,L8,135.53,121.59,205.47,166.74,195.93,177.93,183.76,191.09
2020-06-18 09:37:13+00:00,L7,207.01,599.99,217.59,490.43,472.34,187.96,188.85,194.08
2020-06-26 10:05:29+00:00,L8,205.75,165.44,219.74,175.84,202.28,192.77,188.13,196.93
2020-06-27 09:30:54+00:00,L7,184.27,630.24,,472.57,364.20,,,
2020-07-04 09:36:16+00:00,L7,,,210.29,168.03,198.14,187.97,187.92,195.87
2020-07-05 09:59:22+00:00,L8,216.99,168.68,235.00,183.97,208.41,193.36,196.99,206.87
2020-07-12 10:05:35+00:00,L8,206.37,166.29,227.25,176.67,199.74,187.49,193.09,197.81
2020-07-13 09:29:56+00:00,L7,,,,,,203.83,198.91,203.99
2020-07-20 09:35:17+00:00,L7,206.75,630.60,243.68,487.30,396.06,188.45,187.96,196.33
2020-07-21 09:59:51+00:00,L8,195.35,168.61,250.39,179.53,206.46,195.33,195.95,209.00
2020-07-28 10:05:40+00:00,L8,190.50,168.57,234.93,187.04,202.40,190.89,192.79,201.29
2020-07-29 09:28:33+00:00,L7,,167.31,222.10,187.32,204.80,195.37,200.96,203.07
2020-08-05 09:34:17+00:00,L7,182.60,615.04,211.38,496.52,418.16,187.76,,
2020-08-06 09:59:55+00:00,L8,190.86,168.36,231.13,180.79,206.09,200.50,196.87,207.63
2020-08-13 10:05:43+00:00,L8,206.30,164.78,239.28,172.57,200.84,186.09,190.55,201.03
2020-08-14 09:27:32+00:00,L7,,,219.85,181.89,203.41,200.53,196.57,207.29
2020-08-21 09:33:16+00:00,L7,187.00,620.56,218.07,475.66,436.62,189.50,186.49,198.64
2020-08-22 09:59:38+00:00,L8,186.62,160.37,220.18,174.31,199.08,179.63,186.50,196.07
2020-09-06 09:32:13+00:00,L7,216.45,630.72,221.42,494.16,380.76,197.31,190.58,201.58
2020-09-14 10:05:58+00:00,L8,203.21,252.26,284.06,202.16,208.07,200.24,201.80,208.73
2020-09-15 09:25:27+00:00,L7,208.80,618.75,252.07,197.02,398.29,194.56,200.76,207.54
2020-09-22 09:31:09+00:00,L7,216.94,616.13,240.84,480.47,398.50,,,204.62
2020-09-30 10:06:03+00:00,L8,425.39,630.58,518.30,454.58,396.20,197.96,196.85,210.45
2020-10-01 09:24:49+00:00,L7,,,221.62,176.31,,,,
2020-10-08 09:30:09+00:00,L7,201.66,631.07,283.38,190.29,433.91,206.21,208.82,205.34
2020-10-09 10:00:17+00:00,L8,198.10,244.72,278.34,196.30,209.39,196.63,199.36,208.56
2020-10-25 09:59:53+00:00,L8,202.86,251.10,285.69,201.29,208.71,198.04,195.07,206.06
2020-11-01 10:06:03+00:00,L8,203.73,253.45,290.23,195.22,210.41,205.30,199.40,207.41
2020-11-09 09:28:02+00:00,L7,,263.03,303.62,210.20,201.66,205.40,202.97,203.35
2020-11-17 10:06:02+00:00,L8,186.20,174.50,223.90,180.70,207.53,189.89,193.52,206.84
2020-11-18 09:21:13+00:00,L7,189.94,645.16,275.44,183.18,381.74,195.55,205.85,208.58
2020-11-26 09:59:53+00:00,L8,199.98,475.68,267.31,491.00,363.77,,,
2020-12-27 09:24:32+00:00,L7,201.84,618.19,307.58,489.82,379.69,,,
2021-01-12 09:23:26+00:00,L7,201.61,631.20,298.83,494.65,378.98,189.27,195.29,
2021-01-20 10:05:53+00:00,L8,205.26,262.28,300.29,205.28,209.51,205.64,206.62,204.09
2021-01-29 10:00:05+00:00,L8,198.26,179.44,235.31,186.79,208.96,194.40,195.36,201.96
2021-03-01 09:19:52+00:00,L7,214.96,572.84,305.74,493.07,499.86,206.47,197.07,203.98
2021-03-10 09:13:23+00:00,L7,192.22,429.96,,309.73,266.44,,,
2021-03-25 10:05:32+00:00,L8,226.08,246.52,320.93,205.48,211.57,210.53,212.69,208.89
2021-03-26 09:11:42+00:00,L7,207.55,619.70,,479.50,365.26,,,
2021-04-02 09:17:19+00:00,L7,197.18,617.31,305.59,492.98,396.02,195.53,,
2021-04-11 09:10:23+00:00,L7,203.92,621.80,214.37,494.44,383.51,,,
2021-04-19 09:59:36+00:00,L8,205.14,251.01,305.93,199.90,208.48,199.78,202.54,207.64
2021-05-05 09:59:27+00:00,L8,207.35,244.13,270.38,200.65,208.75,209.25,202.78,207.20
2021-05-12 10:05:17+00:00,L8,212.22,167.99,222.91,174.16,198.17,187.55,189.71,195.64
2021-05-20 09:13:17+00:00,L7,235.45,621.57,217.84,192.34,397.23,205.17,195.98,201.80
2021-05-21 09:59:36+00:00,L8,230.01,250.78,320.98,203.97,213.56,214.39,213.98,212.19
2021-05-28 10:05:27+00:00,L8,192.86,172.69,214.89,179.32,,,,
2021-05-29 09:06:20+00:00,L7,204.31,630.47,230.83,492.35,396.39,206.35,199.82,
2021-06-13 10:05:34+00:00,L8,209.36,163.84,224.79,170.20,199.14,189.74,190.83,196.22
2021-06-21 09:10:37+00:00,L7,180.87,183.80,216.98,171.26,,,,
2021-06-22 09:59:25+00:00,L8,205.75,200.29,258.92,189.46,207.69,194.04,195.38,208.26
2021-06-29 10:05:37+00:00,L8,171.53,162.19,212.20,168.51,197.58,180.39,186.26,193.32
2021-06-30 09:04:05+00:00,L7,204.46,621.72,223.36,491.79,381.18,,,
2021-07-23 09:07:54+00:00,L7,186.72,630.89,216.06,491.35,398.84,,,
2021-07-24 09:59:33+00:00,L8,186.72,171.38,215.32,164.13,197.40,186.16,188.33,197.49
2021-07-31 10:05:47+00:00,L8,198.45,168.69,222.84,166.62,197.37,184.23,188.41,198.25
2021-08-01 09:00:56+00:00,L7,,,,,,,189.81,200.62
2021-08-08 09:06:30+00:00,L7,183.77,615.50,216.22,167.81,433.64,185.49,189.40,198.42
2021-08-09 09:59:40+00:00,L8,185.46,164.06,223.64,169.18,198.25,181.64,184.45,198.29
2021-08-16 10:05:53+00:00,L8,210.22,167.27,217.19,165.94,203.58,193.16,190.89,199.88
2021-08-17 08:59:31+00:00,L7,,,,,,195.52,196.88,200.40
2021-09-02 08:58:32+00:00,L7,173.88,630.29,218.29,496.66,435.15,195.86,192.92,
2021-09-17 10:06:01+00:00,L8,190.08,172.59,227.20,172.97,201.10,188.03,212.97,201.05
2021-09-18 08:57:08+00:00,L7,209.55,,,,,,195.83,207.05
2021-10-03 10:06:06+00:00,L8,204.30,244.44,272.34,193.14,209.70,201.78,196.92,207.83
2021-10-04 08:55:18+00:00,L7,207.76,179.12,,,,,,
2021-10-11 09:00:52+00:00,L7,211.60,,,,,,208.24,210.47
2021-10-12 09:59:58+00:00,L8,211.38,168.49,234.92,173.00,201.82,185.65,189.71,203.65
2021-10-19 10:06:10+00:00,L8,208.08,136.91,235.99,174.45,203.06,-24.52,-23.26,
2021-10-20 08:53:53+00:00,L7,203.55,616.64,268.70,487.82,379.64,,,
2021-11-05 08:52:24+00:00,L7,413.38,,493.46,452.82,,,,
2021-11-13 10:04:24+00:00,L9,206.18,272.86,305.93,197.41,212.55,207.75,201.23,207.01
2021-11-20 10:06:04+00:00,L8,376.80,242.52,525.37,197.62,213.10,204.04,208.05,
2021-11-28 08:56:21+00:00,L7,,165.56,216.83,177.61,283.40,,181.16,192.09
2021-12-06 10:06:06+00:00,L8,207.87,168.94,231.02,180.01,207.57,189.13,192.92,202.55
2021-12-07 08:49:44+00:00,L7,214.11,171.46,228.67,194.30,212.57,,,
2021-12-07 10:00:20+00:00,L9,214.97,178.51,236.25,179.21,208.17,196.91,191.32,203.23
2021-12-14 08:54:51+00:00,L7,,,,,221.32,201.25,203.98,207.32
2021-12-14 10:06:02+00:00,L9,233.65,262.81,321.00,205.89,213.66,208.61,,
2021-12-15 09:59:54+00:00,L8,209.03,254.39,305.74,201.17,208.26,207.61,204.95,199.44
2021-12-23 09:59:51+00:00,L9,202.89,201.52,219.89,184.59,200.31,188.48,191.77,196.16
2021-12-30 08:53:16+00:00,L7,217.42,615.51,289.93,,379.18,,,
2022-01-07 10:05:59+00:00,L8,201.77,242.64,264.94,198.69,212.04,193.51,202.38,207.24
2022-01-08 08:46:36+00:00,L7,,271.17,,206.37,197.52,216.93,,
2022-01-08 09:59:49+00:00,L9,216.81,167.05,222.68,194.34,208.69,188.98,197.49,198.51
2022-01-15 08:51:44+00:00,L7,218.33,630.95,298.60,211.98,381.89,,199.86,208.71
2022-01-15 10:05:58+00:00,L9,218.53,261.82,314.94,206.13,213.47,207.35,209.43,211.91
2022-01-16 10:00:10+00:00,L8,,,-71.06,,,,,207.30
2022-01-23 10:05:54+00:00,L8,203.27,234.68,306.05,196.04,210.19,196.94,197.63,202.81
2022-01-24 08:45:05+00:00,L7,,,,,,214.48,,201.16
2022-01-24 09:59:49+00:00,L9,227.90,264.03,321.36,207.76,213.02,209.68,204.68,212.86
2022-02-01 10:00:05+00:00,L8,206.93,258.42,312.41,204.41,213.37,206.86,209.46,209.89
2022-02-08 10:05:51+00:00,L8,234.74,253.72,322.10,210.16,215.84,210.10,213.98,213.00
2022-02-09 08:43:28+00:00,L7,234.61,630.31,321.00,461.59,353.03,217.30,215.47,
2022-02-09 09:59:48+00:00,L9,234.36,272.48,322.03,210.31,217.30,209.09,214.22,212.86
2022-02-16 08:48:31+00:00,L7,194.20,600.10,265.15,496.03,471.51,,,
2022-02-16 10:05:55+00:00,L9,201.54,242.64,264.88,198.20,210.02,199.14,198.32,206.78
2022-02-17 09:59:36+00:00,L8,193.50,169.14,214.03,178.13,200.40,189.10,193.15,194.29
2022-02-24 10:05:46+00:00,L8,212.26,257.47,305.60,202.06,206.95,201.40,198.26,206.80
2022-02-25 08:41:30+00:00,L7,204.57,620.25,305.88,487.23,434.37,211.87,,
2022-03-28 10:05:29+00:00,L8,228.88,264.76,320.93,210.58,210.41,199.07,198.26,208.14
2022-03-29 09:59:54+00:00,L9,205.89,257.53,287.08,200.05,204.80,199.26,193.29,204.42
2022-04-05 08:43:52+00:00,L7,203.63,615.47,292.52,486.89,434.11,190.36,195.29,
2022-04-05 10:05:40+00:00,L9,201.86,247.16,289.92,200.25,210.52,198.65,197.78,202.57
2022-04-13 10:05:34+00:00,L8,201.88,205.93,217.41,189.48,200.30,189.28,193.52,198.16
2022-04-29 10:05:29+00:00,L8,201.56,242.46,267.15,195.78,208.04,201.81,202.17,206.09
2022-04-30 09:59:42+00:00,L9,209.02,242.43,267.43,201.74,212.68,208.95,205.18,212.36
2022-05-13 08:40:20+00:00,L7,,,,,227.59,205.84,204.37,208.18
2022-05-15 10:05:40+00:00,L8,205.98,242.49,266.69,199.26,209.33,207.34,205.44,207.32
2022-05-16 09:59:31+00:00,L9,201.30,208.48,261.07,184.90,209.95,199.03,202.78,205.33
2022-05-23 10:05:15+00:00,L9,199.14,173.67,252.35,185.38,204.25,195.94,192.50,200.36
2022-05-24 09:59:29+00:00,L8,218.69,178.55,223.43,190.21,208.34,199.38,195.73,204.75
2022-05-30 08:39:35+00:00,L7,,,211.19,165.49,202.05,186.83,190.68,196.24
2022-06-01 09:59:05+00:00,L9,191.71,176.26,224.55,184.49,208.66,198.01,198.13,202.74
2022-06-09 10:00:04+00:00,L8,207.69,172.57,238.94,175.67,200.67,189.14,189.21,201.29
2022-06-11 08:33:08+00:00,L7,204.21,630.53,280.88,463.68,378.58,195.29,211.33,211.37
2022-06-16 08:38:39+00:00,L7,176.59,615.12,217.03,490.19,434.57,187.64,,
2022-06-16 10:05:55+00:00,L8,187.54,167.30,212.68,171.10,197.95,179.53,185.73,190.06
2022-06-17 09:59:12+00:00,L9,191.76,177.71,258.81,183.56,207.13,198.96,200.77,206.35
2022-07-02 10:05:59+00:00,L8,187.27,165.41,218.69,173.51,198.42,182.10,184.62,198.29
2022-07-03 09:59:49+00:00,L9,186.52,165.58,210.84,170.18,199.00,180.92,184.10,192.72
2022-07-10 10:05:34+00:00,L9,205.88,242.59,265.49,198.64,208.09,200.21,201.19,203.38
2022-07-11 09:59:47+00:00,L8,206.56,243.73,277.43,200.43,209.68,206.39,198.67,210.80
2022-07-15 08:30:54+00:00,L7,201.63,630.21,227.14,491.14,379.16,205.01,,
2022-07-18 10:05:59+00:00,L8,194.76,173.07,222.94,182.84,208.29,189.24,196.68,203.89
2022-07-19 09:59:50+00:00,L9,202.38,216.16,235.24,194.10,211.38,196.54,202.34,208.92
2022-07-26 10:05:43+00:00,L9,205.70,165.29,220.25,170.94,199.73,185.11,188.92,197.54
2022-07-27 10:00:20+00:00,L8,188.76,167.09,218.94,179.25,207.80,190.10,193.82,205.14
2022-08-01 08:29:33+00:00,L7,197.40,630.10,224.91,488.84,380.99,190.17,196.08,203.01
2022-08-03 10:06:11+00:00,L8,187.69,169.31,228.86,181.24,206.45,187.55,192.25,206.00
2022-08-04 10:00:03+00:00,L9,200.89,197.35,262.57,187.29,210.07,199.48,201.12,210.07
2022-08-11 10:05:54+00:00,L9,195.42,168.24,224.00,188.00,209.67,196.46,197.49,206.83
2022-08-12 10:00:28+00:00,L8,211.81,158.49,211.75,166.19,203.98,190.35,189.08,200.14
2022-08-19 10:06:16+00:00,L8,185.29,166.17,235.30,188.58,200.10,184.97,188.99,199.49
2022-08-20 09:59:46+00:00,L9,211.71,173.54,235.00,189.46,208.21,192.57,195.89,208.59
2022-08-28 10:00:29+00:00,L8,191.64,171.13,259.77,179.87,209.59,196.79,197.94,210.35
2022-09-04 10:06:16+00:00,L8,203.71,177.91,229.71,189.37,209.53,191.16,196.84,210.03
2022-09-05 10:00:11+00:00,L9,188.40,168.82,234.88,178.77,201.53,188.06,189.16,201.79
2022-09-12 10:06:00+00:00,L9,192.92,174.95,231.01,185.38,210.22,191.01,193.32,208.64
2022-09-13 10:00:10+00:00,L8,196.02,166.12,223.52,169.24,201.35,189.74,192.18,201.33
2022-09-20 10:06:23+00:00,L8,,,,,,187.94,183.73,177.03
2022-09-21 08:24:45+00:00,L7,209.39,646.78,222.51,492.70,434.42,194.57,197.86,208.66
2022-09-21 10:00:17+00:00,L9,199.88,177.52,241.07,196.03,210.57,197.42,193.68,208.35
2022-10-06 10:06:20+00:00,L8,205.22,254.51,306.02,202.76,211.82,198.72,200.68,209.56
2022-10-07 09:59:54+00:00,L9,212.56,257.42,286.05,204.25,212.13,202.36,199.75,211.86
2022-10-08 08:22:49+00:00,L7,188.64,622.15,233.49,491.08,436.37,190.76,192.46,209.48
2022-10-14 10:06:10+00:00,L9,,,,,,,193.30,204.17
2022-10-22 10:06:20+00:00,L8,188.55,167.77,224.63,182.02,202.15,192.75,190.58,196.26
2022-10-23 10:00:01+00:00,L9,215.64,169.38,236.62,179.04,205.38,190.24,188.73,204.60
2022-10-25 08:21:05+00:00,L7,,,213.33,167.58,187.08,196.10,183.24,193.02
2022-10-30 10:06:10+00:00,L9,204.05,175.68,226.94,188.75,211.67,192.35,194.47,208.54
2022-10-31 10:00:12+00:00,L8,203.64,167.71,219.00,182.66,208.74,189.85,193.04,200.87
2022-11-07 10:06:22+00:00,L8,204.85,493.79,209.03,489.38,365.34,,,
2022-11-08 10:00:24+00:00,L9,200.95,177.49,229.67,187.25,211.11,199.76,200.61,203.15
2022-11-11 08:18:47+00:00,L7,352.58,645.94,466.40,485.71,382.35,,,228.55
2022-11-16 10:00:29+00:00,L8,61.76,401.38,173.21,491.44,264.99,,,
2022-11-24 10:00:00+00:00,L9,159.19,166.09,227.90,178.23,203.78,186.21,194.81,204.20
2022-12-02 10:00:31+00:00,L8,215.47,168.57,261.85,202.44,216.25,188.20,185.04,194.18
2022-12-25 10:06:08+00:00,L8,216.06,170.77,222.00,184.39,209.20,189.00,195.85,206.28
2022-12-26 09:59:58+00:00,L9,200.60,170.70,234.84,185.78,212.06,193.49,197.11,206.81
2023-01-02 10:06:11+00:00,L9,218.00,264.87,299.81,208.34,216.60,208.92,206.07,209.99
2023-01-03 09:59:58+00:00,L8,209.29,164.22,257.36,197.21,212.55,,199.58,206.80
2023-01-10 10:06:07+00:00,L8,216.93,175.38,233.52,184.09,207.75,197.27,197.27,202.60
2023-01-11 10:00:23+00:00,L9,205.99,162.17,209.03,175.26,,,,
2023-01-19 09:59:51+00:00,L8,204.16,164.06,209.25,170.94,203.89,178.53,188.14,196.45
2023-02-03 10:06:13+00:00,L9,226.81,263.27,299.42,207.28,216.45,209.16,209.77,210.49
2023-02-04 09:59:56+00:00,L8,211.54,258.89,290.69,207.22,214.95,199.80,205.70,210.90
2023-02-11 10:06:03+00:00,L8,234.35,265.55,321.52,215.03,222.88,210.97,212.87,215.76
2023-02-12 10:00:27+00:00,L9,237.99,646.31,322.59,491.86,345.99,,230.53,217.82
2023-02-14 08:13:24+00:00,L7,246.53,645.90,329.10,460.10,377.90,205.97,218.07,213.56
2023-02-19 10:06:07+00:00,L9,235.73,266.45,321.66,214.11,217.10,211.54,214.04,215.05
2023-03-03 08:09:16+00:00,L7,202.33,645.15,277.27,479.68,381.06,197.08,196.93,201.05
2023-03-15 10:05:42+00:00,L8,201.20,171.64,234.93,184.70,204.57,194.67,196.52,200.53
2023-03-16 10:00:06+00:00,L9,204.93,257.38,278.98,204.72,216.79,208.41,209.67,211.32
2023-03-23 10:05:49+00:00,L9,202.76,197.58,263.01,196.61,213.82,206.29,204.32,209.67
2023-03-24 09:59:23+00:00,L8,214.98,169.58,232.64,193.18,214.43,193.51,206.52,210.03
2023-03-25 08:08:51+00:00,L7,190.87,600.10,261.38,489.88,471.52,,,
2023-03-31 10:05:31+00:00,L8,201.47,242.44,267.37,199.93,211.62,204.88,204.12,208.41
2023-04-01 09:59:55+00:00,L9,189.07,171.05,219.84,181.94,206.96,195.62,197.50,198.96
2023-04-08 10:05:40+00:00,L9,216.66,167.88,238.22,184.84,211.28,194.54,198.20,206.14
2023-04-09 09:59:09+00:00,L8,198.75,176.68,248.57,192.38,,,,
2023-04-16 08:07:33+00:00,L7,201.21,630.35,267.65,492.63,378.65,195.45,,
2023-04-16 10:05:17+00:00,L8,200.73,173.70,221.26,187.95,201.71,191.33,196.47,207.45
2023-04-17 09:59:24+00:00,L9,206.04,253.06,280.10,198.23,212.30,209.57,206.07,212.84
2023-04-24 10:05:33+00:00,L9,207.09,166.12,218.87,176.83,204.86,187.53,194.10,201.95
2023-04-28 07:57:55+00:00,L7,205.11,,,,,,,
2023-05-10 10:05:23+00:00,L9,208.04,166.04,211.03,168.76,199.64,185.92,189.65,200.25
2023-05-25 07:58:56+00:00,L7,209.58,608.00,209.31,495.44,446.44,193.79,185.47,195.21
2023-05-26 10:05:13+00:00,L9,202.22,168.76,256.87,190.41,208.40,195.15,196.39,201.36
2023-05-27 09:58:52+00:00,L8,200.28,248.15,289.32,201.65,212.19,200.96,205.08,205.25
2023-06-03 10:05:04+00:00,L8,212.01,166.88,214.14,179.63,206.13,185.10,190.49,198.20
2023-06-11 10:05:07+00:00,L9,204.54,168.56,200.13,170.71,199.80,182.91,185.45,191.21
2023-06-16 07:55:49+00:00,L7,212.85,630.27,215.46,493.32,382.43,192.02,202.44,200.55
2023-06-21 07:59:31+00:00,L7,,,207.59,158.78,199.12,185.17,189.73,191.95
2023-06-27 10:05:06+00:00,L9,210.52,174.47,212.53,195.71,205.09,187.47,191.24,197.86
2023-06-28 09:59:31+00:00,L8,214.64,169.61,222.22,183.80,207.87,193.68,193.00,202.41
2023-07-05 10:05:23+00:00,L8,198.84,161.49,210.46,170.12,197.07,181.20,185.10,190.99
2023-07-06 09:59:06+00:00,L9,208.48,170.10,222.57,176.61,207.18,190.83,192.20,200.07
2023-07-08 07:52:33+00:00,L7,141.89,600.03,196.05,486.07,472.01,,,
2023-07-13 10:05:20+00:00,L9,183.63,165.47,235.13,184.64,197.17,178.88,185.78,190.50
2023-07-14 09:59:15+00:00,L8,202.27,194.98,252.60,192.83,211.22,203.04,196.77,203.97
2023-07-21 10:05:26+00:00,L8,204.23,163.00,208.23,168.21,197.96,181.19,184.00,195.89
2023-07-22 09:59:32+00:00,L9,184.93,136.70,210.92,159.99,199.16,181.86,189.76,201.02
2023-07-29 10:05:24+00:00,L9,198.71,242.65,264.73,195.03,211.38,192.43,197.22,208.91
2023-07-30 07:47:59+00:00,L7,,,,,,187.93,191.66,204.86
2023-07-30 09:59:47+00:00,L8,193.77,168.00,247.67,184.68,212.54,191.50,194.61,204.77
2023-08-07 09:59:43+00:00,L9,214.19,169.03,228.90,182.43,209.49,192.01,193.35,209.25
2023-08-14 10:05:30+00:00,L9,213.34,242.53,266.24,190.65,212.00,196.86,195.68,206.59
2023-08-15 09:59:52+00:00,L8,194.29,172.48,235.29,191.35,213.79,191.85,198.00,207.32
2023-08-22 10:05:43+00:00,L8,215.73,170.54,247.22,185.06,210.54,196.02,194.98,205.72
2023-08-23 09:59:48+00:00,L9,200.80,178.02,238.51,191.27,212.81,194.38,200.05,211.47
2023-08-26 07:46:33+00:00,L7,191.52,630.58,215.38,491.96,380.77,202.17,202.72,207.73
2023-08-31 07:49:52+00:00,L7,124.07,163.97,205.13,160.07,207.72,187.98,195.37,192.82
2023-08-31 09:59:57+00:00,L8,184.27,167.66,222.31,174.01,205.83,192.06,192.16,202.52
2023-09-07 10:05:42+00:00,L8,217.35,173.02,232.46,192.49,212.57,194.28,198.81,207.33
2023-09-08 09:59:35+00:00,L9,218.56,175.26,238.62,193.14,212.02,194.76,197.63,208.45
2023-09-15 10:05:49+00:00,L9,212.38,168.41,229.51,179.29,210.84,190.75,192.57,203.51
2023-09-16 09:59:37+00:00,L8,185.64,523.54,270.04,402.00,460.16,,198.42,
2023-09-17 07:41:33+00:00,L7,,114.31,214.38,166.33,194.51,186.67,178.27,193.90
2023-09-24 09:59:59+00:00,L9,198.50,242.75,263.52,196.04,213.17,196.01,195.56,209.27
2023-09-27 07:47:28+00:00,L7,187.80,615.85,220.65,490.32,418.07,189.10,,
2023-10-01 10:05:47+00:00,L9,197.59,172.25,229.67,187.78,212.04,190.55,194.44,206.88
2023-10-02 09:59:41+00:00,L8,199.01,169.39,216.75,186.42,213.01,189.17,194.70,205.10
2023-10-09 10:05:53+00:00,L8,201.34,245.47,276.77,196.34,212.97,192.21,193.17,207.04
2023-10-10 09:59:43+00:00,L9,201.20,193.21,251.80,197.48,212.75,200.24,199.11,205.87
2023-10-19 07:40:58+00:00,L7,141.84,630.93,203.72,147.81,433.96,201.93,184.02,192.00
2023-10-24 07:43:51+00:00,L7,,,,,322.70,,,
2023-11-03 09:59:46+00:00,L8,139.36,91.32,215.04,168.98,194.69,178.09,184.15,190.51
2023-11-18 10:05:57+00:00,L9,215.41,171.20,217.95,184.45,209.73,195.08,192.92,204.39
2023-11-19 09:59:47+00:00,L8,213.28,175.50,234.41,192.44,208.22,197.88,195.84,205.15
2023-11-26 10:05:59+00:00,L8,181.56,173.88,234.99,191.78,207.67,197.64,197.60,202.69
2023-12-05 10:00:04+00:00,L8,436.18,646.15,208.13,461.06,420.76,177.05,185.65,185.53
2023-12-29 09:59:52+00:00,L9,220.17,226.45,322.27,200.98,214.95,215.51,197.59,203.83
2024-01-14 09:59:50+00:00,L9,436.21,567.12,531.17,450.47,406.24,,326.83,308.25
2024-01-21 10:05:58+00:00,L9,204.58,250.35,284.51,202.51,214.93,202.59,202.24,208.90
2024-01-22 09:59:37+00:00,L8,202.09,245.85,276.34,201.84,210.44,205.82,199.49,204.45
2024-01-29 10:05:46+00:00,L8,202.51,257.46,292.36,205.38,214.10,203.67,201.29,207.06
2024-01-30 09:59:50+00:00,L9,205.77,258.42,283.08,207.33,214.25,197.34,205.28,208.36
2024-02-06 10:06:03+00:00,L9,206.03,246.61,290.07,198.97,,,,
2024-02-14 10:05:48+00:00,L8,204.05,178.06,234.86,195.15,210.38,191.92,194.48,201.17
2024-02-15 09:59:48+00:00,L9,202.92,174.66,238.18,193.76,211.48,191.69,196.26,199.43
2024-03-02 10:00:07+00:00,L9,202.84,242.55,276.32,206.22,196.74,,,
2024-04-18 10:05:12+00:00,L8,195.61,168.44,249.41,185.97,201.28,195.61,197.44,197.71
2024-04-19 09:59:20+00:00,L9,204.81,246.20,278.86,203.09,213.45,209.19,208.12,210.44
2024-04-26 10:05:22+00:00,L9,210.83,168.31,217.95,180.56,207.56,189.52,195.20,206.00
2024-05-05 09:59:09+00:00,L9,201.29,242.43,275.62,196.79,211.23,202.91,206.83,207.35
2024-05-12 10:05:18+00:00,L9,198.16,177.68,251.92,193.30,209.20,198.64,200.55,203.57
2024-05-21 09:59:01+00:00,L9,198.80,173.73,237.67,183.50,208.34,190.45,195.56,197.69
2024-05-28 10:05:06+00:00,L9,210.53,174.93,215.05,173.45,199.79,186.15,190.45,193.02
2024-06-05 10:04:49+00:00,L8,206.26,166.69,210.78,180.78,199.41,184.09,189.36,193.36
2024-06-06 09:59:18+00:00,L9,200.99,185.73,259.13,186.39,211.97,201.20,203.90,207.21
2024-06-13 10:05:00+00:00,L9,204.90,166.89,218.12,175.05,197.90,181.82,187.45,191.24
2024-06-14 09:59:03+00:00,L8,195.92,193.78,251.05,187.67,208.76,199.19,201.37,207.80
2024-06-22 09:58:59+00:00,L9,209.58,168.63,216.97,181.16,200.31,187.23,192.33,200.38
2024-06-30 09:58:51+00:00,L8,214.25,169.80,250.47,185.09,200.44,185.43,194.23,199.58
2024-07-08 09:59:18+00:00,L9,190.46,177.06,223.35,185.32,208.65,197.63,196.26,201.55
2024-07-15 10:05:10+00:00,L9,194.23,175.77,225.98,187.84,203.06,185.80,191.91,201.53
2024-07-16 09:59:04+00:00,L8,217.11,171.02,232.76,188.23,207.98,190.39,192.74,207.87
2024-07-23 10:05:20+00:00,L8,206.65,165.58,216.36,170.53,202.07,185.03,188.23,197.47
2024-07-24 09:59:22+00:00,L9,210.89,167.30,227.85,183.13,206.30,188.34,193.43,200.80
2024-08-01 09:59:10+00:00,L8,183.93,168.62,218.63,182.23,205.99,185.39,192.64,198.40
2024-08-08 10:05:17+00:00,L8,209.51,166.60,219.82,180.89,209.48,191.18,192.43,201.71
2024-08-09 09:59:05+00:00,L9,215.98,174.80,231.08,187.41,213.00,199.98,199.70,204.94
2024-08-16 10:05:20+00:00,L9,199.05,177.44,226.78,188.74,207.50,190.54,191.46,202.20
2024-08-24 10:05:29+00:00,L8,195.01,175.00,228.63,187.64,210.84,190.76,194.83,207.26
2024-08-25 09:59:19+00:00,L9,202.23,184.19,233.51,186.88,208.90,198.78,198.95,207.32
2024-09-01 10:05:29+00:00,L9,200.51,179.96,260.54,195.50,212.36,199.00,201.80,206.29
2024-09-09 10:05:38+00:00,L8,206.28,166.61,219.84,172.59,200.92,188.04,188.21,201.34
2024-09-10 09:59:45+00:00,L9,186.32,173.22,222.35,181.93,208.57,192.27,196.92,197.53
2024-09-25 10:05:36+00:00,L8,199.59,170.53,235.02,193.08,211.03,196.92,198.14,200.48
2024-09-26 09:59:23+00:00,L9,215.63,174.74,234.59,192.31,212.04,194.14,197.66,201.73
2024-10-04 09:59:25+00:00,L8,207.77,257.71,293.41,179.74,203.46,185.46,189.31,200.15
2024-10-20 10:00:02+00:00,L8,205.86,159.92,222.71,179.80,203.74,193.42,184.45,184.47
2024-11-05 09:59:57+00:00,L8,212.83,150.31,194.53,194.90,194.35,,,
2024-11-13 09:59:58+00:00,L9,213.89,260.08,290.35,210.97,214.49,202.40,204.74,207.47
2024-11-20 10:05:56+00:00,L9,206.86,157.00,219.80,171.29,206.20,188.97,187.48,199.47
2024-11-21 10:00:05+00:00,L8,120.17,155.57,215.17,181.32,223.63,,,
2024-11-28 10:05:56+00:00,L8,,,,,,,,
2024-12-15 10:00:06+00:00,L9,279.49,169.04,361.22,187.60,207.63,193.12,194.69,197.73
2024-12-22 10:05:55+00:00,L9,184.54,247.97,275.05,201.94,207.99,193.99,197.19,199.47
2024-12-23 09:59:36+00:00,L8,202.16,252.78,293.62,199.45,211.16,195.13,200.67,199.39
2024-12-31 10:00:04+00:00,L9,207.53,247.67,282.47,202.14,212.17,202.73,201.98,203.01
2025-01-08 10:00:02+00:00,L8,202.67,251.62,290.29,200.42,212.24,197.83,200.81,202.51
2025-01-15 10:05:49+00:00,L8,203.53,180.23,252.90,201.63,212.94,201.85,,
2025-01-23 10:05:56+00:00,L9,201.08,178.99,220.35,193.88,205.12,188.58,189.00,193.70
2025-01-24 09:59:56+00:00,L8,201.98,242.68,274.57,202.08,207.76,203.59,197.60,197.26
2025-02-09 09:59:35+00:00,L8,209.51,258.50,284.31,219.12,211.84,201.82,213.01,196.72
2025-02-16 10:05:43+00:00,L8,202.43,250.58,288.92,201.57,214.95,202.79,201.40,203.12
2025-02-25 09:59:48+00:00,L8,203.57,254.02,292.49,199.52,212.65,197.45,198.45,201.13
2025-03-13 09:59:22+00:00,L8,,167.15,223.23,184.10,207.70,196.74,192.41,199.99
2025-04-06 09:59:48+00:00,L9,,174.89,240.00,191.38,212.32,193.65,199.81,204.00
2025-04-22 09:59:43+00:00,L9,200.78,,283.62,192.04,210.45,208.56,207.83,201.32
2025-04-29 10:05:28+00:00,L9,200.09,,249.35,202.64,213.70,200.94,206.54,202.86
2025-04-30 09:58:58+00:00,L8,200.76,242.62,,202.65,210.68,208.96,209.41,203.84
2025-05-24 09:59:26+00:00,L9,201.78,247.10,283.00,201.31,213.36,207.53,209.34,204.11
2025-05-31 10:05:10+00:00,L9,,167.60,,188.82,204.13,192.10,191.63,194.86
2025-06-01 09:59:01+00:00,L8,202.93,173.19,,189.53,211.71,191.98,203.19,200.79
2025-06-09 09:59:02+00:00,L9,,174.04,227.17,189.04,207.46,195.79,197.13,197.04
2025-06-17 09:59:37+00:00,L8,,169.50,,189.01,210.64,191.30,194.95,202.52
2025-06-25 09:59:38+00:00,L9,198.21,172.55,230.51,190.91,210.43,193.09,200.86,204.32
2025-07-02 10:05:27+00:00,L9,185.68,166.47,221.56,181.56,204.62,193.80,192.28,195.69
2025-07-03 09:59:19+00:00,L8,198.64,176.10,251.48,187.63,208.59,196.48,198.36,203.02
2025-07-10 10:05:30+00:00,L8,206.33,165.67,220.43,181.52,203.17,188.17,190.12,196.71
2025-07-11 09:59:17+00:00,L9,188.35,176.66,228.48,187.03,207.90,198.44,200.26,206.14
2025-07-18 10:05:33+00:00,L9,188.67,172.14,229.42,187.00,207.47,188.35,192.06,201.09
2025-07-19 09:59:24+00:00,L8,197.73,183.01,212.79,171.62,207.81,194.40,184.76,190.73
2025-07-27 09:59:26+00:00,L9,211.69,168.72,224.47,181.97,207.02,193.09,190.08,199.63
2025-08-03 10:05:39+00:00,L9,208.07,166.12,223.55,178.98,203.30,188.58,191.05,197.93
2025-08-04 09:59:30+00:00,L8,199.50,179.13,249.54,188.21,209.12,196.89,196.77,206.52
2025-08-11 10:05:45+00:00,L8,211.79,166.75,220.49,187.88,212.62,193.04,192.39,204.97
2025-08-19 10:05:50+00:00,L9,207.67,164.58,218.19,167.17,202.72,187.64,186.36,195.56
2025-08-28 09:59:40+00:00,L9,140.19,91.39,208.40,146.17,193.42,176.15,181.08,190.59
2025-09-04 10:05:55+00:00,L9,196.38,175.57,238.32,195.89,214.82,196.36,195.62,208.00
2025-09-05 09:59:40+00:00,L8,199.04,174.69,259.57,189.61,212.09,192.87,195.46,209.38
2025-09-12 10:05:53+00:00,L8,214.28,166.84,228.29,180.18,211.69,192.38,192.65,203.96
2025-09-13 09:59:46+00:00,L9,202.06,179.99,225.19,194.49,210.74,199.45,201.75,205.10
2025-09-20 10:05:58+00:00,L9,201.48,245.31,284.89,199.55,215.20,199.06,202.46,204.59
2025-09-21 10:00:11+00:00,L8,214.19,177.96,230.76,195.32,211.45,198.35,196.73,208.26
2025-09-28 10:05:58+00:00,L8,208.49,165.50,221.45,175.83,204.90,188.22,188.49,198.52
2025-09-29 10:00:14+00:00,L9,216.28,170.64,236.34,195.90,211.68,197.21,196.04,207.33
2025-10-06 10:06:02+00:00,L9,199.18,174.14,238.71,195.08,213.10,193.45,196.86,205.21
2025-10-31 09:59:50+00:00,L9,,,178.65,189.32,204.41,190.04,189.88,195.21
2025-11-07 10:06:06+00:00,L9,185.95,193.46,248.40,30.18,-43.81,-30.20,-15.88,
2025-11-23 10:06:03+00:00,L9,215.96,174.45,221.84,184.83,208.33,187.42,193.07,199.61
2025-12-02 09:59:55+00:00,L9,200.24,,232.55,198.36,211.95,203.25,197.77,201.31
2025-12-10 10:00:14+00:00,L8,138.64,570.31,243.81,487.13,500.88,423.25,,
2025-12-18 09:59:56+00:00,L9,252.61,605.37,368.80,36.32,476.85,491.01,422.31,
2025-12-25 10:06:09+00:00,L9,394.46,646.73,529.86,,,386.50,200.66,186.90
2026-01-11 10:00:04+00:00,L8,203.85,,297.39,207.35,219.67,202.53,207.44,209.55
2026-02-11 10:05:57+00:00,L9,208.85,165.42,221.07,181.51,205.93,188.13,189.01,200.84
2026-02-20 09:59:41+00:00,L9,205.32,164.59,228.13,185.46,208.28,186.99,190.40,203.93
2026-02-28 09:59:56+00:00,L8,211.27,169.02,202.48,174.01,197.94,,,
2026-03-08 10:00:02+00:00,L9,203.13,253.77,,211.34,212.91,209.84,207.80,206.56
2026-03-24 09:59:29+00:00,L9,195.57,252.00,285.65,203.15,216.48,202.55,208.20,208.02
2026-04-08 10:05:20+00:00,L8,205.20,259.23,286.13,208.05,216.37,208.88,208.79,209.98
2026-04-09 09:59:45+00:00,L9,201.18,245.23,291.38,201.98,214.46,209.62,209.80,208.72
2026-04-16 10:05:31+00:00,L9,201.47,242.71,276.83,202.88,212.42,198.50,200.27,206.43
2026-04-17 09:59:30+00:00,L8,201.07,246.17,287.89,203.02,215.17,207.23,209.96,206.48
2026-04-25 09:59:42+00:00,L9,209.72,257.66,280.24,212.19,214.47,210.54,210.24,211.06
2026-05-02 10:05:24+00:00,L9,201.07,,,192.99,205.77,198.61,203.10,198.55
2026-05-03 09:59:22+00:00,L8,,169.91,234.68,188.26,202.38,192.15,196.89,198.90
2026-05-11 09:59:05+00:00,L9,199.55,,242.64,197.22,208.62,200.31,198.12,200.61
2026-05-27 09:59:15+00:00,L9,204.92,,261.26,206.12,208.99,203.48,204.69,205.45
2026-06-03 10:04:59+00:00,L9,204.54,165.40,215.34,165.97,197.65,182.25,184.62,190.88
2026-06-12 09:59:14+00:00,L9,203.02,225.90,,198.02,212.12,208.75,204.08,207.95
2026-06-19 10:05:07+00:00,L9,190.90,172.85,226.89,187.07,201.06,186.21,190.59,194.41
2026-06-20 09:58:48+00:00,L8,215.50,180.38,251.79,198.60,209.76,196.74,195.37,206.71
2026-06-28 09:59:26+00:00,L9,215.75,172.95,234.59,191.29,212.96,192.82,201.70,206.71
2026-07-05 10:05:15+00:00,L9,197.37,176.10,231.97,191.84,207.73,189.49,197.13,199.66
2026-07-06 09:58:57+00:00,L8,,180.23,232.83,191.08,210.78,202.01,198.67,203.28
2026-07-13 10:05:09+00:00,L8,190.54,164.92,219.18,178.43,198.11,180.53,184.61,190.54
2026-07-14 09:59:32+00:00,L9,,166.39,224.07,181.68,204.62,189.23,187.33,195.44
2026-07-22 09:59:04+00:00,L8,,168.06,219.91,183.69,209.39,187.45,192.86,200.97
2026-07-29 10:05:20+00:00,L8,190.92,172.91,226.99,187.27,207.25,192.84,196.20,197.72
2026-07-30 09:59:20+00:00,L9,205.20,176.13,,189.58,210.16,192.52,195.21,207.97
2026-08-06 10:05:32+00:00,L9,190.42,176.29,227.22,184.23,202.35,188.26,192.25,201.54
2026-08-07 09:59:12+00:00,L8,,180.37,237.12,191.27,209.00,197.77,197.37,202.55
2026-08-14 10:05:25+00:00,L8,,169.15,223.78,187.13,209.74,191.81,194.80,201.40
2026-08-15 09:59:22+00:00,L9,,177.04,228.34,187.85,209.30,197.43,196.21,205.45
2026-08-22 10:05:33+00:00,L9,,175.73,235.56,187.59,210.55,196.41,196.97,202.94
2026-08-23 09:59:44+00:00,L8,215.71,180.29,235.98,186.00,208.21,200.34,197.75,203.80
2026-08-30 10:05:33+00:00,L8,205.17,168.10,228.69,183.93,211.12,188.53,192.90,207.57
2026-08-31 09:59:52+00:00,L9,218.42,169.15,231.34,190.41,215.61,192.48,195.52,209.77
2026-09-07 10:05:41+00:00,L9,201.86,242.65,,199.54,215.14,197.05,201.19,203.95
2026-09-08 09:59:23+00:00,L8,196.20,180.59,237.72,197.77,208.89,196.82,195.69,204.21
2026-09-15 10:05:37+00:00,L8,198.91,177.64,232.91,190.91,211.68,192.09,196.32,207.21
2026-09-16 09:59:31+00:00,L9,217.54,178.34,233.25,188.42,210.06,199.11,195.24,207.81
