,dates,nzd0244-0000,nzd0244-0001,nzd0244-0002,nzd0244-0003,nzd0244-0004,nzd0244-0005,nzd0244-0006,nzd0244-0007,nzd0244-0008,nzd0244-0009,nzd0244-0010,nzd0244-0011,nzd0244-0012,nzd0244-0013,nzd0244-0014,nzd0244-0015,nzd0244-0016,nzd0244-0017,nzd0244-0018,nzd0244-0019,nzd0244-0020,nzd0244-0021,nzd0244-0022,nzd0244-0023,nzd0244-0024,nzd0244-0025,nzd0244-0026,nzd0244-0027,nzd0244-0028,nzd0244-0029,nzd0244-0030,nzd0244-0031,nzd0244-0032,nzd0244-0033,nzd0244-0034,nzd0244-0035,nzd0244-0036,nzd0244-0037,nzd0244-0038,nzd0244-0039,nzd0244-0040,nzd0244-0041,nzd0244-0042,nzd0244-0043,nzd0244-0044,nzd0244-0045,nzd0244-0046,nzd0244-0047,nzd0244-0048,nzd0244-0049,nzd0244-0050,nzd0244-0051,nzd0244-0052,nzd0244-0053,nzd0244-0054,nzd0244-0055,nzd0244-0056,nzd0244-0057,nzd0244-0058,nzd0244-0059,nzd0244-0060,nzd0244-0061,nzd0244-0062,nzd0244-0063,nzd0244-0064,nzd0244-0065,nzd0244-0066,nzd0244-0067,nzd0244-0068,nzd0244-0069,nzd0244-0070,nzd0244-0071,nzd0244-0072,nzd0244-0073,nzd0244-0074,nzd0244-0075,nzd0244-0076,nzd0244-0077,nzd0244-0078,nzd0244-0079,nzd0244-0080,nzd0244-0081,nzd0244-0082,nzd0244-0083,nzd0244-0084,nzd0244-0085,nzd0244-0086,nzd0244-0087,nzd0244-0088,nzd0244-0089,nzd0244-0090,nzd0244-0091
0,1999-12-25 21:58:52+00:00,167.43308499030093,192.12808914453927,205.4283473523799,204.25281123312615,210.87730837281114,201.74901084209205,186.4214352323354,167.54098868566524,152.12775066359353,143.55349336122464,121.65784989130111,116.03449082090239,109.09091311288546,110.63322299397583,107.99412797662077,114.57117899141595,125.16485067939556,170.4284260600706,194.14756544614474,223.0412846490429,236.93222183135714,240.96443806534046,238.54245449159532,224.91593935890745,226.84407277595957,227.37132885022743,224.13479229996503,219.16628791004365,204.6167387393995,202.42529470766357,206.19531640740098,198.48908350893413,193.7794017963544,184.3630814710095,181.97893118409692,181.97367262466554,171.01690118540972,167.1377660422436,168.7416070695932,178.1459474762575,188.33966519978554,196.7382788859709,203.82074441118402,211.4242696053572,214.79220480005105,216.46714193279865,225.5697499983602,221.02566194775025,218.37619686044508,214.09121125096127,217.53651225544218,214.39203355739775,217.45478794170123,217.38770655612907,219.61379379113419,225.82849151844462,219.21483966682823,224.61199679618068,223.42894685483702,222.45795010485458,223.93399715567213,221.5772711224518,221.5249371935162,212.99946270616812,215.84665503956322,218.50867113911607,216.6200776490835,209.53808777241093,197.82532108817998,188.2954199489497,184.99273809972078,181.24382437212478,163.77677860051193,146.3336714656458,124.01948762944383,96.4917670347849,,,,,,,76.91237575569241,115.58088307596154,141.9560448603742,117.30033450577398,83.00388507192898,34.51654593338883,29.960887061867375,45.87774415646433,70.36856136839464,119.99621459592863
1,2000-01-10 21:58:52+00:00,175.23596487034595,196.16285712454405,214.992021145456,211.46027579312806,213.059637826839,204.4947147296328,185.06569499550457,164.65844304469522,149.753925431627,141.63194496514777,120.30558782652581,107.1967423051819,104.25156908597674,106.2549344386713,101.44483114435202,111.94558191222154,133.16122544325378,168.0374979816526,202.00088444521748,235.54251967470796,247.26590977129288,247.63067574126364,247.9097892684425,250.06844452155045,248.61184253731383,247.05362018320034,242.37204312826628,230.5641459057272,217.64848875616656,207.6573229719341,210.03140979270492,208.7797791574759,197.05201943878865,190.4509240892769,189.83749326787094,192.07888103297034,184.11867138823692,177.56404182929393,181.420363026792,194.83895246158485,203.788037439545,206.67587118182792,208.80818455530252,218.60907220688824,222.9065659834039,237.11157210358544,242.10293265316022,237.0008459877631,240.00126319965378,235.15985018263953,233.0611256033058,234.0040268016313,234.25201024312867,233.91216798524587,234.4086822955169,236.55619190191032,237.9343604122784,233.65221482784378,231.51125369988944,229.23104535819317,230.1522098291773,236.8787028076672,240.0995767404345,235.60344718970117,233.94093231435176,228.70455271158846,230.6753722046072,214.3506486047033,205.83073806179505,200.74476495719782,187.9297958030449,189.0881293126549,184.4429608020078,173.93826475263447,154.43762013273255,128.65786038453308,,,,,,,91.51040391396899,124.59456638907871,138.7018107620696,128.9844680466805,88.48363140700448,43.86183205558793,33.88061892904223,47.1234004528439,82.36515595980899,112.58243106121006
2,2000-02-27 21:58:40+00:00,140.46543248350065,175.98517239257865,187.58769305706392,200.5479573755014,192.49085554474672,180.83709877262203,165.73008733906548,140.7379168838923,121.95537098109727,110.6511654217691,99.2815304927206,86.32840281732567,85.0285525591469,87.36643268459461,92.40350484695068,107.54656228953061,141.58727098252658,186.69911697837864,,251.0058599489785,,,253.97194246721375,234.70941497369117,229.8192588885229,228.61109839396903,227.49194393141013,219.0438551556635,207.05169679739237,216.4110443590361,221.0882369998246,213.30818823137827,197.68217293357876,194.33464914775973,193.4897826810716,188.25613759850623,176.2103785578263,178.17850169766166,202.92848504879115,199.6868731741166,203.97252590570628,223.58875774275998,221.33493561162268,220.3937816831704,215.22647938046202,222.31933369576274,229.8177525767963,238.25188808293245,244.63544003880466,237.58708352450452,230.33070355310653,225.2143065292664,224.14705696184757,229.87556327650265,231.13860023613054,238.26389905526074,240.08801306840724,235.3018280139488,227.1183050435823,224.88888137074002,217.9099503803176,227.20913788740987,234.48716160642135,240.46822691484812,234.54164056460243,222.97082099885523,193.13100674888142,195.77051125870634,202.01256963405214,181.90821210456784,191.15002331670775,177.91119539144808,173.0274270097523,184.19352145757006,,,231.76074574706723,222.3972694128005,,,,,,,,,69.26403447418805,27.98542543191612,23.067842371981108,25.090786479885388,63.951115271727055,116.19139591148837
3,2000-03-14 21:58:35+00:00,158.15171327546255,171.1194815326099,182.70416276746744,192.83420383807893,187.77487014778683,176.96856651033997,166.48080446045816,146.6154249124846,128.2346201789358,115.8326257267531,106.99603775211375,90.86257110234249,102.21944130568761,96.22891431064855,89.42521334220146,105.99092864931175,147.26628015970417,206.39997334999967,,265.65385956964354,,,228.40730882398717,,,242.25783227146792,217.6026010851754,218.74581863535292,226.2282904009248,220.1589764030731,211.08884486220717,218.2969075624474,215.04395834203677,215.1554059383106,194.22595143632495,193.39671843788477,180.04150083032687,176.39143786433584,189.47285498315944,203.6703699638524,212.83294303631882,215.31672289260086,218.78394089368538,219.89367054978527,222.7832233205637,234.13797748674094,248.61072360762205,254.34119008635616,262.31835949605613,255.62576120748213,242.56928575099772,232.6837852617398,233.59304141130977,233.67318551215772,237.0240875060661,239.72018589056952,243.40100112346525,244.92777550141278,247.45769864473192,240.5218002900203,235.56898544339225,235.40783696168393,228.9299539152502,233.6211322852715,240.2162446711774,252.70720049382416,259.67226423037454,233.00735562369698,229.2056774944543,181.28298395446012,194.3494789867521,185.5528205123607,178.4676250886293,180.7493629482584,,,244.864110504779,244.1223003121764,,,,,,,,108.26548144544606,,42.32319069274229,22.0302735947905,35.99478975105357,55.975349980533174,116.78700159176931
4,2000-03-30 21:58:33+00:00,150.4537885324629,163.35902604847632,180.13040190892607,189.717582560215,195.80836176851537,182.22525214434015,165.94372883390793,148.55538667665408,125.3734214229772,115.93654406272469,98.99281235410803,83.38863024557297,90.09810729512459,86.91946901742304,90.02248810028823,107.05270662995116,145.46574103364318,194.50428616054407,235.39377979796913,242.62371528552106,259.3648919592442,280.6679712323313,281.27804075027507,279.31830290247353,262.7227398707539,240.65873322838962,225.5279750561233,232.41722825224312,231.76114322646916,217.0598542039593,217.21813064763995,207.54153392003386,198.8868904659334,191.33423229871892,187.6918978003703,191.84338888345678,181.59365126276688,182.3930754131701,191.532459278475,207.36392884994697,211.45846156195284,209.52902888716116,210.1426649612115,207.4242025486032,210.65928465989077,220.80440160125636,221.93100853211135,232.46841739875015,237.8530687648806,239.43779689242416,228.9057088634363,226.31989986399756,219.94293419587788,219.8766123415649,222.69452382306716,235.10103403484416,234.72912061134397,236.69330516852946,229.98855706777297,229.7483163608754,231.57183318166295,230.64489022697796,233.2903553810329,231.64725823180027,235.11779790457592,243.47446005767554,229.5460146897548,215.4025413839289,202.53790281231093,187.69666300050974,183.59462679291892,177.29926442520318,174.4995622708859,173.10038338466828,177.86634425538085,196.10344687152545,,,,,,,,,111.02389651113785,125.25820517928084,98.15238994823349,36.86302884971199,28.99417611866431,30.546197598363932,56.77791765654212,103.56408349123375
5,2000-04-15 21:58:19+00:00,157.05453597790574,177.0285675158523,191.86339656254182,202.04947337119475,195.40737836116392,194.6047039546162,181.44232135021784,164.47647941068246,148.7892744851272,132.78890932484654,111.48765296455831,97.53570288809865,102.58632390063661,101.34229414207722,105.36480073357201,118.6800929974338,150.15703334940483,198.08634442667892,228.98962664651958,241.92942483311077,257.2904730414122,272.93623650446995,281.35508908640645,275.07841183383186,264.2423151106075,241.6154757564884,231.77712190464985,229.91297155215423,226.25556041519113,221.9750464274394,215.292434498529,208.35065798413743,198.58881611637435,195.70308732972143,188.11662428939115,183.7310265794376,177.7876255826463,177.86201192149557,188.12946256716472,198.81622942725562,211.33167466606554,213.9058103167071,213.03621984055985,216.38406203706947,211.00904876455294,217.67975529213547,232.11604534145303,238.06721683763902,240.64073793358173,236.11644242787756,234.00729478360225,227.94072593748479,222.22884976879467,218.0108444857021,224.87956987055765,233.02738581954827,240.2287760092118,241.66267350188915,240.39017852569518,235.76317420995875,232.7440359851657,224.48900003612866,226.3289563867249,227.7307307435025,232.50647154959523,226.57217630684838,219.67514282180863,210.38496291044555,193.59725755662456,185.86725687503895,182.78961644006648,178.43219426868217,165.94096740685762,164.3765667874951,164.82868851346967,169.23107149318662,,,,,,,95.39650931995058,137.71823085479855,131.76943622406628,132.39130384143363,131.24857033996472,,35.82308285679237,27.80368465530814,49.41354192230693,
6,2000-08-05 21:57:08+00:00,120.42891014933025,130.0465749224633,139.18202707360223,148.35328423021048,148.98638610188215,141.3127962433444,131.3378860078861,104.54629341051469,,77.74636074589921,60.59754503998004,68.51685621800661,56.154787082219904,67.02210008630297,,,,,,,,,,,283.5182113415047,255.3735443940017,219.49926717429648,202.03804369781147,226.14463674591752,215.20737228131568,209.50237076867566,211.4869716578262,202.60994568049048,180.11720243734229,172.42710133726106,173.64200377888997,170.96684890057577,174.78119627588055,184.68533640874122,170.65269623139866,172.77093103399997,194.7894093962698,220.06315993878462,209.72443604489752,212.65318363564248,224.1213313348613,207.09231117227978,208.9263304615931,213.39050595072408,214.57641527784645,211.9618636472923,228.90664541828843,231.3779858155538,222.47582476567837,220.48795610416917,218.9067355363131,217.11287173563002,220.92677462248778,221.24309073608768,228.4403488484728,234.0476000339656,235.03409853663794,235.18916367655507,234.5914371553365,218.91912000889045,207.08374902055462,193.9650158149533,191.38024781313212,208.5351466458215,180.07831716081967,180.21499229688567,187.46060604783577,201.47726043601932,,,,181.55987777777622,,,,,,,,,111.49167216988549,,15.7642330344851,19.664797677181546,28.608714914628447,,
7,2000-11-09 21:56:21+00:00,,,,,,,,,,88.02664372379782,83.2739371149571,78.14465930103562,82.9334735398742,104.26727544797812,,217.86045545428408,246.53257145959648,,285.22049328691065,299.2825312316496,,311.6437472705353,300.67630206886923,294.23180843758536,279.6575481260134,259.85524249844894,245.5925788515991,226.82521948742144,,208.91409720561705,209.37928600706704,210.21575905856596,206.39618137918146,199.05001351742035,184.81430398112585,178.9554747284489,171.25575226316536,174.58512065760863,185.08564779597546,198.66372438034037,196.81905722034494,196.2836478861712,,205.33679298678473,205.72378909069627,217.40792879200802,226.3035156788425,218.08059916533998,222.28892037181382,224.53193501418423,229.3519745889387,229.9556636198463,231.16292059308338,231.87416236940527,234.44060555563075,226.2949069559331,222.7536622561775,224.75254039312156,229.50668996515958,225.12445474431732,,,220.88559989959307,,216.13090002304656,211.86755693037162,215.23458125129403,217.4454543450746,209.6206930804057,215.02690618546677,214.94402193756306,213.34231394091603,206.53147832972087,198.14177214867817,203.00410966138872,211.20349921943944,222.1953133447298,,139.06438616871395,122.14928028024299,,154.33034709492946,,176.80016329958832,142.80665751925127,116.83803243093692,,68.3101341676885,51.75047034386236,76.83702354611542,106.95857605586974,146.6728247867792
8,2001-03-17 21:56:16+00:00,100.13827086700731,100.04912614192409,,93.53273899819763,,,,,,87.26954217729568,107.64904666814289,,,,,,,,279.93629340016946,282.15444399440986,,,,287.5006612390108,,,,,266.11936632192663,,,,215.2080692483264,204.06402173896072,184.71233730606292,184.53987918130153,181.21633501463617,186.68847639897373,,199.7425983598227,198.74584690122964,198.8560296940973,214.16094165981377,,,,229.02235750832156,,,,233.32190361744387,229.4103958293421,226.57720628418224,236.32268485806523,235.03514896882024,231.41612612205986,,,,,254.77074862743342,239.00907649424073,218.2653548693764,235.1060162883048,245.38443179273423,249.40141829604295,252.24942815562946,,215.44979739030745,232.57745166185933,,229.83443733082137,197.61083997828604,173.5239600823421,,,,,109.21391534164002,103.99524020947214,,175.91447926676747,,,,,,73.14167689476565,,89.8116505792952,110.94566579505396,121.72174726726814
9,2001-06-05 21:55:40+00:00,29.951410397325276,65.77788998804346,,,,,,,,115.4229619226849,116.05770889302268,130.97549975796574,155.07300292466329,163.73206052442717,,221.7407696024623,238.47867939555795,273.10405861981553,304.1131208390184,315.07921786038895,306.7037654487487,294.17738733844396,287.7747560950891,,264.38661684369845,255.69550624812808,241.6399524329944,224.83545053990952,,217.53030391327206,219.52345064998053,212.75118994496398,,,181.14649375009546,173.60675234867782,,,165.19199240818855,,,,,193.77065429002698,206.90413702862134,209.23030886773438,,208.52147460206618,220.54147630157524,221.35120104643204,,,,,,,210.5433142708013,227.1200101768755,234.27797456063908,236.18837294443443,,,,,,,,214.02083684992562,,,,,,,,,,,,,,,,,,,,,,,,
10,2001-09-09 21:54:36+00:00,23.849012423004826,45.71331771487304,,,,181.035606032619,,,,,,,,,,318.5736477187953,330.8510735117996,,,,,,283.6798428794686,291.8661918370794,,271.8128505006264,277.21766067633115,250.96998358563948,258.2213743687407,280.28197225652116,276.43049863398994,237.46077798324515,228.47276002598088,196.37321597873444,171.0094575978656,164.3542898176212,181.66514795049892,219.97798863488893,226.39949239666723,213.19792764875592,196.62631713662591,196.63439196065787,212.13161810600067,217.5467711079377,217.22357866997592,236.6387687214472,240.7145052604236,251.11444441804903,251.96483378299058,242.00869863157453,238.92455481510396,232.232514317627,240.4776121525055,244.24596202197515,237.1138442760259,234.0842950468078,249.3749906814884,256.4330546849469,256.55397822565226,252.85337186145537,265.7251960146654,255.80227193540313,242.84378490211688,225.17881553390995,220.77820586170608,230.7439756625525,252.52034553535074,266.1477510129716,,252.32737126108995,,193.58859232595253,,,191.9308362174941,,,230.07268573066958,,197.1785835277199,224.34660390169617,,,,,,,,,91.01062797356909,98.10954798731436,112.80240705776814
11,2001-09-25 21:54:28+00:00,20.625968255131426,33.405251243135616,,109.13611683544191,136.93662917969672,,,,,,,,,226.2901894673795,257.42466703049547,277.0590157931378,334.6628279531394,336.2954100051894,331.35362758996615,324.5292525207077,,326.77507226328146,287.5884152808957,311.15514652385576,317.27330154323744,273.97155733977786,264.77947197982655,248.82616053510793,275.0803638275231,277.5221181479504,240.9421650948426,228.2552815221161,208.8270188463555,183.3778763766735,175.19655041049762,183.46962744410217,210.31015170287574,216.85735838096426,216.71799400074278,205.16010833957824,204.24980829995866,206.11581297378999,220.1083739052405,219.1819698148451,220.54246435235385,225.52802041937753,242.5351794052106,245.6617068941934,248.26381468292612,248.2841732241818,244.25028160186798,243.902197506315,240.7044666034266,252.18847534525972,258.9350553791393,257.941054296877,263.24702781628065,263.13149507307946,254.78612312019044,254.66542205256064,258.813800522282,255.6557794391109,244.57519585962572,248.1119219178233,239.31223485455288,241.11792984930995,258.9526261480195,262.62152475228896,246.47702193899286,229.8142332772673,,190.7773333630687,182.41726085613118,177.64525110881277,188.21914339624513,198.0528802184304,203.12506987865262,196.8657859925147,,160.46507185250329,191.31319294009052,188.71223997846374,,,,,,,,86.1064647295917,93.66222857146758,113.04644672898027
12,2001-10-11 21:54:09+00:00,8.666881660022554,13.625463229334892,,100.83129786682741,131.8791073834927,,,135.4030479583161,155.57398340074144,,187.10592361951223,,217.1676608065985,220.6363906064199,,290.38509523936466,314.8051586144198,,324.68512328054027,325.632115892662,,307.40643420496707,279.73365831203154,285.1201462566283,285.91784232147967,255.93441666456297,252.3307571719494,233.2663660650397,271.39528102402465,247.658604038429,229.48932736282188,209.86776955370703,190.9368440692577,173.61052149207237,164.9408608817457,171.17290510653433,195.38851757427636,195.650006490681,196.5922686649639,188.81197671195085,187.11580084399262,194.0266388125054,200.55854895665323,204.71556140771168,206.56488430788545,219.0046472778005,223.71848026186225,232.087291196848,233.85058154668158,229.08180068774246,221.41626085042074,221.24224971278773,223.31784161171154,231.5250964918226,238.44776084562235,233.70578485391246,232.97948940278874,226.26933389590275,230.48476576436704,240.0049591273508,242.04964728851448,236.4753460822928,233.2962563687716,229.2425987430971,217.79177464139312,219.08623262888824,231.28243616479475,229.1422426534735,200.67266931035664,178.29645862313006,167.74978459410713,165.88045568952305,167.3482868361916,,,164.7249398842245,171.7452775173611,173.3590077963449,,134.5103399039843,168.456492090762,191.8471161075365,,,,,,,,,,
13,2002-02-16 21:54:54+00:00,24.644463687170262,70.75794478242987,,102.01218562704858,113.08885189754062,128.10721111291355,135.47428620201262,148.55556693986185,164.6716865600609,193.10957807862283,223.90553295166842,242.46614222630205,258.8789066311531,277.5194061649229,281.69345951277995,300.21491191879863,329.66020206344785,340.652088977329,342.53395826088246,339.0915022798818,322.2068844262609,324.49160913857145,331.4922434932035,327.10170758444514,307.5553930763908,291.3569013969902,285.47875097252336,273.88088126572444,266.2819838594191,240.59226089190932,231.92203657285955,223.5746049117014,218.94593646915519,219.52722144049756,220.1029679122321,211.1027689853462,207.51117494100404,198.31509538884916,205.4436856627576,203.47337249205756,215.02397133079455,218.16804368562558,223.0820356189599,233.60214676426918,246.7958778560568,240.19015665268478,239.17397592284274,242.7509824875775,246.9678176924427,252.76680921061066,260.63102050512606,254.84524745727364,247.09725524655408,247.4413197779247,253.95748443667046,262.31531311329394,260.93882527537573,251.61615329965713,247.1996969154641,248.7836561942761,253.55682426136923,254.24508135442076,250.95425893122768,254.88358023987686,253.55411035606545,248.22024824200383,241.9734935981779,239.59631400204557,232.88186239070714,227.01183280646677,225.69485025565777,218.025686417233,208.2880318997208,179.6564697112396,,175.3497790434863,176.3732454321381,165.27095615624336,145.2229940087783,128.70913342641873,145.38713581412827,178.33647996765094,,200.0996114378251,,,,,,123.48859314521472,121.43638422267843,130.6486911872401
14,2002-08-11 21:54:12+00:00,,,,,,,,,,,,,,,,,,,,,,,,,,,,,,,,,,,,,,,,,,,,,,,,,,,,,,,,,,,,,,,,,,,,,,,,,,,,,,,,,,,,,,,,,,,,
15,2002-08-27 21:54:00+00:00,,,,,122.03052864891218,155.4964664318004,,197.75193448159595,206.04861409727744,210.20151529991338,205.8209465396941,220.64194937294386,229.20185196483317,245.6709395183255,282.06636954982116,295.2541171179624,317.560944414184,342.6674971229319,361.9475700844075,366.6297188006371,356.0072602281167,361.25868430522746,330.6575070649987,307.87337024824245,295.8208458565033,266.9013219221126,258.7972009000572,238.46034292300834,239.24901808140135,236.3078606414424,228.84476657045155,216.31888322590183,196.8900313542601,186.11128207314658,184.37503381036322,185.11804769311982,177.38989768685522,157.92307068436315,162.73911503516052,160.3542104141906,,174.45909243436185,191.3730962333488,206.5067591318811,205.66837035126838,196.42700488833736,209.2248065492569,219.37889015851687,220.35340545111993,220.066742942237,222.2636574102923,223.62611017815289,223.706041392455,220.39869290487917,224.21024435764795,224.4377771662787,227.20515789474734,229.79545952122777,232.09140797690668,233.14709663813338,231.99231262039564,231.01484445830374,221.6822522938761,218.97221330194517,213.55153568571444,214.87455773856325,214.03216894688546,217.94976295189775,215.87866535447577,213.25265730909933,202.23470185797336,191.87702631546583,186.80496209142518,166.03143889619645,,165.84022564271427,167.0897712263192,157.83873021166028,138.38386635998077,108.3786649231358,106.55813472282397,,107.53491371587548,125.2453159207806,141.6581924209191,,133.44720074534473,104.76213686966308,91.9914676984256,97.3150015969476,116.20748807826229,153.28824900155885
16,2002-10-14 21:53:43+00:00,54.27120055856993,97.51126654770025,124.06263579258702,,,162.48745203875797,,,,,,,,,,,,,,,,,,,,280.3606646164336,257.5338267183652,246.8422527793944,,,,226.48510357960953,220.83754899294678,,208.16412569502648,194.0751017766766,176.3049167386634,171.60463322708694,164.01377275614698,168.68319945061745,195.40697427001277,,207.40300437725142,201.26987495355195,201.4968984734763,201.66789351209655,198.14608267231407,200.8366094145539,221.38467123518433,246.00036396460837,246.6045789973403,241.33338356188904,235.35789860727104,231.7819384531312,224.97314921736353,223.82317707160576,235.70716720264534,235.9899681762787,251.6681919465782,249.1957698962176,230.39357099198682,227.4586589154584,219.2071694119357,222.81640663341773,230.2685451893227,,,,,,,206.71852986687807,,,,,180.26668370626905,135.18308982818766,134.91375193151578,,,171.0609981222084,134.53057215224717,89.02594121773271,109.52124613955941,125.0677598605051,126.12601441974623,119.0910422059092,126.12316002626171,158.3175699052286,207.66980336444098,
17,2002-12-01 21:54:16+00:00,,,,90.64297406242974,108.66442252935308,,154.15758091982457,176.58153259675058,191.54451260412048,201.26673420996707,211.81910982800406,234.7346335925273,262.6483395491632,278.93057713162244,301.8407131396634,319.8398275907188,330.6302641921066,339.6737293196376,341.7760035257396,346.89346600293874,350.2862951548562,352.24407574820185,328.27880317794705,300.9094205006869,275.2700869512628,254.02746469981844,246.72086723536714,231.97895145871223,228.94832555050127,230.67293759209306,230.36209935926172,217.54671741685644,209.33966435886768,196.30254201856357,180.78668567220203,175.64006493537002,160.7281925885988,155.46107986085036,163.7848691620811,160.84665246489564,165.85775080911506,173.427262690937,173.7679521627204,190.4600960353529,198.85683052645348,190.3649189937251,193.00371699770878,201.28576560932902,206.82627331220874,208.91942400201268,217.53401388117388,228.89579896577075,230.72546553538913,217.19189397395158,210.35133267408813,211.49979140925336,219.15970299698947,234.8123261763759,238.3419754683807,,,218.3196599046185,218.49016527092672,210.1400550330021,214.19474188569467,215.96551510713402,217.78364610332895,212.79940799034154,208.54416829675714,208.91892427021259,206.18897639925007,,173.3869697247099,165.6290662268596,,155.63353876232668,,137.88814949839454,,66.70404310535255,71.0448657822701,87.36063726777542,95.10515021520709,107.85328900550263,99.13715030789167,,106.41260988384597,126.423644724449,151.6642665202464,181.59247072371758,227.7948994451595,
18,2003-01-18 21:54:30+00:00,,,,88.12855556779175,114.88593799076394,,174.71708965244702,195.7330132251384,199.15685576037683,220.38376139088132,228.1610486423433,247.70263917961375,261.7384794693546,282.5972092356571,295.5142676293425,313.98195268584635,322.1808777458877,336.2638347345886,345.22509262298644,356.65500828831324,368.05073015603904,355.3594999640775,323.6669931793966,300.62583457781284,273.87023402799554,255.55555662934182,241.30046658661334,240.44702687632685,227.52002487826056,228.2702384731807,231.19766864528748,226.50612535484856,210.00631734113742,198.83557619517822,185.48002148242287,179.62786661594427,164.7012559038988,157.92127764617612,164.84377942145247,161.66789163390555,167.4994565260514,176.28143615444753,179.34706881440738,198.20750125977764,210.8904063208086,204.50908345263105,199.80769362502312,200.2063080770715,209.50680908024032,211.01674319607255,218.3196525918726,221.34286524789374,228.0819968210701,213.46159112677097,209.38871548124692,207.77757727867123,215.7110377144152,230.81415356314096,243.49883661860395,,,214.20254054049124,209.9882892566663,218.35066829433023,217.7206536004344,203.63118184596075,202.89394678110378,206.38228651052606,198.61502255359107,197.93183807794043,196.16977865869717,,170.76046488798966,167.74415967978567,,143.85545861869625,,135.16978169075597,,64.99227837795289,44.265119590816305,67.87493820339589,67.5030658500787,89.34151929908327,91.21203096591464,,122.98722462749325,146.77686099611603,182.10450679750667,228.7599424309158,,207.05361719485242
19,2003-04-08 21:54:47+00:00,93.83934056765185,120.62550423190031,138.7101970924289,,,202.1120149434766,,263.54567483012954,,259.05766376598297,,,259.88888378786027,259.9392199819621,264.50235588607046,268.3240241174825,292.97947846903264,315.06613312352243,323.93456074616716,331.7165066050238,328.55571893889885,340.2381321737017,335.8195938207292,320.2423496835282,,241.73144126364485,240.77354034863163,225.5381590637821,237.08934220044497,252.45310490647685,230.52149790656543,225.024925241041,211.80967865406473,206.2929419632012,187.72781749186686,173.4520880795942,164.45288271251502,149.53002241881433,152.46483682186152,158.65297274496749,155.83192744909763,137.56859812900245,164.96062730903031,191.69181183666066,191.37132391730572,194.1940338835585,195.16071102393144,191.20824744099554,195.51793474193377,198.31060998816042,210.053534412154,225.3717712528729,228.79984810671849,232.64411417247348,224.92160121295362,219.85872504613963,215.73058261838955,227.10239434737298,238.3813420033535,237.2181305451934,230.82387346546435,221.89320866708113,210.14049800011773,212.74439121912908,212.0134483451643,205.95887619773077,204.87269752204386,204.6920894117099,,213.6942527049857,,198.33023985463845,,,,,171.153557851167,,,12.188202976931748,9.0298206583876,39.3988831319275,75.34534884147814,72.40655734495924,91.20085978086355,125.82785350640152,145.31114092462093,186.5378492522637,197.37942649702268,198.42185672979633,211.03030522126605,223.62056866652216
20,2003-04-24 21:54:46+00:00,99.45121076757081,117.17368637352995,145.5205027676874,,,196.82686060541255,,252.08751378991332,,269.26592502826895,,,276.634907349263,267.5954344994671,268.79476180500234,275.9148229256764,300.81349274878903,316.5801819028441,327.3886091689198,331.1698291975043,331.9006610431998,347.147997568953,347.2100296043501,325.60469012747325,,,242.97310607371082,226.29625517986352,244.55051246125345,259.3906246937513,238.63636769135823,230.01163605921215,226.0219381077755,209.07145513974334,197.9920850101293,186.65486043374173,169.73175886294592,158.91626104375817,162.50686612138995,166.54115477428596,164.04302599653266,159.24436851891,178.557779829559,190.1181618934964,196.4827126550618,197.12002834568293,195.66971639877337,200.057978984331,193.5920558207363,207.74530765579533,219.55079198422982,230.62737236142334,241.5903083457435,237.61960616183615,232.43477543626028,230.40538020792619,219.87221088442817,228.09853201632296,234.08525878925477,236.2970302460099,230.80670646139356,224.02853626749774,223.38403131887603,220.60852018822786,221.31613386243836,217.6052440976917,219.08161027611698,207.19658375183008,,229.25028852329712,,204.74123757263354,,,,,163.87190633639614,,110.86062050317615,,43.948045249378595,34.66710077832182,90.74135669202893,77.13629786083008,83.01230053597702,143.7651587693941,157.757472192393,179.77707421140877,200.29673383758637,196.13756099691565,214.03255214470164,
21,2003-05-26 21:54:43+00:00,,65.38065249877832,,,,172.9811319889649,,,,,,,,,,,,,,,,,,,,256.4227526985136,243.92754113151668,228.86554102237463,238.7696046411554,262.1942599221371,272.5729383927903,231.8624446449091,241.7957929635971,,,183.93215628438477,173.36835692717202,175.70884502782596,173.44399355348617,157.13303316300838,159.98598080872205,165.0636646957773,179.69175572135896,175.24049337117273,180.30565771553637,181.0213225780745,185.23706528010817,188.49154546294758,196.09695573151922,203.00351506144796,205.99321878382747,211.79040059397082,220.57879616846975,218.29340243467482,223.82848524316492,217.9517291529894,216.46143267016143,212.39330721717513,212.4664141881042,,,,,,199.97162433035737,,,,,,,,,,,,,99.55742329448148,,29.133375718456033,18.242873839405537,12.552505865653707,,,,,,,,,,
22,2003-07-21 21:42:33+00:00,64.46177689335991,25.07101396875627,,,,,,252.6425395447475,,249.71043004971364,,,266.1801274917133,256.9378114380529,250.22966436187792,244.03235667571676,258.7035760174172,273.0647526210608,302.0683545533459,317.4186385066589,313.0446137451859,318.0648813814827,313.604219063509,306.18074472567423,245.96188640136225,225.7815185696053,202.849493057057,197.05075963199263,215.8323005392477,233.69258389957633,221.04082916919782,224.7358823679408,218.1424196469413,200.19789540740032,183.11848908343637,177.81729462209165,142.4459386520047,131.476286990073,160.75241067093856,160.50108000681035,155.53278776931654,156.97167518139628,158.67282504467568,147.16098852161593,164.0441041962505,178.09584197420884,187.0280559646854,203.4478080591183,207.30145306767827,192.58876308773438,195.3333141486699,203.27827744000285,224.2484396294616,225.38807288534048,218.39367386777565,218.65196014480546,237.93198562097598,221.02005620587934,203.50053414742385,209.03546217989629,215.3403927585796,208.02407016115671,189.6801707412592,,,,,,,,,,,,,,,,,,,,,,,,,160.73844240010743,163.0700813586223,176.06379595575288,197.16650070332472,218.71103446248424
23,2003-07-29 21:54:29+00:00,,,,93.55103274720992,118.99653304371353,160.93999995003136,,,224.90923671920677,,,,,,259.6883509706675,266.33426725245005,269.77051844925296,289.26370989648916,311.4144320264381,,,,,302.57104436269145,273.19002916321875,238.50765033681802,217.40285011227817,216.60874098205318,217.16141411228114,,,,,,182.44890508061476,175.879114085906,158.70587129955817,149.6439689167791,155.04032479724444,169.46675160770798,166.4499156776322,162.7119359928349,158.99217385377227,166.372189763007,,,197.26692573152837,199.72267266333995,206.36958860008002,205.31092527430042,205.351020618004,205.49400588098555,221.01867441200017,,,221.05087701830485,223.68457204880718,,,212.8748289838324,216.21864440562518,207.37721308926848,200.18050289096084,,197.22391998111377,207.45088750189808,209.11192320003948,209.05322898450794,193.0545460137928,,,,168.31328870969156,160.2725351085416,,142.42947645958847,,142.71192602835043,,56.85102562662017,30.871103590726186,38.619960430178686,,,82.2630947885316,,168.16084273121228,165.52133228960122,174.8323477857487,191.06331515277435,,
24,2003-10-17 21:54:15+00:00,42.46269364812788,,126.8054047182094,,,,,269.1880886945167,,,,,,266.3011879382046,,,,,,333.0120411629405,322.95871491322464,327.98908304294724,311.4395193372468,276.32471629782236,,,,,219.79449103778154,234.30460448640156,258.78086507666586,249.47233622826957,224.98014423869634,189.0021272714974,174.55744817375123,182.70448979201555,,,144.65630790512725,152.9006847379407,152.2686569795473,159.28041299460756,160.90527656140029,158.07785068250234,178.44789316272232,184.45470649915694,181.2683608948419,199.84066139646683,182.93380293722282,,,,206.58599620380494,226.26012154256784,229.67817587173676,223.20795432659693,215.59462187355098,214.49226376560705,204.93748019151676,211.15956414017805,210.76009412565674,,,,194.40206676531295,184.01795603480127,181.03767316417702,189.067479599148,,199.08492774014678,,211.145244047085,,,,,,,,,,,130.14642585543328,,,,,129.86428391791895,138.20469419791624,,,217.0650097700061
25,2003-10-25 21:44:04+00:00,,,70.34489008389113,106.81443514489871,133.6807738461371,170.27972039380387,190.3682366547107,,239.63561349993319,,255.6296804822756,256.43600028833305,,,249.33082050496614,258.33834277055314,273.37071141738795,293.9331349935802,315.448731661514,,,,,,246.5263745290227,225.10456875917563,212.59709586102548,206.37820616892319,,,,,211.4682025626258,195.21415248677152,189.70826501089675,,164.5439999393597,154.59167667533774,150.95686444567167,,160.32248546233234,167.620043644038,165.9991664908385,175.5676463105632,187.00558988630013,193.26613201525598,202.9466396646635,188.51379044136195,195.67885421380208,197.883193453799,205.71010105318828,203.34400170022946,,,225.3678813232355,220.2897203764092,215.34716053637925,217.84295275824383,220.6781243162754,208.71176549662223,,202.027962162018,211.0680989214352,,,187.29895275658637,196.0354836298019,200.28034553003002,197.88101533257543,,201.32158405620072,,171.6638842088687,167.25620270852457,,147.99766635689164,,158.05057006547275,,94.50870551171957,77.20024871619897,86.96462322157092,91.45477178330843,130.08575079247333,157.14135544975417,189.38306992302313,184.14585546976667,147.79365404071663,145.77541323763393,171.2070177161162,210.71111540482835,234.04062508566412
26,2003-11-18 21:54:39+00:00,,52.91479641946681,,116.11908346826908,166.8185880819853,,,265.052825857506,265.2124421334561,268.53403900411314,,,274.61191593589706,260.30006405131974,254.14650302040053,254.93758226417197,273.5297370132208,287.702695605651,313.49157300072505,321.05516186133656,322.25608760603285,322.2225736923056,309.01488137569373,,,237.65821498894834,216.29292984188885,218.40294810850395,232.66737768957586,242.86856697661685,241.16186866464048,221.31755200694136,198.57531453921095,198.52192143149128,194.72447637722362,,,150.0965850451302,152.28263119749522,149.9344982687772,153.78496691403834,161.384829982694,176.71005171999215,177.24321198736305,174.43440278808814,165.48857182945503,171.57475348177823,173.49601573850978,,,206.1989504369596,213.9112306734188,219.39444468820594,230.501900352427,,,,,,,,,222.863002900516,217.6717744620666,191.84309673678837,187.86422279641792,190.5262118529878,197.20820246588627,198.7881430979741,200.3971693850898,200.3948157066596,196.22865936972187,200.68086244215658,,,,175.94684329758496,159.61366800841523,,,,102.03822067055137,107.898961955473,114.84935681531337,153.48866929100222,187.50827085393166,169.48406770000398,178.24335779207465,,,200.8645258788406,239.28904800946378
27,2003-12-04 21:54:43+00:00,-13.411597626759427,34.09610450559953,67.23046146247327,116.95684272845521,153.58877810379153,179.2323944973907,208.21564854037143,234.69789100100851,261.45639204155543,274.98529201028526,278.798018837789,285.49142516901156,,,259.3253425183762,265.1448127180284,276.1492034149334,289.43304018286267,304.1133585971931,321.2161241597555,332.37008885544805,326.80746786707965,314.5249338805374,291.63901704279397,265.0551211551517,,,228.62545820437632,234.97110066604077,243.85225544595883,240.19976474296274,223.68555901862933,207.3958191155091,202.08109899653718,198.02367268824065,189.2427446972219,172.4320981410513,,,155.1593406237137,158.95785518297467,167.32613198938017,175.6057388949902,181.0707553436877,183.78855396438632,185.4078864035457,178.86606005909013,186.7851763019015,199.34988134189862,202.32252983856677,,,215.18221091437863,221.47155369137,226.3334836029846,215.69389256954906,205.16493275921238,204.03240033635592,213.41453089490687,217.58044951987975,226.56577562539633,225.62342978032845,,,190.68699860110615,185.58415464015093,185.46405575297155,194.19260542985975,196.19294769322676,199.52214639363402,202.9787220209126,200.5419782812925,194.08060928090677,184.57964303152264,174.36026936381825,,,164.7796745253796,137.7310263634802,,82.11921337381914,80.25419030295869,87.79407914625743,102.64062874230405,130.5388267919864,164.89954269275032,177.60168831000652,167.8424067115129,175.45978382260162,189.1473878053947,,
28,2004-02-14 21:44:57+00:00,,,,110.28411352695267,117.52950986894182,140.2995164085525,176.33153908330576,193.77967183558687,239.4993178830806,245.77503208768925,251.8094632238159,260.61184160157757,283.48941549399206,268.43252644699487,244.71937858382944,237.01739653232553,250.05873954586355,251.0941147496012,259.24922152799314,272.09623576267757,276.1281561260628,293.76104737073,290.15242908952445,277.3232164297491,245.6861435521716,231.28501651470856,205.69616929975956,192.5168408035707,202.13831371818503,203.0797883572675,208.707740665305,196.16098464449777,190.20469148534187,195.81417910681682,182.94280100532004,164.2037751993244,150.72075962481878,135.15607926382492,133.23420076665408,130.79678528790993,145.9556373770826,159.99187094666917,166.1380729795949,161.0258860921807,153.4149029683353,158.5795665259416,159.22304561935124,166.0741545177164,177.42276860083535,198.5821608692586,201.11599024129282,188.8094515004035,185.3810088940726,196.9182276234005,202.42342668634544,202.58959886570446,182.6218237528846,183.9469839195651,189.09360359710348,204.3563973710019,220.07918281855393,215.75320578927202,195.2633230339803,189.22280091413782,182.6624976806479,186.0480330030481,179.1900878468699,185.6396460295344,190.39537151834148,174.9251729676646,183.81918260974263,193.9347481469436,,149.9312359491619,,,,,,,,,,,,,129.29615821492024,135.1598558190927,,,,
29,2004-03-01 21:45:02+00:00,-44.28147562912823,3.1981128321971126,51.569139154119185,85.47879080846177,129.5925456035244,174.20681350614637,195.6189282192927,213.20391397001868,232.13692041158902,244.96280275592548,256.679760757331,261.1906518031846,270.27189387846846,269.9770439821548,257.2787065160811,251.2693318041128,252.05896169373858,262.45144005906127,276.7944947996639,297.87458489434897,310.32426780801586,314.16733611022005,310.8527994164281,296.0141251212804,259.55304196765667,244.13258097392134,214.2683057281381,215.93606386810245,213.29593976978302,215.86503478489524,233.54208126134776,222.95474491280697,212.73169533774364,206.69067215085462,196.37208726481208,176.41619850444795,146.4138460922125,131.42664858689264,136.913419070047,151.98708236179732,165.14912928189872,174.43638818783214,195.0225364690369,,178.28694213990525,173.37273713449017,168.86906210171446,177.84984588225123,188.66000865546678,190.67911842947146,188.07317021877702,188.503185330623,198.14475623023733,201.59928870803662,,,,,,,,,,,,,183.91008037612627,207.89142000763874,211.3246505679907,214.28991827281894,211.4395425457853,210.63854355793472,199.66300155562095,184.01918476493012,173.8385541571791,,,,,,,,,,,,,,154.80404845899054,174.16261870249002,206.71896182520084,254.468406467641
30,2004-03-09 21:55:15+00:00,-27.866637406947184,19.49208678740419,73.48469070030617,106.4698507235417,140.7284869598201,177.52696552476095,195.2894188290191,,,264.4266770297764,266.02022591138405,275.80017063004726,279.641982037602,277.6376461803769,273.7406399984544,277.5583411768099,271.69322817838975,283.1338740577159,290.72293677808176,298.7802865451675,,,327.7872846784748,301.99847750280077,280.1336188404071,249.06753374329514,240.92196662520996,225.93943337370936,226.28915025343952,227.82106031112963,233.79083468815105,227.9111421432486,,,198.71490460323244,177.46968647986543,173.89863769801244,163.0142735413663,155.2044577601661,163.47382750843778,177.44412518088635,180.27201461774249,176.17386779643937,188.88033753062615,183.33800048964252,,,194.46299808590382,200.35923850073442,203.79603764071166,210.64065329568112,207.80203374521983,214.33626560625842,214.5110923288414,221.58316098401428,217.5206562041183,215.39977538726785,,,214.71985441503276,220.6625357397726,219.33102308079316,218.77711210406656,209.847520462645,204.5880747180221,197.22574839940117,202.16978421450364,201.4853353253349,206.1575395770714,213.21267418854427,,,194.14991612029308,186.51170264634342,175.05111658550902,170.6917561398536,179.2794694758586,151.0802544063705,105.16516794018924,78.14768833028702,81.43407619491022,121.28860034300573,,,,,,158.2996475004874,179.13915361100766,203.72650709403567,237.4422065995528,268.9768386504935
31,2004-03-17 21:45:08+00:00,,,,,,159.1438640079144,185.06416294265918,200.02777702654046,222.31543444254535,242.09344713981557,244.40153257276233,252.7163316634927,265.434529970119,265.42306569317356,260.5042924727173,260.49102887469274,257.4804557609887,259.51621920559256,267.47975054738714,284.24378503640696,299.365536571345,306.37686282487385,294.46414314754315,283.7104850293739,259.2805243825246,238.5135792444223,220.24369718998693,211.00077664616742,210.18085388858955,218.80065512001102,217.5949083459225,211.0639670659988,204.62832065647802,193.03928505392182,176.1146131502833,158.31910336656924,147.34290101206042,145.64797781418136,143.28493225018062,156.68052314591608,162.48968379008025,172.46461463353944,169.80608771652084,171.5979224189026,166.69901389060533,167.2744702921463,167.21936677649475,172.81315967471835,184.8246795840179,194.15279511394226,188.4988574523145,183.05440121128626,192.26333836728116,201.7702222878844,209.89223095735218,200.75695050639638,195.04319169786535,186.74715098504765,189.85545020850338,199.144171237611,197.70569824264868,194.37343741820112,195.68459394099236,192.7159449809354,183.222522083267,180.66235342105617,183.99894175472312,192.97905608405821,188.90202762303923,187.19033840228582,187.94555774006278,189.61393686372648,172.80536555524685,163.41613816927855,156.03503261570447,159.9132559639744,163.62430806989698,139.27355747679536,90.42473420992431,65.28124531232113,65.79909206597634,,,,,,,,,,,
32,2004-03-25 21:55:18+00:00,-35.93323217909589,-6.577227522181298,50.27840001711982,77.44193448000027,,,,214.44024264710703,230.8511473906616,237.33042919818723,243.10546571821112,252.70135227836425,262.13493356736933,265.66438773736405,263.6787220162941,261.92775980905463,249.82224602712455,,,,288.1571719029825,301.10995818974374,295.728872998663,282.0595946692629,260.60041209438026,242.5526464308924,219.79416741116887,205.50179768076575,207.67627977505097,204.45390549471765,,,208.1251479751934,193.08481237492157,180.39901300781824,156.06861165318537,145.702228593607,138.39200799127488,133.43578247667804,145.76203399327503,145.34975583715658,152.250579142311,,,166.73608724492712,160.86041486540134,155.54205698790867,163.28013919175345,179.76347163279598,188.1296052263609,178.5133524929796,171.04812855625082,185.14835209649303,205.74999512218128,215.75070083832838,,,193.39070413914337,191.38302362984092,194.9931482838576,199.2240387671046,204.77425538256372,204.4724211405056,208.71557574793232,191.6012635673286,181.18810230969132,191.0426214739903,193.79406357199218,,,195.21993795492168,194.94732694534494,185.42574100792035,171.97544232016182,172.15161364631342,175.2857371804738,175.48082886362545,,,51.17229842231136,61.81536566393589,89.49427248258792,,,156.06200037759172,135.37870418751072,125.64637948721008,135.24395682754218,151.11088563363583,180.79899160479198,205.49910480849206,232.43080486207842
33,2004-04-18 21:45:49+00:00,,-14.563406264025136,49.90842003495633,85.0885841999027,117.23263395942729,150.84546334066977,178.338248400709,,228.34390879422867,247.67725620517882,258.47951958623315,275.6254500197027,278.2741372054093,284.00391893910216,279.5259318721834,276.387081128999,259.47699679184825,267.836364202014,271.09422702752045,294.2369210673232,310.07684173792506,318.25232712078156,314.92611828520955,303.09085673227213,274.88875990511315,249.6406119740522,226.00625653282557,216.1039517677351,214.2184014716156,213.07790395273886,213.1030818488856,211.92301982204827,203.27062117284322,194.7332223793227,179.7224339800472,161.7014986894425,165.46909178735297,147.54548244678583,153.20672544001545,161.8520239116145,164.2454587745174,161.11051963121847,164.70168761309316,173.50818175211043,177.6015277628078,181.8792664754869,192.878691239985,200.3877136275282,206.57094200640202,205.31504052377525,202.82124117586713,195.57634944111322,198.81086774351274,201.6687289600606,210.24560463211552,212.09491391498707,206.2923803826982,205.6780847824738,215.7988559310224,214.2725663568146,215.50131111102434,221.03757562949932,217.8982433663563,211.68639603938644,200.14051141297227,189.34126768152643,190.36060531685789,194.4977690256712,192.92212910022852,203.30990620177664,208.55491491142755,205.70187980869065,190.66277770410306,179.27152226241532,163.47114722735603,165.04572771496387,,162.4968233466105,114.24631490454883,79.30103364360775,48.46173794710763,65.52459703437361,93.9218074238183,127.41069647780128,151.8679769535002,166.70260187917654,165.61461971393268,157.0265065901376,179.37986315042215,197.85702404340708,225.59533321471034,247.74794305853712
34,2004-05-12 21:55:13+00:00,,,36.682756490092274,79.72119613132065,109.92799702913584,,,197.38191642326265,205.92140145663217,218.33336859377215,245.8186586291497,,,,264.3757373007939,255.79159794254767,248.60518877076575,244.25322334515806,242.198428490641,241.75291334797103,257.69521053176356,267.9708725425944,278.249514036297,285.6475792870401,,226.17389101528218,207.88960821525978,193.40949740491595,194.72508120611724,191.60092508667273,200.18183740443794,201.41296765109192,198.2043848518247,186.69186121885608,166.63527150386523,142.0563793280325,,,144.07057426416083,145.7186985449039,147.7771426982854,154.55979603129904,152.72208778479182,155.54340822743757,150.3069075646858,149.29799751642773,161.1154566081139,171.8388072283867,,,160.7865703499509,163.85608225958302,173.873656175021,195.91950167802486,197.1987942956264,199.26834004465903,189.0707093054426,186.42217744625268,182.3910887778141,177.47245900514545,179.4488508976533,,,204.63504407566995,205.02864027520286,187.2633754522325,176.77581629735576,177.679838205921,186.43035446868694,183.49678898424432,,184.47153388011895,182.43458232930396,,,,152.71017313541074,,,105.25465732905903,100.32332320214196,94.835669238917,76.2495479962676,98.0036021698763,114.70827250404086,111.50829121967026,131.6142342631404,139.94364291571546,143.17973882315334,,,
35,2004-07-07 21:48:09+00:00,,,,114.85013853471824,142.87493088993028,168.17805113010837,,,229.11248510772197,238.3888527657788,252.90617930466087,,,,,,,,,,,,,,,232.98004236780366,204.47819055603668,193.660575818171,190.51417366651899,196.41294070719925,194.85385995210348,192.91043054510052,185.9284747672157,158.28418607461668,141.4056848491408,127.3073073325038,120.07019847174226,132.33927924531858,128.8674019203271,134.23488519810812,125.40581558742068,132.29453109559486,152.04516676673947,151.71194206507897,157.954349359239,140.62357793688946,157.67535927807623,165.16930985816592,158.3222133574486,169.30858124515944,166.62753619968402,173.4700992469348,180.8341710298914,170.16998478216817,177.85277702517237,187.18858085623887,200.16878586741598,185.4704193609393,173.20267378388752,178.4421666134576,166.82502715443005,173.15916788363472,183.50971982120697,186.3633828068745,177.91573751845831,183.87956252816255,178.6788257580193,171.09649861615011,169.90216689419873,166.15831406987746,,,139.99130675124465,144.62669873592654,148.50108245269544,,126.8004545485431,,,115.01188909730604,140.7361258984229,132.74005345717433,125.79976240818957,119.57810172180265,125.45024858027689,124.68869727986052,111.88051731275232,127.47966731278355,139.49686859050428,145.78992280845,,
36,2004-07-23 21:48:33+00:00,,,,,,,,,,,,,,,,,,237.18132072550043,241.00653407392923,240.72598013125986,,,,,,,,,,,214.9819289592329,214.80882278732466,211.29302111404076,194.61953992382925,156.08340653348236,153.4503253912721,155.61629635076687,171.36244745654443,160.34274416095954,158.2622181068524,155.14055325550788,165.21292481595444,178.37104418205558,173.13784736650703,162.1990331534175,161.7459330427265,165.47670440359425,176.66840181234474,182.02390330652707,182.33933716918474,186.52821084258483,195.4554353767822,208.58994522219132,194.0479311791465,187.35078682829368,199.0085928350893,217.23135738578839,223.00345708996426,,195.91482618671904,177.4574072396713,180.14013477787626,197.36673870639666,210.86906642415022,,,,,,,,,,,,,,,,,,,,,,,,,,,,
37,2004-07-31 21:54:51+00:00,,,,,,,,,,,,276.11904228476146,283.6276827801372,277.7195169022675,278.9103930977522,,,,249.28046493932692,258.5257200643273,273.19569649220546,,,,280.773967386341,249.67459622341963,229.3504511114827,220.47272696679323,,,,213.647653466098,,,161.78835556315676,151.91308475309827,153.87389796233896,,,156.0273139034605,158.18122022650576,,,169.0901821318944,166.813545854581,168.68784540600382,,,190.46397692964212,188.58571973359753,186.594767697145,185.94947877288988,187.87488065852327,,,,206.32738606874054,210.69342286629185,207.46797281121613,,190.1567934819152,187.3297755491328,199.06743075973566,204.79854403014434,209.60214344260962,201.86406101668283,,,190.8970564746573,198.16703162517973,194.6750998950655,,177.8532118749686,170.37322799552658,,155.72067424735295,188.68181810190373,171.3303275741738,131.6154290926977,,,,,140.81462061319243,138.49138061058486,154.51134517932894,159.80190890252555,152.42633741089807,159.6578130217476,177.03304630437825,,
38,2004-08-24 21:49:18+00:00,,,,,,183.35092228737685,,229.26879934482918,250.22933874704896,247.61065838955912,256.677289025905,278.7438745550196,297.5575811434336,281.1343740630676,265.3167897647183,263.1726574530994,257.2591651250973,243.46365438532362,233.1967382846448,230.8545471979145,230.52529766694022,257.969134785397,287.4448110637105,288.7166113251931,281.28443217210196,278.3928407693771,236.73304990118456,220.947614180983,214.28019403965925,207.99975541677662,206.21480713686148,203.95075809595187,199.90832168171255,182.71165916355088,152.16422093267423,149.2635453489934,147.2101452474458,168.5529007710392,161.8296711023398,145.0696550037572,144.24134621322088,158.920000502669,172.64667579912438,161.83353571570464,155.50042929233288,162.09951005995646,171.50059388360296,178.18390492162848,176.923660093944,174.4733851332768,174.98114706389808,171.09169786816787,170.51978098677884,190.36415696255804,208.33464049143925,200.83764671310146,196.2577251428799,200.7815058242096,200.90732365954162,196.46264537620513,184.7320468810508,169.36299406878206,180.64312603746322,199.1985380056494,206.75529154142376,210.14360974109516,206.24960309923802,195.43000715265,195.64110649649461,200.12907396283694,201.90083601255506,193.95141714904182,184.42090652442513,164.76008490263385,157.69367729205962,178.34352525419357,155.38653077923863,,153.31719717710766,130.01501707786989,119.09529258452982,118.57094908921461,138.37556723550034,112.56055578444266,135.5835148028835,157.25211803753655,158.6506419969077,176.05220680456293,191.33817982754417,202.97756051597207,231.26421195362315,247.11359499657235
39,2004-09-09 21:49:43+00:00,-8.117225072075314,-0.5601733943742895,47.49586320742891,90.71249822028345,135.51600678683104,165.83125019282662,190.16440136343834,210.25553178545255,230.28995414484842,244.5985504415673,252.86369083268372,262.41538983079437,283.1542190377423,288.2140086749138,292.1370304205365,312.3533413107852,272.05036718884935,244.6413023161351,239.9862516256621,241.6594724768765,251.75442450142845,280.46341933586285,292.3139986161724,286.35293871804,284.51265121910785,280.2778578143282,255.30085850671452,224.95472736236724,222.98951118539168,213.6583698618588,214.07123659765645,219.71638396915108,204.17549615111474,184.18172123268894,168.64692465905537,151.39410250921847,167.57407077156134,169.487585422297,159.85772581597607,153.27765193584193,151.52156646467623,159.16058007785634,167.56122027009886,166.2871985464983,164.004190566225,164.20606083264383,172.70669843523712,180.44776659667306,179.01795292182828,184.52555705382593,179.85993777138876,176.2910192156094,179.5166644107978,201.0811292948881,214.40036870299414,199.87947777753456,194.19670619650137,192.10969243318752,197.39757895523573,199.61177340100335,188.25477754942406,180.58262939996533,192.36623892578064,205.6373563484054,209.47287108307162,216.7861068317109,210.1277052778207,207.78523902934754,216.10167921638075,223.44809291723044,220.3481158513383,213.87452188868636,207.96549412034642,179.4805672509917,163.45993377565185,170.66024019850198,162.41140371040186,,141.81837965011124,103.65031088389375,98.49576745593708,94.7557949035615,104.599722640453,99.10974088008193,110.53971847229282,146.7656429051531,159.2431936683557,168.96429643731457,182.40078248426525,200.3681614038437,218.95703905614866,277.7087039164092
40,2004-09-25 21:50:07+00:00,-17.67158114046168,17.46382252179098,63.47832264198024,94.55279402945767,128.68451475397939,158.41751658637102,186.27054454875565,205.72285176825892,217.11991289391574,236.6273906788633,250.00623972752234,271.2849764766502,284.8144600846235,285.009036240563,281.6488059896492,265.8114806975142,250.3514300703179,246.12295172387718,240.1641622305629,252.48821777773037,269.1130983963306,277.10058582081837,290.19364206061346,293.31892773881225,284.13378171778055,277.03995146484493,259.517097455155,239.9232079566747,227.17812356431085,216.08919805180196,223.99336037505657,216.62956413637642,211.6030929246578,183.6907538032281,169.1903225091133,168.00840210176273,160.22440536801193,160.87333399502387,156.68356693880847,152.4550255614726,152.82769447123113,160.04879140131519,170.08716470780624,170.76027156152963,163.7308307797161,173.36904073626667,182.79195371444655,185.55452269822544,185.67036002563987,182.88571256298138,183.6829184239059,182.74824932364754,194.80386439094306,203.0405021734391,204.52800133356146,206.70859989294507,203.4152883073321,198.07282410072816,200.03621655179012,199.0408281659676,199.6546472838711,184.6359191351811,188.83179937962586,194.02719746605217,208.621213884265,208.6286631368776,204.75896382138586,205.20128351864915,202.22674546373744,211.45480024166463,212.27729056554898,211.4450108679706,196.8594406701004,173.44258803129787,157.80037336240187,151.18891921520714,166.6676177658684,160.8066994404336,145.56825722803103,114.09080975317015,99.79401592110555,99.57543972804979,92.82283292118451,88.84984260070156,97.44529111172261,131.71507889248443,152.92938146675243,158.2446315006793,175.39956977883173,198.77671715986287,230.51348537660937,273.35288973833735
41,2004-10-27 21:50:47+00:00,,-1.1804758391473342,,,114.8145716346483,146.7480177547444,167.10778118353053,,198.07588331439112,219.24820643840636,229.20407938757586,,256.5341899083854,262.79377744869424,259.6676162970194,247.7118886315012,,233.68555727301722,229.10926157258768,244.76774783453226,254.3894147935968,264.73413752081467,274.80140060351573,265.7443253354169,263.1386554462792,,,,203.69035740144594,204.61101565523168,207.71081985019353,198.2009327991633,190.67431022462802,172.70811059899845,163.71146065604415,159.67556415694824,149.2858022305045,148.6176258867671,147.3010276504392,145.99921132402056,145.671410237113,146.82530312151533,156.92250419213437,166.1983253295022,165.76640453375123,171.673358881231,176.59309385228642,174.30513218991354,172.22141674248792,173.37311101220473,174.84830006353883,174.1513893840415,179.02891124830057,181.74825338389692,198.47696023508271,195.1485860182442,193.33427273591076,196.10311691841457,200.62572095761618,190.9637054394209,180.31084228558638,173.9091070640696,176.02612897638633,180.92506747882166,192.01027477574505,190.39873428855776,189.03391358095897,189.27841449803157,187.9548674664949,190.60458026932528,188.04985772537714,182.06204207117554,169.43670596286105,149.879858242319,138.32994764751444,132.0561459387264,158.79652835035742,,,94.89774772055827,78.59238399279582,83.03085224157964,82.11465408378876,92.18107214142887,82.848455984737,105.5694288556009,131.65584701419607,149.13326904851908,162.31310456659097,197.25605252934542,232.47809535122434,265.7799149162725
42,2005-01-23 21:55:25+00:00,-2.5628254863792765,33.95985121251418,90.41059247145795,136.0513238445046,174.5030412013705,210.13238507552802,222.6761197915549,231.72783608272482,241.40160205218584,,,,269.7699941924018,269.3302069294598,268.6350511135967,272.07449615454095,264.0289718810456,262.1554009425479,250.1088415539765,252.87221672466578,265.97320715866323,277.1994352671328,,,,280.2706098557804,265.62570644119074,248.7127754179294,236.42127989325513,238.7227748363693,232.05250983212454,220.02038072788682,202.9705055843813,193.89177619926286,185.6482755404613,,,151.65465457689527,156.68408401330458,153.93032074260603,161.53800873392422,170.84312872642374,172.3786737006772,177.48914618553508,179.19160999229263,183.49022607245197,181.67425278051363,,,192.37407464862542,192.3753508031049,192.72882416195614,200.91010863244892,204.99743640962888,213.28243789168297,213.39757060303347,205.92492838303133,199.562844696171,200.88664444721348,193.41096517490254,,,215.93011851072853,222.14849133357887,220.25932399965924,219.89285187088547,220.07896326714393,220.05915062279988,205.6714203252904,204.2393989784342,194.0238610119495,185.5761038759163,,,,167.79431967145348,191.73744730030444,184.98304668869815,161.70384444990262,120.53779827847882,85.57606151962867,90.84882359972406,85.74126245800895,111.2551811304973,117.54105393921024,146.2832257882265,158.5917841051067,,,,274.69258932177286,298.10441589743164
43,2005-02-08 21:55:35+00:00,,31.01460056864156,77.26390694253413,112.85305414314739,148.84252097702597,185.5682652611544,211.0957941241881,218.62294815584926,227.43605474571694,237.673859872826,236.38981287667784,,,,,262.29678477787525,256.1221200694351,253.59124803113065,245.85524985166052,246.87329085595368,257.7973510740187,273.44523018259366,279.35078466226366,277.6874075089702,276.5872001208509,260.31348410978063,,,221.72551025806425,221.38199129510585,219.03092897917375,210.25182422398444,201.17246462851864,181.3742943255283,174.80720209629908,173.61131536786098,156.80889939205886,156.4720373313205,155.70759658363568,,,168.5504448630465,166.62661094821135,171.0681000674647,176.21310779643207,177.74197199603802,185.89385872485474,180.88357167692988,190.19089573128548,192.99470614022388,190.4425612477193,,,198.35027229646664,199.90523941733483,205.9588783859706,201.07399776541843,202.91547306910647,197.45257917205652,194.1538501397055,200.48505714781783,200.916684526239,208.5974497334302,211.94267390362705,,,209.2681600596364,195.530144716092,177.55481660832197,184.16434388550167,183.6989159545619,180.325189621747,168.54399860966075,161.05454053195356,154.4242606393028,148.22390288457046,183.50026590282218,,,111.78989547234283,80.62527929551575,77.4824678187064,75.40757402212822,100.6138167562465,103.5525951148642,127.67551344603434,144.01416606416166,158.5646079179548,178.52429577631182,214.263622777104,257.60150426441095,
44,2005-02-24 21:55:41+00:00,,,,,,,,258.95153813344405,255.07999477354673,265.8942557584033,257.69888335481016,,,250.39701525918264,245.49095786877072,262.5287407110659,258.3224619262383,252.3870875583964,243.55955462781023,241.11328525987895,250.68809157579935,267.00837250623323,276.37283961113593,281.40199313357425,,,260.761209511915,244.5188253603689,237.62446277350858,230.52469969268583,219.86787275008334,216.78540236683818,203.85745284761634,187.42650356784935,181.16348634402652,165.5831460467581,,,,156.04935822022802,165.73130477475075,174.53445007237383,175.8310580526445,177.3494087921867,181.25874604915168,184.60642316178007,187.30957563919992,186.26973435114814,193.81119866749708,,,188.9219398530588,198.27114938959903,201.15295146033668,208.87713980307979,208.24961149820274,201.5283526439842,201.47854814834085,194.72445059725956,188.7306070464714,191.42502237859833,,,,213.22572209925607,207.0743900499409,204.53013470453334,203.35979039197207,198.0684701260304,195.46345693226343,184.5413286234346,184.47438722288965,171.77228487825724,162.20468519845687,,,183.8035327997558,183.856977095481,144.4552073879695,120.1760143273643,103.82073086294456,99.71350183644687,87.33240452071082,108.09782833992212,117.1990098106098,137.54178235311085,149.49817824421908,159.0218831532031,184.49476956009698,,,297.66051811075135
45,2005-03-04 21:52:52+00:00,,216.4393836008081,234.73134016787108,,,,,246.52069346034895,244.27432863290423,245.9572033198477,235.12290018337393,235.87978454093042,233.58403954639616,229.11557268629153,225.804921671733,230.80418682378954,251.2436404082232,,230.69225904394793,213.76917902473076,215.20300882400295,230.84219058295824,246.80915251219554,263.67249562688835,264.8918807937316,,,247.38094255101504,,228.07280496650722,221.252103990072,214.27716026639447,208.65330488964835,203.06991077614543,185.76928515286656,162.4336944497393,158.60170409142697,146.8284782799424,144.9172054957296,147.51060748428773,161.63893355552494,170.0695550279025,173.41350889592823,172.54907891624518,177.6829669884498,172.78535245019603,169.72966318180784,184.9674795221843,180.1388904640884,183.35053717475523,190.92426834426686,184.33590514396147,185.1414439427975,197.07455275409401,,,194.9396431071058,192.86628706198866,192.65147439672032,183.09891944147634,191.19630724124795,203.6189275001245,211.88517598030165,217.40229595327838,213.09557824856824,212.41240629710208,198.7771486514077,,,,,,171.67939515362488,151.2369661796533,,,,,,,,,104.7756372539886,99.81860294696867,107.39384825669065,130.96290773096771,134.53265681159988,152.67915861417097,169.9814326434359,203.3258481875047,,290.0312671329164
46,2005-04-05 21:53:07+00:00,,,,210.93035073885156,221.30317642429222,229.0447517834197,228.75579143767638,241.24162154276183,235.95267412722615,,231.51460634036903,228.74288735137543,214.6571838636976,211.5052672479427,201.25322381900568,207.77581705410321,206.76783752179026,203.51253794145515,199.01626983213328,201.22044908762874,212.46891761559732,228.1366122009952,244.56853261143806,255.99056157795044,261.36274256085665,258.67206649339914,250.93244113096725,235.2053300694418,226.36505645963206,220.56498399502374,213.5089958297873,208.43714790359425,201.50487402906327,190.34606667369465,177.6073804768483,159.52972417001746,151.3591359915325,142.90885211212392,142.8288789418635,150.84170186770578,151.171781027211,154.48556820300453,155.39572464323095,168.29922811989144,172.60639244252593,163.2147373469802,174.57754194810371,177.8857396313257,181.0858607256485,182.17957531507224,180.97579644859155,171.91241543399016,177.18228422066232,190.0160989238603,196.4344527419985,195.0540377722185,189.95971648721618,191.30068686982523,192.22260924070792,180.4337754809335,180.43054414633963,190.5994628903027,195.19925571115502,200.68069338239454,202.89861499549718,194.62536285170205,194.77367786642284,185.03731102646438,184.25701635033442,180.28308130126678,168.7731822057263,160.91303263653683,161.59115366903524,146.9498512617298,135.44764369561207,148.77522416539045,167.39747337243898,167.754553525632,141.35308819498908,109.42967596121485,97.62564919098736,89.45940934142516,82.86413358512291,96.22055715721262,101.75540446098584,118.02099595521203,135.46011729178554,141.39436870997486,170.33541057038994,200.0767847251982,239.15464206294936,279.3266166740941
47,2005-04-13 21:55:36+00:00,,210.93764889108786,233.46454832487913,,,232.45957446485,239.38568071319895,265.18241528662026,,275.35207528433267,253.33742365929675,245.08807509758736,227.34981462219255,207.8868080807073,209.24185101318653,,,,209.1204943194523,205.67574808410797,209.58297707612869,225.671126064669,241.78298780495106,263.4236971595621,267.57891700812814,277.8223542888485,272.49468147077414,252.4343362663879,,,,217.2635751391816,213.01229836970614,193.9793753298605,174.26015703472802,166.004348724823,151.88865048815083,140.3228743043816,137.42688968119128,145.7174733476949,145.21878973225577,,,166.37383450774368,168.7974430447359,164.1320711452374,166.60105110661408,177.93674081499177,184.7284472499281,185.32285961855823,181.29305996100703,178.28899397669986,183.48705525687478,,,,198.62531317762455,203.6363206802803,202.7846942482968,194.78827054967715,187.33614549020626,194.60089345764143,205.91381125720142,213.7873580206243,207.97931497740896,207.42383868236726,,,193.3049073267362,187.11735267406786,188.14007115642676,171.9107374092826,161.12286939333245,157.80008369717888,158.41815905921337,179.98453600221436,176.38348314962255,176.94766298372298,,,,,112.7750716474021,100.07670567983622,108.42620905915349,124.4260259114764,139.66224106209944,153.76833729091686,179.97628908846494,211.728451746694,248.66545494824578,
48,2005-04-21 21:53:10+00:00,,,,213.8478876470187,225.8085071667239,226.42169668567294,232.04975557652304,249.38938005178474,255.92732214797553,255.27990533443406,244.4392001914524,236.8416990099004,234.29303753223732,221.4170680195106,207.45255390299184,215.74384120201688,208.56050839536147,202.38619411727424,190.5832621949724,193.02268920434523,211.48828132295804,224.8459064022285,246.27466626093374,253.2342941308621,261.1210227505851,255.7185309258008,235.29002251126414,222.06124894427677,207.3546334586684,199.6890155933985,196.249072946279,195.7723503836009,203.43023964362175,194.98049644495322,183.69805703927952,163.51303587530245,154.72743248985378,151.34043931627193,145.34428244301168,148.60587792767802,144.39319673179529,143.29948459291126,146.49346785754824,158.55329976015844,167.97270899339873,168.23762076643044,177.911127525563,173.81282443993985,185.08945509587645,178.78790201138804,176.15558858899914,173.01429149675474,177.0031492731759,182.3225678847389,191.7813595683681,188.7802537303361,194.25484373414562,199.06651126192668,196.77765520883847,191.91906153136227,191.48575462392984,188.59443205934522,196.58032180665862,191.92346035010254,195.26820067748238,185.75890333598335,171.4918140257317,166.77256918892198,160.1716592060035,162.90629374525176,158.11207979222254,155.52229425726765,151.80887504396807,145.900855823509,139.9437288054197,154.1542801993825,162.93060939193296,160.94812660559953,144.76020951292085,110.44030818375785,93.34376467900464,102.42717134499371,95.4029675732657,101.66787683924157,,,,,,,,
49,2005-06-08 21:53:33+00:00,,202.92842250227872,233.4261752822585,239.05650322788858,239.56164549763062,246.65037247072894,254.0461219020968,254.07722266275906,256.30357127864914,248.2224537516922,227.4421717708031,218.47850496099676,213.87069170421805,210.00934555311173,210.60669171144895,212.6713347121723,203.46140017019053,203.6067182857198,192.26693290271726,189.39752706876763,189.67816153732664,197.3813489553937,216.5296935277021,234.40519816485522,247.87379617643924,254.37478563246452,252.23512855409615,251.3583259168974,249.43674294443662,231.05684452751052,224.4492901247413,204.63720531103394,182.9310299322123,163.34182083743843,148.88246988018383,140.23576190636925,144.03763257171815,134.81113613549414,131.22682705402707,134.54374172169287,145.60170580857425,155.98046383886856,172.04160655887148,167.58982975684285,162.49501648589978,150.92839517753606,158.1732749279916,158.22145982733838,168.40496486462592,180.78355553169837,177.7959098844467,183.72613092181166,191.58649500622016,183.28855263034825,191.33845511398582,193.63265372256083,197.9074437938347,194.44913001331787,196.43297563299296,206.92144538791763,194.35146746096376,191.70966156123924,189.8434597487845,196.97100818585528,205.05880514473458,197.8081127755471,196.50528100073973,201.49526650710322,191.6825114020699,191.95989060963885,183.1413488709587,173.2665172251861,172.59471996983865,155.64588245412492,154.48951282655003,159.8060037808137,180.94336001839403,181.0646054508862,170.78847129810342,,151.1796691872432,160.23340137261644,150.79182933225104,158.54358510609006,148.52662962899362,139.22004184297836,124.79659533595024,122.43149118299615,154.49961798713568,194.86003161016532,,252.78686699660537
50,2005-08-03 21:55:25+00:00,,,,237.7153164765914,236.22198956241635,,,247.65561392926057,239.63279871343175,235.2758582842281,215.17880926865286,204.62811309495382,199.35210754856033,195.98880258378625,,,188.98214347154465,184.34266984079275,171.64730632210976,169.62562072151496,173.96320464264116,188.50860328140556,205.89524708495352,226.77483064421776,237.7218931419629,247.57005044772234,,,,218.0134986667415,209.93099374798828,194.9502472553561,183.92518244645555,178.44381826721855,169.36038121974053,144.34886083540545,136.82842167420387,129.10156131733373,129.73982311236517,,,143.03293250372496,143.7342319372672,159.4332173226927,163.1168023615328,163.08855447792791,160.34648694438866,159.85179759675856,169.88091196025422,172.87468471503632,168.91982733990181,,,,195.64656806538642,200.4664336610033,192.04043173031488,187.72283878499064,188.66882672786025,184.89694108037696,188.97122786043332,188.46246173254428,186.50552628770714,179.94074830303072,,,,178.5799574710437,172.12313427392263,177.9019906178378,172.9855928302729,174.69439007582946,164.6396445559491,149.00972250585602,142.34222328934428,148.4518902610635,171.29535713971467,,,,128.0341267098702,157.47517748322161,167.68082709837324,185.700897614398,172.4775774006496,173.11063451226406,166.10577915547492,148.46338872734395,169.5965136357466,191.58287803380176,,
51,2005-08-19 21:55:20+00:00,,,,244.32580618912888,243.68157526226852,,,262.1507167140152,253.22119304308822,248.99503303811971,231.25244420598,223.2231274062909,218.5417191935422,205.5685867611549,194.6763146568124,197.47850257124256,197.00913628365808,,,,194.15663119063433,207.89638005657915,222.99518272633406,236.74605540140146,246.51395305623552,251.80228681320855,257.4307062432195,245.7326789155452,245.53713867986178,230.46400328181448,,,200.8783740840677,186.3410573944784,179.30133134420012,160.7119435011573,148.4869475290946,147.03717127751378,146.70865179998992,149.18204656123544,158.67321627793115,153.63136687727066,155.04365163461654,,,170.05880331925806,176.0905750131963,174.4127697457469,180.57581658464332,183.77296704754104,185.62796039822186,188.46878731042935,197.10842709467704,199.43594324096603,208.11307893521976,,,,207.15441167474924,203.01826112679035,203.15566134353665,203.3458005435264,198.8488348028753,191.8045182907853,194.69332099274865,194.50388518634952,186.67897868997971,189.48801231026187,,,182.51146496896675,185.68238777492599,176.06593731793072,161.7411995693847,151.3444589178512,151.82801062238954,185.37842621319186,168.85252568086312,141.04800572877141,125.34042786129068,119.01976768390846,155.74302842472048,,,,179.12743677324087,176.54876843951845,167.13819488058854,185.7196965412038,213.8326728627687,,
52,2005-08-27 21:54:08+00:00,,,,,,260.86797752040326,254.57935959406962,242.50363758943774,232.28649355967357,217.50759796428758,207.7884063445797,204.3428793791828,192.3795859418852,188.08802303833846,185.1094865190344,182.22504440785974,192.8733131146578,176.66382235675462,160.96048242879934,150.52410868935198,144.35599546701675,154.80827915428196,172.3759067889429,204.14433155121475,231.94075996862577,244.31815100201973,248.0796049431508,267.7320338297503,259.60853714722487,243.25683805453153,216.00737347557114,201.2099164241863,201.95349961211943,196.28210027999023,176.2059820483483,158.57185933502905,160.39381390968336,,,,149.52363919793322,154.3067242957404,144.8303253763728,149.2444453047077,162.75551148704733,161.41037628043736,157.08095880565932,153.10744526500585,154.74694703479526,162.98502590515298,171.72680718021894,188.60538705274504,198.64738868918224,197.37846463821296,196.9888821093879,190.6084739266161,191.47887707221767,179.49234302598128,170.5247797091194,177.10330534463407,190.07756025646975,209.41612580314387,207.7798061544162,202.4883517664993,197.4945866782376,204.45702247952056,200.23491558978247,192.56748910798254,190.09187948890153,191.63521007813128,179.71727912726612,178.2688313620347,,,,,,,118.88812722703577,95.8641073927383,128.8311778950139,165.78669494948556,188.4387127009215,182.3814974571099,206.21456564049296,233.26772034085934,247.69121609477335,,,281.9008047769888,,
53,2005-09-28 21:54:08+00:00,,,226.46670006299328,,,,271.4306340665844,286.53378480717294,241.21726482266442,222.49996125051715,201.30395445669393,189.1133471464337,191.0467634784259,187.76118466960378,179.19266519870803,184.64221897924375,178.42489181272384,159.1251040606987,,149.5773230898508,155.78750600515465,171.55916686652748,194.5282690267793,220.07285316730076,237.11528781129516,257.79026596098765,260.65528978251103,245.82264964880264,238.57566181086307,228.32283702686524,222.66539484183326,,,,,,,,,,,,,,185.64217713055018,175.74637967279585,159.2600015633401,161.94274681592634,169.25019687086126,179.77039706323427,192.49531022660304,197.13264577191063,201.76008092517952,207.1527631581114,212.6331252432723,215.83835674398105,208.80324382201417,205.173991528259,193.4433168331298,183.20850646025715,175.8378474339541,194.45201673909543,205.8654802508341,194.75097338753886,185.0566188228255,188.93852936021094,196.32552554993194,194.25352106100837,177.42780744590223,,,,,,,,,,,,,,,,,,,,,,,
54,2005-10-30 21:54:03+00:00,170.66006202849042,207.4831094023504,230.67766870956638,242.10956273978036,254.10317089332062,264.3072260680942,256.298908197317,256.29215212549263,245.2563056649992,225.17099104971754,205.44197040582807,196.72489229999474,190.34954268727193,184.39048206736794,168.650581956831,179.86526327274726,185.9065861473754,184.70706480312947,185.86368142179978,177.58182846883523,180.79724227984713,193.8886356934685,196.40939401339628,214.2132417343904,225.12423389348874,236.5083261351998,241.57775702465128,236.17092519759035,247.96630428630056,245.6474354157211,237.33525859343266,225.45716604682465,211.2944408098289,198.26944284453074,179.21828479369407,165.67195150992734,155.846437030186,145.6424278713207,136.77477183187182,133.87382866284136,142.85652263966165,156.44970364003447,163.99727687694715,172.3964315012562,170.37513723510483,168.4630747612016,175.68034642619344,155.80888904328714,161.6152176117505,179.49657411080182,194.62590655485798,189.0247915162379,193.02952247212377,210.25120695173572,216.32106459332462,217.71269581720927,211.61996173976758,214.23534390414352,208.59048810638248,186.54455329494215,184.81950149349814,186.3087018392071,189.29618255035547,187.32420239895015,192.35522245727765,202.1803749812267,206.82675379725964,211.2771119221361,202.17234235283058,199.40715710782223,194.91903722093411,182.41436820903624,159.19266686255304,153.03380647916822,149.45304654285877,139.33185534165878,147.8991649271372,130.47720839885307,101.34664316739735,82.48005464378546,91.46451278772899,131.82984482749384,,174.68178413590846,200.40859426399155,230.72327943649427,238.53742134025657,257.82833207277747,265.0754052395879,275.2241728323455,260.5138118996387,254.555959629797
55,2006-01-10 21:55:52+00:00,,,249.0941559199687,251.7498861336132,246.93179698609447,,,,231.8575901064153,225.9357020314643,210.5465693076815,201.68577318116564,197.22974840358583,189.85159202732535,179.96888422103055,176.14645931627373,171.82780990731757,180.2625826136297,,,190.06259107578677,191.09205466445906,198.1071419404685,208.2594795205734,229.8360835061234,241.58451744459407,256.60947922023314,259.5890653374666,261.6531914995198,251.98725970707517,240.0083068471078,,,192.90236713534458,191.41745585746506,178.35000516907235,171.68870277217113,159.51278501213554,153.5115946569765,152.85706720033525,153.27383699880403,154.40748694726,161.11741761592864,,,151.63442024414252,155.90885353196964,172.808303684846,202.37140360544808,212.4758496523136,220.40485864105037,212.29285660534993,207.2088454908751,199.81417989135423,204.0110835161597,215.16308009381814,,,217.1337018242375,212.4875494896308,211.8342664028291,212.72698300113868,221.2142764016752,220.98751897684087,210.13907880784902,211.32170375138972,216.56616419388118,219.89207847312946,,,,183.38274505700244,165.13787140828228,149.25474747512374,142.45424440277284,143.76694513749516,156.43036477010767,151.16038716761358,119.31576529177357,78.92827302426912,74.37168723932785,123.39074561597016,,,,216.6999386477634,250.0396102878842,265.9223787235749,284.69587213549966,286.8174727125301,275.89406860730054,253.64754317169053
56,2006-01-26 21:56:00+00:00,221.7190530542768,234.98014964734605,244.7867879493924,243.55017796739443,240.3601003500987,236.54726484624302,234.3783375667339,235.8911022836545,227.33096561153852,217.7196135884014,,,193.7899585479973,185.27502841405808,174.1123056026466,170.41314682508357,164.22541705647944,166.67616409943406,177.5507040763102,182.35894491307533,181.24966009895374,186.72050087465465,193.24028273729684,,,232.82297142540023,244.60150371597325,246.7019972188415,245.4907465596222,244.25091794789284,236.7487979057762,217.29118447138592,205.14353810739155,194.6009291560368,186.6542732455487,,,,154.89749413453066,152.8211447635175,148.1013059336818,153.79216038849964,160.1680556288502,153.319696717215,147.80767511698747,145.1935676984976,150.99081994077522,165.56375974388922,,,212.83407429648102,206.81018530295864,200.06272232188624,197.00942293165346,201.32924869215074,213.60396460946026,220.49952831418173,,,,,,,211.43181232690517,211.51822864743093,209.12845553293135,203.82477969454962,216.60212664272808,222.9248273548637,192.82046755106063,183.79714294114666,184.5541782233244,169.34836759602726,,,145.71996937825037,159.12101883519557,148.51786462761925,124.12130774162912,89.14014544355754,72.11877995256933,97.12070166662238,,138.69718673967378,172.72924741866876,201.50262713004088,224.58495895536387,240.6380750624088,,,261.00985266193044,231.09602305053195
57,2006-02-03 21:56:19+00:00,230.4789708780699,242.2985712190244,245.697122214262,244.41238031619807,245.66009135702103,239.15208537244305,237.30909237285684,238.8900443089586,223.21823615066165,220.40162552733935,201.41180842534663,202.70813508575722,204.18720645748888,196.6666069604303,191.31018786241057,,178.4313975227536,172.69991829161836,186.29637820153974,194.5168987413696,,190.98800872087799,193.18205687825835,208.08252540482042,225.10165386466832,238.9418859052111,258.4416631679695,,,280.1674586828937,,236.62217336102424,218.95465290110607,195.02428349944924,191.09262883284134,187.8759658877244,173.7960587471579,177.8277896956097,169.73655338903433,156.32802002596438,151.6104418847515,158.49199760043928,168.37313508260115,159.0489881099525,144.37671680172707,152.20381204421176,158.84729476974653,173.30482919674287,213.8785522708959,229.24437501993825,229.10555774661728,224.5271758412087,203.1386719219671,201.3618449572176,207.2426750551195,218.07278674682078,218.40718350371358,221.23439321049466,222.08728490766825,217.10601883479865,213.55275129597177,210.57014971384666,202.6190387109397,233.78219468511122,,227.89659563316727,,,,,,,,172.3028725318878,152.7597804431587,157.660054304302,159.50715329809447,,,,,112.0199934748777,188.31304140493023,,174.62948154644513,212.98745555039957,236.26277316976623,,293.23941551255166,294.69091131446515,276.77777473826154,253.82232331888545
58,2006-02-19 21:56:39+00:00,249.44846280520622,251.10233727440834,254.53178170396401,253.467396314483,244.56576405319353,242.58441224887093,249.22229247228447,250.3660712933552,239.95147828377534,231.28619588112286,217.77847014315154,217.54790397397866,207.97517437808892,187.61871783873968,179.89985604004727,174.43999889867524,173.3874493186384,170.8470150128734,178.74956963820358,189.8031887323345,195.7163831676684,197.33672634111414,199.64619069493807,217.53689639872238,225.2732098773523,231.47096745314371,242.9913591588925,,,277.1886067829559,,246.0231644292881,226.7366399238653,210.73744757225282,190.94090400035782,186.91450068041465,178.5001500997104,169.30161851487344,172.66614017969962,157.77234661725123,147.33503457821166,151.0379825239951,160.28630456650893,155.63041059371784,149.93122224171566,150.81219997567007,163.46478126640426,190.5111341513766,218.3882603775249,228.04877077128597,215.2759815622083,216.1048950340235,205.82120361852793,196.49373338701278,196.48604202658848,200.93192109960236,217.19361643019326,228.8360912911316,219.07960140859112,216.46309255666046,216.0669077171404,218.92223476981684,209.2103139528204,220.47920369151862,232.2503354928885,228.12773509238417,222.7038285599119,225.67272504015352,230.40628878904695,,,,171.30196205096607,165.86163886726303,161.72622703762121,155.72736515505554,148.0937943559482,,,,,123.42934685431594,155.2952733857401,,169.2092056817662,209.52059425289224,236.3072115311898,,289.5137478721617,289.569648519669,274.2724160957911,248.15114918434426
59,2006-03-15 21:56:08+00:00,,236.010023158308,254.32412373833736,243.84364326838363,237.68018559214227,244.22217176447975,242.961361089261,234.1225001966849,231.75893597171927,218.57954450218642,,,192.80227530266305,186.8829704421028,174.78529486250073,177.4697276502361,167.67900120365204,161.12367607082632,166.55117638458927,180.90938030319654,195.03002923601252,203.7514391134539,,,,227.72981818046736,236.21133844405335,238.29142929474858,239.35260156465415,277.3150978907968,236.70143448702078,228.71972744426958,210.22859731622205,193.00781793564497,178.12256203406594,,,157.81051026593403,156.84574609844447,158.81807239341373,156.79478730529624,145.5528219590726,150.19170865625887,160.2229974590022,156.09198109202242,159.51715131402312,162.6082477637134,,,,207.04888841460027,205.53602013690175,207.556314363755,201.41964144195762,196.31516016417328,198.30797656141578,203.1317463623393,214.03431292468704,216.79014045101036,203.86497763698196,,,206.18219459882522,205.2112646689515,205.58257982162291,201.77746258561407,200.51519899267933,195.61467875249406,193.0461992668556,194.93683070605823,188.81806224406034,179.11145383991146,159.37943178790644,,,,159.0980054530841,160.60538660709094,136.83316204226384,112.77970603002245,91.6484572551664,112.02944843141913,117.09726974696352,143.7941697358376,157.8278600679531,186.3862912508884,218.074851778099,239.67280675623354,,,278.97037129676835,244.1309709689399
60,2006-03-31 21:56:06+00:00,,,255.47824865538615,245.98956780328785,238.3107765951149,247.8809168115344,237.95680129855157,230.16091011303794,227.95771850549957,,,193.12483180726778,189.51847172530012,183.07252309516113,177.52718370301875,178.40157906154138,173.45921849918915,165.36634725940002,167.51063148386177,184.15484430434748,199.76083344515757,,,,222.7262630549215,225.91225613781435,232.7714928577245,238.64136170876517,242.15286337831114,237.9231242341682,233.8239907567913,225.2409264383074,211.4836709067772,193.2138640125407,,,157.85477411125683,151.61684435679595,152.18905397765138,155.99270021013385,145.08231507992107,137.89160145344783,143.04569942775709,143.5782954774561,144.39019914716735,147.12327547915942,158.49408511206462,,,197.73553170474,200.09985065010724,198.3973487088441,200.9334788327403,193.2019357370129,190.7213758685784,193.95573304487826,203.80051583052776,207.4576678280841,212.1421109884646,,,,204.81412174157052,201.17965895690685,197.81223308147486,199.64379971900757,201.72656573507862,201.57449817594548,198.12339658610995,192.88304438819205,191.18962571444368,180.0877123413324,,,,,154.56583383455273,156.45257302203612,139.426122600561,108.81201786231584,88.98553233075506,119.81624260995,129.0925937211766,143.59978646727205,142.94781083953427,190.99333030080695,225.63325537649442,,,291.34453607282677,270.5855999183601,239.60884817450707
61,2006-04-16 21:56:02+00:00,228.28558627579946,247.95820284054247,260.31147458175815,249.59832668342725,245.0919687397823,242.24730948782434,232.66454059984048,227.79841054213097,217.20190130420957,211.66185954132672,,,183.3436926664536,173.47281665085893,168.87039386735032,172.21799643361226,157.30247696864387,162.333970339542,168.6640013365356,180.407032960735,195.7211345779768,201.38556888050792,215.74049885524613,,,234.88087611455876,243.838286602814,245.2425791982922,248.64433959192655,246.7119262259983,240.5134417139956,226.62339846982695,211.33083767218199,186.21507225440627,172.12309183741482,,,,161.33490352557817,156.87035323148535,150.97359739580156,150.04858114306143,146.37594315255328,150.48467440704272,156.76311483007154,158.2857404133592,179.62320564862176,188.02451718610402,,,199.92531784299308,203.96961301548697,211.2101342460695,203.21794137946762,193.84819206885618,193.78824430680544,207.6706256793942,216.74315770320902,221.2051591421862,216.60341584162137,215.47230580800274,,,215.65206770466582,211.25194769641251,206.4532280631463,207.4879726411633,210.5505298880456,205.52453839723333,212.99688837152323,207.31043962539073,198.6767449096138,181.02137771280357,,,,156.9585176012807,155.16153846749643,142.80444350777114,134.94078259039455,128.91862029944102,151.57500558646058,153.74492161961257,163.26798908722,168.59555859044957,193.98245065236802,215.06491775615444,229.27988245528113,,,261.02101991171685,235.18869233569325
62,2006-05-18 21:56:06+00:00,,,252.54847576726692,247.28731852802454,,,217.68276742062474,216.7495006995642,202.6943474698527,197.69328371496474,188.1086648142202,177.6426234513947,178.98762480265503,166.60596007898405,151.34410966068228,169.72396642637366,,,,162.0828287613566,161.65001154175533,195.37656502257704,,226.76903437540093,,238.23230881772386,240.30835076672153,251.09779138534108,249.42566830891187,,,238.1331282894708,,,185.31948245438565,160.23995679278997,156.3644190219192,156.08561597302185,168.7518300343909,150.06672298914285,147.7682106513274,147.0717984511162,,,145.9481696978389,169.11161435893595,186.99312254566908,201.92407600039394,191.56927014226144,194.46464984457995,192.34222727760292,195.02427208284894,190.39696876440965,195.17698198108457,,,199.54595405780165,216.76571002028444,217.43340925909698,216.8295229571932,219.0293828212212,222.1688947186424,219.12089583002083,212.38223644695802,212.28840398799755,208.7058009754174,209.77984806373817,,,213.92478267752077,,,184.9618920907283,202.39277272070828,205.70622040529892,198.4883699341942,182.29088053042892,170.13246734580002,150.72375537824658,115.91483052420496,,,,227.24042115772198,,249.36094998859662,260.5652896441668,,314.93165695785996,,,
63,2006-06-19 21:56:00+00:00,,,,,,,,,,166.9551302462336,166.00156375742395,152.09296128940647,150.27654532360475,,,,,,,,,,,,,,,,,208.11695130932804,207.07949390895837,202.76744216728787,207.91041875551,,160.8678405975886,148.60497903466364,136.04556890673467,132.83505831064878,132.95911285260513,,,136.13990412386084,113.08724977416658,116.23676119758301,144.71278675624734,165.25851392435055,165.5412188884188,166.61833975122852,163.6314351083513,166.15646000573344,182.0237677450182,,,,184.56016349085235,179.25870013521904,184.20533562714365,185.39810757347655,181.57374738220773,182.68489121122892,185.7425678355749,188.6921416732493,,,,,,,,,,,,,,,,,,,,,,,,,,,,,,
64,2006-06-27 21:58:48+00:00,224.72053373141492,250.62256215969586,255.72804145130064,233.76457345649368,222.520338770049,223.8517898954328,212.67717273736488,202.53554801364632,198.72689393816606,186.0062555098193,183.99184318349475,182.91872035077344,175.33696454016632,165.8038470119289,169.4088463923388,172.1540886368409,161.69651632616004,153.0209924660081,154.742089906007,157.0495531614972,180.3181390932486,196.15461971397133,211.7312610620326,230.79792512987007,240.26363360822688,242.35637524397137,245.95052738670904,238.49993757162272,237.83491305674298,230.8269775180051,224.55208094600795,216.48477829195292,206.41632453835086,182.21277318324596,169.74774454559153,151.54348281186526,149.98790630927405,143.48842515718277,149.4878636973673,156.80682880268233,146.1772867808195,138.02787337006893,138.10478451188072,142.06154715500247,158.19274710397485,161.8332981906184,167.42447879507114,168.32819435757688,179.66786221518694,185.44734345190167,180.3127804043844,189.29511981790296,186.54817389345496,185.33836277359168,195.58561231538894,196.83335731490146,191.6895070318836,195.4927851316971,199.43683847747062,200.01801961699644,199.16351516392854,207.69304142675094,213.9000428578463,208.09977146827924,212.15036676241053,207.97440224259415,203.1867214540878,200.580089346883,200.50509315629603,202.25111372205936,199.64622480277367,196.1091562457166,185.7333016538416,,,,,,,,,,,,,,,,,,,
65,2006-07-13 21:59:02+00:00,218.9603370220633,238.17983166786684,240.20707453578706,223.92544026646206,218.10743758696998,215.3579331727571,204.43710510603276,193.5169439421077,191.16630512846382,172.97727178315193,164.28659005059114,165.00556298504117,142.58050613093877,146.2934622486071,147.87636568407507,157.9305619132079,149.20657196179573,151.72484870900084,151.80099784682895,153.41526998687357,168.62436449565132,181.98669463046596,202.91261249569482,214.54450326966418,224.06036714284764,218.46646129339118,234.2426316619159,228.441922465712,220.488256238362,213.2188965214657,201.82022541345899,196.49452371133958,187.79859296296786,171.73067728432403,158.55727265616486,148.4769948818195,133.72616190283827,129.5249238510375,125.10436842346849,134.93877664396024,134.87810908977013,129.9856631415926,128.03158971259597,140.08377075634138,153.91743552715775,152.1739762834088,155.67082083336058,172.10859530593874,174.7220886829861,174.84812310907566,176.32133818316686,179.55014145282252,184.46803689447367,180.5977513662616,176.54761168428274,181.6733676363717,182.53270395647246,185.51310281747826,180.57210570590587,177.5412014734477,190.38413458188379,191.23377452905413,208.46075760980912,209.79190049395245,196.40343510090997,189.8037433686631,,,,,,,,,,,,,,,,,,,,,,,,,,
66,2006-07-21 21:55:45+00:00,,,237.6108470688606,225.39308792412916,220.15710149385473,,,,188.4476744960444,176.1784182068035,,,,141.10704421288168,145.82353226163,154.99192259174723,,,153.44905465453755,153.74133912026514,170.98267950862862,179.87715356961854,206.0519709056088,219.9862353456979,,,234.8060371582201,230.3490632615909,222.05266225593087,213.85749855562094,213.8550446218407,202.52730622345842,200.8726238985516,188.2332876246916,168.85427914502685,158.55449155920974,,,127.46197467893003,130.26037117168542,140.7036461934296,138.90089370550973,136.76185644558103,145.52515595399728,175.94414611549837,170.26525653646934,171.44932212092695,176.0180165626254,176.51387409824991,,,190.0419072639321,199.60679388860143,183.14714491080784,185.60661350101114,181.38421405710898,189.22975262798934,189.9535031647623,188.18707625529572,184.86829617695503,187.40594874246761,,,197.82626078452498,197.81376168402446,189.37056710200395,188.78631017022082,185.4555127343379,186.51120636479814,177.9588602698048,177.66045381186575,172.49912958627218,163.3753895916852,154.08657742207515,,,168.710310825943,164.62456600104417,149.18902828702267,123.29986631207619,115.353990246238,126.97341428614895,,,,,,,,,,
67,2006-08-22 21:55:41+00:00,224.47365878960963,238.19794671529797,242.85419894474447,231.7539896020402,224.5582870133353,217.71628625690082,206.15763332535863,194.67895638435732,186.68179759863796,186.05140947635516,180.65984067675763,,,147.58674121601422,149.16323489343566,157.6965912873854,149.85832503315027,156.59068546239556,162.4406372416178,166.3732149557857,180.0496977532706,192.1105156264475,202.99211612680912,212.68830607263206,,,245.58487454253657,234.48459016653388,229.39672809322042,217.14102573174947,211.85136957792986,201.20669767226244,198.87869685614717,190.98992604166818,172.8498488987206,157.78305951389473,138.42114104531126,,,138.72978672227262,138.1902497278215,134.71639247907993,147.3267020645941,163.1680163018424,166.06246117731152,165.4143419696544,170.88634899266575,176.7285367009394,186.5960142512672,,,189.64097435852815,192.79995526471183,187.44805375730925,189.34159428324296,192.74177875164133,195.93935644115038,199.4447093432513,199.1264233697125,189.70430624669925,191.36262563119408,195.79841125014713,,,207.50875817203234,,,,,,,,,,,,,168.07255904357305,142.084836265269,106.6819381344707,90.46703492741659,109.26831312156773,127.57214705867993,,,,,,,,,
68,2006-12-12 21:56:11+00:00,,,,,,,,,,155.73340242469433,,,170.96843316458944,190.36159066792843,,,,166.31052300563115,,,,,186.25159935735581,186.33393980858503,186.5584737976767,198.6434841252602,227.51049016356174,,,,213.00025978365508,,,187.74563426414375,164.74879337437386,141.69057605492713,119.9112005295885,128.68228657621677,134.73386932796745,134.90745135894718,,154.03589637561572,145.1480272030048,,,,,188.75918769267219,180.13833893711865,172.47103511326975,176.32194174021816,182.4743143959405,178.82387443218366,182.46792416581013,189.45744867545778,183.5049240365916,,,198.82454950455872,204.27225181031218,197.19342446172442,187.2012820167747,177.03533627730445,182.15746593491173,206.89238626892302,216.07820738370495,,208.34542081851336,,,,178.9073453061427,161.82760698551218,147.08080168156584,161.14926558268078,182.65158511919742,183.7987287997108,185.9474792718673,,178.49177969298336,195.88675086745192,,,,177.1046283582419,207.3850496789219,220.31528249818138,234.63393260043262,235.44979247487498,230.90242757171626,227.3357609224759,223.62910501583306
69,2006-12-28 21:56:14+00:00,271.89721699907386,,,,222.2108766985227,,,,144.18742841935224,133.97926036860184,132.19223773374557,139.9209190991176,153.18554081480977,157.61734121758508,,,143.1097810993974,152.01423374922123,161.1377793433283,,,,171.75596272861503,167.63355175481564,169.45184095963413,176.67297921358886,202.07086255989446,,,,191.13137636443304,181.72466559153466,183.94060984950428,,144.84524906061162,127.24274056430662,135.73408560334522,112.23631339449787,,,,126.94176035673254,130.68265240187444,136.15089607089402,159.70398535642656,,,168.67520637781956,161.19117675816625,149.27184449200718,156.37135503161713,158.2475607976089,,,170.55242730313137,169.63720136560397,169.0293186234844,171.79496697946962,171.52009143562162,185.7986489247332,175.6409210120899,169.98990344249813,162.46187915086244,166.94443502000055,,,,194.11633836216095,181.21055113901835,160.3184059331121,154.62001624896766,143.21778411161992,131.9615199411524,118.67339439866791,125.92414532453913,152.751714832218,144.5004249628252,,,143.56790425455267,163.3628909531433,175.37786711170878,,209.43446276267855,155.81952405495574,184.8113008835125,196.92249297051723,208.8340082007581,210.5321263603811,205.68145920373,203.70846846212243,199.921524562159
70,2007-01-13 21:56:14+00:00,267.7144668227514,265.0558487374707,267.04900834924166,257.85739235858966,248.32912429128393,257.4171749895027,,,,,176.5150845636094,173.40999349502349,179.81287380310238,183.6599841051548,,,183.12589066281092,186.50206332412395,202.79528531837352,,,,,203.05684243868387,203.02724939149542,214.0214200102969,228.91322810876943,,,,232.27219026714877,216.04839255099068,209.09720053451704,,,162.87483100149933,145.0591355579972,149.87751234922004,156.16391209255696,163.28963965495754,,153.7251435092168,159.32686654863835,163.84979523708324,190.74641578860405,,,198.0391576071995,194.50491979740838,186.19814589449413,184.08056804373166,193.14160464594812,190.5582544881433,196.5424502948869,192.87159429838385,199.330141525271,198.57186367098353,199.6951746240071,,,202.96720777261137,200.60642507926102,196.1984451966441,205.52544974864745,214.1789454771621,226.78906634350264,,228.3482951106301,220.9342007239182,217.25102404167066,,,,,168.26054266531762,188.8729966978013,174.96217189414716,175.1428110711632,,,,,,221.44467539899773,188.12202445319693,,,223.22570021156756,227.32712171735375,227.4300705118277,218.09698597486187,208.5114669865732
71,2007-04-19 21:56:31+00:00,266.94705623927433,284.51364209193827,296.00699617726946,296.4775921523495,280.6554118110281,260.4091378365919,248.80321396398392,,,205.79203370861984,187.15140682551566,175.53009566681192,179.3705869522807,179.70162887127458,179.39812506236325,192.23180759877724,201.77002788999496,211.126797195165,220.00645255336076,209.21890024690032,,,214.1659768631794,218.83801202525765,195.8958071861382,185.8629827118593,189.08285565633435,199.39274993237777,223.9147190561384,,,213.35717039618058,,,175.637995145193,164.37867456507308,151.71847440054177,150.85604948794537,149.21181411971438,,147.8814045452173,,,161.24928720790484,166.86590763099736,,,182.98741481818743,199.3902373274871,203.9125061722168,205.8497569490188,199.04984563510885,194.75367253675552,191.40569110491458,193.77708282610547,191.03978241863243,191.2362293910732,,,201.26003469219802,191.74871923313145,191.4550318262496,193.46224680077728,201.52801717573158,,,200.46629076905094,,,,,180.64422498530863,165.2492068781284,153.79251757521536,,,196.7294338964956,196.23521772283536,178.31697012915427,153.27810089932515,145.8456223274914,168.14366133030637,,,,271.811610379449,269.323324581576,262.01073394873725,257.1671650332034,254.24279271903453,,
72,2007-09-26 21:55:47+00:00,255.5460288975991,295.65934636770135,315.8695506859451,309.5563811533717,302.21809457819376,,,256.826219486089,217.35894044307625,211.2110516642068,181.4331744017182,175.87327906645518,169.9965280013762,169.25342528209097,164.43542792596608,173.9755585387135,173.75126618187718,203.0356805300529,,,205.66976687203598,199.84536101687496,192.369874159512,189.7156748617302,199.91696233615872,204.73399728730175,212.65284052223438,208.86558265915932,206.90223735707193,201.55184530442685,,,217.3953547729217,209.59279575044366,191.8215957754283,169.17352652598285,160.474580444587,153.21541198486943,150.8270280049651,,154.99954424964136,151.72513241963125,,,,167.3001487212858,185.5869059151912,189.11105650746475,204.08761651588011,202.9205765130212,198.7812962025639,199.5601910683498,201.44749875766132,200.02834643821606,195.20079019528976,,,206.0827780665319,208.26891157935538,203.75778429277702,201.98373823871427,196.17762399177894,198.36884092790078,197.74314064300933,,,194.903050089823,,,,,186.13299320297548,170.29676250358673,170.54033144648557,,,205.2274953381576,193.9478923871763,176.28682614797057,142.64538417699933,119.5664184363081,,,,223.5310196495568,251.0514980558199,277.249465977499,285.60904945656927,290.6120516889326,277.39968881107626,241.86624848462995,212.12144450195288
73,2007-12-31 21:56:23+00:00,337.37444186016904,327.2113051034644,317.60747165273114,,,304.11045424378773,287.2388096775757,277.3598449000088,260.63854420427975,225.81397414831332,,,185.62271079482537,178.40087328327348,172.6232872973883,,,,,,,,,,143.81111284677826,157.7326530701908,,223.53696733534434,,,236.49780575601048,215.75886144427614,,229.11425498288588,226.39316708270368,,,,142.05482414194825,147.58478889460858,147.23787843223354,,194.24173151492346,177.57627396461265,161.22257551407046,173.68572032236588,189.18854538393035,,,202.93941211042636,203.70350569672158,209.60592499267247,,,213.5123639338959,210.11188237215615,223.0307428837025,219.96608847247646,207.36493020022533,,,202.32831339432366,208.57637680592254,217.93195389916002,233.55716579456924,214.80906984341726,,224.6195698000816,225.048002906794,,,,,,,,,,,160.8747016724581,135.0998356271953,137.5662593068465,,217.77698368426752,,,,,,260.7516772993518,201.84672780573067,172.35122437952725
74,2008-02-01 21:56:21+00:00,318.5485382597335,308.63421910528024,301.6353874397916,,,286.531245839784,275.8851895625498,263.7201865811444,248.41909579818406,218.4181344099803,194.4763270988027,178.85050821934874,169.84568313776356,172.44430044847988,165.59892881809515,,,,202.87191598604372,172.75695673665618,163.22864959909094,,129.73868818292055,129.53416769944144,133.2322024822435,151.01628569875228,175.31382196375097,197.7198613498362,,,217.45932986750591,200.09776217149496,198.555353471502,199.97479310503982,201.78844618616864,201.63395804651017,,111.73772684378662,134.53107043083844,141.06838564668766,,,175.43933025787345,157.67798256083182,152.5485505690583,163.88364875369035,173.99220048429066,174.7852238452158,180.12345285290007,192.00065589279873,192.97986708096084,195.20455428784436,,,210.33506136573934,196.9638632405657,197.33739952011072,199.03501236858395,205.2652763749866,197.2694891223412,193.59033729002186,195.2119106758187,196.82981130996842,193.8342936277025,199.71759492764147,,,,,207.1174183404036,200.4385249422508,,186.42424967438293,173.17936255421571,170.00734571279898,176.91657979485169,182.59210113026631,,,130.70111955942764,115.34244702002158,92.92671117429494,113.98539860339731,,206.61004293217619,242.208749085102,254.7720073860208,275.28092331885233,263.7020774625612,209.61101810943606,160.91673974540277,145.1071798004056
75,2008-02-25 21:56:25+00:00,282.51840732970095,290.05761834572763,295.369893737043,298.8975150546317,292.91493508694396,271.29735004740155,258.8918921722517,256.0705958897803,236.10322890799463,202.72764592624662,183.01231648140742,169.64685221763978,,,,,,,,,,,,,,,,,,,,,,,178.33070486408903,169.46609591785287,157.2352338863927,142.386258110957,134.8852734648539,131.9329639572478,132.87795918607404,143.17526156832955,139.8715469062216,142.38179567407508,142.7934390407987,148.91220166071247,162.64133159891094,163.47563601240518,172.55658901463775,180.86207292075545,179.17229178208476,176.03491575156846,185.6338851806891,191.956240388172,193.515753636159,188.8551402254425,186.82448218974415,189.4156619799557,188.39965757304068,189.84486745844956,186.83571648993592,189.59942441581106,190.74281509847944,,,,,,,,,163.55321065880963,160.12439689188477,145.76075731503292,135.9392609650223,144.4203405916511,158.6250117440979,152.7748547877138,129.02444280611178,103.51403921845264,100.41699423743462,99.60496029736885,102.1045276393421,,200.50275631396363,235.26685961869686,252.34247636240278,261.39052224195007,239.8276973637714,187.43292532590362,148.32093198731957,142.79293539157982
76,2008-04-21 21:56:08+00:00,271.741089749188,273.0503889951075,283.7681355191494,290.75373206657673,288.4282079691174,285.81670347766953,284.6670485394034,270.75845776749935,254.92777512077984,,,188.51683746562236,175.57109621575358,181.13530324067463,172.48051387719707,173.967267153429,172.82564272428107,164.7893931824594,,,,,,,,,,,,,,,,,,,,,,,,,,,,,,,,,,,,,,,,,,,,,,,,,,,,,,,,,,148.62474298448848,186.73269769031975,172.14760287753515,123.828759169992,94.5024742567171,77.8415695390974,92.01454573059287,101.97563608938482,,198.22072330908912,,,240.82662814198764,211.66852118002043,161.44313605499215,140.46493544231805,
77,2008-05-07 21:56:04+00:00,,,,,,,,,,,,,,,,,,,,,,,,,,,,,,,,,,,,162.94442012884332,153.99975275373612,144.4495524441616,146.5110918013239,,,137.99767561397675,139.58334663942853,140.5363075491239,143.26562065785083,144.45529911797001,162.20479052735124,165.0289682237887,179.02338895587732,176.35980760951702,178.68149871527123,,,190.25783306857016,190.52092461959847,180.0638851175858,182.58428960102015,186.20282317637395,185.35447925172346,,,,,187.4898257723704,,,,,,,,,,,,,,,,,,,,,,,,,,,,
78,2008-08-27 21:55:06+00:00,249.83405816699857,246.70267400292366,247.16428758991955,245.30572859613946,245.37456520657685,250.32706941438013,,,237.37845664292362,217.78084989321115,196.0827411165273,183.41980041369595,169.08389043734783,165.37134406012973,171.74578299192666,186.03549118571237,188.09008405988035,177.94205354055921,,,,,134.69506744334547,138.11616602998618,146.85833553528693,156.99527520854187,161.77372107315227,176.5511964983302,185.60188593420742,191.3996739799731,,,202.94835274382058,192.8214427089218,182.50617238229873,176.171258984451,176.47383392397182,178.32892460609065,175.50709324055094,176.5757832799621,170.08794628790346,166.0285256303545,150.9077312833544,,,157.41788083035217,168.12383448548553,175.56242592019873,179.94484892389366,178.93364671199615,169.93382066446367,173.24672258245388,185.78089180945227,190.18042246478058,187.30295042736145,,,189.09064548035002,186.70082154014978,182.53190912695763,193.83891148151093,200.74757279568968,198.7729915532318,190.61841225051802,184.2312882583709,179.23712022262788,184.77220291178423,193.76933944463963,,,194.19353222033152,191.46431191874683,189.94007971983245,175.65505830918136,164.58953380144538,169.59560726188622,172.69935507452092,167.78507479487442,155.36673345211386,137.0098289198583,141.69592652702917,,,,210.52451368889962,217.39134471263196,,185.10844049224724,164.55090905813663,135.4271646304479,,
79,2009-03-23 21:56:15+00:00,241.06736849416956,248.42522993184178,242.98731901943478,233.1956990121756,219.23693589616215,203.58431887516107,,,195.7020824736549,195.69247382237228,188.73162215605439,193.12381420948364,198.28456926879244,211.7842909454065,220.4087934284991,207.27580363021713,189.36463478834355,195.64990891473727,,,,195.80624988594707,182.96904842987286,158.69057073681694,127.72326437247018,136.07661670123545,154.58074428844475,174.72128800941576,196.21252801571788,208.53537720582105,212.31221934059187,,,218.67390990876734,199.76061956121126,185.85745605969203,188.47360298538777,185.4497205118111,177.11012748584506,173.4421318101703,170.1098857460118,164.32962298891394,165.23031891837502,,,170.40949913319844,175.9456664130167,182.44004254308535,184.3450105559801,179.63487971593028,179.14298684096624,185.87744010655925,195.19321559722079,200.08826592620449,206.34157648060392,209.14954230908103,,,198.2480290502097,190.70541464309503,185.27248668396655,183.47295967801622,190.56210369311535,204.24054794280315,209.56834701986634,202.91387531376685,198.11777866613457,193.89632728413466,,,184.36867622639184,179.0742399066199,169.72547591251828,164.7264729017381,158.1202680391459,171.95000425004199,202.25426642481477,207.33437777784553,195.16691945810692,170.60800224382137,139.36796702932503,129.9551084998923,,,183.80164517338764,191.47525013719172,,160.81764828867355,164.90959864669168,174.89830546262743,191.81441478951737,225.87707710598258
80,2009-11-26 21:56:28+00:00,181.00841505307193,174.94290619282165,169.23328853683643,169.92052381066043,167.87590505403205,173.86275464390866,171.5943266573654,178.1621897711593,196.90159117278878,,,225.65531145069656,219.1589775586614,211.0429028590517,206.5722599639691,193.10565259777985,181.82488379696878,165.60148024264225,166.70845034236413,159.67608485911427,157.13952369425638,174.14187999503596,191.2361871269495,162.33112397937055,148.8788951511157,132.84438854394864,114.84419752221123,116.16185607685699,131.78955337248019,162.23858644344725,183.52615077078465,188.04245491705183,184.2655267375736,200.97243751341222,205.35448600361067,198.50230466327406,174.27418397762705,156.3690813777265,147.60761832898987,146.13445276324725,152.3105773239264,162.73284941791815,166.44844674300097,167.51077875705602,176.38805026865904,175.30317447119643,172.30766594781488,162.68896948080868,160.57179676048435,159.59100917808968,174.05042365011028,192.4922796674558,185.38809088991897,177.21666456187586,171.99726744331767,176.09569700680456,180.06340253896084,180.3133122589873,183.3197086575269,195.6317877092583,195.0099104035915,187.20098914503586,182.94472828781844,189.04754117348276,189.97046435554313,187.63671049905327,189.4476057134207,200.64116926639795,191.81752088480832,176.67400895486549,174.50843623133625,170.51651363803904,161.6382809472103,141.6808870617627,147.07120782916965,172.2985635492603,179.7475933365513,,,,,287.2407787239678,,,,,212.4514912922014,176.03417092797815,154.69411992065653,157.77849630625016,173.81427762328727,207.93139666915945
81,2010-01-05 21:57:24+00:00,189.65275379108414,190.87626051389861,190.58116418780756,,,178.2567916859485,180.1083934497768,186.2267837714128,199.22699827430935,,,214.06060889475887,207.1579798313866,208.9796443970471,209.08377927336429,203.01477827309532,,,173.09925271623993,178.91966443140652,170.16138092378137,175.290110737064,188.81662834033804,194.15553299474738,166.26981129926745,127.68774441856118,119.53460843104583,131.98285341394447,139.9010286181351,,181.31614950477427,183.96889725875408,203.08556046254446,219.69990751391182,200.29395251716107,195.79257908435085,191.68863093836387,173.4323828251738,168.27205031590736,169.91542699936838,171.20257618986784,,167.3983428692096,169.17659498160873,182.4606320780139,183.43115409372555,171.9224684001548,165.66113902793796,164.29720468618302,165.03694192409705,176.47326210473517,189.53310576518192,205.11819947657617,,,177.33833590673513,181.8686060288425,184.51125950963947,175.87237072669544,186.05478741055524,205.20793113867467,208.9538104974044,206.46988798276567,201.012899686058,200.02175071352863,209.0928258738932,,195.4182082727379,187.05398124332913,188.190862392706,182.55661224210354,169.99582572218105,170.654070610289,157.47911800477738,162.1079707635381,193.8735387012169,205.4777549246039,,,,,269.6021896589079,277.82267052121165,,,,,174.0945376961842,168.07647568099674,180.00052482084982,192.24675568092783,226.58922665360274
82,2010-01-13 21:56:49+00:00,155.2065705347571,172.33427719337197,186.81270522275506,177.5657976774572,178.10564190029277,181.8406044324115,180.7441851009272,186.36179839930927,193.59286027157873,215.45143359676166,216.97531111234187,215.03223426586771,211.29109276905584,206.3961221945594,206.20884829286115,207.465600695127,177.53215614785728,173.53763052715317,168.1120378734216,176.924649437937,181.66380231432606,186.87078853558342,197.86589862758825,199.18521566770315,172.62529995226404,137.7352591875333,131.87874733958196,138.1423508481436,153.8181925286953,174.08777500068157,185.2007339988191,189.69514813803335,199.82082081069075,208.45108192894037,192.34439702586192,187.3035780031411,176.66262016262988,165.35600362441187,161.18453264794772,163.7997493076876,166.88732339321672,161.87662296799752,157.05128213283308,168.42791897547784,176.33135577194292,182.6116206934587,173.9287416338478,165.38884630332734,172.79916070053017,176.57727145081253,180.4637184877401,189.91238186992626,199.250707216293,195.23726918840336,180.48903003240733,180.65436789601685,186.69767080282003,188.9526429036626,187.8914802051585,185.87218585482037,192.8704149128974,203.61449116707774,200.40763533587824,200.28071100976,201.59604783185046,201.9572373589517,203.99654392378892,196.5059039673597,189.66304003126265,193.95217704782468,192.24403606353297,184.03163152070303,169.89731841303927,168.6337099820428,165.29357054336097,177.25589796589142,221.9361847670699,234.60142508527218,225.87025487339668,,,252.77534320774586,264.085549413485,,,,206.53235318568278,175.95089973153696,170.29183109106594,177.12899083907683,190.93356243562607,217.62482664414605
83,2010-01-29 21:56:53+00:00,159.3890533463272,179.32876384607775,191.07330463961173,179.84670673860725,181.4042502362107,192.47848156910135,185.48942599456228,191.57715730093855,196.94656424693662,218.2629749317095,212.37244905223253,197.38519345763652,200.12003317704588,206.39909673079072,192.62879258739966,191.00783155259143,178.25610501486364,163.77091496061107,177.55479218838352,174.46737069060276,180.29383967807178,180.90153610001644,186.6293029788354,171.61972503634598,173.4395025207064,138.67620622929036,137.15518477148086,141.04317641309441,158.76231736257847,177.69256742652988,186.73647175663325,187.22350710784525,194.3956186809317,201.83095632157867,193.33504224837188,180.0581610429993,169.54365681795568,164.63426799567694,159.58204447133622,158.5677156515043,160.7281028843908,158.5381170370718,165.17868075942602,167.32696839092,176.37352158232653,181.4399811482645,180.5869678315438,173.42395791345837,177.64578710756132,179.85095513006848,180.46377353924674,189.39096832233795,194.60621729213062,189.20832462259358,186.16388281765583,187.7827952523831,185.89850982398622,189.0618917040652,195.1845357407098,193.70927152413265,199.49870931364586,201.85682043577575,207.92212186892817,205.47236028931536,200.83371110490762,195.99141965404652,198.89254997653686,186.01950176294673,175.38891384974391,178.10702279993285,182.18080158531592,172.4435486981656,158.43931652203008,159.64410816636183,145.17937038444552,153.6691486449878,205.2398010997036,220.17255924079777,208.9925159454379,197.23227691756063,188.48495951452,218.43165748608473,226.85188834785345,264.7121714438784,231.98571163118524,214.67506829422848,182.75691099430944,158.74630749188748,172.05139435980652,185.8525610417601,187.60985004110358,211.49787390315393
84,2010-03-26 21:58:13+00:00,,,,,,,,,,,,,,,,,155.59433910261524,147.97966014412182,144.67282957619065,168.9075431408309,184.72699922525194,202.6948875451902,209.69575855524423,,,156.50437083183138,146.1698581943023,142.63705459826534,149.01437171651136,157.2467185177425,170.3329680650937,175.8526061399622,198.76650595531734,207.53585078435736,196.42685481623718,181.79094156527017,,,173.28554890935513,173.05160954838723,170.27816042750675,168.02882883442703,163.7455619070936,159.38575222474398,175.44730057639327,181.3770621170225,181.34080631934933,168.96976744223642,,,170.7661104578696,185.45113933993144,195.4506032872051,191.52910362950576,184.57123298647943,178.97138762306975,172.93301935292484,173.74956453494673,170.08192145894537,185.40758050765,188.15168182424125,,185.87667836213814,190.74824877499475,193.37666195155322,199.6228092053233,191.8186232991952,184.4080935492492,182.11320491750757,170.64857366226988,,,,,,,,,,,,,,,,,,,,,,
85,2010-05-13 21:58:09+00:00,113.1622104409423,137.48162801073073,156.66280403341594,,,170.21592214774785,175.34708723888235,,,198.86646472442774,193.79451753092764,191.23512244957064,187.7278202141126,174.80045403502405,158.22237376986027,155.56076047549922,,,156.61282194135003,175.90443067674974,,,214.99050015989746,192.68784643458778,177.83182988121368,160.08769415431232,145.04873309889615,143.1032884495306,146.03248200923142,157.51220614754433,163.97166364146094,169.7189555442761,,,174.72300926131817,163.90118230090573,150.60781365999054,149.0912465580945,153.04463103027584,157.50236485783915,158.37406476272145,156.3601144743886,150.47522364735048,156.43620662114722,152.2486871148332,,,169.56529906501626,170.19247033210883,166.49813756737322,166.75014965659335,172.56673372013688,177.75364217758644,179.42914942314053,177.43666892055114,179.66311054425836,181.645149283719,,,179.1957943375286,182.61089740452843,178.25772307665088,182.01499167440284,184.717810659626,187.81261400813779,187.51852159346453,180.89076514749672,182.61044932677478,173.4252772988994,,,179.22333315301336,172.98195487948487,166.71891962105815,151.77826885082507,153.20793712265737,215.71000851632394,219.72385590616335,214.9345111212999,210.11638444241828,191.78902193541066,188.61998475351507,,,,250.37048608116189,234.65444468619532,218.01244211945425,205.3115334851687,208.053635065552,,
86,2010-05-29 21:58:09+00:00,114.67820699818222,135.81141581412118,144.9981549085444,,,,,,,,210.5442297293718,186.88182195121087,182.93816913482829,170.00360502624787,157.67046904303098,,,,,,248.33595089474102,,,205.72153759439763,179.44732932135494,161.3801861459342,162.77683354041383,182.7844621553796,182.26171440063936,173.81457166188255,170.61852204991186,179.29744654048102,,,,176.91866629786068,161.48544091213196,164.2119034424723,171.18714358874533,180.06894717124828,191.64813306446356,187.2508466180244,176.26717306172364,163.2459142132665,169.88218003450362,181.0871524505279,,,190.15600180956073,170.6287434482997,173.85172328338774,181.16169635790192,185.55965656607356,185.89880794686204,199.93090015805748,199.40417970075626,194.5305038304687,196.72683384896214,,,190.3967216805167,191.25970984226478,195.5140984473025,197.83003844671956,189.3154228118909,195.02080170361066,203.95110249823668,208.19148275504466,202.78941662792784,198.67985392991457,,,,,,,,,,,,,,,,,,234.0021797845326,232.80756658516734,219.52581988997704,,
87,2010-06-30 21:58:13+00:00,,,,,,,,,,,205.5723798741061,179.06449485850928,181.70435646466575,,,,,,,,,,,177.09351474969253,161.23705294123178,,,,171.60747893362924,148.06693516182415,155.29716963937062,192.67403533232152,,,168.60433826873043,174.3560411918313,173.28656225337687,163.52438833392688,,,169.03945251585523,164.56957936653902,164.89018927049855,160.0094215066121,163.03556808143134,162.92277385695687,167.950516448511,158.3123536794178,169.24561846589864,165.4414810471785,,,,177.8744228945825,170.0308986930084,172.95319326006245,172.95074686407492,183.1935933652396,190.55573837022052,188.45800946874584,181.3023136470818,185.0417636460847,184.660514880439,,,180.64916428475362,184.24623127467976,183.31367349332737,180.85854949503806,178.51525532024976,170.88824125633704,171.38262421805126,166.34632946123605,163.22392642415923,163.6333903209195,,,,,,,,,,,,246.54029899524608,242.1462885214656,228.16205482372862,210.27323608405717,,
88,2010-07-16 21:58:15+00:00,,,,,,,,,,,174.60470454123515,,,138.00778743277766,,,,,,225.73499072895643,,,,158.3757331157327,152.28415071776982,183.46358522782918,197.8024266948428,182.44645762501528,154.309925096777,153.65745163542078,181.26580956655903,192.76234887982642,,,176.32012553878562,183.44520828239,180.28082574004029,162.9659559426556,165.1738589012947,170.1796507760821,156.92358265330378,164.98043900503558,163.9147402107427,173.62596974816114,,,157.49386661392606,151.80721720560007,159.0937733353876,172.27432158967306,178.60810560492172,185.2666030041047,185.66747388591935,185.50985947826442,185.4505001486126,175.84755587446878,,,,190.52311215452366,,,190.07111436463097,179.58200640023568,177.18661885151874,188.5456359777608,192.98970040494652,192.29156779695285,193.5898959466033,,,157.93878844265566,162.29875086037913,170.76767486819875,,,192.5101056849624,216.00220220649047,,,,,,,,220.7263996392945,,,,181.2884078120931,,
89,2010-08-01 21:58:15+00:00,,,,,,,,,,,201.56790694451269,176.9244142233623,,,,,,,,235.96000675720748,235.97597072898236,200.31315323839834,177.15845348493536,176.34164779432322,,,186.1001794463669,166.94773093075418,150.3768638332827,167.26651171382926,196.33952404893986,195.8915669570511,189.7836954821486,,,194.9801868811515,,,162.14322730047965,171.08302860167714,167.28923152425529,169.97773851889306,,,,,165.15730259332594,147.74505218797398,157.02614057555348,,,199.46680963858424,194.43142520492316,183.64096874170397,175.73315639036184,171.51329048537508,175.9038028082642,193.25103733374505,204.44457269394024,202.293409023807,201.59442620418668,,,170.92939964885937,168.08974773532307,188.79864556478458,197.33657690974331,217.11364308404507,211.20095514297785,192.71302198949888,188.1072768524014,174.16994209708406,182.73688753019937,190.79822194203248,,,216.8585202815337,228.12469886279396,,,,,,,211.21530409262834,229.91819307555525,,,,,,
90,2010-10-04 21:58:17+00:00,69.66541814032644,93.89184829787847,116.73558448164417,135.56296006278748,,,,,,,,,,164.48202429785758,167.3831126839009,,173.4473357064143,,,227.00933592255907,244.0405151935154,251.91564485261716,238.17268779940636,216.1640373923153,188.47900080883778,186.07693359288146,192.64413586495667,205.9720604378049,,,,203.2809162670477,210.7379722348438,205.62977624240463,191.9061060900693,187.1953837549776,182.9597588086013,176.50963485086416,163.9167318939264,157.2015639390238,162.55394444493294,172.0604535684233,,,175.37581065953296,165.2345977064577,162.17557589856642,164.4563913183705,183.28977874846842,192.73548905528014,192.5947298054478,195.03763312272682,194.19839133757455,187.1409769398829,,,185.28278978506333,183.70642303237304,183.7702096839353,190.02365818914245,196.94059648401608,207.2498757266996,204.7499374835074,200.17144626239588,198.9416847115578,195.8331506449795,204.5279227726975,,,188.50512121528007,183.59865971163669,191.48782894159845,177.90445290253265,175.4420332190649,188.3364701773504,,240.2447988859778,247.9062947072394,,,,,,,,,246.61146766421797,218.5500110026246,223.69854803079753,228.98431480805326,234.2642619972369,243.9155204539451
91,2010-11-05 21:58:37+00:00,,,115.75683437876265,128.40961225523444,144.74090718692133,165.00906912774883,179.659140510866,195.0211169513824,214.97213649400828,224.9700217908918,218.33622243508051,199.08184787968258,180.282800819489,165.1994224953582,,,164.46978567043828,185.08390940880145,200.32054807091475,,238.9823682498419,259.9199847682229,246.86238200247388,217.86575664239524,197.1559999485334,192.15656359058545,,,193.24696484745425,191.09312428032777,197.22696814616225,205.4695853958094,210.0351433067112,202.45288102888742,190.49067709257918,180.87432021014217,176.63496218143928,168.42609913784872,159.8286086430346,,,164.14316713718546,168.9879703346303,172.1638414630326,171.6955218155702,172.43782814530778,180.66220544570433,183.56316367702692,192.48502674110608,185.48154273751916,187.077294708009,,,188.39354449507294,185.21629384524226,184.87719292471786,186.26038850000373,193.9810435516841,201.1012523674857,195.10144977668682,194.01901842141362,196.01880842582892,199.91169436387912,,,,198.63194243155732,,,,185.6975421624319,188.9540383805964,180.65745775424807,176.517513297331,,,,,224.45693262257151,227.8239220465445,225.0302941283253,241.44749055236707,244.569866907579,273.5818550594122,270.2182128440612,258.56206226757473,249.28592511453047,230.19888889592204,224.93581500208035,226.6526241358274,233.5479326982577,
92,2010-11-21 21:58:50+00:00,23.211729056193533,70.8089466412255,104.72288257881891,116.65983543314279,132.45809283173313,146.15694458027636,159.57502907319557,,,215.11205117039594,198.15475410240802,186.37281060334945,161.26434234825072,153.32391056001703,152.29856000986737,160.16165476711802,168.35577255882686,176.86996279333212,191.02647855490537,,,,231.72553571165878,205.59036563069668,189.84591005206764,175.7261289480427,183.81057741816355,,174.89359920455914,177.69641831081654,175.69119743421203,186.90678671189434,,,180.31977554778138,163.88268513267917,163.76523022440836,154.4904964910878,151.6594606052801,,,137.377180416422,148.94898495201048,160.9764398861176,,,162.05743033321508,160.85071864432686,172.441468303578,173.19137548284732,174.74292645644448,176.00360943935857,,181.097175449738,178.3571234845907,184.19146524535017,182.1167136884438,,,182.9728351662614,185.44136786860372,183.489025008983,186.3142015509413,191.73573988408162,190.95424766300602,184.6633778708917,184.42104316933458,,,,,181.26645659116286,174.8091470824725,160.38118110869226,,172.0544807580561,,,229.62915183378578,221.51308572167494,212.77975420478938,248.02203549640853,,,275.67238699001575,269.00610602463604,250.33067702231065,227.22271438524385,214.25782088108744,217.09060477023627,220.14989228892398,
93,2010-12-31 21:55:56+00:00,,,,118.48811518540424,134.24180732959528,146.14384557034415,170.59576228482894,205.842989497383,236.57853820654435,238.14234233124586,210.6575725498185,186.8097466185117,157.37716209472507,149.25848224524626,151.88673968711316,,,,,,223.95631199242877,232.8601212238809,,,,,,,192.8888496328814,193.08098832526926,185.66617727139933,,190.84669016114523,206.08576974060696,188.5993541332409,178.72992023487845,182.109961094397,180.6552815274989,173.95457158380688,161.33269294921476,155.15333488915837,159.61397786003457,175.46137208422144,175.0768350724956,178.03725217329824,172.1232553538872,157.7339794033196,155.17790940981618,170.6683493135785,167.26793480368434,172.0744986323935,182.97030387533536,201.41864677457025,205.70270610075605,196.55710926918997,180.1520410969139,176.95364208066243,182.84410280124615,190.0630334665319,188.2078882662279,182.81316796922698,180.4895807015554,190.61560381423132,192.8767795644258,194.02187677788922,199.1212247564019,205.03456209881222,203.105956002138,198.58369767374177,194.45413601306646,191.94128178662285,186.574981997356,170.2409603542539,168.28404108732295,190.39382074140482,216.8148129447896,,,,,,,,,,,,270.0036709207446,247.1866802277711,250.96817253726476,245.8296032848999,237.58856011760776
94,2011-01-16 21:55:58+00:00,41.27088615720293,77.11818801568924,102.5960439444915,123.7573796390085,143.45518776142947,159.85381292764367,181.4617384273556,205.45661348312626,240.3032050711397,251.2745658285845,232.07337220779652,199.65134172844438,176.8161215269517,169.84282644912787,173.3380627456212,174.8819685619035,184.26545536234818,,,271.41550786709615,257.58311672063803,238.35723950299732,225.44939326224355,217.4714009437282,,,,223.9769090229258,217.26641242662606,204.78057583328396,203.95863412050886,221.62428727737375,225.38869817280033,206.84853981199694,194.9589903591514,185.14626814804146,186.19275316424523,181.01859799275374,173.63067025001428,171.6886313204197,162.8705736371668,163.956823083497,172.02486949562768,178.82212560478183,182.31675305497572,179.25436298083227,177.40710682270446,183.83655446381763,179.73459045593881,178.43720690198037,180.1652312705224,190.2124609010895,205.83733458320734,211.30973364686628,201.30022624661814,191.13154965502926,189.72396037312117,195.83249384641954,200.50913364102627,197.61265874588867,192.06887439479158,190.86071134651058,196.22984283347228,200.0947834873547,207.1255700841432,208.78652506555176,217.10893758704805,212.6539490922153,212.80061798320793,208.8330259114171,199.51051348237863,191.91053509507304,180.58067016397587,181.41945819881266,203.65067532642433,222.76363176385777,249.56614882159667,247.7840033151591,243.48721552053712,,,266.3461221813487,272.0459698685328,279.72295671444385,289.2055635826016,,,287.7306613862503,269.7680656222764,266.4259215540471,261.85097440560514,251.69393232445668
95,2011-02-09 21:59:27+00:00,43.493603772199876,70.51542017904626,96.38027120808027,118.96610617832775,141.37147856668244,158.97717566824346,183.2184634741987,212.0297592789662,230.6462837287286,,,193.4584232941862,168.23874207900408,150.32080625176934,152.4873413577414,160.2110302285799,174.77907122689837,,,266.7019742940375,232.47605868896045,,,225.74554951077408,,,,213.00886270311372,204.70379904412653,202.2086197922106,197.01176594916373,205.641876426627,213.72004969470396,,,180.71652929410902,175.3814809962264,173.0170673898013,159.32718941326812,160.96270619596976,163.83979714204696,161.70401429552155,173.5078168056682,167.5710743432011,175.61950186453282,172.30798968422698,,,167.42988496694267,165.86434104779377,169.85514347092138,183.90567507196192,191.4374208753713,194.41767030500077,190.8373353078868,189.08957336583012,179.49589933850893,183.97572748748212,,,178.9724038055972,177.81039616517882,180.45690286621408,186.38298611790128,193.0093514663637,198.84768103837436,210.52833937071978,202.41094482234683,191.32873416782087,177.58336651999554,176.71848586255732,,,175.06929312394212,190.8953139407311,227.3663690829519,230.55977238175242,233.26168159864994,226.850681849417,221.29216735262267,,290.56025676202637,265.17140544430146,,,,,288.2002545215028,280.52349795305105,264.77646406501344,253.78171721032106,241.96543829148112
96,2011-02-17 21:56:00+00:00,28.07616653313415,67.21029084343817,112.74099787898137,126.63690712311224,144.7085610623264,164.9587181714291,190.62640621320062,,,255.5750925659851,227.9752389519807,198.09573815274305,178.30855762381432,170.55167358516303,167.28411950204705,174.65327167523168,177.190605085109,209.4497119183676,,,,234.10472320108005,231.25525397257113,,217.48037891864684,207.3047396270258,208.0813439937619,,,,202.551301788278,215.28347707371213,218.94924770472718,208.89832761286473,200.28665071231123,184.5418131676706,185.54453779235578,178.32528103510546,176.63808589508912,168.89529054755118,,165.2255214342158,173.97892208758768,174.85214198069838,179.57495442982417,176.01202249263162,186.78853320910886,182.59373514971412,189.387105661989,186.35221130050405,184.07610039289392,185.25874602961764,196.9750219798411,,,188.32788384443865,186.1165035280964,194.30562767065706,198.46786199306246,195.78911932648614,197.94872247463405,196.63852591327924,194.4499476014322,203.75543356963885,200.31655574404763,196.442785235479,,,181.61041721338384,201.11651830690008,200.81231862963838,199.45308543303958,189.44403433811317,,,,,,,,222.382647860393,,241.92737217020905,,,277.1504213048423,275.4133848808096,,,276.7579521833945,263.75747773040445,250.67530512897127
97,2011-02-25 21:59:32+00:00,40.975551522135845,56.82185351456031,77.3052512105964,106.93990407267499,131.691082494907,146.12456213900677,,,,216.57713073390897,201.16747247964997,180.35229412826564,154.81225107258834,139.60347213624252,144.26532141268143,139.75322138306245,,,,,,197.32406385183936,195.28790053007106,212.86919698433522,,,,208.40129579800364,202.7950807901326,198.75677239276934,,,,201.92436978002746,185.92447997521242,,,169.72186658375074,163.09997069261772,,162.01592368451458,,158.71823246793298,,,,,,168.91873071600818,168.29782059767078,173.74304063510255,,,192.78113940435907,183.47030355441223,177.9125026967987,,,180.86373990506186,176.41306613024406,173.17504519577207,183.23927727774696,184.77318042209367,193.9084506498976,,,220.61018468678316,219.13767046259787,,,,,,177.6443479194312,169.8772604958633,221.33876651348191,219.78248013044893,231.53123228190512,232.6929196865127,210.38568090531842,,,,259.0863677222694,270.62843174045423,,,280.2396309054103,284.32966188543844,271.3845569794844,251.30785818991174,243.27587301776617
98,2011-03-21 21:55:52+00:00,30.66066372436709,57.266862973573446,88.71531155523361,,,157.23287031179467,180.3728453771127,,,,,187.12040402677627,172.489576667851,156.27641797189483,,167.2771927104708,184.85418747275463,231.75880008964145,245.82426761458993,,,226.3840779120009,225.18711043362592,,223.36096495822983,212.72644251707243,213.45691579539192,,,,202.78275308910133,205.85303312141173,207.74643003535937,201.67538187082278,189.4064430875506,182.18181541821707,181.96318713544377,167.65138164357535,161.64689531222336,161.76027803626891,159.86588369633773,156.91604942113457,159.15484333027098,168.10823486028033,175.72270987225335,172.85546316401826,176.8196882227711,170.76227308985779,180.10687220297245,182.56115575580617,179.29307077523538,180.93378363832738,193.84775862726667,185.56105339659052,178.92035486163883,183.5545024993794,182.72215293684195,188.544334489653,,188.85268476552807,192.16625496391185,194.8239594869047,188.87057242387084,191.40932939179925,197.01442869508196,200.93468778345016,200.17158175629032,195.14509130905026,184.53609794491655,182.3747433021334,174.9508749061238,174.01735939231887,173.35962765697303,180.5266358685092,181.960971179304,,,,,230.1320780315113,229.11774208970922,,270.58842448009216,287.6263955467034,,272.78905545987016,270.99088303570545,,,276.9152369727492,273.63938295955177,259.7161412152393
99,2011-03-29 21:59:38+00:00,12.473140298661564,33.45274862406765,,,,,,,,,,,,,,,,,,,,185.62915558453926,188.59054075213683,200.91038234999016,204.19415472606968,189.8596832530864,196.8146702155458,195.56191905388746,190.95648788154517,181.79761392025438,195.95093431599062,,,,167.650111890143,165.5127606432434,161.3966223862319,151.3899146303221,156.0235700842474,155.17663371116655,148.29189164992667,142.88558609755893,154.66938491454613,159.06392639897786,,,167.2580875136008,162.27116906540854,162.05909776853434,163.44229832724702,168.47461512779307,168.71851272206746,187.0432946159083,182.9822085135216,175.2913676877978,171.7938757975446,,,,177.55154974571604,175.88197753208465,171.96317830722222,170.49349426425795,180.05758027046988,182.62514292953708,198.58848591607526,198.26437582198395,200.04284770358566,177.79939700923524,,,167.90548030249803,153.75898689128874,158.95871270339484,170.17927505376218,,,,242.14919430636954,213.70561893148854,240.19289484870734,,,,252.109024376681,262.7626426294871,268.53426992571974,260.7705407827634,262.3806963317769,247.8809519099174,,
100,2011-08-20 21:59:26+00:00,23.05603991360737,52.261742286257146,73.09550148031498,88.47680895199915,115.98158343234641,129.7103939720557,,,255.77665411477085,244.32867885986627,203.76987952219832,180.3191356731337,160.1351545204122,160.82575620119513,166.52370306122313,198.55957932265326,245.84134860496965,261.39134650635816,255.92656619560154,,,268.7768840065305,,,,,,,267.70145093997155,263.62754279061625,230.0372261431196,,,,223.33535038378875,189.22526981193963,179.4201695539513,161.19502937812885,178.00181454764547,176.61761202560712,168.61211260772598,168.02451730338984,166.79830084484823,,,,172.23851405090667,179.0100909949973,188.3702904362715,197.06471781260694,200.2747727230414,202.17266384846803,193.03604964955332,190.98676339381106,201.99976911352059,196.77354827004248,,,192.5920751345673,203.06077585299266,202.15150139076525,195.5489961272365,198.22654331276937,191.00672165255028,189.76705601896123,191.68054790600254,179.35258821398781,203.73233805749345,,,,,,186.4705585419384,198.95958327243653,229.72111287237954,239.08899998464477,264.9074593045033,,,,,,,,,,,327.47923898595525,285.97774420100166,,
101,2011-09-05 21:59:22+00:00,23.706351307820142,55.822496247670415,,,,112.48911135613801,,,,,,169.51017438657934,159.04500806439742,151.3153763818713,182.57158316327335,,,,308.2708952485968,291.3541527881384,249.64584392908873,246.17730923625854,,,,194.47937775963462,205.92290442068514,213.47631877464227,,,192.79036095603044,179.7639283442484,182.63756794098612,,,165.20398909681245,141.08539200623838,147.3208387845941,166.17057087793728,166.2454458959544,,,,150.99088751949242,172.22782393434738,162.03109591535514,161.40141792368962,176.64307503612355,175.81365418260162,184.4878133024567,202.08665515546124,181.27417882249668,176.5773715814426,,,,174.17999347943456,172.03864098945843,164.77991959682026,180.05386500591075,188.62453564828067,188.26171766409195,190.070339282159,178.4631111621336,179.51152389660913,,,179.405047393334,210.5992836732836,,,,,143.08028709383345,180.03330434831616,224.77917088112272,208.63813946656705,,,,,,,,,,,,323.90756644836785,278.2181867863997,254.02341449779794,
102,2012-02-12 22:00:09+00:00,-43.76170760504198,,,144.01637548784512,,214.7569614444385,250.8836264363293,247.92417912230104,218.67059654803464,194.93578268627837,166.0504012994829,143.47578792511763,,,170.78273027467816,184.7941025644586,215.78569467093286,,,,,,,,,,,247.65024508922664,238.5884946920399,233.29505537827478,220.23228450873515,214.6646166045142,209.4001447836212,203.8439734024073,201.56253971473913,189.7407378072891,181.85833610743848,,,168.60479611121593,161.4214395173406,156.80471080125895,165.351965523247,163.86654603812528,173.9484687407283,176.26154000595938,165.0549479663806,174.59911012861338,169.85370965943727,178.47029653320436,,,199.7939108254731,216.83591829152337,211.8865316684205,192.39745207274487,189.43751199974713,180.055822092405,178.12129129045672,182.5519961176199,183.54164844459788,183.52985583078575,,,184.94440317849845,197.03526200933925,191.1775925579007,193.42171517883165,207.95012740809872,195.05545931378234,192.86544296325135,192.76567835537853,,160.2704010032164,,,225.83504228199095,233.4753593403959,248.48277182488798,243.49558320479585,,,,,,,,,,,,227.44082770808424
103,2012-03-15 22:00:09+00:00,,62.977983424882126,87.48908350469985,130.83985860872906,,204.28525811057344,240.1462721048751,242.43722797813263,,,145.4531581796989,135.4297833442546,,,,,,,,,,,,,,,235.46444460180487,223.34387238813167,228.97409581847725,228.6025291744226,217.3465887128151,210.38144881272063,208.13027315937111,,,193.78030301657978,174.62135480801481,178.14942966802315,174.8270741111104,160.1683100861768,152.7373155163439,159.56755743476015,160.44304460196219,158.3721971349744,173.89980436748255,,,,169.2322279618441,185.3797396822778,193.31158640289792,188.31599444303419,185.9381870571002,186.85812560504917,192.12254692028145,184.2105950971104,184.7856859602631,174.06334806841292,,,178.80872249596902,194.13643049964128,194.99331088818877,186.57207442161035,186.9135166438498,184.53010060808361,190.59032309172431,191.08868873956635,195.92023485002636,181.08635126491853,,,,,180.0741104018225,219.7875846570954,206.94567350992781,209.9814953353815,221.07865160584066,,,344.8370808386855,,,,,,,313.88394426813346,276.2981725690387,,
104,2012-04-16 22:00:05+00:00,-11.355314331463498,31.40528128188432,67.71628977333201,,152.04927431182998,198.21018696039786,226.89191809334906,232.7318778961182,224.9890236671083,182.28044359038813,,,146.21041891829412,167.32375840905138,181.96518637140318,190.86104486292408,226.41797309972375,280.44926460360546,318.6137576801542,342.71279553531787,342.1519934170758,,,,,242.50762897247913,233.6442545484125,220.56364327121966,214.90271059819088,218.81865570336677,219.47720991422474,206.08275978655902,199.0029439318913,185.9752851755839,184.3099660130961,,,170.15150858509153,163.0923541229044,152.85336841873308,150.4368026962246,151.38375354472922,157.54528028808684,167.59986721361102,170.50177428828218,172.49845656487247,172.15532352187327,168.58184645350175,,,192.4026056170666,189.14090435309416,184.57440805734868,182.51846550544076,182.61309075569156,178.05261846748402,181.08982696282794,174.77516650927797,175.76177128885246,168.1546704457068,,,179.06522836868126,173.63256956525248,175.58227832344824,181.56294847080298,189.4413671812235,186.10902436704836,182.02384285931282,184.10012015401588,181.8124599879268,176.58402094903522,174.59772553050374,,,204.9271423971191,227.789325350433,232.00308162828333,223.383213244565,227.11543666240988,273.82669612077353,316.7388312716177,,,,,,,,276.96543088404957,,
105,2012-05-02 22:00:31+00:00,,,,120.16807688339782,148.6486195545665,192.0216579486972,218.8415748460218,232.06269079790457,224.63991119743224,203.74758218735218,169.91280468344607,155.49864092742513,175.65574201535424,193.08747420354362,199.17363649638747,,,,,,,,,,,,,,221.60105798254042,220.28401664339157,218.7125003449966,211.5969542678277,204.7022140164605,198.14583936778058,190.7286304544803,188.27422099269086,181.05091159366157,177.9237308617249,171.7348102280904,,,162.88597876174993,171.8773769748417,172.59820983855764,176.3198152295926,179.5245612463662,180.2580886186364,186.13488954436977,187.5179197430126,199.32188545396667,202.3103007335424,195.20295624623944,,179.83013652898143,181.67075334922572,185.601739418793,185.94579667474096,180.5612070750587,177.49110970836597,180.89618081202872,181.2055642859663,183.80186394612068,191.9186722367118,193.906878095404,,,186.27709238920892,190.21257945089368,180.6516993505893,182.99126555513516,180.1930765260028,180.65465681920213,180.7810027082693,179.36821831210045,183.604766028347,214.80051213082805,,,249.938465697069,252.24700796271247,286.10577907935766,321.4375956197354,,,,,,,312.7651254275714,278.2352857136321,,
106,2012-06-03 22:00:23+00:00,,,,,,,,,,,,,,,,,,,,,,,,,,227.69268826885587,220.12172483796658,,200.60252477547743,,,,,,,168.24996077397748,160.37434278329567,145.60805606244617,,145.60908595070714,147.70255414411656,149.79282267293576,,,,,,,,,,,,,,166.7302803206336,169.0828520231854,171.28226420002463,,,170.35937005825556,,,,179.59150412576156,175.65389585587357,178.6355707700394,175.27726730455583,169.75788863942182,,,,,,,,,,,,,283.1287560203923,299.8020674654412,,,,,338.98885291400376,289.47403515781133,,,
107,2012-07-05 22:00:41+00:00,,,,,,,,,,204.36677880802924,,161.96704733391647,165.86115999275324,,,,,,,298.5412135039757,,,,,243.59992146859588,209.84832692471753,,,,,,,,,,,,143.6618854001205,,135.66802073899666,148.50069583949104,154.4482617796585,,,,,,,,,,,,,157.83339056833765,156.22513107395503,160.10701792645807,167.1651282231987,172.82583890524234,,,,,,163.86175829480084,168.13081769774757,170.58786344902396,160.49646074724143,161.7270802163206,,,,,,,,,,,,,286.21509723227064,306.8531554890222,,,,,,277.332612685206,,,
108,2012-08-22 22:01:14+00:00,1.4626720605366497,30.015184226432947,,,,,,,,,238.63296338279244,215.22360131583105,221.6368425893564,230.5648325190281,244.5810169892626,266.4734931572844,278.71792147742514,,,290.32853918316795,310.81830429379426,,,,238.0937957016989,218.692047541148,212.19945982951234,216.88280740904648,208.20551675480147,,,,203.08814339717068,180.53329629007112,170.31599127006697,177.338333387841,158.5907295986159,148.48143903923724,173.72168924243056,178.3846825790541,179.06959194150204,164.5291888681724,,,176.98108867313547,168.94032650386978,185.37130240400342,199.21469647110555,202.33287875957544,209.01191158331866,201.90851075227096,185.95642630510366,177.33922585070528,185.34885425041466,,,174.32047184725363,173.34929461914305,179.77936169726186,186.3790153375704,183.9288529941242,179.80251487570612,187.41303174234488,187.39333149667027,176.80341315034326,181.86892978366086,,,,170.18423624954946,181.84020915221546,189.00821839700492,191.45536014718687,191.56920436258844,191.76659373438815,210.533514718536,220.65725911018387,233.37967924334572,249.40726393712455,,,,,,,,,313.4418565296475,282.8636505677288,260.26131809941523,,
109,2012-10-09 22:01:40+00:00,,,,,138.64818289281317,154.7999252416635,,175.22563751301718,,,240.75953072868086,233.60003144213135,223.0079439612661,223.21180459398528,240.47771749866976,246.23971431145412,267.145486067123,283.8855219562332,302.04002916208384,304.76551811839107,,,,,211.98883649808937,202.58148956285947,209.691035094341,212.83757776958242,207.86266889843904,206.58648211192784,205.04600265611768,203.42164671436163,192.94848686894653,,,155.31244768100944,149.788001336162,142.52718249789618,143.06415755774643,143.1685249829266,147.08296727584357,152.50849762909377,155.46963593141422,155.32757244765938,142.71798887996331,,,162.6383589740659,159.25867846866086,164.32652670694625,169.30846869183483,172.60639672962202,155.68280278387633,142.87855716454143,144.3794678336416,152.38288565170933,159.56301485082065,,,164.50880233931645,159.5627332186202,159.16668888995636,154.91776016769012,163.06702504047215,157.8442632969363,157.2226257418934,153.35862493909266,145.5538787920235,155.69910832149935,129.32208822038262,,,136.75695925151223,131.47857946910915,128.31221960937148,161.9019274192251,174.93381015742747,196.09681855836462,226.28603612488718,251.2543213206288,293.97146664277983,,,,,317.47131971241555,297.1509720272673,266.32622387050264,245.40272030061837,226.9514234579861,,
110,2012-10-25 22:01:51+00:00,16.80879953293427,55.10936898639752,81.72425644182631,104.51668814620236,118.92712550753743,,,175.53158032564684,208.03746966452093,220.5373943948879,216.31032398411162,208.00733667901494,206.0744913652151,215.06705629593895,220.2685911114594,233.10953905676985,255.39132340804514,271.7869935415054,,,277.9383889157206,263.9200578857658,238.67368643082568,215.5638114304601,205.92111248341888,207.9482869386403,202.65473019203708,203.12689851492362,202.21223911913833,203.1642608933921,,,184.6167460451589,179.4266214120367,164.79630265253087,152.87854274653006,141.11086523403742,139.590460880504,134.58021963279242,135.39460981043712,140.0743818109377,160.2939518239092,,,153.07344364007133,153.17752217745857,167.421282535428,177.83504713395791,178.00990992151753,181.71586759282482,175.41486743649136,171.05248347485303,168.38553706397633,163.24604349543853,161.61738968705012,,,166.08543645654822,166.00666236448924,164.2615168435385,165.20384912810044,162.51761729246124,160.35837429472352,164.326436724147,165.55218093032482,170.15713506648459,166.28448675272483,,,148.1930561816417,150.11348881794964,153.06217187341002,161.2344663602762,144.81897584494683,149.0744982381323,169.60221199007555,194.51922811764132,205.85043498631248,221.66371641032774,,,307.9779092301524,308.1295049978494,,,306.58712391673345,294.4591225608419,267.5465330546995,242.22271283098667,221.86756825831282,207.34794910279595,
111,2012-12-12 22:02:05+00:00,-20.474073762346105,36.759453293733486,84.23925912877442,96.043334192608,,,,175.920548972145,,222.26918875119588,213.66825241675014,215.78689802491223,,214.52936987571547,222.94975702894192,247.0952090577034,255.60911218664202,276.8824687159381,,,287.07283312477307,279.2994664680972,271.8308990552047,244.5889878985039,225.62246294728232,212.5365553316994,204.07913108966153,207.47616763988373,207.37840019738428,206.29640578666147,,,193.2682776085725,188.61891846664915,178.38407871935382,158.44696753879757,143.69020589609818,137.98858661158712,134.00762322406314,135.79582475429004,142.63380727336374,145.03570618435594,146.83838710023682,,,161.76588158787803,169.45658861124576,174.8708552366168,176.79657329248323,176.95473703573782,178.62541826567565,168.38299092872887,176.97537955018473,174.3744905725259,168.24659412427243,,,170.07099349202227,165.06658797039694,170.16360547338587,171.82728757142357,,,,,,,,,,,,,,,,,,,,,,287.0850629792543,,,,,,,,,
112,2013-05-29 22:08:05+00:00,,-0.36679621812872476,,,,,,,,,,,,,,,,,,,,,,,217.52786356598457,189.21237356213697,,,,174.43917283109184,179.2722051759012,175.72655191322198,185.84852491921913,184.05353036342575,184.23751914078588,168.78622224889142,151.67503355537696,149.1830925441404,147.2561916155221,136.82767905925496,138.53696825781068,141.9466888110954,147.25823060083374,158.64039371980365,176.07825458189166,,,,,186.71430939238286,180.87299995418084,181.0025264937986,181.26977418251258,185.32903535515038,,,,,,,,,,,,,,,,,,,153.2470030066138,128.1873667343547,125.25211200220075,148.50967658481798,164.31420441509746,180.17275109139828,185.0086352491135,,,,,,,263.963182975997,255.47109636911387,227.53222483838303,207.18292510565507,185.77918035686784,,
113,2013-06-06 22:01:43+00:00,,1.566590872814821,,,,,,,,,235.61886289027126,253.5309889956549,246.52922884582162,252.01218725327965,252.78688152409373,261.7123127367388,261.92849407671173,,,,284.80645740945005,277.2826861018599,270.61029283573777,259.61336929045956,240.51481650267385,226.08134847874032,206.92784000301998,210.4383142555877,192.36801747733233,,,,,170.0320253660294,171.24891576104784,155.79395616525113,151.12663309917477,146.0017984128824,143.85370700992723,138.19577029798268,138.78644253815398,137.9706600638329,,,161.0202371677221,164.2538376393185,161.5066379546624,153.1592041056874,168.56147560247814,186.48552822347852,172.57519702859378,,,,,,156.83086854705837,165.01384203472787,168.38628035759018,161.2987052122479,157.67255999784697,153.41261018848763,158.99889498322867,165.85201869667637,159.2536240067031,163.2856202617066,,,,166.20801336276148,161.37854600824141,144.52316527037974,140.26197078605372,127.31400799100606,131.74880819225112,143.61433247032028,181.24856051870543,216.53963864388015,214.77317725732425,,,247.6515593356978,247.1792548353425,255.49983795511872,269.9326890092961,278.64029824244733,265.3937409255972,240.96187154709705,219.13944299585023,,,
114,2013-07-08 22:01:27+00:00,-6.996820993305779,,,,,,,,218.1880318336008,,,,247.3124425355566,248.54226084189094,257.07739339032554,,,,,,,272.2533469438338,,,243.0362440403757,219.97923658968108,204.42504951691114,200.02542207570949,194.89629940086297,195.42669677518768,191.91821979532108,185.20447174266718,190.2432906497115,176.07086806978944,,,,169.2086855017451,158.88664423576415,159.49777500206523,155.1342729672326,155.86234634014122,150.8444864786093,167.11632146099626,,,178.47204152045046,,,184.17968434419373,180.30544656977833,173.65906606054605,189.41942960496877,176.13830433315607,160.5357748847845,170.28541642076007,165.78127780335126,168.2471430486793,170.98105456470597,,,176.1553203423323,181.22244887109298,183.06144749959586,178.72843008165995,170.28472769837896,174.7302193224968,179.9758638107948,177.01388017691872,169.54385106736433,167.27733992995678,,,,,,,,,,,,,,,,,,216.62006517814447,,,
115,2013-09-02 22:08:04+00:00,6.730688764624016,,77.19656517736998,143.62780704592797,187.5153560562782,224.08002130373754,257.15004982210564,,,,286.67439352153616,284.29681663059984,286.6911574732128,291.53622199965446,297.12922422089457,298.04858570283136,291.7849965122123,291.85135313035516,301.95795650245486,320.09458327487306,,,,285.1066116057526,257.0913004442726,248.77352268465054,245.24905310882446,243.41860529399062,225.47137092279624,211.30455674516793,209.57338685844215,217.37884563976084,219.68605741316472,200.455914360985,191.525457564541,185.75817789723686,194.5588657965482,192.60831119705065,180.36756011444737,176.12457362290883,176.15468240998953,180.8367000110643,183.19907217194725,200.5060796574594,204.12651339986135,186.91971539510917,184.09031017331532,179.37922410665325,189.72805101553678,197.9178681218351,209.08541829188601,200.86578492199038,191.81805211719796,189.74153140343932,192.78093833549642,187.8595848552173,181.75432722220788,187.0374886855486,194.73146469272007,197.51984428516948,188.7348022051227,179.4045195245891,175.55843590034013,189.0660712409034,202.19910589201945,199.425794402108,197.97802658738846,190.17869446445772,196.55471415714354,201.8033726020472,189.6854911962559,180.78123488007148,172.13205168482995,164.5138187789336,168.62004974858357,191.9685510859718,232.82997349418744,238.14122291407028,237.96934653638232,238.64231007806632,257.99040864411523,269.8397345811158,270.508688346792,284.7669639853691,280.27153578103224,277.526417472249,266.610541232002,242.08708721445964,226.75816178441863,216.01852689613614,201.9890423443697,193.23346265817037
116,2013-10-28 22:02:06+00:00,,,,161.4015009946394,182.6606024649451,208.589915268555,224.95593321115635,226.3905128519761,235.5015583137881,238.81161241347368,245.9067088428646,242.15738704101244,,,254.02967337071533,251.04115999506323,266.37472151227604,271.1193518505267,274.08242756479956,276.36818311385787,273.55510662046095,274.8895083571776,269.5931905332742,269.22991046610974,257.4659492755933,,210.52838249685186,205.90795502981422,202.65980438149444,206.3860175934073,194.39211526141213,201.52719766661056,195.17226291648495,182.41967897764667,170.0390288636516,160.0612273256031,155.8239513190022,,,145.50176743521484,153.57069586271575,164.34062009299717,171.1043241055113,175.34242675896348,175.08741046470095,169.74111805791694,164.17945540610543,165.15102397773467,162.3156034480649,,,178.83828356718743,169.93921155277866,168.6168196906863,173.55358392603853,175.0615650203664,178.57240525881392,181.33495243204737,169.56047007172427,156.0837750237347,152.98815872686828,162.2074425884662,,166.61574934478736,168.49507265845313,171.85482387304936,171.08165930965444,172.02768759944786,166.14250684771693,153.34233716908838,151.98791779559573,150.11118092636127,155.79934974684966,147.61928224795975,,,205.00443214759542,211.70228815001138,223.11823129529722,220.6547239383432,229.1417047008598,243.28833150748596,262.5400138609027,261.51144629294527,254.99901507439785,257.2242699568223,245.45447441922045,221.63253621369338,,,,172.99886967048081
117,2013-11-21 22:08:01+00:00,,,,176.9975484165565,210.47950530664292,239.12284139931785,250.57506515067502,248.3725434823766,251.736232503628,261.2037882993727,261.4005143047861,253.59931974859904,258.3752153420878,269.416444569313,272.9174671750154,287.5821065274071,286.0088948002108,286.67217827935445,287.44559160358176,293.487694940853,306.06110394283803,303.34749661339805,301.58211108052484,284.0696596405264,262.4647371226808,244.95504505619976,240.7813349169336,225.37193054082874,227.88947359183462,227.53923312473603,208.03419748251414,220.6476931686404,222.13509625197864,193.95726732004684,179.73553424341534,170.8724147202981,164.6465680618677,156.4920851017352,164.45482422473776,170.6399514759896,179.16044221545496,179.02278657433257,175.44457429640457,189.60231536600682,196.14098774564926,183.51201725235796,178.40110323271279,183.68738309063565,185.8351542431329,195.68009085965852,197.4565365928452,185.8297357509498,185.51100138505254,184.71476639892492,189.87052789680544,195.507983437907,190.15776032524082,188.85321471510545,173.69423516690335,177.0985842290501,180.00850217402794,189.68739606258893,194.5739316793197,186.37173702711547,186.31928557782274,180.13613339246933,174.7912088317174,188.6611757216896,183.18125676334037,177.1925243657132,172.63166808832926,170.2943980063112,170.39952692983394,164.55038207691942,171.43112630682927,190.19106266621984,219.18787363477543,232.95281297814978,240.33290312810774,219.21441936023876,206.74799019035368,226.63276829995775,260.1758308632031,275.45297944915217,271.98759822973454,266.21510252329455,251.7044573008735,230.09799756006726,210.69127867145775,207.88502151164104,199.21784328917215,190.19816377298935
118,2013-12-07 22:08:02+00:00,,,,159.6454957015428,192.39240766407679,209.1524758381567,212.37825977885606,225.56309099572252,234.80139984647755,239.40633632264468,229.82633748529582,228.18970383583556,231.7587515661612,240.66880231669813,250.69781264771964,261.6910172629344,261.04523491648536,260.62051173062366,265.686897198851,270.435121741953,265.69006593703074,268.91439612166863,266.4366859197308,255.17078997370191,224.10952821038438,217.29789307834207,203.07768052594093,198.0479144559521,200.88263014641916,181.55996430641508,182.0150292089893,194.51510927961374,190.81566920724472,168.55277996061216,161.22063017487304,151.6375259665728,141.6978393850897,141.6285955890631,142.39958022698934,145.9835221018069,152.55881075562837,149.8334894846765,153.85381926454613,151.71940868375935,124.92524131211745,117.7929587337144,143.13098074075498,,,,,153.3337167318178,163.45506360427225,161.78157119861774,159.64092167864786,168.45770556790097,169.229777619374,157.20704476008268,151.7764011867476,147.77473123226076,152.37965081198345,159.91846196500438,166.62714327070793,167.78819241357522,171.59463135245173,160.73491874702256,158.1957733552361,151.92088930328816,144.7513604048831,148.28805064992213,137.29854997039263,137.39116598950363,131.63603226181266,130.20401609367906,136.09583624994877,164.96853348358664,184.5501323592582,202.49361286639032,218.11246653641547,200.74802937341752,207.1112690125746,221.8702903358634,235.85330797343164,240.1207249945317,237.4635633930503,240.3277338053828,224.3575035873909,207.6732642911013,195.59627387621288,186.04127472585108,178.78367359220255,176.0722283519104
119,2013-12-15 22:02:21+00:00,,,,161.2879357411878,183.60239001044167,202.8864273860938,214.69498785628386,228.19095228463885,244.41100895963135,252.48073868805892,243.54681389186865,235.20182033474862,227.0449953727599,238.99502781189102,,,255.16534461850222,259.59520734793705,263.6348595473985,271.9501384017677,283.0858022866451,282.37401181086324,280.6972354021036,256.27533465453723,229.505254060623,216.95280099583482,206.04945343142424,,,183.4422520930369,187.25349981407402,193.8549523909125,186.8014778271077,174.94904990931204,154.34788363997242,143.54603476553365,135.5086565857579,137.10264708446803,146.627835511058,,,152.05108606833983,160.1528825288048,163.97878960369428,171.88730402288292,166.36399533070016,160.54813224591976,158.06180402738892,162.86796565683036,164.38041510951763,167.1741963308539,,,,168.4314608101716,174.41557947250894,176.93300229095254,169.57940227980748,159.04858663573273,156.8130602200207,161.28996104534718,167.86781131859212,169.50251045578807,172.5398802499274,,,156.61217031248563,152.80165847088628,151.0370728946058,157.46508394078097,150.36382086177017,140.1247610574484,136.09607393122076,127.99653028644879,126.40594586384218,148.18344394499263,,,,195.51950429824555,182.00309108346937,202.46268747224167,215.22096307528386,236.90916439995473,236.56077795729686,236.44410553510136,223.18482163868958,203.87839499249966,194.7360155468996,189.01844696520567,173.54169634411824,
120,2013-12-31 22:02:28+00:00,10.704820374315942,52.3875742110925,93.44852491651702,127.2480102285285,,,,,234.09018015735109,250.12824521560282,243.4468716850704,235.23970420669963,217.42386089038098,230.365108090089,,,257.75441785107995,270.2775544007629,269.78636850950835,,,278.4119519097969,280.1268045900362,259.6643099703136,235.97685019882147,216.28908408412144,215.8416545652234,210.01487359198288,207.21418056520193,203.02545655410316,205.09283214685635,,,183.68562813415113,164.65979195444052,154.65947391924632,150.09074481363106,149.82671357218305,151.2484532538558,151.50294953631257,156.0639830238453,158.63955641213855,160.10840842855663,168.18920193361495,,,178.89110257685917,179.2771595689587,183.6433778706829,178.6110548011395,174.1009666141569,176.60360101058936,184.74529356243346,180.72463167791804,179.7058414832113,183.42598967260952,,,178.4532146890374,174.6587803409562,181.2894213194191,180.905530734796,181.77391687858963,187.30222463474516,188.02494785695575,180.28802536614216,176.43243320396155,179.83787606565264,,,,162.75453663381631,151.7761122054335,141.16177328423854,133.25455660152102,157.51133355033846,209.35894197375836,227.97470403852986,223.52686375045454,212.48608307182934,186.12851267077707,,,,237.46064837906454,243.9864050305752,237.02775967575954,211.8605567961116,199.2950594472952,189.37808468611718,184.45468705936364,175.5948697332994
121,2014-01-24 22:07:33+00:00,,,,,,,,,,,274.9869432007458,251.32767652265235,,,259.2752804698794,274.29368948601325,,257.022014311587,,,,,,267.2316348306979,259.87171850233347,,,,,,,,,188.49714508726518,173.13782864190878,158.68310780550547,164.88186202202323,,,,,,,,,,,,,178.983482376937,,,,,,,,,,,176.02262683298642,172.61735072441311,174.98080620463833,181.27203152033223,183.76662711610308,181.66505072749243,174.7740704388108,165.9599947304335,,,,,,193.98844582710302,,,,,,,,,,239.99066799203513,234.37108940914231,237.45673989471888,224.63194535249679,215.18016897296786,205.3905307597673,192.24345497079997,190.4542287023271,190.5457138022393
122,2014-02-01 22:02:54+00:00,,125.95179671090645,150.30923083166778,159.15944166431458,185.90243733838386,216.64346452267125,235.55530611944107,256.97274438373006,271.91395964230213,284.44327375960194,,,250.6889345320158,250.02229866223553,,,266.7467499557172,274.32838644073587,276.6071489521804,292.3168479459959,308.9123488155057,306.3142984963821,300.838713152251,,,242.253979790417,237.09886585594464,226.05201498032417,217.78398742881794,216.94362388106737,217.29152250017543,218.27577424135708,212.8113764806119,192.71916520533637,191.50320362088442,,,166.90833111349934,167.43273311364453,175.6995038900725,179.8059321279641,174.53496380721776,174.32363655139346,178.2503106645822,181.5129417472983,187.18386378629597,198.250672130886,194.17425844240674,,194.62022075389115,192.44382644763314,189.63141314818114,191.0482138016805,183.6779201419438,188.85612360669546,191.14518396448779,189.9220639422913,188.48313677041332,190.11801193001546,183.1690100916322,,,186.18092245463177,191.07282208496923,191.48996237009086,185.2943404106227,179.76885475832296,175.6656362775511,173.16500054056243,182.11676246387503,177.05363557678106,170.7885144654079,162.7972245864816,,150.79640540326005,161.69831228037395,220.08491613463468,242.87809551196014,240.8204705276297,231.4199350489396,205.6336281668774,219.49384740002927,227.36257218602074,255.00176234017826,255.09214417585423,257.24256511801906,255.05181183038724,,,215.4089808777716,204.78756540380104,193.6131785288788
123,2014-02-09 22:07:21+00:00,,118.58784908281166,124.42110841701799,154.66672032073117,,225.54391515575603,256.35284088390404,286.12599923403775,287.60148888015385,280.3148399046276,271.7486564940038,259.2817372993654,249.65981957840827,252.86709070406894,272.1938270759764,274.5648279056838,271.4974583736535,266.284395726385,269.5296751719889,285.7251261097856,295.37299926761074,290.03531711892975,288.10643648219525,271.26396019669437,257.2524929835042,250.93607792638883,248.5892314381372,232.75690329196357,221.44982858214198,218.19807775713298,223.0699406768211,219.94821991378294,205.0973323379854,184.64604481569523,177.5136777752819,168.03050586681837,162.082871877768,160.4924138394274,169.1075766273717,178.0807014764646,182.41220407006617,180.0984701518491,180.03497333958742,178.03860419663056,179.05436300135057,189.17515293296418,190.63153965315755,189.89242966045578,192.58942239510517,183.68904631197216,187.5190439462028,178.63205934341892,189.21380611546982,187.94248510658375,191.99725487899207,195.8600425313258,186.2017840952911,181.4005193469897,182.06533499117998,175.75041518595734,172.0030822523834,171.94557204824946,176.5293810959533,178.69289293764,184.65201516575453,180.18244695560867,174.37831780475398,169.6825821865265,174.44197887149375,180.9535858478693,178.28152368746834,186.5683227129407,185.2289629749509,173.106909767112,171.9970502308083,197.61527143869384,,258.79416066441405,256.97723760086956,241.4866957938486,238.10564781239518,244.02646130111836,249.9387935453884,239.01676950552593,236.66891525215405,241.14043247801814,230.40020882875783,216.88059185181012,204.2790664714102,198.45087625377585,190.64648691528487,189.18461530239622
124,2014-03-05 22:02:49+00:00,,,154.4674566753181,181.53139179658234,211.10939508409965,241.89180167572593,259.70196659546474,261.466027634181,256.5566567873994,257.52206355324734,261.15027990702055,247.51844755898466,232.19984547050515,,,261.56731390081046,260.59696403320055,264.3755980233861,268.97924868267665,280.49003750307116,291.5944794006301,297.73211310098634,293.91233577858384,277.1676731539477,264.133284577894,248.22379513845982,,,225.6467532274832,219.9106391696822,219.6452391048834,207.5726287086458,203.00502962901643,189.934931331721,174.51388404961693,165.00670118146311,168.12758995436204,168.3211768180626,,,,178.93651213054437,182.04090864474244,176.5845298030299,171.29646808750735,171.43028245721413,177.48690556325718,189.3188354855607,194.81398017590288,193.9366230840829,191.1100685918786,,,180.41398667360204,188.81653822584335,192.4060135260923,195.65397853279944,188.36890399039902,192.86245586493416,181.92986150435382,169.34939516127875,165.43438672491345,173.46044694624504,,,183.30992670922177,177.6288983775013,172.4908239459047,170.22089137459227,181.01318020628975,183.67677292960218,191.6548294719459,183.29066757819007,166.50837046153885,163.15565585361344,,,231.25739127838807,246.3743204256677,253.06029017358802,249.98011364698564,234.45130809233285,233.14185505038927,245.19342146001807,236.8744023643911,242.24413069001395,234.6008498777358,219.7179360607459,214.1473773511019,203.40103265644174,,
125,2014-03-21 22:02:56+00:00,,137.56753882030617,179.9356756757155,208.20813981785855,221.10058360188194,240.4669379037384,250.4836445666771,261.10218076244956,267.1587791033018,266.9870685972265,258.43706140240835,231.31011189296228,,,247.545171435499,256.15381723699215,251.21682727531626,256.1508214735699,261.4148328393848,268.4676175020487,279.8393805152797,286.706962885841,281.409047594259,267.7463637240132,262.0202645053483,,,227.63506214468273,219.4113102171916,223.1302666086883,216.58684207525653,205.4831908212622,201.03361957922507,184.76077428841495,168.28048982275365,160.9565509533909,168.81228629062696,,,171.2126459061929,167.8084641513821,172.28288887044445,171.64371199825706,173.53716207456753,173.80798643495402,178.11659042608102,180.16015817870087,191.29729303358948,198.40587764554914,,,186.35998781444687,186.43370368321862,181.67929447901534,188.8967630062269,194.37997305474082,185.62226898696215,187.46100819708712,190.68374032182072,184.76853703596672,169.7365574498675,158.98756131177217,,,179.05815650515305,178.6763980878342,176.8415113449739,169.63800818979794,165.589921462975,176.61686955492945,185.45388648857647,186.71504236820525,169.4504784964149,154.79944558897833,,,193.5162498261504,231.81993778434625,253.25566909033105,243.94659082787697,243.63215952452634,245.4890457343169,236.28604200413403,229.47128646768184,231.8622314553772,237.33226154360824,232.34071026392465,217.56043524254022,,,,171.04556508246586
126,2014-04-22 22:03:12+00:00,,166.4501327102468,197.05642877064483,197.57003998636793,209.14859477275365,219.1135331949463,,,248.48405573273791,251.3920624674224,246.20567482064538,,191.99441336577868,224.20131847997584,230.34138053272932,210.6990109467857,220.24215170242343,220.12357668534153,230.2775113697876,,,266.54708744519303,258.53900116237526,247.4627448185465,238.55513311760583,227.62166544352897,213.27689094820414,226.2343775025333,236.90770269091507,225.34510194652813,208.09583162935942,,,170.10410975325794,170.75651255000489,166.45675049742565,162.02958949062088,154.56664351211222,157.87844282446426,159.87238101297973,161.7099880113553,164.34769711237283,160.3182265684509,,,155.0457302331372,165.29234013033278,172.16308422620665,169.1456794226963,174.96616151182445,182.28655154110163,178.74693346661084,174.4362970130464,167.73189921453192,176.68496395280908,,,184.9362218832958,178.3300907597245,173.76735144558586,160.34752303886603,152.16876990496166,159.11567603325977,164.19776794184054,173.2913560644249,178.33872842913664,171.16887544093078,170.65911733563956,,,165.06040989299038,171.49234462825083,174.94099808325439,147.47174565822635,153.45432246670416,,,,,,,,,215.60023757975955,212.6973427467269,218.70275891932178,205.93071876901192,198.63805272368845,176.38118800395972,173.16862157060328,,
127,2014-05-08 22:03:17+00:00,,,,,,,,,,,,,,,,,,,,,,,,,,,,,,,,,,,,,,,,,,,,,,,,,,,,,,,,,,,,,,,,,,,,,,,,,,,,,,,,,,,,,,,,,,,,
128,2014-06-01 22:06:02+00:00,,168.69848958896048,204.85770193794858,212.03297334854142,230.45454045236906,242.16764798778837,244.9916371460453,246.45620550389802,246.75423309502605,261.85625625552274,247.1557485211269,237.2679462785752,234.38807502647757,228.93143351662337,226.6399815605182,226.72221542827532,229.96578346608882,235.73053090992875,247.98049186966557,263.0771574955599,285.6922621546659,293.30169567359667,284.3746777496839,274.7194652081163,266.5385592320536,254.13748248009233,249.015095924705,244.40689372637192,231.68653619186014,223.50988542965015,212.09010691816252,212.15144060107332,206.79899089330024,194.08587552941478,183.3817016050535,181.17092830906793,165.72354665656206,171.2575424232712,174.20783336069948,171.9082829111385,170.90102383303292,165.85907701037434,169.30426159117056,166.53458066365732,172.57756603030762,181.9490440432743,186.67746798413992,174.94428254680108,176.75883554698277,178.32393805388196,178.27116684231814,183.42767668712847,189.45612711399593,194.26738896342354,197.09038377646968,195.5013176026077,186.10745014792903,184.3799692050238,179.47952840115374,168.49578319265237,167.4428488554478,174.37807362897945,179.8856068489742,178.89797808475467,180.0464525648051,180.7594793581538,181.1278238577911,187.17362578379309,187.55762316794835,185.75705695744105,182.6138509438501,168.46210509389846,,150.1970323489012,161.3855423227875,176.46686331965546,224.81439977627002,247.47002995559285,252.38985030755933,250.5632112081732,241.61715081044463,248.06577263385637,229.85110729622514,222.65311153900947,218.8964692223716,224.16085102241217,220.49407787417258,212.8607082889864,203.85566127055148,197.68571959918233,197.6931005467886,193.34536127331396
129,2014-06-17 22:06:08+00:00,,,,,,244.55908989631013,251.36417464346854,257.1286307471806,249.26369339571917,237.1266708040331,223.3183350418208,199.2239129496334,201.31302428335545,204.5850575986371,210.1318177668157,214.00817039096393,235.74562475950341,233.04027868369013,245.46114355400246,258.9252219442713,254.47272557631825,265.30205860584556,255.45205053505325,250.60450708193076,250.15628286311974,239.5823851355672,235.24329454002563,223.3879888863361,221.61744817932546,210.950458655575,195.33213044218928,190.0222984795677,188.07743457806134,178.9811574107937,176.7014145409504,170.6192453599269,156.73281875649562,157.5849927063116,154.14635570240307,154.67360806898506,150.538652649462,143.96766016466853,145.01209902271057,137.4382262354748,137.7754321254617,159.6020692050673,160.3390021730855,161.2443774849764,166.84267422313863,173.04522751583238,168.49405633775805,165.55525605108028,164.0203765651494,161.66868977764935,162.18297765017738,167.5152145239689,177.05941650960224,164.63636504782218,154.5959237658291,151.91600827156677,148.4175454453544,159.1064391492993,156.30103886258848,172.61597271217735,164.67029094083375,155.04293374277037,151.4510724960097,161.68446953338466,175.95702299317028,173.10041544216298,,,,,,,,,,,,,,,,,,,191.0958418604593,185.13399245051153,189.47906805346938,185.0850155326482
130,2014-07-03 22:05:50+00:00,,189.68695365231883,205.6766960260081,219.91016386462135,231.04023656419315,247.50519855604946,242.9442681453011,245.54364283708227,225.43170652423075,213.93655239063216,205.26279759726322,197.94824574308072,209.75749158281468,207.95554291673642,201.59967458343394,199.1134635194144,202.76850769942396,226.53576949848573,244.04411095535684,259.3601661731395,259.23844806150487,269.78047591631037,271.1873967083031,270.8246728363311,270.5053825990761,246.51883364426433,243.82312421583617,227.37996186578712,213.70165305792645,211.0495951415997,213.0781770689266,205.77873209950988,188.72073848874967,179.67078087705107,178.86345795984587,174.316726578493,173.78281763308573,162.99911760268557,170.13920507410282,158.2035788580724,151.3047477266341,139.13494449396848,142.21671999065987,155.99584403816462,167.26449788039412,175.21390456742128,170.48628081684015,179.42990933331376,166.73138880181605,174.75553238593827,175.5642990370201,177.45413819450266,182.5660231550161,172.44830030941225,175.19644679841898,169.46338399668053,179.01490713862347,181.6458230266218,178.5708874925428,173.7086806137001,161.87997695940274,164.15347816178834,159.8647294235029,184.00625288792523,192.89123927733604,178.30062574819175,173.58654389006998,165.97580984524453,174.84135983776068,,,,,,,,,,,,,,,208.9538239987011,207.5137772317465,216.89447398801505,207.4178292739625,195.79885770032124,191.61639222746763,190.95497699063043,195.5077512368127,196.81814589896229
131,2014-07-27 22:03:38+00:00,,,,,241.43529091444202,249.304467685854,,236.10720807580518,234.91084010871262,231.80279001248113,211.52069612251628,195.11991024443248,200.6729618977011,208.42087952608526,,,207.47759209013196,225.37869248970858,239.57680505227734,262.94550061236225,278.41252327377595,281.183749519927,292.2672855845037,283.4809451601511,268.06537989877734,253.11849213141977,,,,210.9198973849115,206.71639415894356,200.32065049801344,190.61227535651278,180.12411977568956,174.68413123153684,168.38149440922,170.82769410555895,166.95929738720037,164.48511866548057,,,136.57759642173238,141.5912612552162,148.33703262195007,,,169.6179789621772,170.237671498235,174.44777596362357,177.2423903630069,186.47162348479515,,,,172.52088312505302,177.0117227800749,171.79278061511994,178.8525754321738,180.25822560125155,172.85853017744915,166.67661290621197,166.52962244116796,159.57413048032996,171.54124060441603,,,168.2337572589996,167.72090658542635,160.1151511755655,161.8234282083203,164.07029729524726,159.01805765816675,,157.519789957245,156.8522868559395,174.83673709767893,,,247.64598310660676,223.34475915967764,197.20202687918936,210.94944078054888,203.4006652968402,214.92423124728265,210.22183586463504,216.75630732988247,215.48017720587424,196.30360774611998,197.24447222207,204.50916992783505,,
132,2014-08-12 22:03:41+00:00,,,,,,,,,,,,,,,,,,,,,,,,,,,,,,,,,,,,,,,,,,,,,,,,,,,,,,,,,,,,,,,,,,,,,,,,,,,,,,,,,,,,,,,,,,,,
133,2014-08-20 22:06:30+00:00,,195.97883463510203,216.63170031709527,246.63899257271356,235.23133655827036,226.2137092588947,234.540608083617,231.16470216791413,219.5653827086989,206.4107109566278,198.84137081633764,190.75461925950285,196.71962665270064,196.8434805517075,207.98969445882733,205.26080240032724,208.0398875492341,213.56083757255266,234.8653344941633,257.53087004631294,264.2748990039742,273.88185837027396,276.00883917780385,264.4828632808479,260.0202873082861,251.69939788022197,240.03595667410482,232.06309097671516,219.05328284818773,215.8537310159823,204.31720997529155,202.50495117358065,190.50583277548546,187.09414162297628,183.05755682213288,181.00024496345304,178.2319726595318,166.92480328985977,164.68827077836067,149.47659649737557,143.97184016357693,136.0872086557135,140.7166532998093,157.50915968925256,178.8708654228604,180.68634680481279,179.1221063365672,175.4510397939556,173.30720366841624,181.7798845283029,187.1264391359779,177.92912396339312,199.99853894545424,192.29605735636727,,175.3353324009028,172.54189047652687,175.2178076277585,178.53169771557816,188.37893935089946,175.30202318622128,173.02877617895342,162.83337419163146,170.58276203238484,172.8849735811837,185.35238738755885,,164.75082685092895,153.51913342666256,153.31370087796202,148.1646283797939,148.20090272874765,162.1185177302634,159.9145980133233,169.19736980226259,,203.5586665141928,229.01991027083085,231.61002390387844,211.7460599552012,217.14935905132316,223.15244409026133,212.46978550574565,198.0693357988996,196.8965595148764,204.48287557003763,197.02704397914835,189.0963332918824,185.35270784478047,187.16594288677652,189.7465535595644,187.8400203099169
134,2014-09-29 22:03:52+00:00,,,224.40924600821714,242.456206725958,264.07375992804367,258.5367923196836,236.27514381970406,221.23021115119505,225.05828221586637,240.14894445406054,234.31336721836166,227.71329401921858,229.76619244677465,,,203.92262188546843,214.87878626626406,242.61321118236083,263.43574139478073,269.39891433167037,273.70012136112615,290.84988338004354,304.44248853229806,306.7762205905714,300.5985055587824,270.4219260701669,,,249.3158572811276,238.30451412333076,233.22014803917372,218.4873563075892,208.04700684373097,195.2380484392784,190.27518165681562,180.69173499671808,192.13528302012418,198.87308872943316,,,166.61589009064372,163.27398635664835,170.78967071942333,170.01488896324943,175.4669225190651,181.71999526560853,185.63228291330267,193.5665741435428,199.90787274093265,203.85273352155994,,,200.30470519236047,205.4359065702268,,204.05904233787408,199.73990317191664,184.91652639117848,198.93226976997778,204.95073833385754,202.5717151937959,188.19083809504835,174.6931812644305,,,205.018881360255,,194.68919574651687,177.19006887661064,168.80463839979546,168.79726586972916,173.74787673004184,176.1530018546933,177.1176871232874,195.52671797484214,,,243.41078254053733,232.31161769393472,198.695352380106,208.5763306214086,217.8486608673023,220.30303368139207,207.6465097142481,206.71958670186038,214.6067299749378,209.79986794045166,209.34792038119542,217.34441053724984,224.93393856892143,,
135,2014-10-31 22:04:11+00:00,,201.87186795002287,,,,208.74697249872796,203.1826918225861,195.64407165089716,199.5732157500803,209.76197782572893,214.97500573191766,197.85885927758196,196.1608583755279,183.7398392847043,181.91497682012843,,,,206.31099841545543,221.97676827650395,,,272.14243834014064,282.906253957227,,236.34276995639522,219.07358155654995,221.47187127906767,,,204.43303591525682,181.25368910266417,159.77247012113182,154.67916637230056,159.5307499100843,166.1027894672159,160.7282374608734,159.34471792231702,152.69525547876069,147.08991721818407,,,135.02287075981894,133.52992190317985,142.45515120162042,149.52709651885533,156.82093232738296,165.33078166508102,165.22010739176196,171.72572497195887,168.24262052925124,168.26644837172208,169.02291266812023,,,179.08634759425473,183.43119447589862,181.35132940400155,169.91987857541304,179.5038608498273,167.36640240975171,173.40558620158012,166.90407192452966,162.82339579419278,159.65757045856049,,,186.00969872448144,172.39389959085045,146.83267664153834,138.57081066400298,142.2549281591336,152.75136688135518,164.25991307924983,179.00048482466516,,199.31480221436348,,,168.82242300048014,164.51217158627549,173.96595647161797,193.27129347510632,178.84625985826145,174.7484635446217,192.2581740686582,194.61822465875636,188.67483563802955,191.0112733666575,190.38838032166268,195.26085116506727,186.6358085376238
136,2014-11-08 22:06:16+00:00,150.0205268122014,,226.3835360919864,,,240.23279150986207,229.77854680125762,224.30441309392393,231.89903789842185,241.12690773648995,234.38279349337301,230.2825961027849,226.2433850315649,212.11459366231048,212.42703410656395,219.2874763801504,215.80800921564042,,225.33225475140887,262.6928738685211,290.86040409025753,313.18629819664693,314.0893262661762,308.7681962208545,,262.5282589700815,256.305763530969,241.952289109315,240.07351104349192,228.69198295939972,218.30167508500926,205.46450058299297,190.51903459862726,182.87405384129084,175.71786350907712,178.92275899091572,178.82855518418052,168.88442060816635,170.05350411545078,168.35731758170124,161.77199060390572,153.6204504905831,154.19379217068465,154.57021799170835,164.9743380273717,170.8551309602169,178.65005119739095,184.88885642841973,200.48404824945317,196.059726212729,194.164399479126,188.187961320839,186.86449506706882,,185.74195447565597,191.88486947420847,191.86404696337854,199.25217802916436,202.1330542535751,191.69392018307508,185.14086720868926,181.60490697853754,180.06346755700986,173.6508175758825,172.36715561755483,176.6383332587394,184.1671250293562,,,174.8983749223001,174.6713034175196,,,,,181.59765792583363,,,232.45027847015132,193.57068061741785,152.88918698748174,166.3245391049541,175.9653713527132,199.59642463825108,186.91298798240632,193.66076947642713,,188.4003075433267,,,,
137,2014-12-02 22:04:24+00:00,,,,,,,,,,,,,,,,,,,,,,,,,,,,,,,,,,,,,,,,,,,,,,,,,,,,,,,,,,,,,,,,,,,,,,,,,,,,,,,,,,,,,,,,,,,,
138,2015-01-03 22:04:34+00:00,135.3642098028384,,,,,212.51245817416893,210.29928409026465,220.39067388317142,218.45918464724207,232.10286893488183,213.85431368221856,208.8668610885946,184.26640458713976,,,,201.1975324571992,,224.64687898396105,239.18744349269127,263.09089101918863,282.0848679109443,299.00683463384667,290.0143864537734,,246.56028371350035,,,221.790488624999,212.46522607129083,204.57573234975183,190.7487718751556,174.1604516798614,164.90242316334218,161.03713971844488,164.37508123992362,156.95657454541882,148.53983253501536,143.17309648355746,,,152.87964985989376,146.61321986913737,142.97177267642854,147.56625061753462,151.5537117212685,158.1281353159359,159.16091711758406,171.6286273884862,173.7429396244048,178.7174348638086,,,,161.27661245840912,172.24389958942376,180.71857473640836,187.52620485559268,181.00378476538526,181.28680715920174,181.8350168000867,170.93365284100864,161.29513405874613,,,,175.92241423760345,,,168.42836118001023,165.49100513456358,159.7363037395763,,,,168.3167107010859,,,182.6264354665584,,127.52756456239923,148.5122780449057,154.85540449587353,166.17531029276543,170.6719544529098,177.25911884665044,,171.27738444954633,,,,
139,2015-01-27 22:05:59+00:00,206.54664992507733,216.01784895540624,228.0655008947151,246.5523766259115,249.98787014060036,248.25381929415093,239.6020955993291,241.80195633536354,238.9539765529722,225.2419432281984,223.31752499424297,204.18988819486017,182.94529301661035,180.88532126616195,204.16141191556855,218.3326450968448,228.60111475978158,224.26236899463794,216.11064313211526,227.60289190179972,261.1485159463168,275.21734887119715,277.98699653543474,,,247.4113066086618,284.38331697547983,282.11998309575716,275.9226388932116,255.9852536879743,226.020197230451,196.07798889463706,169.24497764156376,171.18711640473347,177.90727284223388,179.78099546505183,174.55716507331366,153.27701532952995,146.41245426542568,129.23491891192532,134.70055623208074,158.098201295416,154.7888398639484,147.2726235640706,151.697284797219,155.93700513390593,159.05400549637022,169.32608083952414,171.44804947907167,176.50152998898216,178.05073709162585,182.06527821824284,186.9173789773542,193.089139459653,185.0875673123987,183.3205447537142,193.92620570469572,191.03960805685224,190.0810162363812,192.96170390223566,186.05400755937845,193.42177219320953,175.25172187804122,168.15093166627923,159.65867816317729,163.8525798409042,188.12765463821057,209.11863808155337,204.0711079833877,185.65160927094186,187.23404568181286,198.80910826689149,,,,,,,,,184.7378525186993,171.25132921203058,185.013367721062,166.39414778442324,174.24947840367426,187.94681603775598,181.83342924979354,174.10841544902866,171.1774065529878,187.54060984377566,190.70096242592876,188.2688091027093
140,2015-02-12 22:05:51+00:00,223.11818603276052,233.1003074380242,238.8389634458352,253.59026899667904,257.1932153723288,249.27585634091912,237.5724702484551,242.77561867375135,239.609205968401,230.42286857349598,220.25795999830925,207.2410875840543,196.53195556739578,185.50265356880905,198.3622981269864,209.4558647067933,224.91011923629804,219.27895676856096,216.0358658625862,231.068694210993,241.49160098975176,282.5625956386122,297.68089314374635,,296.0400969835028,255.30629644327348,249.91433649854065,247.40389951169266,245.8672664075853,232.3798095630092,221.76303662234272,196.54902946998402,182.8571507736321,176.94698418717718,177.32525304547082,171.88107626696197,167.08253909448067,159.69210091999068,158.70540805750716,147.77745538269772,148.36433668505998,159.125917500185,156.31545880932694,152.7256905394563,148.58352680421575,154.87015970328736,159.5433162829895,164.85868948049944,163.23107587233338,171.26078685202796,175.61723350250497,178.4704586353481,185.27832213830837,187.00515015788432,191.20772059894938,187.50376092038584,185.46819016558712,186.5134764503897,190.49082913913122,188.83648028608144,185.1677385034823,186.62549270443054,186.922707637027,180.88927922779058,173.57750451149505,173.77792940005764,181.56802537117184,183.61550594329034,188.44274074112042,174.45011263320472,167.84206159998942,163.9775522166399,155.59628993837632,147.5929855419172,161.3146672434268,,198.95336875689276,220.2621790616427,196.457913966362,157.49662396351238,154.9676810011726,160.15670832211683,170.8587056140681,160.47695216931464,168.66115916176201,182.6081197470232,180.0479202148408,186.82431435915032,181.11106686101104,193.32695222031478,195.25909680833965,192.06361867235574
141,2015-02-28 22:06:12+00:00,222.10240479885647,226.78232204493656,239.0014959613763,252.61199280385017,254.7138394220587,252.02355649696204,245.91234819919606,240.01035774395163,228.45238394918204,231.84795691561607,221.56534531168037,213.65844542155955,203.67517415606832,199.72400001479704,212.454074046466,217.80357107261966,221.11404334951865,226.0583834761131,227.76555674745805,235.91905941187613,252.68036104800413,289.6084990443195,308.6818443970928,,304.45368161737485,268.36145532798525,258.64250202991377,264.8012144645901,254.7580885574487,245.03998528494319,233.94319950151345,208.5500464107128,194.03218513519593,186.64156162270854,184.6884165117393,177.61221944145407,176.44959190915887,172.6960350246846,168.2810608468094,161.37299076326676,165.57347547744328,174.23812297063202,166.0431116884705,157.62551061687603,170.49753124993575,168.56120417141264,173.79378703456413,176.3172378691088,181.3828705953322,186.00204581636498,191.0721278911084,200.96268804225383,204.71404502256917,207.81005135938778,194.7480872389485,206.35538084947837,198.84336571760986,194.2558944317682,214.4524618353518,206.67689490424277,200.0287380677609,203.7119860799516,196.88899899533482,191.63757543260365,181.03020842534858,188.86987592219677,197.7048557466686,202.73851939708473,203.58513250523848,195.89651042151462,185.56597743109523,177.24294022629886,170.87673926860924,163.37619927387007,160.02379871312664,188.238778039313,207.97087864326093,224.0909695186111,197.87225568285518,155.94512855279123,159.86469580309443,167.0455810136386,161.07367731176998,162.86147922638222,172.1963542048517,184.64839659043844,190.93159840243817,188.43349416775055,190.49949294456684,199.34249692271058,203.30545007142484,195.81528878603945
142,2015-04-01 22:05:49+00:00,218.13564275519443,236.0723984734857,253.96188271539998,245.9286760602493,247.7136568258669,245.85329873796448,245.5194482106002,246.4837895860821,234.91758042052098,222.5901851114436,208.36567445448912,197.22076612249353,188.36415456573218,187.0349984891014,187.81729674730568,200.44849468104655,201.07133975053472,195.61922381758833,,225.95551063497618,250.55334221733548,277.221536788989,293.0159022887263,284.57152781974423,,244.29392950703016,,,,,211.89683108570597,204.16233249955798,198.43215629511417,186.12594166558162,181.60230802646785,173.28645369166742,165.29972653655395,159.5006418162991,155.59941950767634,153.87791568392333,153.77213232064594,154.678328994412,156.79409671929318,160.1428614658808,159.72914789914591,163.2875747875865,175.16821709097667,162.00071145582012,172.65201717279672,175.15597292854528,180.0574740672467,181.51517009345798,,183.94249014265387,178.81146598504006,,183.44942077682646,185.76699185143764,184.5786214929378,185.96426763266845,188.54674615942764,183.47756588677296,183.45841233444378,174.40043578310392,173.1736927258439,172.76921240711457,177.511587521244,,,173.24064939891542,,,,,143.77980840269197,,,206.31213835928168,,,124.55368275523874,139.3608752232125,140.80986439792716,162.69493129621793,169.51338466368284,181.416308861517,183.15681603607106,184.05600822874615,186.46912564801642,191.97215465286865,192.24532960538028,183.85824379846395
143,2015-04-25 22:05:18+00:00,,,255.90336764159503,,258.9388322956564,,246.84118005450227,,,216.04197894396626,210.98192581563256,,,,189.7522807901723,181.9607808562802,192.34699093727005,192.526549086462,204.63693328708058,231.49245273574107,,,282.93062321780076,,318.90245175430374,,274.48819991428064,277.7094708671993,,266.7530653677182,,,,,,165.69791815073248,167.0024204654804,162.2895811594163,164.36846788152303,160.67121009395208,150.07667089415585,164.56999879164078,,183.51408259415774,,,166.16705499046944,175.54888812271938,179.8902420992966,198.04787147258156,202.56536680478078,201.68589056432782,203.02326612089487,209.48107772862784,212.75967272160824,209.67349840024016,211.68201332773364,,,,,204.1865691372908,201.8286354340101,204.58617581782116,203.36112495987672,199.3566654305427,189.6816699815309,189.16552326315198,196.24159257927874,,,186.0937952786429,187.3618197060329,171.87711566571969,,,216.34320393898656,177.68185727146522,160.64638117867307,147.59972095248685,,161.83545343367928,,,,191.83039524035425,191.32783982905616,194.15370221815112,194.89970122353108,,,
144,2015-05-27 22:05:30+00:00,206.52722877475665,215.05833600625783,220.04581772150328,,,,,220.77197136132764,,,186.74457483186598,171.16873060463547,147.21882834325805,144.16514579739635,154.05890662561694,146.62977368253652,,,180.46094774042695,216.25735244547886,246.58593285496985,,,256.23268235376366,,243.0762549182026,226.6593061558807,,228.94371251430724,,212.63535119742096,204.3462894678158,184.20826943236898,,,145.44610919603858,152.16702546611808,141.80399860241067,127.87720596409483,136.01210173317116,152.4126186226578,153.33277393046873,148.47235009556945,148.47349758244562,148.850557915073,,,159.34128175017287,158.3139687121503,166.51470715144427,174.9175412153474,185.03597993186614,177.3181465718004,186.44837776775913,190.52064179567978,195.90361337312697,184.88176743581934,182.1352596845323,,,155.9705784129588,169.2465980574166,174.10823718239962,182.8724447020235,176.55493708160606,165.85287493281248,151.4157930101186,152.6335784586835,150.74488692315208,156.5414359545332,,,163.58931346432382,179.05120577818587,,181.5507723959419,,167.07807422034966,144.65208626308356,127.1836485113562,,149.66719252406128,145.65744682607678,139.9538260975068,,,169.7900546774583,167.6192558083889,162.83721574262788,,,
145,2015-06-04 22:05:36+00:00,186.7467114570172,215.20309824966324,229.32817273500888,223.2873459996043,,236.1409833555247,,,204.7497026630121,,,172.48257735652447,169.986415633587,164.75365189559423,159.0815380080991,166.23856842175533,,,196.23900402086576,230.85527026362655,,255.75468113204394,275.8963001297825,268.7128603262338,,241.9668225690598,227.7437696435208,,211.5181877164289,,,199.57497893550092,192.79936182201172,186.3907075830336,177.67363187578798,160.33686737697113,157.69128377963705,149.96104045730286,141.9068777415078,153.1535251518334,152.15345982931083,149.94460680075647,148.9714622730959,162.72951298001053,158.09439874651594,153.8009643886875,,159.552677959874,172.42592872044324,171.098033817096,180.32377440180943,183.95452040710543,187.80181128128305,183.5355836944892,186.75478723005781,188.21826113174816,180.90584558225564,174.79810245119907,165.67926948989253,156.93581316264502,162.56729556130344,172.73483853293575,174.23933523456455,176.08780538072955,176.6347781506288,164.4451915490577,166.13222828275374,168.54721660418582,157.36226081612435,166.22646873192426,,,,,146.51138924225518,,,177.51260387172852,147.45325259984975,118.64411988131064,102.75964647328506,124.79029991650408,125.66323509373228,149.42081921522873,154.49937941928283,173.5645634837496,178.09375302500075,169.1999307589112,174.87333644826325,185.36551806375306,179.9504179488123,179.29106829543292
146,2015-06-12 22:05:38+00:00,,,,,,,,,,,,,,,,,,,,,,210.01598613037447,221.48955290074633,222.97554278163565,,205.39575646363818,195.31842064606076,,206.30579259026945,,,,157.82997571842014,155.97236683430918,139.11630019563972,137.66370691881554,124.88566796895353,125.68424322759614,121.36856038078763,123.64181310593074,119.51263592964573,121.81858704943221,,,135.39601826344085,136.94902869277695,,,152.9605027663644,147.57753187443436,150.92557199405348,153.73864559299048,146.16262355328675,160.79491510166568,151.54519317515994,,,148.54244021896417,143.52802346934624,136.289646521389,135.82449140187043,136.0563027213739,140.1889376126634,140.664990172951,151.2936209089374,150.36692819028158,,,,,,,,,,,,,,,,,,117.89741727895696,135.40373643056668,149.06028224555595,149.9114054477916,133.3207997291211,134.68473421441394,,,
147,2015-07-22 22:06:01+00:00,,,,,,232.3434104389491,231.89007972661793,235.74267930603466,,196.4947238851819,187.31613903755363,158.19027317579224,155.11729556948995,,,,178.66858386714085,181.3145162596847,,,251.17838214274497,252.48293913583865,254.839972458298,,,,,252.3542473291077,242.09524823720946,,213.709409554199,204.749099524146,,191.5435174194174,184.29724231984875,164.08661361598885,,148.89310000336343,,147.0751964863888,150.006409233552,,,162.20274321730986,154.1765550109732,168.55017242370468,170.98807324051074,,171.38954705036852,170.94244421807002,182.96989044689752,187.77207689938663,,188.06993404993096,182.74529766134668,188.37835209398682,184.75433989375568,185.01064501046082,173.55417468932424,158.1842962775952,159.0698238092653,170.46080138775918,,,,185.5634730520219,,160.87099768628968,156.6615920180638,158.87504342334563,174.27333210477568,183.17071037253854,182.69218297744914,177.97654437358446,,185.15264182398124,173.86102437233058,147.9255411311522,119.25034736322932,97.49651159855148,120.7728679975696,145.22951545681832,,148.78394291285312,160.79912635436642,177.8989146813911,176.56543060559824,,,,205.0597866892573,
148,2015-07-30 22:05:48+00:00,201.473609120415,210.1764379062536,197.27704562970197,,,,,,,,,,,,,,,,,200.52697672904398,201.43922929585872,,,,,208.93554608771223,228.70395803404907,,,,,,156.82926646278986,160.06743352590402,,,138.00775056886837,134.77516473771783,133.31361336566846,129.10476150999216,127.64235307359509,126.2517776930259,130.13060827269084,132.50182462247608,130.58790549801427,137.83793906543394,,,,,,,157.88019288887216,,,,,,154.50990622405115,,,,145.92124950455243,156.06901478824275,,,,,,,,,,,,,,,,,,,88.79110053564625,115.19580237946168,118.24079108847512,132.277052909597,,,139.46223865455704,,,
149,2015-08-15 22:05:52+00:00,184.51750794350343,213.9814741751067,235.23776280563476,226.8166418742694,,,224.81268323649294,,,,171.42309580754085,159.33697030708146,154.55928160059167,158.70569902017033,151.63818937604424,154.3186871652883,,,180.7069617799328,212.99896505396217,232.5421180974986,,,254.12237613596315,,232.66497116425592,224.89014183051847,,,,193.22523023137785,199.12173181653964,183.92200420316544,,,,136.63484573649416,139.14903653085355,144.5444020030841,149.2043866158965,146.9919440139503,147.73267452489858,149.8530255165499,152.5861483717361,156.6439249734512,159.93548819539967,,164.17627964899344,,,,,,,,,,,,,,,150.47834314081615,158.60292122548069,149.63729614002975,,157.31022889219716,,,,,,,,109.44432386291561,,157.4187625769984,123.50514950659024,96.3691543235696,,,,91.049548981918,115.66566241158316,118.21378871740963,,,146.03545394567,161.51652041359407,165.02622544879597,,
150,2015-09-24 22:06:25+00:00,,,,,250.28016910418623,246.67263620573368,216.6740908850707,216.97674915266504,207.23742772822501,190.23578181124464,165.65472367677782,159.0133312274093,149.60338712538757,130.27323260404592,135.95274129136683,150.8669590810159,178.35683857255677,197.74377109408346,208.42119786055508,212.50315260628543,220.48360857506248,241.71774790889037,261.1407871383501,266.9733834220712,269.10940603271274,247.1235805017509,238.43562823060677,235.8521772028706,225.078043243477,208.87845697437987,194.85265630061323,198.57342478415117,188.78098492002744,171.63752751028483,165.29256023715507,167.32929832029453,152.10422263083305,143.35554960060517,146.2288320906983,151.5670180987958,154.7108792814845,147.49124912824036,150.79059796876277,150.35473696216644,167.11652846091428,170.29072292035764,170.6933132500638,172.81585123925078,174.31002755813248,179.12056388985997,174.44653346352908,175.5583194034756,176.7968159612136,167.58299477514004,164.9704723023891,164.6258585009537,171.21331034299814,162.50891728091025,158.3085940870249,163.17488196043487,177.42270911804127,178.06198922362327,168.76648333392671,161.04860627051934,169.83530658887034,176.8382308408847,,170.6424582904634,166.84387161649812,157.66432439808938,160.17393806841952,166.313520623893,168.77356021764007,164.74065394432063,,143.23288060267075,117.7409670813491,91.44340024087698,90.16579678538514,83.15928272638938,97.58213912914816,112.26734200233726,110.92235401227515,114.05375795474373,128.629697977241,144.57302395709252,149.29500246987504,149.2486609164603,157.5194804911154,162.3902709909991,171.788867808841,172.8130611051355
151,2015-10-26 22:06:07+00:00,185.31052551309156,222.8122309019238,238.75090737135488,234.15028175221624,232.109877470936,234.08063970320669,226.08909999843996,222.38438169812233,201.93076943564841,198.002004148975,184.37680671832453,171.72063184518035,158.0148977392223,157.20348539607903,166.4836907664919,,,,,,,,,,,,,,215.96510079351648,213.23626997186625,206.7476598513842,198.02124477975917,194.86903817900455,184.66471430519238,167.9687509830541,159.26635324215977,149.95177791384867,144.2428021476381,143.3556615252031,149.4753522142097,152.8700351159134,146.7196550913466,150.2576099570775,154.19604222376284,163.25044782017778,173.81160714455265,184.93000406268663,173.15476085657465,177.82955899320717,171.8475095176423,172.1033263660111,177.36778758321572,187.68351648202943,183.64877941886584,177.36279707715477,169.2293047552061,176.53465758415723,183.86796572617843,185.32580525121878,172.13516087281843,177.1103312432956,179.89264646691612,172.22837333462738,166.8929277900407,171.70158783524855,167.84735337533098,167.34375669671888,172.4219017581282,163.79766470544465,173.36891927967727,179.6508033250693,162.56032863517092,161.8247310913397,152.66208608478604,151.77375739980528,137.17451215092314,139.87867572627306,124.87210814093112,98.71855330911053,84.19166659180183,76.56226329058113,97.39832887953015,91.54412066729063,120.36690954879248,124.89545635029154,139.48943705611103,150.12543971142475,143.57271686866315,149.78077978672184,155.4181535067389,166.92324067330327,165.15454760529272
152,2015-12-29 22:06:33+00:00,202.5711013804453,218.22014030100695,251.4697582296102,232.85116592677215,245.1648425154947,235.41417616578354,217.37096197417335,215.56627582776673,201.15742973391283,181.1891115459164,175.26886315457733,162.86429784217864,143.59477889836586,135.5361952170021,134.92794289385665,149.17687805004437,175.7954552005194,202.58810059407318,226.83883736595092,243.99740169947248,243.34583600091185,248.11363311596483,257.00740233269903,260.70626128371924,253.93864742543838,235.4454148954517,236.6235160956534,225.3595149422225,222.04306619353235,214.7089390968835,195.6191884898104,181.04676550298956,175.88865243444604,171.19252267587552,169.18083786948108,161.66038541312395,155.43215713522858,150.41460338150534,142.33870299927344,140.67673254100436,143.86515399666695,136.52333074758442,138.91869393043203,149.7950478421121,159.0849654603339,174.8493401982983,186.18354358049118,167.9854793937119,161.2551074864744,157.69041417079475,162.88546019919846,175.41578617208725,184.9256786092942,189.7252895456962,182.48359109352504,173.89662796886984,187.14188926832327,180.4786784027685,178.46250621731087,172.01331665144755,176.67688936231605,167.54653966328462,169.4441758866159,175.40882260456024,160.56219485068178,146.8854231672617,148.0935872929953,154.87315314927318,163.67940253763797,173.72631409083857,176.42736584582812,162.4206891505721,164.9689489698223,154.8110409840626,155.1132350268122,134.62992973462153,123.69357010462369,100.12461331068997,79.389643376484,73.88685701825331,77.89589365890431,77.99472100319167,89.4622627362962,108.83499839981565,121.60930876428476,138.1038527952818,144.35322396185686,144.91156823581562,148.84480260710836,152.31169748979465,155.1755695044326,157.53089801050987
153,2016-01-22 22:07:45+00:00,191.46896255626123,220.01245325883662,234.33475357933537,227.96303462082017,229.1260259479779,227.8855444571457,222.373848359873,224.93535090413627,,,179.71992434700493,171.4856964731002,162.36284481288476,157.00103086072883,153.74038106408742,171.96496819738687,167.37657503594974,187.41432890216447,212.85845050920642,234.78961999272468,245.86418210080961,,,256.31973015036357,248.7865670610896,238.27455865611827,229.66666831066044,219.87765764212034,212.3025061516523,212.4770506308746,202.8559566859125,186.3861304689117,180.95278526374622,,,158.7559988547904,154.6387906579813,147.78384456415765,149.40227731134019,147.39392077715368,152.48296655730894,149.8450783770994,147.07439459384756,155.1388011452012,167.33723285651476,,,173.18407010459717,170.82484815897396,165.57101108789917,165.25338357179646,180.01448733994476,186.02801686868762,184.5448784601947,182.14766614908484,176.89309851771918,174.46381041640666,174.90843603438734,,,176.4147430487155,173.91847041832796,172.85054581944416,171.81845048738393,168.60897177457866,156.89069630030284,151.885782726753,161.32286059682494,161.6865612081968,168.16122435714468,,,155.72567807796614,148.7487914143412,145.7523469175658,137.11358190578136,133.09643102779205,118.09844442297023,91.47551345409357,76.2182925503068,69.9248842150012,81.34566360728405,93.60842316622545,118.46957185795692,127.58434411898101,,,141.2397803363751,143.74897506788227,148.2900432995185,161.9081727463684,157.3986808014626
154,2016-02-23 22:07:54+00:00,,224.6881421155898,242.1814655993303,238.50404319269416,236.9232239067282,247.6170526978098,246.21384408704478,229.56928402594616,218.12263447783027,206.7044463716627,178.51359997583506,168.0491117913287,,,174.42263999319545,173.48535417840145,177.93440545886637,198.7124486662566,220.69919304373622,241.09106741628744,255.62250080622917,259.9074393554491,268.02791914860495,261.45320332444186,253.10877406194152,,,231.02662892641715,226.4281600228892,212.6015574913391,200.73118528359115,193.23979316709605,185.85382646432006,171.21260807900347,167.83470435787257,160.238980189357,152.94990659911173,,,150.6902909452603,149.28069418637597,143.47081103199957,146.7311634905505,156.57859515730004,171.96696127776582,181.1300638333927,181.41344307505358,169.7668844893611,172.08979991283712,,,184.33498561547293,186.29353267924589,191.9161244368397,184.68969341499735,186.08359785801065,179.50840507291747,180.6376302276121,183.1663727300981,178.93062924928145,175.96486770645635,,,176.40710764373085,166.50384444659358,155.55663029944594,158.75204094920412,166.01267070410378,168.2233315225866,178.49240424250598,177.346078084795,179.40192227054422,163.84052804132193,171.4800398303251,,,,125.28105997333837,93.89052460459678,76.24790490893673,57.83450380596513,77.58746047891583,85.15448663658165,107.78617662241443,116.3318919911071,133.38127948160582,144.0540677750389,137.44445419767433,140.47734951510105,,,167.16335578247612
155,2016-05-21 22:06:02+00:00,,,,,,,,,,201.99691266584546,175.61568441249642,170.49914855898868,167.54107437026929,158.93852895039254,159.29426185281724,168.96873364202654,177.9017478347215,,,,,,,,,,,,,,,,,165.83798148697034,156.8565127734889,151.53891179726116,167.6231928100458,164.062786233488,141.49410998095348,,,,142.435446799386,146.79329948711123,149.1237431258311,155.0467765888413,165.5742847012419,166.9161050910322,176.31252487511645,181.54643096953734,163.24000562923797,170.12027419307023,175.60415728318546,174.6424888494183,180.02364608864755,168.58577609415207,168.00871821240685,169.66916827920332,162.2654826695528,165.1730665751227,179.73844083819765,170.3446707519244,161.50327850241447,165.57433110827827,157.84043026913426,149.12743246266442,157.69401115566438,167.05817020363185,158.41944663014263,165.15708015178734,158.1483766135505,136.2250201491815,119.95844312078874,,112.05409198726315,119.71654046269524,140.05647761420667,117.62001642141756,75.26662150129192,48.802489157654634,30.178808947915094,45.412381001364025,54.778733049661554,81.60661680749402,91.55289543868628,88.7823041152512,,,,129.94167904909384,144.04707235973265,
156,2016-06-14 22:08:35+00:00,,,,,,,,,,,,,140.5375642927923,148.7297769008567,151.01403967394438,,,,,,,,233.3320924904357,,,167.767397957764,,,,,,159.90981876908495,161.73442795675396,,,,,120.29605668996295,116.14343206141903,111.03688154191971,109.36039238399512,103.55610102314839,138.94219301495892,145.0518464935886,152.57744413487984,140.22630835114754,160.87573578955198,,,141.62646937649293,143.10648869080816,146.02618758708883,155.56423310035035,158.82935691054072,144.55421712697904,,,,,,,,129.9866495971949,116.50860304938952,116.84818168762139,106.76452663440298,,,,,,,,,,,,,,,,,,,,,,,,,,
157,2016-06-30 22:08:35+00:00,194.43127501127566,,,,,,,,,160.6320774656627,,,163.7627368976363,178.36205949450257,189.92174021480093,,,,215.22225149409067,226.94266129326792,,,254.82927695763965,,,199.39465051903326,182.99289252810553,191.9880062855108,199.03450824279682,193.93952804826128,191.94698975635959,185.38945354331804,171.47408393498455,165.0062212225406,150.87988626428088,,,122.05564088400138,121.32981704012954,114.1563565326886,137.7426772980564,151.3665383568993,145.02907124843165,152.11333835007312,165.6085697265832,160.9618898739217,169.92963784574485,174.57282383416495,,,154.0459109530224,160.63258752091704,158.62248063978984,165.5781284446944,164.44516350236893,176.43610569015325,176.52879680613023,156.6113589154768,145.8217390817106,154.12135057350403,,,157.33127812132273,142.328513665599,135.95653731431247,143.9699083702834,154.63506530926892,161.6324984180892,,,,,,,,121.7110863875434,85.92673041361861,68.17512412860604,40.227192631842264,23.510719312282127,36.29176543022674,46.04918697728961,54.310067016080716,59.344887758085264,86.42660647585447,112.63974193377268,114.76859173721598,,,149.7246753569744,,
158,2016-07-08 22:06:20+00:00,,,,,,,,,,,,,,,,,,,,,,,,,,,,,,196.27216121516082,185.80286405571704,177.46526401429966,164.6384115772949,156.27701091001896,147.65585597076037,138.81532633561105,132.5032573423692,130.56967856588386,128.50347033898555,126.79825909442312,122.65420312899907,133.1529992697814,142.60760402241985,146.93677517214198,153.41066750470748,166.68612265205167,162.34168541537557,162.27025302196185,156.11600294288021,162.13760647929348,161.58929111685518,155.8605982769712,160.83548765544282,159.16455975036686,174.16352264206486,173.35685744126783,166.74376483711865,155.25291967114813,157.74958960761657,163.41067476567108,164.88502943317116,166.33161068451946,149.01097669110322,142.160851115084,141.16646604973852,,,,,,,,,,,,,,,47.03628712684797,39.380601226896815,41.12347492657645,45.215390871845905,62.97970589218747,84.00306213892216,110.21428238361189,125.55537590571085,130.1474289555768,140.41496544162757,150.09785132274112,,164.9018947817951
159,2016-07-16 22:08:36+00:00,164.20615395804958,,,,,,,183.83537624700665,,,143.53989739611632,147.1460362404338,,,183.50529937737596,,,,,,,,,222.2254618081705,,,188.66642301204107,184.80250085166165,190.35540569607934,195.4062108782565,199.28770735478162,181.59891999069282,171.6465298826604,,,145.83685533515163,132.23289150358787,130.57447086480866,125.19239927695791,129.36991753605108,129.60020793562444,131.23686373857,140.01175590283168,141.32436135484556,144.3921947734607,,,163.64347390220172,151.78029136804963,158.9644265358416,152.20320312305665,159.06805062719124,,,,168.3456904629035,165.67276972329236,149.95478084133777,,,,,,,,,,,,,,,,,,,,,,,,,,,,,,,,,,
160,2016-08-01 22:08:38+00:00,,,209.34544057347708,222.84938624536053,,,,206.08649892259047,181.29839262056169,168.33509694715386,157.19799368193708,158.65528984800184,167.15969645896547,,,187.88383170908347,177.62075689086805,193.96460252619846,,,227.16159650212856,240.46601930783515,,222.22545898309292,211.5226999223753,,,199.38292231614133,198.90750734004467,191.63088689996977,190.03222190637524,181.62967345070342,168.5599899369443,157.72931946946204,156.49549676369364,147.3525048084184,140.14362657132043,134.6923645768776,,,140.67462223334527,141.15194989455753,138.39562400163823,144.04381138465348,153.18328361834403,154.99094432299785,158.0970814849345,158.43593230607587,160.71795565943847,158.80144883601622,,,167.5767028292825,170.23810198297284,164.6417693784366,163.75219145658684,161.53249385301862,165.68100838712775,163.01769483410737,169.31247853904847,172.95791371237823,166.57861397723863,155.99213815426808,,,149.285248790695,155.880480045027,161.6759091721384,170.79527461064552,175.06310841585312,168.6902674197784,176.4353099347948,168.54682143132405,152.3037891145487,124.03667661696457,,,,50.21620479759413,,15.694743932576806,30.55183684745803,27.94689436128388,51.10723958912718,74.1274749259826,99.6729813094919,108.89513509422237,119.72534193347374,143.78664432182103,159.25908902123587,,
161,2016-08-17 22:08:39+00:00,148.37882296495758,191.2262455609223,221.95535619828408,230.27330353896718,230.00816460389808,,,205.9756137351212,178.90539639367051,166.00780694093163,160.3861286405994,160.34686228592753,168.74980400891778,178.0190975145721,183.67880018418367,189.9380076262056,184.3121332519138,198.85107761098035,,,241.00001271870912,250.3805350762619,,235.25850095248023,220.87867426532742,207.38212011038436,202.28610507989399,206.13332218930782,211.26174282214345,209.9197289160008,,,182.04560331108115,166.8425532754447,160.21205745671435,151.11455740107954,140.8872240083497,129.4472091024945,131.50687423771163,126.95392940575105,133.77942237156984,134.08890137431789,145.94486330281256,,,160.13683243749173,163.01363841737776,159.799722279403,165.25694089299137,157.79960566464,164.09405779996044,175.48391691806347,175.82770812073358,176.99153184341634,167.42386829240363,,,171.1814052556932,173.1110359897008,167.62808438243644,167.4823753796724,165.57560085271234,158.4311056878282,160.04329320500202,153.5123002963483,151.06013963909547,162.62026043516107,,,202.7412030831419,202.56777402042525,189.80879435466522,163.41215126782546,148.2173834832601,130.28366652247044,,112.16110801288077,,49.083367684510236,33.05861509323405,16.164064974293325,34.025094189561834,,,,96.77740920073427,115.19896619372405,122.06935452052272,142.89226361361546,161.99017304575307,,
162,2016-09-10 22:06:39+00:00,,,,,,222.90721119101266,204.03130862794492,191.20736968473295,168.79849572360152,,,,,,,,,,,,,,250.7437319969313,,,,,,,232.92383205219704,222.19350694146652,,,,,,,,,,133.38348829481725,,178.59837976841317,180.50521951839949,,158.4704164058071,155.12743021801458,148.5057376061884,158.1033167370687,,,,,,190.19752529412278,182.80030761529335,,168.54472619397444,,,,,,163.8997829767484,,,193.43476758897017,215.0631389581535,,,,,,,,122.92655550875809,86.98364883829089,74.47709105307047,,,43.4503981061011,44.90799665263515,57.39703887261878,62.29097222321566,,,,,,,,
163,2016-10-04 22:08:47+00:00,159.86426883212124,191.67393217887997,220.86763881727867,209.98303074774748,,,185.30018181282963,170.80035792222813,153.52379123189664,137.0644166339196,129.75526784033735,151.32948198790797,180.5023979749498,199.40328717066265,203.46447326469433,203.3745233398084,,,,,201.36134224109372,199.71927452588352,,212.0472302278684,200.15046493181177,182.97647291873645,201.3511144977929,198.16742943490934,199.69900621220464,,,174.8860277448328,158.67937552279068,145.6097421226678,137.30943438251214,124.97527647893946,102.12668542163391,101.87783555474489,102.4747220352499,105.06902939191085,110.11889013938236,120.12308022184772,,,133.8838255997123,126.47687075620215,126.95935146302708,124.10284727133751,132.84105476657342,137.99000503133607,146.08580549498254,152.90065390102342,157.5043546819092,153.97079700435702,,,145.75519735886272,141.1383481448875,145.4514530418681,144.71047518922344,145.76680100281266,141.15287571681029,135.0812081490122,131.80671697759726,129.14363700388637,129.7206404358874,,,,,,,,,,,,,22.333912140768053,-5.663491465436433,-16.32658853898854,,,,39.09632704080703,62.877006469054265,87.98947709779267,115.00083769775088,133.2351510892827,151.8013740535895,149.52187366789818,149.13985419067475
164,2016-10-12 22:06:45+00:00,188.136366974722,207.75262650497208,222.07230610204243,228.3324193339928,211.46927571736197,205.59265322528384,201.33450327196277,187.23406604405227,171.00384984480044,159.40403035977397,166.34255269813258,173.4715572929675,193.92884547745385,201.8714462499214,202.25585324144674,202.2782710943053,196.06194927536689,208.0341747952972,219.23547623316708,228.23830575129497,222.9935230279097,231.70063255856775,230.14465965296435,226.16432157492312,214.6988140548086,208.69396676888766,219.5298287169762,221.58977202305357,213.0050534259985,206.98126076383184,197.89256244221497,195.00011923959548,182.60589666489963,173.42315223061425,163.19534895034184,151.55661008677941,143.58452411277682,130.4526990803289,126.94211781120826,125.59776375126154,126.95514466449006,142.2490185811795,151.20870760433135,154.95896332245437,153.28564532833866,145.00763245781135,144.66350531149862,146.16660679295535,143.55446584030736,151.74041643834886,164.1951907590319,168.70135257557007,172.60585604451555,162.2898438608717,167.8181912088115,167.4079410449785,159.8720875663589,152.72409754239962,151.70328208352893,156.15422074284706,164.7480309510757,159.6757655044092,144.1096637738778,141.18141400769343,145.30817617307565,163.43858992191565,179.1763028797058,190.52537105072727,189.14156727253922,195.7296904248503,209.35526165064863,195.1337337820751,166.55564506843598,114.05378197208374,110.03690708162776,95.14033221024624,78.88039702852508,54.676347209007545,27.255783941742735,2.9250252694480734,3.299607734977245,7.496595341193709,24.600061683465835,35.237109855156625,50.779720458835,79.34088574186289,107.46563379439439,135.8783982362981,155.39555855816093,171.8807921828072,176.4224540123045,169.6881467581412
165,2016-10-28 22:06:47+00:00,187.80258090068745,207.83152365931835,221.6489688465253,214.95057604413182,216.6130862751313,220.3957004757831,209.29113569197378,188.96544925942288,178.13646920182003,178.80976596887254,178.25359492554196,187.3506748973278,192.2210143420835,207.14228130112502,202.5540111774897,200.40718599005893,197.5287283960832,214.89708738849703,232.27366162259398,235.95899969811333,236.41765714905551,226.0582559229304,230.77426523482106,225.68692241173258,221.1223115362327,212.534259347455,219.5514217142597,218.40032013242367,212.6693360390282,208.20067429540495,202.08187477946652,196.18772408277806,184.91065783826062,174.94000798424895,157.44516586682485,155.5403570591724,140.25078422860693,126.49274376114901,124.13886440843505,128.06429166006652,130.5735843383025,142.03875672395918,153.4397415187956,160.69589837921134,155.7399983219412,150.18636885119454,147.23248505249495,143.4085898109798,145.86143959196437,153.31253904206238,177.5965452077536,177.76418247195093,180.72887144114478,172.39146952702026,165.62457477202332,163.22042231020882,166.53705362467136,172.61729099671214,168.26966856248512,165.751034887634,167.73716757430674,160.12492168646014,147.24966438618299,148.10216694783892,157.97240002879394,177.48050466510375,187.8945049422321,194.5326833795444,197.84901522143463,213.56179468770122,222.62236017731414,201.73009806072693,167.4523343704813,125.75700217120362,102.12530740864767,91.8324369819355,106.09979765382741,83.23479541163186,38.30228315719873,5.483395003791198,-6.430893080054836,3.9360631294811084,20.058545604471902,41.077755228595336,50.68771315703158,71.72000594980021,102.30620521923277,138.51579778977046,159.51591483525925,175.30457290579935,178.78260045135664,166.3747168275858
166,2016-11-21 22:08:33+00:00,,,,,,,,,,,,,,,,,,,,,,,,,,,,,,,,,,,,,,,,,,,,,,,,,,,,,,,,,,,,,,,,,,,,,,,,,,,,,,,,,,,,,,,,,,,,
167,2017-02-09 22:07:55+00:00,,190.29713317751046,198.78408637394418,191.52851254097703,198.87928853882235,213.1152436004997,214.9159153432059,213.10993369289025,202.5926049883239,203.97586463648744,197.41520998296303,210.2166087228489,,,196.83342789677997,204.14055747919627,199.30719545595434,197.67663210616914,,214.8563739486963,234.1141545112598,246.828574397093,248.91127023545687,249.19641334086268,245.88605402634727,,,207.3586909164843,213.65788466497867,217.38297735664975,219.34823822929317,212.87013758059138,202.25509452021237,178.6489280847204,161.82652030141756,152.05666602240385,145.81934569945932,,,144.53382586091794,146.6828954377438,148.32914986674993,151.0887638539267,158.76415928553314,164.73005492640945,162.17843513594477,151.90873651736322,148.53619944316898,154.59064663242103,160.2468146628666,,,170.6937365361114,168.30444923625842,169.93050854572303,169.84259235287155,173.28800524322162,177.10630567658,181.5854048388659,168.98273641894735,170.2082256531752,166.63771527557245,,,171.7674151174078,177.1482283868943,186.65174489321495,196.84586312656245,200.81633056730763,224.39964639125566,227.12665542029367,214.12333892565854,173.17183718641417,135.2025428822287,104.51194333822951,,,77.90022411183776,19.428550160298816,-9.568395620653781,-29.714185282911068,-13.226834811997744,-8.922079587056926,17.33828174489534,23.28465404420986,,143.0572842348338,168.19553734329662,176.72369372873268,,,171.22065799908893
168,2017-02-17 22:06:21+00:00,179.6620509182814,179.39682937980893,190.04618073226382,,,,211.40523371646145,203.26764641247874,198.2418407770978,,,,,192.89710356184798,184.2782243043274,185.03693606551184,194.6357294808866,,203.75823267059783,,212.57711058606384,224.17342000862888,229.36174749498454,,,,219.84509704975545,215.9877841465337,225.1525884378911,,219.50598761329,210.18205241256686,189.89661012716206,166.84378391882515,147.37244362259014,122.38441678209365,98.51096383938498,83.14937871968671,80.79994366140292,,,,,,,,,,109.19144016912198,127.70318361922305,137.20253438094304,146.954597471429,144.87013989141425,155.58532713047893,164.1863428110901,172.74950883776532,174.67369476139478,174.6597221873771,168.84769931854112,165.67885154786754,,,,,,,,,,,,,,,,,81.09665227906913,,,,,,,,,,186.04797964774818,,,,,
169,2017-02-25 22:08:05+00:00,164.49807165857294,,,,203.83006712909724,212.52541934583326,,209.38558078094684,,208.20170369576334,199.088886542007,196.79696760264227,183.08285254363727,,191.259237907346,,,191.06586034464425,199.00633033619704,211.59105359077938,221.08239766476675,,246.3122418610556,242.5008267848698,240.50159251472923,219.7665643925227,217.57912309996817,,,214.19181709865154,,,189.41694223978024,169.91483925810635,162.3462124258331,154.36489339879662,141.62510012561015,138.02548037448264,141.90946258109437,144.69460111577354,,,152.7889694454381,154.68328449180459,156.8296420814145,149.75493053400305,151.98234266763325,147.69036387895875,156.14597581075986,159.33048255847277,167.11698973908327,167.02161455983318,,,171.82970960650232,168.70231955963538,168.81573631109927,172.1362203572989,166.82887002103263,166.55162137514807,170.6690615013113,168.39049507003128,168.06089305650022,168.0680672020341,,,181.01378750778156,194.76261666941087,199.39520438893544,221.14751446116776,224.11012313237705,215.72905749316027,177.80414133187412,137.81450182804633,100.26872981960817,82.0691462437474,,,,,,-17.082628515982528,-14.183025021320766,10.814237467662032,22.828347135093562,76.06736367955607,,169.59507778182365,177.77513438526904,186.27954035673017,181.50569289776084,175.89417930675722
170,2017-03-05 22:06:14+00:00,,,,,290.0071838857337,266.77056252670786,247.09653807352402,239.16207403441427,219.75817395447567,,,,,172.35779568485756,170.46805935033532,171.6821962919723,177.60264795590504,,181.6294132962265,182.44443185766573,181.8659442271694,200.43131463667189,206.77220787086486,,,208.33107849760185,198.21908163467955,192.99384163771148,200.86024865212204,207.99317412307138,205.3794676557611,195.52832431627297,181.19014923022135,167.04930109263856,146.50755071955112,133.7955922838542,121.82073044671145,134.34316197840346,,128.95375589502393,127.14801739066293,132.7788943055252,143.2052871454159,136.365883855795,130.68910556238401,138.30483678151552,128.36377810797396,122.1905439814905,119.24589208343818,132.82718310388233,153.19115357135797,149.84349679490148,153.59292420749705,157.3733942624498,165.65634472600087,160.79532689774717,156.77025778595342,159.32878263140452,149.50181541746616,139.66163003454776,144.34539976755372,157.11234538755556,136.97521709235986,132.5962595505397,130.83508780489137,128.35100944283596,152.3276038696117,179.059986939288,195.65049549009032,193.6271482738063,213.31992625212942,225.53700191011518,,,,,64.54809733954707,18.9151317823302,-14.08563927579825,-24.042849891553928,-1.0420177480352208,-23.516413067859368,-23.29845864819655,-22.565436423457907,1.9475666233582913,,141.55904588655957,178.01022069711848,181.15001872208663,186.7818537954387,183.78144041516512,182.5356627963772
171,2017-04-14 22:08:22+00:00,140.69748045962763,169.5548008722943,205.30520592992434,216.79138983097627,,,,,,184.14133331874078,175.56358763283345,170.038516587111,166.4791844915092,,160.82815660042206,,,154.6006401565995,,,,,,216.69711865022467,211.80262280971337,205.95439049409202,203.1992443936054,196.13637213619276,199.42783261662234,202.5624663950982,,,175.75375993406664,,,126.08081202667375,121.72124067400614,,120.1649400605458,124.91104979807452,126.74953409377221,123.23513914984446,,135.04206996311027,130.70076441083802,,,124.68723950870344,127.66208203442393,138.01668206032332,140.82693950654254,141.13239084937408,,,,150.2908832816838,156.67976446732015,,,146.72994769760143,144.189169611229,,136.87906811896738,131.39424738196632,146.8135116027827,151.72447764280136,172.95782111417273,182.5352444552225,192.32929019566504,206.75083559326706,,,158.76824111884306,119.21511460803059,84.3266851212405,61.68132751683581,50.44843611215337,4.089516492650212,,,,,,,,,,,,,,
172,2017-04-22 22:05:48+00:00,,,,284.4865550211545,274.23783235290506,267.8743460464932,254.53350344242193,237.4938448050132,225.42166865378292,212.31859916189507,199.48580130664376,196.661652037568,189.63891634191856,180.91039695176966,175.03201827776735,186.015089513384,187.76379644360557,192.95354927082337,189.08814325166634,192.51427916074812,203.87589155355695,213.5589499028844,233.56093956343867,245.82351560500618,255.0477839052808,242.7910838006056,230.9998432248309,230.47621278259643,226.90605083611317,230.40307777987906,226.2173849043754,216.6631568691391,209.76613719579225,188.40017739257564,168.62027855326767,156.89825504813848,160.77458959499307,158.87546307929887,159.9943966854214,156.55509548181348,164.29284915622418,157.13552328163033,160.1927656107269,164.64262649561678,158.23850553956268,161.4053133937425,155.3996867914473,161.76602543834102,170.85977227334973,168.32151561139307,165.01106906226252,168.2037340587709,174.09829372237675,180.53367456618878,179.8412473751213,173.744033065902,185.8333705746531,187.65886219784605,188.72786804418618,182.16844524267867,174.91329420060762,175.5594299830815,158.67156149762627,119.32437699845605,,187.58287877586264,191.38784937626863,214.56260274073946,228.4508742495132,224.6668529919493,,256.00027667445676,219.02315726192947,171.3058031687606,128.04723303350394,108.40552788991043,63.7460223636474,,,,,,,-32.22634005270573,,,129.71419521682924,,,,,
173,2017-04-30 22:08:28+00:00,,,,255.15603750695175,254.78733161745276,248.74459172648085,233.37533649519253,237.0154022255922,210.2344559998787,194.50502553411368,189.25123643819722,179.72267757870827,180.25634164423585,,,185.13869299984128,189.77972530901872,186.52394146780932,184.35266361048843,179.38331948914586,190.63152130833828,192.19925044206292,210.61860084866478,226.99189849236092,226.51422692381468,230.332578064068,,,211.82948685426933,210.13395399468766,205.27565121593096,210.53702939713466,203.44821801946745,180.10859854895097,156.33344959049447,151.15844811551457,141.26910296143248,148.84579122373793,,,147.46763941929865,143.8552905084872,144.66601501276298,140.8356330796046,141.53706680711244,143.61137472699545,141.97651365700386,143.45305010457358,148.01935043484963,151.90786657315456,,,157.7256540766592,162.55310530454372,164.96246441677937,163.1596864770592,175.6534301491483,178.07862961807822,173.1352456003048,163.69278767383466,151.7006375910761,155.7203154265009,158.26243117680463,,,173.82381837642208,184.78122008610438,194.90245294480243,195.41731424536619,216.72783679762225,240.10361380366334,222.6339623039775,183.2070575503787,147.72159656772394,115.09028136968884,,,,,,,,,-36.048925937478195,6.311837109354525,,158.20778444530384,179.96788076931725,188.52866156783148,196.60237768433635,,
174,2017-05-24 22:05:58+00:00,156.82290895207603,199.0416015444441,234.55230847138245,248.5861245016573,251.9029395807521,252.11344404379383,245.48621199019055,233.31018390880536,226.11694028802464,216.49761269417684,199.35081050131123,201.89551837399574,200.96793443598904,201.05727359469995,193.9583052990605,198.5496029522668,192.19858853837826,193.77231109581743,196.56580813267965,202.6664973052819,211.91176662232397,216.8815516016433,227.27868370464813,236.18970946797492,239.88105361584235,235.88984035847946,231.25364934092357,229.89984207161604,219.93282215226748,220.75393067260876,217.77286835981636,212.90465646501303,203.58551233226257,182.69263392406688,172.62572341399982,161.69709243138863,154.24459810540571,151.5836751958151,146.31248108630285,148.22089135394165,153.02672172425315,151.98339693694084,153.5651244189824,156.76963414580376,156.64817053906074,157.04103175988067,162.8838905652877,165.21031479264408,168.61008285481932,162.99834414506967,164.97193437414307,171.50955079418975,178.9676355023312,180.91123055822487,178.04067643958086,182.97869599003056,181.17289079419572,187.86114006355226,184.58629204532292,171.94821251237826,163.83930429514666,163.66554018225975,168.76283342262997,164.17858942425323,179.22354780965262,194.11331654494535,200.62000219138238,216.832978545772,213.90835584269036,241.49331724858843,250.17217945374796,243.9639730998486,213.1401309294302,172.0278865254083,126.79317182494972,96.21798665905183,83.08599970926957,32.363022478490656,,,,,,,,,165.13869790153217,184.11873377406047,183.25550908437032,193.6541518651851,194.34362289317394,186.40984049909986
175,2017-06-25 22:05:47+00:00,171.72480653297282,196.62427792765106,217.80344221759339,221.03863630724692,227.14019148978585,233.71570838624478,226.6503529197716,214.51593461131984,203.210097526823,224.7985354435191,211.89318666870395,188.4942012257456,195.15001380059437,189.8672938641045,183.06486167849977,191.22483048761063,191.3274037434587,200.59991381512646,198.19495191004256,196.17443895204048,205.15982827865852,204.6027984133604,209.05412159251568,211.68757000292797,232.68114416063668,223.4706414094939,210.70120134116178,207.33664915977448,208.14532113670145,201.55009601905684,216.38172611379176,212.09570343682037,192.5558670593894,176.1681094148621,168.53538923764833,159.47410683326677,147.63815538943473,149.12217015792282,144.82163831305465,147.77775072590396,147.3967411284759,145.4659503370826,149.5919555874922,151.3344641429718,148.4314905956329,153.05591574728945,165.17281405672793,161.82096051061512,158.7899864594305,153.13768544400716,156.38143165223332,159.36837976598568,175.2087843233911,171.73052322551456,162.99522522929814,164.78164413661162,168.27198046389688,175.67421723122862,172.5801049584311,166.35153006056683,160.98001874404193,151.23514616419084,147.40067237373424,155.14488229368848,168.1889236525659,181.45506835246476,195.9554145407074,199.12898990608892,188.26190993991673,201.51636329303918,,204.50122732278862,,,101.96199827495221,85.3421589195114,,,,,,,,,,,176.64858552345405,191.75255610409522,188.65501103196348,181.937965674358,179.48485772145023,177.40105782486984
176,2017-07-27 22:05:58+00:00,,,,,242.18590154321677,234.3716813800719,,,220.77427991473644,197.56975131591267,200.153344913223,192.71703182791327,190.15032452271177,192.98638811050128,181.40446841373588,183.55952397211155,167.01433452474487,149.99389924543974,143.24113506076264,151.03031365105542,157.15398159167003,180.60008658746798,204.54261955873395,202.1441642463484,205.17416671385206,209.10079549373842,,,215.98874774628777,220.02458206441614,198.7835060539888,189.07791185845338,182.46774959110064,182.3054711169822,170.77592108741638,165.89950377883332,158.12347966923957,147.0854846287418,140.28741444445865,146.37048313715502,145.0120643661595,135.69029495691535,133.48734723423703,140.03415796777062,141.77875016648488,154.75384336016606,151.71784669686505,156.37675609660897,148.63802474603352,141.70637316877685,150.51437984508283,151.9852946138041,164.21367164315646,170.08885063086385,175.2963200667962,171.2638468451316,164.26506130417462,157.96304141353107,153.06634291821587,142.36412739788852,137.16539360708123,145.371872316295,157.07351480212725,172.38960080363606,178.9207873755901,183.93296628338456,191.88061440857754,197.18440253278362,,,251.81824140470906,,222.57645841574399,185.35056246908013,,,,,,,,,,,,,182.59591058505666,198.44886639615638,197.32567043589805,201.75837199566627,,188.327080218371
177,2017-08-12 22:06:28+00:00,,,,,265.60323556434344,259.06805256806894,,,220.87315734885976,205.03391937211364,213.34417162810732,217.2538012899262,210.78461909542833,190.26209456986118,180.70301752406544,167.97354190914288,,,,,,,,,,,217.13121457119328,,218.95930000756175,186.05261692628372,,,,,,,,,,,,,,,,,,128.21445168853234,,,,,,,,,,,,,,,,,,195.84119666008382,,,,,,,,,,,47.06258723201199,-14.18914602507008,,,,,,,,164.42431383113177,197.9410620189627,,,,,197.4389069217754
178,2017-08-20 22:08:38+00:00,146.8860682938467,174.43763078991185,200.5925854313796,186.55628255070874,,215.8296926438262,215.79523525871141,206.3719276620604,,213.8729301197642,,,,179.07137080397524,171.21474705677113,177.86224734413366,149.27568183311305,147.96157928854106,147.70486701109712,158.06236878493468,175.57217796406772,185.95400206668796,,,,,193.318687153542,193.83623508158078,200.66394717472897,198.5794464576207,191.4021537507099,187.81451522256623,177.47054727288915,166.06277664975576,174.0575946823703,161.97076455358555,,,136.15607945044317,143.7385232313125,141.01570683294798,145.6325772447798,143.92125650518096,144.21950427998755,151.6814047231868,151.96266913679148,159.19496905822396,150.84864227873604,157.84718930222542,,158.56372100314036,160.97425198846562,174.47280124445672,172.27358993222722,168.89283685016844,165.45436936116758,165.75079423347242,157.89080366466166,155.40443031048673,151.95844451381606,154.10072758014698,,,171.961891391569,180.54903072366008,,181.9063369105982,184.80897047853475,175.7722297705759,203.05029873970443,,228.5384028113027,,,,,,,,,,,,,,,,175.38352923257446,,,168.54424672423502,
179,2017-10-15 22:06:43+00:00,188.29995517195445,194.19478376878766,200.9723908646408,209.9737177264484,209.63170536168457,221.56775867107788,220.13872706659342,227.61647788977496,220.97625393066014,219.69547481629203,205.16626427257896,182.37499430406885,173.98112111794202,166.4944814818302,165.74071847819886,159.44183597234888,151.10330560243003,142.25960773480608,144.19172777451638,164.81034792135043,180.99500394316325,197.98321396789095,200.70735216025778,196.5814253279372,196.24377579933156,,,,,,,,,,,,,,,,,,,,,,145.39462260381137,147.28883350467314,145.1645809627633,150.7172862494178,157.3119177431336,168.44515499114124,174.01074600772566,176.76835568772327,163.4893851670047,149.4599558962584,145.118685208485,155.7502236092537,166.99063159151444,182.66458274952646,189.70921939095135,181.63462688241506,182.6506724048106,190.2232451445621,193.42036737833513,199.33847901242402,205.01528172633425,221.65494410296708,230.4441664277826,238.11915027034397,234.30578781737285,207.35956772404245,185.54371573603598,143.31756817411502,99.07019667460939,,,,,,,,,,,,168.62929599953043,178.5906807237369,175.10878243315227,180.97482825528985,183.3699127549871,177.20822473719872
180,2017-10-23 22:08:40+00:00,,,,,,,,,,,,163.09439091124094,152.16834914902253,143.11489720728474,144.50525847635672,142.11925028550405,132.45710495900266,132.1584568743924,135.97186111164459,,,,,,,,,,196.5064806914763,186.38919268786302,178.59057078948072,177.7946735938672,179.36774906457867,172.5790372356488,,,132.12106284268927,125.99984053308508,122.75316553405183,137.9131337719946,139.08176850975045,142.1311678421914,143.0311606406514,145.35978948928906,150.1697760591691,139.6952333616554,,,134.4235470088878,136.47943567300885,144.07739017833427,154.69497791657355,168.32293032196887,161.06992071760428,136.42264186217255,132.7201895873961,,,,,,,,,,,,,,,,,,,88.81839060319136,53.75917343303778,,,,,,,,,,,,,179.10925434342624,175.17418500945826,173.57144832081144,163.4531555120034
181,2017-11-16 22:06:40+00:00,167.7838585559019,190.82212009573095,210.46900036050368,208.70219704825507,214.47592958896035,227.63147319879005,235.59349299604014,232.38431604506786,222.24425685996147,222.51872130757158,206.3833776020195,195.55765516569312,192.40351822839693,184.05223658814288,188.28816651140778,189.4199849136599,184.1295282364643,188.71454033904615,194.21739122867206,211.82235541698373,214.09688630934707,221.47416373493473,207.7417852707059,194.92748650475832,186.68955610933057,202.82394525505003,221.3436477828302,226.39819941478584,220.4601359583096,206.36789413226325,198.20177966616882,188.58579185051337,196.27044716748355,198.4356133896356,187.49797645299122,173.52140312360183,162.68919665759915,157.00812542073527,158.9637300606616,157.2087502223104,165.4165135742171,165.1404173083116,170.224384058032,166.42425612343118,159.53060611697998,148.9012466491433,153.53975078098227,153.66327030771322,160.44790806798738,162.7814932633275,165.6067892693668,177.21573050886968,191.86541965800615,182.20194474068563,169.45783623207024,168.0637511590856,163.76575514780677,173.57027223486597,192.8316416690696,194.72528705526491,198.68447879381546,197.0726747646708,188.38526059784016,194.37616128778882,196.24862271537478,207.95623574968795,219.20701520393203,232.56821436530237,242.10774009482986,252.47917108253918,245.7065061915772,217.4308426789932,195.73127487369675,163.6683098556928,117.93387977432307,,,,,,,,,,,,177.65038627552508,189.65102459871196,200.55328008276382,199.9793651856994,191.36755078121405,180.38390037250008
182,2017-12-02 22:06:34+00:00,173.36408248409123,199.8263158643813,215.97892909397538,215.73247045951982,217.30935719367176,231.02325763843987,233.55224272636204,236.81000773398262,225.13135066213397,222.39286379718936,209.07497990567143,202.30820056453194,193.97695310585038,190.11023291337412,193.94721744442973,196.7561485600055,191.43471667340282,205.06785545728943,230.5609392823527,229.52933081322715,233.80212955482776,236.5342113812304,220.38582927097056,206.09859506256458,199.75419783153646,200.88701999778908,217.6124498343239,224.95153168379164,220.758019464438,207.09171788168578,200.1926860334558,196.86573870345944,205.64169989300075,206.78033567836184,189.80518389919428,181.60902027022033,166.10250385770212,168.69701312179652,164.31469726571422,167.54022185315677,168.78247387125037,172.4660288604357,173.64995658548293,169.85106613193562,166.98929146796024,164.7415717971238,170.3070001636536,164.70522942471825,178.354524253509,176.00739920802488,171.62484366678444,188.82395234131937,192.88187648125285,181.89007218061857,179.6913492121587,177.58622618424536,170.98489825296753,171.82406349904926,191.9373175580984,198.4957433800509,202.1834886083589,199.55191704465793,195.01062852851732,188.29445511484045,195.9111315950728,210.57907722673386,223.38604713482746,236.01277694936942,245.20457133983663,258.77434751570877,240.81785297262854,220.37012164520792,194.05136875362572,168.56059290328386,127.69418652838743,,,,,,,,,,,,196.78059753032662,200.9674547323094,201.26529408916397,202.67207252794333,196.7888672334434,187.71932863143473
183,2017-12-26 22:08:16+00:00,,282.625403765503,,,,,241.30782024528702,220.74596204768326,,,,,178.64820507773175,178.06842659381525,181.7372992052475,,197.0348641420588,,198.7790732533285,195.18463646793055,177.9738785971234,176.7896933937204,,,176.2738812497994,177.57513959204718,195.27107173697803,217.88718377770894,213.2267953578264,197.6095278856637,190.95607061117371,185.6920248097719,183.41958987290397,205.56236201190433,,,,153.54661178180234,,144.81745603630978,149.0741973176582,155.60617617907937,162.00728389529192,157.0511186040434,144.71518710272147,141.27563393927147,,,147.34555293614966,151.84148535230574,158.6282199601659,171.61722911223805,185.5450843768222,171.91765832674557,159.40195406315775,170.4530715690753,,166.73552299491257,173.2851766036967,,,191.4529047861171,190.39070792803312,,186.17381092178624,210.9364351851667,,,,,202.91407219175494,,,137.98388754573133,,,,-67.94968825685523,,,,,,,,,,202.440096811137,203.02862332031034,198.63777411059095,192.3021958758571,190.9782950771415
184,2018-01-19 22:06:26+00:00,,,,,,222.57791957690938,,,,,184.2778148798718,181.2513998580447,172.79090918135472,176.75546748117856,180.44883536412328,198.59915050758406,196.07975376783753,188.32532956974111,178.11254347437696,179.8352233030391,185.8273335048766,189.6801812284554,180.11217608773126,175.57550445379562,181.6433874058502,191.04304716808144,196.1241708114019,200.50971541988312,202.2102689206039,194.8143188934334,188.03484963050792,191.3946580867144,198.91990436596018,182.92847200150635,182.45976763757187,161.40584553644857,153.62702756668472,148.66753164608258,149.2886580741768,149.37460971149306,148.683231573235,151.37313012252548,155.71030605929417,152.80133050333623,130.83974710516134,134.98821190747785,146.97406976891645,147.59446944960547,157.23623654089283,157.29862313150244,161.44573789004497,163.19638432297302,174.8705982889635,170.4996410708912,160.1603875271794,158.54664826830862,164.86328561389996,170.13222789966275,183.2918568635693,187.93581641056429,192.23670942500192,182.0593170002699,178.74033241469215,181.65613921576505,191.92114775172456,201.89020162292007,220.29944213146035,236.53652295017764,237.8483462276575,244.12044323637602,218.08665106069563,203.94841804447984,166.18063557938498,131.73889523494933,,44.21854282438271,,,,,,,,,,,173.5941455788195,202.4784007959414,213.0309275561794,232.4596747308687,225.27650779920853,
185,2018-01-27 22:07:47+00:00,,,,,,,223.28360328364803,,,222.6980289735826,191.65994416374056,198.3817271164554,182.86525849044224,180.44765424979033,179.85957816583374,192.5391666579176,187.3746510420348,,,171.80927194424163,172.27728199150422,170.7457278305105,162.29749998257356,159.77472490686188,175.90554280286125,201.5777129030125,202.3188930727443,202.74960627700725,205.47099282250457,196.53993887965058,,,187.1151302268951,192.66321695630953,176.5322683218925,171.79055293693435,155.43623408577005,146.00515700097262,151.87452412200014,154.42206320934895,145.8853634522345,144.52313154916516,,,142.47589620257494,134.62084727261978,137.6614920603589,151.12649532590237,149.03096009091962,151.94992261692224,156.05939440178213,164.87466663238206,172.1033503525675,175.15133657827715,,,164.71017278347372,176.3369474422268,186.96261455805518,191.52212498637596,186.89811356900614,185.17732218815405,188.65677396970202,190.57097279691175,188.4868072749317,207.89756048084854,227.30758380253405,,,239.95619011644644,219.61713622516683,192.22180658198178,163.09972346449757,119.62613571853782,83.84835198422648,,,,,,,,,,,,187.91100295073383,208.9203419885863,212.29482234157385,211.8360557750346,205.93729371697478,187.42775321384633
186,2018-02-04 22:06:17+00:00,,268.49853516777983,,,,261.8653042551862,,,280.2722460337716,244.96627251532243,218.77220869796378,204.1434504822336,197.2202270225797,201.58573324306002,220.95141015651888,220.07444943404198,190.8485772531382,186.11107777536665,189.2219484504639,195.69003855842752,199.36495558232028,190.80896706474658,179.2920218512668,175.86554661467272,201.24899632198307,201.51978295993186,202.48420461103746,213.95142796440703,217.09763792864445,201.84169683499888,195.98210339064892,187.14215570291185,194.41366942566714,202.03897407319684,196.33860158147743,184.05421405413668,171.13010938215785,166.52827987615606,167.30737766400844,160.21426534286493,160.8708965093831,160.83320869964678,167.2541668658754,174.28140161434186,156.90920872312574,145.99090175358893,154.6027352659613,165.2579930382457,160.51458568425215,163.66056885451934,168.13503655779704,176.6159202636212,178.4048948893682,170.27862084117572,171.32846984479497,170.67864072473535,177.41400970125258,190.38984453355792,196.5734385978767,209.6448612509312,199.3469910728907,194.3796590867524,198.3204054421072,194.18539760569902,194.0133225203582,211.48676033744823,237.70279981479302,,,251.85850655032115,231.08471603939037,208.78698389624512,171.74874128696564,123.52041824601483,91.41986681112358,,,,,,,,,,,,198.84253072444696,216.22505185682766,226.94393714499623,228.62460796129218,220.16033837838586,199.72448699413405
187,2018-03-08 22:05:39+00:00,,288.25392364511447,,,,314.0895597797198,,,289.5542698820276,266.8499352146971,254.47942380259667,229.56552478115594,202.98999152545406,,179.134534076368,178.09549883500858,179.85872238194568,178.8689189252703,185.66751857319724,174.73605440874002,166.63159857422352,164.97145748658608,166.43843152000943,177.0833603642531,185.3471418559412,191.89335772977307,212.08437719743145,221.0977723373956,208.92333035140837,195.27588640683513,189.48408641635413,186.8061383501049,191.4918308890462,197.2608514454103,202.32062486969932,184.099410255583,165.68257029021197,164.3026563380247,170.21803797904695,158.15634545102986,153.18724879492714,157.1441819300177,168.43009778805137,162.44560536024915,150.32164197731126,146.55309820858218,151.55402415832577,155.52489027000655,159.84086765044376,156.55437909847612,161.5939063465691,168.23945132831795,164.71713265713393,173.57048224161517,175.79847614117404,179.4808694736608,180.38565956941713,201.79680705918764,220.87519806079902,210.04447684788164,194.8136274104483,192.26173386082237,201.855572317482,207.01577882204805,211.77690470974974,245.90784570272015,,,,264.6250784202023,246.4402711721824,218.43655962594528,,101.67194778899014,65.8499781593292,,,,,,,,,,,,199.60443946223057,212.0958483341824,216.33788297917,215.82213397742476,217.78262205138012,208.52990500534142
188,2018-03-24 22:05:56+00:00,,302.75575755248803,,,,,,,,268.57432296112955,,,,,,,,,,,,,,,,,,,199.22463035703197,192.84077129374057,182.74707485355782,184.92063938054665,191.59493692500828,200.1544859625697,189.88036725942771,181.3631599826756,165.86396721060981,163.93577333164586,,,,,,,,,,,,,,,165.57242675958784,176.39914825695718,,,,,,,188.7225999854629,191.99655504878257,195.06331396312632,196.25255029988034,,,,,,,215.47338554426898,209.14821145065372,165.88102487979245,97.20020987408651,87.39175005224342,21.68249456995248,,,,,,,,,,,206.56613362579043,212.72600983470883,214.7816240788142,213.9329013177998,216.35831437914078,216.4801420234406
189,2018-04-25 22:05:38+00:00,209.42789870803733,236.65537823707672,,,,284.5128892384429,280.31909460308026,272.14386017089817,258.5981078898965,241.89144637879141,228.8745399989315,215.18573599733702,191.2923894525204,185.99319566176885,183.63447654024625,183.88374893249852,186.56090755698943,178.3304214204044,172.91245691400545,153.02249136604095,152.76093690457117,154.77599091601718,168.65129222843396,178.75756709579494,181.76907644203115,197.29139459669582,201.82472913202787,208.93581626555135,206.0760039575371,183.28855892627445,187.81086642928102,193.25773308393389,199.7166432379188,196.842837113565,196.08815628379637,194.47026560560144,,,,,,,,,,,,,,,,,199.5193921100503,,,,,,,204.4114237120192,202.38514087560833,217.58072756639038,224.75602522209957,,255.84299341745378,,,,,306.21463917076306,,,,,,,,,,,,,,,,171.02172389453833,192.85194364147182,204.1714518686472,212.0850278946896,214.37407277210164,221.96441235987004,219.9718477022902
190,2018-05-03 22:06:26+00:00,174.29807451060685,196.53792839955312,216.86354080008408,243.82374404088728,252.40265980668164,263.07660947031167,257.5913785945467,245.0790819543715,237.33463271456924,231.77867449118406,,,177.00413820933122,168.26151144305214,168.64012081290807,155.27921201516955,160.00947555631814,169.3052133801311,161.93931424998934,154.57805649664041,160.63617475686547,156.31863207816724,,,,186.66091136470484,194.87181607534026,197.12081587552674,194.8234931995021,184.03559528000673,180.99632948546449,188.51950791933197,192.88429489478682,191.42853608553582,180.93827732210406,,,150.58469105231444,143.08024238053548,147.32884089608345,143.29148216443235,149.02731974199136,155.31499910027264,153.00551581814892,145.9000984788762,147.7256277793913,153.18431560030945,,,,147.95405956421178,153.41052784111642,159.10590537453294,168.01518439083821,175.42646594710175,173.56343915968992,178.3316055540144,184.03442469760267,182.12374854240218,174.1421296440409,,,194.53586665621228,199.67663842187048,,227.2260502502367,238.61796647285712,256.8098704996549,251.71681936910807,251.50311391256815,216.2934122332219,,,,,,,,,,,,,,,,157.6151545679089,,,204.48129842545305,,
191,2018-05-19 22:06:11+00:00,,215.96086778788168,229.61644635038448,237.46737543998276,,242.35536358751554,242.27564749659652,238.50443708358424,229.72823884059187,223.33801141691347,198.4530908680875,,,,171.4117031607729,171.5653536693131,166.2757434545938,,,,,,,,,,,,,,,,,,,,,,,119.86827284393134,131.49228642014737,134.64594489848608,131.1462273244767,128.54342325528688,127.41468529224356,130.11564789862612,131.84421454428715,128.17038365025113,,,,146.59468858351758,152.63843546943806,154.04642554218108,156.1903521482753,164.24116575460513,173.0872841447693,168.37517196596184,167.04379951215293,176.88459200973702,168.82780923993423,,,199.27088107290191,,,,,,,,,,,,,,,,,,,,,,144.69567889764778,172.3366537445315,171.27484829865355,,,214.36395143793598,214.34792169074478
192,2018-06-28 22:05:28+00:00,165.99981846112257,202.76893457846623,230.8345076567733,233.90484942324588,245.51783937019633,253.73408720749927,252.8633044452756,252.13378265855536,245.78749522624744,242.45821344317585,223.6025889074262,213.84722143848586,196.3840472333467,193.12484237713076,188.33942811096315,192.8769354930207,183.9142252772177,178.23073044791872,169.37854207758505,165.5841119605748,165.4722652070251,165.39397478478224,,,175.42788769239854,186.4718798878931,203.07958182224587,207.17613976895527,201.8745303313979,196.72452086999715,205.0015790470608,204.52624908663296,189.40381244666665,187.09982225123412,187.63418515448933,183.50833047182846,168.91594547793346,159.03118901621337,158.48264145159249,158.23188004869024,157.30725251371396,155.60820832837788,149.91101610530023,150.1776433635513,151.0493553515232,151.21396429559502,155.80951581080325,150.2723772226033,156.87905427776303,157.68294018446608,169.93913280626785,184.879191945373,179.5601470589617,173.7362327565271,181.03200743861606,186.1322634592513,190.02957211800646,191.97053229258444,193.33838949417384,195.2974958723604,199.40829561470872,205.73670156848175,,,,,,,,,,,,,,,,,,,,,,,,143.555572636038,174.67076102629034,179.02423695962497,186.21304738647245,200.38989339272294,205.6804445557307,202.6233979700285
193,2018-08-15 22:05:52+00:00,195.35400979167758,208.47944924769985,220.22121359230357,229.3105091363103,240.19254669681365,248.93885772754987,250.10709279938536,241.63961947480064,234.81665551349465,218.7749300377274,200.4923023291807,188.10529758480652,173.84908583175883,183.60109197655828,193.83536780409662,197.168848165631,183.7637409414942,165.28563087995997,158.05879240516134,131.48125323780295,126.32246061933355,132.9848137580517,171.69083466822858,186.04604691156948,191.13021134930736,170.45398123119304,171.09145277839454,190.91219166333167,182.0050062520282,174.180158716519,179.38529225650393,186.1497053495286,175.72623954744398,,,,,,,,,,,,113.93419553721527,,,,,122.87507191008473,151.82704605721028,163.18814264472704,147.68290066786838,142.81737079111358,152.0470701911233,159.0759491602555,159.16430563215982,161.1362254032641,165.98454550598439,,185.07872577795553,186.45647463257882,195.06446911910226,,246.32137011920585,256.3928504999976,275.32350462556303,282.9404468646575,267.67627799759765,242.7936455852887,179.15206974889693,,,,,,,,,,,,,,,160.4649815278288,151.89202790419716,165.4644112166494,173.20364840047856,187.09840155718734,192.34922621969105,195.0377561188555
194,2018-08-23 22:04:25+00:00,160.5969366990048,,,217.41254374575655,215.9745631384728,229.46381127411868,227.73057523565953,218.17633547070565,222.81048670373053,211.52495327533865,186.6610380968153,171.82141981510856,178.58089147164475,180.1645815737771,,,158.6994800824425,147.76053298462645,133.7206799160876,130.7009982678662,133.65289580940848,151.22521558753638,182.69413137300992,180.69488564149785,167.35953687754696,165.46912882652936,,,,169.9117004657643,180.7788776250152,199.01869374597288,176.9157130682897,172.6833652288536,171.57120545356833,171.46408464878593,155.11259793878182,144.32561479454836,133.6359690997159,,,131.93133151529966,133.55904462806112,134.11911672538113,131.8149116332316,128.57598625114966,130.84623865664312,125.29659633343742,135.2382149262639,154.2228420972793,159.8087738201573,,,144.98965089914523,141.44853396657484,143.16794290986988,146.1638298251616,144.942086276432,165.30127967068208,163.98907336932052,183.09797187187286,192.3336893212236,195.99665566274226,,,,246.36895124473938,,251.28300656244969,219.22815869985365,175.436632405396,,54.49927383451817,,,,,,,,,,,,,127.90079047910534,147.46734353638547,151.2349291147176,158.56753168641606,171.4669758083127,169.75203529667195,
195,2018-08-31 22:05:59+00:00,189.54273719130725,211.37166969565186,221.8271138356718,232.5293070422225,242.93519480039723,250.74398970793885,253.12942649124116,243.92403249862565,230.2792790573364,218.883617312098,202.5108676627483,193.64854540471256,194.87760602545544,182.34566946350535,191.47604824668323,189.03642314343077,174.82756866289589,151.12599076661468,134.8908572880656,131.94667964077126,153.0001228973667,,191.30484327708703,184.71275997082142,170.34941610535674,165.8243565826036,168.93274635547363,170.32183041068524,170.16335273625793,164.25228530253827,180.17136015156333,186.21053261046944,179.03384663254062,173.68652446628568,170.69400461128402,174.42552089289367,159.47894098305503,155.56565349492845,142.4307060901338,143.00972235420537,139.99617064153418,138.4976145191739,138.4355745438629,134.47332295696347,141.7307078708465,136.1621916882137,124.32155219881582,118.8960932341244,125.21328792976757,153.22633033440107,170.350903534398,168.30662321301378,154.51463911542137,146.80494377953016,146.57413602732808,148.80061047517665,,,,,,,,,,,,296.74400281787047,284.23236195489324,245.95803639555143,,175.39567049692516,,90.21573261533577,,,,,,,,-41.08177325693068,-0.6799642318250534,,82.22681674739204,130.950980719103,150.4258392018972,152.82365018368336,163.88632617936887,173.1988551918083,181.1686765206508,186.44468693868603
196,2018-09-08 22:04:05+00:00,,194.33551096426098,215.71746628388226,221.77340378494173,232.3775405145047,244.39523156233201,246.1889958949241,242.8200234046081,236.68598120284523,,,195.0148019790082,187.7343845778485,185.391444426487,188.9676012710402,,167.28705865302953,163.30746572731658,154.12425227206603,168.77964371389555,187.93308386441043,,,,194.59995752615256,184.961772255288,191.06669005266428,183.27535649225723,190.15872922852566,192.11348343450132,196.40912230239087,201.82954129416368,194.0415477917554,183.11584169916628,,,160.26168191155125,157.38863359387997,152.70627707315688,155.1007402921279,151.4965060850573,145.41341374652262,146.69481019448259,155.14174921911248,150.18028905859336,148.05038311492453,,,156.20833765175394,160.8834274326006,171.56192851208056,168.09117864657293,168.525494260919,164.39228301535556,161.62574201151608,160.6492938285229,166.51394462253947,172.9101697739838,,,,198.72437829234048,204.6552551596613,215.5832729030796,,248.81824459285266,268.48515617675673,,271.4646248564344,244.1033725821223,199.36416558633044,,,,,,,,,,,,-17.62096203225345,18.9232286086637,74.67938676187319,125.64075161556943,,,164.30925747306753,167.5887494923187,,
197,2018-09-16 22:06:03+00:00,,,,,,,,,239.55505907382087,221.63691964583776,209.88653835974537,193.93175372923372,187.37340056686924,186.20365891414193,187.12419264870454,182.6422863898177,166.15161908439902,138.33912592668779,154.20851726330963,188.77104191576493,186.1070954669308,,,,,,178.9042383671142,170.78071960014142,164.44947629485824,163.81279641307788,180.28862159615952,189.66327507996263,182.05344084664682,187.83803612666094,181.16113928741902,174.0457373402956,160.49602231728525,132.16645741466309,106.74303980700759,119.84149122474096,153.8755955406864,162.240009866348,153.62723890658174,,,,,,,181.94591696580355,,,,157.3842305943793,155.89081019040674,160.60142023606724,,,,,,,,,,,,,,,,,,,,,,,,,,,,,,,,,,,,
198,2018-10-02 22:05:47+00:00,,,,,,,,,252.58088121896446,232.70391435162023,207.93594721027497,192.42343019113065,185.66235900752073,187.24894784464124,192.39228458868718,200.16645077312037,216.70448929479127,204.03688497360105,185.11831698770754,171.80551273991338,156.56606138461964,158.2431332040302,166.65295010012508,174.62326276920757,172.15598939168558,187.7563940665758,189.69569336286796,163.37420097411876,166.5043770372312,170.2169952740129,177.415412987716,181.8244062799815,183.32924538066106,191.60874064815388,183.1018251623865,168.3301925273155,156.96660847561952,153.41364310588855,156.13079475162706,156.3303338519749,152.20781094852472,137.22402616648031,138.28088837226525,137.08793295141572,137.757849889057,132.6415090675556,121.68163655273588,124.34881334932592,143.3842614479306,169.9048792883048,177.95315730518848,166.38966670081606,155.93596042412491,152.0237198311006,150.6830617237489,151.498995399452,157.03866990581193,169.31634148080843,183.62684487057302,185.7455168603334,189.1211063922367,210.72213465759404,223.29042239649812,,245.1790378082626,,,281.4206309303005,,,,,,,-59.88224192737394,,,,,,,-31.07744343524257,,,123.66236005808476,158.4769553246674,166.97990451339405,173.6290719111198,181.24527166299475,184.44085153814754,192.61290437322077,197.64211451895298
199,2018-10-18 22:05:53+00:00,,,,,,,,,,,,222.50862623252382,204.74303475430858,207.17214990923722,214.48147422616222,205.4782378348663,210.99614774524426,202.85532659819194,197.11768770967868,182.74314048450384,164.66312984897556,162.13576204353274,187.0787163078224,180.95531724263984,177.78294497736826,173.81927687261273,163.97242675520016,173.87234831009405,180.15164682999065,182.6529388665768,187.55066371895637,192.253803908476,200.97313432308144,206.0805116056751,195.53189369441347,181.3857057808652,171.7283505179632,169.49436522198414,165.40208176590616,173.71137076018684,169.78598421245871,164.4751528093132,150.32981286924075,144.55889803627548,147.5391487194877,142.5883978135267,143.25324858559998,147.8031139374798,168.7564197438114,187.8351544322657,184.83384550844585,178.00418068413472,170.6771179886575,172.41564929398587,158.89610241939292,169.00330256447162,167.90172557646707,187.2792429837818,204.70957025415572,210.64346614548802,220.79264294409427,233.8326313812839,245.2741974357309,,,,,318.26823433699155,,,,,,,-51.082522729908014,,,,,,,,,,127.96396393007691,155.89510762359146,170.8018580977146,171.59590109713835,182.65780725196944,189.9477236366201,195.6341693336448,199.01922939924262
200,2018-11-03 22:06:21+00:00,175.89276023523126,203.65519343748397,215.47237382833558,225.58993855370073,233.68467282032753,240.92131758014227,246.09634800357009,242.5933681505579,231.2409303262471,212.26749598241037,195.13668221098825,191.66788046760195,186.25466934558904,185.31980447925085,181.48418865021338,179.27907820893262,185.0685729947756,178.1856998764091,174.69165387545658,171.90330628694386,153.80125744327532,148.8606777056699,152.27265676684002,159.03976666161918,151.29888570726493,147.11571193514737,145.421937476577,158.65415681012902,161.71424267176639,158.97027208049266,163.44512582414765,170.86128947316408,181.13036470159759,180.84808681948482,172.41821236420384,156.5837678919222,148.88732375245556,147.20686442845815,141.59247747988417,151.08736682596972,142.12082872836007,137.44898749175235,124.15015804306972,120.96636863104196,126.570019827288,124.57648154362217,118.24281470656291,131.37597715755416,152.1529233200008,160.6988331584708,156.96412570009974,155.54390597388223,146.79391566394256,145.3903337290581,144.0665496547128,149.74456363313743,151.28624271632492,160.15002083730246,173.7004669567249,179.7755442140193,191.23177508627649,198.84692168977762,212.16909668514782,220.03894015041877,232.0108800454538,252.0349186442473,269.9141314130334,,249.49687473257313,211.07689634202987,,,,-43.90091031704851,,,,,,,,,19.673940144742723,57.92931602427842,94.58881019888115,126.72079480103841,134.45075303864968,147.18842252373923,150.61591238463328,159.56293029147062,157.02557132315715,162.63742031395876
201,2018-12-05 22:06:20+00:00,,,,,204.00648248436676,227.21568669600882,217.57258667716656,232.2633708293461,222.06298346330956,205.2460710622824,197.368209896537,182.50399143133282,182.40208095499216,184.81759816733125,176.76358723789085,178.90571780029663,164.68966912299067,167.9636035796313,172.9154762000685,178.4504148810096,168.1074278150132,163.00119410288076,163.81338194524653,157.00323066216487,144.78993956747954,141.57495515381953,153.49892931575906,157.43873720357607,173.71648240699727,175.56666963909942,174.20882152972797,180.79264160187063,179.84403772975315,175.57806780240355,159.1353287856339,152.31241043679316,144.60499308243323,140.92074456798102,141.7477418177128,149.476048818917,143.01537377910785,139.0296097912448,139.85954425124945,,,,,,,,,,,,,,,,170.86570121453062,169.88068691940657,166.29041978224956,,189.12900215089365,207.64713597743312,215.9152791029294,216.16111433162936,219.26270210547543,,200.61558495538316,168.57726770888746,,,16.39539415579532,-8.408426547198083,-15.578214792149048,,,,,,,,,,,,,,,,,
202,2018-12-21 22:06:18+00:00,147.71377411125712,,,216.69365330783728,234.33405137224094,242.80441790530887,252.41850122396994,248.55113974804726,242.05519028288535,232.5554353453939,215.46437440619576,208.32879375438955,195.8628323747406,199.54272582174457,199.02911728981798,209.89556401277315,206.41571171604338,210.5953271081134,198.4094333445293,188.99319210688463,183.38674761179652,165.86409913575835,169.59021425162342,167.62553460901796,144.51749585910727,149.53901140370638,165.3807348643203,173.08036422084365,175.938612896717,172.10533648501914,184.50824088627317,189.86907865342158,185.21662342315565,180.6511016485711,173.65531085616539,168.04995243097963,161.40050910063363,157.4470594572447,161.03480004297256,153.11482981471082,147.2859226512805,143.4437177210849,143.7819149611091,150.39231412574853,136.48903108592853,139.39846120283607,143.399457041836,140.33974159659053,157.3371817992914,171.8240119653506,172.3063309462584,158.07166035457655,158.24738137012386,154.99875474015064,158.10612511766925,166.38697552220992,173.2765659386558,178.63897087768962,191.35918489236826,196.0910492483238,206.0437565348682,209.93300561265968,212.15332737685623,222.02468019249756,234.06278192660628,247.77590457656387,264.74817294892694,270.57762240694746,244.7221078347631,213.37770435772555,,,,,,,,,,,,-18.21231783334364,11.916110246961821,67.41551041822567,96.40469962922566,135.81180477255316,155.1454298511991,157.84909847150695,163.5692659317354,172.92200019848323,172.0598668545733,169.8312239024093
203,2019-01-06 22:06:17+00:00,144.02097130759728,,,223.19569001927704,250.44950382781917,265.19762831409474,279.60552303376943,273.8479090977502,266.390549411362,252.89945954355272,234.86226693458488,210.41144319901775,204.36761383650057,204.81795844530657,205.33042721213613,207.2914755793969,202.38582483468065,206.0608547834143,202.16623008085548,190.1360721279819,181.07891345614922,176.71574304551774,173.02816590536554,161.94932332906637,155.86838140213604,150.69186691550837,155.16663176430805,170.7344457532132,178.38931925736233,182.4082518092564,189.04528106844245,188.57866762792617,187.245230315327,180.21503545571764,180.06446415527802,174.3690679568787,168.99576591643128,160.87192397527596,164.5193937508656,155.1819614026922,153.61521059947492,146.67024238622048,153.68931384778764,150.91508997976422,143.03765068658535,139.17412456428713,145.94324223844686,148.3408832074687,167.91182419758786,176.5874111701196,177.13409922946028,161.15263770338586,155.86809345784906,160.61405022078276,164.20677162370544,169.40641028207332,175.11247498605928,187.69159609536877,201.94858561490614,206.07425073025294,218.5872414793528,210.79549194682644,219.72610266587301,226.828031145564,245.00482062391708,264.34037579059844,278.74645559016403,280.68562291666905,248.95809214707043,,144.8257113485748,88.54216486089199,,,,,,,,,,-11.89702495809805,20.696613992642032,70.09218861326644,101.22703905579911,140.00957819870354,156.26669390992794,165.70551822635363,173.57446610801304,181.42559007424228,178.26009019447363,174.40768265216582
204,2019-01-22 22:06:14+00:00,,,,,,235.1442944822399,,,,,,202.44887469196092,179.64292481097164,184.70715656412173,197.85522789394622,186.40464356884337,182.7210032286186,170.80596587941395,173.3626440828999,177.2210515542675,174.91790263103812,170.20140337641018,176.62319417464454,174.9089420089453,161.80516567253852,164.8252103289704,176.14471824715747,185.27618111301152,189.33199978768468,192.9124431991104,197.3953962849759,190.12740473299365,193.11559566666008,186.9175968323305,175.11208610394795,171.60967994990156,155.71050750450758,154.217684244205,147.65504451260225,155.63647167134457,146.93534263169397,151.42729645573925,143.87698057765354,141.6906006886722,139.00548620570325,136.2343432839666,136.8769622578396,144.5707551716822,162.33230956461645,172.322309913109,173.47516963219547,169.09913334990324,162.09144253872367,,,170.3031615092534,175.75040542916426,186.31679234809565,195.78018160808085,198.23372617139378,203.14020208174352,196.6630805752889,200.0298064450272,207.14333663657453,221.4011383761938,,,249.43544213079784,222.96489356220866,,137.23405189720097,,-1.1493015308161674,,,,,,,,,,22.864378825616917,61.32145008363834,83.70202374655322,118.64878918885307,143.21720052474137,148.41871923738503,155.15126804755494,168.91875689770052,169.04451511070056,163.75331503181366
205,2019-02-07 22:05:47+00:00,,249.04967537954818,289.97906429197747,300.834325669532,,,306.56125474038015,297.37114885731063,281.81544992806107,267.2241437417341,251.48561150302572,223.41398130558628,219.4579554822458,215.66190550094706,211.1482683106659,211.78987120095806,202.8625533046846,202.6061199817851,206.91430325917403,203.53727759574573,199.1935731496189,190.5628755383914,180.51475632475467,163.73195942049114,160.95466603747138,161.599757224184,164.08466609913762,177.70856071337076,191.9092365701581,199.6524645477851,196.12378546971166,197.3593765540074,197.23074663762154,195.06211802124938,189.52751020618857,188.78906902602637,176.78288485949014,170.28491365705827,163.11418891607093,154.02597252101586,155.99067357128945,160.36694788182874,162.15312555485207,159.60882697270978,149.27393380590794,142.29899597696465,153.20116109516866,157.96962823463232,172.63812545350967,179.19441834870426,179.36993391776346,174.5256067516602,165.27160142097821,159.15507819817125,167.27894772316827,181.557826766386,193.42246680264745,206.523006088666,213.82952998814903,220.31647023161648,227.64769204461768,230.1042216909063,238.05633462416202,252.27964264728172,265.7656737172859,288.3290085156688,295.7739055593761,283.0978921192782,247.71889894731015,184.59420486255124,,65.69125013085349,8.825812449240939,,,,,,-18.485080254337902,-22.974840317451363,-23.33169358009971,17.656698041005477,47.30902705993964,66.90809705125561,113.53181212351191,147.13738418087286,173.3232030753657,180.1216117377521,191.8639122943942,188.59066406471,187.51686623064757,188.1506330033286
206,2019-02-15 21:59:50+00:00,,,,,,,,,,,,,,,,,,,,,,,,,,,,,,,,,,,,,,,150.35158951820623,140.13847957570732,142.85783979560568,160.44623346859868,144.4274538769117,140.31407483472566,134.32218776261223,127.85422970773591,127.88355990063306,144.19012111709662,,,162.1249932915466,161.20096546942736,149.96834893414294,142.591150106607,152.7518755631939,176.57121321895843,183.0111743080946,196.54472311260596,196.2501346950333,204.4599982785161,,,,233.65081713015402,254.83244734059852,284.83298981750545,284.48810917510855,269.4514060333034,233.407240485116,168.43761230240767,,50.2869176356957,-0.9006833807790979,,,,,-40.394509592115796,-40.6099174577242,-49.28531255315854,-23.315650749266712,-4.5224123934228935,25.966699974160655,52.971323858851804,91.69496726409892,134.21910498609637,154.51533566024176,,,,168.50071187187746,167.79403981559807
207,2019-03-03 21:59:20+00:00,,260.9666261324641,289.4760916397512,310.0360062917312,,,,302.6461405602179,280.5365693504212,,235.7286561282366,222.72321818209227,208.2196644320618,201.87106011609245,192.88626708766236,190.22700773188578,189.02288564404532,,,199.65397996240617,189.4474630559585,171.43045924306156,167.81086799816342,163.5019904314028,150.68621072324726,146.59636972030324,157.52242338594723,164.73480021906266,178.00006403521397,,,,182.29874019555476,181.23828447153682,184.51272879485748,174.54498295527793,166.76351735854908,158.77232778622277,152.81420954552019,146.55308194494958,149.6671288437697,143.76058927296037,,,145.16487373891977,140.59372710152996,145.88383736547934,157.6666279848393,171.7669904819847,172.65796934075516,173.87620855436418,167.757595681903,164.50205470616496,152.0814297544017,,,,204.0606225020525,210.27327311964964,209.23686179334646,221.1140454567689,216.5653139356574,230.29795553742093,247.89614993487314,264.31965970694347,276.4411880519687,272.3630905862768,,,,127.73863076685475,,5.281001438744722,,,,,-1.3890695233147738,-3.703251060928686,-16.533188819652732,-17.97403132915293,,,,80.16472780746994,124.67902711028624,155.93307325095444,170.93803016842068,178.85978027616642,182.7330278928909,177.9217437024781,174.4156631615666
208,2019-03-11 22:06:02+00:00,,,304.63978368801463,319.8889348047538,,,326.682636943816,322.72265013114287,,285.15853235905183,,241.30401898184812,224.27886960165142,220.46231152486504,202.79551895156808,202.18430292690874,211.43733254957738,218.60555105764547,210.38999496677738,189.24943004748457,172.13704703662623,150.3149949591655,154.90697706679265,161.45651933856263,155.39306982242167,141.9459499222632,147.16551764116693,173.31056961780837,184.85999751406564,193.0785070399131,196.82648876043248,196.86667214874203,190.05085103245506,192.22183522565874,193.29961730461127,177.5187829066803,171.68157846032835,162.83116194162653,155.58670444013657,152.09011190090254,149.70763042349387,156.48892604654313,157.86993241997536,149.13414291806703,145.7695596829492,147.0461066183812,153.50366733857248,166.03928154933078,175.64334131749712,168.73745588913414,170.46582110761497,171.7657503290573,163.8392651636349,160.294300691005,170.05354327361874,190.34069848181554,196.58781189361778,209.8762104770134,220.18329703900903,221.04522460460333,222.7841223389894,222.5886935292647,245.9567010282574,259.36597914644454,281.74540316168947,295.4549240639276,287.6183186441306,264.49964981314673,235.08611762425963,170.86409514991448,,56.588400924551195,-8.432799800518817,-35.60330054750512,-38.9562142534354,,,-15.519026328360107,-11.376343610179427,-16.02027811879227,11.047705114322543,28.950282434049456,31.403637874342422,54.33287435082792,83.87207821949036,131.9132340017017,161.92122049091057,188.02526053176888,193.8010042445914,199.61149308013427,181.1706140878403,172.48080892300084
209,2019-04-12 22:05:54+00:00,,,314.6395634782965,322.16162956405486,,,297.3459911383502,310.8596951338648,,280.2622913789047,,220.75253753092954,208.93624994663696,207.54096467908255,204.4576932850802,201.1166687805361,201.8122093892881,206.0173506122212,193.49663286497548,172.27156293266296,149.44442380265824,134.24344420685134,136.84062659072345,135.09474785275768,136.52079940498209,127.94679260122236,130.66945463099944,156.09460393640734,171.8729781657227,182.0716234202132,181.810433298154,184.06381424329754,178.9671202440486,181.4827502866962,181.03157717480008,169.55612526966618,162.13448690947413,154.91953261286596,155.57342622811043,150.05228495667836,149.0478442743826,146.70989451931572,146.46593361497202,141.45680527325823,138.41917505552777,151.902120012227,166.46582838515025,175.5648348537939,167.99850717077578,160.07167860847971,149.91861121688908,158.3640413537608,171.15826807829728,167.5786262975669,185.37525960866031,187.6187003548717,193.18310386898852,196.79151532466688,209.21041794696498,219.00284406219492,223.15587537279896,241.48018743579425,232.96801435315734,253.48937653725037,,,309.2621061260456,254.58848031168407,223.01684127443383,146.02600348691277,95.83315998610682,58.36988613898298,,-27.2259147954672,-20.623540886318597,5.903318453759342,35.28251584925356,,11.835432583061348,0.06406726093705828,9.639880294206442,14.31991512021937,26.634378097621735,40.46070938022716,82.52227413457393,130.53465201763595,156.19982074203833,182.9170811823229,190.34312643545138,181.69019462642603,168.67063242516195,167.060647723237
210,2019-04-20 21:57:42+00:00,,256.96811708539724,,,,,,,263.25238667466124,,,,,,,,,203.34763705891402,201.90346851224587,189.65293466584134,171.52124826751788,,,151.72410470551353,144.9769870351245,144.50089787231138,149.3815511948742,161.42874540584035,171.55040124933805,169.64937812768858,169.4815734117662,173.71865629264147,171.13534148872003,164.5056319489022,,,,146.82520496959916,137.30336387070886,137.73991055339536,133.49765843919056,136.2258092177808,133.65811159995206,138.5658647997932,,,,,,154.2160374529371,156.13181395667578,152.83427658600192,156.14098630023284,159.1144479204262,164.10307344384296,168.48476589646174,173.26342067295928,180.48025299788054,,,,,,,,,,,,,117.62590598015746,,,,,,,,,,,,,40.76479719324603,,102.72619514839496,,,,,,
211,2019-05-14 22:06:00+00:00,,,,,,,,,,,,210.37239255176445,198.36428999430967,200.76336498789155,191.24195838054467,198.87668333866264,199.43963349775362,188.74016079987416,187.85850155137322,169.73049156341543,151.9103350939206,134.81508214882655,130.78645544496564,127.90878974420588,125.51266906873394,123.23147366391765,130.16630886188446,147.72869557431886,157.70590237692903,156.8859194726353,158.03117329836257,164.26316689819194,166.58064475343488,162.6189395550601,163.91095814204166,164.7209253451268,163.8673909601465,,,,,,,,,,,,151.87019285142122,146.62648878252085,138.54717808777116,140.33181477747144,141.07656775496915,141.27377601725658,147.22679318318254,154.82753180359327,162.03103381932416,173.04128387708377,,,,,,,,,,,,,,,,,,,,,,13.058393886359344,,,,,,,,,,,,
212,2019-05-29 22:02:24+00:00,,,,,,,,,,,,,,,,,,,,,,,,,,,,,,,,,,,,,,,,,,,,,,,,,,,,,,,,,,,,,,,,,,,,,,,,,,,,,,,,,,,,,,,,,,,,
213,2019-06-23 21:55:19+00:00,,244.03130831214244,294.1734840160933,,,,280.36704163006397,281.3474358079935,,,209.32572360768017,193.08927429569843,,,205.17947750244608,198.58549375676304,,,191.88754435813374,161.75301410579485,126.42959984638928,,,146.07263718034034,145.60682252046044,139.47618759293357,96.73487889890009,125.1855643421726,,,,152.1887582566053,146.03195546655678,,127.43186316398113,159.90289098422807,150.86312798197497,137.8520581246233,127.7476934816785,129.77500397013586,116.52071474390476,,,133.05784994652893,134.95914353473424,136.76751653884426,142.04715135712044,144.8749759577115,149.56994531179743,131.49019805486842,121.31875976036528,110.15109080343619,129.46969814440467,,,172.57963844395917,175.31784346718183,184.79777555917286,,,210.10700034477188,221.1390461121105,,,279.8718825336268,,,,,,58.84021355044348,,,30.614136932507446,,39.79845027506792,11.527885791761896,,-2.217459384650141,,,,,21.860678690698244,40.509579050019546,67.48843973236816,,,187.78011560834116,,,
214,2019-07-25 21:54:04+00:00,,,,,,,,,,,,,,,,,,,,,,,,,,,70.41774458160744,84.38418680642317,,,,,,,,,,,,,,,,,,,,,,,,82.72955899253887,79.71259125959966,91.34334084341461,,,,,,,,,,,,,,,,,,,,,,,,,,,,,,,,,,,,,,
215,2019-08-02 22:06:29+00:00,113.56303165627153,,,,,211.53765680218868,,,,,204.32123239671154,195.73329682261027,,,,,,191.7607589345771,,186.5347119181825,178.3732265262463,163.83130997512524,163.95247460187025,164.2060011388642,148.70550780030686,142.6251846340925,148.14485183871966,157.57534586172386,164.26379580230991,173.89798444799456,177.57595512237395,181.23502195189698,176.54475650123445,167.95901110435378,168.60523205402953,167.9187266393192,149.1332192272611,138.0231922153705,139.3442096001326,137.76730172290928,139.87182914961065,143.25432868288672,138.17716381559745,142.8428947215537,145.94381916897865,145.23740499411298,147.9429137650514,143.0413402735258,155.64530617502817,154.0508462579282,145.54265414547058,129.69609990491364,149.22015403035547,144.32651677451264,,,164.56223256572298,,,,,,,,,,,,,,79.50467611412992,,-4.13317883905971,,,,,,,,,,,,,,88.00832984741302,,,,162.42563137933672,174.42697216874666
216,2019-08-18 22:06:11+00:00,,,,,275.5472412344227,,292.6722728737565,286.84371376872946,273.8165284196805,,231.24700856426688,219.61083431276688,219.75379598552442,233.98829549028807,233.48633648696742,230.6956230679785,216.58864301407894,207.33686892615876,190.94622981706533,174.1951348105168,162.5977100043912,160.58409403097457,158.52116882331327,152.6578071375265,144.47167157463767,146.94737222487825,152.01629966113862,158.34991084644787,164.3698673169277,170.44204570616637,176.5503644819212,181.4985226697009,182.5802341389252,172.27328267061037,161.1346751508431,154.2150901857932,147.12579187382474,146.53343913394318,140.140856751826,143.524769019858,142.8035927340688,141.66501471480035,139.5939304460635,140.66293200385195,147.47454036491993,151.48321029206326,158.00154786973442,149.45532403099057,146.97428040257608,146.96788256047552,148.74835304024785,148.1942410000667,153.51660075254563,158.26007168579068,172.44747216263963,190.10202428985104,194.17446848470857,206.10360269703014,214.06285708837257,225.20133643055303,234.60569649597076,233.5358399979127,237.5526592646822,243.2883779198616,,255.97591695972997,241.02361584904952,216.02039273736116,,149.24983653968724,,99.83119296692855,,48.35194399685601,23.976068383786746,18.185501549535886,22.760014341235667,11.044590119359032,-5.330504587391108,-23.45500463128338,,-8.716789089472545,,17.94454587201971,43.29983868561845,79.42181495682146,114.45299964121631,,176.86240293040325,195.45081206683363,184.154013716643,187.643154866885
217,2019-10-05 22:06:48+00:00,,,304.0156036208784,299.73641288265765,,,,,,,213.35097862296524,218.54989431367676,,,,,,,,201.84909668634916,,149.76345773569386,148.38937694899113,153.21215339555485,150.06952808826415,,,165.98960803270964,172.10316940275843,165.80346044868796,157.87103983079768,181.56660693941038,,,,,,,,,,,,,,,,,,,,156.3723912182084,161.1137812693643,,,,,,,,232.6695173194336,,,,277.36122138071494,253.46745193845342,236.11277960887713,225.26548804117425,190.12787232370718,,,97.64391364150214,,39.23375964753923,,20.804638180615825,,-12.569323539808217,-21.081010652297937,-31.45262849058573,-7.703587756135665,8.51015330057698,24.493706476626404,25.212121498500785,31.420471012070294,14.348632029924056,,,,,,
218,2019-10-29 21:50:00+00:00,137.91611911513525,177.63913875764877,212.2053706188556,,243.55828735097919,,,,,,,,184.16750624752163,,,219.47871237380656,213.46805611012934,206.59738307302447,,,170.9597297896404,157.15667948859112,154.2253560869989,144.8486344694476,138.28091385882942,144.0985808596897,153.15368201069487,160.89677307697377,161.43122859009378,160.77746183320835,,,,156.10926017215826,150.30050236417387,136.86180169872483,135.2126294502439,129.54655944988625,126.53765497463819,130.08690844828845,131.0776136583322,128.95193270112898,127.67515417662773,,,135.88753973943952,141.21285884842337,145.6405391552692,152.94468351746283,155.1306668391797,156.6761743039336,148.58888352210792,154.12742365605374,155.52083714574306,163.47451439434178,,,,194.73030358182305,196.54426272413025,,,210.8088749066817,213.53666984497474,221.57676785618904,206.0793549455027,195.71707962952775,184.14744166150754,,,112.79688546223355,,45.1164547812601,28.46066036889198,3.9149169135373825,,,,,,,,,,,,88.81124081194022,,174.3242315533246,186.6165067848053,188.05303944707595,178.18094432922803
219,2019-11-22 22:06:21+00:00,158.44369635467018,185.17139527035027,203.60129977598638,,248.46272066880346,249.342329363147,249.89879442431035,250.75749297593873,233.08473483993413,,180.93659135697317,173.728116010138,181.91211869291524,206.68030009337505,224.8423647173478,225.99153793380202,227.5742396642799,218.36845130974845,201.0139934890456,178.6368639841043,148.5619877401034,136.88060300782337,132.20183420513138,122.84653186776535,130.5974942607659,137.39460746135705,136.5881086211515,134.8735377692154,139.28691657620624,147.1738067082131,148.87583087087376,154.8174947756717,152.5243648621237,134.82980465049468,,,,,,,,,,,,,,143.83869996655875,149.14416778076333,144.4212869881889,141.8308976175753,133.21816537801288,133.7927291015681,141.16320905772,151.43651532786043,165.83476336408216,191.6901379779169,198.58546123754698,,185.26512556622845,,207.84308167255972,214.22077516949327,214.42451339005567,208.46072109530962,196.47785553043468,186.15127265506783,171.48468120798853,143.23829874989036,119.01419544836418,106.19624102033359,,18.35223462441314,-9.843464060877084,-13.149455985198184,-3.8986892639550925,-29.013815231069284,,,,,,,,-5.98774819346694,27.141814491440208,82.9263670857077,151.1516897116385,169.90084061344544,184.167889625439,177.6808464387621,179.0716072906534
220,2019-12-08 22:06:44+00:00,160.43001590951334,189.52355679763141,215.7360641323051,,254.37461279927405,264.3746999922779,265.19004025534,248.13446111938765,230.23160652785737,,181.77140108036676,186.80128494389217,197.74608270748524,201.56723171927376,208.35586617347886,226.03467283347206,222.48614829850743,213.36377410003323,196.9927157797991,181.1399761331013,168.87149170835096,155.03279892921978,150.1901131948594,145.466790741586,149.9602263687309,146.3553372908011,147.8592933987948,152.2926164850115,156.49281513703676,154.62246341020523,160.22328257584974,161.7380071764896,157.7213394145444,146.52895085875917,146.11017772796583,145.1529356216655,137.66992795406324,131.2763920345904,124.71280864613871,127.39326149618161,128.97518549000236,126.37706386520306,123.34012326321616,122.85015891008533,124.82605329023482,124.50077936130293,132.99223657488918,144.6580433421858,146.44807330452986,149.2526417880556,148.2478834447404,146.34000405319927,,,,,,,,,,,,,,,,182.91701472081445,169.63139393244052,151.66424511831448,118.63099772858779,93.71511366076571,30.663390114741,4.494947705957472,-7.099679232531466,4.043311957746867,-12.041309002799904,,,,,,,,-3.8448747466803423,19.76286603943707,,,211.87146734470377,205.9327002872417,199.25861885283166,195.59740913518715
221,2019-12-23 21:53:32+00:00,,,,,,,214.47037592518373,,,,,,,,,,,,,164.22687369831166,149.29921165540713,139.1027748597062,,,,,,,,,,,,,,,,,,,,,,,125.13483942805158,,,,,,,,,,,,164.9024908427939,173.36521800731376,169.9961825832875,,,,,,,,,,150.48274819969484,134.76161186949307,93.99294229126707,70.54952248014922,,,,,,,,,,,,,-17.400891086886602,,82.68005301810689,,,,,
222,2020-01-09 22:06:13+00:00,145.92909409549068,186.5711660064117,213.7726925277875,,246.55909596580182,262.4805482880919,263.73618093686025,258.93306070769904,244.33016311202778,,200.1661007413974,193.2916289769367,194.73693473039745,196.14660310578853,217.37984357006317,219.21348464589386,215.2858049453299,219.36617936519994,208.94118986716714,196.9198166075886,187.94538193629538,178.4907162530348,182.07094292244523,163.1880369590233,156.93057156566192,149.71221129723025,155.68491515267138,162.66051927503455,171.2212968500434,162.3958422118822,165.6729630244463,169.73865273964464,170.72800147066772,160.92866095032144,156.37188190990062,146.35940358075362,143.3881044590137,131.65319930749706,131.06926559796912,132.2390135701925,133.48527885748084,126.45921852215969,121.69988336112334,129.01145966585202,133.12191807490922,140.1899078306951,153.06620010277086,149.95418411478414,154.7861214455726,159.9446469715545,163.647422365412,156.8598419072528,162.00690475883826,156.92315074957074,168.74614778600125,187.6223698441521,201.82012033542026,211.55057628319807,219.1387587403699,223.26276764871355,,214.95018305713728,211.5731870328484,202.8952826788872,198.05882484738092,188.80747918881045,188.1836933303321,197.5532660248006,183.700682884403,171.9894959167201,147.71754821410207,104.64652764636365,44.55593084454636,15.04802342506379,-2.2194023318104534,-9.127062161138117,7.5430579294636715,,,,,,,,-17.836666014108626,26.19302809897829,,185.2082641129577,218.49725477649338,213.55787438995048,200.1327241700967,189.2278529882275
223,2020-01-17 21:46:05+00:00,,,,281.56100442332576,,,,,,272.9865466191838,,,,,,,,,,,,,,,,,,,,,,,,162.2816198532269,146.36790349681806,134.65124050955674,,,,,,,,,,,,,,,,,,,151.76159443759565,,,,,,251.7131222929166,,,,,165.61265267695072,173.38380249084588,175.50951601954668,,,,,,,,,,,,,,,,,,,,,,,,
224,2020-02-10 22:06:28+00:00,171.99618149620824,203.4086301556012,240.916045877365,252.80037464712507,259.419659939132,265.5881651355775,268.1351376402885,269.39503470244625,261.8644713307847,246.2025648306083,217.41285892253902,202.92774618194485,205.654136937357,210.9099552380549,223.1151125423289,236.07413046861194,226.8802174932529,229.96781331915943,224.80298829893823,214.9191203066846,212.16823466632462,202.32916988032602,193.99438707152146,177.17289623652,167.1305277713244,156.0358757657069,164.3323926477069,166.50644997427878,175.69388159245625,173.868062527602,175.47437919314336,176.15371501767677,184.73972633704096,174.2271650874155,165.57474835581866,152.97155605361183,144.9971321390591,138.10157446149535,140.31272817946083,147.98787056062898,146.861427877292,149.14376860699315,145.7861882870478,150.75292093062572,150.5140634506377,154.97068298810896,165.57638794500278,160.40894729277034,175.50176938631955,178.40502420059929,179.3101846148706,168.9581878579866,168.20015086258988,166.83203643194915,173.1494064677061,198.970969381007,216.94530352445838,,,,,,,,,,,220.3815770014674,208.62500133594452,209.77674105768864,182.75072952178988,136.14861965902077,,22.60825757929547,-0.63055047336006,-7.986476997586372,18.606032755270753,,,,,,,,,,,,231.0879854117148,221.13050587555804,189.19213734041395,185.4183867287713
225,2020-02-25 21:50:16+00:00,,,,,,,,,,,,,,,,,,,,,,,,,,,,,,,,,,,,,,,,,,,,,,,,,,,,,,,,,,,,,,,,,,,,,,,,,,,,,,,,,,,,,,,,,,,,
226,2020-02-26 22:06:24+00:00,185.5854201958105,213.00740646952394,235.77583516252548,245.43064497201195,256.18244484578184,258.43201806626024,268.16426447860226,257.80468760811027,255.3558377612992,236.95469483089374,208.71644967147608,195.31895376584873,200.67049587087428,210.96195652952298,213.54582556306633,229.95651483168928,224.79995125932018,233.63962293785931,215.31563473055007,208.01798480030055,206.80601545244366,190.4411679245187,184.8684187802327,172.40084586469337,162.8711286801302,158.62817055046665,152.69623756731426,154.69917096898624,163.44105722169473,165.56624074822193,164.31923087789832,167.04592217225726,170.57216324607708,174.96321789482997,160.52365387854954,147.6523974159583,141.5747376868696,141.25838297094703,145.01745059514136,142.31972489512617,141.1304791512401,137.95774958716885,142.314826516276,143.1400372550665,145.5791893929657,139.91567401328496,143.93704574338818,147.36504669589414,161.64139481804375,173.0446857987198,182.02710773082688,168.44071734462835,161.95744039784256,157.9720735660532,174.2692321889713,194.45339009263702,218.60966441520205,231.26904075838877,238.42893554482595,240.7691398291082,220.5197304143448,213.1782173621754,208.07086329543975,215.25722834628337,198.88634105207015,184.17870361169713,198.21487718024474,200.65435070822343,205.85420696897378,203.22052379533872,186.08939894414456,143.30824229143363,,5.5996287876871875,-13.90630252449381,-22.542187988441988,-13.68358889955217,,,,,,,,,,160.19371642050854,219.83871924344217,230.3558746230245,221.36013369070184,211.24782159840686,205.1985374034533
227,2020-03-05 21:43:36+00:00,,,237.65779409685697,249.4774619083764,249.88219442283005,249.47961699805245,252.79041250588446,250.13565416854988,251.52303377825285,239.61216668646125,203.74155537710487,194.63232320238944,,,,231.27897366638183,230.78946583298918,232.01480702118184,221.64382423784676,205.17625802022044,192.91796457565215,179.15909431771695,166.27443012369508,154.07229587373806,150.0949640290798,,,148.26249346107195,156.32405247921108,156.955023660396,145.09089562464857,153.3759596561864,156.16317018554443,156.34677347632427,141.22059583848446,128.34445398576767,134.8218813078349,,,138.90402896008334,135.88850599282543,140.51174670895702,141.09247910037013,143.6521069316058,142.751224528183,144.3690083486583,152.3952750152072,154.94320402364764,160.1892762321067,174.10144004680592,,,159.843982792689,153.7692460987519,173.61959043854077,193.60961018772238,223.83674886332327,238.89503861846467,244.0954714092897,249.99790177354197,232.0493709617608,209.46516790290153,,,197.8556280654352,188.67115069424892,193.03853632894243,215.42212235086038,223.57572634824413,,,,,-0.7411879943692117,-26.29098936499037,,,,,,,,,,,,,219.12139322522515,222.28549647638553,,,
228,2020-03-13 22:06:18+00:00,,,256.04370571089476,263.88722753885975,271.3272077019044,267.68422492107135,259.9607863675196,256.39049001280284,267.7300035347806,246.0281490017244,209.68135040865877,199.8006428196932,200.7594485552177,222.45911228596705,226.69508984383484,234.89509928676168,246.76675967783834,244.81897068605335,233.78975109869307,217.89874706026868,210.44706542674942,196.9387689066225,187.41015716003645,176.93384988000602,175.9003611219741,169.61783615224877,155.87023732822118,157.87823685566238,171.34127434574629,170.55566029070968,163.81606400920845,155.9864747401675,164.06587232692863,167.0265528134656,156.7985462077893,146.21034824893644,151.71379947577304,161.02135183885557,154.3191199600086,146.8761995276871,145.7196042241398,150.44028836189048,138.92912497423293,153.48956701093164,154.46410149581627,152.475036416203,153.27705516119818,151.47118065060295,183.18950715284743,186.0869413220371,187.5361992170304,174.0047720424257,164.04399501813896,169.22665306649267,177.72660755087645,199.6060714285849,234.91303332009988,243.01688006224657,254.3736287644857,248.92720419243375,230.81210035296607,210.72278408603233,221.82072593259488,226.89460268525062,211.41561859775965,191.65113679020715,200.2448148525555,212.57938114937673,232.56048073111646,,,,,,-12.776473773939703,-21.967517934428137,-25.921010304271174,,,,,,,,,,,219.9023302921921,229.90163629594875,227.23698632631005,219.8012240210694,215.24023425256325
229,2020-03-28 21:48:30+00:00,,,,,,,,,,,,,,,,,,,,,,,,,,,,,,,,,,,,,,,,,,,,,,,,,,,,,,,,,,,,,,,,,,,,,,,,,,,,,,,,,,,,,,,,,,,,
230,2020-04-06 21:41:49+00:00,146.73714608502544,187.5676021708067,,,,,,251.95812900090039,,,,201.5438202931721,201.36953157248035,,223.80652127048606,,,,,,,,,,,,159.5305269407201,154.67212786607752,164.56442888370862,,,162.84637302716948,167.20672683030813,159.42751537591823,155.0516145135581,141.7982935218908,145.02815622140335,,,140.84805177908135,141.9771854762542,,,,,146.06129757433158,,149.16267311051453,,,,168.16817211545316,172.15768799104734,163.93044609062795,,,,,,,,205.34474317755962,,,,191.6553644094957,,,,226.61539161167906,197.28407559899813,146.85634981178973,,29.788217780604054,-0.5568494094392946,,,,,,,,,,,,163.02675689139124,,215.53811372878033,215.62957624037153,,
231,2020-05-08 21:39:55+00:00,,,,,,,,237.52428481232874,,,203.52306287208398,197.94959093035573,,,,,,,229.0338465567397,,,,,,,,,,162.72069912854923,161.93453111487773,155.53063759772684,142.52338755876568,154.777045000865,154.7923240350967,148.45203649137588,145.59879106251566,143.00785702290972,,,,137.06641403547894,,131.78838377442676,141.01259465046556,,144.24439662044065,146.54487816713367,145.5587888978401,,,,,163.1363803661218,153.74864619605864,162.35415318219202,,,,,,,199.35544630511586,,,,182.83260572593392,192.68120408317944,202.67396313708602,,227.4248071945331,208.44169992199167,181.88816594449634,,63.50702216428167,27.387963472132057,,,,,,,,,,,,181.88820669203525,,203.787717413783,,,
232,2020-05-16 22:05:27+00:00,,,,,,,,,255.2107231956051,265.9778017059229,,,,241.53276439800388,,248.22872758536678,259.49405360229684,261.0439119322712,,226.65233279158656,206.15794113132114,190.05865722187758,165.5046895536842,164.03640466655057,164.35425259547287,152.09496817733327,141.16080723772566,159.56060010784034,162.25083619249693,164.1867508366666,154.223443994918,,151.85346186746074,153.37655013393612,157.42449570109855,163.6014604795179,,149.40433809957878,144.53474451792215,,,143.07953044720608,,145.48191667265132,147.25662726709072,156.60195286706727,152.23279979292025,157.19443561317883,162.61729225242095,192.12339511736297,206.607967272501,,179.81028087413853,165.75240735430262,,193.55300922153253,217.90957029154674,243.77952247411707,256.6389678168009,244.32831178245527,221.67682496298892,203.10162063061455,205.14933758649192,207.78665434360272,198.44095989827883,,,216.54750938621572,232.71895609674485,235.38227378326283,,,,,,,-0.2784253800080734,,,,,,,,,,,220.4481333205465,,213.13560490778235,205.7244753590415,206.751672515611
233,2020-06-09 21:38:00+00:00,,,,,,,,,,,,177.4075995362284,,,,,,,,197.36617555355156,,,,,,,,,112.42754315380616,,,106.60238978370519,,,,,107.93868127954133,111.47596180301915,,,108.7396750597857,102.0150062730392,97.60927829146989,138.92631613829514,110.14551504706672,,,,158.8791671671409,158.90569563902542,165.01233683819854,162.5712434755628,145.10783453819715,142.75906937639428,137.8852594717712,,,206.8223869198192,,,180.2912125158053,171.70392164559328,174.85286255470518,,,166.4043888944808,156.24615289367236,,221.81901599089704,207.73948698891135,,,,,,,-21.68763802060025,,,,,,,,,,,195.06193976758755,,,,
234,2020-07-19 22:06:19+00:00,181.4309215270341,218.49495531888175,242.44520701061987,250.77926719148076,248.61398414894055,252.61055759335932,244.49359871876925,233.42731220995972,229.0017785809382,215.53097045210305,201.34712950208763,,,,,,,,234.65064517264983,217.39232460273604,210.36640796129035,184.84348974126465,171.38992038794933,169.21541888169955,166.42929474508327,157.74720330082573,154.36282397063002,164.22174539019557,164.41529479320855,166.48687957707187,153.94821749872892,154.20178088031366,155.52466086602385,144.4633078398493,153.41008872525333,157.9893728567358,147.50862239830536,,,,138.71944705815525,135.81153626269983,139.557485356536,142.226678183525,138.74937526915735,148.77254669879918,157.87553360890757,168.93988258395143,177.5740458985593,181.15238861138334,182.41265674619802,173.17766981684613,,,180.61721422089832,198.17449817253575,208.38343329986103,215.23828990394236,218.92586710581446,211.9249308122554,200.17869244388774,,,,,,,,,,,,,,,,,,,,,,,,,,180.0114099463036,170.63961359565974,174.83810055857745,,,
235,2020-08-12 21:34:06+00:00,,,,,,,,,226.70320710060568,,,,,203.51091113593654,216.88961035608455,211.18389442564848,237.44664757772753,248.37782797190053,224.98906512209797,201.7986440543408,183.93121090105143,166.00732864795762,,,140.68903942509212,137.1011488477327,138.62827835849166,143.69604171524227,135.4064595228647,132.39448999666078,119.84253704198213,111.76281119395894,128.11521156137073,131.58406463545816,,,,129.54586985979083,128.49084116829533,,110.0832471639601,110.03838066411426,111.5552095100374,107.76921803473739,129.5436570420897,152.27238832206893,156.5330406405547,,,147.41819137074992,148.87141875382179,146.86401014961658,151.6117664469827,154.41097861580212,180.8242370717937,195.04411728669317,205.88533731195898,,211.95055944172927,,,,180.0322706106783,182.2294663347824,205.29214454361232,197.6718449171031,,193.96437338704553,193.56475161284268,183.43920147613187,164.0618967443062,,,,,,,,,,,,,,,,,,,,,
236,2020-09-04 21:38:48+00:00,194.52168887973176,218.85347275877714,230.96180257654572,,,,,,,188.23090322050615,167.84318483939086,167.32225504615107,172.2635380532508,190.73541385553207,216.84663156022364,,,,,,,173.15168882632736,160.88446563248138,160.05269005509595,,,,,,,,,,,122.20393203573536,122.65035632991015,,,,,,,,,,,156.34817428198207,153.2740910925893,138.67921085697043,140.95163869054755,146.97356960310037,134.21639853654162,127.98653433564712,,,,,,,,,,,,154.85222284328052,,,,,,,127.95378870980055,,,38.754722128432974,-2.998489920493162,,,,,,,,,,,,,,,,
237,2020-09-20 21:37:44+00:00,215.07946047415604,229.33583203871228,,,,,,,221.97842193379438,194.5626024912734,174.28602877367533,182.20158811933496,188.5790970643903,203.33225599026977,221.45772403067542,,,,,,188.56373750863645,179.18316052421952,171.26800980277554,167.67463502736308,142.89733647713828,149.3708433331946,144.41306990478213,,,,,,,139.35190548856838,143.57007022282713,138.7314909169926,148.92050082752672,133.95573940434764,141.33151015348042,,,,,,,145.2275651023504,149.06826878833036,145.60915667677682,154.4969313168418,149.721537717532,155.34679541289063,,,,,,,195.9718846205005,201.53578434485368,204.53805697331504,200.4686661110539,193.6566954693358,199.23736049393588,198.15173481556542,,,,,,182.3727881933671,156.1836765886117,126.51102904210713,106.4573211412831,,57.411518755061145,,-3.2462797389889655,,,,,,,,,,199.74009032609612,198.9455757772459,188.4478593011998,181.1505469295342,,
238,2020-10-15 21:29:57+00:00,,,206.6819756371608,,,,220.11495837441475,219.85059584656778,214.34706609494606,205.6403945758376,180.23571426605199,174.54858138718103,184.3212981097625,195.12167823622994,207.30406047492022,,,,,,197.9172909527797,191.1437451043666,192.9352402854446,176.6855354233174,160.78968947489736,153.59833005022304,157.25845061468092,148.12780643762892,151.3207573224972,,,150.28183916366933,153.95394353542787,154.17093667395636,151.64129962543427,147.28962279217774,142.3111549516734,139.50680314251323,137.3160614155969,140.89400160055888,138.43009223620524,,,,152.3472514205695,149.38610479987645,148.83286570233656,141.35030033342434,154.58124878821292,156.84653011684838,160.6969492487982,161.55606944177225,170.95765912345945,,,,,202.6933937006002,205.79068116685946,208.71167161715366,208.67680692587186,200.88492210125787,201.63951723035888,194.62721718722662,198.9234621172792,196.53987112506434,,,201.6541320274997,194.36771218309502,160.61875486327523,139.81605994479418,94.96667358273466,75.8500695728348,51.262404646224816,8.519103785573428,9.129133012413831,,,,,,,,,,210.28760692477755,187.25040050661534,189.7453700665397,183.18936615240966,,171.8663885176585
239,2020-10-22 21:35:41+00:00,,,,204.90171858922085,221.49084813162884,238.39284984765098,235.84102673553153,,,,,,,219.39770584362157,,,,237.02602329372164,220.1949518761095,219.85377274060235,,,,,,,129.98220344376517,130.10191157734604,134.21067240554024,139.87543706626565,120.25309478660517,128.95538367232788,,,,,,,129.5090205292229,120.50683342869556,119.79852226655547,129.1183799601367,133.5806555067904,,,,,,,,167.5273969563858,165.87085659890832,157.2029391107588,170.24876406620098,178.2183482452466,184.87354750215096,197.09567789365713,,,,,,197.88474915648592,193.68092216852622,187.37560761530543,195.71132720781355,,227.36075780192024,,,,,,,,,-42.36701817977445,,,,,,,,,,,,,,172.81800912504562,
240,2020-11-16 21:27:48+00:00,,,,,,,,,,,,,,,,,,,,,213.18394930477444,203.62992011934367,194.79171059576174,178.32455386257246,162.36203382357718,,,,149.943916983009,149.74247925242776,147.63931496119136,139.76801389254442,144.89196079109675,146.9016129484825,144.18865646728474,138.4110487498776,138.81392105435486,134.6571768766113,,,131.80596834863235,133.0284497143859,140.68370456564728,145.03874207464534,146.3527698252188,141.97705931474835,149.50529866344732,151.12460399446735,167.95330178297144,161.95849195796393,,,,169.60038770633318,177.09922935499074,186.98529629467626,197.13073220555447,203.7450566345834,215.17285488082075,215.37436036730458,213.69527000167741,199.10903696792266,198.30521158296716,,,200.14971899033586,208.59321628486882,217.36097901017914,182.36615941476157,166.50739499071145,145.16254803003517,122.61054467536943,83.34097265605769,61.33983695453388,46.21261780265526,14.938748587074276,,,,,,,,,-12.007631884943802,,206.36140985087403,194.61288878468622,187.48308933371223,186.17228877462622,,
241,2020-12-26 22:06:44+00:00,202.06674286300202,213.6243915984228,213.7449402705451,202.50607383767476,205.7704719180719,,228.0113491676655,224.96921771990864,215.2950752697366,191.05915100317736,169.44264687638758,181.62346893707488,205.93237266989522,229.19850245251294,,256.8916033550423,259.0824167312401,262.22158445295594,253.7937887263646,248.68794630152547,223.60525932588206,198.73203493928855,189.44287526244403,183.20015134698295,168.81638845054644,147.82997281715308,,,,,,,,,,,,,,,,,,,154.65440301924554,160.44648092891958,165.57692572152968,172.75680719477586,179.37594657812744,176.82451020956947,176.3665928325838,174.65826579337357,178.27531290529353,188.06527729501676,199.6091593717035,205.77746761402435,211.9551700647048,215.2948253424337,210.72665060023883,215.47645733855012,215.96392435047062,218.33745265234637,215.9736915346177,206.92679253374666,210.63835139625388,210.08879969626298,225.40172136351907,229.46033193104086,219.48765011347166,197.66169565744454,,83.43696586509631,50.73876550911588,,,,,,,,,,,,,,,190.78897787566623,180.72318073793912,177.07490933353125,178.12787016363666,180.0812245797342
242,2021-01-03 21:24:19+00:00,,,254.7743915659398,219.0274035260476,,,,231.03966332909485,214.31911952579577,178.49179715078827,170.17366264759963,199.3297443238578,237.00047233562313,,,,,,,257.60098930053266,233.02596021918322,193.91149179810836,208.4633536718698,191.5575241893019,171.9219003535909,162.65427336601286,153.89589917242188,150.2163453863097,151.98899642344406,,,,148.0869653323531,146.30310113854878,143.80848596224436,,141.47613670841233,,142.5114348102618,136.92554863721847,,,,,150.5987927040763,153.9829712079877,169.84076382763928,164.99094057468562,169.87395767421478,174.1034944606958,169.2049951915671,170.23025739006607,171.98614192275895,189.11414494563454,,,,215.8906183361089,209.25676119540628,224.073015983086,228.93486354200462,227.04114163096153,228.95517956582853,223.14219617448953,206.08995990167023,215.51981187110982,,,,201.37501513234324,,64.85145050502888,43.93740427426653,-6.362041679009623,-23.20809511434787,-23.827058524766684,-51.277386741672785,,,,,,,,,208.53027022946785,202.98184746689762,183.42358759169804,168.36937340599067,163.6145511838732,165.67412382478693,172.25149170688977
243,2021-02-11 21:27:41+00:00,,,,,,,,,,,,,,220.51731186436314,247.43205162443286,259.7795195244676,264.1997776667887,262.96232395002517,248.8525377498653,,,,,,,,,134.90334975438682,,137.57349391204872,134.72179920516058,,,,,,,95.34923393850093,,,123.7305329214328,125.35521327506399,124.44172106553486,,,,,,,173.20288369343592,,,,,184.30676984854,184.741078103633,,,,,,,,,202.90301123645537,190.9478084757722,,,,,,,,,,,,,,,,,,,,,,,,,,
244,2021-02-20 21:20:49+00:00,,,,255.9118336328174,,254.06057701267054,232.60366347033744,212.08464965409422,204.7308261304172,187.66772901476398,184.0471147166025,193.95009657933724,224.13381712974086,,,,,,,255.2593134970006,237.57879479408885,230.1434232009454,216.66072213301175,190.05236951677486,164.18693381889733,149.9114791678035,,,138.60264798877483,146.25379712111817,146.44981582687794,143.8225877071705,154.54129469908872,148.77312884999984,145.4243654596692,132.96714373542287,128.9593888004829,,,,,150.37785898085426,147.50200419614507,,166.99599009818843,162.13068189279755,165.08831209210842,164.56784872126855,178.1871223038778,181.5565142122491,177.75730150697703,,,194.24595464988826,197.8659223160387,197.56308795097917,202.56398004668077,205.03260438828153,225.44801207827408,208.78585119366187,201.94693329940054,215.70528803155534,234.26957403321924,,,,210.80859619718396,219.86111809094396,237.37624536994318,216.52579934271466,,,3.9633674614554337,-15.858168285367999,-21.077741213318234,-45.6245973393949,,,,,,,,,174.3214121850886,209.11759996959546,200.11080998715508,184.96975824588523,170.67586094558422,164.33058800956678,,
245,2021-03-24 21:18:18+00:00,,,,,,,,,186.28189358549406,,,,,,,269.3417214499035,,,,245.45453399729013,244.22541716404112,239.36234887608975,,,,,,,136.24185127892497,140.14874963911333,136.05720528758732,141.15163514307204,137.82930482203105,141.05927351855786,126.32619194327714,,125.08645002185347,,,,127.91194100661369,130.96343245889724,134.58949994161435,148.60596814212204,155.69323270116178,162.4538322024668,167.85532913387476,176.873642462114,180.59682369512325,174.34218953116286,,,,184.87474617336875,187.6385626123552,192.77354286742334,196.6979371163963,205.59564947217243,204.8541105570793,213.88744079282029,205.59496695175642,214.14311071987908,,,,202.76023173788545,213.67674881866387,232.97477292359486,227.3871994529681,206.49290302619403,,,,,,,,,,,,,,,,,,,,,,
246,2021-04-01 22:05:48+00:00,,,266.7241321395863,265.97497928125233,,253.24880406639167,237.8768394992823,224.28712253290385,206.4614157480614,191.15456760393565,187.742315494475,209.6485525204865,231.19324436235271,,,300.4659933635319,,,,276.4178259798434,,266.75366780578315,236.43006511607632,194.31633224913526,168.6674902931851,161.8725173282066,154.81173825359122,141.5363893402875,148.83523206877302,146.37494028134864,161.59932247938664,148.2171123015798,154.2190312723,159.86537397543427,144.33440957335853,142.55477507341266,147.16322354863507,,150.33332735219392,150.3104767704823,146.6406091210259,147.32591559339915,157.58882537958482,167.34406779909128,175.11023130736857,175.13361397528456,181.97466794661474,180.34394940257755,189.16950288543384,189.54706696575073,191.652434046325,199.156427587133,197.65876684635774,197.9435606475528,200.01455191296822,210.12385467105565,210.96439442285617,210.88136547835578,207.06255719249077,208.31923590328392,217.0935691785136,228.3102460989345,233.69795929933798,231.58462393968773,215.85522966536251,213.7893163638784,223.93937228385323,245.42936521174926,245.09622371397512,227.07203292543275,,,,,,,,,,,,,,,166.854125976554,192.81510617128455,195.12314226782934,178.23759844555184,164.3430637754558,160.6067697113187,160.15671630975675,166.23843229579717
247,2021-04-16 21:22:35+00:00,,,,,,,,211.81474860270558,199.2276356916258,171.9440192558783,156.66604178361789,168.11927966795773,191.10451681919167,211.8149776273289,238.80106235647108,,,,,,246.89589564579737,234.26614931306986,203.9945307043551,172.38831181416342,151.66466761935527,139.8454657754229,129.74584855286432,,,,,,134.48206846056024,140.03524767690132,136.41562641086722,125.9860442332607,149.63213585740755,,124.1806494016197,,,,,,,165.41356301953522,166.1094332249515,164.24387253715844,159.24996748887526,156.88179801459148,166.35125051077773,180.3966482321578,,,,,,195.70313569649107,185.87271234821674,182.33542613120028,200.18340901295412,230.9999442958477,,212.10520270418132,,,,,,,,,,,,,,,,,,,,139.26922171232746,167.55102677021173,183.97985898704508,193.80534011460512,171.51441018274704,155.20803981873965,,,
248,2021-04-25 21:15:38+00:00,,,,,214.9897422726434,,,,,180.39813943647084,168.04330514786727,,,,,,232.0501351219646,224.1710301707614,,,,,,,,,137.1835558308808,134.41954425961944,144.19550527264647,146.44913853798815,,,,132.273153179498,132.0729449415044,122.50465231158877,,126.20163559113873,125.88473997101367,,,,,,,,,,,157.77473684849812,,,,,,,,,,180.5217630047838,,,,,,,,,,,145.56230360762356,,,,,,,,,,,,,,,,,,,,,
249,2021-05-02 21:21:14+00:00,285.8601293925326,,,,,,,,210.59283850870014,,135.28218753390718,157.82956529406067,191.60786477099987,221.34535506239257,,,,,,,,233.36260770381682,,164.25694315759245,160.89956444332051,140.50145602150843,,,,,,97.41144951465724,126.71677045331212,,,102.83857366867959,,143.69529292494806,,,,,,,149.54090716197422,164.90564369986564,159.7599421703374,,,163.05082603339892,159.6903031316049,,,,,,,203.44885409792582,,,207.62488739602054,,243.23165524695463,,,,,,,235.50313263829673,,,,,,,,,,,,,,143.81872985757283,174.97087534612112,191.79337440741583,180.36864113138046,183.28243595218171,142.85357976850418,,,
250,2021-05-03 22:05:56+00:00,293.73260122967,281.60648493251693,280.0001081176662,297.6698540911791,299.5007640582919,,,,217.10751898294495,,,,229.86169797977558,255.2713746895916,,,,,,,,239.11912527231075,210.5107474799553,191.1555526232368,167.2603357718416,161.25883450907762,139.5677813407604,,146.6351926931521,150.86001584915147,149.28640498154695,136.3091116855587,154.03845431488176,,,136.1801476235569,140.41410843003797,153.51833429175554,,162.38682569692784,147.6731059275389,156.38485754961937,163.3242225779341,163.56440996036295,176.5094640042152,195.21204297707484,,,216.60283402774496,203.98384168570036,205.16551246545916,,,,,219.71927304570693,212.66198994514946,223.42794749479526,,,238.77133795016542,238.06773708641546,256.4356883908351,235.94124008431893,200.14569032673577,223.17389861363,229.22943792606407,240.23103328588863,246.05231361393234,242.38084456645717,,,,,,-55.65432901024842,,,,,,,,147.30650372184144,182.3071771495718,195.15685345772536,185.29387522697422,176.05741901804913,162.26168013667692,158.7120100117322,157.5853156711185,164.3340168826037
251,2021-10-09 21:07:28+00:00,,,,305.30586924377315,283.1739402673178,248.2191509456018,204.21286639266975,181.313163251101,152.58317626232164,141.5839128232561,,,,,,,,,,,,241.37783001287502,,,,,,,142.106679561851,142.15708984198957,140.27555401018603,131.56508494548007,121.2790808787504,118.44650513665238,,,,,,,128.56979018093602,131.6382444531202,138.17013561172172,138.70477158158113,141.93297741461478,166.12257945309437,154.98183740156077,,,,,,167.35156804263707,165.98210700605168,175.2723571723165,180.51055816493823,186.65686319598723,184.7509528915434,188.2118568252062,,,,,,,185.35088035101842,179.47449712366867,170.80334007069325,161.09389561565246,131.53061703202076,79.43923804050546,39.90457502255412,,,,,,,,,-40.623856659880104,,104.62332673468705,147.33102527868047,155.53818969586573,189.84497097152854,,,,,,
252,2021-11-10 21:04:31+00:00,345.94652399678114,342.07716925390343,,296.0080561874223,268.0357928116539,,,,,,,163.44481310931704,179.32843640743985,212.49803372937026,,,,,,,,,,226.4381550088528,221.65721304670905,211.84002190473868,174.3986131238266,,135.206281057685,148.5653316159439,,,,,,108.65807779969009,106.62647996965387,126.51058190861988,117.59287075064532,125.18928407684555,113.8980784581656,116.92610168962261,130.591372517088,,,,,,180.67589905673574,189.06488651604386,180.72118520270507,160.9465427162391,159.43388981862634,159.03091053654393,167.00510008387477,,,,,,180.92779940238538,183.1496728281117,194.35408305368736,164.8544918360421,190.69884949296755,167.59780262391203,173.84933164579925,,,,,,-3.3411619572186346,-15.437427483772835,-24.190913128291307,-33.936330653591355,-77.55035074768813,,,,,,,,,,,156.39683196491316,146.68746374119254,147.32747665400433,,
253,2021-11-19 20:57:28+00:00,,,324.16167889693895,300.7756719647031,277.7088586252892,244.9776613447456,217.10185981654783,198.13508863961513,177.65121343861486,161.85303995697447,159.60200337072567,,,,,,283.3238968476529,294.6748893791757,286.8280013335353,289.3275778248191,277.6187306646605,271.80989679907236,256.5366003216706,235.2163396327793,,,,163.38781925259985,156.9590516736782,147.99600837437603,160.2584800077718,151.50230169015182,140.46109966317476,133.67598982769022,123.79388744429663,125.56793795759909,119.86492907056915,,,,133.458659376627,136.7706582452771,154.29467388416802,163.42959351495637,171.76369997506944,174.54705379892687,178.12271153953125,183.26460208074735,193.2305229504534,,,,178.40437510459213,176.74468476317514,187.12302767408633,188.92534475622094,195.7760259190978,202.77531383830117,203.1093739886857,207.59649946342955,198.55112825109222,,,,184.86130531609032,189.8798038444017,196.7869625901521,192.90967357129438,176.62847746480853,157.21780065526266,112.9764938789643,59.430892133492534,24.737856806880092,9.99414129174183,,,,,,,,,93.08982934351926,154.54555296901083,182.12416223627378,197.72113844619048,198.18575697016615,178.1078649753604,172.2384120369699,,,
254,2021-11-26 21:02:58+00:00,,,309.32846370231084,280.57801190497497,,,,,,128.82984774047787,131.36140903849548,148.4060037181724,169.68904244733048,,,277.7024886278681,,,,,,239.53474239446507,218.45514833480973,206.55278921072198,194.84618658301983,181.94211310606102,159.93286611022052,151.4926308090896,138.49012338505537,,,,,,111.33224541882392,104.850166532276,102.68024047081757,116.2272187676168,116.25700737426656,126.13240549025913,115.24846109778271,,,,,,157.7585424538314,165.28284525666675,171.98528866098374,187.08180791528076,169.90505542245566,164.58643617014138,158.7908390713791,,,,,,,183.56745530148322,178.6327726910149,179.12658879809885,182.7657233761571,159.75486865931444,166.48017570090263,,,,,,,30.487603053265474,12.490053826781878,,-24.755619341406838,-34.23614565819538,,,,,,,,,,173.73921436797903,166.27560765409535,155.99650611713804,145.37615842847165,,,
255,2021-12-21 22:06:43+00:00,343.28678323667583,354.40083544059587,324.9352369867343,307.247459813986,270.5657532605552,243.7943515301458,224.14149170991095,200.27833182700314,,,,,,,,272.76187226129355,279.80294225244523,279.8639552372599,278.3742696135227,286.3604294468302,271.02787353987145,271.65502758172084,,,237.28904029958372,190.37661497894263,178.59089221588337,168.12062869147576,149.8015398889644,143.96025484447705,147.08698587634052,162.96568180779735,,134.99060193730077,129.10191003419447,122.65741680442636,121.64201836918123,118.36948178692165,121.01405817180023,130.3143192039831,132.31760092347196,129.60594858649276,138.76388219697526,151.78889616060349,161.15237923811765,161.3419135089856,166.37947878745382,169.6829972571179,172.21182874745512,175.24832928540724,183.68348409540545,170.8278768263966,170.1708564285514,165.3558985685745,176.83528358988295,198.54838717267432,193.83896773923544,202.10268473314892,204.26641707268706,200.72535496816374,193.18031147707754,192.36538216933837,188.35715890176445,188.43186606210418,187.2052387939908,185.13228856271542,184.9915779014588,184.63770580136256,169.41659148084764,147.53791401224973,101.29851175338865,44.94394239756057,16.02205444697023,12.247031827177112,5.454265398671417,-0.9514080907828948,,,,,,,78.32742070844243,130.4974145052414,161.20764554690282,177.7153542540567,184.74170693747263,162.42603050453556,160.72187306533672,165.4607873477416,172.53419643762066,170.4095245726511
256,2022-01-14 22:06:15+00:00,,,332.9987689740272,296.0455903848135,279.7811126463721,259.6545638230932,239.61825743357142,219.65278621905773,186.80680731110948,164.9868240591451,162.83702093718261,162.433838358486,172.69408438449034,192.134358559604,231.69419287605749,289.84322003560584,292.6693264272154,287.2785785193797,285.6328699628051,290.6361174995924,300.27289017765247,288.6317492913412,272.87130476521173,251.8822581529596,226.06408304286512,213.17030101771158,193.15100029315656,184.2212848312222,168.2378239882893,154.27859324125794,155.9070773707739,159.07083789129982,162.63634238804138,142.3476209060608,141.8716405354767,137.60057021789606,129.60064483146635,135.22313680178536,143.3761596704541,144.3230678428511,148.90444086383215,145.12416223839517,157.1184746610514,171.76062666985894,180.0597167221979,184.68564800967255,191.7907010015731,186.31841670226768,198.6829489947793,190.95851624985175,190.87601476256202,199.77701032689953,191.62643291240994,181.52601084978397,196.9755310067376,207.17729090121856,211.41160942797424,205.84632170526115,212.0555139042289,208.2502913186285,200.42441316951695,194.55822132130697,201.07226609755975,198.69274379293302,196.28235717062663,215.9079386888142,210.28925760482446,200.29530254795023,189.0543749528284,158.01331930963124,,50.49718909686121,20.54296282511382,19.701643891588773,19.933926933219734,31.690524645195982,15.15280393922892,,,,,28.659864631919373,94.93592560599987,140.24762343505364,166.4359249182712,186.35863136927378,187.99181009654623,176.0518303087629,164.69102451267744,164.37128746976867,164.80086474654092,167.55076277649576
257,2022-01-22 22:06:42+00:00,,338.0518370305979,301.6264610325155,272.46485207900395,251.55723279451348,231.59534818972048,219.8366229291743,198.92017589999398,166.07056875755697,148.7284591255262,141.13902467350616,133.1460178804139,146.34796553176665,170.3983449344109,218.82944199767115,273.14461193997914,276.6966618810899,267.84919293298987,266.65615961044125,272.30849476595716,277.0425110775698,269.27680131362536,247.77623839690608,226.57726540768027,208.0701509884178,187.52168466730058,172.51998732139717,161.4846478888782,151.38179083814052,134.3826834720536,142.36281861387712,139.73184603066557,137.71688483973185,126.17925286512455,124.09704421439174,114.71423184147775,114.28275602070505,120.13982067594267,125.83893124676406,123.93534641548877,131.90258881460477,134.82824884894006,132.68079407739467,153.37709277306922,168.81675172944418,169.66684861143028,175.23198027863566,171.17600514394567,183.9470874128324,181.53998504947444,182.44937649887638,187.08032781381795,184.7026776927488,171.22932434243222,173.8998396921483,194.071052079173,200.6883669990534,196.51177238362482,192.88637323119764,196.55219294631866,182.21935225277676,178.6052586788944,186.65127775908093,185.9347278455421,178.30606600329494,198.08875221731813,195.15152996631235,187.5445405738912,167.15196164582133,143.4801072863685,,29.404250327542787,9.1378989826703,0.8264234450964283,0.6518667561844604,17.750965310688034,-9.918790231794006,,,,,,71.64017634434042,115.98498886762455,149.2224189664122,170.291580848664,170.14149040952253,158.82147934541712,148.41924076477895,148.70849813260622,149.43243798209988,156.09195532652447
258,2022-02-23 22:06:32+00:00,,345.0820968488689,304.7864925963886,271.4969319758073,245.67992097467854,233.68932969657885,220.48008794072936,193.91348765058686,164.07410333519,146.6396661041876,140.01239685774343,135.25857094366205,147.4084128993418,,,,278.2450372181053,281.89075208180344,,,,297.9755322533404,283.4771523287278,,,221.85565643443644,200.05019581980056,186.28904987284017,169.41755947538653,167.3271741015083,156.81444339270416,158.54496587394797,161.11892014675433,154.7934491537387,145.2728787034994,132.84794906440987,132.24356478554267,135.98434563229014,138.55076068874277,146.39364079410595,144.84226781334738,142.96802928724307,158.53913019539158,175.13418722767474,172.304045499899,181.2825132135734,191.63393568465725,194.9063841121099,201.74468512778301,197.55289889364764,191.47227815334367,201.71940515396065,202.61975475861576,183.7304544784694,181.5917889606324,208.12709330707747,221.4953666967498,216.64853069875662,198.62677875409267,191.12263829744415,191.7805958509407,198.66411951236935,203.8959437879581,205.0444496303538,192.71892591964675,190.88857894058603,202.28978698548204,211.82084732035173,195.43053233005054,,,35.07885693157762,16.454490443172446,-2.944966693335534,10.621150594553193,23.9573509704424,,,,,0.0070075069085788755,,81.59398962186302,99.18634287044995,134.2738618337539,161.87592940360952,162.5132352348867,155.7091067152812,146.04680681232693,142.30198144157035,147.99967665876102,160.22840146857666
259,2022-03-27 22:05:58+00:00,,335.41578094616773,291.2505328473745,264.4893542316032,236.7440890602576,224.30970902667144,216.34422321391972,185.85951865564004,163.52464474962488,150.07381018505433,130.0740302813514,121.01293676328228,130.0036618585943,166.94123065395743,226.50453349049545,248.90336149252062,259.519829771276,282.8993818910972,288.8606576498875,291.20096988312747,289.89736132944756,278.71814093197725,266.48237878018466,247.93557936983132,223.83174873753538,202.7306123177184,189.9618862060479,174.30333383384246,169.77924704804767,164.45350124178137,158.32004596495534,156.41179932917345,158.10339471191733,157.17787461635757,149.59035332086242,137.72139131347743,116.4180308074413,121.85865279273317,145.2676780424642,145.06564809929668,139.7723074464092,147.03666091743645,157.78332648077352,168.96253157406053,167.58779418739599,171.48072187651982,180.92547694774188,191.1341043005656,194.76958047520904,188.16023169331316,189.30148192181625,187.13840848210657,193.4510084826472,184.31238629075585,184.10731731822446,193.26938500659898,203.5616656465627,206.52715235428323,192.61592526147135,189.858221051257,182.57099130720192,187.89760143392294,189.5782560032642,191.32466827389285,192.1526886254309,193.1084541047079,189.0382606014512,184.66754706080772,169.94626142385192,160.40178008999288,,33.94577811431312,10.69925219146512,-12.478016144899797,-19.597632378419906,-6.561753977574037,15.19931042894557,58.47597910521552,41.601124003809005,15.217374490100067,-0.15361858423296026,19.534395033717548,59.044324171641165,76.98199505457896,113.64489637752064,147.22027946424296,144.93103635808512,139.91157301451653,135.83990248390344,135.268012729243,142.07587084568763,156.70576419778385
260,2022-04-28 22:05:47+00:00,344.8903290245279,330.50930159817915,303.03924950314354,263.65144729047637,251.47846133027258,247.44917708373345,234.7052287896433,206.5499282995885,179.11494022663305,164.13757477657924,144.0527719720344,136.3487098811793,148.022328740879,175.5021402498981,207.18789865380876,233.6803983102259,267.37777972065356,294.7838675078091,301.2936271382091,304.2675840401108,308.4789242431665,297.3514209155645,278.53931805575394,258.2561108978077,232.91993282102771,206.47172435693858,193.36174511521858,185.68388546172116,178.19311375362366,171.98279652426152,164.51957363043996,169.0062750709183,161.57216357610812,153.04167704555869,151.8798523577855,139.6659410502782,133.12587320953963,134.4334792378673,137.76804232532865,152.29139135206782,155.92550461547557,155.16411273778925,159.1089303779379,170.4725294873055,173.22391561012822,175.6750982114832,185.11683715652913,192.98431796367004,203.11069671582703,201.40209633579997,198.39866863794597,195.43731456785687,203.32748812640335,205.3379475634897,199.59618071974438,204.9107178590198,202.50828083143608,205.17881646831026,209.14003588592232,205.0989495208347,198.45965219428905,188.48141743937768,182.02383601053808,198.4370640702301,208.7489910743475,195.65821871214274,197.19367992418123,205.4741992111198,175.83020372282348,163.71249053069695,,,19.273645922224105,-1.133678867273563,-7.0447389617430645,5.845440572400541,47.1173841296427,72.78680050146986,71.01814196977848,61.30782987877822,46.2170717547604,50.69150196430339,60.48004801518617,93.86696206971742,114.98241851594818,137.25629550037982,144.91416162333397,140.28324379383648,141.0095778482414,147.60713270482557,150.21552297280084,163.3787028566975
261,2022-05-06 22:05:53+00:00,350.55596177691575,331.32869224755484,288.3523182084318,254.75891810402993,240.83748521553872,238.41534656022907,225.5006280225211,198.17668677672887,165.92902893670637,153.38841607812748,137.36182869898502,134.20435388233076,149.09441748637641,184.3638517395195,204.83305697790212,223.748039285168,268.3260418795511,,,,289.4303809729138,291.56052819340334,273.47776145851907,252.276491728541,225.27709653114294,208.07532800112597,192.3999042110602,180.95144462863558,180.46819867843115,168.2145925997105,167.11293629892478,170.1373644840338,163.5342019259777,157.85877766748592,152.02092801510315,141.03376438559457,139.14994710091395,137.3414576387703,137.8776038577034,151.28860793949417,150.76969482326842,144.71121860493693,155.10903505855543,166.82071858274446,180.7345682742652,182.01354241138077,178.5328260833749,188.9073836402311,202.20579161543657,204.56888219234952,202.26829460822103,197.95742997271532,202.1629834301475,206.51954151550302,202.8706730044054,200.65833349635025,204.65624867007415,201.50885275135047,204.7892236452388,201.78139849385096,197.91538016074836,188.61493907137364,183.66757684630034,196.29256152205755,200.65358778236703,199.06411577031955,187.7036556762526,193.6886546021159,170.05438736191428,152.72834834229403,,,,-8.413560428093003,-9.451473935864593,12.377714675947342,19.356399258812214,44.66899391894641,66.46500616753661,,,66.73063799898434,64.98484276867669,72.35386080206342,101.95613947970482,129.69859034690873,138.00314879783713,132.59478074450644,133.38353986102305,138.335429238487,148.93261643938024,171.3596815301387
262,2022-06-15 22:06:03+00:00,239.68647384282602,244.77257053729602,244.40914435505397,232.69359913252873,223.02379696667066,245.90153333104712,222.11527330419318,196.3033021267679,184.36924172990194,144.02783876537714,133.26928504072748,131.65675276903966,140.46994093352313,166.0927322840182,215.10675075782387,,,,,,,,,,,,164.41421934819022,154.64480365477172,155.24850277589144,160.02292448621782,153.58913022938924,153.17130654740225,143.5462428110686,138.07854157393245,138.30065398984513,139.65745027038517,127.37393049338766,119.86482608863318,132.56205830590332,135.63487774597166,143.43211761505924,144.99639104737446,144.6454232998371,148.2707870706502,156.83878674172286,149.81519139977672,154.56527784039946,155.18018506316548,177.02576194912132,183.79301321383053,183.00414142944646,181.5275105832554,176.75407137325885,173.74865553295805,169.84369526673078,169.8656053098135,176.92023387021197,184.47763984488472,193.79101275453962,,,,,,,,,178.83529929524968,182.77730795328054,169.90409465759546,132.59670750140648,93.03254452199461,59.472254183787356,46.68013821220759,29.85656338429527,7.848742903643576,29.583056248045512,,,,,,35.23240161933679,83.80722072068008,108.99287205821128,130.55649185817217,137.90834142863292,128.04938662741785,137.05582517361202,149.40292293869126,158.33953933830105,169.50685303159565
263,2022-07-01 22:06:18+00:00,271.1463025599213,261.26929979290674,245.15280533720852,245.99130910885128,251.62971726052277,247.5422480302134,217.43225183566577,201.1385633033114,166.88064671990242,142.1282669070839,124.0801032737006,120.69680349230997,131.5208043568391,161.45111191337307,236.41045255170468,267.1584229346575,284.4593115489053,311.2867293541386,319.7156455006936,321.68949690548203,299.2576833334514,,266.99703403284695,,,,176.67853949857147,165.8634930081571,167.40189531078653,164.96093313643357,156.83812822722118,149.1216741812385,141.0224981075267,135.8231712890766,132.97017471974556,128.94273751024684,123.90472492177,118.40404900870948,127.11929772912825,134.93133975971207,140.37612187394254,145.1082740198929,142.95311727870916,153.09388863165327,152.02215046598104,156.2916454775672,160.99386201935965,167.74288741939236,179.7459940269719,177.05819848735038,184.17052157482513,189.40499200572992,195.64629222222086,198.7287963327498,199.54588353520094,184.12078417901435,183.7361455097505,187.0474302879858,185.56871995862946,209.40283620692801,192.04563972337462,191.70254586642625,182.44938832138683,189.63314940811918,193.61886089229617,180.43592730189147,181.17902178403202,190.10583324008448,183.45103366857123,178.3807792531989,137.55422445446032,102.35485198115842,69.27085368888268,61.83801454052668,51.38604408112246,,40.386340448244376,46.97206267105806,,,,,,,,,,,140.6848185035895,151.3007528443882,149.81929631409636,174.0047548291162
264,2022-08-10 22:06:56+00:00,,240.0234966374122,262.24934019958965,258.9610660634238,252.8757758536253,242.6144742412697,210.66089980073562,,148.56975287121676,145.25607240946647,129.63710366810236,130.18256285743,149.31631316809515,187.7036730605593,235.2231544722445,287.9159988939406,307.30273213397817,317.74341911305515,305.816272205887,315.30874781595816,,,,,,,,,,,,115.35840843296472,,,,,125.84288048875081,118.18077800628265,110.5845072050844,118.02773637185305,128.92966762061786,126.50546927289943,138.1023389346739,146.7825964069627,150.87561105826174,155.01010900896176,167.86423039607357,175.2944763673057,196.81873556081794,197.65910685252786,192.4470132211855,,,,,,,,,,,,,,,,,,,,,,,,,,29.061419178548782,,,,,,,,,,,,,,,
265,2022-08-26 22:06:58+00:00,,232.39159533042778,247.73360545602517,243.2183965785646,238.1464922660314,235.0282778166441,198.6995556381692,172.39784938464643,147.873662759556,139.4626432062241,120.8765535992736,126.91972430931412,146.5901399827951,178.26136871494816,225.76423669671257,,301.6124632798666,307.9994783779789,304.591618383123,305.1490687553855,288.30748519766234,272.09870855624894,248.44423167588815,,,,186.6376119888719,174.40566440424922,177.11945195208838,162.9830363189018,165.44326916790922,149.30506664261708,143.26296185659191,139.3127863274901,138.91799672381467,135.47049879808804,127.81813692213322,124.49182412063209,126.50865507416998,133.86839761530373,128.59422911671862,133.97003564023478,140.99377710669256,143.40322052797305,140.54908147877194,141.63860926158782,164.96836326699665,168.54917721242214,179.5529160886503,182.87491518862262,189.26536216368675,184.1113135762499,184.5896809610744,187.5709067916721,181.15515585064753,178.4680419182327,186.99807923674817,180.1407562034839,182.79835932972304,186.86479947016343,195.8810247232352,185.47836940546128,188.34079050108826,191.57358263666268,185.56398602074324,174.76650082643167,171.12581783504004,180.30554577558848,175.10896191588907,176.67537828673377,147.17115863199342,121.11026666669675,89.92614954288865,45.567909784730645,27.79029443993974,14.59115159933686,38.771472095057334,45.97715767015676,49.7194951616908,40.46872385887261,26.939394966524254,40.39842492061109,47.69792461972422,83.82724939645576,89.36978667496996,126.1918581582419,125.14468558466498,118.1498220080546,131.53593226244104,140.12081304730054,163.63126048905627,183.5988876076117
266,2022-09-03 22:06:16+00:00,256.2295092349815,247.22353518787114,246.40062572262477,242.80750537838648,241.70650887227632,224.69676466879724,188.6605677529955,146.18826817049802,123.4998744846432,101.44002569862617,102.52725814427039,133.7981670000938,156.80692696540228,197.48298320362088,,298.0977568572798,,,,290.2623548290928,269.0028688924362,247.76043003566872,251.42055015313048,225.3122334099216,226.10944624272864,203.45077353796063,180.19385674163152,181.1825481675733,165.71780097856114,155.72532638870322,144.66336784337295,134.46470702348014,130.86657337609395,132.30586748756005,135.49429558337192,129.4959230261635,118.86591517386111,113.37640872864111,118.07728143302933,109.26787626056797,112.25170620523161,123.6601511092338,116.74418894671601,119.48217092275146,131.149608312825,140.53844579159104,150.53954279821485,165.23272100780687,168.71357009254885,167.6900587853887,172.23185986872494,172.6227761137198,165.68175388371228,170.0941278610323,168.68308588205926,172.7063144929457,179.20830630400263,173.1127024089619,167.57895173090273,186.26490926682845,186.63217713322842,181.54121466043318,177.53040742360946,177.39776707944245,175.08528112553273,163.93290274435563,148.81182769315762,163.709980007689,173.22037873496393,162.44943228497277,,,,,3.653907902527113,5.381156301328865,,2.217851095835954,16.547382172516414,22.36440197372327,37.510990281949496,39.542594795986226,58.753302391568944,63.02856366438422,85.9586584077456,115.51003470506959,107.71718260795578,104.589544297373,108.45635110115165,135.8775721450062,161.49000354687723,177.3399596223911
267,2022-09-19 22:06:21+00:00,225.68347844370237,225.78306098777702,217.4342438627196,230.86335823646118,236.4883337555491,210.76439895728498,166.65958916836257,139.00546306139654,113.39929534767062,97.93913707242746,101.21775129543916,119.34017936956117,140.66606811724802,184.06764032404848,,283.57026376119654,,329.1346543246625,317.36941158225267,296.11100988468957,264.6114303109083,253.89367386906733,250.39517946278332,243.78430248472137,228.31858432739335,200.48076566669806,185.694344529543,184.5102884831398,168.55257771995053,147.40540468867448,129.31697466508814,149.36747593731107,139.30437506440293,138.3434731821093,135.51233738769812,129.41639725169145,121.08511265479473,110.95721147438081,112.8069321457757,110.88454205630973,120.16928623139239,128.22887527692512,119.03188268362067,129.51907858010827,139.0289675896341,155.98804449728016,161.19019151063557,166.4550173270175,171.97264945537313,173.37002829519298,174.2827364041571,176.89514937856106,176.0578122068094,173.81167850149825,171.5704112682142,166.60513575493127,174.59525669939057,170.78317056512304,171.75111761866103,187.73719444949683,186.76034125173896,190.12451028736356,178.3101478104206,181.603166920621,179.9190210830073,170.0430521249725,151.67364760998368,146.98885366496268,162.69282429693925,171.57636783244914,,,,,3.865667424806327,-13.790352109582052,,-5.526824519886404,11.738634004785865,6.514948741961577,18.44284261630314,28.27044013083253,45.21342624898923,56.16184740492952,77.43904684118222,104.0375272503312,99.67386979916708,94.58968360172628,103.79947066190039,120.8233132578589,153.25172717377228,169.43426453269632
268,2022-09-27 22:07:04+00:00,238.16684985604516,255.88584377027234,255.42851789136392,257.25199919387103,252.55946496453913,230.76945009840455,195.94893959910044,169.9221816394865,150.19726542180308,,,,,,,,308.2840755979498,332.86506099065247,329.2438299886994,318.59737236386815,297.18235906104735,280.2551815719595,275.6847608599331,260.10024840191124,231.42807006226434,204.7101814035351,200.91815181096123,192.75535418431414,180.16746004664404,170.36058348510582,160.9153144042347,160.81672597220657,157.90253015158,151.2362756811732,146.6025113942459,138.4566774538007,133.76535323836225,126.86417058759585,126.686072468838,138.97312435059678,144.90036463625367,143.99506428285235,140.22209320571542,149.94437046179883,153.62377470882132,168.29688241670985,176.00880668955227,177.08973550230112,182.63802276523268,182.94060514990184,184.61862884839164,181.17437413566736,185.03433946751983,184.89785064372833,186.89415386280194,184.1529812290293,186.8932085889575,197.99613864724046,205.79539140077074,213.7883031898785,209.4393195221976,201.24039534721857,202.59456898769503,195.28389062407823,191.62845427057124,183.83657127509417,177.15099312020024,172.69676042379456,177.0250290471976,185.99752805442736,168.28559174127136,142.79081126837553,106.39173884921766,,25.682693433679724,3.7344826218987635,43.14401140860235,57.64667882769787,50.121618212492905,34.53837929266531,16.65770829701133,35.95728688643173,45.09219678737976,83.17460297119379,93.35045255439076,116.54281830303239,117.10713142805784,105.6375819935721,124.1176140852101,150.61261836833603,172.93628199952718,182.29513024078557
269,2022-10-21 22:06:53+00:00,246.3641141559323,258.40780243276356,252.88299013335237,254.58627295149716,245.1335773966624,213.28228929736525,174.6749320005714,154.61287633465997,134.87683454610362,115.6297715910411,107.81749264830648,126.72510876370033,151.5059435377457,187.37132194652187,,284.85984991606233,308.4683277213842,326.06174602380645,309.3925435566427,299.88519092770065,278.6008360719472,267.9878488158808,263.91214232879605,248.5941121728426,231.08385159421798,212.66949327580681,202.73992724514125,191.31573305848815,171.80940075021257,165.3390863116965,166.68674935824995,161.39183454588093,155.08915224628353,155.54543413723596,145.7909911478443,142.95578320078138,130.4908649753037,130.52526924910657,138.71485014077618,133.2337320017723,139.56041472493501,143.2556185577329,139.6163419076333,145.01979876189546,156.99830862042438,162.0472152032511,156.237086130024,170.7292984367431,177.36736620221598,170.42770016549383,173.22020354576992,182.00543876886636,179.24232798855027,174.50161853972963,179.13149006800987,179.84191303709346,181.71103668663278,191.59464407337853,196.84236823104197,202.18470175826585,197.97396639618123,189.29275669317994,189.45198247145345,183.38683237565036,178.42425314352246,176.89300999272118,179.07465817545986,171.70663033143768,159.311869730811,167.17134237920996,167.14701441131382,,,,,-0.7413351734715499,-1.056321734077133,13.883176627400484,20.422273338344706,7.165630359091442,11.68087291442449,18.924416657355895,35.51579232874526,53.887791109295094,77.75561157176328,98.8107762010392,95.32058685895126,90.82095691908745,107.64798840529836,143.76070361708108,179.0491607613213,198.36860129920387
270,2022-11-14 22:06:35+00:00,,270.0363979843146,253.68005920222828,241.33860127061078,228.15243829824442,205.45107197336682,175.8382346072449,145.9927109306567,130.46721867955517,115.03897475824144,115.20143102095969,139.74092931471574,166.1551415149301,,,,,340.8670957312784,323.6768991984747,322.8984501594883,304.5438220655518,284.97961187225434,261.0701847969208,251.47324210903415,252.30807443121876,,,218.1046678060683,185.8415796212358,181.9976908176833,184.6944962818711,174.75100791626352,157.92308640356248,163.37655124040077,159.5805178920997,147.83279674572867,142.51337282470882,135.78371467236047,138.82523621253267,146.38965584311245,134.67295143382788,143.7140473615138,148.6850535821564,145.8179356530006,176.89508766368328,183.02511530455786,181.89781659514327,185.04261014908982,193.02504456111336,195.13329451089197,195.6510017469308,195.99356660941635,185.90804049189433,188.71904461897364,187.49448107613048,194.8564793051251,201.6848580185442,208.22996438152046,209.45272326139852,193.6713010680875,198.82990990280422,202.24101155586973,193.78640683411058,182.2655193633002,174.405763764378,184.91535714115986,192.12912284467785,188.60616263453426,178.16433769653423,180.3044872834445,180.55488854322456,,,,,,-7.570889971988926,4.634039443301287,13.62246513639364,8.01101799003743,15.653672932552324,15.884667206382266,33.00945191553117,53.48425099277474,74.55063972678023,102.50759133719833,88.06430244370566,35.71919743944135,47.517684784342585,100.14942360062778,192.4706968909563,
271,2022-11-22 22:06:53+00:00,208.29610114415527,218.4269017741888,233.13665849029482,220.5127040589368,205.1737512191215,195.4987788926904,179.42011849532722,147.1094160677989,129.70275193736745,113.62074744145507,116.43486708541607,133.50354623994994,159.64267014108626,174.13604907538408,202.25947049661082,,,,,,,,,,,,,,159.08201260382418,151.7490650321624,146.05586995440194,143.9748066027853,144.4493512793092,134.87519893943656,130.1851614098447,124.41773397177606,,120.09176373725936,118.9039142948625,122.81416373795102,131.13926189594181,128.70732026399892,,141.6068790851602,149.41381267991926,150.05971663472144,155.39713240287472,,,,170.31453204634852,167.925567398327,174.99926095410186,167.48759992054556,169.50135056493892,168.51237514881618,,,184.43543687357896,185.0634711386652,181.11198635266993,172.0336147560613,174.20078810770673,172.12685264598875,168.94033815263893,170.15457231436656,,,,,,,,,,,,,,,,,,,,,,,,,,
272,2022-12-24 22:06:26+00:00,240.31875525437715,240.3577903771788,241.1955916084317,232.9689882836436,210.62012347805938,194.48001049760978,178.33808236973232,164.38530862913598,142.5916524324166,140.6439017026496,147.49947136990278,154.42422514391208,177.8533516459052,214.75299288246697,267.4236971073077,310.7408329047214,313.4349420861177,,,,,,,,,206.73219823206492,,,182.67080392045676,168.227555591953,164.63199192080052,159.8281199577459,153.34906652105545,145.09423445067364,150.48257161705266,135.90540218129556,,130.80851544797773,136.0868198946061,133.28869137108225,137.52278929147306,135.47654030733653,,155.0278349592556,161.9849035034128,169.68831434355275,179.0264921853057,,184.22191014603624,180.94918812758132,182.0867833419036,176.18433689339724,179.4744708115186,179.03364044581315,182.37036989644827,186.00046152020954,,,194.89832924591263,183.12421689348696,186.24724999127542,179.99429102838775,177.65501037713244,179.31313242311,179.97540541179472,180.38725040179258,178.11652682686326,179.47479071149374,169.95007393143274,,,155.185457239375,118.19637746046456,83.79840052937865,44.587919204092486,12.53998526456786,30.33857568734369,26.111032114312138,11.10537444909599,-4.207825357715073,-29.382110365751352,-11.108519439630545,1.7012868921650188,39.22314418852737,56.3094889953844,80.68850283049751,92.12126857606032,80.53043633827933,97.13888751763079,137.68546915670635,,187.43761101537663
273,2023-01-17 22:06:42+00:00,261.0862516373012,243.54738134677694,226.6362509047678,208.55223736784563,187.1967235607043,167.56297223816475,142.5825692456488,124.42168877746228,110.72350452818635,112.87404658373674,129.785589601681,135.72092972764602,,240.23109310570956,272.2858578268595,302.1030943418371,326.23001141889284,330.4135296020444,334.4888917177447,302.4639199746104,278.6384452874265,255.31855269461414,244.0753985184095,238.5545597097846,237.05045689029748,220.4398920901558,205.92255428929192,196.40807923364204,180.40319548967733,166.82920125572588,160.70422362159306,155.4428993134935,152.42297322440112,145.9692372579328,146.48603979749544,136.21577808338026,136.88095979592808,132.9014221376759,131.9411695273574,120.44633726093346,126.38467418524448,138.1177627752661,146.3342430703159,156.92982383608026,158.29071212895224,161.65815824363472,169.7575410420567,178.33815105603003,176.55361859520085,176.56339375808145,174.82878762149804,179.52097074880984,171.57671192480942,177.66565750123254,182.15054051709927,188.90363242115225,195.76041384436076,199.12628390699086,186.63165550551366,183.33937366550077,185.6479493092409,180.80278637798955,175.8502248123083,171.3325240701251,173.64296061227876,175.8529514874967,165.3276179204131,164.01419595988472,172.70855036303644,175.2334041384043,182.1343070395204,189.5079551959305,,,,,15.934824402424987,-13.78182440634719,-26.715640909641472,-33.65340118845959,-14.727351274270088,-15.247041844277017,-6.400604887245853,12.004227097003463,35.71088536649862,65.1481797644327,63.584140825340256,62.081267323013115,80.12066272933501,,187.75743375540998,228.01175555773509
274,2023-01-25 22:06:49+00:00,,,,,,,,,,,,,,240.4443675693604,266.63270859967344,306.42963410940035,313.6578816926884,323.57486239914476,329.844123411824,303.14177090814565,275.029993271291,266.30753895693465,255.32444788234886,243.31630537553912,238.82202289866257,225.12799326134413,210.26909948098233,199.79405108323078,186.10345333722893,174.8996524823937,157.44256432613406,162.70329850523171,149.46508350248806,149.559661431321,143.7815181963805,140.10190734335896,138.00907541304753,126.48022958950028,131.30913827910996,117.67543348416058,127.46636975685998,138.43719409456855,148.811117853746,160.9226073434497,166.68169043519333,173.98511390357197,179.42611484315532,183.82097686106698,182.50495396113365,183.28319600085052,183.80555480710393,184.46723681513754,183.790741594922,183.47024672020035,191.59426985556524,195.81088210416408,207.21768140577058,208.06535353228134,195.53501077285802,191.17111246907587,184.43088953695394,179.64109082034878,179.02630684357075,182.54955341537357,179.28089298713877,181.57270512228195,174.20589654907212,174.1536360613521,176.69162079703057,177.0404955036803,187.70130475394916,199.04292149569605,,,,,27.191437469014076,-2.7026670896769787,-20.63560175855513,-33.730162396634356,-23.64835778024787,-19.91544886676865,-10.92710364211841,11.205320785975058,29.385717380278308,57.61187641673305,60.53928359403959,70.0268881609984,91.95850783670618,,,
275,2023-03-06 22:06:26+00:00,241.28067145289617,244.9161092909392,236.30516842698793,218.4517634952054,207.70977594414245,194.92203031591586,171.9013412624116,141.13082750924053,125.27662945667683,126.73591127906629,143.02185373089125,176.18082732874285,210.68770338810893,232.63374412996941,277.7030448042769,309.56835496373617,317.4167576805666,342.9399682469854,338.0294472915803,333.49856156012515,312.0939880871997,287.56701975173183,261.88690045558474,244.23428654741235,227.66320399522328,216.24209534839403,208.64217977444616,202.42687988453702,192.92518642556502,188.28831971561343,178.39905297013343,172.62003751636658,163.3408317610317,154.8985525220544,148.13844566998864,151.1349044265557,144.44034402878245,138.45060542738003,137.21207212472837,144.0564552384254,144.25975183792542,149.60984976039805,159.7758250022108,167.41475375192113,175.5403534616356,175.60112036122766,183.48096109850857,180.32883135985884,184.5945670630351,183.3825140058791,178.0703415332362,175.1929866167082,183.0740097875857,186.31761417312552,193.12407236750616,200.0534834971388,202.2031989568169,209.00119041939922,211.46242077503356,199.2003527297788,191.11335380061334,186.99220574791318,181.66483503262427,181.38851099359127,178.18096356680715,180.92996118263983,184.7552893156796,189.6769534770154,187.61722383058185,205.55556304388352,204.8114653265227,187.8896789532268,,,36.56784372888674,13.62881080705416,58.71961179192196,27.83288063824788,2.8070524673497204,-16.262602400778526,-32.383800064330735,-14.170339725608624,-19.67264617303605,13.847097237717875,,86.2830111761723,63.19259531492301,64.02027398131008,97.42941133504522,,225.45342662271943,256.20723586409906
276,2023-03-14 22:06:11+00:00,249.19346705385487,232.9662103123801,213.24995611922782,207.89120031538945,195.16836758147082,183.48458680275715,154.49065522167027,131.6692497701438,,109.87942452563532,,,,,,,,,,,,,,226.51767350993592,,,,,,183.12167243341187,,170.2909611823104,,157.03400593401167,150.2442357400684,152.7131409743779,144.23085730519355,130.46597417126813,131.79376341515578,138.45764867942458,142.91273454589196,,158.03989856354184,163.18611169858212,171.59720333142653,,,178.5679986911276,,175.37352489845028,,,,,,,201.89056013587566,206.83722185103008,,194.72023474388158,178.1282073124277,176.58571407295335,175.83550552121108,177.73735794596595,177.63780498289302,178.83770495620445,185.57082904592156,188.31269181429542,,,,,,,,,,,,,19.47983889471773,3.525717394867094,-7.129661012936916,0.2306389047594557,23.67531568429085,56.15278926388823,50.46086666481105,56.99303166514982,88.01302948491345,,,
277,2023-03-22 22:06:16+00:00,218.908552573681,229.81256181925175,226.04537644263866,208.9970578278327,203.5394792812627,193.18569387792854,,147.92475883446536,130.02143918775076,135.26105650313087,153.64185074303887,178.08656961852301,205.522526940403,223.6047033247574,260.4139809681655,292.3746968304821,305.2651885003206,331.6223815911138,317.1277513166465,300.7197530289264,298.21230121839596,273.64140165983116,254.3388156906169,,218.63659039705465,205.66964127826864,197.95542196693407,185.47015401487351,183.96721064850033,,177.228930113876,,162.42805943072818,,,,,137.5708925816083,,,,155.1865560772294,165.14056975096088,,,178.39280696319665,184.80927133382158,176.41023504538495,179.22755924339128,172.26878058430356,174.7328526079714,178.64296463263594,189.711147263675,191.79116359185684,190.47374312775804,187.48519314490147,196.37898261840593,,193.4518982591136,,,,,,,,,,180.50807374322295,194.91760838076357,195.44338560938021,169.49009751261917,121.72073030084249,98.21139144508588,69.76490689109053,46.23815077618856,61.91573365671985,54.03568981017669,5.7542245166457135,,,,,5.500222801759961,24.071210592701753,48.46552571034198,51.86843317545153,59.42869686362681,80.64612003860324,,209.61431596144962,261.7225595634741
278,2023-03-30 22:06:23+00:00,242.79567996489948,231.6837849263104,216.04386958829346,209.1107772526302,197.81866528896506,177.81723919939418,161.64234534614224,133.56606486195233,123.43100825571169,,,,,,,,,,,,,,,238.11438036932077,,,,,,192.67107658209878,,172.94298073616073,,162.017757663008,157.7826746766806,162.03900244951058,151.40568409429332,134.29336988232103,145.46491420810372,148.70460816149478,159.18996718666122,,164.10339073810607,170.63614925715635,181.0100161216241,,,,,,,,,,,,,215.50134323816837,,204.20488050665685,191.35732931384953,170.60423250799306,169.4240205533945,180.35993423146897,188.08152203517415,190.2419776238686,194.86333778940767,195.8240683554834,,,,,,,,,,,,,12.119067006954065,-6.221546546747495,-13.812363103440553,-10.247182497205598,17.789200576282965,43.63289592570098,40.76775995042897,46.71489877884507,74.00395950789182,,,
279,2023-04-07 22:06:04+00:00,218.56553183635344,227.57100140615734,220.4225023991651,210.22828723124286,200.35857563733921,185.44316667383956,169.04637012989193,152.82621259352794,131.0013846755864,131.2807823322134,150.91095501723936,181.2289507391085,205.82122543086828,227.83219657533581,255.59988632848413,286.9375336075753,307.8482780818169,334.9112633792863,332.9945901159016,318.6535202095449,306.32580090751685,269.56383360830955,252.55879096078706,,216.16367720445672,201.6591935395659,192.49431754265652,189.17854674977676,184.26953407478607,,171.34429883618913,,156.7782288559446,,,146.48670995221443,,127.10385541221171,,142.0023472856169,147.6647008320875,149.60197676210018,150.48375187960443,156.62440758278973,170.97350364133698,173.12648436763368,175.3449330251108,173.32583227468567,180.14819534898288,180.38633208001085,181.33827260815093,182.71950917133051,190.11323761033054,192.57129465628896,195.18540983271612,197.23443775942354,194.4160561066309,198.07082940597454,208.87060667369983,,,165.6071406573406,,171.18380754917894,176.07412567394408,181.46342297636522,,181.62747620215868,183.49157179437714,201.46278207568935,207.69519723300596,187.04640196216252,148.6415410662263,106.04557987277602,72.67293917100014,54.63273324269856,57.19685142830335,37.1817578834041,3.5610023534374946,-15.936952647800183,,,,1.4660242283621905,6.381642299623838,38.575871098417174,39.76044613428213,46.39403666725485,78.3471407774996,,,265.69976454437875
280,2023-05-25 22:05:20+00:00,,,,,,,,,,,,,,,,,,,,,,242.9820635876424,233.07047363483403,236.09936528049585,,,,186.30938533823686,178.67031215186225,179.91536290409314,,169.39102174950804,160.01784958048682,159.71022300163276,158.12033120960365,139.55288304293137,140.4552897220557,132.1863950105109,141.73446940607968,145.35524672549053,144.58295617624862,139.75662975510016,145.6727169763907,158.71661873984647,172.97510476038275,,172.4679299953632,168.40002976566902,165.14912396828942,167.5202080285878,175.5425345538211,179.8894692324892,193.43176759154824,189.50792753577,192.0968827593016,192.69974478917104,195.0358842641445,199.59893522689083,200.05579465323225,197.39072348113572,188.55191113027692,172.58094944069873,172.81598035414717,160.3006115659268,170.50130835162747,189.23984798081182,188.92892296650948,182.42431624374504,190.5136858830504,206.98792048718502,213.89115827536807,199.18631929349104,182.2522115001527,,123.31463991863552,124.53613597402206,,,4.081115479488922,-10.619165278632986,-0.11358201061652329,-12.877242178030276,-14.150643110512213,-15.608556591422136,8.056095559786508,36.14245572194795,34.88304374352544,47.42819691016194,70.47878617178691,,,291.0354618148615
281,2023-06-02 22:05:53+00:00,,169.26480541563,181.75138371173088,182.3581865232194,167.79645762287038,160.7712033414643,139.48213488600334,128.60520732645807,127.26954566111289,144.23703014425934,163.17818821700675,186.14625998889727,215.07899582975628,226.0092709982357,240.0639573872523,281.06180177362086,292.42528865910816,297.4201778978948,293.1187824602857,279.4382609933217,263.79034066522786,,,,,,,,,,,,,,,,,,,,,,,,,136.44638074759652,,,,,,,,,,,,,,,,,,,,,,,,,,,,,,,,,,,,,,,,,12.589458463664247,20.735047666676387,,,,
282,2023-06-10 22:05:51+00:00,232.46800094491996,,,,,,,,,,,,,,,,,,,,,,,214.4970633865208,,,181.68556461966958,170.6438593616811,,,,,150.65544227818114,155.0469112099059,138.0172650471091,131.9974530474763,131.04652637267674,133.3002789833675,132.5613021542902,168.8476682258008,155.3619641257192,123.07253598992935,142.10128316128154,132.26866473154428,162.56565526816482,177.5483257832843,179.77239003389514,167.21588104615776,191.86341827444744,,,,217.8930267798419,195.9266751973385,205.76047552987492,190.83601416606922,180.5744358407321,183.90485210679225,202.37732155063898,202.44078458999496,187.3071972976079,153.81197418836598,146.79448398082545,144.8971938494638,159.76223211505504,,,,,,,,,,,,,,,,,,,,,,,,63.291087937422624,,262.7802662137377,277.572171251141
283,2023-07-28 22:06:14+00:00,,,,,,,,117.086502049084,151.6755837944964,174.40946995299498,,,,,,,,,,,,,,,,,175.59902690242046,180.61225542232629,175.5225082545808,176.39284689704706,153.98977857189018,147.33270314914668,137.33435870490092,143.4346788739973,140.5027186152045,136.28675022068018,137.82146574906128,131.25494594320273,146.18547113093993,141.70827362721244,131.09766059786247,134.19461463620232,138.3402722034782,144.6017927212245,142.21343614736725,155.61992507420428,158.38875638817262,165.80751105090852,170.0365943909798,176.4392178160879,183.8325336083241,179.5322557667396,164.75898607090195,164.2088724844554,170.21815949479335,176.6849208391038,175.92315010364499,183.554361729869,183.81761688647487,190.0227475264155,189.12135426168638,176.333523269498,164.55763187676112,158.7715175506577,168.1895239241619,168.9623896182907,176.74138672114722,188.1271611164995,201.1286422787338,208.90384485525956,221.27624899598896,215.8288504017003,181.6139688594695,,90.11250130956668,83.15724883869107,,,17.87985943902482,-6.458701960276076,3.821815630788257,-11.709933141173224,-17.435894094619478,-29.46276387743766,-20.48854157753495,16.673824965699566,23.65094315042627,27.73355685953847,62.93917883980939,,267.782953327196,283.6012787024
284,2023-08-05 22:05:47+00:00,184.70451692307336,184.6235528190903,192.39243703270995,182.342084858547,173.27242857945123,158.73351286303352,141.7906601203591,145.1851852933246,162.9575583840019,179.47124316761824,203.17192525149923,227.11034842329155,241.52269371836317,255.03595071541238,268.72586147601504,288.6025515798109,311.8370281340149,319.25776279548114,319.80950690468245,300.57372997391843,268.42440341143,244.71945759184587,234.61226507177065,208.8459763336188,190.93563472303333,182.05792641006838,171.6264064480426,178.1797714681009,183.4548758083339,173.48418194737388,160.34839538192577,146.6601609694998,146.4879000156762,134.98794742258997,127.14739258261247,118.78155459822347,123.43942326730654,134.03352707227728,139.00429464299114,140.8598561409217,136.1700780933678,136.28605405079284,139.52425273977727,143.88439283460139,151.12696028296511,149.2533850307532,157.7088861376255,164.01313064209816,172.86253924132245,169.61064564696014,174.69802131901565,179.32243956129852,177.1951901730717,170.59590320957597,167.59262264843213,176.21012920004182,173.27987060095208,162.7162283349869,163.48345402566116,177.9924558909617,165.1760776466514,154.5815708061801,150.65075082732056,148.53029472432135,147.54070178045387,151.76742742199025,,,,,,,,,,,,,35.67972372401878,11.94365240418604,12.598435600337796,12.247491780824289,11.794349079063581,-7.737037455375389,-11.94925307584207,16.975509737792628,25.506350965621568,28.23732171177301,75.5050536838356,,,284.85748502903175
285,2023-08-21 22:05:52+00:00,181.20809745130964,187.75707463271704,183.94433452786396,191.89706389796095,181.8286545664449,164.6018387090023,154.38045872838265,159.32152964569067,176.00059954797527,190.0577924248415,207.4834935674896,225.58694655814057,244.46809705757684,255.06892654468376,272.0752822686501,286.8939747430557,307.1159407252059,319.6910897863634,311.621315174471,304.80878852832217,272.15416890801663,247.96291380939857,228.88791134788497,202.04481409735794,191.2817555147354,181.739049709551,188.15811770131234,192.51613652462012,187.96927868086655,189.44599177986214,167.0134408377916,150.48709082590685,142.0422018641805,134.880855027908,128.35400664640474,120.86170584854378,123.79692788361248,132.93791568223176,143.05883801307232,138.41869505390056,142.37095474917254,149.6466310721282,146.84608157925254,147.37249912105534,147.60793563997032,161.29767792748692,158.40324309066918,167.55959121471062,174.3815857798885,183.6475348802566,183.41708795935332,174.06762735056367,172.19370960527144,158.44685793420473,165.00705659394436,173.60791245239017,179.59840623220379,168.57196411049316,163.0876970254717,168.48527778635963,178.46542902478132,161.87751194401164,153.974820403761,154.1689681708845,158.810648650191,167.97572291957812,181.26441552369877,182.24072023358622,192.56629391662398,198.2857949976463,202.17226660925678,189.53519602345014,152.50861748472624,100.20871957244171,68.68917299638242,54.023594805272424,44.25314504460726,23.914261553018104,3.6030558925415317,-20.068536749061604,-22.762725995172804,-24.923391908106282,-24.890904190445,-22.22460287678267,-20.329285612993115,12.972077696797948,22.742803617721158,31.86412715601853,69.43564117348713,,280.89449583185154,284.6296885977409
286,2023-08-29 22:06:02+00:00,172.23344689449266,185.30852191783023,196.8603671773613,189.9527921991913,184.66680445846342,183.37186554018814,162.42297391963837,175.79445190700847,183.9919691477175,196.38685773655797,209.78827899214605,232.78514115239358,250.54528336399505,257.67130858657254,276.4880804594191,296.9687793317534,305.4595312682818,326.3287634284949,326.86010497099073,312.70673390210646,299.59569693653737,273.9734155974993,247.37157458157156,216.74393137435507,201.09408358204257,191.65697510403731,188.1647882439279,192.87883415175884,188.71153574892773,182.26052032190378,173.51723680277888,166.2887869779744,156.77241289386632,150.67298562062524,142.04761949143833,139.28049441042532,136.91726350268843,144.0625351979951,149.5569380237666,143.85121574483364,138.861382900458,138.749435631224,138.05742798038986,148.23385389209645,149.07124438977513,157.29812717700423,170.32225258427596,180.43599709774264,184.85008793817616,186.4127475945745,186.14220652628606,181.41615177295816,170.23360501522424,166.41257522839345,177.4712028315016,190.03958660875506,191.99055442454502,180.86805128143754,183.7457359813846,184.64106924521784,175.54708986283305,166.44728166239022,159.8036460999415,159.10996110317586,160.81055360789415,173.72907096195695,185.1457597849628,197.72793049885473,204.22447315178465,220.94827424302886,221.88022081147614,213.23243174004372,185.31772653005532,148.4963331321556,,,,,,,,,,,,,,,,,,
287,2023-10-08 22:06:10+00:00,183.41634586924445,182.22181487050833,191.15398404451582,185.14071464895952,177.28245160442003,164.5879312873535,173.25333133547483,178.24021920423206,186.2025001940522,,,243.31929747874483,,,273.7860367886044,279.9620753779922,300.04618547156315,305.4962176812814,313.93869378973403,304.4119605103869,282.1043904715532,248.8703897064225,219.33751318225154,206.3052687778192,205.40607245545954,206.28829676871314,,194.8767243904312,184.92914875599126,176.09789540463245,171.39063968190118,162.41304950143007,153.60481864939024,149.99689278092464,140.68864751797582,134.77361585877537,134.36889025154886,143.32061852011964,144.5758159064878,149.04290891648566,149.5291102797014,146.65820388727,151.89918179992668,148.07143768242676,155.6816327086285,162.85394306370642,167.87625324615564,180.0430379920311,194.84977384491793,194.89493400498853,186.55852443921714,186.67566771726484,172.0143620350754,175.6890375080443,171.86777210690872,177.89122272843696,184.17921436079433,183.53255127859228,182.92982053088767,184.30484668375985,176.92833706515046,158.76641699850506,148.46004805511532,144.93863550388477,148.88142557895026,173.73046863708615,197.2062314639923,,,217.72789916540356,211.0631461115678,191.12388854393166,160.03966927591244,105.35524407852112,75.64370392212263,68.03195900276933,50.40305644503202,28.042335114529536,4.870837449528912,-15.787083300976661,-5.920926543331294,-9.38771893133844,-14.63980511977189,-19.003590694423345,-21.31330420252393,-1.792772834873782,15.016217231471256,21.948685993501,65.4994244999584,,286.1360796259404,301.4372592527059
288,2023-10-24 22:06:16+00:00,176.09686233424088,180.21140297144836,177.3645969420532,192.2919469362379,170.80421976388504,152.45804837077256,160.0970025379515,168.2019723390344,182.49275489855512,195.76314495128014,209.42579955042333,224.07287161638496,253.6055803917048,261.7152890443988,265.7688953398074,268.062765277061,283.48768244535955,291.30808541797813,296.9031506495109,294.92839872048813,270.8295895087061,235.81197325472712,213.0559775419508,202.52789219456227,200.40144246597362,199.54140951926118,189.67642571028262,179.2493748778581,168.43499131693605,168.8146272567035,159.5396722486338,159.7482832703144,146.35744181326024,141.41374716420077,129.13883826048175,125.19925532726819,132.0326604804708,130.0430626372526,135.14212266768328,138.4655352987394,140.71768239731065,137.28582062915194,137.51033346533407,138.4582307601237,146.05550655014156,161.33325752381617,163.32877693300708,183.62870201312614,186.61112235462798,186.5998453768999,175.8776335011625,164.40839696724058,166.4075187740321,171.27106196599556,164.26935689359533,158.80604889871884,168.21444732254662,177.1257991715307,171.185218615379,180.4124696414944,172.98118993841516,154.6749144353226,143.24870914903332,139.6240641004986,141.97771131815693,171.15290464023326,199.60815176158735,,,213.58097700760533,193.30635236489093,173.13396365043107,141.57927185698088,97.09279518351829,68.70145635043686,60.60526040012629,38.413103410558534,16.83144675716107,-6.090399419599844,-25.50949131121356,-14.168593313362388,-15.87332344798703,-12.535654607721774,-20.11607771017278,-30.981527798596126,-12.557983735150927,7.850889210351694,20.15863307548419,59.79394136124093,,275.65659396187283,293.6852623994192
289,2023-12-11 22:06:42+00:00,170.14060774461927,176.62309196995446,197.54795508617138,173.7130433219402,170.65495478370818,167.17873998897687,164.56721645776594,165.9548597274312,,,,218.31077155004562,,,,274.33979129355686,273.6088395194035,290.8678342971921,295.38834829612085,,,,223.64556788502685,213.6515136213281,199.70285197020706,190.0806317663007,,178.46317667292556,172.31777894590599,167.49508351593673,163.9304766023515,155.1610313261039,144.1625046338317,147.21841789375878,138.19333913863858,136.50174350658781,139.27807408999556,133.42918527330227,131.53164863403904,145.48716130373458,137.71843380269317,143.3869689051688,143.52222119223586,150.08677500290932,152.9718854190165,161.15816804726,176.95024503891466,185.4581235726833,191.3040984095153,179.77224760668565,169.47523184196925,161.47042193191044,168.7042206538062,170.9857303607703,168.16878374465705,172.04407248435976,173.3801926598913,187.4542531906055,188.42332604866272,175.55934051171997,176.23290129873413,165.5968456331014,147.27531865997994,148.74970957146886,165.51075812994432,177.95826320331022,191.48213433012958,213.378129684742,206.78170160504845,211.10283946279313,191.84146002527083,170.91779884358243,131.00771581578502,102.14848047440563,64.9566381847878,46.911983065100046,,35.609528851672394,-3.650927447194608,-23.553466874473813,,,,,,-12.844877238230016,8.63534970762377,27.105939019723483,68.18591010733611,,,267.21284565647437
290,2024-01-12 22:06:18+00:00,187.5881306773869,208.89068114573973,207.44036486189617,193.58677304895238,191.29340615344364,189.02857074475867,191.62961742520622,189.47030896198868,202.563534103338,,221.5368232547102,249.07886340082445,263.98433648207003,268.1956138863082,,293.6002665803753,291.7298721081851,307.0718438085508,314.0038335137528,311.54049193529727,,276.7187364167352,259.9529691375742,243.15785372636114,224.07785048741516,213.00056394725274,206.9564007906185,196.77437807561776,190.18116735200135,185.79703073582016,177.66284691428498,170.7891600894823,163.00150483571565,160.82689676754788,160.50891895214326,150.3068810226675,152.8401636700826,149.2305511750297,146.7372119087391,149.71159045924253,157.50376160863482,153.79101424091186,162.4658465516213,169.82793031824932,170.5963898126395,182.10847985028056,194.395661153319,199.2994207843476,207.07072806141423,201.44175053578846,189.56012073100712,173.83823959314478,184.73183258736952,180.4697568537044,184.0293950919862,187.1621623417241,184.34362721162302,193.19100192113578,201.3628868232123,193.59545968935302,183.1885550353087,172.7472729450243,160.76405899371073,163.57876192806006,179.27308145748765,199.07989159463077,219.9230771811488,235.19796910157982,223.24243680432286,211.86515675856927,196.22823121577156,187.00061595305928,177.1570191635418,,98.150728590131,76.88155961537339,83.60856978700336,65.00509473737796,25.656088569466046,-0.1994121096305861,-24.30360610550233,-13.581482064204124,-17.66612733684778,-1.699931012120956,,0.01213411000973963,26.335945113805874,34.21890995793316,82.77511287213912,,248.83976041461494,266.6506676714203
291,2024-01-20 22:06:07+00:00,191.3670353126127,181.40692797544568,178.00056336186722,165.7813775901521,174.65933525730364,178.46736499388848,176.30227044392447,176.60386642862653,204.0110264011991,238.7659174884215,267.604520442616,279.655084942197,291.264106779136,274.3928122824347,269.22396386815024,264.2261486775664,273.1945901137126,291.1920577786009,309.08363232129136,306.79515604872654,298.8911245397707,276.566734308314,252.1562141163649,236.90108138503177,223.54314965127844,217.41954757089857,213.87446832877998,181.1933491739422,178.81142599174973,176.29328733078043,168.3210626375985,175.3502640987588,146.96687136936876,156.04821642987733,140.8601036758774,149.24029140152996,144.57271951713432,142.2852198259016,136.0660792794213,135.2995966880396,143.74252262106083,143.41117274276738,154.98882492534327,159.12336599858926,161.53478525314208,167.44577189886726,184.51044451485967,186.8195580316831,188.67548524498187,196.08609765067905,183.17873847914828,162.55849244923672,167.8069378609814,175.1134623741585,176.4889100866156,167.78170892384944,170.7597138805965,185.31359366746554,191.67146974471189,181.80143245507372,166.1830161227467,157.84589661697706,151.18573296750952,161.09243559551268,187.16032232899818,219.679476572313,,245.69322949031923,224.2153827188299,195.31944119333988,184.3070767451476,161.3518983486898,149.9513554320099,129.80998510481194,119.8351881247064,,,51.498148082408406,10.17724152908086,-23.62441753787488,-15.615225917230878,-15.565017015812384,-17.104217720269652,-26.72673137061448,-24.796508288284915,-10.362843907503859,7.3442521675854655,27.131519452955896,72.17680519194495,,221.85085100982954,242.84061898212286
292,2024-02-13 22:06:17+00:00,182.23881163130824,186.9745444812793,185.97728956703878,180.5165669681443,189.23029384361826,176.28392120206215,179.61229664550387,206.81621357618363,238.96310217638867,263.39146991207116,275.930164975382,288.18269772241933,283.26533240106124,273.87752563103,263.38839467388095,259.32832705331583,269.62129023566075,285.447903118643,301.781664248895,301.4692797809843,293.8496634246554,271.9282256661331,256.5887291454628,240.9016624008219,214.43347561098506,234.27253830451906,215.04113390469294,201.29028915910027,189.11486155194888,175.80930962258913,173.76881049964365,160.56233498270504,163.10598695743315,167.1504744561421,161.098502852502,153.02063668933212,155.7793515856247,153.2371286549718,150.4984964191641,156.49200102861633,153.67025154173095,170.24855635242727,166.12323581219647,174.99889853786092,176.79027055236028,184.55995849097974,193.6310369165413,193.84615400035236,198.22633817235038,193.81244443846143,180.90711519230362,171.58993240527244,162.3076310875384,166.27013820379815,169.23568713537335,167.92856754113072,178.60127527881718,204.87034456537447,203.94115361127638,184.24155720371414,179.47600309786725,166.72760373064955,161.54866900016677,171.02217089726054,190.19492325818075,193.3382632659254,214.82984930341092,237.2127895368622,219.01469040609646,210.0706184023834,168.81218667375504,149.97684307566504,132.56709014392484,119.31333892051592,105.89474547723036,108.70833170524335,,,42.34257941477428,3.0813449269965902,-6.855383006221326,-10.885304262606308,-23.567210826131223,-24.76536455797569,-19.660749893853215,0.052724080770294,25.284132495820216,51.9315657619478,94.14249343353126,,223.59747729752448,241.39398879363634
293,2024-02-29 22:06:35+00:00,188.80479115664508,184.91503434380638,178.7772394005047,193.3402996686901,188.99799410555045,182.92756887362023,187.17173549306096,215.3381554104733,249.45558376776518,282.7503943760623,291.9990465802234,286.4414739958931,283.69156484341534,272.29606269022435,265.7271284312544,254.78150524635402,262.0348562993203,286.73510831852457,288.54475813033423,290.02785745048374,301.92340194704013,289.1694888399808,259.090980912691,234.1834008352553,210.6426630839793,217.35617188279502,230.48587713407315,217.5888897918045,196.79920704059097,189.07829742151947,174.72001522905109,157.96813478626805,165.8878975783425,179.6412405762766,172.59677482823804,163.04482940382002,155.3721892822335,155.5153128148895,145.60960874078165,154.28731832094675,152.51146320464412,156.83726134568417,164.35765030323134,172.80831331739714,189.4659250239094,197.4912724919513,196.82937741132667,200.00174608468936,206.49844014278648,209.33536586917094,202.1615475343262,184.76453008449585,171.65425303314328,175.32621328231454,177.90152233773148,184.55318778032117,188.73565386085232,214.31325510029305,212.59266639700752,194.78643571046032,179.77929551104242,174.9149382488873,176.98665855955824,180.7208264036674,196.14023688654927,217.21360352147119,232.0949741227752,242.7909831849118,222.31666318062855,211.27396055764711,170.06856078812046,132.11180054655722,122.99924326590626,112.85792380502964,101.4534922066533,112.93169090222788,,,,-6.488713732933119,-17.047583641340296,-20.772064448503958,-29.9827212575198,-35.03379311100313,-25.407847495752794,-2.0116893541692447,27.916382883386618,65.04145386292942,107.06173128468565,179.31740684791728,227.01098480211996,235.9418581071692
294,2024-03-24 22:06:06+00:00,,,,,,,183.92788280423844,,,282.2879155946873,281.30603842851673,277.7672870061761,277.01323846205236,271.77590197522557,256.4423176329625,,,,,,277.02072793062894,275.20148574577206,261.41211303499176,224.37236630287092,216.270577176468,,,,179.1463001810161,168.05116228468987,167.4824751772953,160.66352338207813,163.14163106608171,159.6854823825925,159.46737519959927,150.55825215590022,143.82859523726583,139.21259748094982,136.5220408699087,139.4528421324381,142.05870629992626,149.24955612654088,151.77629857452888,,,,,,,189.1682487305524,193.06306974087425,170.9854782127511,174.93554172717893,165.53515781092256,,,,207.2222967850947,203.00229676731672,194.88367552753104,182.80514156458477,180.4128652628437,181.08913203826344,171.3776867542361,180.14832793329347,191.79305756726643,212.8689200816323,217.37826898641626,208.37364260958634,195.10284680665228,172.9597086780363,150.1360258405452,114.81797874122901,109.59697876398425,97.48134780409256,94.10481154089021,118.36747198563103,,,,,,,,-16.293079657440565,5.792671900674581,30.89235609140532,55.94481676751722,104.34526911243728,,227.4267062632578,241.7557716647617
295,2024-04-17 22:05:51+00:00,166.46803999538233,169.26854030880799,158.25748214390862,169.94469107093258,164.21553849563173,173.11241402217883,211.16184811465794,,291.6853572550026,292.6179164974153,283.16315011823923,262.51274835401927,259.6018883295869,254.9891995251213,238.58612387622753,226.47331246017737,240.50162820828527,247.44315976078963,238.44871714808454,242.16178976864126,246.35479321855883,225.6435478645756,215.6617712573939,204.45205953570317,202.13493226350315,203.0505543459096,195.58027612209423,197.77646125885653,175.2858985566684,162.54795534957296,152.58387269645118,161.52157827758995,166.7369738745157,161.9520498137743,156.12240878682195,142.56829572894188,142.57830880679327,141.71389280849738,141.39254379615159,138.8650678460185,130.57617673244877,146.73425480475723,160.05593110209176,168.6823422592805,168.92348205313525,167.61406093241993,172.2387698578001,185.4043492435845,191.1618767271024,185.0627549075422,183.56904979092377,173.48637154260774,164.7674624193037,150.71218856623318,157.70703719617856,174.1396972513933,196.19027539257698,202.61505800264922,198.59205432806894,188.20455602209475,172.75023568799176,171.5137122276575,176.24590616964488,178.8648947132576,183.3389454547615,197.83756993592604,207.21394792137093,203.78001488344813,203.83362036216485,181.66927817954414,157.27372686467484,134.64747109340567,117.20707355286493,86.40746175892482,64.73144240775753,62.583125347767755,55.515293420635174,53.76268064896,,-6.16492282354876,-7.821392774876992,-30.037060734561962,,,-33.51604106437968,-4.3626729874596055,22.448007606729583,56.30602994106061,,,222.209399528648,239.41877744642522
296,2024-05-03 22:06:01+00:00,173.80986708477943,165.29523335846108,156.62094594706605,158.97873893351132,171.44480318694,186.23170502077494,220.9044830649308,,265.5376790951371,283.17426098856055,282.1959843104931,263.3579642235196,272.56662489263226,252.56806321327042,230.3220696121518,231.4145549871267,251.70878635628398,253.44942804800382,232.04629457814363,234.35631077364448,229.5391057171646,219.79125211199326,200.9174178098445,200.97371525506102,200.26180553910186,212.54262133493057,208.45225001706177,193.5636129149083,174.3606332986988,154.9812391774504,154.90945521617382,161.9117178828845,170.401045599618,164.36341184426337,152.65163753554702,147.68573491109368,141.65934291251887,144.7063675270061,140.15094133419902,135.0366918889604,135.03935389206978,145.0159367529558,163.04273835555364,166.1748596207589,165.1348429891832,164.45356332528786,172.32457631089102,179.46932654287846,193.78085602183955,189.6280429644478,181.18128454342067,181.3810762996836,169.34022582731254,159.1144901265905,159.94220990749892,176.9566980993858,191.38483090454443,198.9644956464926,189.84191499509058,183.907690670557,189.39531170985694,186.47976170765313,176.12343242639588,184.15095234619193,189.12837277173819,199.923988871316,211.45000402385145,215.62361130583983,212.4503760020537,199.24222021358878,169.3466269279485,122.60223956569725,116.23841508502855,92.94932973364836,83.89567382414431,74.96147759526073,41.33879646282446,43.570490718224235,52.09034057312077,,-0.9428368513641212,-30.785128752219848,,,-34.95653605740727,4.475270028094478,24.547393702906575,57.077629006968124,,,226.0931978352402,237.58361567945124
297,2024-05-11 22:05:39+00:00,169.73108488254863,,,,173.39757599770516,,,,273.70624441945824,292.1600662367916,289.21580032589844,,,,,,221.70214445365514,251.8144535230402,234.00731096923982,232.3544997615304,206.759779405518,,184.97650461144823,188.28972834198552,174.41079625871498,,,,,126.42501037005782,128.84153763218657,137.17424391417435,138.59476455263714,147.2974258336048,135.05218029327327,130.23845985402642,125.79926035889439,131.55580878903297,132.58726613869615,129.00929573843925,135.1083700675144,139.7599418757754,136.05064775787545,137.0681128137497,147.0634498969744,143.688128184061,146.41682105375705,161.15317309873657,169.71402395214292,173.02380803628583,169.34647345967895,144.69696301806312,141.24100684722424,,135.18807754276642,144.01602102906978,165.7024220314503,162.5541775590868,164.82910822838556,160.4416127636883,161.6928859793657,169.59083787595577,162.72560014553605,168.66916725860952,171.89251448427657,176.076087968331,182.39108516195907,199.20217638406424,194.3801917884597,175.9868029337025,148.30682363307295,118.92347709254288,106.67380261794978,84.01991595156218,64.49209440513336,66.26146726091399,53.88282266674085,50.3659861589869,46.90096105655681,28.71545804999434,-0.5563158933215226,-24.5830270623067,,,,,,,,,,
298,2024-06-20 22:05:30+00:00,175.7616516836537,173.46065547797033,192.44047633974716,184.0148697409265,187.46475850522455,214.15236113663306,219.31645016327707,237.90492434201286,245.839062765817,273.352812558252,282.75857590061605,269.3039273456514,278.9492900352038,270.94832001530517,260.80792539055864,257.2286206840699,263.18713426255766,262.14749657595405,254.0221713825564,263.21784447205016,265.4953649734207,239.86214514252742,226.14774150085924,221.8310794923084,220.77099679326435,222.51312195362374,223.57716396709327,208.31715884669975,186.1223275599216,168.30174775951454,180.83211019842054,179.83294937745384,183.66742554372448,178.28553673453888,164.214769996893,160.8820615514554,154.10761898689586,145.33959028571397,149.43796783163208,152.31664887534095,151.5472875117301,162.6754150575664,177.6083738335804,176.49057451337484,176.51016832330947,184.8024703624643,193.52943624884549,196.08466331567027,211.02334893551642,201.1510387771266,192.15462146329173,185.17349219812843,180.94271140512853,188.72669537290972,184.18361336228594,188.38453538641923,197.87753801196016,207.90372282628556,212.41631435616227,207.2301170448398,205.8426234920384,199.98725940631303,204.0554792939727,202.59450805878816,203.05945612116705,205.23396041902072,210.06617128396607,218.29330792151,208.19784004737843,209.6796144118319,186.46371463009837,150.34695704014212,118.53831274389631,97.42952511023617,75.69347451694505,80.2077572613345,107.39459657474046,,73.16896055070798,35.778738799024566,4.715303738509203,-25.363889139335974,,,-24.251622982134684,17.259295197427104,52.096261069462685,76.67338912070878,,196.97700892059697,224.25608518157077,233.8183786637273
299,2024-07-06 22:05:21+00:00,153.18656653066384,157.58225613309537,178.63472627373557,180.5760292044689,194.12608383073731,195.21716590566993,206.06822251718384,212.35747936477506,236.92346087381338,269.7118487600377,266.75925539925424,264.7458382819649,260.25173550393805,256.7050563718425,246.06176349953915,256.7190003768183,251.86862596953264,248.94687042108663,244.6366917491915,257.7515428241757,248.5035347321333,231.82865060248264,230.5661834960658,216.17541165773434,211.53389540552044,195.90410391994567,212.21937903930493,195.24173273732004,176.59982619856902,166.3230813072498,163.71104074242103,168.81249847519297,175.95911911769772,166.45054426750744,153.60395557641743,147.265791007459,128.3024434023222,127.00909357463284,127.53373018503068,132.31357040834968,139.23793178692262,141.20406512515757,157.19432324267254,152.0263149533791,134.27305548722754,160.1743835700651,183.58431993673466,190.46532874826474,189.18302935426559,184.62632304438532,177.54501049115026,168.06380116689584,175.6803425646205,175.91885754607893,174.32900507456748,179.96499992055388,186.29723606701867,195.22060270474532,190.4171245976818,190.41848642554208,196.3933826373258,189.0461866450181,177.71589844917966,185.63172094412857,191.163891972645,185.86598957819714,187.44740427569036,206.13133971959928,199.99366342421322,186.82419519734253,171.62885125332673,134.10798414778566,111.9502104845727,94.13459593410337,79.73486880969979,63.93401951714306,90.89349789255078,99.60990159717855,68.82574488064918,32.54138516125623,-3.426956848492729,-26.321784665717843,,,,10.699169944698054,38.900524438413726,69.1700193342298,,182.8566562658316,206.87030141460025,217.69173844780613
300,2024-07-22 22:05:52+00:00,137.14180349094826,159.16154764248122,180.4723544455257,174.41754477539496,173.97665316218,175.96611629165253,183.0662810777872,213.20090839937757,231.58054169611657,277.2419606480631,280.1252477913083,278.6793243696236,268.31707243050226,257.67417595514434,249.06831586211163,251.61198373841538,227.32872921024023,224.7234547762147,238.21535565601855,253.58538028812103,237.59423356492582,227.38719405374425,234.26292976138876,206.45912812180478,200.28417271393423,201.97908104522824,205.429770653887,188.449167398791,171.12495774435004,162.71985241109812,155.86945751471842,159.59617009086514,167.2996060303452,157.26620170649196,151.1880939257369,142.28667054490444,134.3144609644619,136.00394156887617,135.73946009506858,131.8440563088166,146.74396685499866,146.33545672751782,153.95529751558473,164.27940805016405,156.98130376745831,167.4784387945302,184.0746331731792,188.86946275853302,180.1525271384971,184.00523361967782,179.97116903493037,165.87251836119887,164.67925226956146,169.17061269852147,167.7075011327545,176.02480643258076,183.942713461626,194.44579886671428,190.79355703014295,181.0085482175858,185.05880328978998,179.26009509325223,182.00755043421154,176.4695641017353,183.41955612575737,179.7127612334708,189.34023337972394,201.90661704121075,,,,,,,,,,,,,,,,,,1.2054820026974333,44.8422819517291,66.53093283230724,107.882761090114,169.73931862634416,190.50536293232344,207.7097005874251
301,2024-07-30 22:06:03+00:00,,155.25429120116914,151.1574072672827,149.17185092338633,156.53120630095611,175.17087057286574,196.86270137289338,,257.30542420852277,255.846348548782,275.93066222155136,274.68754133028614,254.37939528114205,241.45603842392512,244.4153252230137,,,217.68684799575013,,228.37532784758938,207.94781281577352,210.74170712649266,197.23451082525946,182.3055218965032,,,202.2095898180962,186.81905881315228,172.73287056608294,158.5637927955569,,,165.59122822251837,158.4634848797283,152.95104644611968,139.67768662213092,137.92225800456362,134.8756864497097,125.74675454346568,127.25082067972208,140.97973832694302,155.88724766698977,155.59904699672927,156.05093190958874,159.43742029094543,166.4039944655986,181.61545268746633,185.47736339377306,188.67324886419675,177.9349510798159,167.2901706522087,160.15898941426644,166.77153029454254,,,,186.50942370978277,,,,183.27596522304552,,,,,,186.7351481905165,191.38711937007653,182.26262903504625,161.7219349478409,132.2718962093667,101.93575071417617,79.84607471353702,59.63104421338134,54.02820073655837,73.11202923227103,62.63855868308066,49.012676819973976,49.802478257763944,,43.100591404111846,,-48.61143025906583,,-47.89742602805012,3.09928506716523,39.13477379986938,74.37183432290422,106.78951939715004,152.4945646883807,177.40484091253873,190.78080361784814
302,2024-08-15 22:05:43+00:00,157.87336307786984,149.0425138997133,152.19297423513186,163.9017551337518,181.61054610812948,181.31930291665748,,,252.53930636317077,267.5190478564802,289.805725024338,286.73348849658754,274.124769653727,264.67676250954383,274.778383285395,,,244.66128925240494,240.16238191137666,242.23727471699027,233.80428425648813,230.79284903420876,206.42186547946244,202.9994408094464,,,221.0702945046109,206.6043431283415,195.8120250068923,179.98815321595512,,,178.9152635630193,178.34148604598286,162.09721199630943,159.03063559968047,159.51490870783638,151.92730691867092,138.99783897174692,144.0086043468304,168.58815591310022,174.16450324733833,168.6717409338413,172.81589957001827,181.82863334956429,191.9042733406077,191.0051634958385,198.40162993173672,199.84945858704114,191.85672264781797,184.48718722149502,179.74114306462516,192.34263355975332,,,,201.7706154428968,,,,216.01222518250452,,,,,,214.81413818360323,203.1167920040622,183.59335255530755,153.7275355783932,138.19228253604626,101.15630116179514,78.97529870909717,61.120444583856994,54.80476103455795,76.09504449857889,81.3269268207686,59.88945564795911,65.16993548448858,,54.65160965416748,,,,-34.888979995671676,13.511197437969393,41.45050651318237,76.82022706738995,112.62449874633235,155.62860850244974,179.25880642891096,190.40876307866688
303,2024-08-31 22:05:51+00:00,,129.7392668027134,144.4695921921822,144.81612199172253,,169.79986427003274,192.3316250039229,224.22878714089242,240.575716035875,261.09987361285374,264.28564132513816,258.8361668407621,255.38113834518597,249.87022688905947,,240.15826948811755,229.17763303794234,,,,,,,,,,,,,,125.86636013255958,110.529487260178,,,,,,,,,,,,,,,,,,,,,,165.05427008625625,167.49322583525569,158.22576910381625,,159.06233851738241,166.34728166778197,167.5118757534159,167.37642005403222,162.10747385013562,165.71803662499426,170.4478772766636,163.0674641491884,165.83758708269244,,,,,,73.0895178787473,50.719139356072326,33.68890026700923,15.21687314302407,30.824774592405696,56.728120681440735,58.757152044792115,48.965971943049816,36.52480293773863,25.099680920414613,-0.7571198734537337,,,,-2.0091120759818146,45.820664672241676,74.7446518120313,106.10345200418872,142.71870437670157,164.05766473470493,171.36077510484296
304,2024-09-24 22:05:49+00:00,180.64050901275883,187.94820512538678,188.2195867069889,221.85905504183307,225.6259875517733,227.6811050837729,227.47249876518282,236.31495036554116,249.91099534710258,248.52772822764706,236.60582465346596,232.552752287097,238.8400656832494,262.05330158101793,273.2386936258599,254.214419844146,232.93021253928205,229.84975249665368,234.03134454396252,218.9357312548375,208.4801170279825,222.00704794421014,212.66106093869593,210.38641938324605,206.41640039063935,195.06500639067855,184.41117229735562,180.52000208311304,170.9119159322446,165.27118206033313,161.39981397626465,155.93790428667936,149.52430459363921,146.09703443367292,134.50289167424594,131.6482215797607,119.67247728648138,119.33935052039382,124.59998843940352,127.01817793338401,131.25695895250118,142.42984319651822,151.26701177762553,151.20638189038908,151.64606183643292,150.54942143934446,154.42799934769062,155.22358204206975,158.24099168791162,164.4066163676412,161.4914114642058,164.2996252036888,157.25096636711137,162.07456831035284,167.895944413102,166.38250998784065,172.39045213096568,167.61102346321462,166.21998162843298,164.5990028442303,167.6580131236701,167.86267351993516,167.62973804876674,151.01900490571552,146.27312836582666,,,,,,,,18.85519514614168,-7.954245518671293,0.8637446634745771,28.158649070572565,33.756845389417535,28.40865970275757,,,,,,,,,,,,,,
305,2024-09-24 22:06:13+00:00,182.61558346232775,188.6528222743242,191.32032515168885,221.2713712914865,228.45028790946517,229.07466154597128,229.54444228291666,239.93455085098105,252.05961563935108,250.56614019175515,240.75051951654393,235.7280238251012,240.20237396022793,262.9788010875784,276.0991560136953,255.48884122758113,235.00650823673013,231.97122645712977,237.35304326287329,221.51107783862875,210.83198152147068,225.4726149421542,214.76203847605012,212.65255219379588,208.49042203041978,196.35902831831652,186.54459536517746,182.67183396140032,174.92705315432855,167.52392808927078,163.86019373557824,157.69708412943604,152.15520450152988,147.69382495674097,137.80585028254944,133.3215328872327,122.49606159340772,122.0878720595239,125.7792564222209,129.75182260292763,133.40738405547143,145.4293929880249,154.18881199817758,153.70657198732752,154.12808950332848,152.51261755410675,157.05372963523007,157.9840636990193,159.93579585275154,165.6084868880316,163.99185271724835,167.17355612115813,159.36551170945606,165.087376752604,169.7961721080359,169.74877981328854,174.26610505300158,170.26871145125227,167.70758084102752,166.803466256984,169.64025942250936,169.8875062041467,168.8226076178917,153.47066507658832,147.58018391959064,,,,,,,,25.54483741242898,-3.049301748146398,3.3674111286330515,33.84392261743807,34.50510902084068,31.205528462633264,36.27939070683911,,,,,,,,,,,,,119.85981443653657
306,2024-10-10 22:05:58+00:00,190.78664393984081,195.71600339589705,207.36354208780855,226.1882162456528,238.5922090016113,240.31367741098344,237.8076718868718,252.2586513135163,255.11226408430863,239.18728041397554,230.85134057209228,232.75071943647552,,295.28529407053423,296.52534643537905,272.82887571759943,255.15184360511492,,,234.56401859125987,235.3368546834544,237.91591882583813,222.57314644631333,225.44443251069447,222.0056962030884,216.96035347558652,200.94459846119435,196.5102616905696,192.26214666374742,191.13448075469879,186.68833229918363,173.22504245888933,145.6594676358484,129.20383672358926,150.757321563861,140.66670046911048,,,,,,,,,,,,,,,,,,,,,,,,,,,,193.0270546719147,176.3512624212308,167.0620726130661,167.30092843766948,180.77299146390044,,155.84992065683088,131.63805865672646,99.32205645284746,68.79498947208845,23.173584505500465,5.552929113321657,24.75623624047876,22.63523383349257,19.587108807476525,32.92116311426713,43.601852858466884,74.87613939651392,71.32312010528217,38.181419572402234,-22.909961354926477,-35.99464685323109,1.7690887170413703,53.35032813580321,68.4165651523564,78.567636192777,104.84325548610128,,
307,2024-10-26 22:06:36+00:00,185.5861868388283,188.71218826571854,193.05919506736515,210.46699841005827,224.46154214462229,223.91051520060978,219.26384306157695,228.73856721700298,231.00538163685164,217.1367264918122,211.61101742301693,217.34401835490203,258.25394771923686,282.7742276192389,277.59248182793607,253.32065385668818,244.50397857568265,245.8231682716533,239.09549943990777,228.99360245394848,236.5783149005546,231.8278885718504,221.4559282805239,218.48297454895564,212.62767637607078,216.8194811719753,208.71832835454433,203.2855791049034,191.30704809479573,189.47973878202137,188.84863574039372,178.82521316275614,172.66042767286206,160.11566193960607,158.98899082518534,149.97118378610548,136.04334362905286,138.39673164357106,139.65970415660604,144.2599699148966,160.66287871368473,170.9520027036203,172.70772028406904,165.16977380042457,163.1418322564647,162.9721499606918,174.0408041833094,181.10359994536466,183.40387773545353,180.1574442419613,178.81211354093566,180.04714990815782,177.96330495092093,190.42444549458688,207.4220427598189,206.12940171331292,192.52566471547024,168.1212466775224,146.36608085154933,150.68162845890802,154.98537162348177,161.9711482108445,,,,,,,,,,73.27353753702391,49.19184174095363,8.569296846308188,3.9816022412400436,9.794796410823503,20.15551519366361,,,,,,,,,,,,,,,
308,2024-11-03 22:06:00+00:00,,178.92812821894972,204.10462340277982,205.01631594675155,219.74623121923497,224.0424261217852,227.20530201102562,232.93145591677606,229.33210869679178,231.5186845027328,,,271.5074163040292,279.0429256813475,267.3728902790941,,238.98100472906486,,242.02193965175798,241.59411658498254,,248.11336669023945,243.22428612658186,224.25192596556872,216.31139413576904,,,,,,,168.36974214938945,158.1381089426467,153.60358142629684,156.4565006296101,140.35968262710415,136.8986917794352,135.46519153687242,133.58050129474887,137.87977797739018,152.05840542423994,155.31560823734884,162.4113730499039,168.85578358056495,165.86048755820934,163.4788671831669,175.1700442323246,172.6031808535431,181.73063565001397,180.02122766363715,173.30980197466585,176.36443559132607,172.91419252483064,177.91859453250163,,193.74453756054277,193.86055960189458,182.67511912660567,184.61287870441225,188.15361799525928,185.2679687378462,185.77530188633887,188.3769025631741,189.49418329185792,183.95489163466962,176.22069961805875,177.92350088878084,180.9287369121677,172.00850647723308,161.45422084897004,124.04081833296021,101.58439157655859,80.8332518637061,61.70627433789065,37.17373458677079,32.60038273201646,69.98846287808215,69.69843474587805,62.63772901844413,58.054126323269124,56.86048752903242,71.99747537834975,31.091351561949637,-13.760131813303314,,-3.171108608227218,44.325424063346745,64.27468677672049,75.44998147744037,109.84018204212089,137.83876994851332,158.87256639212478
309,2024-11-11 22:06:27+00:00,190.88636933896913,184.00831945347116,189.48092300407973,203.8335316057544,206.89003491023738,199.1531960861201,199.72626659329197,213.91976973832965,208.4648168656043,199.39997672249788,216.8325437462897,,,,,,,,254.69457415677562,,,,,,,,,195.57611396969634,186.2733831395654,187.57188943768932,177.58377328058066,163.63862632449786,152.25517708021914,,,,,,,,,,,,,,,,156.92452221572546,142.1659964126896,152.67271399149126,161.36354460217098,164.4085377827729,177.86203201987448,199.43972441018542,199.82841595087535,181.12953951292457,166.84169487156566,164.71118470323694,172.28838619992848,173.27364559978093,181.5391877642929,191.681259547952,193.3402236560312,179.13120505336204,172.60896825241048,175.50071646821763,172.81961251932944,170.28713054452527,143.10279926728816,107.11087618593206,76.78681842830024,55.158252730664714,30.386880008569268,27.375910140030168,31.45542886718937,,36.717741038604814,34.63011160071669,42.81871398811582,87.78731851596132,81.5436021880308,55.674904173396996,,,7.438795647616622,,,,,,
310,2024-12-21 22:06:04+00:00,,,,,192.89962041604647,185.90141576833088,179.11624895742509,180.1756163395554,188.98134549540532,198.42397287403068,,,,,,,,,,,,,,,,,,,,,,,,,,,,,,,150.96330686853187,162.58920457197573,162.69620015514724,159.18450681858596,154.91105968169788,150.99348954886804,158.19822416070483,166.16388512190335,167.74491002130978,171.83993982479518,160.36494125218763,159.64774761222964,160.0447450603118,174.65196944347127,182.23475259753042,185.55483654992537,176.94078675500117,160.14039118520293,152.58328234090538,167.86701766457458,179.48660478108536,188.20457442035402,188.3991020057757,183.35672216259852,166.60978077303935,167.37871849502278,153.24438158791736,166.7637245105702,169.9225290349504,158.81378575611134,125.96999740589264,,50.362731228449775,,,,,,,,,,,,,,,43.927253539963,52.772962863181775,74.85092538509726,109.82125619683589,132.03002311454264
311,2025-01-06 22:06:06+00:00,203.57442736265182,198.02580419966668,196.31573757685467,208.65750419891108,198.89422114293356,182.54817738139096,188.1463687075566,185.74928235240063,200.07639693888572,,,,,,254.72712967855765,242.3290639756127,,245.98120264939158,267.9871907096531,,,,,,,222.0236896010198,206.69059189107224,216.29946882497165,,200.8398223388184,177.77446197312435,180.24643254789376,174.69737339221427,,,,135.71108235001168,123.05388190511579,127.94749222955556,,180.28730158342904,173.99852858612385,169.68099474523837,167.2472352676796,170.2777032968069,161.96339628474203,160.10958907174944,181.4330615784658,184.45125596813187,196.37722256316695,183.64942064663853,172.29082408740814,173.6575063846427,208.09228143458938,,,198.29869768640864,174.01539732915316,163.24878255703103,172.9509456858085,189.74667799809862,,,,183.00052276597185,165.87876459247482,175.74725572448085,,194.18123914375897,180.52442371921103,,,,,31.069027969344734,39.186981872187204,,4.5720118327526365,34.458902217180395,38.44301080997087,88.9870954937952,104.46734769393105,98.91597298522714,,-3.389271291175259,2.490667119837914,39.528343638987145,45.09518338753138,52.69222864918772,68.95115136380187,94.20536708372282,127.57062045132206
312,2025-01-06 22:06:30+00:00,203.932373740958,198.41615135268557,196.475494517258,208.93862172440544,199.04324916209907,182.75853161344813,188.33199276447394,186.03910474200555,200.3278303063331,,,,,,254.86934053994418,242.70537773466154,,246.39775458410554,268.07240344991754,,,,,,,222.06479468519098,206.87145255747288,216.51421317241818,,201.03792832260808,177.7173594473868,180.56471574450035,174.89080108121584,,,,135.9417609257275,123.32078978516574,128.1852828356288,,180.60820272722333,174.1149798692323,169.97319792599012,167.54731387666186,170.49085520321785,162.14132606742044,160.29154737369663,181.73887645602372,184.6763015861233,196.63220291389553,183.86117759014115,172.8946887771124,174.72831019902594,208.3154090725863,,,198.50768911135117,174.15392896422316,163.5437010478299,173.16843686767766,189.973912320095,,,,183.661413130932,166.0142989970004,175.9735070244165,,194.39210164488162,180.79207526313908,,,,,31.18454345910022,39.507084329214294,,4.835695467604538,35.02518925097739,38.76647397337781,89.16172273322196,104.597055673814,99.08201877366248,,-3.22130706388808,2.690936766257014,39.90607902147367,45.29133941148699,53.02498244728464,69.36897291639099,94.82086593275086,128.08361233403488
313,2025-01-14 22:06:13+00:00,170.32630797059704,194.00233228634136,210.73696836604745,207.6840659831079,205.5902965759405,207.83943641402567,199.97271155855987,201.34893213289814,,221.68588409183204,246.95365581782585,258.28127131153514,279.458456212102,270.3009231064188,252.42689540707505,242.47080678183553,239.63698938818993,246.37200880547846,,256.45269838112597,257.4472051043545,250.85655193053805,255.3260619998827,238.6852494666108,220.44139402973735,,,,189.55604554492098,,,,,160.11227446819964,160.68437971757373,144.8781661309865,134.05871702822208,139.21238949737452,138.25727726285794,150.92530908362485,,,,174.02939509931267,,,173.89649408718952,,,,,,185.19258503237842,,196.27065583487905,196.98693078717614,190.45466789810126,183.0037813903587,183.48738408692566,186.62843294513644,,196.10087086239056,199.25878553901106,192.51644148065807,182.59221953791777,171.23665458412108,176.5595338875863,190.27463686553241,,179.8091782342153,150.36074094917126,118.90302471591322,67.4298443075809,55.16865958536403,36.55309765422738,32.15586446427754,64.2814559631465,65.262884329943,56.291002001442976,66.23069885402984,58.30054359524155,94.28591906938433,86.68866397628673,,,-0.6211296887983409,37.656604022457046,56.771844609441786,65.61519262846971,98.82715040684641,110.77520994396524,133.795170440346
314,2025-01-30 22:06:32+00:00,167.5163239627618,196.09131007952146,213.20786631082584,208.9523433007787,197.24595904891066,194.25467510376836,202.85592897575168,203.39000214071783,,241.00058599951242,242.78444493245956,261.9304965207271,272.690966159116,263.6327512925165,254.50052368331978,263.8285280503349,255.37782880174422,261.14974296998577,,268.09224586926916,259.2955153062745,254.69523655522232,253.49818227515988,242.92167487352137,223.96223606423354,,,,196.80274010352724,,,,,164.46876316938585,164.41088306901923,153.84107305482226,141.02559148110205,137.66998113830672,144.38564889961296,157.04028446062011,,,,178.467961385305,,172.9194491204113,182.89194840695762,,,,,,183.83331441018538,,198.66991975109158,199.2235937376681,200.58832475552566,194.44246333354852,194.88534206268386,190.30472967145056,,189.8424390424465,195.92289729915322,193.81131615702353,185.72816471593146,181.37567596488694,191.8695017485061,203.95357457177784,,177.32103163496524,154.11593044728156,125.58577785816215,85.52722054861621,59.99481251850301,42.57935530736515,39.566169381115415,63.98254361152627,62.91478312076381,51.98953731139524,60.01028628549839,56.344981878754766,93.23743988571132,92.44999048128705,-5.868468855241353,,-2.0628278791011887,28.46171762023885,51.371584208174674,64.53680962034434,82.48591720436227,108.35937220806035,135.98664903255906
315,2025-02-23 22:06:19+00:00,180.88601423320745,185.9135797133887,197.12447119189898,193.15016007649217,183.14509426139304,178.32567717277746,186.2850925502072,212.9145517683074,254.52469590981164,272.169884377514,268.191334492127,281.80940539495043,277.4407409277341,272.7260952384691,254.57154869529498,248.2518423123943,248.8036966509496,264.1915913639291,284.4088689366775,,,,272.01611883763405,251.5198821420783,232.44727701914903,229.4172047837017,229.57489724071453,227.80674448597762,218.5443598479076,207.01733622576458,198.77305244618847,191.26367371298713,188.31274047894652,187.3497049552904,173.6271848374405,167.82018997646955,150.88263835023736,146.8877824205862,146.21173847387868,172.20704260550337,184.01229102642125,181.83657559275125,187.93621507247803,184.69181252328033,186.71728886987935,181.82761820957919,182.75814499805844,190.79364502603937,198.99722275348037,203.1389865593868,198.54165250024934,198.2232627972283,201.46578806198247,207.53019862037368,217.27577067321562,211.16119477630943,206.01379008425914,197.88482915584822,191.3778557542901,190.1084501899814,196.7143551094748,209.35300664658953,221.47292153743288,211.10228356594698,193.64896707582466,186.22931042690632,190.99608298556913,204.95277080045403,204.39070465536557,169.7742133796253,144.13405449748552,141.58078097896217,149.10335784174393,,34.70949113092974,25.733182925139918,21.834218882406237,17.382403837970227,22.857770281168005,43.95891250956259,67.18878070280684,93.40538974935107,113.36275093134387,99.59603287113143,13.274664190221134,0.6452200395800027,26.960153496112387,42.33904646742001,46.23159257468234,65.09127854958113,96.99564760919034,121.45672171972242
316,2025-03-19 22:06:18+00:00,167.35385799977806,173.8677641219755,184.47933930848683,184.19917141388729,172.97427748554966,176.28468786396473,,253.37731225333846,269.64450481169547,276.04131034966525,268.90689974810454,254.8356244334238,267.8434225922803,256.47238309663277,247.72125425888217,239.94101064312122,243.70978997885732,269.9536595263273,293.2045395514093,,,,250.9517842917845,233.63812961258145,215.48458951261213,208.54226316784712,208.0489250113208,210.38699038808326,201.31597683637088,193.62181825360096,193.6879318584453,185.49517188766043,182.03528655897577,173.82130694115267,164.63748615498105,156.4070289645441,146.3420805724823,140.16372338482057,146.38706560370522,157.936162338576,166.66403136777672,166.78791064278306,169.48939309457103,175.54604549968192,176.44993885608375,173.56044916322037,183.7299330502885,187.05461503824583,191.3656245996688,194.28514440154515,192.60620078749994,191.56693273772512,187.96224503240146,194.7700328773498,200.443072249788,201.48448629833445,204.98031521812345,191.9103300250709,189.7796561081939,190.15856430365127,202.08224473441445,207.98317796981348,200.6184864165673,199.83804361490434,186.73173189562903,183.72966633340516,173.0200623831443,191.10015491024353,190.82220659813365,182.26235922734224,154.9756639107597,131.00925828184694,126.06545447577676,107.38535488855503,78.57461949460198,30.953787644033362,18.491112467482207,10.53569720357567,8.435598022268008,15.96825609697613,47.80398990299503,72.27474492468512,109.65375713014119,119.9094751939036,,-1.1406688549158772,15.18347782979979,31.69479946255257,35.8984394299815,56.01979464666159,86.8405541682485,125.35726830110899
317,2025-04-04 22:06:15+00:00,,,,,,,,,,,,,255.1798538921645,254.7903603404078,242.5440720621056,227.1713547042733,,,,,,,240.47221483301695,232.38858776280782,215.36003595876264,224.76723604906036,213.88673540311353,212.27064107505444,196.06270279016672,199.6833400734581,187.27264503171645,176.43187988272607,175.03188598473125,169.5654480168333,153.8844465610894,151.92591775150558,135.29931544424605,128.41635299551325,152.87651916629721,154.55559008882992,154.7676511642965,169.90366945921852,166.33959339166748,164.617704985837,165.15596716595243,156.75837772567778,164.65131043936236,184.10871827102042,184.33328151104683,188.79176556959806,184.09072679957643,181.23138765327218,186.01765312478616,195.4120616311664,195.0160899347553,193.50855162973068,189.2613424064032,186.79308930363672,168.9567162681167,171.49504295974413,196.794413990967,212.01728566476692,211.34312633568774,195.40564856500993,183.05917985771453,173.33360202584538,167.31368621090317,180.73727490443645,196.1166932297503,185.72284332336963,164.52359399191567,123.63217344737467,109.17009654824815,79.39156777087373,,,-2.8543302815902436,-4.948448209238325,-3.1464065721640644,10.932855910057306,56.784349958103746,74.26242155311101,104.52957510760966,114.31607104839784,,-3.579610894161128,8.02563440603048,23.57840858890281,34.785171390724216,50.36767083868884,92.08403512982373,125.60264274729258
318,2025-04-12 22:05:36+00:00,149.88183017716656,169.8510228721506,180.41662826296974,172.89566907631658,185.21395847541243,207.36682944915717,235.04947171171847,260.55765960853915,272.30225082338035,297.74061706160256,273.2418375868309,275.9706506630453,274.8102797741417,274.0433061286425,263.7389758434245,266.0989110834357,277.9057785600361,288.50344269900813,302.8591365593515,,296.2008526187152,,273.48131166993704,254.69787617487185,247.43802284990778,230.10239211538126,226.17684606959264,,208.8275952389558,209.09134800555893,200.08955795755728,193.95183824617675,183.3225158664068,176.62051279914706,170.04204137783637,154.1930507466129,141.67749934823627,144.39653883090364,164.1387391800512,169.00048919692304,176.76619021477714,178.27447490816533,179.63610436266413,184.18232845515536,189.45224106668647,187.71411997487874,190.02159578170802,197.70202470135143,206.3141320588177,202.88823093689976,198.7697839925734,200.90065249462273,200.77833670577687,197.2482439130284,205.51487514576408,203.43205478701307,206.1474214378419,203.98860737177898,196.01299575033406,189.40175591224144,200.3369169988682,,212.5220621290593,200.65183801098678,196.61135435168202,187.07360706167267,183.38533229747324,189.8784551999549,,203.5269690605619,180.44998324905566,154.3670551814226,126.43200918582241,112.63504132224989,83.48756274048128,,53.05479818864319,44.69284999072727,32.08818339348647,24.681755456447718,,68.33090007784567,88.81944777849282,127.60706849986246,,7.121846175559607,31.067343075660254,45.27128602507413,55.72658790580665,80.47091020619492,103.78404269195661,127.86903367279658
319,2025-04-28 22:05:51+00:00,118.07601115510234,148.41004218549702,169.81214807804793,177.5536329908358,190.6652333044852,210.72893369081726,231.9553125805269,246.73622351425306,242.69759661200123,,266.11441633586657,272.77851117665335,267.4111015751812,259.03656140173507,251.64855295638455,273.01576850572656,277.58096184840997,285.4937235963156,290.97063268028774,268.84589230608697,269.91404539587995,276.5027901088496,268.0865410652661,249.8287243535933,231.8117724996913,210.26510467702133,212.41437734984905,,201.28000629558687,196.34414025858405,187.13206025223468,183.17436096304004,171.22177971658436,164.60800410269746,161.26490950918748,149.64265725588615,139.42796022076988,140.28692351450343,152.3458241409997,161.47673377965896,161.34250978169675,166.67240095379566,166.75706428898053,174.8256067752431,172.50894984257428,174.3052502339525,180.37322897224772,187.31991559625078,187.73693798437748,185.1516543814763,186.11789461085584,182.82262255737004,183.23732035715938,183.82563756345021,186.3957437921756,187.75867132727603,183.50703906596587,188.85958863544005,189.28751510522505,185.79866913826322,192.23414845262016,,184.8711004192633,180.2788861059044,179.8056029952582,182.09247113729137,182.53120832874515,191.20467426469253,,194.63680586403478,180.7561957154074,151.36446632393503,,,67.00102609397969,44.08324559145892,51.131827038515624,36.98282245018809,4.6411434455687015,-2.77773675510484,,,,,,10.535084494849247,25.17614136891606,33.91201331075742,41.70445601384267,62.274574394049466,98.25113994653061,127.044620784415
320,2025-05-06 22:06:06+00:00,,133.46867019513013,,,,,,,,277.94481949581206,253.3103457911386,247.4970436906676,246.15088183258732,238.05749194221286,,,,,,,,,,,,,,223.32919510280382,,,,,,,158.28476507224116,149.25230050685718,,,,,,,,,,,,,,,,,,,,,,181.35088361318253,,,,219.73292233697123,,,,183.45267876687902,,,195.14810148716785,,,,,89.83712861772248,,,10.041016128164774,-7.436018448847202,,,17.260986539170304,61.53023877250976,83.85798045743887,93.89064161836633,,,8.86028227410146,18.724124366430654,25.305189279846935,47.94072959905257,78.03524352396433,115.8833189073858
