,dates,mex0537-0000,mex0537-0001,mex0537-0002,mex0537-0003,mex0537-0004,mex0537-0005,mex0537-0006,mex0537-0007,mex0537-0008,mex0537-0009,mex0537-0010,mex0537-0011,mex0537-0012,mex0537-0013,mex0537-0014,mex0537-0015,mex0537-0016,mex0537-0017,mex0537-0018
0,1986-03-27 17:37:13+00:00,,,,,,188.1740729982102,186.4102782465336,181.69944643087888,183.35787379017978,177.92806554995857,177.650342613521,174.3007563482089,179.49673895333405,184.79079107415885,187.74871243013123,186.51277092983352,190.17798401002318,186.08585359091074,182.70197560157996
1,1986-05-14 17:36:04+00:00,195.0135189616451,193.66098991332814,197.54752126165175,196.14720271715873,197.40498005003192,203.60096225299324,200.96355835388707,193.47550964665527,198.36369715086164,188.04870837870902,196.57108150161358,196.56831430202266,197.6311343225204,202.1039646743423,203.939321440611,203.27981703758462,212.3353000238168,204.05270061037666,204.19442820834794
2,1987-07-20 17:36:38+00:00,201.19303075430867,201.92362570142686,199.7946382845458,199.9615182672992,199.70256453913194,200.4816905077293,197.89928069889717,195.090089377493,199.40417408753606,197.69845948775475,195.73833279386002,196.47486451988522,198.89375344812922,202.2217352733441,201.09932268341004,202.1294108891884,207.05405141473958,203.2659271424053,199.9144525993795
3,1989-09-11 17:37:23+00:00,187.2977104737984,198.8866601014294,191.53198382541558,198.517838968544,198.7300643789041,199.26752581073785,198.14828936927574,196.53683199823286,190.64867125363213,184.16938031214892,189.66868808875324,190.52590732145902,197.56860221205906,198.2840476824602,202.56688480916463,201.6766480638061,206.11042655826253,205.03421830404255,209.79263008211484
4,1992-01-23 17:35:38+00:00,183.29236678240338,186.66776561757487,181.52246491216266,189.69822300236243,192.2787801041973,186.6642804304674,179.38170206316204,179.41401521828192,179.8402631989903,177.2157209836429,179.24934050065372,175.74605192870337,181.58432161810865,185.16206457223802,189.76022203455773,190.6543106088513,195.4981379448527,185.750524863279,183.83487119025926
5,1992-02-08 17:35:34+00:00,173.5857749658478,180.16113220982095,173.64263652186054,179.27783624264976,179.49614331500894,179.246215582102,170.31025761887588,174.79555787309252,174.96364685068977,170.75630088651286,171.1466956122236,173.10476114489805,178.20504675195704,181.99153396879268,182.34048970677514,184.78239009176713,188.52571523685353,180.54908928943195,182.87559905446633
6,1992-02-24 17:35:34+00:00,194.63287273958593,195.03362302586527,193.40092316055814,195.7725836288284,192.97919024481965,190.39864617325838,191.9489826102296,189.94129265603317,189.20352336191422,183.1624646094237,188.2000899992713,184.8881290612805,189.4790280364884,194.6440221758392,197.06642730186465,201.62646567946535,203.64871033290626,197.47316181007767,201.31917686910185
7,1992-03-11 17:35:33+00:00,197.77944692281966,198.53186242393912,194.48942009942377,198.59072708444003,199.29052828049583,196.10214005650118,194.85388060365963,189.58560201785696,190.8806870677323,185.81357303158705,192.52620467152605,189.5260069669812,191.32259933680132,198.01957531715271,199.8821095348723,201.56120052837633,211.7110566556612,204.12729551225385,203.92748640290495
8,1992-09-03 17:33:39+00:00,193.9576534280369,195.86029746210295,189.29922941077385,197.1175262801911,201.33411320801474,197.2325042852709,193.8705649103242,190.7281870803351,188.95322729651815,184.63307745741582,187.78992471756393,186.17163138772634,191.82942525823603,192.75001022574116,194.89056342049935,209.00166770644364,211.6642508000056,203.88783551763765,203.94585522880453
9,1993-02-10 17:33:18+00:00,171.1216857877132,176.76797456084967,165.09360339811394,174.94153952340264,172.53355403366805,170.148634339396,171.84946880859036,179.05032386594374,173.39645738390868,166.33818029820307,172.35298546987136,163.97462064102837,170.59722020060838,173.89459173992765,176.15423205454766,178.74667117102135,181.17379893643266,177.62834680061857,177.89092409568414
10,1993-03-14 17:33:33+00:00,192.7723465264711,203.58410477501639,198.48328538466103,200.01073612766643,196.30855952329077,197.0358243874755,195.55413489434073,191.20957327059475,191.43862124712513,184.88813196364316,189.5414110225783,190.2513255860115,195.854176222513,199.35888706445016,199.78901575319782,207.86984434324913,213.52971769857902,209.22143420667027,210.8060198641608
11,1993-03-30 17:33:36+00:00,193.98300080087756,200.24078356285125,195.40406274871845,195.17587039868715,197.96083090587308,195.24048968784163,192.70438487992536,191.99168610696188,191.85987064948796,186.06530582903372,192.3345362141295,192.63235949081331,194.06531946823344,202.22694053997313,201.71736119387356,200.9030891339733,208.66898443855996,204.01878288262878,199.1877161424428
12,1993-04-15 17:33:44+00:00,190.2015156312391,198.61601716166888,193.5083302653984,196.77713292293708,193.3288961723654,194.08111766833332,194.67731960946836,190.84089256847568,189.39400692942155,187.7549439648534,197.6745246478054,195.20027870968786,194.02022058559362,200.4040796098607,202.62700411183823,202.6894138219136,211.24773384887243,205.31318106263208,202.6150584984665
13,1993-05-17 17:33:52+00:00,191.76567776305149,191.8687420014927,191.6946316718283,191.09105674239498,193.9545501132216,190.51612883452054,192.07832101713282,181.8301950684438,184.80366689512383,180.77466247651097,185.86987185547346,186.32797304481068,188.1657126839812,195.95274664652658,192.4829048263623,195.96169245492013,200.73528374947665,192.62343613647116,190.92189364434398
14,1993-06-02 17:33:55+00:00,194.60431102092616,195.586939781917,192.24273058294082,192.36882222538338,193.61386773688193,195.6641663797053,196.73813735227156,190.27735425129026,187.86576887322667,182.22376995513707,188.52910858196336,189.11311103347367,187.43933664794113,193.12202436468866,191.78261546569607,196.244752596188,203.38782875224516,191.95789152938084,190.12693814390306
15,1993-06-18 17:33:53+00:00,220.47150354778273,204.60683028625039,195.80464370046158,196.4950591830672,197.71674034270944,193.95153650172148,198.82002126760162,191.52367326388986,192.70594716731054,185.33619557557535,188.31719292379987,188.17172813978408,190.19060862303957,197.9710093030107,196.33534916162847,200.31206222761432,211.36772845976685,191.4136460319727,190.0131461313864
16,1993-07-20 17:33:47+00:00,194.80408579991342,191.15939200139272,194.01570210927423,192.79807592170138,193.0476534348095,195.04761819405473,200.3032834103326,189.11526806604004,189.6398766384151,183.72274122487238,185.9471392082575,189.71744422178205,189.91360410209523,193.89543234064135,194.02808461898684,195.22214835699307,195.74233387384407,193.09431879639828,191.77434520522823
17,1993-08-05 17:33:47+00:00,187.96125150470277,189.0785673191319,186.09474094773518,188.97353339128452,190.16857237929264,187.62820296731377,190.17658261470856,183.09692273136844,185.0130772181072,183.43933196497036,185.84197518473462,183.3805171164711,185.69103079496796,191.86658070517586,190.93895809138786,193.66824890886596,196.57913214008437,192.12345001009834,190.6505211447316
18,1993-08-21 17:33:46+00:00,193.70212755967745,189.79817568566608,191.5511257611055,193.04826037881267,194.77846352056616,194.2615734933671,192.33938102233392,189.0997202187727,191.5375729880452,184.22716015794333,189.58536100424215,185.3741900910191,186.90579049978044,193.54449350085775,196.53482522227284,195.86084413376773,198.65807817033965,192.31152463311426,187.98667807811032
19,1993-09-22 17:33:41+00:00,194.71804944394188,194.5553445700738,190.09961452232866,199.30873201824292,203.41728424525644,200.7631019168603,196.47798860377048,194.94378553284602,195.09116323770652,193.52912095451603,194.85194852340277,193.13009298167955,197.5821136874839,194.05035791736645,197.4614719724445,205.97712172449533,210.40090042804178,209.8222759080175,209.14217738146215
20,1993-10-24 17:33:31+00:00,199.31291035632267,201.82860014004848,196.99519212017128,203.79040635983267,206.14317218558367,208.47574521197396,206.18655610703797,201.65968623555187,200.2584418323588,202.3259740694744,204.1456602877092,205.8970876890868,202.25169785351852,209.7666558911891,208.70338827722546,218.1691630475368,219.49851888715233,224.5561390032265,224.80772595956572
21,1993-11-09 17:33:23+00:00,200.66167486173495,202.19853881626096,201.47724545208132,208.46836543168834,207.9840696177552,210.84525611080872,212.2019833138867,210.79464512739483,209.09896634569117,212.90764552592756,206.35766755816837,207.3118683406666,206.71912363210103,211.69743226110245,220.10890779307766,225.8077856235735,226.9060182061366,227.00406912384813,230.4594425590455
22,1993-11-25 17:33:18+00:00,196.8885407668187,200.047231328283,194.13772266670006,197.11643070375243,202.71409284855042,199.77863177589325,205.9458264952197,206.30333815807936,206.13738718862217,203.92782891226761,203.4113291934063,197.95802202353912,200.91488673250666,208.5339665773361,213.1784178348866,221.34133855966377,217.59247392731504,216.32831261995074,223.934489313514
23,1993-12-11 17:33:13+00:00,191.05689336896046,198.38157155895084,190.1854231271052,197.86585404306766,195.55627927391333,196.5584741931013,190.1344384186835,187.99939989055827,188.04588247573489,192.1335706711912,196.0267578073376,193.11982857035554,194.08490912459825,197.00601077273518,200.24183875310118,205.11494743495322,207.76018656132197,202.86797329318534,203.77854941020433
24,1994-01-28 17:32:37+00:00,191.24393500700256,191.67855288332285,184.8621662845434,189.63087333444548,188.43157737161397,190.43209575547033,181.76664303693914,184.97139799763374,187.8353285492712,184.75824880727617,187.86871947695158,182.38283964341377,184.56234357557474,190.70637523368987,192.28533478628648,195.41235107830397,197.3665128003927,190.75639792632214,182.14070912550446
25,1994-02-13 17:32:26+00:00,194.19842897198495,198.8158196895802,191.81718503546725,192.0556146683375,195.1668060914671,196.42505725566062,189.13227285409275,186.91945909444405,188.29862850971867,185.23578645499128,186.6898443904757,185.21075127809053,190.69046218285197,195.30498775168624,195.52692322515264,199.0235335945413,200.53593797041867,198.0280283271723,196.1308910713346
26,1994-03-01 17:32:12+00:00,192.70620549883995,196.36362747260537,191.18882804220505,194.01244345069426,192.60379679351576,190.90474527841496,194.38409108849257,194.19661706303987,195.60493103898054,190.84254072899876,194.44486863213,190.92452645240633,196.7329716242494,197.56627527008214,200.27400673130563,203.15731215894226,203.7341583719799,199.44216178680153,198.64425514777093
27,1994-04-02 17:31:42+00:00,195.286309942088,199.3960883971095,194.2595300541906,195.95490409530106,197.13445409127172,203.30217303498935,199.09232866441965,198.237182476403,198.60353124835126,200.3224461258108,198.63000492217935,206.70779849348122,204.81556848198,204.63837580438135,209.6882713784018,210.16740483060795,208.16615380875828,215.39460482683864,216.71658374923985
28,1994-05-20 17:30:48+00:00,200.29736734649316,206.49522797796794,201.8434783307371,205.73954353710005,205.6872167273646,205.10282566296965,209.17469542589748,204.8720334597074,203.62983449196855,210.6224552826922,207.9288804416734,209.2942082972712,214.39749427836915,215.11100922819546,206.5617304774505,220.97123012386388,230.79937104855014,223.81644887585364,223.8809558147854
29,1994-07-07 17:29:44+00:00,193.44184299998705,196.11218253671174,190.4357365249371,198.9298992358919,202.76546027493265,196.85414629028568,196.5342170299628,190.93429578346905,190.636107235973,189.92089125032794,190.83047398527793,189.61069257531892,196.1268226337723,192.9649770368144,191.3390923617174,203.4855629101624,206.13992129357575,203.18546038689726,198.1300989276914
30,1994-08-24 17:28:28+00:00,194.37319569755874,196.0387564468793,192.80219991922297,196.35998258008948,195.70404937029758,191.8425421229945,194.40729458228873,186.4341798775617,187.4921643764325,193.62622668949928,194.25624625529713,190.20691857323112,190.3824061864202,194.18322913893599,200.93671936417041,202.57846646773422,202.07410935509375,201.25815452989602,201.41099636508017
31,1994-10-11 17:27:10+00:00,199.80238575477478,199.9849783228791,196.47339210197003,208.40465730316686,207.4927935750683,206.75513564347256,200.83058142988256,199.83221515321085,204.28181402644867,203.9729869517049,200.77379290081285,202.6426395655839,204.41426604393808,207.68314756541426,209.58466106210122,221.82904233189709,224.17975696748243,223.41905622691064,219.28282533911593
32,1994-11-12 17:26:04+00:00,199.02326961974137,202.82549439178064,197.07257934378458,201.68699620192172,203.95675158365023,206.1894103949383,202.27942071397757,199.8808460510748,198.24226124846047,207.37545918237777,205.40133791170706,201.04963464269676,204.07702640188273,210.7854012838393,212.21935926146548,218.98525633217474,222.71134686051403,223.81504504632818,211.42579942123336
33,1994-11-28 17:25:32+00:00,198.25042127021595,200.74522546228292,204.42994097104372,213.76390439911492,206.09292001488163,205.44284268761353,204.78494575322162,201.8575986808803,203.73073070859368,212.15341225913335,208.60138651729594,207.34502697863047,207.40510109834406,215.36441279003486,219.03711545609758,227.1097013447806,225.3879275918116,226.20330279085238,227.93571270227525
34,1994-12-14 17:25:03+00:00,195.35150900205585,195.82559883355947,192.98723365096285,198.2476758184785,196.37356101179725,194.07172915963105,190.51579309135624,191.49122531810698,194.49875898461445,195.8567559314571,199.40794393920086,192.98954186746963,198.27336448992781,201.94202048733553,205.3494730479825,210.42193460131844,214.93728389652563,215.53886043631712,211.11819017741175
35,1995-01-15 17:23:56+00:00,181.22396166651606,188.14808379755405,183.05668116318645,192.0048407376048,188.3361099758904,186.53937070101117,181.00888193494802,184.80606102104372,187.11365826610373,180.2024632331147,186.08244204701379,177.40821985729968,188.08063116533887,189.85822254635787,189.92305616258562,192.0279861554423,191.81553409525046,185.1682861841055,184.16183444603107
36,1995-01-31 17:23:20+00:00,183.47606416845258,190.1970024859839,184.50246842338737,184.27825674294675,185.08228124790512,187.45850379172762,179.8824894927429,179.81105448883363,180.65798020265396,177.568339268528,184.840435910302,176.71245087821998,185.0824760497173,184.7999198246255,184.07666272234496,186.7059668556962,193.2076174448768,184.4641271896141,179.31400532016244
37,1995-02-16 17:22:40+00:00,176.95859212304393,181.30786148749175,172.1985106408805,181.5217503642216,177.12776594318174,175.68358905787886,167.06687701884147,175.0396435381145,176.74705121089318,171.9530731073606,177.8151210415357,169.52537693062087,173.20804207092203,176.7793345231703,177.20906752852463,180.31015495128614,182.32135944805054,173.9266554957062,167.1785699415741
38,1995-03-04 17:22:03+00:00,193.71322776032486,190.69088938942232,186.90816804303785,190.47590937474632,190.12098272115983,186.87850715559608,185.69908224790643,189.36382063497734,187.970749638365,184.7401648851132,185.85182083469073,183.77125022947158,189.23343526531954,191.923914246931,186.6505739088262,190.15421331939802,199.54617341474642,185.1307587956574,186.63919880277695
39,1995-03-20 17:21:23+00:00,187.96267797344487,191.23876263296495,186.27909240686745,188.09634883691928,193.50795816244766,195.34998760179343,191.97629639530663,188.85911875559168,190.63525976393635,182.2161860593704,184.44068373740697,183.70988676707077,188.94861420773424,191.5678943231037,189.7867245429715,198.24340594457183,199.9101117955675,192.62400808451545,187.38372786859287
40,1995-04-21 17:20:03+00:00,191.31065361886044,195.6714028171828,196.70625868588127,198.91300972003694,198.98548595721184,196.7533889937627,195.68155483256533,194.6849748164164,200.87878269670324,190.21206404254815,198.5061293892614,197.12943711514546,194.4317317794525,205.42666865067883,207.4625450406263,209.01795732147065,218.31702066737913,209.89883793835548,208.1570762138935
41,1995-05-07 17:19:20+00:00,200.27378187806426,192.71622819528847,190.93986515793006,194.18560763897926,196.56127563775283,202.25925460023072,204.82491669320038,204.3884322696539,209.14957563364345,176.45402778308448,206.61124000488604,204.0318817784858,199.32375466096124,201.8879764857076,202.31423061060593,206.09716533239103,211.36722128583293,208.75471237503046,206.54098921721777
42,1995-05-23 17:18:36+00:00,193.14903061326328,197.73817639216355,196.95050942115458,198.67786565945653,198.30868891714607,196.7710615684892,200.99283566370806,196.21331572669138,191.4754165527283,189.68203616493275,192.71206456755115,191.54370480414727,192.02851820848306,198.07751797260673,203.52486273824633,205.52210054619988,208.3792088345844,197.2154460560473,202.45059520496943
43,1995-06-08 17:17:51+00:00,193.31565407474432,196.70443334286645,192.93642267415268,196.49604527400547,198.62110263819096,194.586466042111,202.34746765226907,198.46000396349896,198.64093962762587,189.1227509432202,194.44254554643598,194.9058440036262,198.5148362119766,201.4066717570434,203.63355489479065,208.45673039443412,209.60150392375795,198.82852753966796,206.8084322357291
44,1995-09-12 17:13:27+00:00,188.0585777695784,189.2323962159864,187.99638436524793,190.4502963433044,191.8650411523823,189.58678398890567,191.3943574196755,187.01864216148005,183.1004171762018,184.23729016577911,188.69208397894363,185.18739531067735,185.9143625531176,190.0498932060335,194.92909006087228,197.16363123354358,196.8988584354226,190.34725186573462,185.79039386674822
45,1995-09-28 17:12:39+00:00,187.11327785979648,190.36617382406843,181.5667650604063,186.0023502587095,189.0577834925447,187.74978113055323,186.90409832447773,185.79337309656884,182.07311479993166,178.94606782600465,186.5051922742001,183.19327443401173,188.05726366742022,187.32719172603103,193.02430096549125,195.10457735948947,194.47020698243062,183.63341815489252,182.92151574322992
46,1995-10-14 17:11:47+00:00,192.93550693192816,195.1624301436163,189.0772674239461,197.70643043079508,194.82994237576975,191.50378772053514,191.40362375578286,191.46212178802546,190.28734930704272,187.74017966737432,193.7282874989276,187.61200926864882,188.8123129608614,195.78665292393106,193.6095791621153,200.2777951978462,195.6508677960493,193.51748518775133,192.80865391283885
47,1995-11-15 17:10:52+00:00,191.0881972540551,198.7342188699336,191.9252187133032,198.92477172926306,194.73675188482184,196.75180655077168,191.8534138712795,192.21559642150635,195.0933792298819,196.04810742910394,195.06556174369283,196.07496654274757,202.93968282681575,199.34505393150482,201.62104005146148,209.3548844580336,212.30166575082131,209.5937607037532,209.42659488069245
48,1995-12-01 17:11:22+00:00,193.36566809863604,197.04914765861258,196.1165649191895,195.6879296089327,196.65207862699697,197.16516412145216,188.47554323169675,193.8117357912709,201.61941021153515,199.72145504217974,198.91133790870435,195.85675438471878,199.09706541091103,205.70297082345334,208.41789866742167,213.28312587407,214.375323196124,214.2461284028122,207.71466470387293
49,1996-01-02 17:13:46+00:00,186.35218183984674,185.21053265664958,185.4146282986939,186.7472939489204,183.48787015564915,186.30171951363252,178.80055831788158,181.7576961225875,179.49146814394015,181.16184477069615,187.72206193687,179.75608619370664,184.46736824694605,188.9249318593021,188.2591877706873,193.45597879852394,193.70111967220217,188.00527648532713,185.17566622721705
50,1996-01-18 17:14:54+00:00,190.09250190145582,192.6889186513474,187.03908483709284,188.61673605480547,189.12336104110216,196.6205143707246,187.60663051634333,188.74594821301648,189.03998732520898,187.2350900819804,193.91919443193999,183.40590828682562,189.2579230306722,192.4132266693871,195.81516554390586,194.9129925473538,199.01514699501172,196.32085863184582,192.37701892547906
51,1996-03-06 17:18:11+00:00,187.53845302307963,191.1386154022603,183.95655936224676,186.3739767663584,185.7958745257509,192.83267830419595,191.6004368911864,190.0777405400614,188.1569793780512,184.93463523374086,188.3774677638308,184.2597676214883,189.16971086373928,190.53281653788088,193.9270709668342,192.607460902668,194.234237084788,188.11512777196106,182.1416404487282
52,1996-03-22 17:19:13+00:00,190.15086623387634,188.59540417292067,188.85241789217224,191.89488646612403,190.17464191009753,186.67785327562152,188.4465141139863,186.96707108561355,187.78953925490717,184.25420428230876,187.2263695452968,192.44318232481584,202.82086884489541,192.93865064803083,193.7882828688764,215.38175709634953,204.01931988244672,191.9816549872839,216.5791013274673
53,1996-04-07 17:20:14+00:00,198.2752746791665,199.53491259941336,196.7325983848479,197.72716679709077,197.34424681417855,196.10248384976288,196.09600401067098,195.63668191178283,192.36351649444202,194.5872055249095,196.7330467554798,192.8776869059718,196.71498568006405,195.01239879830626,195.69919887236668,202.2898719618182,207.1782205321727,198.47793796824624,193.88087241482538
54,1996-04-23 17:21:12+00:00,197.61328933754794,204.6099050697042,200.54594839916234,200.00700437685737,200.43241200149788,199.62202021341676,202.61640465213173,205.0028359012469,201.50842641593766,199.69753046902522,203.81730933346847,198.19495763751513,201.92231332249742,207.9105506996081,205.85732962009405,208.10198099996285,209.44991642744543,209.84389370379353,208.00073899922637
55,1996-05-09 17:22:09+00:00,202.90485755980112,199.99586112995496,201.37381371599707,206.37117308268935,217.13159667991033,220.24259969430864,214.10384810273945,215.6002619188658,204.16745980351683,203.7896400827113,214.81275130937624,209.87482575334684,209.7271443529708,208.6361736978737,211.92412508105244,220.95739240295154,225.4845958177329,221.62461582432772,220.11434370819697
56,1996-05-25 17:23:03+00:00,201.4843811262917,203.2898912184899,201.23466728421516,201.20630291466733,203.06459537069628,204.6832558497141,201.28776768138377,199.87183340409922,204.2004739033429,200.67678039022658,199.81471375695907,197.9212465845958,197.98749057868864,205.68554337288134,205.62326144328335,212.03294103113913,213.55183145466023,209.98738605835442,209.20654773277644
57,1996-06-26 17:24:48+00:00,204.91220284842922,204.56685938192192,202.4476686379004,204.2651077125269,210.05550539345174,206.1230119154645,205.45030298097748,204.41305852110816,211.07233472935806,205.55604657965222,203.72718786468923,208.27692342037236,208.26742112624387,209.13142581327938,208.26603020246665,213.60721452813985,215.94804031656437,211.34136764651169,209.60580050195372
58,1996-07-28 17:26:29+00:00,191.4495856779441,199.77206449875257,195.16802166554942,193.22098517303363,195.4431429831231,194.5874144651391,195.4967196080532,193.18012335121256,191.46575297649557,186.18886536598927,190.0653025239253,188.4373978631348,194.08436660596243,195.42394973904726,197.2907249614325,200.18094151416284,199.0138334891373,192.0629800216612,193.09968308260997
59,1996-08-13 17:27:19+00:00,193.9097674741068,196.7730519837171,196.96411795797792,192.31778914505895,195.05992192723042,193.7262780375508,194.71604888292063,193.56430587035328,192.0744836633541,187.5013035977529,188.77156509528294,188.71754147189642,187.9751719767179,195.5729495648833,199.95182987262302,199.9484631075792,199.74326749083156,193.12227031344986,196.07166225388437
60,1996-08-29 17:28:11+00:00,192.9523454174865,192.7213582615117,196.10755666074107,191.63735972367323,194.43121385560556,192.58158920407888,191.76237952715232,185.82198861678643,190.1608345790537,187.6334004501823,189.90393577174527,187.33338163569826,192.97864425737976,196.47608085766055,202.40868092072287,194.86088008665678,197.21117191077087,193.2115877889122,190.85684372530943
61,1996-09-14 17:29:04+00:00,190.27521899615937,191.2748007028125,187.20731879167798,188.53634772643602,191.8316576754279,194.68343305015475,191.7473950368012,190.60408058765302,185.36898690516398,182.3629964165346,185.00662730196152,189.82801604118197,189.76701051836542,188.66155816200123,193.77566729400942,192.52666309145053,195.7224646600956,197.0173888618659,196.18331973963933
62,1996-11-01 17:31:33+00:00,189.74743765881456,204.92219640283773,195.2426349988341,199.4563191707892,197.61995193658942,198.9781971751053,194.9118656516498,200.92708919594747,199.3465331910154,193.87507450533923,194.59793805526954,187.78719148671945,187.32987410847238,187.8844786637348,197.69627342131966,199.7741880216123,192.51359350406557,188.50671563733277,192.7900569169834
63,1996-11-17 17:32:17+00:00,196.4131621558995,200.55853341617117,198.6454161393603,196.5742097444811,196.40036294357338,200.20280422574035,193.803497036771,195.9937449741346,201.03981594874475,201.08280300768257,200.99841005894137,196.87109128026526,196.4581613453241,206.4426753129893,207.35969684706112,208.8555604247995,208.2203975760949,211.31744723176703,211.2186869695678
64,1996-12-03 17:33:03+00:00,192.55154290816282,193.04397022673,191.0436750771783,196.8755871133299,197.12535859593618,201.79163530576028,197.61380963027688,192.24746605453964,196.89114939583183,193.36964760010943,198.21723482728623,197.88332644914837,200.63677802887608,196.52098607624296,200.36668456171975,200.74278473236953,203.83833602150793,212.7348062472281,204.1886703800846
65,1997-01-04 17:34:34+00:00,194.5564562648368,199.88429887657725,198.71539084065313,203.04361705069533,195.329145324504,193.49166959229598,188.30333074797966,195.36763627610392,194.34125504706142,193.074797884137,198.31713331741912,195.32742328684338,195.38162832804062,198.65776853854328,196.27223218051452,205.1175366866559,202.2758746584219,194.07551777342348,193.50634528273284
66,1997-01-20 17:35:19+00:00,189.3630992673041,193.92025605127455,192.90375704564713,200.24341826257555,195.45893713281004,194.10111444097845,190.0345389229688,192.8793908800654,191.7340429660709,189.37606335767958,191.9581268425005,187.49708723673132,192.35817692049577,197.87578020565795,201.47712964833897,201.97091540049954,201.3562300329003,193.71679593360201,195.12816364377812
67,1997-04-10 17:38:32+00:00,192.68344410493998,193.93732274310457,189.0260018029228,191.86763690344065,194.25283213967094,198.1019982630487,197.11813753595123,193.22365116086894,189.70737929819882,190.80547097092824,193.74524861394423,190.86472584355326,192.53072285586185,191.68200195817047,191.76952663571575,195.12226709769485,205.2053591958964,197.6620679386927,196.44191245078855
68,1997-04-26 17:39:06+00:00,202.8924449300629,199.61933265339513,200.4041308764077,202.0947609186384,199.50400382250857,197.6496456290813,201.33688293290197,193.53368301467918,195.43347219691148,198.47338781416647,203.6175822075736,202.12184624632386,201.5980555855485,203.8317000728213,206.19414402190688,212.39916355618954,211.23233530995915,207.08165980581268,204.3222865824199
69,1997-05-12 17:39:38+00:00,201.5312795538713,200.35424168132738,199.28222912040502,199.78175132164637,209.15353388610126,215.6217514019471,219.55498819305728,212.99827794337534,206.56688552031505,212.60618461106816,211.00614685933738,212.70879335436916,208.88017731184584,210.5468700624735,213.27857278800133,217.94968762062518,219.61144317344372,223.83719811407636,221.52914385839262
70,1997-06-13 17:40:46+00:00,201.43594585539523,198.6960035173982,199.0432878865277,206.19529927731185,209.43502969617342,203.9853449696115,201.84879275453983,197.74473892669798,200.55477157841256,212.00803892806346,204.272409398842,203.12319795180753,202.94804223956223,204.81863375467938,203.15726732396638,213.28199676354467,217.9844575766213,210.49643522227515,214.7994051199434
71,1997-06-29 17:41:20+00:00,201.44378506056157,200.78879774453898,203.8848524994705,204.87173751478778,211.02686860062133,206.45704443824928,205.00198582191632,197.95989841609742,202.8380174970162,208.41614092411675,205.60114015172917,194.01665332147184,202.05996352238128,203.57234072551236,209.1565595286537,208.7250102473869,215.8235873693055,210.1076142405501,213.60281640399137
72,1997-07-31 17:42:24+00:00,199.98659818415845,200.8956310717911,197.76952019394218,199.2787828570627,202.28670121617796,201.3217243667595,198.88768780876308,192.6129216122918,193.22938458635096,195.45494929762492,193.42012107880151,191.09775839514634,200.19809715890185,203.0683836378331,205.18078081903994,203.26993329397465,206.30432750433437,201.86118775452678,201.00665155621957
73,1997-09-01 17:43:24+00:00,191.89092968997403,198.34227442134386,197.9242705045554,198.479635250316,196.45404746883338,194.61178575166974,193.6969852566846,188.59335838937164,189.03827601098644,185.46625752037914,192.34854434922244,190.25598634173468,193.57824671996795,197.75984076972566,203.44809630773557,199.92630721377446,202.5552357499214,196.30737998306105,195.97818269059658
74,1997-09-17 17:43:50+00:00,193.89881483842117,184.85503645992458,185.72986788557196,198.04639229843133,195.54383484708046,196.05275025635385,193.2695326623735,193.71366360018675,186.33084081192834,185.97592505857904,185.44362287231067,187.37671491618593,186.70928481788087,186.2749484986951,190.51594775862736,193.8991029177085,202.60644735837792,191.4521316750288,190.37502953207687
75,1997-10-03 17:44:19+00:00,197.10522891671366,198.4025515530687,188.91798093815376,196.1509992594151,200.1717735407251,197.45899316897754,193.45119986135126,194.71502634832575,192.34241059157722,186.89476612915522,190.04595102684948,185.98748049998107,188.80949937479687,186.0989762471472,185.85012718454618,193.5844287597072,202.537104715974,192.30938904069205,191.95260088301524
76,1997-10-19 17:44:45+00:00,187.05986850314136,194.08949373240642,185.57340597820698,189.75135632319368,203.15027000244777,196.05674978695993,192.10792866038474,186.964752916662,185.8166616052211,182.88803338479343,179.67882290970527,184.22556361186793,188.7677291807578,183.3153360500889,181.71266830515327,194.13935066087853,201.36554724238886,193.82664052523697,190.20420771812752
77,1997-11-04 17:45:11+00:00,192.61632512555514,189.5303017035119,186.8374720080275,186.6363318924578,191.43054759275714,193.8675692703041,190.45417790431168,187.51780876101105,191.19693277487153,184.77674971307061,189.53986895153747,184.12643179789407,187.35312326796156,188.67931018318194,191.21012781594413,193.3670575911026,201.88695082944162,198.51611172763376,195.51170943721476
78,1997-11-20 17:45:32+00:00,192.15705811989812,193.46643016066915,191.09520730395553,193.81915384278585,191.0933074823062,191.62388833021262,187.31263592005683,182.85243278465947,181.99935658303627,189.2094555340559,187.79599940036852,189.21540767436278,188.4350023744219,192.81759398370951,197.9566613037478,199.33444204156115,199.58281857166435,197.42826811328734,197.89235559921963
79,1998-01-07 17:46:42+00:00,193.45685594948233,202.93319929255588,195.34603302499784,198.2530608319995,197.26240438860987,196.4939678170393,193.14321580774623,195.9941752400492,192.74469075270036,191.05587809873796,198.67985018124483,194.69897841056223,201.24466570092756,205.15498081554074,205.64433285127814,213.9733706455354,218.86490805105757,211.7191390077607,207.47836912452817
80,1998-01-23 17:47:02+00:00,191.0717189602363,196.16322196461135,192.2162494237762,197.06990851119167,193.92129045152097,193.6141337432519,192.37518428977967,190.44396060463924,194.96435319325914,193.2459043327628,193.2286633543541,189.55882575394145,192.95162577149418,201.5049819688349,205.73586595516002,203.8027321545581,204.65308976270722,198.1765251847372,201.97026736380582
81,1998-04-13 17:48:20+00:00,193.4724124406132,192.03420698297276,188.35878689088116,191.13260442876447,190.0979158604972,192.07377049820008,192.68251825102237,182.63680369919402,188.7113111443976,173.61063117429458,185.7802844243095,186.37495493037676,188.946669358645,194.02637754127807,198.58114664280657,195.84396744015436,197.39772973209364,190.7325183742311,188.47580434511053
82,1998-05-15 17:48:49+00:00,192.63898142693813,195.5175273136827,192.32927891916563,195.93221756229082,194.90089478352036,195.75478772262517,197.00267880777898,191.60812751451468,192.46633945265273,176.2645995976305,181.78329098013467,191.33632476388868,192.79196310652748,196.83209719974704,197.75461478059543,199.0290989912791,207.63378315206262,195.31099035723423,194.1775794611555
83,1998-05-31 17:49:05+00:00,191.78733786501445,195.06595468650144,190.6403662524844,190.3663713769307,195.57793978067232,192.22416962353694,192.91916375843772,193.85495848502595,193.22457828680524,183.0257258494594,185.57615908461884,189.6851023913631,193.19794360031622,198.82895004430134,196.570102119026,197.16551775618336,199.29305218945936,191.81845778265074,191.5150952191122
84,1998-07-02 17:49:29+00:00,193.3537478836331,190.64414216244762,197.7731249662752,197.00519864815035,199.71571462118652,194.76859400703006,200.7826299195777,194.9895408859072,194.03103568805508,181.13136675708634,185.65105811876157,188.28034853243128,188.41091947418832,193.05591015910426,198.5477115337019,200.231020103145,203.31773133120575,195.70166961791446,197.9955925423924
85,1998-08-03 17:49:44+00:00,196.8842911379005,196.71682351657776,188.50929598158132,195.53483449600532,194.24420931020296,196.63519657122302,199.11052157800214,193.36181445247956,196.95652045379597,185.14506263493212,185.52725003770632,192.20358755957892,195.901367875345,195.33557001028464,197.63722426840621,198.15465447924498,198.60384563958334,194.3022271004679,198.3173355035903
86,1998-10-06 17:50:13+00:00,192.9624333860865,192.3870551958001,194.6252750796113,199.67903257682258,196.85821949938776,193.482589181746,197.1407732636232,193.10378009152546,195.43573983811626,184.06956950021868,190.09377923888889,195.91843437461347,191.30552187393977,193.41631872784882,201.50637088742985,199.79083056575288,200.67292858563695,193.53973988664458,196.17431414707502
87,1998-11-07 17:50:21+00:00,185.17056140692847,187.76003613790914,185.70056713785226,189.33238716082764,185.65733615168077,186.88600177058248,192.70326362358367,188.92883817302553,187.0089545462214,181.51733975334383,183.58425480699336,185.1842495586448,189.17096058765247,188.51088055402482,193.10275622935737,190.38488037554154,188.78581438819506,193.70929459201136,191.12578447642244
88,1998-11-23 17:50:24+00:00,189.7878571026131,191.43567649257133,186.98865802230617,190.31928291658215,194.38296576084338,186.77084777271511,185.03817505002735,184.29295135251473,188.85351011421477,183.61587060633659,185.2283303803074,187.24453430855482,191.56366179854888,193.1669938302062,193.2559098509696,193.6447169854035,195.6023155073874,192.39250940794713,184.83914354019058
89,1999-02-11 17:50:36+00:00,195.55341297378178,198.66258618487672,196.04596167936927,196.96277431147217,196.39884029563407,195.37318597197444,197.4353768760887,192.72938720744153,191.01154126441048,194.32239045158389,195.62096502335868,195.3966155905185,194.5239749201636,201.2667687339076,203.81161773029055,207.99701661308208,210.25842684232344,201.05812955848666,204.4293431023812
90,1999-02-27 17:50:36+00:00,191.32052912129973,189.3003079432085,183.4622231257726,196.06541254446591,197.946942954348,195.28103140139004,192.26698876072174,190.12964202548716,192.6006318871662,184.67195633715403,190.38126605032832,189.62641119609253,191.04729458381289,192.50827513095834,195.00393919417473,200.1492833960009,204.87136402431238,196.84764079568257,192.53679194768625
91,1999-03-31 17:50:05+00:00,191.48664363220655,193.97669259549772,184.5794005416284,188.36021856085625,190.12023306405493,187.98281935151292,187.16225901988946,185.15617016120245,186.76404870331095,177.1539940286068,185.57546040602858,188.15620969760494,190.03146288911165,192.07204989453703,193.90230569534236,195.889913244085,199.61323725431262,192.24736519312097,186.93608165966418
92,1999-05-02 17:50:04+00:00,191.42630026338867,189.67646705408666,184.37364804210392,191.07460678925298,188.27119734508165,190.5520336945961,189.7677977439684,183.68257576539384,189.06618857248648,180.4129014742934,184.17464691534974,186.39018780443052,188.3424022543752,192.68169080026047,194.45226200432793,192.92452190804926,195.08412982968974,193.88985107102346,188.87985639153797
93,1999-05-18 17:49:47+00:00,193.18204144335124,188.6917915988547,188.53509430472914,191.57697475603072,194.91912484616176,192.5155857488447,193.90893827080896,191.2664873328432,191.08218263346487,182.94009709438987,183.7405018935459,190.46498782804747,189.00518652998008,195.08828665110394,193.4974470154148,194.41270534385094,197.22784142138195,191.67401314787438,189.87232925825634
94,1999-06-03 17:49:27+00:00,199.37391726067932,195.6118055110942,193.23265428924648,196.61118845983785,194.82438358060583,194.11335354713103,193.08897409703624,186.5147060277385,189.38255899600085,187.65293636571812,191.50729405633084,192.81181569192157,193.08736394090997,195.22637197026188,199.71606483917725,197.915450857474,202.78404757889223,194.20566648118853,193.90754452788207
95,1999-07-13 18:04:10+00:00,196.60465089008989,197.5182093568135,193.0221022423197,197.8023780328727,200.75776693154455,192.91246887973682,197.2365472357685,191.84231059612392,195.95118890666024,187.31938524318724,189.66563548666375,194.89673886879783,196.4940058106908,197.04209647901604,198.9099644577908,197.73418933015594,201.12398935515523,195.91086329712056,193.51473921628687
96,1999-07-21 17:49:07+00:00,196.37186717385885,195.35978275034023,194.05229129681956,195.49277193970244,200.2843247998644,201.93108088131004,203.91631092182462,197.49651591584933,205.17233532516013,202.53106652241274,194.3491406690814,192.85218666697267,196.30538740538037,201.33161983960247,202.51795554090137,205.45934609233873,211.14786698258104,211.1149487396392,212.01585252813396
97,1999-08-06 17:49:04+00:00,197.64539634281283,199.41518557352353,199.08018671047608,201.73522635324332,205.31576040512695,197.00842594255562,200.57410186374608,193.80358465332995,197.06859082681964,199.13603003083105,201.9946508043844,201.58317869661073,199.5419134922513,203.91544460229778,206.43386542513554,210.22452101462386,216.8481134770991,209.40670161044224,205.74275008316835
98,1999-09-07 17:48:19+00:00,197.18483708706657,201.07954009360247,196.01177523429186,196.89009014468382,198.23652453908088,200.10536178877612,195.43793947366328,191.031561573391,196.3514649450334,192.1361427437785,190.60976672590056,194.17340440724638,198.7059525177186,199.58174835784214,198.34355628809368,203.50714309067712,205.18992040136123,199.90405304215983,199.04824396687872
99,1999-09-15 18:04:11+00:00,196.4158641998681,198.69130472150113,194.0971830913421,196.2992540975813,200.0020433336163,196.93368464851173,195.83543119813777,190.53156356039648,191.2966648569799,185.83959410574036,190.69838337228282,193.63165123998644,192.79366839433726,195.16459138680014,196.6487783934033,200.02151180911,203.41680120249987,201.967518759739,199.5103660560419
100,1999-10-17 18:04:19+00:00,192.48382472401676,194.1761137199183,188.48627758462374,192.59114833991922,192.5653012248787,193.65760343224642,192.13079556048194,189.77989192634828,188.59424681288553,191.72160965108912,192.5645129438374,189.96529467793002,190.8482408174674,190.74680115987388,192.35583573377554,199.34356886148117,197.78213546950872,203.0329318732569,210.08865992138732
101,1999-10-25 17:47:49+00:00,195.72105787423595,195.57730112976526,191.15649139682216,193.90336721146792,193.03094962827072,194.86994555471833,189.63687779185946,186.95361245452938,192.32877498595073,190.4604430034774,193.70169398284597,194.1871815566185,197.60681578506467,194.78601753949505,195.43265792746138,195.40820078537308,203.4894536259433,198.82793453401072,196.92722190203705
102,1999-11-10 17:47:16+00:00,189.3559346567322,191.52767625242328,187.03219425901634,194.1632985875705,199.07817793797778,192.9748927957968,187.63697682191588,184.7499928743232,185.1793590898415,183.1233122841209,190.65515089308164,192.41737868945555,195.19832808177728,196.25595628169222,194.73530286841196,198.66090653683847,199.05856775750757,194.33516331061173,190.53072595917604
103,1999-11-18 18:04:14+00:00,204.3429831270364,207.4162267732432,206.52351314147674,208.8628127936988,214.58524573230676,211.14907981215265,211.7015563368407,205.97506980606164,206.62406446329166,210.43738180037255,214.26210573376312,209.61679601456694,209.18960192675848,209.215092149682,214.90441231879714,222.50618819063897,224.60412898963156,223.4308443017965,219.09248708200766
104,1999-12-20 18:04:18+00:00,202.2830676766742,203.0882870947437,200.0744138659548,201.7034305521839,203.06523192383565,201.9287174490252,197.57718685000688,196.8986559498883,199.79480668419023,199.4608679633049,206.95754030488987,204.52998199905528,206.1859809928908,207.36774951083768,204.37887902765857,208.14536184341839,213.0338020467872,212.17134972813074,204.97685594203324
105,2000-02-06 18:04:08+00:00,194.39895172996665,197.92399330564248,195.39495121087236,194.97251155997074,195.29172289017637,195.40968750993807,193.17054967545596,188.78691332861774,190.6309846209923,188.59750688188402,193.4545073821526,191.73178920753693,196.6715265546929,196.20622385702984,198.42317117910576,199.8057460112862,202.3282978955962,195.33563548688488,193.6526144048059
106,2000-03-01 17:44:42+00:00,193.21244123515595,196.44443549872,191.7312024240957,195.57013878779748,198.92786579404589,197.8257477443923,196.52636423242097,197.31526885523675,199.14849775376487,198.78431009349748,200.8207859762324,192.47273953227818,195.95254573467247,198.46331998478223,199.74964533964516,203.69999926821086,210.52648707474975,203.1297491216525,200.9951359168565
107,2000-03-09 18:03:57+00:00,197.36972584300008,196.97850626567958,189.61462006385895,198.3028034030625,196.54764373817096,201.01780093477024,197.16147196508587,194.37283330651178,192.3171438347232,189.61789191167873,189.60641381132444,194.0035555342672,194.15084325738053,197.10487940848512,197.47956380657183,198.24482273122345,205.92296772548897,198.54174660714528,196.95057142976992
108,2000-04-02 17:45:49+00:00,200.7181128264,201.06149552212446,194.1621443023263,195.8969384591415,197.57734932656663,194.1184097134887,193.83993474874327,195.7596700867764,198.0880395043388,193.0943540147187,194.38125634424335,196.39285531989958,195.80346484297468,200.7040779018718,198.9943542817736,198.0558949164449,203.65131662982873,197.0831190492445,199.20430958187825
109,2000-05-12 18:03:30+00:00,202.0478967820313,201.16368211588326,197.2451606657732,202.89425970761596,203.84526158365054,203.55864546454754,207.73777777166637,204.99819821251327,206.48744451182526,208.97983714446627,205.4571533812365,202.82576363851143,201.10913090329905,204.88754335713702,201.6749782965744,204.62196384539703,215.96591884508246,219.22336112615437,215.88311881438227
110,2000-06-21 17:47:53+00:00,197.05937931880655,198.2983285693661,195.66282515638392,196.37731628645486,197.20538683299327,196.2298249710122,194.56278534971,191.6028234830038,199.02904938198077,199.5396745238097,191.51949979678562,192.55878463360358,191.0648213319022,199.14848061101256,201.25759154563315,205.0925554196357,208.14869093393938,213.20543567771537,205.60199892367987
111,2000-07-15 18:02:50+00:00,201.18249280342198,199.82347490350293,195.55258101199232,202.06213347791717,199.85307025919406,197.64776602212692,198.8719249138166,197.3462348796579,194.57314076812787,192.71363586497296,190.4479730896864,198.21531862357344,195.60490211160632,197.26826742956604,201.58889534209175,204.1527987318938,208.4808066594872,209.02565370469353,208.64652227667065
112,2000-07-23 17:48:29+00:00,205.03536479740632,202.5280643228582,199.21935897981473,204.39086315360447,205.08857804038598,203.22549582270761,207.14663181107312,203.00897980517465,202.7067953853109,207.7166963990202,206.17368645566012,208.15959657984124,209.53927206733647,208.97762167947116,211.2524553393588,219.5243259259803,217.94791634641157,219.0512965669747,218.59618479942316
113,2000-08-16 18:02:27+00:00,195.90715515050888,193.89388129502356,193.2206496096303,194.23525740185858,194.37283872426127,194.4817505612009,193.8510202604111,189.88105080097796,189.65954218714685,186.29012020464015,191.48314615518254,193.37243759093474,193.54593678857526,196.4762194155516,196.80590639926587,196.81996355699926,200.82609995939737,198.19630902371108,202.21823867332512
114,2000-08-24 17:49:09+00:00,196.28696433693497,195.04118064102445,191.7159031881472,192.7164639803915,194.2965121511573,196.4361444102449,199.17590481502867,191.8683220013213,201.73716447652646,206.1676078109338,199.5504856127462,196.56667836372287,193.7803243992341,197.30063782933667,201.47018138895024,208.6186535868924,211.46932208844248,215.04247169012424,220.17737200366565
115,2000-09-09 17:49:34+00:00,190.95276986242294,200.72361278882966,197.42327830028594,198.4568153900007,203.6908408682994,201.024916880183,202.3891953727466,197.74165338258757,201.268968404545,203.12614663634344,203.65675205089025,195.85834855759595,197.92550617847283,200.59764147802298,204.44729436478065,214.06497607600625,213.89111747678052,209.18476874140308,212.55144822962112
116,2000-09-25 17:49:44+00:00,194.56425290544183,198.09163592951938,194.71730407524046,201.87365991502082,208.18289307692666,208.21258911065377,205.07347589974972,197.56242397595284,201.18470287866535,197.81859284193752,200.18234900682938,196.47487520395924,195.05931187844527,197.99185162555779,205.30243218872624,212.2674355633937,212.1746992927906,209.65991182552634,211.67948255498953
117,2000-10-19 18:01:35+00:00,195.21722234955269,195.49271865555858,191.47497399768494,200.22249663119092,203.9549961267391,203.11626289135808,207.06684121736396,204.18528257320224,199.58736232840255,197.85953075472162,198.16472773980067,196.86407738691372,196.6933858104532,197.46966468285038,204.35425473537532,208.35145540201364,212.6152019507125,216.0865003986728,214.5091122618878
118,2000-11-04 18:01:44+00:00,197.54053434676888,201.5171978577016,202.02824284698096,207.92314166791007,211.726939300114,212.24988300233048,208.53780860946418,203.94736534860562,206.12816515400073,210.06808660254626,211.77770191015378,203.00285772351373,202.21830335925725,207.13051445049192,212.2409362980302,217.90693053621334,219.5949181709421,224.62877495675664,221.6736980740987
119,2000-11-28 17:50:36+00:00,192.70019656882644,194.42527333386582,185.71107450271316,192.62896601958926,194.34445543830202,192.12418952615658,190.84524424207936,196.88464067129766,193.5091334493364,190.15223232132868,192.0099463143369,191.75134718375136,197.47153592060823,196.95548648758864,196.8032293391425,200.38069627514358,200.86658105217037,196.9786213951386,198.340903354361
120,2001-01-07 18:01:49+00:00,195.5635412525205,201.51761035063794,197.88227857846684,200.15601961842617,203.05375722333383,201.12764268854426,198.1706626490094,196.78243387366228,198.7532685169079,194.39657816436593,195.05285977642995,196.08633575474246,195.7349413216379,201.90840601967113,203.21830098093062,211.42230706405928,216.48212638119358,212.33010442350934,209.15653127013036
121,2001-01-31 17:51:21+00:00,195.38123552436525,197.05879021050083,193.60593481270024,198.95287706450083,196.37702501147373,192.91278756954415,190.76693760526723,192.65358713673197,200.05791301609133,193.2145042832889,191.7735167058559,191.33263634455705,196.71464533813617,200.7907781298224,201.8882261542195,208.38321432204398,208.65825280879864,198.1029079250095,196.18476291059133
122,2001-02-08 18:01:47+00:00,188.90995187777241,192.54527717081226,187.64008400337227,187.835293918749,192.3366985570511,190.23414600935646,187.64355641912576,185.18212273054797,183.1924958364168,183.88573035237226,188.51041109177928,186.952906830484,189.234046254807,192.55081380206695,194.5487366019512,194.7665739955183,200.14744480568663,192.26737659075673,187.414603892586
123,2001-04-13 18:01:30+00:00,195.2772383608658,200.2836785766046,196.72048734973714,199.73819556629815,201.5127554496479,201.42219748351272,199.80159484865175,203.1652455698773,204.2922095387993,206.3309748537731,209.88184087266603,206.66064115371876,204.1330050668492,206.08816550971497,210.4334491380687,212.03642657319517,220.45064634014417,224.0524998343166,220.56847817220233
124,2001-05-15 18:01:14+00:00,208.403606868797,207.3485351162476,209.49474787537952,212.03190338138302,217.22203618225694,214.25499070979333,214.19405764822716,217.463032841643,220.91774241643088,223.68561333372693,218.43726194283968,216.9061474106254,214.06377579597165,213.9871566558473,216.46609323865584,223.41481279564277,229.8830983315105,231.4305491245654,226.8812565162777
125,2001-07-10 17:51:47+00:00,195.85708195587532,193.27540092956312,190.66606603263625,198.42835934765517,202.50750939824138,200.6469326632272,198.15407900418174,193.28782746498968,200.34910181781157,208.9793895805556,204.22918121824256,199.78420515310972,199.51164061327384,200.23366617065153,203.4494285880484,207.59385631292474,207.99793872209625,218.79907142592327,214.1550087129753
126,2001-07-18 18:00:42+00:00,197.4672950900055,200.1262434394609,195.6706738379949,199.4210382592421,200.6468218050702,197.8209139384651,198.26584874157948,196.2980547235573,201.22596788006243,206.60458950427662,204.80236755766043,201.9738180617986,199.63271099150302,201.16022516514053,204.8212447595181,205.65778677250177,206.7168177449538,216.24059293778112,215.28426891564322
127,2001-09-04 17:59:58+00:00,197.09044232961782,196.2331326925069,194.06630950725295,194.6058468303105,197.25080469751748,196.34940880522606,195.41453184175862,190.66297124145666,193.31695880799046,193.83604752853566,192.54951191051515,194.56605493886804,193.74940702102097,196.19327874735797,199.24294154215204,200.08090150965472,203.77175405435915,204.8915088457639,206.0241771698673
128,2001-09-12 17:51:31+00:00,204.8460211408283,204.08892154074772,198.72013725934713,201.03801153469868,206.09782593042854,205.1519775436848,204.36831716902213,199.6041448252043,203.2606379012982,209.88009812260026,203.59338096742889,206.21111535811158,206.03095256142885,203.7728005518972,207.14027633219098,212.64986676324327,214.76462627206774,217.47917588421674,216.42829392998414
129,2001-09-28 17:51:22+00:00,199.81275243893936,200.7711635864963,197.90450583298895,199.7897673082955,205.98299127395708,201.87235708885663,198.54337130577215,196.7155561769815,198.86945945245344,197.53601161742196,202.99463296145973,201.8030035721891,199.75740650087107,199.0569222169862,201.97699539933126,208.22090831822086,210.06965506453463,205.29684257454664,207.29706678650754
130,2001-10-22 17:59:40+00:00,194.75135579471765,195.6683198071553,193.8331708678587,198.36089896165598,198.1896082798047,199.42633181566822,196.46935436833004,189.7338010457048,189.6273561716052,190.94053769504944,191.69085756320013,191.1840311859867,188.82809524302377,192.12590733859327,193.1348600920311,201.3238332158075,204.14786025636278,206.01372981281554,202.61895514277853
131,2001-10-30 17:51:03+00:00,199.91310352186053,201.17831835118653,196.53698857430624,200.49047537100319,198.93970541599296,198.8504005770465,202.7115937903393,195.4600823641671,198.23552967796056,202.28882201687063,205.33241645519763,202.6252210143789,202.847870230417,205.07161353421677,205.72750038907589,212.97891784927882,213.99834013538145,210.8888737001256,213.22334473932176
132,2001-11-15 17:50:55+00:00,194.79955483270177,195.61513111322944,190.31660362936555,194.88017283298836,200.25285203148928,203.96033407846528,198.6049502750003,196.99453080677537,195.32737405138312,194.1715136838473,195.71669367111596,195.6973968881787,196.03886451509769,198.1237523451935,198.68489842756347,198.62488001609793,207.87384300544485,203.19433846391925,199.3011790527642
133,2001-11-23 17:59:56+00:00,192.56902727118174,193.8988293730916,187.92927584114196,193.4772304739745,195.59164909405112,196.69228353940917,193.84389074847394,191.69133092496412,189.54854930592478,191.92239080690513,195.15499971766343,189.7476988986247,191.3585579378781,193.61431548360412,195.6834401157451,197.1321394837995,198.02229295361383,197.76646240532259,198.28485871895055
134,2001-12-01 17:50:54+00:00,187.59684105316887,190.13090971513586,192.26706938947194,197.32360606276563,197.11451052979493,196.46949702397336,195.72152984286086,195.59120203584558,193.79225609802927,187.99933945162746,190.2813185183278,188.36012873781715,186.7341213537662,186.35803717394663,201.81325576787805,204.5307791161399,205.95721901374924,199.8771220732928,196.7102058589935
135,2001-12-25 18:00:04+00:00,197.03540244718948,200.69942745396247,196.4731626018252,201.21601769871887,205.93703152834485,204.31125860222278,201.5887814995219,200.85066197165725,204.89105119156227,200.7192762640249,203.7325782303144,198.95255762903082,202.0472633240953,201.5071329722336,204.49791092384703,211.88954290791864,215.54453304815587,209.16917211876876,205.12075070304095
136,2002-01-10 18:00:09+00:00,187.5712613753045,192.92830950905238,186.30397640753586,191.64160831185956,191.29368559238253,191.1170333771238,187.32925585170926,184.7183872833086,182.2835109472905,182.47704116838378,187.53412011683722,183.5565873816891,187.6417454481914,187.92136477984536,188.98933288484923,193.29791119756604,199.41343109988173,191.8972515091057,189.04466613947997
137,2002-02-27 18:00:20+00:00,185.3105292000377,189.95691852097568,187.7535384203215,188.15995719997227,186.73486221881186,186.31589771334174,188.14379295493853,183.99702508040878,182.35351694474303,179.210138932187,180.96054107311255,181.25971985566815,186.13043844415006,185.99617132150132,187.03400082453882,189.94422633482475,188.89578667734034,186.21468945607063,185.53832547094854
138,2002-05-10 17:48:24+00:00,192.53091822283722,195.2532999767579,192.58796009832088,190.77320066984407,199.2628914440323,202.5934299197977,210.38013489459513,193.39725916779528,193.37936373828458,185.9407161312194,186.13094608325468,190.2354381172034,189.5023186724893,192.13712334305689,191.195326169015,202.12793642734,205.8483885042375,196.53160925651338,196.207510874479
139,2002-05-26 17:48:05+00:00,198.27660001087463,196.97902774126823,193.81441192527058,195.27166908883544,197.77041893285994,202.14514424553133,204.82907668867614,200.25563802193523,197.17098067728293,194.0092712577981,191.6835853097189,193.03563036726695,191.47814524072606,192.74752726868243,193.52300221011575,198.99291208842743,210.2131172744311,203.26435982518078,202.24261315136792
140,2002-06-03 17:59:59+00:00,195.1528141841357,193.8062176294393,193.56391086593877,195.4645501874665,196.00049688640433,201.4033351634197,204.47553920121067,196.27951428881036,195.30002145314887,192.1786649227638,199.00944714905728,198.57361455502624,197.2266683684992,202.96331271295634,207.4334260874224,212.7049731001698,208.95009627826786,212.47235827220928,209.96558931175764
141,2002-06-11 17:47:43+00:00,197.39583129487397,197.67040139608835,192.66873193817162,195.46702997972815,196.80857178380634,195.09702593661558,198.37850744092617,193.69228522579112,190.45301656846647,187.8843145905097,187.99060596613842,192.3026866556274,195.86849056759277,198.09780035364616,197.67265194072823,203.33313184278325,202.95799088580856,198.32209908656301,204.69047391241622
142,2002-07-05 17:59:48+00:00,208.89101535901503,210.18777853100707,210.20884587986495,211.8991851595788,212.06227950747274,211.58869058836393,214.39438452515535,207.7773922507707,207.4981347680488,204.6397936156412,206.30878111213735,210.10354206888078,212.30379808102455,213.44570811464206,212.43883655624757,220.12844763364652,216.35416389683164,221.60536708290388,221.83800820280533
143,2002-07-21 17:59:39+00:00,191.04320044722542,191.34087624034402,186.48838939630147,192.16657153015348,192.4190702332226,190.11881960685076,195.58179369074327,191.1185232102565,192.9470468803495,184.2590565148791,189.83379817805852,193.7870301126668,189.120902932519,195.69521315513708,196.11074709567814,199.95211655629674,199.2735372201434,201.7195496813536,204.00026098904692
144,2002-07-29 17:46:35+00:00,188.2676362118375,191.58708024589873,190.78084756603207,196.70010053786885,197.60601473984863,194.19767384977666,198.46491058485248,190.601591108012,191.46774562451395,195.34863088060789,194.5745503812472,191.0523933771875,192.5730394160439,193.8210113149416,198.2086438436387,202.6550728338333,204.43699007125818,197.42706086120842,201.25652430206634
145,2002-08-30 17:45:36+00:00,195.8574795808338,197.41003361230557,196.82397433595025,199.77015700286057,206.67439700091694,200.94509352491252,199.0707685719076,196.7933083522899,199.91162866616884,202.38283930713678,201.34971968829353,200.30697799564882,196.89789321183682,195.3497970793655,199.56968837538147,210.31842697155682,207.71890213364574,210.3342029791676,208.9826377989878
146,2002-10-01 17:44:49+00:00,195.55589531705607,194.51009947751737,185.67453412600722,189.74031176401672,189.0594298685903,193.73684246892577,188.44955730083473,186.64556194607698,187.84692090614448,190.33139449232607,195.06246555641638,210.5719125417887,204.31944775559487,190.07671864310595,197.60604197473157,206.88879860721286,208.6231398598827,208.60579616771292,209.2427508009397
147,2002-10-25 17:59:10+00:00,190.9411142214751,196.8110894664268,188.28439346967633,190.61375441781786,193.27208822639182,196.85671415143676,194.54476153710337,188.40912115827217,186.90471787007453,185.25131536430774,189.11172367655735,190.72470059565387,188.5497217862094,195.80175776509515,196.85554522254307,200.23445649199545,201.64368120632295,197.02848563174672,193.13307345227224
148,2002-11-10 17:59:15+00:00,188.53610872120333,193.17703902172343,189.45019980365032,195.43568275441854,196.8812576273688,196.30187405000135,195.55191314334573,192.16213325986183,193.72759332810253,187.8623238702773,191.54111688835906,193.84408607634452,192.2526863852214,193.81853551001603,197.01938267101343,201.53019899500453,203.19268552634168,197.01861725143502,195.00730393330107
149,2002-12-04 17:42:53+00:00,192.93804568614172,196.55262856086418,193.50168674131055,196.85461207167674,192.24368172470366,192.63637607405565,188.53504962134969,185.71853652830242,182.9051027605388,181.45512083239308,188.8231684803248,186.09237017574517,191.23768988317113,194.0389170732567,194.28985529885222,200.68013968909105,199.75431917481131,198.05562086425272,193.26381761903284
150,2002-12-12 17:59:37+00:00,202.97024095788194,209.25399281456055,201.41443822721715,207.72540341847753,207.05548984018378,205.29330902200314,206.53850451000767,203.8839481959742,202.19572067557377,199.42676571884044,204.0473473444827,202.67231719032895,207.1517185481402,208.52768052806957,206.10807677248084,210.26670887736844,213.89970548812516,211.00255164988346,210.18504113133866
151,2002-12-20 17:43:07+00:00,181.86586630193028,187.29232425643107,182.39265356146106,184.43528033052286,185.27582693334097,184.54477914906897,183.1839318972808,188.46532185502832,183.4789918657709,176.30723032997463,183.24032578278255,178.4476399921565,182.75983564176704,185.35982357127344,188.73982868613308,192.20129363090658,196.27308115823826,193.02257497215425,184.3762579708383
152,2003-01-05 17:43:32+00:00,182.41489125526266,184.88874976708553,184.31634725543222,182.58667181315823,184.32970640743417,184.34913259772395,,,,,168.4008757715036,169.05078263905682,178.4950881216132,181.34092289282427,181.38889619236198,184.26161977878968,187.04145801527716,183.16845871400125,178.56375655390514
153,2003-01-13 17:59:47+00:00,185.3278473520241,187.29221816719792,184.44989361132593,186.14036317365452,188.37375912705977,186.35759995654948,189.2556619500543,186.07034246488695,183.67387096241737,179.9910288421251,187.46836217554926,184.35831089291685,186.47894811966268,191.06691640157823,190.33034215410987,195.34728602430687,200.9176737994602,193.1569059624004,193.04799397393026
154,2003-01-21 17:43:53+00:00,179.21704724450404,190.18853754916194,185.7035756583173,186.84381447983736,188.55032595614676,186.7961019353111,182.01780627812622,184.5046936044507,180.86630880634374,173.43467057641226,179.66403186950419,177.9448816934574,188.01561037350297,187.7965185649697,189.70682817979508,191.76924281224328,191.69730764287743,183.4243835448092,179.06564644689115
155,2003-02-06 17:44:14+00:00,192.14402978895177,193.88621148233744,191.16686411710072,193.60021865962383,189.3973059372747,188.5171351580489,191.0077403093546,188.9468117715867,192.58466194727697,184.59760112453193,187.36718461587247,185.84380574344175,189.72993557634464,187.60930664024184,191.5296733031397,194.60846411682562,197.00363480045667,190.4063221780445,188.02220967638937
156,2003-02-22 17:44:37+00:00,186.57428543090248,187.71992264114118,183.73074001633103,190.41011497105586,198.74120439355866,200.196676741388,194.35174855202533,191.12892783242273,189.90959492031305,186.4870687286029,184.17960180713249,187.1135600229531,188.5655928774442,191.74523410742057,191.134841487992,193.94468139994655,207.27591370487988,197.25685350432474,196.52555858111617
157,2003-03-02 18:00:05+00:00,189.78724789966742,193.0223110313309,187.03864956245812,190.53876064160244,193.31109288522856,193.60683895073893,191.4962645964579,188.63244158925318,189.23711697236683,183.45257734402202,185.13166711633403,183.75735743011478,187.0740874798746,190.5138699828267,191.41275849207327,196.36107513700767,196.29747648134372,193.03397710902715,189.04568636192022
158,2003-03-10 17:45:04+00:00,192.54190899362914,194.56367599831546,193.72830836111916,196.573069974317,196.9625078918711,196.6053751499938,194.84539345570076,193.79362695810485,196.73236926540085,188.86886773294117,194.50833487069744,191.01559860504443,195.42668571090823,198.13009926734725,202.3603462105081,204.1013432633089,210.04369856131385,200.70773574682548,199.75691238640752
159,2003-03-18 18:00:05+00:00,194.53904048989534,197.09892913658155,191.26911310402386,194.17907404028117,195.15556097134044,193.71092532248852,190.32989876144688,189.30542336552475,186.2110882433402,180.56822653582228,187.97884949915797,188.54981207864915,185.71636059822598,190.36093647073503,192.97140233795272,192.92401058612305,195.75566324531616,191.53833975754418,189.43108495967283
160,2003-03-26 17:45:26+00:00,202.03257438887323,201.39855432807695,200.50534497140927,201.5798663352928,201.48870129126482,200.37245476436834,200.10351122042982,200.72663130327834,202.30907758413872,193.47626200447547,200.48685881522124,195.56719062824186,198.70892230677364,207.75654543765202,215.0286011957578,214.1951941313742,218.46542799494014,212.04663513666762,213.2823080542961
161,2003-04-03 18:00:07+00:00,193.6321296927888,195.61979399220002,192.034320033372,192.7162206657469,194.45501777809105,193.78712264362275,192.7114539609978,187.5562216931142,187.7414191637892,183.26072539676204,185.93287116926916,184.74422803997675,185.962413538399,194.81950371709377,194.48565188543353,192.89529013720278,196.9918243692107,195.22294270993476,192.02566984611195
162,2003-04-11 17:45:53+00:00,196.41166425909358,195.4648728787128,198.73479210687614,199.03501379231037,201.58946726597713,201.91078282710103,196.3886713498419,195.0483565020745,192.398607965392,189.75168612734515,190.86367130243212,190.4299510298446,194.5354183868007,204.6010558037026,206.52175710161657,206.71744059830758,209.35403716515594,207.04935825119108,205.82489143053266
163,2003-04-19 18:00:07+00:00,192.4240227972144,192.05117882216547,188.34370393174453,190.58017014262276,192.6643677506226,192.4408172538662,193.16373620111253,191.51782009828787,187.77280216277006,184.4769618682319,185.59800103936107,188.01148743919225,185.53963978460143,192.46755163222616,195.30548884519575,197.45005398630025,200.02208152433718,194.51801377132537,190.65424013862994
164,2003-04-27 17:46:15+00:00,196.27484298936005,199.40360049404092,192.90943029115942,193.40226723458238,196.5420707153516,193.96163022419995,194.2410763457896,189.42094292157935,187.1957427661883,181.87657462189713,184.7402753322234,185.7551245172849,191.4324644175793,197.69675444316528,198.87645103424143,198.60109544401388,203.73085636793206,198.28871904824535,193.53397173246242
165,2003-05-13 17:46:34+00:00,195.8638804376514,196.90802210922178,196.11630714111774,198.4863832040254,200.0069837808974,197.01678875950532,196.1371727371561,191.1177587874168,188.9194174609397,190.2096615813211,193.6329079660379,192.212024250764,188.1272296522701,194.24473597010217,198.89244620059856,199.76080209151448,206.57621262102964,199.57760666020263,199.68921880360998
166,2003-06-14 17:47:10+00:00,194.8656098268214,195.84525888271236,188.2242752173536,192.17577222700206,192.48171990119658,193.31548022387275,194.92288457855517,189.72962123703377,190.65037778057658,183.05729835449867,186.99670108554943,187.95227836714525,192.3660216184312,194.7479475442027,195.34419917510286,198.0145397381387,199.51514087909027,191.67785328327466,193.19984337918385
167,2003-07-24 17:59:53+00:00,193.32095092596194,196.61911075539427,195.04784332313113,197.61896795287043,202.05404409246972,200.13837351526666,200.60411833743063,198.0122662642041,201.7130659473228,194.42862676197467,191.19400133525926,194.62812572861463,196.42825629926534,201.64269819584743,206.7929211754866,208.12245532324465,208.9532401884207,205.30256376219307,209.24658084430965
168,2003-08-01 17:48:07+00:00,,,,,196.18654623598897,201.25503792456178,196.75807302196887,198.9533307771153,197.55803580390563,188.9200947330711,185.65131174699098,191.3440909316362,185.498176823532,187.59187017422485,192.84708491653174,195.4829060231842,199.260378858407,199.15193259601065,204.40221381598647
169,2003-08-09 17:59:46+00:00,209.81604410240863,,207.01856691655905,209.88525844632073,210.29577379100152,210.39249481401447,210.2930208053176,208.56847682574954,203.26008845531115,203.09093314410575,204.57157529007983,205.91281598704865,,203.18069164472513,208.42364983533645,207.79364575803868,216.87769341860962,215.13394652252708,212.00970461594758
170,2003-08-17 17:48:23+00:00,197.4642569240814,198.39246765558693,196.74366359845283,196.833583544262,201.53930844741984,196.86650804340928,200.161915037004,195.14660304447764,190.28406930320347,191.64609829752487,191.89060892750334,191.5203245408435,199.81292271797255,199.38079245504554,201.09681918304838,203.1892452478716,207.1243747381313,205.56452448353718,202.6665952497346
171,2003-09-02 17:48:40+00:00,195.31560523011365,196.14079648411507,195.63637609618286,196.38164528801042,193.78629209542328,200.82286557249702,193.0852184834177,192.82477061163132,192.4879020992085,191.19775847113527,190.82786856541236,192.10410116600144,193.73768195754104,196.9695857524905,197.5046049628682,199.96839592661212,204.3287064931008,204.85444003213462,202.5248361582104
172,2003-10-04 17:49:08+00:00,200.3572766207324,199.89138056540213,201.47041640809874,203.96904449452367,208.3460651377094,209.22349281009164,206.00691319695687,200.34899384436147,200.65313946873192,201.04936812723753,201.6162442856484,199.25288579871827,200.33844772217884,202.08700261870575,207.5484499801355,208.88877573406634,208.69973876015115,213.51559754758728,208.36462091883146
173,2003-10-28 17:59:47+00:00,190.8938718854754,193.8539191143122,190.10957972681572,198.57408977393544,195.51787948876583,200.4802367786562,194.15692475063847,191.2436326924033,191.03119838411314,190.8405515457057,191.39777403305172,188.84654879095712,188.37343381264412,199.11583863269306,192.84286420478443,197.82410029554214,195.53359319008433,192.03924588046152,190.41445274065427
174,2003-11-05 17:49:24+00:00,199.45234451064312,199.39889236898182,195.55674578196025,201.4123185703669,204.38369443957515,209.48676251759218,206.15042956013878,200.8245546991776,198.3933942100974,197.116118276553,205.17088129027343,207.1980243809844,205.3262897606173,206.71529651684142,208.34786835366995,211.06099471854108,215.32480183537876,215.68592270533176,218.02383979333248
175,2003-11-29 18:00:03+00:00,200.8453947351382,201.69792294922033,200.82349830460151,201.91930735930367,205.72458398970434,206.54433916095337,204.84531431636518,199.27231842266121,195.76019223724856,195.71586417552487,199.65352983545108,199.6123639745856,200.0115473963102,204.63618047536553,205.40758514225809,206.87857316851276,210.87493070555323,,
176,2003-12-07 17:49:54+00:00,207.7186623963612,192.45544152975876,176.43806377193192,187.96385606302215,184.34744535657921,178.32361103973108,186.74111385372555,187.05037861326858,183.77572037641258,175.7701575036257,177.7288523884922,180.16564436999744,190.5686506289406,194.49351150654658,194.14902565711355,194.93427425777168,192.6210172120129,184.82235148165734,188.79588285143717
177,2003-12-23 17:50:04+00:00,183.54112057590373,191.35361899489178,183.37446251786946,188.36554521722596,188.63033533391854,187.707537356474,185.77992445760214,183.34855692533387,182.1900171570386,175.7561641518288,183.91862976997544,180.66246513908538,183.29551478800755,185.85085156155185,187.83738070975687,191.066332019519,190.6421933645209,186.23494750264058,186.30097526550634
178,2004-01-08 17:50:09+00:00,197.31769870054325,200.9075947549607,193.91391336836995,197.7421317204242,202.59365805622872,191.0365582940125,189.8590146467778,192.37477958232128,194.3382772516002,190.85871546821005,196.9356808314801,187.65954981968798,194.84970408521792,199.59706062090947,198.50494591896688,200.04223012491227,202.86995006390777,197.79390744021168,193.90363902745872
179,2004-01-16 18:00:20+00:00,,202.82031048800346,196.4009155858706,199.7019139509947,201.74896623252206,201.70786888474007,196.176129193676,196.61110290195512,197.69944664629696,195.79173107158346,196.4621562735504,,,202.4764046429621,206.1681214072523,210.91077993103383,215.7191662588388,212.89295315498254,209.11383102299487
180,2004-01-24 17:50:12+00:00,185.38585596826633,189.40928778313548,179.37029356718998,184.6859571304747,189.92703851409567,191.56513918357058,186.61009016856838,188.90156567539174,183.67968698992922,179.72749264770152,185.13394041994684,182.28867489513593,186.67774946446406,189.68372683735151,190.79462409327544,196.32660417379972,198.17354136476501,191.562282242442,188.92437778044052
181,2004-02-01 18:00:28+00:00,201.41117146622003,203.85537696988973,198.23644815273153,,,202.63747409902234,202.27361434924202,200.56312650419937,200.74166998249405,199.53525654248676,201.1095158442366,204.68089008430823,204.4767498516262,204.9588101658872,207.5994883119247,,216.79108393210197,214.37244122631543,211.61943074215412
182,2004-02-09 17:50:16+00:00,189.92892568006317,193.9191806746854,194.21623815798034,195.28028734506006,196.11472763062665,195.2699479375961,188.21387473834054,193.17312555584164,190.68272053151506,186.0128689347988,189.02792858254276,183.479594298518,189.88939688196245,195.07634039201787,197.78338927507951,198.41192743449977,199.66748850768568,193.42346904889234,188.0070227241991
183,2004-02-25 17:50:22+00:00,192.7517310406816,196.70284056306474,192.3889188036521,194.14239784133957,194.64612572116437,194.56212890874446,192.22956062051668,191.46334056112795,193.6686728619636,191.7372961656165,193.86648553856017,189.6741067348457,194.32584566594463,199.04890287609507,203.73061567453047,203.87317951855312,205.77920421347378,199.94516857776813,199.1143567506408
184,2004-03-20 18:00:39+00:00,201.6125797958561,202.20774541072757,199.42353638012338,201.8129607510964,206.57503949260288,203.8476255839838,203.10372103041962,199.242472928827,196.6591944339569,195.66952387068687,207.3563314779414,198.1742266944374,198.8636842228391,201.45208937255816,203.5340558398786,202.745767306165,209.24583384358007,200.92879812527968,194.27239262144354
185,2004-03-28 17:50:30+00:00,195.89560429245904,195.56240642684327,190.63839029164146,191.40950785305455,193.125537320657,190.50288710820777,206.04435089040143,203.49885628241296,200.88970558140264,196.70961028908684,200.20326646109777,208.58998375329622,198.36112936625017,198.92488181512172,200.09907869923944,200.26540651699938,204.38758868874646,201.83553864740003,212.22178521696046
186,2004-04-05 18:00:37+00:00,202.91577781167345,205.80423161735098,204.88791276858964,202.79803717277426,206.52745390118855,206.1387376395651,211.3447012715093,200.94098723705557,199.37995554450427,193.51379644614613,196.05348503416798,200.08240739553557,199.21643874746442,203.03731188112764,202.3292862828049,203.17810226923805,209.19755014976215,204.7569472133429,
187,2004-04-13 17:51:02+00:00,201.27619679956663,202.47971043067952,205.43069643772054,202.22508285231453,205.22410779097896,200.39007309567413,204.06004111492513,197.63579778170134,193.85994095035517,195.38974770091323,210.7148248471902,210.960877576907,208.67257515860967,212.33520152235678,213.90191708859942,215.99460317050927,225.5094425124816,220.47290472605485,221.72969491218774
188,2004-05-23 18:00:33+00:00,199.43707667575754,199.3275777628487,195.31185361782568,197.4288688231891,201.08621958188962,198.5670574201593,200.4087985844534,194.02052018106366,196.69015136797623,195.3069986671426,202.5747667641603,196.01998674740486,195.86918749592473,198.44815488419124,203.5008824430382,206.43511733210013,214.15385036847803,211.06267831948512,207.80643179339643
189,2004-06-08 18:00:27+00:00,199.20534081870687,,198.899224553433,201.95016534157867,203.7240118205384,200.93154073952482,202.22045558601377,196.0973705002238,201.0937317128962,197.5290045432566,193.40443448749323,197.5292147100272,197.41684757283625,,207.39701616148673,211.10430227774552,,,
190,2004-07-02 17:53:21+00:00,194.27538817894924,198.89616133361787,196.74559207094137,195.92615607565858,200.11503651858249,195.69753879817588,196.474971497568,190.52496701278815,194.8884778452387,191.2866347137559,191.26785910203608,190.63117462745652,193.74836620392404,196.88851478397373,201.4739920166072,202.4398253994714,200.457626070282,200.78522526404052,196.5423217477757
191,2004-07-10 18:00:22+00:00,196.87468609392977,200.4261759229301,195.5151086721337,199.20651459220932,200.3821088920658,200.45011792727288,203.475845960672,198.315872822859,204.68975170082248,208.4039740384977,197.5734972627974,197.36414015279388,,,207.17409758282412,216.05853958495234,217.95954988808955,216.8342236588073,210.5741933362063
192,2004-07-18 17:53:47+00:00,196.84596259491678,196.68453491470427,198.13997014777726,200.02132104420036,197.48400393937004,197.29286604569126,199.28575367231963,192.5158065863304,194.3492872632502,196.1354333932216,196.82943795777283,193.3374776515673,194.89574165377363,195.28432729478249,200.94632073426294,204.5596591215114,205.91210206545247,197.0399254791981,194.97314442027314
193,2004-08-03 17:54:07+00:00,194.20751375574798,193.66890880457095,191.6006658899433,198.86176844229598,198.63707231006305,198.0173537292467,195.23632546222916,193.520185074264,195.67939618057994,188.56314980030197,189.57069686255852,190.59410192584767,188.7455993666089,189.97737045826412,199.74580666397236,204.20216022255613,207.11380671589777,200.7918715561289,197.83249898452652
194,2004-09-12 18:00:02+00:00,205.37466666973762,206.7403950338318,205.81686421798344,207.66729784350628,210.52576461659652,209.65350976685815,208.24946613860723,203.88575953572828,,211.86791687299305,207.0492784822486,205.7512963743032,204.53006959499774,206.34971689577063,208.78063200970362,213.72416507788122,214.5083180939209,219.46744158209142,219.80866996345574
195,2004-09-20 17:55:21+00:00,198.80479143569792,195.37480591887692,193.80368635148818,198.18528134293553,195.81851930795932,197.7867018172504,194.43000494906119,201.57164091081208,194.78942204094287,193.7045097287051,196.24014437267323,196.49673254014664,198.03775409706418,194.86895562808286,193.17164340649083,194.81783098992446,195.62894185033537,197.7269241086961,204.14268528354316
196,2004-10-14 17:59:58+00:00,201.89493920111812,201.4085228095493,195.4471991413031,199.03825960424427,204.2716157202517,203.53214238915797,201.19704237780104,,196.52211066595703,195.5880169425335,199.24634377256643,196.76718195067536,194.9546743638981,198.62544259740383,203.05565982372912,204.94263724856705,205.68803777290657,203.35260634433786,205.9001929897198
197,2004-10-22 17:56:02+00:00,194.31948839912104,196.44744656492992,192.87706306349065,200.4635225380915,209.03054335579938,217.21961611970482,214.2921738750917,211.6104626611556,203.6212773097666,210.48688040495222,205.18972570750026,203.23202125957184,201.33101040408894,200.3469045192971,214.4020048919436,214.69384740474072,218.47400477600993,226.94814756078767,232.68593842162403
198,2004-10-30 18:00:13+00:00,196.8210968967646,194.19931151646298,191.2394929800398,195.04156439091716,194.84271852138414,195.64458202038935,191.9288370053912,192.81739445358164,188.68953403899707,186.17632309361963,189.50830293501136,192.09824477393843,188.6813008898696,192.38359428991043,195.03488780734776,199.55687380671844,203.4568827212928,200.28246319655477,200.5783985739933
199,2004-11-15 18:00:19+00:00,190.17389919125492,193.83909052635718,192.52662264263597,,196.0204368803742,196.92556940703895,195.35499870442416,192.5319964239723,189.167958892332,186.11700039036424,189.2671643353092,187.7571244680409,189.79135750471548,193.1463810471078,194.55909706291393,,201.10238644043167,200.08791782190127,199.125718902975
200,2004-11-23 17:56:36+00:00,202.5699656121771,208.20911236242242,209.56067477102584,209.87794388265146,213.235595575232,214.7888321812363,212.62669045001596,210.7985240582042,210.85257737715435,212.69963256318704,213.54637590839894,210.96178749603976,209.10839187673162,212.76963002125768,221.01746797113154,224.46956859819394,227.32496207892214,224.77237906456543,224.07025310516545
201,2004-12-01 18:00:30+00:00,,195.4923799939882,195.23818580026904,195.62493856126002,198.0259669528042,199.02740175949555,196.64339934306065,193.35881731835548,191.29007341035384,194.78713326164348,191.34264844369744,,199.55108823164807,200.1207507932878,204.7299635668702,208.08189981470565,210.73811485508392,212.58966196773292,208.62342996115422
202,2004-12-09 17:56:59+00:00,200.69782685857734,203.288666908521,203.16025806293175,207.16468349450045,214.37004732565953,214.81783035738368,214.19046492403106,207.93199614649927,203.8090619310491,206.3682019901709,209.47527300758307,205.90641262280025,209.06119252759433,215.0836521035355,211.30489927642833,215.76016544091354,223.1015575288613,224.63709869647823,220.56010596927524
203,2004-12-17 18:00:36+00:00,195.4335628378593,197.49856005508218,194.72289735296687,199.5730565244645,200.88210343769526,202.0555592783268,197.88119047807254,194.70764702207015,189.47577287495722,,197.4957666614569,193.28282389101383,196.40245301599145,200.04291207201715,203.2958575967904,205.1259857276665,205.62995368107926,204.61885696543675,204.31767751516918
204,2004-12-25 17:57:15+00:00,192.64725061572517,199.3122067021865,194.4570476187019,199.16767364998128,196.53069275543118,196.76967533942283,196.70786666470474,189.41428002875,190.00108626575062,192.99886919866583,197.20228157914744,190.5549890213848,194.24572049738046,200.38468988826878,203.76684848990337,203.5636828892135,205.20557780212715,205.0349208854707,202.60485679584013
205,2005-01-10 17:57:25+00:00,186.44519795187836,190.99278659405914,187.2221863794228,190.0564999271836,186.75236341496822,188.25074435629654,183.63483142840124,184.59643799511105,184.96546371613206,180.18650640898005,185.27074849085255,182.16065598695764,187.57445512139776,191.2514895635141,189.80177667434245,192.76957633332452,192.47406013959318,191.65021704771263,189.06080619435596
206,2005-01-18 18:00:47+00:00,,202.0878990975064,201.54559827756646,202.9108741476935,208.1544084571215,210.6868308694177,207.2463732162516,201.02933608856108,207.07368995467175,210.95131601037198,206.1550287659895,,208.95792585044327,215.4420371737787,216.3569651572556,222.46320797404445,226.34745377283045,225.83910652749535,217.13025218200136
207,2005-01-26 17:57:38+00:00,175.81522065902863,182.28549041730082,174.18585204058775,182.58492009210846,180.43402872917332,179.6184900526544,172.67841484963353,179.4652303530122,173.34524253249742,168.16332974248698,174.8773972703701,174.8907777518201,179.5480680455173,181.82323028476594,183.0985456068555,190.17381719128142,190.51162391609773,182.33063042448617,179.67666119216761
208,2005-02-27 17:58:08+00:00,191.79886696600846,189.31853457464842,185.76613814598625,188.9297527554873,188.5973404022555,189.61483666156056,186.3085641598688,183.35717565053605,181.2963505242685,184.15968552124684,189.05537857946618,187.239545893062,189.81985527500248,191.95025284756878,193.31112704404217,196.20945485216345,195.90676763268638,195.3821608586551,193.092193037279
209,2005-03-07 18:01:05+00:00,203.62504149732683,203.16565224078062,197.76381095784194,200.29270436998706,203.58551372410727,202.0187799024854,210.74790099144286,200.81300197214938,200.75290717770005,198.85546565781328,204.7867482057816,201.78215494192645,202.13063921300346,201.17464947699472,207.6318374563927,207.83189268684495,212.50538329149825,220.20016385567118,
210,2005-03-15 17:58:21+00:00,185.67563950849257,200.27422914888353,199.2759632251873,201.34787732197674,197.11915199185066,200.12509597405813,198.53916010561238,187.06095523513648,185.33549216459642,185.97234909478345,190.17514083116606,190.7015017636244,196.80052132902895,205.42888900299798,203.74559376677385,207.23425588556654,216.94020471702842,212.50106745192357,198.1124594637357
211,2005-03-31 17:58:27+00:00,195.83072283480777,199.19198718556387,194.89252192580895,200.36773573739328,202.40244821075072,203.49324056992864,199.6069222196322,200.2203923569166,202.24106104572485,199.7480570735176,208.7705616439041,202.19917627097564,203.7723904476885,199.48586779696933,204.14292635708682,222.5862871682803,228.75364324958343,225.9845706768928,218.43590507822938
212,2005-04-08 18:00:59+00:00,193.15856487096295,,192.3513128048023,191.43668326460198,193.5284279313834,192.81326485167023,192.1926016841715,188.70427008447248,187.64717939114502,184.0515313993145,188.59814758346508,189.95685427614677,,,194.23008350799853,194.44691524125176,199.4976358960128,191.40799831082148,188.317901582538
213,2005-05-02 17:58:35+00:00,200.6894849040097,202.40468241527276,198.33763242591644,198.20737844346667,202.99206931962198,202.98312716003142,206.5125697074231,198.4299670443073,206.06757147593356,206.80932051230377,213.04691893682934,208.52876720282867,205.18931604289654,212.84184509293908,209.81428140607534,221.1284433705365,226.563654575822,225.42882718137622,228.80438077075587
214,2005-05-10 18:01:00+00:00,186.91129931907457,188.05249092773073,181.83442084898283,183.81005071036796,185.17495873684533,184.3205312654748,187.26433514778273,,179.9945563778471,176.3490073642048,181.6137169829051,180.1066439977238,179.27652844900257,185.4326710023424,186.49793845833975,191.33752636123282,192.38821431514958,189.83564452657868,190.43818320139957
215,2005-05-18 17:58:41+00:00,199.24392956587883,196.02649755300936,191.5246315538962,195.77863297303887,197.48677240494987,199.59049177518472,203.50645348481487,201.61619631887987,200.05593030295108,200.58019087712012,205.21813511576713,206.932731010419,200.13742711328007,207.27784966925185,206.0949339154347,211.71673927957906,214.20206012045503,211.31366190342862,213.555666672312
216,2005-05-26 18:00:58+00:00,191.0672707646779,191.6842633836289,188.43148258525093,192.6747950266537,193.94572621513242,,193.06613257262143,187.0733512215752,186.1100166648278,180.40453271475587,186.9951630003016,187.16511783121615,189.91321610203698,190.28098554019817,192.3839220992823,193.88058871009397,,,194.28954205469097
217,2005-06-19 17:58:57+00:00,194.6071899764206,194.27486159845756,192.18389820845013,196.4755599095687,198.40289850741,196.2731391889144,197.56337419066216,194.019855891843,197.92706069116463,194.7413172259294,193.29338139814615,197.00146729928315,192.4505832506233,197.31867418798623,204.46555265853024,208.7163405202597,208.1060731621896,205.9237298101057,206.53968887240637
218,2005-06-27 18:00:47+00:00,196.75178828803362,199.8092944090556,196.13309154695884,199.6425999270367,201.47784809297906,203.5951838055006,204.37024114168966,193.96632702761883,198.72683061950764,,,206.73035281033526,203.38279558290301,202.0139783345063,204.2886252529737,208.51828853673985,208.80088430741665,209.101809820594,210.14626307734116
219,2005-07-21 17:59:13+00:00,195.83699583430598,196.02424734128624,194.27365728235083,195.55973980146928,196.48549337496334,197.81624888617617,195.26082033992117,189.90868833682322,189.3923475372274,185.63062772184833,187.2320558220836,194.31437388541104,193.96263919264132,196.18847400675554,195.4609321533311,194.87538496627826,199.93374266944323,198.7544667305801,196.4387632468431
220,2005-07-29 18:00:47+00:00,199.35355872873183,199.9915884148233,197.8261397828601,197.31425965881857,199.50053079435006,199.0560901861311,200.460284472495,,,,,,,,,,,,
221,2005-08-14 18:00:43+00:00,204.90312643933757,204.57657954720088,204.4100408600894,208.13198203087703,207.7243248611552,204.1068506318299,203.2307422717705,203.7621523294262,206.534910879747,210.04629886139833,212.66446331056028,,,207.6044999965305,210.47434449812465,215.43864252318218,218.22210284997678,219.334260379461,219.79958373060504
222,2005-09-07 17:59:30+00:00,198.42315874265998,197.6077491452063,190.8537587548554,191.3117681801545,194.29482988431735,191.5992676024112,193.56162076729308,192.94586542484177,193.0305260983885,189.62721568691325,191.75084351991535,193.91904017415612,191.47689527785485,192.12935012233828,194.31142722414532,195.929298772763,196.6843682373084,191.5696536221278,199.04498501991748
223,2005-09-15 18:00:26+00:00,,,211.72453926670136,211.9042660544771,214.17522233060626,211.62672611347784,210.19763101626276,207.93972472340215,211.38686759221045,211.80578578740804,210.56993421374003,,,207.61523776415004,209.48133271492443,211.44467800204214,213.4009609738415,210.09076746048993,213.09756419465316
224,2005-09-23 17:59:29+00:00,193.2023711634904,189.96371942403186,189.19473637716504,194.2869585194386,193.45806199458542,199.50356975185204,192.27609653428541,184.38370417614018,186.418031063285,184.69612754699398,188.5738164281374,190.1779320012955,188.8986823528545,197.1168090537809,196.8421535847024,196.43516536636102,198.0161375997376,194.26971086100352,194.4652546631621
225,2005-10-09 17:59:25+00:00,189.73758469295234,188.92815747592334,188.8747076717132,191.5018937521304,193.2527756557194,192.50701496110838,194.26329195931964,189.17078653402615,185.8510618790976,181.73389885426315,188.61288175078624,186.13233877070147,189.72759167129186,193.50386294402097,189.89318790054716,194.4735292551056,194.5915926977454,194.034172892914,195.4903354447894
226,2005-10-25 17:59:25+00:00,196.09300370365668,198.12505435569835,193.29581491509143,198.4334420478848,199.64374682810896,201.94860620672773,199.06997791948618,198.04133677234174,192.230946626107,199.55921779205536,197.77242206788586,195.03666717275286,198.46363262977678,196.7987083918025,197.63515649515642,208.1925019880228,208.76917814072328,206.31362849014135,202.65389244084605
227,2005-11-02 18:00:45+00:00,192.84063150971798,193.40907220987359,,,196.4792256945583,196.74280680413852,195.30470031934854,190.52944066009704,190.87432531743192,189.3327048233095,194.25189617021044,193.72299738544945,191.93573193153654,193.25345606467482,,,203.9476084074249,200.10018580663035,199.2824468360409
228,2005-11-18 18:00:54+00:00,193.98085943031566,195.90509541142234,194.1202699808996,195.65778658755494,197.87762742829773,199.69061532839737,194.6722639358262,,,188.19957329498547,190.8545120881213,189.20636620290236,190.01968172236764,194.7345038247998,194.54035103183168,198.1456012091162,200.9575815287128,196.4555931322214,194.37835615315328
229,2005-11-26 18:00:03+00:00,201.81211888325927,202.6032549338413,200.21700882739702,209.49658052736058,211.643976225492,210.1447684781176,208.11032215032301,198.84267119704577,200.40769601300968,207.65299449013065,212.96462138122615,208.71131391215673,204.5992174988674,207.21857435069143,209.89178884953964,217.61864520734517,216.20417575825581,215.1029108994863,216.48212041433987
230,2005-12-04 18:00:59+00:00,193.46816045798238,194.74757885807435,190.62441833123205,195.44164202820087,194.45123206353247,195.8990666607474,190.91138375711398,,190.1380814006047,186.96141911119486,192.46097097506635,191.61029408930187,190.1756359635794,194.82521565943009,196.9025701006372,199.3156561696971,198.9723754123429,194.15365479282426,190.09659322860622
231,2005-12-20 18:01:00+00:00,201.43372027883998,203.0540553851824,198.68437942576855,203.61671113504684,,,201.6241418998777,198.0095519850028,196.16513681800672,191.13556395804517,197.12638158536674,197.04979892424208,196.55757880179652,197.91933081642958,199.07685787814324,200.47664172138752,,,204.49740192945617
232,2006-01-05 18:01:10+00:00,189.34522938394235,,190.89310799108713,194.73393382513459,194.98686499604682,192.19279610861616,191.32136841476887,188.16280258648567,189.70769531727387,182.71162929495847,189.9382079788017,186.1635533947801,,,196.34730781406392,197.93125288823362,202.60226378572065,194.34168131699744,192.35110332677448
233,2006-01-13 18:01:09+00:00,195.30406663891742,199.2991401708535,195.25429286888368,195.4143378958623,192.05675597240895,194.6986754954592,189.32826530753104,189.05132368561044,191.00749032630722,183.97810037862462,190.69469086159393,195.0552681009044,198.4257238993354,199.8623332713454,195.54279597888262,200.2479398738492,200.6751380092611,193.15346943424962,188.1337036702365
234,2006-01-21 18:01:19+00:00,194.84303254444106,199.4259792647237,,199.8152451290654,202.0657122578442,200.6501065048524,198.93935641617355,195.5703077127864,193.61131458673694,192.98118924126666,197.71019784950363,197.2038119253669,200.2318907283516,,,206.6220930480152,212.33159064021984,205.14622713763282,202.9591109323663
235,2006-01-29 18:01:31+00:00,188.84783912818745,197.03170115762515,187.87071439900467,190.78876430818173,189.60702269379144,185.84552493593822,186.40152008103513,188.03008793672572,188.08963055557842,185.84377080269917,188.87464418739847,186.704407501202,190.97846276571886,194.61269343179157,195.5444821786167,194.4586423830234,200.30365094301007,190.43273651003824,185.16444660859287
236,2006-02-06 18:01:24+00:00,,198.9842664445925,197.1852796348748,198.21145113529445,200.9602596977595,201.87638188307704,198.82214963266043,200.25719308092303,194.45685006479363,193.97162825322738,194.92087478356086,,204.39010554601282,203.61824455020394,204.97171386466124,205.52572442824092,214.10187252244611,207.6319042982253,203.1023239966486
237,2006-02-14 18:01:54+00:00,,,,,,,202.9537637427739,196.50385407363848,189.47938483177114,189.67274095414245,192.89723270139515,191.58407754431133,191.5872724722989,192.33604531478966,190.4096922047036,196.20447181788364,196.30163873468868,191.5607469140408,190.66082185227683
238,2006-03-02 18:02:15+00:00,194.4437056658917,195.7903093731646,189.3242369061379,192.12686581842047,192.54983967328567,191.57382744249992,189.06769547110076,193.37133199644074,192.6617904680171,189.9386672118155,197.01830443158315,194.00095193818157,193.3850410976998,192.48719163853022,191.38850096310279,193.7200817167643,194.66129162468494,189.00225850260398,191.98622449634405
239,2006-03-10 18:01:29+00:00,197.98740816050227,199.4841473965774,,197.93873945497572,200.45912208160655,199.07328796547068,199.52405984219112,199.15016041605338,194.8650309622455,190.700464220213,196.87005044811463,195.8663760373288,199.34387571287598,200.21923358987488,,204.63655353315306,209.1297192989457,203.83188329460515,206.81615094731757
240,2006-04-11 18:01:24+00:00,195.75033067560497,198.4795702144774,194.1454741461368,196.22492032459132,197.5533532934781,197.09907042096228,198.46606110008472,195.13005520276968,,189.62988175278485,193.4674679187012,194.28558158327783,193.3126280362917,196.4958084271525,198.02364373312318,199.91106545519494,204.5107603800709,198.79686606901117,200.63139806967428
241,2006-04-19 18:03:08+00:00,198.44194345325002,198.6507421702962,192.75583509470368,197.03160767366626,193.7894144453138,199.05470289239042,205.7659010118544,199.55297814694552,196.49284242926694,190.77261640901634,196.784378851329,196.8155748269678,196.16608060217214,199.4341013257545,200.00525160917806,201.85745199614072,210.39892371021986,215.28583268691682,213.8857456534182
242,2006-04-27 18:01:25+00:00,198.7878405974534,200.6124550020271,196.05112123324534,199.9565272759358,201.35015592183606,198.35976094562002,201.2102011270134,,,192.56186403322238,196.19106968872646,197.19024380286393,193.97200279323388,199.01327460604762,199.1083692980555,199.22929212797843,202.3312894863322,198.781362841131,196.35392794006964
243,2006-05-05 18:03:22+00:00,195.45227871040697,198.34232449551018,192.8541464391575,198.38993514090996,203.16861402828164,200.57390790044374,200.09531292999372,196.88821663653852,197.94767361678254,195.79830083335875,201.13481298281812,203.09693924495946,198.55978455855967,203.71685811452573,203.16142445670087,206.80398476205932,210.5441892342617,205.69171149038135,206.1925046882892
244,2006-05-13 18:01:27+00:00,192.91803604558396,196.65156264069412,194.73573812137494,199.37410636037896,197.19200155255288,196.757520908348,197.8893349182022,194.11848046755682,190.88483209245348,186.8595907681932,192.40730594517757,198.02057150990356,194.883536263944,198.45735236383268,197.47916376619378,198.53094412996307,205.47501993013992,202.68300413861755,198.4135087102199
245,2006-05-21 18:03:34+00:00,198.87901633684436,198.25560402001585,201.36490791764342,206.7488471146284,208.10053075646584,209.50651418267302,213.42790751149454,201.6949471858384,208.25996244979035,204.05268080801932,202.72372707082883,203.63419974091585,215.92839744819003,214.6105428862158,213.87264385213035,212.3612624802662,222.84745922115047,223.26099709655642,223.34652760413886
246,2006-05-29 18:01:26+00:00,195.1809275424444,196.26344537341464,192.33226458845454,195.09647450368792,199.24097737129526,198.05893634280062,198.96078854669406,198.41610573173307,194.25048361454253,191.05981884955247,194.32268673963785,196.26158320946342,195.1230042248868,200.69141748154163,200.19265232947595,199.84060062581042,205.0665256860106,200.4914774562696,197.02328196285984
247,2006-07-16 18:01:09+00:00,197.9522989736598,198.77529956471267,195.13261388919284,196.87066362383723,,200.47910420899493,201.30400409192274,197.1278513881561,194.38551147921095,200.04116531267485,195.56644051109225,194.99356664028926,193.0821842109175,193.59825850808755,196.61212179945608,,,203.10916384505506,204.47683659116228
248,2006-09-02 18:00:59+00:00,205.76233317030872,197.59835043745653,205.83268124438507,207.56639460345457,215.27846344656,215.04059634737024,212.3294409694635,206.5367649372917,212.16113406184274,203.372137581091,201.32894283298816,206.31521952327944,202.50107437425234,213.25472797836375,212.88118853990045,219.74631288450433,223.8134064418502,226.70460064962793,223.60653491651553
249,2006-09-10 18:05:07+00:00,194.89504993304942,192.06933560884642,187.4623630223935,190.83372208386936,195.08276736756056,194.81141307625091,193.32693622517928,187.7374335325079,188.2913912246312,185.3457198843305,185.87723336240057,186.4690737007826,187.7885667022702,190.90029108552343,190.32251931434087,195.86133025120702,200.84622924206786,196.69596831467493,191.63421651740856
250,2006-09-18 18:00:54+00:00,207.05131112659578,208.76062522010267,203.0095268838603,205.1157196721224,207.34259258762185,215.81274899198428,209.04439921614582,215.03290744089753,212.34749085041668,209.60544476864385,203.13800123973573,204.12248755939362,201.74562958192016,202.83024501850787,209.69215765790344,214.44942408526092,218.63709405410393,222.5964113993185,209.8339548420641
251,2006-10-12 18:05:30+00:00,199.16725517674695,199.62345362567743,196.0073713074696,198.36310650639885,200.20814251769713,200.11783779872889,198.45321288737526,193.96301255478073,194.3175601771154,195.98472260575642,194.5272798295015,196.77122664380508,197.42622781057497,198.71338509228048,200.86515655054086,208.15705673493807,213.71634371053426,211.74702274416492,209.91577473816434
252,2006-10-20 18:00:57+00:00,196.37244702165887,198.89272662557892,197.65426501751352,199.1004363986244,202.01935044034192,200.1255459086213,197.91007610838574,194.44586178602077,194.35690674936072,198.18606106398002,,,197.17358992762638,197.89655416143313,202.66730690504053,207.00327310331613,211.229455065096,210.18195091793342,208.65894845117012
253,2006-11-05 18:01:11+00:00,189.6883192681491,192.2839641820362,189.60584448822692,195.23852782784414,198.35931473029157,198.9996759572228,195.99208194952507,190.04065366808052,187.16999178525822,185.76518709595305,190.26665802147613,191.77565149103526,186.17393248456943,201.4727656703359,197.407239046923,201.79983616491916,204.69880750663248,196.87482801324046,198.56718070310893
254,2006-11-13 18:05:49+00:00,197.78381655401225,201.73632641464954,197.3543480027526,203.9925727475661,209.65160765952066,215.96812164062067,212.4803156945684,202.86746134639094,203.67919155566776,205.48912085556225,209.4996177423605,208.42896617653162,206.23463492147033,211.61994169215865,211.85532046341115,219.40965750811608,222.93454820272467,225.5995968899262,222.01810999546223
255,2006-11-21 18:01:23+00:00,195.5564580301226,200.3027793112853,198.86512999972103,201.6562078456861,204.01949145053646,203.7163615384587,203.0597324267643,196.36538817347093,194.73942511655795,195.2980193455013,197.41535909937244,199.96029902349468,198.80109623909576,208.0279194265116,207.24850123423033,210.80239988807588,213.1952937127088,210.88746651729187,207.99719138593375
256,2006-11-29 18:05:56+00:00,206.4279286659183,202.48285723241156,202.9942617090772,210.3293159417388,221.14786453389524,225.99985488072446,226.4271022748938,216.68414618621455,215.50113175250266,218.80949047663708,219.0326271050514,215.73435716591194,211.89658823099512,221.79143330678983,225.974288195497,230.57169303528934,239.17457860236937,238.55573486463635,231.3634873113224
257,2006-12-07 18:01:31+00:00,191.67320752906903,196.4042245001129,188.07446330991982,190.23979335286867,193.9848078880704,192.87336347607246,190.83717566256573,187.8935633496141,184.69922832053567,179.81837372270098,196.89045529482394,189.02910066134808,189.02534252044052,190.89932965947082,194.57673283010755,198.50465145215477,200.8592277622334,198.62704722003207,198.1484024755493
258,2006-12-15 18:06:03+00:00,187.50037950024145,199.49517237293264,199.1220145182896,198.8815905326587,203.40313753245752,204.88030501204676,202.97651934707193,196.61836979012566,195.24490911335047,196.01425122303988,194.09665720164634,193.8277998606901,205.7110816695411,211.42916409706626,214.1328389405773,213.31193780769377,215.85149383019962,217.981836417831,205.7926209575147
259,2006-12-23 18:01:35+00:00,192.57686856157042,195.12065215966018,190.88509119616594,196.01692092597568,197.0122414735731,196.43336977009915,191.3803994186881,187.07985718624275,183.83070939502534,190.15593866870086,192.8486889523483,192.24089345739546,193.90489163543583,197.15159200525306,198.80435469907,196.25443751706325,201.25589058421872,195.74299686046317,191.5427957396306
260,2006-12-31 18:06:10+00:00,193.88225992257136,201.86921971054784,193.6790314788149,195.42218813043732,200.47412642997799,204.03288253860697,201.95191474664693,201.15879221201274,198.8778888213644,200.91793429313796,204.4987067830103,197.4860961351934,199.3276089323179,199.64738429183478,204.7061399453271,209.89094751812877,219.00224135110506,218.77611363152263,209.44168665679203
261,2007-01-08 18:01:36+00:00,193.4498592306049,199.5749659371778,191.7230231191522,196.59527242558562,195.06080784962933,199.99697408490044,193.11032716782626,192.60555151435705,,,194.39418857954706,191.59048887492048,195.75601422220154,197.1924670825366,197.74993092581607,200.12469170263967,202.41409344324885,196.84699768239787,194.2092516139853
262,2007-01-16 18:06:16+00:00,200.45490128390415,201.28721595048597,199.32507218401875,205.92692978429704,204.61426476243446,199.7928799711076,192.04063881549314,199.78825125448478,195.28500000823766,195.623918390967,203.0857135529069,204.00543610430861,202.6505152142422,197.31558145871963,207.1189117004895,216.39680149051725,216.52827760994748,209.89670226222228,207.16261403590073
263,2007-01-24 18:01:40+00:00,182.55442772303223,187.08408901545275,181.17471266369625,185.7661933936456,184.36093338750035,184.69394286315463,179.91599619130085,180.9929888202396,178.58190571012193,177.70350499105115,,182.59148192229694,183.70434214305908,185.24398244005573,189.00143872351526,194.14529597120537,196.36953673279118,192.4546882539868,185.19899687391631
264,2007-02-01 18:06:20+00:00,187.00027710336818,192.49512931477128,188.31542163945412,192.94994079888198,193.3866661519319,190.7815252877187,188.69918657011084,192.58223534806316,189.07408198519047,184.67732306292325,192.45152302014696,187.38715786889043,187.51744237359836,195.3623668246257,197.08007463335315,197.27806700457137,197.75180059650575,194.87449091717326,189.8360732561808
265,2007-02-25 18:01:51+00:00,203.41196711569506,204.7056416057126,204.46036324465697,203.28318825618925,202.3433167974903,211.35066611706802,218.38815430833648,201.9089410693252,208.8073065486016,206.39341993817828,214.1529168453541,216.77924716793711,,217.17120920575132,215.50342581573574,226.76315045281189,233.090561581044,228.56228887655033,229.3520380146587
266,2007-03-05 18:06:21+00:00,192.30141038957356,199.75041004653343,196.43258190954586,199.6976438678015,198.918910407712,201.11566916376097,198.71779476224503,195.98619312955205,191.15881019192486,187.27830903397006,193.77947903530594,190.26693506371672,197.7221506703984,197.09910096248652,200.772440408683,199.34515578822396,203.5895147399163,200.4848689630492,200.3375325623286
267,2007-03-13 18:01:54+00:00,195.47815355134009,196.79806373428045,195.40338495174598,198.8137202360282,206.43785518198402,207.32126707076247,202.40324335663735,201.91626507949715,200.20441918404802,204.52398370996502,209.1971864435374,210.28614585213828,208.54634485209056,212.2052608138842,207.9168209190297,216.98352883809164,220.38119039511776,223.73418657314502,221.01414368056072
268,2007-03-21 18:06:18+00:00,195.64949351876547,196.3852499100998,191.91854544892544,190.7564753441967,195.27660631476573,197.33986329431673,195.1275495719233,188.322349068003,186.6100448193273,186.76231083089885,192.3372655955538,190.12444084549315,189.65903258058333,196.0790357048609,198.9100767229404,197.87648344372326,200.10975399549005,195.8618297042812,192.83048610120667
269,2007-03-29 18:01:55+00:00,203.22348444252037,202.40404394190887,200.9641418862467,202.6962863946653,205.30217272632504,203.85439617226302,202.89599494504205,201.43775239162136,199.428140703777,203.6449570358012,205.6844634756334,208.09071461960605,203.91344382517286,207.73642738591428,213.4833107814148,213.91405379166258,223.138284277529,218.14423707322945,210.70545094840054
270,2007-04-06 18:06:13+00:00,194.93049650744695,196.93957232762156,189.97125693866545,196.7342211046763,193.45686375373413,195.81463770561098,194.90654293006043,190.64596159049307,188.26379723442705,190.80359774416604,193.16001964122668,195.5874370644014,192.55002945150417,193.2030861926128,196.6999780897113,202.26963061077123,207.16366372617998,201.1151102694472,201.1184573176011
271,2007-04-14 18:01:53+00:00,199.69196143833852,200.2964190894869,195.98497236377136,198.5073562048832,196.50082323534858,195.76418258521264,195.77787190283618,193.1823567988021,200.16863983104366,208.0933179879404,208.2821602273064,205.548465828429,202.9422913141043,204.83668519474895,207.78814719497953,212.10666685882205,215.03727002302563,202.99268088533086,205.48093249439813
272,2007-04-22 18:06:06+00:00,196.0177883288796,196.47583268327517,193.0702936883671,198.35741295797013,196.58654716426454,199.5060553313579,200.02318321148107,196.54213225517728,194.78277341363963,194.667366245351,201.24807929266876,204.66004216493252,201.4821540635542,196.25020642830185,206.74946412580513,210.6004684355728,216.54185552845016,213.5649521150386,211.99246246918864
273,2007-05-16 18:01:44+00:00,195.94522987399523,195.2962165023132,193.37684321946705,194.2079548530176,195.8980390762354,190.872306691781,193.332728094065,186.25945929931692,183.56978302709948,181.61234420845736,187.81970852181843,195.3733096698779,190.83812565573135,195.24369298582036,196.60969870113053,197.83797775110583,202.72603112580452,194.16492420742046,191.4668591569385
274,2007-05-24 18:05:47+00:00,197.6238418230182,199.6811708141892,190.29701160434337,195.66023687603428,200.22811075876587,200.12412253852898,204.47451854604336,199.55003950186682,202.82005522103273,206.05372997192183,209.691450524255,210.8796829664168,207.76590574550005,208.83656993217426,210.27930327983697,214.45113830701746,221.18513512796233,215.83773851575916,212.63520449981849
275,2007-06-09 18:05:32+00:00,198.97263238845767,199.01528020892295,190.16395619291396,194.54037758648883,202.25343808181555,209.0708329661321,209.18632156112167,208.1061368396759,203.76788177607145,209.8944216597135,212.98018405997124,212.4925695445744,204.69864908334438,206.81190964770335,213.07075415182624,216.9072349259368,222.91857450569677,218.1793127787402,216.81965345700164
276,2007-07-11 18:05:05+00:00,194.32076821928786,192.7798914143837,190.17665047441002,195.48354052964172,202.86144225759836,202.85442612411794,203.87280460218008,199.62373765685555,203.73203289348442,210.86853261857163,200.62761782983182,202.21224876064437,194.76269000539025,199.07353351616632,201.10797581541618,202.02800649654571,217.6325199355898,214.36510438365255,207.38046462437745
277,2007-07-27 18:04:56+00:00,198.71703757575642,196.75509029462168,195.4778247749191,200.09333461750342,197.99550451153303,196.44710265843162,198.54907859037698,197.1798035071905,205.0302029305011,202.85507833911697,206.56675646518752,203.19677772194422,200.84966415362103,202.69673263369302,205.98594785102543,206.27862574449242,206.15257813694092,202.3836894755862,202.4610967574675
278,2007-08-12 18:04:46+00:00,198.4383886181411,199.85808722427743,195.96984779831212,199.31900686837304,199.20055204036902,197.0721690161395,199.81104125078292,194.53056534970838,198.59844559713147,200.2040727510451,197.76590510639764,198.73453619035016,194.54483696168347,198.84240983372916,204.65023306107003,208.1145086542677,207.5768040609481,203.34669795576866,202.61316124285813
279,2007-08-28 18:04:35+00:00,195.0657385061426,195.44736654029492,193.08917644282943,194.81168086461787,196.94354641027766,199.55263007071318,200.25509937977233,194.5464746806851,196.90444482130775,197.70844304447547,197.5656931717341,196.9746127526252,194.72474365530587,195.9626171902127,200.42228011836391,198.0383068201803,202.47014103998418,203.09987070874237,204.03125795412876
280,2007-09-13 18:04:29+00:00,193.6553850884799,197.02649894463485,190.82084414560885,192.5645489709911,197.770640729768,196.40992489207207,196.90143979648673,192.7178359858963,189.28199411684645,190.9411797749366,191.1170654572094,192.82984852744028,193.98741581904238,193.490438073586,193.31409451330194,201.88081567533837,198.9136136237874,195.19041577933274,197.4308539053589
281,2007-09-29 18:04:21+00:00,191.92444262439574,195.29448649306727,188.9170794494857,192.59439967509292,195.27186139051213,191.7282650808118,191.49371310117567,190.60729791647597,186.51371981068485,183.78286615813602,189.16664130905465,189.89822767285244,188.82436708568673,194.63536022024303,193.3465259824605,194.82625329802846,198.30645657076474,193.88320697976965,193.12293992307173
282,2007-10-07 18:01:04+00:00,,200.5451673980832,199.1446690714429,204.48341836767196,207.0162078454677,208.043737025119,209.22470508914762,200.97596488505548,208.207947865024,210.88192097014615,209.384390209239,,,206.9645022130851,208.20673460902705,215.39827872805344,217.11787171271902,220.4043911288874,218.14279262556914
283,2007-10-23 18:01:16+00:00,206.03825537721693,204.22104185893858,203.43584300594893,207.56017149835492,218.8775195730181,216.42672536736717,216.65340607486928,212.7470583147475,209.82537858489707,214.92687779366435,210.58275951135153,210.47996020755465,212.4446890125247,211.51346726326284,214.8610574514791,222.33244606319647,222.5264282014371,221.83908344399725,223.22374916507596
284,2007-11-24 18:01:34+00:00,195.24764565837265,199.0725461833089,193.31585883582213,194.60584025050198,199.12738262461158,198.86518033108553,194.6642598655315,193.8604938032201,188.32956536630823,191.56896052775392,196.005607227164,196.13674032547016,195.29281889016917,196.72730975709055,199.20223329828355,203.72705113631494,205.8283821957905,202.086118502778,201.760562110698
285,2007-12-26 18:01:43+00:00,187.95455905116097,191.8712782611653,183.97852353046562,188.0487006995527,189.02443896984573,187.1182657898131,183.82110565419703,182.1999025712159,177.61880660367802,178.0697882861976,184.0040957891181,182.6648460025757,181.57545841414623,188.89689348910315,188.27588112937988,188.93363876418528,192.8092511783456,188.25732972824875,185.46505994024903
286,2008-01-11 18:01:44+00:00,197.72659277838534,205.16876144286124,200.29109002907435,200.94948982087158,202.6859063640784,199.55859826046208,199.59332992854976,200.63293160937357,197.7756046529194,194.5478121931363,199.0569550457273,196.2445046556198,199.75029949337224,201.26036054958493,200.79150651788194,202.72431071775532,206.21695929553812,202.7159232911239,200.67875027188623
287,2008-01-19 18:02:26+00:00,200.49368141449185,205.12070271574498,194.43296866767332,203.06056421117958,204.64156532975704,200.9436100718596,196.5171963938235,199.7230455350728,195.0619389246973,192.83081423849734,201.15877129801794,202.80242428372483,208.49234024697517,207.10550269410004,209.77817727851584,214.74585262034446,217.32393574934366,209.66144297300394,213.47297697453035
288,2008-02-28 18:01:35+00:00,202.771062303116,203.7684090631124,201.0632343915555,205.11079383841712,201.9352469520351,203.30537995720593,208.70936240749904,202.4716604481824,199.7472272040739,207.33394606949963,210.51386985447184,212.93471534185758,212.16365326775417,213.7603373714353,214.67557624458,218.01709295064455,221.7998122711592,218.95908070364453,225.41611217682856
289,2008-03-07 18:01:34+00:00,192.29656184323335,196.62239453602257,194.88742651718593,193.54446039503546,194.87060397459084,196.34272806176307,193.27602851431055,192.48309441809943,190.5899083357996,190.57982263142054,193.20102135351127,190.53697402008396,193.13525613537314,195.77086963557383,200.58747357225758,200.16559070229334,199.66276544132577,199.16180571121797,192.25659822708272
290,2008-03-23 18:01:13+00:00,194.23519869435762,198.61353931554856,192.80394281849158,197.52332565052325,196.0775254300059,189.58602821622105,191.05594577361276,185.98645038040772,180.72717054610078,180.5896872791509,191.82669674180812,196.10023525365835,195.29482953316813,197.89150825661426,198.91709326962533,199.47418075910613,199.74655911247905,192.13497652693124,187.1621395328711
291,2008-03-31 18:01:32+00:00,202.5868834989857,201.84396995085723,203.16103259343575,203.49090411679936,203.18781160048587,202.01923452053308,203.84677106827309,205.3601147490381,202.57017630581177,212.1763079813387,214.8808187046689,210.8529476290443,210.99152435327625,211.9430135058055,210.51116027934836,216.12405626312665,221.68508660741463,218.06013040328742,213.82017255784046
292,2008-04-08 18:00:51+00:00,189.1869287666944,191.21302787726947,185.3846918568374,187.98746135735206,191.31986842897422,187.33353488006514,188.99343188353555,188.31278819358374,186.87925141869454,183.54668714596977,187.5424120929003,188.26879474271962,189.21859130543564,193.33203277064825,192.90264446261705,195.961208585943,194.27804352936388,192.29069228928967,190.6697852952118
293,2008-04-16 18:01:30+00:00,191.24953442349755,191.70859689116455,188.76122194120455,190.00928730215225,188.57536396989155,187.92934290000693,191.96808308560338,186.5044194780678,185.34870320354713,185.13573689740952,185.6993344604138,191.04267513073336,188.67946201055543,192.11596034707958,194.61379798729268,196.76960075351658,204.748526578206,197.89664444678533,199.27673867967087
294,2008-04-24 18:00:27+00:00,196.34448826115766,197.91280797937793,193.63463452287647,197.7342699823106,195.73627713135357,194.36001175596363,194.2629134851235,187.3711085233253,187.31314971361633,189.483700261266,191.8512721803568,190.80066825876102,191.5514800665773,198.59295843934797,201.89604510833652,201.31793037147287,207.08075853945815,202.17291323270643,205.06845378096168
295,2008-05-10 18:00:01+00:00,196.46890415565372,199.61001300761168,194.48471942211776,196.40451111305782,200.316572582766,199.85849770272625,204.54667781896268,197.66634285892283,196.75169978385406,198.41943327890277,202.84911976845098,203.73730518125308,204.08157789822508,210.03159956494602,205.3250456240614,214.2002288732097,221.71884902833114,223.20296774665732,216.2744844711284
296,2008-05-26 17:59:36+00:00,198.18587338331693,199.2337087764747,194.9521155202313,195.87611355667616,201.61929577521818,196.1764450133315,198.30229831319556,198.17029166656866,200.05344731032824,196.52883926132682,195.87029718591717,203.4746691792715,203.8123633793828,204.117556348275,207.37669343931455,210.98439795018322,209.4048575719577,213.45935804100742,207.08550477674785
297,2008-06-03 18:01:13+00:00,194.66004687546211,194.05593988778,192.73683247209846,195.70882855483495,196.50430641319988,194.05831258744246,195.2146036881222,190.4186102368252,189.57657431505262,189.95058436872387,191.28638181072193,192.26446236613407,191.93449127307923,193.9040511497289,196.43373214619044,196.20893011163162,203.59835397348493,195.5557257859861,192.58280965428906
298,2008-06-27 17:58:43+00:00,,,,,,206.71018903455786,204.98855789463767,197.40196080546434,194.06894777994125,197.58666442321436,192.24328801717706,190.4194029561512,191.7498174151109,197.557549527604,195.57351520842144,202.78864393016312,209.90601140540758,212.3574924260244,205.79445827824085
299,2008-07-05 18:00:54+00:00,191.6058443292943,190.29252877368612,184.7104414018645,187.30492139803357,190.17307825790675,190.77953234925786,192.73474680707622,185.6699304790238,184.13182686927104,182.55303791749762,181.7716182121182,185.75402829694067,187.25129523752736,190.657099116784,191.32266944746848,192.8442775225392,196.02154798919574,190.11281094858435,187.90855496891612
300,2008-07-13 17:58:16+00:00,202.0184093429917,202.5511035716871,194.99715596385596,200.47463420625684,198.25234291292918,201.44038710183108,203.36412545846565,199.91541583214266,196.71775919948828,198.0569160096577,196.35111953773452,200.57380937823456,198.59881680274776,197.94546359572865,203.41101870047495,206.25232874870048,210.36201082895946,211.01155688946582,209.33046903899736
301,2008-07-21 18:00:41+00:00,196.5213324197161,199.12631651665512,,200.8256605339704,200.61120870737898,197.72790994828514,198.90963291679782,195.94467726689794,196.27230158827132,193.78893193112265,194.43206978648448,198.87292995420484,194.8726706071501,,200.52255320191546,200.538441133194,204.67830589647548,202.8952172390616,200.53152531129987
302,2008-07-29 17:57:47+00:00,196.71664691462,198.45501667730719,197.17322341168716,199.4408805622213,198.3204286405546,197.59269520369418,199.30481392395433,197.0570902960314,203.8502674532988,199.29158949577095,201.49223030126382,201.60768451876996,194.6983456246167,195.6640678408948,202.4049794425484,205.56171755082124,211.5240266001106,211.6780188074881,207.86803283969243
303,2008-08-06 18:00:36+00:00,200.51925482233077,197.80903628526312,194.93719928644018,197.35996625791404,202.53799446400865,198.64965332409452,196.86598860597556,192.47508811784496,197.58389448605703,193.01245613973424,190.41391770791026,196.98067881889375,194.49679088702885,196.99306748137784,198.6076653140553,204.29077044049745,207.3644478962883,204.70825743763424,207.29447532477462
304,2008-08-22 18:00:29+00:00,199.40015634597404,201.53794591849783,195.5154091662985,200.39716971347195,202.40646795222517,201.3279394933667,201.0480255175273,196.89780976896498,199.90250502071368,197.30543034449107,198.94080022805795,198.80739632425184,198.28725658149412,205.41980304573548,208.33283078545054,206.01265831742222,216.20783779009628,211.70918211414846,211.21603094168722
305,2008-09-23 18:00:12+00:00,197.68291913473894,198.01495787792211,194.61763083046597,199.63923387331886,204.8911126388059,204.3801469395072,204.66448631177255,200.3173416389326,203.71393922453785,202.02099669434818,203.07730564849578,202.83544494469436,200.6585813541204,202.7931605389233,206.83735966997278,209.5495833723583,215.0523282665485,218.50090727693606,215.98089925712458
306,2008-10-01 17:55:56+00:00,198.6633705568375,195.47916705992134,194.3667519346806,196.86755723420023,196.87387553699753,196.60862419966898,194.45125721521094,190.20659723114852,188.72967979433292,186.23469733782161,187.51009950371582,189.18613901397964,194.8519038882712,195.13865847189527,197.68919023272136,203.110239921469,199.91681522422937,198.3519636150706,198.17846879388517
307,2008-10-17 17:55:24+00:00,192.98945628889624,198.4723344397105,191.8711765270783,195.20315130857165,197.6188910752889,195.9992366223964,194.26707495160184,188.33420137466132,186.85752547371334,182.892802053242,186.7795963216377,188.86055689711083,192.38915770518966,190.4025324078538,192.92281853451638,196.61099470857664,194.96469046927515,192.52349306932567,193.46939936907694
308,2008-10-25 18:00:14+00:00,204.1329288505034,204.6038585180217,200.69257802624173,203.7439825574216,211.4310729216486,214.95561129155172,213.04481081141986,204.71570580363246,207.88024214641163,,209.37802065025318,206.3223216522739,205.41872788897663,207.19278722631768,208.56486576916473,217.88112523552502,220.189250153177,221.96589681879834,221.9050479982286
309,2008-11-02 17:54:50+00:00,190.11508114106636,192.08801571577303,189.87060908239823,190.23770246582615,195.4838739992216,194.592172897118,195.5351919756355,185.12113306556463,185.78911141201843,193.94264641316175,194.21128881834875,192.2625111374503,188.83717292989255,192.36341862427426,197.98851709751455,199.2361741927117,203.2607959052732,203.48524352085883,205.0437540304407
310,2008-11-18 17:54:46+00:00,193.5021783957287,198.7359213685365,193.57466303556367,195.3990161205619,205.9774669061709,199.5214788633992,196.5605103215784,194.46749420467813,196.19353669781117,194.92719663902108,197.9759978175248,193.2766361182545,195.09960020961995,198.19290545165057,197.6027213717128,205.38500642149066,205.403961362563,208.59818128184205,208.0526446978588
311,2008-12-20 17:55:46+00:00,204.7726750214257,209.3559896886826,208.25989552249854,211.50034458948022,211.34656719180026,215.78723553908492,213.94308252662086,209.61327442813203,212.22921363147714,213.30158215391805,211.0435848086231,213.36050106274172,216.92351418820732,216.75780379124387,217.81037177893575,222.26114227199207,224.9280841143314,226.4243001588274,229.13689769639197
312,2008-12-28 18:00:59+00:00,195.16153759083574,199.16947255000923,192.33522604610172,197.4353161262755,202.1886056326706,,192.83402365807822,195.58640433298058,193.02926803971906,190.844641903163,193.33070139053913,195.36032299115655,195.73647242368193,197.7760222229287,201.70605732927646,199.03789457802586,,,196.97740444977381
313,2009-01-05 17:56:12+00:00,201.10022199764057,210.37761582032556,207.5613572128482,208.73152013557538,213.95238746481516,215.57857317445075,214.6603609875266,204.19181478186414,201.25650113374195,208.03215946169735,216.37826583435682,216.57674557219252,213.4246494874417,215.43604880276968,214.76111961158298,220.09256057542638,221.87381946619382,225.59219707363468,222.1233926068357
314,2009-01-21 17:56:37+00:00,193.6323413633309,196.04440271432006,192.23638526678747,196.85441473665526,200.72271064466457,201.816532169656,206.8584263433528,200.25078784123644,202.68264285246093,203.68835853918847,205.32693656661436,202.94599685472105,203.71710262978033,207.22376477928668,204.3852658281192,205.64882619597108,217.27225309627852,216.71101639240203,212.01829801590375
315,2009-01-29 18:01:09+00:00,192.24712718936684,197.76250494862632,192.41275762100494,193.58134469978583,,,193.64839271479116,190.51056175173142,187.90249791445532,185.87487178653845,197.88747291155818,195.0793068288696,197.3227601657174,199.12891111735334,199.57170979056414,194.83126814213085,,202.55910412167634,198.11834551976463
316,2009-02-06 17:57:03+00:00,194.93487732905473,199.52774345387326,190.8468813173532,202.20255072258973,204.73702022045072,200.76390682762343,197.88079932464927,201.41237882307917,199.49478406929387,202.55796223265963,203.99578096462466,198.63586123755803,204.60991525286158,205.73069305347553,202.71851372943271,206.40428747884786,212.59111852559775,211.99749997162075,204.43993925002346
317,2009-02-14 18:01:17+00:00,196.3318858494335,197.945738778617,196.1687734845354,196.97228413521856,200.5167592032941,198.2746517561989,,193.59176565839073,193.72908239964266,190.48758227835913,191.6940910656911,195.70940206020816,198.42112113276747,198.28163733375357,202.14982160562488,204.57101981775648,210.95348179572017,206.449875973425,
318,2009-03-02 18:01:26+00:00,201.39291306369333,203.99445665380156,,202.138656540781,204.78491947689778,205.48158728226662,199.50706543549205,197.67598456239244,200.78661489419935,203.70539818461984,207.56361951819008,207.24064876766676,203.08865336062047,,207.51145131432213,215.67853048451147,222.71340114263276,216.64049181324057,212.73690885970657
319,2009-03-10 17:57:49+00:00,190.94192837862906,193.58033248619438,189.35938645483435,193.3108664472212,191.4429529231041,195.97783761943458,196.46385360336325,193.5183431099637,191.37811624263406,185.67768327220637,185.99898556393262,190.96667709341446,190.49669482767905,192.1375645956736,191.44659332522576,195.90513777075788,201.86990136965363,199.4359282043485,195.59272535450225
320,2009-03-18 18:01:34+00:00,203.29861229050965,208.68276681916518,203.91897263584386,207.0870644092825,206.00375411881913,202.16549537235417,207.28550651199703,205.89123575673622,204.98545733115176,209.51383347224194,210.64115903886307,212.728838509386,207.6920216392848,214.0670041347007,216.07930180762708,221.47608980962812,225.6326502298981,217.35187930025728,215.66339598050868
321,2009-03-26 17:58:10+00:00,193.2077761059919,193.3123885900911,188.96177586175546,191.88396866996726,191.8611990556304,193.678330707766,192.71222178800244,188.9877680452787,188.46265674774176,186.04443086704237,189.24586307399036,191.62544632861176,189.5006993308701,191.69294018927533,195.86471898975302,200.07362846591923,203.69001965815895,198.30366978298932,194.32833092357913
322,2009-04-11 17:58:30+00:00,188.5401958088775,187.65257390930753,181.29147423973689,191.04103416842418,185.42188115560398,186.61957908257892,191.73937196556736,185.36744105309643,182.5879837879226,176.6006966012293,181.58915484980864,181.22947735663087,187.39221508304698,190.28154770712038,193.18415734361028,196.94548705133067,197.25782952259593,196.9731054820969,194.1930944243012
323,2009-04-19 18:01:44+00:00,219.50088426569903,220.53371134172852,219.6433136513141,226.77030914771964,229.306058939534,230.61207608356875,231.71053949724563,231.6261010692897,227.85292093766498,229.37260859955205,222.23157700638072,230.56853670498532,234.52338440236514,234.10495168845557,238.24730804046982,238.20671820448865,243.8241852473858,,241.42875974234892
324,2009-04-27 17:58:48+00:00,192.60289828707783,193.99122717541294,191.8946186831269,193.18643360883928,194.01894152621546,192.87902926554966,194.23805513658317,194.87091097629246,192.43455765916391,189.46755594612674,194.99803112539345,194.72184557301782,197.15195475169094,200.73141428052384,199.18599974896395,205.7491710032961,207.0223470295296,201.34210383119023,205.07460136252206
325,2009-05-13 17:59:07+00:00,192.67081751356307,198.7520792945975,189.65044354890904,193.21584383243837,197.27997603497738,196.7112768636627,197.9420409442571,188.07557414027195,188.4408854788713,193.04405205364503,199.6518191426474,197.05693471955396,196.25654230000367,200.47361219703498,203.33638446877595,206.20349779961614,209.11578102209376,206.65111971680014,203.76925142863797
326,2009-06-06 18:01:49+00:00,195.10482748903289,196.2529234860508,193.8696744250942,200.36374946216299,202.11128438160605,199.2052736093981,200.6692149480814,195.9893631176433,195.82754830435104,193.22294979429847,196.12236346803294,195.04957442900783,195.9262727426617,197.7271599586823,203.16700203567274,205.649314926767,209.19371388240856,207.30440566354625,203.10041972763548
327,2009-06-14 17:59:41+00:00,201.22770849641017,202.9205348266379,200.77038990951888,202.8967809934121,204.82883240757974,204.0930554926167,202.8300897045429,201.7917379903206,200.46877060265163,199.3016101354886,203.39041681172904,210.20903896896868,207.53048846895894,207.73324820162173,214.93527230083225,216.44127999599698,215.8927792658555,216.94907633177866,210.26825207519565
328,2009-06-22 18:01:47+00:00,190.3667988426916,189.53091005805257,186.74208486253792,189.66514086371706,192.71289732983007,189.99247853947924,190.4418433572414,189.3348178015496,187.27920059157677,181.19691791828757,185.30610915492224,186.4475604054615,181.79600794664844,191.3682175899434,192.46192978680864,193.69711791198768,197.4650294158672,194.42156727852978,194.57327858952564
329,2009-08-01 18:00:29+00:00,200.86939790247317,200.26029221590636,194.59888877653273,197.43842363054617,196.88763678872658,197.05066691542908,201.44338141598502,199.8004582533304,195.30389148282478,193.85843692230637,199.38897036342595,199.4714630821839,198.3787974597284,199.0827680264636,198.16839909939137,200.035254877472,203.98739496443355,203.21050067546207,212.29091715145364
330,2009-08-09 18:01:33+00:00,193.3085264455601,202.52645419972526,198.53564127984103,197.1892250128327,195.8573334723936,199.19380830644508,,190.11386232550285,188.74244698343983,189.45066687598813,189.4309748725686,187.70383788432662,195.75795022513222,196.49964222241795,200.34736248846582,198.5155808580715,205.92096674861705,197.38085361580542,
331,2009-08-25 18:01:33+00:00,188.96739657453824,193.5974376638942,192.19063863306874,187.26789123077378,189.32290068788262,187.10604739466,188.1918088211291,185.40234489479332,186.73055141187348,185.98362843786254,189.24009139086044,189.8834906206228,187.13174547101514,191.36633490519418,191.348395266265,191.6480479230786,195.91937433585244,190.77189650175518,190.5005069616904
332,2009-09-26 18:01:31+00:00,205.53597016027908,206.50629442782568,202.20926626037513,207.00983173496962,209.84997906119128,206.50478205090326,205.61314335850216,201.51571717514383,203.05501581198672,205.10239400971267,204.16161180397643,205.591766610813,201.9030105068563,202.7844074511865,206.83546447126042,216.0838921691739,219.6611100863749,223.32912182179996,219.63573411427885
333,2009-10-04 18:01:22+00:00,194.96948990510953,194.1855768273635,190.27242362660363,197.98502177820527,196.79421556815709,198.26816864686705,195.7140650131873,190.6571785499122,192.70625355805475,185.7928096321268,188.4822360629016,188.9335295424253,186.22672955113887,190.9572635466496,191.28800925985172,198.5725638912578,200.30182164621243,199.42160032537737,196.59741507694991
334,2009-10-20 18:01:32+00:00,186.10709064783958,186.6835001583516,187.080115021092,193.61819782293472,195.08573308568657,194.9073477253569,191.27327705422877,184.89423162360123,185.02327263632048,183.1526731197219,186.32909280314,182.54113244191825,184.81790113065676,190.72839765780117,198.46939931640836,196.456065954079,198.18050800225618,196.47676852995608,191.81347954663892
335,2009-10-28 18:01:44+00:00,195.6759944248809,199.99577533904926,195.6428687188936,197.2262035112399,201.8553597493381,201.24388608259352,197.62055289786326,195.02440211585662,194.69853054924445,,,193.99098163485462,193.229863226051,196.27712725048713,199.91725217102498,203.53200392400018,206.34767235559414,207.7731441826793,205.20347336237674
336,2009-11-05 18:01:40+00:00,194.59840173599014,195.90936360723435,196.09208515166202,194.676397633426,195.27236844038922,195.77788763609027,192.23044935201685,185.95843465538178,183.32237408704046,181.8943227615416,187.10950362704375,187.9948334208455,188.20196365765273,193.6051578128944,196.60954790094456,199.75527017696183,195.46001351161254,194.9901114429271,191.04388715553563
337,2009-11-13 18:01:58+00:00,201.27329947205175,,192.2011246469038,201.33926834660087,202.5407920684276,203.65416371408156,206.28204720547564,202.12642287940932,199.7211667009044,203.96541710363448,207.04634180258427,203.25050882604648,,205.38926409246383,206.24098441540764,214.285181596011,217.05745598973346,217.17165659176467,214.80081118048662
338,2009-11-21 18:01:46+00:00,189.88309985106653,190.3527928162132,185.59546906550412,190.39623739094037,194.04761596761213,196.0954430108179,191.2035944898272,187.86960953011118,187.44073211052216,182.18085186354108,186.50969327578315,184.810229511964,185.21080485038033,190.3851347939164,190.2136662614701,198.32308382406944,201.45959247103534,197.3773272976524,194.22517981545096
339,2009-11-29 18:02:10+00:00,195.58310592623704,200.27012781676984,,,194.0056970965684,195.7250003891204,192.7411735397359,186.25177368792248,187.98361722449278,190.25650748953348,196.2172914127828,193.69811835577343,196.75228327568666,194.2163376554381,,198.96063694862505,202.38293134932235,202.81577955063813,200.4272507496899
340,2009-12-15 18:02:23+00:00,194.06958887494278,197.83320728941533,,,198.38229860052812,197.13910240582976,193.44237657310458,192.3177253250705,194.769705408941,194.87681465210778,197.14742118088782,199.83273032488134,199.13705356598103,195.82781207824019,,201.8216484285315,205.56790985933532,202.9766485508173,202.07833509022274
341,2009-12-31 18:02:40+00:00,199.7089786115336,207.53002292095024,199.52575755814178,202.636609537421,206.9856026618354,199.37447617523003,196.2697542162235,197.253237870951,197.2874288138326,192.25677216126118,202.17152804464274,201.11168774705305,201.5259588771351,205.24454008145608,205.0554600543163,205.63155280785668,,201.71508953677605,199.7766188956738
342,2010-01-24 18:02:13+00:00,187.38314947735233,191.54503217323645,192.37773941390645,190.9207496706973,189.78574057278703,191.02876187543993,187.67197677500548,188.49544457914823,187.04276030576818,182.90503226153845,183.8795665839499,183.13294253054602,187.28567393461492,190.77044063521254,195.55554885977028,195.11720973400756,199.63783133397308,192.26949244290736,195.35409875276318
343,2010-02-09 18:02:16+00:00,188.48969713931598,189.66198863486898,188.37678969578448,193.01762687368716,193.13723622405368,194.84619562386013,190.1491050843645,187.0052358864964,188.9259935844804,178.00195853873316,185.08113437788205,181.87788634838319,181.0810854486018,193.55575755265292,195.93396884478244,199.25194744733548,203.0071156544706,195.59903016691902,193.2150564195233
344,2010-02-17 18:03:19+00:00,190.62768637772027,196.87521969756926,186.1025508278416,190.03767029977752,188.78668723815855,198.46032231186075,193.20054562131685,192.79047426229397,190.39736338209957,187.56562083540996,188.6338729833551,189.29524030886003,189.05619242400644,187.85471662790923,191.08813338096041,192.02963980634883,197.37021428909114,194.47491714679617,191.01043334408786
345,2010-02-25 18:02:19+00:00,192.67567258697653,190.81498084107477,191.38268849986915,195.69441722592808,194.73509020652986,192.65241300739183,191.4355952438282,189.74033323283572,191.5451986818627,186.46984194785892,190.03792221347325,185.94606325699823,191.09166698945543,198.419358009714,199.42495739847226,201.54846658448804,204.40452646616626,195.6026135046086,198.02600595089288
346,2010-03-05 18:03:27+00:00,197.68910679313873,192.73441556733906,191.68297008624322,192.79846962906151,194.84818204552352,194.1373630326363,195.6644425156266,197.64896131435793,195.50814558530993,191.64488007200424,192.12747674192462,194.37835195197943,194.22688810287144,197.68276090743115,200.94716257018297,202.68834029630398,206.669258739942,198.72176703559649,197.68434462808656
347,2010-03-29 18:02:18+00:00,192.1441366519008,193.08103545466832,195.27888878614013,196.2773650799303,194.90320130761762,198.9516550531627,192.2935789798532,183.66037608321622,185.82557283172565,179.04693255246775,181.9563819427073,192.02588089300843,193.95151918287115,195.06826113707606,190.9506396571306,196.5500606241044,199.8826824073384,193.36287039979592,186.31050559198533
348,2010-04-06 18:03:35+00:00,193.0410661866852,198.04758150797062,194.3704713852347,196.9290090780907,198.9104796464342,198.85778660329228,197.38598855081912,189.86956358463192,190.9601618285102,186.2208754662189,191.10180647679107,190.80033032751595,192.4908616000609,198.25572849053754,200.90264760319806,201.74391829096515,207.39377234444189,200.71317773476704,202.17495195511583
349,2010-04-22 18:03:35+00:00,196.02724547404782,194.9856357735944,192.21877440643675,201.07858095704373,203.57443910443368,202.8409194423946,201.9207554834879,198.901314451912,188.1130064483531,186.64103410380145,188.05235091502686,190.51574176741053,189.93413870547175,196.1966316141682,208.18613047506764,208.43343712441137,214.87181932706454,208.57560966801807,205.42949083147784
350,2010-04-30 18:02:12+00:00,179.00142063272003,184.7642692895065,187.21149009307322,187.99315628547416,187.9942619424954,188.9825918603666,188.12692242895162,184.92508112656006,179.31458129273713,173.6732281116271,181.8435564403519,179.64300369419934,180.5496492183683,189.85668761393396,193.6723182675294,190.06766894113375,196.08118216921258,187.1599945771347,184.8997955850926
351,2010-05-08 18:03:32+00:00,194.92215038123825,194.13594462181976,191.3259889777397,193.31061544974898,196.4702195832969,195.08302712974225,195.41994273951008,196.099305360433,190.00679886387837,185.2992244714562,190.6667898790489,193.03410451487798,191.66384605116903,196.99582616862813,199.48177402134002,202.88429599928543,209.60987156877061,203.45621839968905,205.50491727367344
352,2010-05-16 18:02:10+00:00,196.50190728663662,197.48501404534673,194.2364345311454,196.2115984048594,197.31861857532743,194.52309394580215,193.7420872515879,188.81162932702804,187.95286665785733,185.58649312756603,193.25688859990936,190.12726168233422,193.8499627489952,190.90444987401048,195.45039997975306,195.78576678932984,198.33976981131065,192.23734494163546,193.95919160919868
353,2010-06-01 18:02:05+00:00,197.04515931936425,200.25004846675807,195.09265143983794,194.7394660502214,196.75162185219457,198.09914592074887,195.5106938548819,193.80551996810158,187.649944657688,181.5053862061971,191.43893528469408,189.6205228732013,195.14866357725708,202.50367152108313,200.14137889842465,200.43664312861833,206.93869864229742,197.9747659591772,194.78053721538205
354,2010-06-17 18:02:00+00:00,193.0431053168137,198.1311182974951,190.29695661979025,192.79763700120532,191.9334036730595,195.36388084662605,192.89265261861652,186.57061206791573,185.91130308095205,184.55300474248097,188.8900894500577,187.41246718755684,187.58975187873955,194.92395612344512,196.95742932655116,195.78244657137859,203.77210134920108,195.96643424655585,191.49931693910827
355,2010-07-03 18:01:56+00:00,193.19395370303224,196.2446600110577,190.67291390885075,193.932277410378,193.68392822344774,196.23250355438364,197.93245475513237,188.62828936347825,192.5077075879113,181.77118045983616,186.88840297772396,189.98589474845363,188.44417869327987,191.79086061833195,194.07395894733756,193.19836394860212,205.17364074740345,199.01858353249236,197.5408959006242
356,2010-09-05 18:01:38+00:00,194.54874656411974,195.47415508691364,191.8516258108278,199.28120061118722,201.42184340855786,203.00353711485374,197.76870278243945,195.44942037942099,198.50647687195777,193.86472735688508,191.2896644770822,192.83262814262636,192.1641135030559,194.671507166435,200.4510199845985,203.0042748775663,210.4297762322239,203.58522162239524,204.5800461804744
357,2010-10-07 18:01:24+00:00,197.08523335106565,202.69430858463096,197.6193901412155,195.13070661699305,202.58626503747638,198.68236331651406,196.6300239418639,194.19471852392883,195.7863925306908,193.8254128939946,193.35746894176435,195.19946142247807,192.79547430902971,199.74596859471183,199.52625263108558,199.88987806175533,205.32888733333073,198.69463317882293,200.3107036894906
358,2010-10-15 18:03:46+00:00,200.37244020639582,201.39139580959142,199.88062547566926,200.51618414644588,204.53315771854665,206.62779741523866,,197.53460086910815,197.82008606088473,205.0049703994089,201.1817433523467,201.69282799827084,203.64926279431327,202.52025455771656,205.07385930240565,209.68251153983596,213.0257065131339,210.3249877136376,
359,2010-10-23 18:01:15+00:00,196.3142178633062,199.63325048340852,193.4865458369465,195.41044827508517,194.76811608281804,195.4397032859735,192.80778153593187,192.84378882596553,189.8932434081238,193.30117590998157,193.60504691989493,195.38682460914313,192.9760356774943,198.02270794281506,198.56225792152844,201.49680844726248,203.76755352155988,199.44443960850737,202.82547776746958
360,2010-10-31 18:03:54+00:00,202.25767347879824,205.3973074869221,199.3931841141149,200.6213609054901,,,213.37637013839156,208.80846450718803,202.0233512725722,213.27542821754187,213.27976690447915,208.96727763428666,206.952948858531,212.4917228780804,209.7823589177557,213.49730054427687,,216.44509735873748,224.33134902427577
361,2010-11-08 18:01:10+00:00,185.58972499741748,189.7614835570756,183.33252379692254,184.77060979969627,193.66206418003304,191.58252064131113,189.1420568225006,182.56230536981263,186.23974181224156,181.02558281808385,187.36511420218022,182.27873468521489,182.46766853373504,189.72143904646515,190.96517596185163,192.38466461589834,196.6605481236324,193.74989577008827,186.49861290804492
362,2010-11-16 18:04:07+00:00,202.69035585350926,,201.60381903324065,203.7136898055918,208.66953159613558,211.5463503306533,213.17206819971642,206.52644855001103,204.5169290156258,209.0703861805816,208.5820125983941,,,210.4048232137568,210.95165827468682,225.14710088429746,224.78481306379888,222.65175738891926,219.16714265206946
363,2010-12-02 18:04:18+00:00,206.96638835968693,208.40662884211795,211.07987781643737,216.85342150866427,217.01324791422562,220.44389394796644,222.1498041149407,,213.59234401589794,217.67001173352787,220.7712825187233,220.15972660792033,221.23188569277715,227.98758326625966,225.34505281643092,234.20030663762512,236.2610637517919,234.17412753309253,
364,2010-12-10 18:01:12+00:00,183.74978945001567,188.27253783470147,186.05813032575207,190.50185160234884,194.32644483403425,194.084456853037,188.6508843814496,186.1970582857037,185.54414169929794,179.98139911605728,186.93436152870524,183.74527552611642,187.80456830646693,191.29828614138876,196.9723874856022,197.70834250131344,198.21858852736744,194.00729680059558,194.2234914654911
365,2011-01-11 18:01:19+00:00,194.95545930211858,197.8508374259809,195.14073794142615,202.6505498897146,204.04919564873376,204.67151306842572,204.89602924232258,200.99587037454933,201.994575864571,201.09126663463985,206.1932268665502,207.8317359352521,206.86917428239326,208.39503775260346,214.06303025503894,217.35749494898425,216.4711977394491,222.3891695839618,218.38458908470483
366,2011-01-27 18:01:19+00:00,199.1398463124729,202.1582505150806,199.3817796897233,200.36389195125787,207.73793833698613,215.56214398601426,210.43842626050574,207.17940934646208,207.14665827113598,213.21450540146873,214.43714041673283,217.43529864996074,221.3358066722394,221.68224676275025,218.7605989689477,224.61187157302297,222.66445470714476,230.4396941680241,230.24211917601028
367,2011-02-12 18:01:21+00:00,202.18140594842595,204.9735617755856,201.86342621409088,209.72461127704372,211.85681888469648,214.02434031616104,213.40285609286602,207.55688891431728,213.65862047347815,216.54017772469726,218.04109542933787,220.3477080159484,221.27553076340664,220.28800583957502,221.52313892954163,226.6213701040496,227.09108016038556,230.9441903550866,222.5620196186038
368,2011-02-28 18:01:20+00:00,201.6002618885808,204.9158716138268,203.7028642661636,204.35326565618772,210.54109960313968,208.43198468312724,208.44923022604218,207.10259792927806,210.66706660725188,215.19368330679856,215.787416915822,214.78381115471933,215.67316747612932,220.1489718063924,218.83974686718523,228.0457341860861,226.54198352127625,219.63127579756258,223.18627030048543
369,2011-03-08 18:04:56+00:00,198.0964189783846,197.5759270139842,195.61138299758588,197.56161092346207,203.0980226581412,203.04842341064318,202.78628814253437,201.9477082201286,201.6466771004539,194.8123374365945,,194.9440368987049,196.82978083299275,196.16704374821194,201.55560223670597,204.75094770101123,203.1029280655897,201.89648305466847,202.8595261080456
370,2011-03-24 18:04:57+00:00,199.0478892308463,200.80215340886863,197.20619149366217,,198.7891985047205,198.78416827520607,198.987294806945,195.79678534339985,193.85081556011636,192.02807037155497,194.3005611678472,197.10163263058138,195.5298397826142,199.6806478525371,201.08054385594286,,212.637947327109,215.08546828414748,208.85604310781724
371,2011-04-01 18:01:12+00:00,196.2952998847636,193.9801394909876,192.16125877616741,196.158805764841,198.3621308834837,197.39064121073602,194.66268049635363,190.34162610994358,189.68672258846547,183.98139634949598,191.4854273466889,188.75719073402718,188.13795601911136,193.95111578763718,192.99147138514218,201.56755900103562,206.48675315038963,199.7514046918416,197.91569247507033
372,2011-04-09 18:05:00+00:00,201.00061370177684,200.1659532023716,199.76885369492675,201.74188525180028,,197.53739676405092,197.9409964002472,195.0210543813371,193.66148981060581,193.44155353741846,195.40068174063492,193.14989991017626,195.3271816977921,197.5595436673355,202.42592768432203,206.18842848229073,,208.7404099989687,202.62442059823883
373,2011-04-25 18:04:59+00:00,206.1192622865513,209.79358422798404,201.5958957932387,,208.46880787986066,204.9944230617105,209.67475342350613,203.18139040507435,206.55452807517975,215.52016630987578,216.1035173111649,213.534766525262,211.22368720803973,219.4883398215703,,,225.7435782440934,227.39586256084053,217.07706003876328
374,2011-05-11 18:04:58+00:00,203.4607183262247,202.06921934816307,204.9396586346903,203.71473228522277,204.77804402854542,210.96296114957363,216.90116890977825,206.2190033529489,208.77329997319814,211.55718297959456,,,210.81773829208146,207.05296525067945,212.78313836705132,217.9897920129303,225.8954537455803,224.9018070001692,223.10692032986282
375,2011-05-19 18:00:56+00:00,190.58134279889146,192.2588023957115,190.332509433361,191.54714584569894,192.61516502000703,190.6641389064051,194.54153858933145,185.48293849022755,187.66897173684265,186.41394600910644,188.96409821626884,191.03446046615684,184.55851276406202,190.58948413896252,193.94222010252506,197.1842130759722,201.22742684547376,190.54871453035815,188.03051779139312
376,2011-05-27 18:04:58+00:00,190.47786969412158,191.22163274084656,188.29328030830752,190.98837925321553,192.67229179055883,195.35981359381512,197.93651497784174,191.85285973382588,193.86109967218187,192.71406805471395,,194.27025640340526,191.22107324130837,197.11348468892322,198.12161731945395,201.6288033710909,210.3330008160701,202.89108806935258,203.76011775188869
377,2011-06-04 18:00:49+00:00,192.91635604991546,194.59848723127976,185.61154725165136,191.46919294830008,194.07360099108405,195.57091148967862,192.97776138517557,187.6893373006725,187.9811453046448,187.26022396372178,191.589688597997,191.12831090356062,190.20394181703628,193.71972182871707,194.04599941811506,196.31952944607565,202.23634437845504,196.6769508139752,193.55194469198506
378,2011-06-12 18:04:58+00:00,197.37599466414355,196.5206078327006,192.07431466158764,195.67210271714265,195.41340936990372,198.05037079148843,198.518987017057,194.81229098269296,192.4842154395431,191.34959308159532,,,195.2008299623136,198.18646602055955,199.8896390139771,204.85637763413453,210.17219630959144,205.97324317437605,202.87632456848843
379,2011-06-20 18:00:41+00:00,194.40736335873356,195.81519037932168,191.27373708132998,193.06515702776082,192.7174045011079,196.0229041582287,199.7389344928682,192.48470262896376,190.84637989637082,190.46459406091105,189.1445097119556,188.72043507662022,188.2279050327306,192.13753199676717,194.95415276812417,194.02809175499783,198.74551828350826,197.00641130722647,200.1541617336128
380,2011-07-30 18:04:51+00:00,194.94953904009745,193.15090174895562,198.2279083719629,203.9500753786434,201.8339504648328,201.09739503261284,201.4708182559755,,,188.35166964573526,189.608462133824,191.0938072184856,191.2939211160165,197.61995411966458,201.34994513685325,200.01223462966647,206.09210433832934,202.55652063308725,196.49960499872998
381,2011-10-10 17:59:26+00:00,195.6484662302603,198.28206681018452,192.47114840620898,197.97741882152582,199.75983849148872,200.60245146886183,198.15436605396135,194.8171548226556,190.08429106983024,189.53099735324557,194.80157422169472,193.93926680867824,197.17559056814542,197.12362606182168,198.56252608319585,202.2136393234582,209.11632742282603,208.01770494009827,203.5739573872117
382,2011-10-18 18:04:41+00:00,200.00185550040015,199.21305566537472,,194.99896727668312,197.2307480197178,194.71599780518295,194.89529800128605,191.1808763358012,196.83096650868572,192.4855486887646,196.68203597866543,198.28334077147485,197.80520771543385,,,199.0605786089801,202.30689441589328,195.7427009962673,198.52774475490014
383,2011-11-03 18:04:47+00:00,,,202.31790333690654,205.06039695430084,206.26020550987016,203.09705694666917,206.92913408570195,204.28758314466347,202.89884976128013,205.0507091049248,209.87492686147394,207.19706519540117,,,216.2003138320442,216.99688665523928,223.04862446850126,218.6720147496573,219.60332691156415
384,2011-12-05 18:05:08+00:00,202.2051499256574,212.04900257995655,203.30212521508787,209.12281901446926,211.58050646448154,219.81919503299684,,,212.9621260144578,217.75623949222864,215.81263967325654,216.97106201223716,216.0735928615867,217.5468974634096,222.10407589749127,226.62446654189364,227.14671444896476,229.83317792408803,
385,2011-12-21 18:05:17+00:00,199.54290383157064,200.45534357266737,193.80840794199318,201.41911885803566,208.08714658526293,207.21150573180873,210.81063187459822,204.60398272592437,204.7137614054976,212.77842998962961,209.30254947872245,210.58965223277227,213.0507426999128,217.9912961322427,212.86746982978178,213.9224115763376,219.24944013004819,223.93587821707763,226.7543224367483
386,2012-01-06 18:05:24+00:00,193.45994104504166,196.05838587158257,192.32233427804977,198.221038613024,199.15117173449332,198.4147593253109,194.11425305386814,193.69169239667872,193.8877993528203,188.306197565089,189.8736974419176,192.67325267511214,192.57791820815297,197.34257905993968,201.45079772022126,201.8640569071485,205.21327256846877,201.33958882532733,197.51229730084236
387,2012-02-23 18:05:31+00:00,192.43754416954488,195.7286791044289,191.8314598117913,194.3003818147463,196.07860818181985,196.36423705175534,196.07610638860777,194.12678234661615,192.89279606380413,185.21835971750187,191.229983781754,189.90323692896533,191.35569668043243,192.9047387669873,198.55008467847333,198.53035052665803,199.68178285744585,194.98380155980976,191.77152986757892
388,2012-03-10 18:05:28+00:00,205.2182898111306,205.96377716018844,202.58660678790898,202.6218274138137,200.12492779248407,199.7040960091613,200.4652428547493,197.6076455670527,195.65212920043757,192.18989187483916,196.88190905738796,198.14026372045709,197.28844862753132,197.03221225335275,,202.80065610776674,205.41812973094753,200.78982808476968,197.09675883554036
389,2012-03-26 18:05:30+00:00,189.57466953908352,189.5047277671565,186.15856788544613,190.01686506885994,190.65682516498686,196.33675078202862,193.8492972494487,193.2963964358093,190.89685458542002,189.9600748312484,197.14554118760546,190.77519841854848,189.38973828989296,190.71902431297443,194.5904155369297,194.79989212804063,203.27644697856886,199.08790622939523,199.78303479678922
390,2012-04-11 18:05:25+00:00,220.24200226127613,206.40473839921205,194.5536123076301,203.91659183510507,197.12911190480932,195.4887392142718,192.55710132769104,,187.5995109758647,186.1882762159717,187.74345804916965,188.08693118235357,171.15480130976408,183.49641137609078,189.69033707798786,194.64346552533624,203.90336092199823,198.4302992916439,
391,2012-04-27 18:05:45+00:00,195.7605251029484,194.641948857368,192.48863825580054,191.04902084514444,197.18827118947027,194.74751670838992,195.6689376410114,190.30991196069314,190.6791863098499,192.09371549989243,201.2398990702588,199.45118254609028,198.40672180839715,202.10167451819441,203.46303713321421,207.9195328500941,211.7354217751698,203.47136647702672,202.19106633545417
392,2012-05-13 18:06:06+00:00,197.1402318828801,202.4246426396369,198.6321723462915,199.62151272919237,202.9643713685931,199.7384524512981,202.19932372632303,204.4629632373002,207.157576944521,203.92061579189067,208.11984631684743,212.3825372158134,207.74615034217632,207.27089999746272,212.70594002864817,215.74281828951217,220.7845628205157,219.4682332999431,219.17485263196946
393,2012-07-16 18:06:11+00:00,199.68469422519723,204.14358012595898,197.12309692612706,,203.204346992627,204.21376674273333,204.97167255411884,198.88307319245905,198.49404585396994,195.15362195225254,197.88933832634717,197.30086427775154,198.09690360442414,201.99895032206172,,,210.766301237543,209.75426861130384,210.73238146949495
394,2012-09-02 18:06:42+00:00,196.1251420118274,197.86334860089872,198.05773226087393,195.84238989620525,,196.98857389889392,195.93398648236902,190.18327947062858,189.645574194166,186.85898804414705,191.5386277271013,191.09077505709604,192.3825945785489,197.83211816853293,197.8909020721303,,,199.05131830663328,202.44632479359154
395,2012-09-18 18:06:50+00:00,196.299221742663,200.10200280094014,198.70941088253556,198.82863293695448,,,199.24356220969565,191.15018118552211,191.71851315150874,190.55166400838758,193.2236828466606,195.8078844139373,195.83987012329757,196.74289702143264,201.47829023069588,201.80977664251003,,,203.96992202878073
396,2012-10-20 18:07:10+00:00,191.34420577243566,196.39275846203532,193.92665101806958,191.48438809895822,195.72321877884892,196.23447468423274,,,183.67848485508142,180.6982773732856,184.4968251345513,184.9724926675123,185.90620640998742,191.05858517626984,192.511183469594,197.0725336377023,199.78025271175994,201.49354176013327,
397,2012-11-05 18:07:13+00:00,193.7327737111168,195.76279629746455,194.60053789496163,195.97093288686273,,200.95133240684484,200.85686971492623,197.3877746870355,196.14717210540562,195.13536283511576,197.10030274555112,199.2843405408643,199.02019449614465,200.6201692357584,203.4608126915086,,,212.74356732143337,211.31272341032872
398,2012-11-21 18:07:22+00:00,194.33266389469782,198.5777641471491,194.30678173379036,201.0118703546104,203.17849008106498,214.7399944449366,214.3329865962572,207.39344639949496,206.67239904422732,211.6348852370691,,,206.23176235074732,210.648547475621,209.4121460491454,213.10299784568056,219.10247776528485,222.25176004048336,220.9469594020741
399,2012-12-07 18:07:23+00:00,201.80745370815708,,201.51705105399876,205.5926800666585,205.5857197206376,207.36877235798826,212.66163584576222,206.83363733548967,206.3501741037268,202.60119725204493,203.54444835569743,206.21573013756569,,209.68393296376138,209.09768189875464,215.0297823969344,222.5476135063863,221.65945795699858,215.2489205810876
400,2013-01-08 18:07:32+00:00,,215.0674094279379,211.82168337380955,215.6823157783848,214.15629708997966,215.9647176406724,218.55451954007896,211.94278221852028,208.8589226675625,210.62141815154405,209.65130681479695,,208.40883920650913,215.47371260538978,218.2123361427727,223.89150822058212,228.98634279675073,229.36596734149992,223.1596018690508
401,2013-03-13 18:07:31+00:00,193.38286395008288,189.95837954923186,185.56182650138345,193.24457200966233,195.63844860453938,196.79516923008666,194.16762461647124,189.53292853298652,191.28148025497816,,189.63013743780863,191.75348903578026,189.47015228687084,193.1262158962178,196.94470180075245,200.99166516433618,204.80408894472157,196.6593016014341,192.76228967576805
402,2013-03-29 18:07:25+00:00,196.84785032405682,196.57932300144688,193.20790808155618,194.59297820799975,,186.06983780111813,187.47072007313312,181.4602773747875,181.90590048711388,177.01680955556867,191.24180778900984,191.44563529525436,191.54410870253795,190.36462832110988,194.2025111590467,,,194.69764156777046,191.45484409726726
403,2013-03-29 18:13:41+00:00,,,,,,,,,,,,,,191.44647220539193,196.34033139404644,196.7288224579184,198.99545177819743,198.0932741622163,193.881649376719
404,2013-04-30 18:07:17+00:00,209.68405545049495,210.6092037848024,205.76317290771584,211.1114563010542,210.2311761724206,205.75863335183806,205.94630340786682,202.19129108081697,203.2289042326703,199.65922983491134,,206.17948275490465,204.44683712506995,206.96978125297525,207.62236675380353,207.95598494741546,219.21841430564524,217.08316844637238,215.52398960740686
405,2013-05-16 18:07:15+00:00,200.57358574196894,202.0168662420692,198.152745524757,201.9177328394551,203.05918692212072,204.99987513104912,204.3913299437171,202.54181875911144,206.8707406281913,208.93951380689924,201.46156541115923,203.3458756608798,201.29448922954262,206.4597180281898,206.29176485672681,210.0971468324792,216.66282775492147,214.63603226376847,211.75137436301455
406,2013-06-17 18:07:02+00:00,192.24439573395114,191.25217524974295,187.08659371890187,189.789523980888,195.47683244808115,194.47737596820272,195.1644247539881,193.41276591613578,194.77717487704825,201.53509875044938,196.9623448640798,196.4405880882087,193.2233293285194,195.16352354162717,198.46157608222347,204.50604222418286,217.1653671183719,210.4451029767129,208.7243582672071
407,2013-06-25 18:13:19+00:00,199.8131287807737,201.244401888865,194.70452993396003,194.94066791576998,200.087640255694,200.0107029985864,198.1422774711598,195.58685636885065,193.79331591850132,191.18553246007576,193.2686449773796,195.04973865455136,194.57279198341598,198.95450632875412,200.2352694064071,198.90434464095114,205.1525918496456,198.68948281182708,195.69502675454902
408,2013-07-03 18:06:52+00:00,198.07547411679573,198.61170921515503,195.51253889879558,196.73023176104928,199.00793625594363,198.4423052774252,,195.47832610364836,198.32918529290703,197.97462212744966,195.5888136309576,198.11026294307115,198.49187872178297,197.44980659226388,201.8998280088926,203.9952951671491,207.00343274986668,207.81214784993767,
409,2013-08-12 18:13:23+00:00,196.69267042368534,201.62169612522916,197.85535374365514,204.28157984430885,201.65766954661427,201.44814817995808,200.91697889051045,198.4188190490455,206.66239305428186,199.0539195853572,195.28083593140624,197.07983282184207,196.1721919116473,195.68116645512293,203.96689170931316,205.64963879627325,208.64288052283135,212.91184528877665,214.5472688129531
410,2013-08-20 18:06:44+00:00,199.9015461568443,,198.06936797027583,200.98086134380821,205.0754821203497,201.30953737533687,200.70201135930768,198.22546313954655,200.11152980612007,196.04311619222534,198.13151234530483,195.12511406486635,,,200.16887020615465,202.8102762754902,207.07798218054512,200.25877376841072,202.3347997201846
411,2013-08-28 18:13:26+00:00,202.10844950461592,205.07596017316484,193.73541910733954,207.8833301961285,209.12706128386165,208.0331030165137,198.34040392785266,202.77878078345535,206.70407048748953,207.9667254024067,208.05152160684932,200.146649613619,200.97229809204737,200.37246276531,206.98608453707686,214.85947781798643,216.5537599861048,212.80218007301616,212.71674175035534
412,2013-09-05 18:06:55+00:00,197.2847205607806,199.42312018201034,191.80062320679457,204.50749663048347,,,195.17919299703829,197.56469100670196,201.27906374572586,197.18812998641198,209.3036625059996,196.4951439743024,192.6085483782658,193.93008555278982,201.13617073602973,,,,
413,2013-09-21 18:07:05+00:00,201.72510956802404,201.54163596858217,200.0028334990249,203.3934814339175,,,202.38073111687692,198.6581585522217,197.64657494113442,192.8691635318899,201.0055950335959,198.67349459959314,195.19587560457887,199.18311411127075,203.62888031684108,204.09524713987045,,,205.4132367755042
414,2013-09-29 18:13:15+00:00,209.6419278003973,212.04728885144698,210.24177500052787,217.22820581952965,221.18247805606148,218.87133255935913,216.99083841201556,214.7227714057944,212.8430805597319,213.32434598778318,229.0761827417103,216.9124407039048,211.98458567288213,213.86368795836336,217.12660948127868,224.77390596961027,225.7261992018393,226.39727627608332,226.96782775898038
415,2013-10-15 18:13:14+00:00,205.02646425070935,207.28009812609446,214.33046753507182,218.70712526408056,219.71412038569355,218.39623692571843,218.82311133247663,214.71497223898777,211.19255305956722,218.36382562336945,230.7961889232708,216.2649376149148,212.40587554752523,215.73923908325747,216.47739898245027,223.43248872218692,222.7605987506942,227.10439114149904,222.1206482466
416,2013-10-31 18:13:07+00:00,212.5223002887076,215.81685722067832,213.65926695737645,218.37266171664572,222.32281222558703,222.61228779247216,222.24285764501863,216.01763603892687,214.84979834162752,218.74057680975332,230.71719336543873,219.98605802417643,217.08927400128016,217.7429726396998,220.01111143330843,223.2262898884245,224.42117000925396,229.5836597825555,225.3843624305773
417,2013-11-08 18:07:32+00:00,196.20418108727645,198.54255537098538,194.86460756964308,198.39592381307162,202.69162223665302,201.62295694886123,198.62608323621322,194.33806757326852,195.02336393230988,,,195.34654956362556,193.02538276622957,194.57748052811178,196.50056368461384,203.99063110342175,206.31790477185763,206.36025065749973,203.21393163562811
418,2013-11-24 18:07:37+00:00,200.8537054709327,205.32832122388294,200.63222945675344,207.73639880803552,,,208.0855172783748,208.5090961845296,205.84081398097425,212.92061868061944,221.86501101305163,216.12764624703155,213.35994479706181,215.78378933444856,214.3595318066324,222.0926680231131,,220.0526918105258,213.632903033262
419,2013-12-10 18:07:44+00:00,214.55294353566958,216.01846757315636,216.3506281152789,219.26010161767203,224.12551676601703,224.795178072128,,220.2633033111168,218.87638289686282,221.4527823454004,238.78393040170008,228.73999904435672,230.77197270868368,228.3853295059605,229.3795898985465,229.7225128211924,231.44066914927626,231.67253610934796,
420,2013-12-18 18:12:51+00:00,188.88629002146217,196.07186403851006,192.11355031759197,197.1483696527393,198.3094208412598,197.4941108617912,193.16961237150747,190.66710671817154,188.89546824274845,187.9098395649877,195.2182327612843,188.72133795632072,192.11137921279953,193.50498555859855,195.29030961493288,196.48803184393608,195.3955826267796,,181.47330101482686
421,2013-12-26 18:07:47+00:00,203.0311977880333,207.18574010933716,201.94197491778263,206.29267801234352,212.60888745823613,217.4045530973331,221.2374227451551,215.56640205877636,211.011296912077,217.4814429989616,,220.18770092646818,219.32950606240968,221.16163610515886,219.99526923247004,223.3429473410607,226.25151103442258,232.36360534304237,232.0147375372474
422,2014-01-03 18:12:45+00:00,194.00262362570123,194.81772831013924,191.70069099850787,196.1466949268688,197.10666526722866,197.36027784016505,193.73413467028163,194.3811678966897,188.18132162407207,188.06229767015267,193.19809024121554,191.41336283126725,194.44421488181794,196.0809015443536,199.0565265076888,200.19396959236803,199.16560781807732,195.4980181152269,194.05783692285002
423,2014-01-11 18:07:52+00:00,213.0782495276384,216.33218825745917,212.08984732133374,214.62680317128573,217.74307402551005,218.0842526691194,220.39769565328922,215.92881722462278,212.0371363299134,214.66749627247324,231.4006884827968,220.7554350301316,220.78728776595597,222.9310221488239,223.15111209286331,225.9987261771625,225.94503593032505,230.74509919053858,
424,2014-01-27 18:08:11+00:00,209.19715092401376,209.5199507560767,205.29382653751827,209.82254966063462,212.51426614572134,215.45501488193526,215.2752749724695,212.04435028483005,209.44771525866062,205.6478033591585,216.59986475152155,208.67810137305463,210.63820619074335,215.50565506058382,214.6005608042321,216.12401434356642,223.55944590487059,224.20971778340106,221.95438552601155
425,2014-02-04 18:12:24+00:00,199.86263448498897,204.81345106933782,198.23682409483268,200.48553741854872,203.0113878749433,202.30627420308116,201.9163015142818,199.10246559815164,198.92366256232287,193.80319816030925,205.41563508111133,199.6488555258134,203.34881662277033,203.7581236866093,206.12372205380976,214.07441997708196,211.4359523965981,208.85981135995624,208.0436787784015
426,2014-02-12 18:08:11+00:00,201.3584479999551,203.1344863192547,204.12194217002096,208.73319491635317,210.1828102549862,208.11383205423328,206.56370987872833,202.00322989322785,201.00379354591155,199.0738055602789,212.17876718132146,209.754616087427,205.61658095811885,209.99166916654772,211.2155142222585,215.8597168787801,217.36565396286085,217.20915690944912,212.00197576303154
427,2014-03-16 18:08:15+00:00,193.2718284365149,192.466571689645,190.6510615280386,192.18471176432763,195.41810532197235,194.93726500725649,194.32530955624128,,186.11879451880674,182.69435512604363,195.36217599542465,189.78973758266565,188.1384597032752,192.805940501719,196.46370572754398,202.3205851881816,199.50332605846825,193.8150019241854,191.69596160442887
428,2014-03-24 18:11:42+00:00,207.34370305558048,209.94277918817957,205.93287345407305,214.43999779046746,216.40676553214067,211.76733866826646,208.4746069412553,209.29966396451158,207.2653739506459,214.86499024053242,223.23252845024254,216.94070826591852,218.03600459931062,221.30679287372556,224.66955641290943,227.9371473487691,229.01067383119414,232.23050705687226,228.43665742983546
429,2014-04-01 18:08:21+00:00,197.06278775159961,198.24646284579876,194.08964250671733,196.4576352969824,196.8408361123922,196.59063375315569,,191.91662654253568,190.76196585101607,189.52854170823755,195.8465862343731,189.23869423903272,195.907910026925,197.60070820360377,200.44804889409238,200.7981030608903,205.57193077492033,193.21763288471448,
430,2014-04-09 18:11:29+00:00,210.34039929792905,211.14391523472509,207.77248996032506,210.05469744598304,210.80965467079432,209.18959244069106,207.82051212806948,207.4395141534888,208.0493808429802,209.1817151787514,216.66610385313416,212.97945059751314,213.94173448928157,218.3555688001438,217.80748180773583,224.00953176639726,229.46592456008165,227.61531223114264,222.13141483537885
431,2014-05-03 18:08:36+00:00,209.66152408731097,209.21508216963778,205.16716150289147,209.10056884477183,211.2948257431166,210.46555398814866,209.40261129324634,205.83798337794883,202.06892030361624,,,210.3852816731116,205.06977874290652,206.65074947513403,210.3157086671748,213.51032613585636,213.64530308890352,210.4413211266693,211.29972574858573
432,2014-05-11 18:10:58+00:00,199.11229228013985,197.50924280618923,196.38455741859218,202.11778459432202,203.38500528235915,201.51823558289456,201.46085155961575,197.11410667410837,195.31028028845563,195.488289008802,199.96298524409337,202.0317865752081,200.6284162620262,201.85102348905886,204.46090575373177,210.1273178008393,210.53866379681176,209.03206949908844,207.0014694400145
433,2014-05-19 18:08:44+00:00,196.98231768021395,197.25202390838155,194.33551662351897,195.01847817299458,196.8806580093273,201.33457555155616,201.51637312737196,195.60821517223565,196.09008665573953,192.54203157111118,199.8964742175155,200.74163959859513,199.96283062535616,199.76569405880826,202.30394890373944,204.99959529570617,207.01540914839188,,208.75030040429758
434,2014-06-04 18:08:47+00:00,199.50339297230255,199.27199105718017,197.81179330836437,202.88995459150865,204.77827384355942,203.11099869569955,203.68944905593213,197.1111658479669,,201.35795762003897,201.60115766888458,202.13791651551907,199.47122239124133,200.58567832452962,209.83952670065315,211.62380172863254,213.60085547316413,218.64124585622395,217.37648002613827
435,2014-06-12 18:11:05+00:00,201.59741307718593,199.53728230422013,197.31332760048429,197.2916367911408,200.98506560559454,201.72382180003837,201.82782993730194,196.80059964590515,195.42900394580874,193.79636763828125,200.17611150032553,200.2605743879745,198.88536009251607,199.37101405973556,202.1150879726722,204.89599824799018,207.9861064996603,204.71149337274497,208.78692813932457
436,2014-06-20 18:08:48+00:00,202.70336161576188,200.77748904846402,203.62518614607905,205.88712253941392,211.79726502007838,216.46504092857464,210.72122175756652,,205.97089641358323,211.09834730349382,210.80277603928295,211.7059398171794,207.81860783917034,211.92577405806685,217.35398186566258,222.9637194544668,223.70324281093005,225.9683501135782,219.70496127118628
437,2014-07-06 18:08:54+00:00,193.86252527823345,190.4927130070562,189.5859258553448,193.76904471468785,203.5845495322095,203.19755638264763,201.0065603063589,200.54771730476796,198.59993033420324,,195.99763090710206,194.75896762271415,192.08754505141889,195.07562619002152,201.01593939219538,210.79333635114466,209.25259092685337,209.77385529907545,209.25189000703034
438,2014-07-22 18:08:57+00:00,199.2306807452054,200.3010891817123,196.75082646500127,198.78124243518636,204.3465353885428,205.2303568548569,208.6155655230249,203.32930852412372,203.9105279377687,214.22447870468582,,204.41826171184246,203.12164466304313,206.4319596206196,210.67722919141676,218.41036580054606,223.5337024833894,223.3821159198547,221.01949289516864
439,2014-07-30 18:11:20+00:00,198.35684632847432,195.30717832712583,193.2542208831766,199.3460264451384,201.08166334314694,197.15339121067046,201.07809558282005,194.96831557838675,193.49928408969666,192.0997460063463,196.74064103326583,192.37668203129778,193.90564029959916,195.8700115513553,199.19286534018633,206.19214905093082,206.66538508104404,204.27320585195676,203.7223527401141
440,2014-08-07 18:09:02+00:00,202.08034567095365,198.3704511586294,193.19932020162113,198.70961655713901,201.21703196204953,200.15849970375865,209.57465305630444,208.15887959813898,203.43511143743342,200.36790502744708,204.35123620129016,,,199.21029296624363,203.2247119955269,207.25886027227136,211.37864465923116,210.63845220590358,217.98997152226923
441,2014-08-15 18:11:27+00:00,198.32743196630815,202.53779488114884,195.2778834327504,196.79387210787223,201.64598953299878,201.19269314658393,198.36630949436966,193.02913105933175,195.35217424219755,192.34164793934593,195.00714404977322,192.42778755323064,193.87450161185689,196.50051863157069,202.2773202042926,202.42443010188342,207.64431780581828,203.94087769438815,206.04340115957228
442,2014-08-23 18:09:00+00:00,197.89041051535645,202.61331816327407,199.22922751988972,199.6100549845736,199.20733053286796,,,201.42526210859904,196.8286476044293,190.58145850478982,195.28542218082316,192.51222902407798,189.4175868195379,195.28904316940663,196.44204539024727,200.19916789987252,205.670290478322,,201.40817949536802
443,2014-08-31 18:11:28+00:00,,,,,,207.79604467820508,197.48870555398634,183.50659594021636,190.0280082156097,186.52589921341144,189.47002745871643,187.71796723633435,190.65873747468373,209.07744682685234,,200.5681816382586,210.92293094818172,244.30905041051125,
444,2014-09-24 18:09:08+00:00,204.70233993187574,208.12939878597047,201.19243198039192,207.978364673697,205.39649156037547,,,199.63294976180097,196.17854791014742,195.1339204422094,200.97996462059274,196.57122373668457,200.96393860861164,201.45905096970722,201.6301283936977,206.22318118527707,209.4386050282518,,
445,2014-10-02 18:11:33+00:00,202.26835924923807,197.66567325850974,197.3507146342444,200.29934177476056,201.66422949136643,205.3412773192852,204.67363210206594,200.2058628840969,199.0185785641676,196.10922439336684,202.4108819642076,200.4872812495457,200.46118240645126,200.738064364737,202.3275915044517,205.4409964871101,210.23902929239574,209.01316025061524,206.36643339759087
446,2014-10-10 18:09:20+00:00,188.12121600423546,,,,186.14390388576948,191.44548622188034,187.43437600092489,184.87553029163092,,176.19524589274272,171.31176057450935,177.1130667879978,176.9936751367242,185.7044383360732,180.98435163880634,186.90453245789683,184.34774746231406,182.4138403247131,180.83432449016232
447,2014-11-03 18:11:35+00:00,206.32902055278532,205.64619022242294,202.0755354232321,205.77606887226125,208.05749946792974,208.11144340601425,209.40914198947993,205.47477509498003,202.4209552321677,201.66499872823653,205.84007642996522,202.12923457908957,201.00249323315109,206.4470054764713,212.19660342966688,216.07313462177905,222.92909057460122,220.304987885816,213.37069971434192
448,2014-11-19 18:11:33+00:00,207.03772873975748,207.39578104483854,201.87459915560345,205.86768225640532,208.59190766853192,211.4517390042337,214.42118053441658,210.83549066016468,205.4527303822872,204.1207041462653,212.21433964545542,207.9994715810411,208.11555391818493,212.10172061481427,210.60725399815027,216.17756968418698,220.56957634329262,219.96927475592864,216.32725049939177
449,2014-11-27 18:09:42+00:00,195.25341768106932,197.14623043303172,192.06911445608952,200.43248317653587,199.75820629561167,193.98049494346697,,,194.68698397639952,192.03048287558107,199.04922181897183,192.0798416734752,190.30383290259363,195.40721504196853,197.69045107046855,196.15500915769937,200.70013230080872,192.97129869524886,
450,2014-12-05 18:11:32+00:00,191.14707657552614,195.69073087171432,187.2026214716873,196.05696057883569,200.1154124176972,198.74924004495358,193.52822016615124,193.91029166476505,189.99540392428574,186.39017060510344,192.01594756478121,188.2259064520137,189.34611333976267,196.42246726335793,195.74692285505688,197.07540277788996,202.4752480466368,197.78521346224738,195.45283219665083
451,2014-12-13 18:09:50+00:00,194.00040192500555,198.15855446363537,,,194.95520464611968,194.33419112943955,191.2849958747332,190.6315199847985,193.9931008394432,190.19789403344538,195.13454524027384,191.37260143007623,191.8951035463848,,,196.03638466011213,197.28640432734198,192.01251085663282,189.5940264153163
452,2014-12-21 18:11:30+00:00,193.97366342422941,197.11128447021085,193.09444545225824,197.0723668785866,199.91752791354708,202.40354181636621,197.74525847840408,197.47098220886204,195.29845265422728,193.6318537057737,194.07926021226854,194.32628556953748,193.99090986230578,195.52976600624595,194.7016694996377,196.96273942320778,203.92125791765358,198.6561932214777,198.21436561533102
453,2015-01-22 18:11:20+00:00,201.40924860044896,203.20744804356394,193.49033745733698,191.71457839009304,196.95459600425295,199.11605677404805,194.3837925596625,195.54648346333127,196.01640031709542,189.74862131031057,190.72753134807482,191.9854829139358,191.90217674728135,196.12852996428256,196.32214443895683,199.70741911584736,201.69440570921043,197.6867271677281,194.61202656772275
454,2015-02-07 18:11:17+00:00,196.84628656032243,198.38438039317043,194.3435850366688,201.10252848572486,199.89331385200103,200.65271241506065,198.24136610785547,197.55185820801103,194.27273667907764,192.70645535137112,194.83204423129786,195.67860965816783,195.20243398304842,198.88871665320372,201.11994027543764,203.6479376312582,207.62209156531608,202.13448327291627,202.28209861882144
455,2015-03-11 18:11:00+00:00,201.23827407316105,202.910911929345,201.59236464319616,204.23290962141675,204.83750811635218,206.63436131024366,204.47006178216452,208.00372936367728,201.25370336777223,197.4476119185249,201.27478177256262,202.40803735853714,203.02814642551925,208.30917218075692,211.37320252058663,213.835111582794,216.97957501358076,218.96367177705432,218.47389056226615
456,2015-03-19 18:10:23+00:00,189.59417949434254,188.94945348407975,189.314774361483,198.17755736909203,197.8964848314905,196.1251999580567,195.11876435045068,191.61316454229848,,187.0569893234258,193.15385065177867,205.91689157579356,201.90119761390196,203.57871394726644,216.90395687035488,,,,
457,2015-03-27 18:10:52+00:00,207.1886063758147,205.12826752045171,203.4577587982711,207.4899764552175,209.88169629139156,212.09768674422273,214.49708392184976,212.20449193952402,211.93705913831667,215.2769965129176,217.6570352663266,213.58711353734878,214.9551284755316,219.3543097070015,219.06765143314652,223.2150568629604,228.7751696368075,233.03643792996263,232.2103027650596
458,2015-04-04 18:10:30+00:00,198.29622472359296,202.35874553970413,195.2417188584361,204.03910654515073,,,204.33277303440292,202.477229419103,198.4475489428155,197.54828053170854,207.09609122883876,198.30199728598868,198.01648092061123,204.14274765188335,203.97723058508018,199.2306276047437,,199.5577850825614,203.8547528836009
459,2015-04-12 18:10:46+00:00,203.44805720304532,202.67124974600281,202.16302366940823,203.40605775422983,205.4586447588145,209.90923174526085,216.60971722548177,210.91231128172592,205.28824690012084,213.3833766707919,214.93163134456097,214.42756929918946,213.19096009264496,214.7627165396198,214.77013958708068,224.98156573027617,227.820133059822,223.00361984264356,232.0122376323337
460,2015-04-20 18:10:36+00:00,192.77670258588077,,187.90673478210186,191.5091003193212,197.41509866119895,195.83904996773416,194.85758908872648,190.31649183295036,188.96857991570306,186.6380340351343,191.22227987218855,188.68777442368216,,,194.63448969877845,198.41581917823297,204.54791374958722,194.06300936851832,193.43527208530406
461,2015-04-28 18:10:39+00:00,210.211485580352,208.18126578769557,206.17192532529236,206.56703297371465,210.07003965987673,216.95552632172092,218.07247590221618,210.81424730654618,212.71274037266582,216.5743686684193,221.05809311440885,216.63049747229627,211.62576351344592,216.02090061713756,219.51545091414604,224.5153739638158,228.13542637224126,228.3066794787759,227.8676323498775
462,2015-05-14 18:10:23+00:00,203.86183460417965,202.64346215957852,199.30525084596388,202.3180812493789,204.93928307847443,207.78228568969368,209.72933696322303,204.25926786076565,200.60473505319536,207.3444179346722,208.42134884950346,210.95439446297684,208.37458332121366,208.37096565192257,214.06082934366253,219.2918715861832,220.7549886694258,221.91405871628132,217.11314850299863
463,2015-05-22 18:10:50+00:00,,194.82643822770183,190.20350231942948,193.56224147494387,193.8663969306477,196.33915963827314,195.7638008833793,189.51637610296717,190.12531857742024,187.2880104645083,,,190.05218255907283,197.54145810185537,198.49421023578668,207.40146538431253,211.59967826355268,205.19074878948055,200.46313213424168
464,2015-06-07 18:10:57+00:00,199.76893451208048,200.4705033268756,200.46887017820592,199.8008341573244,206.91210801264464,206.35382322491424,205.6558613910568,201.7263765119605,201.4468044063829,203.9824343740076,,199.28720695079932,196.01958432430388,199.48278506688752,202.96299743565663,207.34490847128816,217.44594766376588,214.52611035909285,209.63438338751774
465,2015-06-15 18:10:40+00:00,201.1751808480309,200.10025479924903,197.73272108158756,197.32586985812333,201.68675976779528,200.90086364763343,202.7454688302685,196.90098250630987,195.44325811420237,202.918952521169,198.15950088556616,195.74464998171834,196.76455354166674,198.91104590097933,202.6927846195855,208.3787719335803,209.8711245756739,212.58256082023885,206.60207679735117
466,2015-06-23 18:10:59+00:00,194.8887999677333,196.98117576865735,190.77759870060268,194.04184368065518,195.1388848046364,196.60137137862623,199.49589353140897,,197.6622446973841,202.63554905699544,204.04423595392106,200.78853673043807,197.04341941897067,204.68332719019807,205.2148922089434,211.01993786580718,213.11012340740814,218.24890477583517,207.6850470118919
467,2015-07-09 18:11:05+00:00,214.395475273441,215.79423635090217,208.58201517985367,220.90939803498446,220.25971520793198,221.44805250351158,221.48680601055298,217.54898320288072,216.81737287997635,220.99932853479555,,217.37752661652092,214.7020215775493,219.73943128647846,220.76344311034094,225.54665876681912,229.4932153687127,232.81940476091165,226.1773738204049
468,2015-07-17 18:10:57+00:00,197.4348351704906,194.48805333445836,192.73205769332878,196.40227120352432,199.53628076007493,200.37053732077675,200.87335897315913,195.08292845963265,192.85421781104506,192.89217254777134,197.54317862265526,194.4235831556079,195.08481256055595,197.20909680964888,200.93033488576958,206.5329808050505,207.68424758297033,205.9098098150242,205.42484436102927
469,2015-07-25 18:11:08+00:00,197.58309420905437,197.74175620811326,192.64607561179213,197.23284501665648,,200.33124448120552,200.21386767833403,200.69040104923243,201.70071092699726,200.27940211926222,205.16263389890022,203.47865920788468,202.47158589953034,208.63656557439458,210.35212472381505,210.62689168767338,,217.09470696347967,216.6001540328
470,2015-08-02 18:11:00+00:00,197.15704814137953,196.517868233555,191.70581065074228,196.19633919152332,198.88628292277338,198.18673564411176,196.24382492638998,192.1769537519653,192.19775901684488,190.0640840524499,191.67004208473952,194.04523400083974,192.75749372351714,195.06900700222099,200.12970949598508,201.1232131331903,205.17486137903472,204.59251255673487,202.05124261900113
471,2015-08-10 18:11:12+00:00,194.63863843496804,196.04403837509628,197.31885823083437,197.24776200378432,203.25555498720166,201.2780330022463,200.79226146797302,,,195.25611992502058,198.5428903423776,194.16398453434414,194.22437320800117,203.2449942128484,211.10589166271416,213.16215162609242,211.69943951330856,218.3326208336917,213.5963809033366
472,2015-08-18 18:11:07+00:00,199.9038083249603,203.4739541808982,199.78448581372248,201.50634505241766,201.77326958153012,201.20737044700633,200.59033241976354,194.15098264428423,193.68626359733014,192.93790796978124,197.79941896447718,194.64253219850096,197.96956214714115,201.33528408344804,207.14734446199466,208.85503986480944,209.49535432923668,212.3551365786641,211.18844252017055
473,2015-08-26 18:11:13+00:00,208.42532841315648,212.3636138456356,212.2431801930664,,211.2978057038734,212.98281514149204,207.66496153267255,206.20504274975727,204.6039334832857,213.7475722008922,216.37753250637715,218.13931555810564,215.86682882595395,221.83375313764682,224.19292430958689,,228.0518831454927,229.93410823965917,224.75136239603464
474,2015-09-03 18:11:12+00:00,200.69405637020952,198.0628560922675,193.97139574016217,200.59293911385782,204.44253512400616,202.3190266178774,200.0918920033617,198.61788376355355,195.53368386865176,193.5937528626944,196.78080716510692,197.97845901919925,196.04122366121229,202.8716732198787,205.10712816910672,206.9157297681269,211.84871979771344,209.00096344714024,207.5872796492132
475,2015-09-19 18:11:21+00:00,199.76710782891348,202.0940101188853,197.38795176414988,203.42791268362217,205.76667872382293,204.33537121508243,201.4714556201143,198.90059856656683,196.28570123668746,195.76684733518616,198.2568270011067,197.90251981309478,197.6560221509544,199.95813071873107,207.13586783379532,209.21743387282982,213.39301249980213,215.80101314342943,214.88072474393707
476,2015-10-13 18:11:33+00:00,194.61085892664977,194.63375315602912,195.00711959570057,,,194.46247415428707,190.45113176828863,187.65730160082214,186.99986241210885,185.4813834578752,192.30303735056648,192.9301296860191,191.0999033779384,196.10981806457912,198.92174556345353,,,204.5994481245753,202.08617761484953
477,2015-10-21 18:11:26+00:00,201.94447381455805,203.79085932097993,201.328851794569,203.32937460556917,206.82941338246366,206.15894436897037,206.3322132292177,202.62602482911043,202.67977212789773,207.16944804092736,208.37125193573792,207.73768452324515,208.2898081260454,205.36644488323884,212.65087062754588,223.15812491802757,223.68193653641924,226.67625117681496,224.61079691091442
478,2015-10-29 18:11:48+00:00,,190.97243781415162,189.73354942858083,194.76190825040084,197.33455433927944,195.77390931048444,192.37556133757647,189.94963782207898,190.94259984665393,185.9323878793257,185.19411496844486,,,196.14638820969463,199.2268049969466,200.905510348664,202.03858220877976,196.91885112343942,198.05011007717064
479,2015-11-06 18:11:30+00:00,202.99682001860032,206.52806281738077,202.99677032965016,206.7409984234862,209.70021265405808,211.67081282887477,211.13738903607734,212.73324171865025,210.43421699293765,213.25458277148456,217.07883722984008,213.76301850995452,214.65966884453036,217.44722782339971,222.21952695452345,228.44900957017825,229.2887789033459,230.5877060043133,229.26873908331848
480,2015-11-14 18:12:05+00:00,177.7514143585321,186.1333217783982,177.71972457005188,186.17060024366492,185.29258686910896,185.51540155518518,,,177.27462622400176,175.7048010018392,179.85612560435575,176.3899115757144,177.52034542705033,185.04938929038775,189.66737733752967,189.92047560720036,191.20531795889767,188.22791360148008,
481,2015-12-08 18:11:30+00:00,195.51498896649903,200.27789323898628,194.10411176699014,199.97158004911154,204.29139065104454,200.8168216179097,198.46096689829642,197.03785606899262,195.262812220985,191.99725042881067,191.24851979426862,197.1196733335819,198.3702324037495,197.88299140772642,202.65882753066046,204.74312160764202,208.80638197788647,204.56845401990964,203.59897065904613
482,2015-12-16 18:12:35+00:00,199.8916371854387,203.38064721489383,199.72544615992183,207.1096535293817,,200.65820334323826,194.51490409665405,189.15864014263764,190.0031360428957,185.89370348899496,193.1013406661362,194.10233479679675,199.4032431282831,200.34925065926018,206.38645583774456,,,201.16827555076475,198.04410879097816
483,2015-12-24 18:11:31+00:00,192.044429259767,194.08586015788183,190.06046855139,195.82804865177596,197.36711245866303,199.24746305665727,192.68130958590135,189.71658934490534,189.85105997952357,184.85676397906366,184.2175182351208,185.8774838779299,188.44748601331634,191.12175753703622,194.291126017918,198.64857246901894,205.60538980406176,198.36837730954568,194.42500953382174
484,2016-01-01 18:12:48+00:00,196.77944591410602,202.0858867321889,196.38232735631277,198.8600988067144,197.34789160815416,200.0920684451558,194.62575016662817,195.02043011437758,,,194.69549742238246,190.48465458461158,192.94745691977306,193.91343868421754,197.0311426617355,209.5620521291373,211.57323360471113,207.3237319517729,205.74272005306347
485,2016-01-09 18:11:27+00:00,192.0827524935338,195.7735048208103,193.87109003723964,192.5131481583943,197.43506710014026,200.2349192283694,194.31392680265668,193.17629209535312,191.17506165497193,188.10162676221117,190.60898295116002,188.84545998182642,188.57085260475202,195.68743849607876,198.7597749567284,200.89085137770866,206.5826765238018,199.40118617075234,198.0595245003251
486,2016-01-17 18:13:03+00:00,202.78017794649486,196.35047337984463,195.17024173432839,200.0762180426509,202.56461408665183,205.25787083559752,201.47268071608693,201.91683168372526,198.5083435491566,195.282065184161,202.14514967211645,196.3182115792827,201.53667463656186,203.5711167496979,207.5826663076544,212.31485688605287,213.24256041560267,209.76223129317296,206.9935802371525
487,2016-02-02 18:13:12+00:00,192.55342574299652,193.95751854485718,190.25708734554945,195.48687635015756,193.47621359224166,194.92757249518127,194.026141000632,189.91098803166915,189.96127395819136,185.5749021382521,192.25694449859083,188.1576815182454,189.64861112398893,194.44869386880774,194.61842131750035,197.54185384088095,209.11166895876949,198.12967582904054,197.38002602707724
488,2016-02-10 18:11:22+00:00,202.58052166331305,202.76162869585465,200.83235133469026,204.66085930245464,205.03879240691145,203.37315598389645,200.7332484427596,201.15741974237557,199.99643948983925,197.2526611144907,198.59414295962873,185.55345586700048,189.35602408552936,196.6595366090947,196.83784155719064,199.90270625093348,204.8301774041625,197.05208584301118,192.5041168678502
489,2016-02-26 18:11:16+00:00,195.05896052488566,196.52481493619834,194.4227773966876,197.59394058146393,198.77375930270262,199.66459345201537,196.98026356325266,196.81687603945153,192.62886008774586,192.2313018918059,195.5050787926207,189.55203736871624,191.16591240019773,194.49131697998948,197.95892765243718,199.74358738513507,201.82868261178152,195.46655305619845,191.86806861274363
490,2016-03-05 18:13:23+00:00,192.3747957010883,197.65810930528752,196.98704709131573,196.88759678683556,199.8302025946581,199.9030964499135,,193.30732290218964,189.457392020287,189.07507904426618,192.02347134311097,193.8149100025813,197.27756072448616,198.2880440721534,201.8396114819813,201.75084604267732,207.61887725581795,,
491,2016-03-13 18:11:13+00:00,193.74576154721763,191.902119587818,190.8019752072175,194.66361066582948,197.68354638007264,198.1624135408673,197.85636754855526,195.06367023348534,193.10693440583196,189.49622470038486,192.80613907371136,192.50700607509273,194.26514208601952,194.79614232285007,197.48422532442655,200.08019802206763,204.95946687359373,195.37425260528505,192.0185869771075
492,2016-04-14 18:10:58+00:00,203.05068575337475,202.36418158849312,199.1827076065208,204.00845935741603,203.48118580757944,202.46580398723427,201.68658628993825,201.84948217773984,195.83294951475239,192.63168325939546,200.59688513521752,204.24694180829155,200.62104947113878,205.42460014501142,208.12020178759988,213.5355580119044,216.4802897134347,216.48444328125962,214.29552345002384
493,2016-04-30 18:10:59+00:00,199.64849421992167,200.32535962644872,197.8646895751267,201.80828005908938,201.98726865588785,201.70215143532226,201.82588519370455,200.12348474163682,197.97636323015467,194.8555146041096,198.43211121032084,196.31106028093677,195.9639249159582,202.10208993504745,206.87497975176183,206.87641560321597,213.8522588446607,207.65008562595085,208.37592887891964
494,2016-05-08 18:13:46+00:00,189.46737830733707,191.59790822822112,185.4501080538796,194.9804366409026,196.44464681686839,196.3510012108303,193.81975992502728,193.11683140260095,,182.07488692745784,185.2398256010866,186.70898677838824,186.06705213891007,186.82854689282723,192.76215529955726,194.94775397968715,200.00263988957164,191.40224457919558,188.26798299896652
495,2016-05-16 18:10:57+00:00,202.5813914255858,200.92381340044787,199.2745262282366,202.21658994759187,202.60783491804338,204.54628370841328,204.16091534466395,203.31277048995753,197.15348281817634,195.89250633551512,200.0454651911126,198.40065028093807,201.72325439348398,204.2238770434973,206.41370056591055,207.2196275340963,212.64661844107445,209.42243192778008,207.0907567637375
496,2016-05-24 18:13:50+00:00,197.04798886563927,197.00469741206064,191.8506481114591,194.98447359365596,200.32848764153857,,197.59448061815607,192.9617732882429,187.69314986672111,185.16729536992148,190.12310007110253,189.15975894365428,188.8853638433082,191.04209992906493,196.22820672035687,196.40709477852883,,,194.43905600960872
497,2016-07-03 18:11:15+00:00,192.7221532178493,192.70727072898714,195.30841106933988,197.59573593925847,202.38284734449763,203.91790872567879,200.77064777055392,197.68335794860823,196.138212243937,194.54135931514145,195.04172346208358,192.00822487905643,194.46268642244087,198.25764411986893,200.6018524297304,201.8663075809167,206.96332312260824,197.48723511284487,196.01732336226337
498,2016-07-11 18:13:56+00:00,193.58746343791591,,,194.01476636060895,199.65605310222824,198.2569990082726,198.8921855107584,196.5948573581551,196.106377863687,199.27839275168307,193.9551049128565,191.7192935274503,187.98126029653525,,198.6712017652421,200.51379429424236,206.22247083414368,199.7912867984624,199.01571267362044
499,2016-07-19 18:11:21+00:00,194.83472503880392,199.18477838151017,197.08868256904208,201.60903761821373,204.8353628177262,204.56798605162396,200.81812231779202,199.8674985101353,198.45667736978075,193.42776769798806,195.97967745991525,197.16930622837867,196.0664089098834,200.15299596270737,202.09179394078944,201.755531622011,208.22318999407236,201.28333576214914,202.19455206760227
500,2016-07-27 18:13:59+00:00,195.65549983834686,199.67691564263865,194.2676003033821,199.60750030766064,199.99225121781967,201.2805114886421,,,200.55924942936122,196.65307840431805,200.0764781306148,196.85614492700955,197.41965375064603,198.81850614863967,202.0962799365334,205.2860787307831,210.65090701825886,206.96343243418664,
501,2016-08-04 18:11:24+00:00,194.96115693000104,197.83170371984988,194.343685050374,196.80374161906178,202.30615508086132,202.08217032730295,198.62606955170548,198.00432882376612,196.3270570958561,190.27510154698777,192.2496361476937,193.92269452891867,193.33090298412287,198.55749157412524,200.6608762167636,199.6058977863632,204.9284129804534,199.69893256146742,201.6080838838435
502,2016-08-12 18:14:00+00:00,188.59095368206215,190.40504681540716,190.01447027207297,191.45075513820603,198.31097183157175,210.42855311076028,205.88771020595703,202.06264643613093,205.25653205833572,199.29128212998936,,,193.2955287303059,197.62820321195056,200.63389218428387,202.82274311198165,213.83120362171,219.08088064671279,216.08929184982554
503,2016-08-20 18:11:29+00:00,198.6246032836396,196.6458174357103,195.9221764824334,199.25089602663408,200.7191335705317,203.31209612777556,198.94649963804272,197.052016124262,196.23647455337579,192.0847853236907,192.27358423138116,193.32615365018682,195.0630016121119,197.4502453805477,201.62918626634922,202.5741938998162,203.4054740168981,204.69473127726158,201.01479868574512
504,2016-08-28 18:14:03+00:00,202.59067581011283,201.53935270369598,198.92215788144506,204.7773585075158,208.13858401714907,211.15305263422275,208.86662026942042,204.75678028704556,,205.68926947014265,197.57464574173508,197.26059314137086,196.16319356181197,200.57436777125253,210.13020174190183,213.65131799460892,216.4744552228218,222.04837633545714,222.56656832665362
505,2016-09-05 18:11:35+00:00,194.80411096494345,195.28879747282727,192.2570822387629,196.3399182141651,199.80564442115073,199.70957242172057,199.10751836050622,194.10979787091733,193.01678470170663,193.13162903700928,194.43415889800423,191.90658066378734,192.76887402974546,195.43513011778256,198.95133520348276,199.44316127463685,202.28529476687447,207.17972528060668,206.17972636856342
506,2016-09-13 18:14:05+00:00,204.41243279911703,205.57115526294916,200.80647574496538,208.50839250255967,211.40319546816184,215.102717906138,215.60396910441904,,,210.59049125445694,208.35542483531628,202.25370278734414,200.15297747521225,203.355495287323,214.24867320040363,219.6828088285268,219.7921940237103,226.4099597665097,224.45931081257982
507,2016-09-29 18:14:08+00:00,195.17282090005241,196.71417617595296,197.94217676382286,198.25602333126076,201.8664170845794,200.23580981052095,200.90235223850755,200.8529373008765,196.47078737141015,196.43981098994635,195.39528450516116,192.93957291782738,197.05241912276992,196.4034973363911,199.26303236183855,204.50777247479218,206.98707759637534,205.22227360667074,206.34214100410998
508,2016-10-15 18:14:07+00:00,196.03260552828743,199.23906276653875,198.26722598430985,200.7591550654276,205.73178508413412,204.53139393353706,204.38674354290384,198.97686927380818,198.87335219490063,195.14412368343397,196.11761208983205,195.71085379938353,193.82980380334732,198.23939051842848,200.5263242575919,202.60349840690466,205.2975840274716,205.62416340814949,207.86473848040816
509,2016-11-08 18:11:42+00:00,195.6022870760399,201.0076959859599,196.78533220369332,201.43154511451672,206.87877366184753,207.49667018059435,204.3161740109062,199.59078184876284,198.96279855241613,198.23756456241273,201.92104269112087,204.92717058332624,202.61426925362312,201.92562389365048,205.12341574390737,207.2861727377717,212.958676116748,214.30789001519045,207.11315517367788
510,2016-11-16 18:13:55+00:00,190.17097037036393,191.1087257508569,187.83199616889107,191.34792884459637,195.42069979158552,196.0300898980023,194.52039113905514,188.27137245930643,188.5325470936109,184.82093342634582,186.52689062420262,188.3194717152786,193.61564109877685,192.9748080825891,195.99156949643321,195.50913849228317,,,189.54832181063398
511,2016-11-24 18:11:43+00:00,196.86005929936792,203.3795805179897,200.95673933956255,204.77899795077417,207.59640266212486,206.87825917603567,204.11264021989888,201.8111104411919,200.76242512005317,197.1574349270055,199.34443244358877,200.3546345937893,199.5640439105177,204.83917931162586,206.0835796648009,206.7026360502848,220.7574963394668,216.55325858294657,206.56290036998152
512,2016-12-10 18:11:40+00:00,203.38770912003633,205.9612697584186,202.39655274088508,206.58295635590588,208.29541257218665,206.76673657126884,203.49575768658258,204.99130024638475,204.4893300879586,206.01033015943992,204.90591034517706,209.9152281510137,205.8200478186041,212.5596817268294,210.75360462540831,215.98594929535756,226.19436146026814,220.3442424802867,212.23283293572513
513,2016-12-26 18:11:37+00:00,198.54647666376508,205.22292722773082,196.55680210860834,203.2298067730942,203.97632477399765,201.47585463652254,196.79688344113794,199.3790927913813,195.43729180580448,193.74518143958875,198.86886765586775,196.08036540971975,197.54396579269277,201.26813487600674,202.36268917083726,205.3425034314804,209.257841695438,203.4932758694232,203.62019788111428
514,2017-01-11 18:11:33+00:00,195.82052946732148,199.11471202225778,195.0566061458771,198.9569548297969,200.5142957222754,201.85862303253148,197.38541278139672,197.44720199724213,195.2088350863818,192.20500583853476,196.57687182687346,195.02287336517912,195.42308665408135,198.45790570060868,200.04129591804886,201.79034743904515,207.89224545274578,199.3036599095974,198.1820234080016
515,2017-01-27 18:11:27+00:00,192.83585043989467,196.44367343979403,191.84902887987124,194.88538422928517,196.6520519962619,198.306237136498,195.78694013266792,197.22835223699698,193.40041137768065,189.74774660137098,191.0777796361089,189.65983278498268,193.36309628113816,195.40331295653428,201.69283021867923,202.91233913028626,204.9868483221498,194.50700004662244,192.57348582437413
516,2017-02-12 18:11:20+00:00,186.16365691650776,190.6654848210809,183.78926549942446,188.11949437085627,187.95615880278518,191.8694877599973,186.86271636387934,183.88341549541676,178.90331672331666,179.19359464112924,182.61201526633846,183.5262155627501,185.63884385309194,187.77992337781984,188.2566302254645,191.0041390938591,189.88536704270481,187.8804971712912,183.00349666558606
517,2017-02-20 18:13:23+00:00,191.93452652276113,191.6388452638635,190.06455443888802,196.675365880675,197.42402657114684,203.74214594695076,200.82034181579297,202.8117041180745,200.6258751043684,198.25683260981629,,,195.0122611381274,196.40945213073894,201.8950542338734,210.27779860037708,213.06370216061603,212.6640659275506,210.66519023944824
518,2017-02-28 18:11:14+00:00,193.02597726931447,196.70156771207735,191.95793409171065,195.5300024447718,198.41147420581575,196.23368186679897,190.54095271744524,191.6842473861918,186.8749024141331,184.55344387317635,192.01254498850756,186.13339207052306,187.58912851601463,195.76992517898978,196.3981748873265,196.88007279524507,200.97662420287008,192.94247141567243,189.40114541245083
519,2017-03-08 18:13:31+00:00,201.05287654135407,201.43962837782203,198.64122683284495,201.80881407048938,205.92799212026276,207.20331922747326,203.27939704523658,201.93916632334754,202.6820897902448,194.5117592741678,,198.45582510030192,198.34531952631687,204.42645345234075,208.47959681131232,207.95526586646076,222.2317224456136,213.9927213275348,211.80255009420796
520,2017-03-24 18:13:36+00:00,199.999074802635,200.23964490946312,194.2467628365116,,199.4578797280421,198.98087364092322,198.15744449019928,195.64982500623805,192.51024690459593,193.16799383979992,200.5636235624336,197.11317115607733,201.38906297376172,205.15789683542522,,,212.5954409173422,206.737487247623,206.78481465755596
521,2017-04-01 18:10:57+00:00,193.59843858690547,194.33041913603637,197.01402396908813,198.19601204384935,200.434362127878,201.00619039523616,199.7470424085236,194.0923814042908,191.4596140159822,189.3048389582388,192.6573709491484,195.05804759715727,197.64317549886226,199.17921765723048,201.2990127792208,200.2833028767103,205.37717138372545,200.14106779378466,199.9691503622999
522,2017-04-17 18:10:49+00:00,201.3417696801502,200.16122651349974,198.69530838811534,202.45743272610304,204.76757120145913,204.34059409310447,205.3791195100599,199.8407968025274,195.42529799868538,193.26276042310093,198.28603580271906,197.8314521946648,197.9904407634856,201.04472020118197,206.80634224038786,206.67042856451803,210.16653377783763,204.0790210227252,205.21271960106122
523,2017-04-25 18:13:48+00:00,189.58829299115462,191.20033280408597,187.62368355047815,193.0307462021077,194.9980412042816,198.5803159218899,195.25168897428716,184.3513509632657,183.48831577479837,178.5776773719736,,,187.76222757651647,192.8840756013955,198.10824143742929,197.22895633104403,202.3007115776676,192.4771118393814,191.02420381660244
524,2017-05-11 18:13:51+00:00,190.74356573261218,192.3450497194506,186.17442873117864,191.5373573093487,196.36463256821168,192.74682456869195,196.17778255662523,189.10951919869672,187.73941129710914,185.69655972806265,188.00879205900497,188.2407684808724,189.8673172918126,,195.39482180815799,196.82620920266743,200.11566205071645,192.37602014936522,192.38768400578795
525,2017-05-27 18:13:55+00:00,193.34323255130192,190.50472350104135,190.8060533091649,192.15807338142088,193.4232690056031,196.74610522856779,193.16426388039147,190.69350041823526,184.22455514819833,185.40036031290748,185.65160288557257,190.76093180696975,189.06079880470332,193.62355947841024,195.82533884363227,195.9018373572547,199.53014645534518,194.0577907433934,190.6877237022266
526,2017-06-12 18:13:59+00:00,188.4775417436079,188.08025292772146,187.6498734256796,190.7915712064115,191.9333714066593,196.30649127522412,195.62286355808868,194.8656459612073,190.9275238854063,187.42145663114383,189.49646573800152,187.32291114413775,184.57462787674194,187.6902907589136,189.74766630744682,191.25809974163298,198.98313184640568,190.8124479495793,192.24929893035312
527,2017-07-06 18:11:10+00:00,196.9966231295205,197.93077283705946,196.9739063953379,200.1084211633648,202.46274849434513,202.44454927932287,200.54235978187563,197.5823044221421,197.1262961397815,195.3425468616794,193.112641759766,192.8223474855192,194.2275709272152,199.02634880368316,204.30839222623638,202.6148058900098,206.90977922945768,203.6883816234472,206.95303351013206
528,2017-07-22 18:11:16+00:00,197.39535285037482,197.92201047621637,194.67228870730042,198.4663588293507,203.92723504861232,202.7359177475639,200.14933106534082,197.0219130579669,193.16407857839573,194.04122513750144,194.85072026729628,192.87358419006927,193.79899713195215,194.54863118337147,200.5472435538927,202.88102724947186,204.77021757939588,198.93840860688294,201.83525064287352
529,2017-07-30 18:14:01+00:00,197.69792724178188,198.17429237818945,193.29359383169248,203.0935392649588,206.93054742438545,212.34956984372815,205.9736021295684,199.96044349045764,194.25928182271224,198.6835106833591,198.5389568394483,200.31689186159298,199.6639066095896,201.5340905113878,205.50644344691085,211.45156713328257,213.11823426272971,206.0994826101107,209.1180879576163
530,2017-08-07 18:11:23+00:00,205.87461263258393,203.57343902812326,198.79362613766608,201.26029404473525,206.28482921859398,210.10412359599633,208.60168708140864,204.59461668464502,202.73785934706635,197.4536271257138,199.97049610949222,202.86626145009058,200.3184283597266,202.75125229615358,205.61361831769074,205.4016442263527,208.65732861275066,211.6500873371038,211.59367373506177
531,2017-08-15 18:13:59+00:00,194.53241423805866,199.76630977286342,195.73246278887842,,206.72314105000572,206.58824771892827,210.39997137445198,206.5518105370668,204.14453366834027,200.8819650662565,196.02131111039174,194.54010616049572,193.71837614965497,198.32997268752095,,,208.19257588050365,206.33428229452616,209.44347639700302
532,2017-08-23 18:11:28+00:00,199.50190528734467,199.97508753827196,198.84238618179467,201.36004028225227,206.14985872510601,203.57706406400712,202.9423456189331,198.56705657701457,195.58147437023962,195.42112436627048,198.48559610143894,199.61602939334142,197.47606354658166,201.21142349650728,202.073420311668,204.2645218704582,208.85935203973466,206.1371749893974,203.42589955408215
533,2017-09-16 18:13:57+00:00,201.8006436498987,201.24828908310604,208.19109101833266,209.97441295202646,212.1212592285711,212.9950145042273,209.4461496197397,210.81950521431202,205.7647426422212,207.95178967057632,209.30687407970044,207.13342715428323,204.75531430042736,209.08103496880565,,220.25680943086778,220.35636571189718,219.9760343976613,222.6893369314378
534,2017-09-24 18:11:34+00:00,196.16155710125588,203.13338092907418,200.4804290213908,202.94916657714714,204.0699724186483,204.28305823648873,202.07649478398434,196.5630119761022,195.5466180907802,193.41159728497706,195.00678098012133,195.98761434122372,196.9729932126168,200.91675331005845,204.23348976132613,209.1163115251349,208.1159662674977,204.9999952365809,205.82301566263396
535,2017-10-02 18:13:59+00:00,203.82163288521775,205.2975419340785,202.52209466879475,208.2521214040583,211.03609905456506,215.43946007775213,211.8630080135617,208.7571271969821,203.53171202288272,206.46577659577,204.78665194617355,204.9556298061631,203.47358661870155,205.48444861173476,210.81767830580395,216.70294258497805,219.67515353516853,223.30983855545955,219.34084661634535
536,2017-10-10 18:11:39+00:00,197.8698754440381,197.91690279705333,193.9350772789301,199.41300086948146,203.00623726453654,202.67277456978914,199.9450119062929,197.96255424338543,195.1660384028445,191.02249567360082,194.33933173416034,193.97290805384577,194.89879100693952,197.14062247359635,198.49713810668584,201.12434091414806,205.7888558559398,202.93662905336123,200.84897550411978
537,2017-10-18 18:14:01+00:00,193.82899430423186,198.44120210899985,199.72692991843854,201.4797241666871,201.655328499375,202.69406984105646,200.490319763437,195.00518568740554,188.8367993069487,183.6905900469498,193.48075775855756,193.4042941815879,192.09393142938373,201.59626945910873,203.3176367881802,207.0151779246464,210.33225153446156,213.28514045974012,208.24070209804927
538,2017-10-26 18:11:41+00:00,195.32261379280524,197.48964182939747,198.47338343874551,202.42151555037836,202.33917996619007,205.98455868205312,201.46393994836836,198.2186636596743,189.8342145171102,195.13929796276736,199.1523437829872,197.42092013329054,198.82595000676568,201.3579053773436,202.67934161230613,204.22410374283552,207.63555757675886,208.70490202763807,208.32132999089086
539,2017-11-11 18:11:39+00:00,199.2489203884269,199.78345233974642,200.34989322629275,205.94197251831162,210.3532354201314,209.015749568462,208.20007474258193,203.6865029304291,198.55543853378984,203.3209204162294,202.00765477136974,202.1746233958677,201.40312381342352,205.52714385449755,207.01208847900278,216.19706492377637,219.58404152917376,215.28756579296333,216.80168521932194
540,2017-11-19 18:13:57+00:00,193.35876629912843,195.294002564225,194.16103499255135,197.56804478469223,201.14096467861006,202.0459051044775,194.66982103123638,190.14040601788213,186.19964444541262,182.54162771000603,188.09125699686916,190.86527427055535,194.6360668766871,198.09439199707157,197.26213573849338,202.20242782676297,202.34540029768897,196.0179145724004,195.5277569628296
541,2017-11-27 18:11:32+00:00,196.86797598144474,195.445481811254,196.71561140425376,203.3435021845698,208.11838901705187,210.24692654352947,203.59740975452263,203.1353924288655,193.6512607937784,203.3932274621155,203.2668751322048,205.5310866966946,203.81914121430083,204.93112908387562,206.28580580649032,214.8714704231164,219.51259209218466,215.2761506725449,216.37799453161927
542,2017-12-13 18:11:33+00:00,199.4237950782316,207.22451020224054,204.8656770962067,207.49424070535815,209.91824948071513,208.97241744830973,207.45002534729213,204.51345686116218,200.519152726753,210.41266722736003,213.39821216509853,211.90844154840056,210.12534446269618,214.19518477619738,214.9205187526213,219.31599862360474,222.8988488535651,220.7424885646977,218.58562698143942
543,2017-12-21 18:13:40+00:00,184.3086741936391,189.92603698379654,185.3451024387291,191.72715299932383,195.63676507891643,193.70502987485358,189.2095168522216,187.54116390517163,187.92599022178717,185.87042029412197,188.7776037431453,184.51218453763408,184.04621586454132,190.09761051406153,195.74505409179824,194.65051920152666,199.01822219148522,191.4216566246987,188.15381677763386
544,2017-12-29 18:11:33+00:00,205.40598843494303,210.21656785196456,206.70253760360924,210.12037920989692,211.14727701085562,211.80863932311894,213.2449747215198,214.64372225035947,211.15979208442303,216.1410167148075,217.6119889856926,212.300147909411,218.91830091180995,219.19897805379992,221.3689781587572,225.5064023164295,229.91895907203644,227.95811945643732,225.12934706210743
545,2018-01-22 18:13:14+00:00,187.87863773747682,194.13970760189648,188.96560243717744,194.20482684063418,199.8640987617285,196.89963510339368,195.35706006854977,189.21314318857543,187.64458014410124,181.90336947658093,189.59085341211403,187.61879964445154,188.926770331398,193.9852688220389,196.20926335229433,198.8595048394474,203.82718831928986,197.70127635241073,195.32285473829367
546,2018-01-30 18:11:16+00:00,188.7533336459959,191.19762713844528,194.74038822920016,193.91300173833127,197.01326418182705,199.30248911091059,194.22497093988767,194.996990843243,188.88766648802093,186.35296187770064,193.51403348321367,186.45441207672047,191.90185959726136,196.17139621251187,198.08898815545967,200.10733428877768,205.37279581547958,197.06420744934803,199.06975529031823
547,2018-02-07 18:12:58+00:00,198.73398664473717,200.90440447177212,,203.56119845865544,207.43325620115226,206.71008633018434,205.76803127322762,202.20042523423803,201.2369687507696,197.14740568968801,202.47006220625593,204.62062145830242,203.37380919448375,,203.24565486017642,203.9996674204404,207.90025708571804,205.8036269010343,200.32288949221947
548,2018-02-23 18:12:49+00:00,202.4569147799586,205.00765481439407,201.20912322501945,204.9820790965216,206.74584406546603,205.43531150676466,204.7639072605159,214.7741321322068,204.24788597062712,205.36216538581348,211.89701429210407,214.26793401185563,212.69760985312632,214.30934271988895,212.78836111138554,217.68805668519354,226.30147781986753,221.52151569143314,225.89514035751577
549,2018-03-03 18:11:04+00:00,197.66809985001385,197.6149563965413,197.89180803035526,199.6229968821099,199.55652426380482,200.8139061373775,197.8474766611552,198.6949688167275,193.27366812142458,192.76171153358473,194.04631355640356,191.87802538862167,193.68036273838095,195.48132893674023,201.1844301153213,202.77580273722407,206.41144997895412,198.05095974526546,195.24680613840712
550,2018-03-19 18:10:55+00:00,199.96732633981009,200.09637764816708,199.56154567237013,202.1976176158266,203.176643930696,202.97447300124716,201.05615912828708,196.50663756614705,196.99185205043804,195.8653111401178,197.6145071666205,196.3798265765388,200.78638853786055,203.4788102491477,204.10406579114226,205.5066565675072,210.14141325582688,203.79985461195145,203.38945159022813
551,2018-03-27 18:12:25+00:00,207.121398790838,209.42955394632878,204.8619193864701,209.88248203940117,212.08781046408515,216.56510270624239,218.4183864411483,208.74891335919742,210.7791718567201,213.4045775664075,217.00807548696338,221.2138105000208,221.06953231584325,225.00074171558404,226.27014553483406,227.06144687305732,232.94693835367832,239.98420582276702,236.48598146531575
552,2018-04-04 18:10:48+00:00,203.41358006836384,203.1996132556553,200.71225375543665,204.13046755601437,207.15982715947507,205.99953225133999,204.0937054645255,200.91840989180272,196.78784886779283,195.97486762737765,203.69475166500854,205.5964237866858,206.59257487301505,211.11028470921468,210.1933084734165,209.43496080983482,212.40288212913694,213.2881222678415,209.75716262774245
553,2018-04-12 18:12:10+00:00,195.97786678432425,201.457694558473,198.00137964358225,204.40117888824153,207.1233388272879,204.95805149505662,201.9589771155641,202.21857311710522,201.26775445098173,200.07118186085705,203.21155221064828,208.84825400557492,206.5167700127118,209.33990467757374,208.09123612550638,213.07404579081964,218.45954959211025,213.45810147800535,213.69869432914894
554,2018-04-20 18:10:38+00:00,199.4498107374024,200.21469546285505,198.37807254821234,204.57287343951128,204.0476896264008,201.1904117621776,199.91697346488468,198.2390136505397,196.04164855744796,194.37306725428044,200.053364636068,207.67071072282667,207.20932160969187,207.26466594265278,205.12122823681656,210.8962484593176,210.9026029097338,208.56310382662272,211.8645386533404
555,2018-04-28 18:11:53+00:00,189.85473493030935,191.9398459550529,193.65518990603468,194.72405136443794,196.99817818636964,196.46711365841162,194.02558362311896,195.73986259735182,189.01746928522877,185.8274779429906,188.41889480166722,192.09537287871512,191.7411870411201,195.35138871025174,201.303101988043,199.52793141967885,201.70400675241325,198.21605371099815,198.3663289199484
556,2018-05-14 18:11:36+00:00,196.14695473421042,196.00911906314434,191.88413971698807,199.1444906742227,200.4420620470258,197.934150130467,199.92607990880924,196.00075863983335,195.32105963582347,189.08715371261732,195.24029247656551,195.15672643066583,195.35381952139872,199.96758760983184,202.36608173592018,202.41003673018145,207.51236210172397,202.6479145651696,206.82787074343534
557,2018-05-22 18:10:18+00:00,202.09300181297527,203.04186167354788,199.0736843611681,201.10902279805237,204.91589171390365,210.76970377602726,210.0716970516621,203.10471236322877,203.99857021690272,207.5985334657343,208.92223095209195,211.46011912842275,209.4126496604566,212.76577747248422,213.78949847197953,217.15199081383588,218.49645859611445,224.92381406410024,223.0976384483759
558,2018-06-07 18:10:11+00:00,203.3700292300845,203.6324226969651,203.76330791137636,205.93134343597757,207.2804145542508,209.82802444758235,211.06804953763864,206.89969391889474,204.4940758685328,209.30890030053763,210.4942554054689,211.75489211215967,210.70156627512944,214.88653597060085,216.18467928750917,220.91607212007892,222.71716713335212,219.4157581912986,219.8887387186207
559,2018-07-01 18:10:46+00:00,195.47529494468228,192.9162191107688,194.5003827409886,194.03739814905225,199.0369409526306,193.04654536036253,194.49068148030122,187.0696672213466,188.99580879778836,185.6545582468716,192.3038817587344,190.79733505152595,192.57079011113717,193.14882189667406,197.45299771826143,204.7108982543127,205.46087726165928,200.96127498803406,197.60189598118438
560,2018-08-02 18:10:11+00:00,202.02432573700807,197.99340935460185,198.9317966695363,202.20075791548453,205.59573296493704,196.16883091409863,194.0782146869093,190.73398314251108,189.36950680646942,197.7135151006829,202.4013246729469,200.85742590741486,202.21079376212293,203.11352609614892,210.9593289866453,212.770254779638,205.17165448267926,208.53121663354975,209.9626582110052
561,2018-08-10 18:10:46+00:00,203.00116470248292,201.72308749798145,202.65646193415427,204.79166564791996,206.81395059005163,206.62924999648754,205.53271178666733,201.14770568999154,199.5504839391652,198.97810664293522,200.08875747934087,199.43322964949851,202.16034127427832,202.34648564808774,207.5336103776262,207.5996142123209,206.69615048619045,209.9649236805507,214.6702537109748
562,2018-08-18 18:09:53+00:00,203.38733072814193,196.48213061064212,200.17854535459435,206.03888608803643,207.37081528522148,205.6728348479961,203.30338343771484,199.4981838309548,202.8087567403805,199.72105788563937,202.40360986953266,204.15287129858513,203.01032777648263,207.00636796499552,205.62687662840423,210.3992652317482,209.65452395158533,211.10916871642004,218.3705965842247
563,2018-08-26 18:10:54+00:00,203.26922867796333,202.62802839451456,200.2487889110108,207.60883809842133,211.60474451236522,209.22756118898832,204.5459844660711,203.22393970123187,202.36790302455103,197.6491714295986,200.80757545951474,204.06185323610987,200.41485994510595,203.7648784670423,206.1479369547532,208.50478135737168,210.8474896074868,212.97234043190684,216.04225869882865
564,2018-09-03 18:09:33+00:00,200.42500738140728,197.6397144323813,196.6966778977996,200.85856751451362,204.37449194517365,202.96391210735112,201.5755304684817,199.33358659560585,207.86143608436507,201.25616707741943,201.05194057596037,199.865155066272,200.31647040872528,207.37860436450964,205.78871947917997,211.4032775497217,212.02160957115655,210.05722948074634,213.8820030412475
565,2018-10-05 18:08:49+00:00,187.4582802648321,186.79031429758518,185.07056173155797,188.9897447099217,193.361550040099,196.38370031422494,192.2065507275582,189.50167635653713,186.6273028020343,190.00039275675334,191.04365678038988,188.51579635632947,189.09161639122993,191.18998945198058,195.28268085153417,194.07524752766548,204.74745579019785,198.74026518150077,201.23466552534967
566,2018-10-13 18:11:13+00:00,194.1538378194649,195.25189860256611,190.87841318389744,198.54187394958217,200.24563808032332,197.6322627885209,195.04412920228782,196.02822968218055,190.02592853212124,182.81676692279348,188.9964550032944,189.0002696440417,190.21812209909686,192.38888109678942,191.43285277506942,193.28118644863721,200.0160884024288,195.35140486898365,192.25698145137164
567,2018-10-21 18:08:26+00:00,194.62343015053642,201.85901826932366,195.08665751469192,202.9165645746495,204.08990563820285,199.83256223340413,195.52282490546884,190.79831332149627,190.80592852334445,188.6980468391783,192.14990471787493,191.74399601156608,200.4343052190511,196.65143606824842,195.53607500424712,200.79995998699906,204.99720878497615,197.12604686017053,204.2287945500866
568,2018-11-30 18:11:18+00:00,193.13626301464552,197.65600203581772,194.23602717722102,201.22695567098253,203.72470209140607,202.98040806681797,199.82435581893503,194.11426173255398,192.1855619221781,187.6365746421158,191.0117411927043,191.79973549614698,198.00868854633717,205.38147373153726,207.51524134562953,206.07204973707704,214.94020129027933,210.55801066705206,209.7219899802366
569,2018-12-08 18:07:17+00:00,187.6021295164612,182.79814725437114,182.8087422713979,187.49866308139082,193.7210953326521,193.16995463400144,189.08231445057075,185.4110483404079,181.30975632653016,178.71263980652495,184.2357535782711,183.94176217826498,187.3076060321116,193.5660660375811,190.69254512849534,192.58948406979363,196.67176072355014,193.11484098239066,192.21979328497895
570,2018-12-24 18:06:50+00:00,185.732798240494,189.24463463884865,180.1564316702387,183.6570330516582,184.33131336176223,185.03501313412613,184.88353603533793,182.3877023088066,176.83691486397595,174.22161868808655,176.2942899770099,175.12351914571047,177.60856561842553,188.87818577863638,189.87030150700718,193.24853705721105,190.70286446554147,190.05123664578912,184.45706597914528
571,2019-01-09 18:06:20+00:00,191.07060151815,194.4110373755796,189.16889802355854,195.26440475066852,190.14143361099244,183.245463540968,178.61180306172363,179.06475675431534,179.94651166234576,168.35260140499776,187.98614102976265,188.83574650844307,192.66936095540626,194.7483708424839,195.79294362530356,189.21925937741847,199.7052733770307,187.7988580253487,185.58084384613124
572,2019-01-17 18:11:12+00:00,194.25617458344516,200.657217023658,196.87933492268604,202.82244506718592,203.63346206089133,204.17726035180527,196.89089405568092,195.7122009735765,193.29834389208378,193.0697901298916,200.59011292685966,198.50930711621936,197.1842208935356,204.18023597892417,205.3608048855963,207.4715980151591,213.64705915112336,211.31697561966388,206.23105334188298
573,2019-01-25 18:05:49+00:00,177.19277105218453,186.51726418841127,185.39695512929933,196.57295903884972,195.61123265027123,192.69248078069808,189.71617752800205,181.1361394420631,179.24743221250856,174.1544290758588,182.10846325560402,179.06426082955272,183.56028092993017,187.50303331745127,193.17494865564123,192.74659228869578,196.47894051339975,188.63243587448432,183.13175167216133
574,2019-02-18 18:11:06+00:00,190.26552651764382,192.97924750645473,193.55175823439086,198.37069946076133,200.84066879049755,200.05445765579,194.26405294458215,192.99131401438328,175.62480927567177,169.5724267273729,191.06050319519048,187.02753361474117,194.9932126631159,197.1319060397994,196.6444945808497,200.4991174781689,207.24770450627722,199.90603938546616,198.99846535852276
575,2019-03-14 18:04:20+00:00,201.05556336555856,201.0338092717041,199.7016422602319,202.69194380349046,208.31889937647696,205.9653917172321,205.54155586497401,203.65282142363858,192.78317995878857,192.88294413246768,198.06360079039135,194.9691956125909,202.01259582781938,212.3458111294495,212.61401324442667,211.6170542602627,218.26576959682345,214.6084075621261,210.07440915508224
576,2019-03-22 18:10:57+00:00,189.3996355583841,189.137312896357,186.04792286345662,190.07853629761922,193.54895484695354,191.16151435793896,193.33756286977962,187.83904193276277,185.85330170793713,183.81193966028115,189.0057144329923,190.2001027398938,193.24112896768298,191.24401741759198,191.78583611876607,197.10856015195958,199.51830688613006,193.9703097166921,190.24014730970026
577,2019-04-07 18:10:53+00:00,196.90154491286714,198.90335847250344,194.00580620577006,203.70508288192724,202.83432341711594,201.39092106771471,200.9136885169471,198.1674618037897,195.4737920938465,191.6170273297999,198.95098789644203,198.13869705787437,196.32444010371907,199.3555313661719,201.03503679403477,201.15505335242113,204.15064603057976,200.78612158056404,200.4346882654331
578,2019-04-15 18:03:14+00:00,197.6385058184665,194.62348525681895,196.9012510802728,199.64059064540405,200.95744405578915,199.54281328238085,202.93276854016673,198.1400858004962,198.21573950885164,200.5081048427366,203.06048571476006,207.92983494652086,204.6289414932774,210.84437514128297,208.09440457929782,209.4450544921869,219.4868456378108,216.9054886723028,208.3691943179032
579,2019-04-23 18:10:47+00:00,197.09537270876802,197.65013718785104,195.26393401755104,198.70546060614183,200.6938191972108,201.93964680774698,202.80135057272554,197.98254570857495,193.2230365166457,191.865526377417,194.8263419920672,193.42402012107453,195.85993244956168,199.22695561213345,199.40116112293066,199.6053782192075,207.96542394493633,201.46194834399893,200.66886959953013
580,2019-05-01 18:02:38+00:00,194.93395289947728,199.42720706250225,196.28328623736672,203.1838194859715,200.97826145513926,202.7776971772465,205.14663847779659,202.01955259541293,195.9977716573067,198.53803266233433,201.84759164863425,202.5569435144272,199.05349513447652,202.0056574174984,202.32140641597994,205.26682061156583,207.9951394667369,203.50677775598928,204.51619339929977
581,2019-05-17 18:02:01+00:00,194.55123470914924,191.74403448450695,189.59114824185923,193.69531315789703,196.23377420662325,195.04710907598647,195.02215251766174,194.57049236134213,193.26699489724615,191.0021605822892,192.2972208468849,191.07981388819093,190.12237466898867,197.37887930312655,201.07191762814173,202.0564908640181,202.2231964320727,197.71457046612616,202.74481047605155
582,2019-05-25 18:11:03+00:00,200.20614195037257,203.65235334349276,202.38784491436363,206.53208415766562,208.67536296417106,208.34404301188323,206.00174143472037,201.3098817217474,201.7870313597001,198.04457882465914,198.71541833352342,205.6271666624343,202.24574978787726,207.85213771669584,214.4636564416926,219.80783695531096,218.54818831032713,216.560141039987,218.4552456727418
583,2019-06-02 18:01:26+00:00,,194.1842183089903,191.26037576382194,194.06497059737808,194.29391613939276,194.53603655454413,196.68917475960518,200.61089484736522,196.3008714804795,195.32940687038055,196.35246472117052,200.04320421099897,195.8087390108389,195.05942355160485,195.90543529270747,194.19966409481304,201.29315192945216,193.65327911992804,200.68270339472025
584,2019-06-18 18:00:52+00:00,197.56174510774338,196.47083078257978,193.80721465200472,193.91743947406022,199.00628535398272,197.80720340096454,198.08810028656865,190.56799279303843,187.34943505423388,186.67667545882637,189.76664304025968,189.26508624228606,187.3119047682693,192.96142177761394,196.1722125257976,199.93194222229909,199.7273852779955,195.74319454438535,192.4255668644679
585,2019-06-26 18:11:16+00:00,199.52958027137902,200.8831399763519,203.43678150865384,208.84833193329524,215.36563878656256,217.4522645155476,215.09539288560651,200.6053808022102,204.13502179435213,208.48372103162637,211.18223218842616,207.51618970898414,200.89138317833644,211.58636047456667,220.792668310749,224.82517556648278,226.045701616576,228.15105219218867,224.07222520400822
586,2019-07-04 18:00:16+00:00,194.6255899605799,199.48442232889954,191.33532842010626,196.9791083694961,199.2602069420976,198.23062937575133,194.05239691773346,190.14345894819402,188.9770534015164,185.30638492283322,187.26458544900055,193.90680059059645,194.08439475683872,196.13687069036928,195.63827135340034,197.39739548755065,198.3207994728805,194.0148732721365,194.66528969550362
587,2019-07-20 17:59:38+00:00,193.13222411173388,194.3984541392538,193.18521121188405,198.25272806714878,201.70175243522377,200.19479942035974,199.89296359784933,194.61955296622227,187.4456474988524,185.13059144300786,189.1178340295146,190.55280695592256,184.64751234783603,195.28669653901574,199.10002664033345,205.79926472016186,207.5899981416974,212.97401838559463,209.2811822294368
588,2019-08-13 18:11:30+00:00,202.9793384513219,203.32839410045204,202.58257395847886,205.73874079112653,208.45725616762522,209.98511583518973,209.32634248090497,205.80026608547408,204.40031187752083,205.25443344164412,203.20917535358763,202.03849327725266,201.25121211574424,209.1984259994586,213.10770022955177,210.71722114786857,217.82481962807282,219.63802164998208,220.12680810817403
589,2019-08-29 18:11:34+00:00,198.89560883746498,200.32978147404918,201.6240827991408,203.38221216504064,205.14089307321512,204.10380094891912,204.4120473190224,202.2554980235961,200.69146932281805,200.3330442178814,198.9630617798087,197.59113614684335,199.19097710317482,202.78691169032157,209.74290754119804,212.80528411378688,214.66062473778703,209.92723673084828,212.77783581030877
590,2019-09-06 17:57:38+00:00,198.43359072909763,199.18917258661057,198.92923850588193,199.8348098264612,207.8127908515029,201.80017359840497,201.90626148762146,201.13835131875192,196.127975429811,208.1405692170538,201.218316820805,204.96941262576408,201.95723025565133,203.9049781471467,213.569948979763,217.58095099658505,212.47698735053382,211.9308277178429,211.67990691035462
591,2019-09-22 17:56:55+00:00,195.72918494831714,199.74825956356014,200.39607492283656,204.69775931602936,202.5004350490613,206.1592804108199,206.91974836403685,201.30823961999332,196.178186255137,203.75360835292014,202.9386133709222,199.28809819729358,202.77514256310798,204.97447381836966,207.43649331744447,215.46856462154474,214.09557198778703,212.93872838477523,216.750119010646
592,2019-09-30 18:11:44+00:00,194.77236846673122,194.55069491571516,194.31840964353333,203.44535942922505,203.45595100661143,200.5679170232006,197.79139451911576,193.0889728332463,192.75947476136722,191.4838290987312,193.0560619538416,193.91574410292637,195.9377196744368,199.16782694705734,199.6586108600349,200.02463050667322,205.45597075615478,202.10208962019544,202.94875222558778
593,2019-10-16 18:11:46+00:00,196.13126128206284,198.06849044913082,198.83886838233593,202.5436843669301,205.62479198988757,203.68692752568853,203.54599374407456,198.60746145724733,194.12590250432635,196.40474362109714,196.98508874426523,195.60637502828848,199.32715163827413,202.6384722165428,202.7574307596867,203.4432754630934,207.3466923580105,212.48774399369975,210.0374195146665
594,2019-11-17 18:11:43+00:00,190.45547783740923,195.86727785893095,192.11606603985183,199.90054017605087,202.59825960133173,203.08686134478143,200.20212681062776,197.5598649820347,193.52643285912382,190.25813536058985,196.0306504267484,193.19255092900582,196.57909291398985,199.7465883113686,201.04835428722942,203.9605915760836,210.44478277140962,210.2050221957059,206.8575914990504
595,2019-12-11 17:53:19+00:00,193.5182737745821,198.87570751588106,189.12341455785761,195.3902895497986,198.92305906234947,199.38807466836113,196.78561145944317,195.8018191837682,195.28530986700412,191.72086351038803,195.48710303917278,193.57915928209817,196.63393313985293,198.0213301185927,196.03682704115306,201.4796428730856,203.47964138933787,203.7259845673935,201.21765132157253
596,2019-12-27 17:52:30+00:00,166.4463652522567,184.93425899411528,179.78005545972866,186.7622218150659,186.01053614389753,183.8851717523789,173.31561730715435,177.90017251705484,171.02257169862685,165.6019267779521,169.3637424531389,161.90973813836183,175.6277416262052,181.14201565412907,182.2656875938366,185.57229586628603,191.20431648635744,177.60442046738854,178.02354045168653
597,2020-01-04 18:11:35+00:00,198.29762380495993,201.4997173458384,198.9201827471547,205.70567862590067,209.00262106137544,208.97747623691947,204.13815017626226,203.53603584408825,202.77297748229122,197.36803241007206,202.86328471069982,201.85876394677823,202.23716622742103,207.86810264305035,208.0837377021577,214.43639045273463,221.18912842389244,223.64362295355232,213.18770110721726
598,2020-01-12 17:51:41+00:00,188.71894382787804,195.84392401206185,190.46639205663405,197.04910473207045,207.467287232299,201.98896747546536,195.9626055552773,198.45049688231467,197.5031541665411,183.67416419328626,189.8238562971039,182.3186678753184,188.3591139779175,193.7679692279271,193.68046285938206,200.13078816921788,204.61969951813535,195.99898157688,193.5156922182212
599,2020-01-28 17:50:53+00:00,186.57431613300116,194.57089126782887,190.0379204236869,196.51129253545423,197.19538719349723,194.2751953009178,190.78921102800396,192.00770563861826,191.0443979928574,182.8806253526995,187.77956766201578,184.0572983745732,188.116380679872,188.70245774328092,187.7902579277204,192.10447541724403,195.937203509631,191.05944349833163,188.7220835807119
600,2020-02-05 18:11:26+00:00,195.6660218158753,197.51790730343015,194.08202138773174,196.11662699151262,200.17549117149437,198.6880348090625,197.69213622346183,196.45309949885416,193.08404635206645,191.74669334072314,193.99937562753945,189.60456252774839,198.1027743403155,199.21221241409137,207.91409578325553,215.5772764870133,214.5293113771761,210.8204395638787,209.22050389564916
601,2020-02-13 17:50:04+00:00,193.5167214567312,195.06553294709312,192.07202867829878,195.98498500493108,194.8294088977189,194.91370030116803,191.28729924545976,195.46235824686397,191.78641217627182,190.6401015154241,193.50988270684934,190.80898809899645,195.53853085025068,195.90130656959002,197.37119217695238,201.46812393446965,203.8115934921692,193.98074384784826,190.64637703300605
602,2020-03-08 18:11:17+00:00,205.13434226597107,203.60092688867516,201.04003113867702,205.76505893030915,206.95766099991533,211.99316648097667,204.51169070254065,204.41482525291548,200.11999216327234,,,,,,,,,,
603,2020-03-24 18:11:09+00:00,193.77348560694338,194.60031280245397,193.01277884769308,196.65287517056635,196.53716642132042,198.35380614833304,196.68200800924987,194.69158012453877,191.7709924582982,190.99067127561932,195.04047998629324,191.03173599854208,191.55967160124317,197.0219714654669,198.02315933664528,201.81979771178834,204.3410936142592,201.31375443376572,201.6096300858709
604,2020-04-01 17:47:28+00:00,189.01079654436728,185.8233526753924,184.46137833827723,188.5125778699147,189.8610365503463,189.66784835870885,193.97846793739353,191.01279401951456,196.1809653455927,201.09263313317555,200.72419785332266,198.21198009592075,195.76779596752195,196.81107263433813,200.56036291837952,205.8315386527538,207.93818994306045,209.98331344288994,212.72644513048147
605,2020-04-09 18:11:01+00:00,196.14422580901024,195.0100929297046,192.54307640776977,195.5387923221591,196.37296802493609,199.3973745164986,197.70657618676188,196.09747464741645,193.79083053900536,186.354148944614,192.4816851963471,194.49365925953538,195.14998952549635,197.12552135954735,199.5732279452577,200.73324907565018,200.22688559143032,201.27285120229567,200.43997205133275
606,2020-04-17 17:46:32+00:00,188.28526188028968,190.83035918576508,188.5056040468626,191.1548154820746,193.63020707975411,193.04954950528764,195.6681337283183,196.33379717127556,190.48034110512467,204.86004408703477,199.6664089664003,201.08165075820185,203.53529821530645,202.60888710628842,207.45271241113085,208.335762479043,210.97758678667634,213.8051385258992,212.81567766091527
607,2020-05-03 17:45:35+00:00,198.98594925913147,200.55063383721276,199.5923310397181,202.62084662424124,208.31426059196974,202.17740492244585,204.1671428822773,201.94721507326017,203.49841519258422,209.34188853237399,208.65382487311922,211.72132166568306,215.0263099441824,210.90470167195588,217.50273930899343,221.24924437957623,227.53829300702165,221.3750997284007,220.70978814729483
608,2020-05-11 18:10:47+00:00,194.74302153050604,198.0503505732201,195.26213678554882,201.57995035142648,204.03954680364873,201.77164812742103,201.0306388967785,195.507487272023,192.8095787138186,192.82841240632243,196.39952024658515,199.7643049088581,198.06198313220602,199.93350789555433,203.7015521541495,209.17882796837125,209.00095589492184,212.4142105050833,208.90036855633753
609,2020-05-19 17:44:36+00:00,193.803296468368,193.14047726508102,194.97630538469144,197.70148863906073,195.56146803063092,197.41391274309535,199.87395589450932,192.926769461119,195.3468180360971,195.18643911499288,199.08527074735264,194.84786318806385,199.79668290477463,201.71017382938885,203.74271289906625,207.94974034398953,206.0978454846915,204.23053122527142,206.56103623302323
610,2020-06-20 17:42:43+00:00,196.80855133292607,200.18681110874297,200.08455704263548,197.76513584057145,201.79005201511336,200.2533012671551,199.99896926857014,195.7154138366357,197.87407482937328,203.97241067128346,197.92680311429677,196.69961035800242,194.4105946140636,197.1626610775802,204.5880192340142,209.96414057232843,212.94913807808234,206.55795174101831,205.6415588162215
611,2020-06-28 18:11:08+00:00,201.3332012877879,201.98695533485326,202.0670308387679,206.46882476622142,209.24965825515844,212.64860006252042,210.88565768076433,207.01954700741013,208.4084370408779,216.3377423920352,212.97586195023024,211.36872978725262,208.97607132862464,212.40929377575037,218.28768184277993,225.54047310346067,226.75494650834452,223.66387579965763,222.60550612106326
612,2020-08-07 17:39:47+00:00,201.56108696456417,194.17015532586686,192.69260925536335,194.6599226294735,195.46833917067158,192.81948245925477,203.31997853453737,199.63414161810192,197.16964364552305,193.70200070435152,200.1583671103955,197.2526267432537,193.78467560930358,195.45161479981886,197.22973143856882,205.30172852530296,208.3105372528974,191.5434262036553,206.54202165778094
613,2020-08-15 18:11:24+00:00,200.6698723138677,202.3546490861338,198.75954278216147,203.0151305346826,204.90241991143745,204.67850823856884,206.7413291776931,201.29513723470188,201.93844096851873,209.0757846032202,207.48634034265712,207.0970083820065,203.10871138954874,206.51770644581262,215.32666751906407,216.42563630820973,211.1640506931587,216.66231592777075,217.53116196380878
614,2020-08-31 18:11:32+00:00,204.972359094652,206.18489393817146,203.50194627778097,207.1602142378027,209.64197638402655,207.7797602522491,209.71913431414103,202.5867569375321,202.8681855764706,205.18819118074958,209.40246818021427,208.15183057565952,203.8917589353456,206.2194758658496,212.9172032213258,215.1734077695997,214.607997602666,217.8226033344016,219.4412721601832
615,2020-09-16 18:11:38+00:00,197.04599019906152,199.2272416527265,197.31375455744842,199.96856330527416,203.7154964588894,205.2809164320878,202.95019727503023,196.64043340183096,197.2386482526964,195.2194174911333,196.58722858035117,197.49329287558112,195.77567857675177,198.61729226399535,203.99487291184184,206.25071068630663,209.91006922284816,208.87170502546655,207.26745550512044
616,2020-09-24 17:36:39+00:00,199.39404675532143,204.7021580599805,199.80522452680785,202.8617120073961,208.03454091077873,205.57944912279282,209.38556631546294,203.50936117180217,205.1950135974009,207.84177772589518,207.69550654994947,205.3900274045753,203.9707140350432,207.99649626486627,209.369294204679,214.28525430276164,218.22887600984012,219.04808453396095,220.00592127365127
617,2020-10-10 17:35:38+00:00,193.04785498952336,196.87468909888685,191.60949926749146,197.05501674774695,203.76188259561354,202.93004063021178,200.37345947243813,197.47362268831114,192.59859063704826,198.99601867639404,204.88649347383225,201.57353171890833,197.43058245112456,202.73239086470915,208.49812855996132,210.4822984861134,213.97148142927097,216.71468929844121,216.81798306445484
618,2020-10-18 18:11:43+00:00,197.47111601872237,200.03445507956354,197.70088898908674,199.63976267676438,199.69714286785302,202.08311472208698,198.81137226951512,195.73391044995262,195.165048582854,191.5537435180451,194.82388824988402,195.75339916974417,197.67712239743815,196.8796939009543,199.90719569235912,202.99655829037562,205.8553188973089,200.4799361784584,203.28918532128046
619,2020-10-26 17:34:36+00:00,202.84822618978373,205.69951610999505,205.74382583496075,203.57702882728427,211.3872983944928,214.5935016458609,211.31095296019453,207.8757722880995,206.77208211419767,207.5526771261362,213.39011326687353,209.60696167006455,208.39633600134192,210.52426524783547,217.10433615148793,218.18775865391592,225.5605255275319,226.29223776299176,225.18089041941042
620,2020-11-11 17:33:31+00:00,208.2471575211157,207.6398921298717,208.44793208729897,215.59353277524465,228.20697292907386,224.3804256447068,222.6203193245056,213.71239185669646,210.56542868951917,220.12186243450827,221.17639909438913,214.36053354410498,214.42212409141075,220.1393889947542,226.59265506828805,230.72135483782353,230.79506189474534,238.00205911606395,236.2659864551072
621,2020-11-19 18:11:41+00:00,196.6122518269373,196.02167422920905,196.7468703063595,204.3703709690655,207.12598975008666,205.77599988224108,202.47318490862506,198.51285248228817,195.1781835848716,195.31436196382197,197.8576353557657,195.8701732561887,198.48965742908322,200.65638229576624,204.59285051298184,207.45470653886906,209.47888369033026,213.3435087826124,210.04467559001813
622,2020-11-27 17:32:23+00:00,193.0525458832784,194.78220845933146,193.17814134781386,192.77222841904546,198.5343509578516,198.87645592223254,193.898180678005,188.31207347043244,187.68141000334253,199.9997823089576,201.78004373792103,198.52216116830783,200.11412383011802,204.56956936782703,200.4791200718265,207.27669938640955,207.95339451557436,212.7186172444782,209.10843566629597
623,2020-12-05 18:11:44+00:00,197.78884182042555,202.57124981787393,197.82257074532663,203.01868812419735,207.7879656498754,206.53653773204292,201.22234981163123,200.9348276048956,197.83253882573126,194.1131430305611,198.13188593366345,196.73225286897426,198.02978270427204,199.75241081337356,204.38474207656157,206.4967796787874,207.5673211009186,210.74554500294002,208.33861715134736
624,2020-12-13 17:31:11+00:00,195.0721964125292,199.96179856840226,196.10883999418297,198.86355801158527,206.4076353856354,200.055732923483,195.96728422267944,200.08815706644788,199.69775746987204,193.25475705296407,198.83878730010548,193.95255460010554,195.51085096245166,199.43535160485732,202.47730389286042,204.91881065038316,209.40043556223043,204.35751067481274,207.1280933100012
625,2020-12-29 17:30:01+00:00,188.38082928000972,190.85739085303777,185.26565577451666,188.77566241223593,193.3594858884094,187.15028662154714,182.93523421938454,186.69257585387493,184.84480759265193,181.27423719722395,185.60423418869811,173.4272119280127,184.7339553546583,193.8206240526073,194.4409517950503,194.5254323728082,192.69799013368868,192.04611125035157,186.69121913956832
626,2021-01-06 18:11:37+00:00,197.25208372988368,202.9528374345437,197.82873100222122,204.59863403731413,208.619013709897,207.98326210089766,203.5870685949917,201.3146562929433,200.08016619519037,198.01005216448075,202.87652438768242,201.7229151976955,201.86235845643247,204.00246266099685,204.65362982325271,207.9816149136393,214.14596324477947,210.21912360323924,206.52706490160733
627,2021-01-14 17:28:54+00:00,187.12261467371442,195.7767385614493,188.00873185626745,196.70526577699704,199.4213973075515,196.42371087970042,187.7368321354889,191.2675577554573,190.37123846825793,179.96958510681077,184.3671735558346,179.2307284309932,186.87113880965023,190.3280549986913,195.5757303973204,202.1909567557018,203.55933290289374,198.67609318429453,190.6550400114062
628,2021-01-22 18:11:31+00:00,193.57700316539155,199.34183685131387,197.24027040212172,202.28913611267944,203.29583330822334,201.5993939360988,198.01545161092417,197.50601491619082,197.6303943860525,197.17948728865377,197.25353196114023,194.19157535577733,199.6899122481178,201.12673364138806,201.71293529727424,208.68258665085688,210.43971199012591,210.34331281998016,206.86607647754195
629,2021-01-30 17:27:45+00:00,180.62119356529047,186.4612669024602,184.96213008435933,187.83584093887836,190.47879592813837,185.71346279588772,181.79397846427858,183.0766900084489,182.72570671872398,180.8628303430536,184.72121427933322,180.12458527117144,188.12880882540634,189.00844342737446,192.07588739352747,192.635567412067,192.7116157353106,188.41667574897286,180.88851829879405
630,2021-02-07 18:11:29+00:00,204.05908880367448,206.46554382050954,205.31585853477603,210.34481402046305,212.65506367973822,210.73255862624936,205.47869874446297,204.5444873345957,203.66102730274463,200.47247673572687,204.96889112013844,209.05264155079345,211.3412285623041,213.92430623230786,215.42514617354098,214.4210232748099,225.05050820030823,223.3670142328903,214.50490527681058
631,2021-02-15 17:26:34+00:00,191.7989447003195,194.47996242291708,192.53353106795555,190.772223218347,194.29274696982142,193.67906630576735,189.6514182755784,191.41609252307398,192.03118212038117,189.0730135614939,196.42785380191458,191.73848661541246,197.08749368771436,196.06360622511087,196.23286801934154,199.2868350495794,197.3713384687042,187.90627939235065,186.08176613255503
632,2021-02-23 18:11:24+00:00,204.66061116437123,205.35088438641998,204.90659992070772,206.62782074994172,207.74325985620865,208.63787004497067,206.97999203581253,204.78666720645498,205.43087008173683,201.74897659168624,203.38685459376376,206.65399127666467,206.84130294340554,208.59945732092234,210.00250977097167,209.1528664390566,218.23177769589063,212.67820393298075,209.6743835670286
633,2021-03-03 17:25:20+00:00,198.19266945122996,196.48670092391222,195.3217658294909,189.62529027649379,187.2034082997579,185.57895074900466,189.1206964217782,192.591253322974,183.86504789418328,193.69513551487717,195.68277603197515,192.8892068238587,197.1688902993059,195.96586772059288,195.27192026218515,197.23099624183453,196.58473078697898,191.24574694842005,187.0664055059332
634,2021-03-11 18:11:16+00:00,208.4918676438737,207.27857017805877,198.22724701210709,204.27481422951348,208.0598454715436,207.3763193194501,205.66936187854904,205.97742050044417,203.12228893291723,198.28371055552753,202.33933453339984,203.36181867255033,202.68545347769407,203.82185818514162,205.44591541786485,206.93950240601782,213.45778812356718,207.6334064613522,207.3280956964037
635,2021-03-19 17:24:04+00:00,194.44538188826476,193.131672383163,192.87454210252398,198.85269689893823,199.08605315139107,198.44125304453524,199.28673511589616,201.31311906019226,191.38894158184482,189.09612034971155,195.10239613719784,194.47884123852333,198.2993932900018,196.908063657798,200.63862123952782,203.14262247172186,206.37379152077744,197.23387210229907,200.0875733188079
636,2021-03-27 18:11:10+00:00,195.302288367251,201.04392793547805,199.69207577160074,205.29532626689837,208.27539919068494,204.9325848239054,205.29879967076073,202.7787059320354,200.3674930212975,195.83363233074465,199.8344848428755,201.85280015708514,201.4758724945968,201.1865237986917,204.8641635943093,206.1227481936665,209.28505422401463,202.75085163503678,203.56409238755964
637,2021-04-04 17:22:46+00:00,194.76256181867973,196.36600973552612,195.82755977353642,197.4337580638354,197.1481789729883,205.0524634110877,210.39193482679028,207.2078813236758,198.36670512287304,198.56809132819558,206.80189740363227,206.41810385216058,206.20208840718126,209.34486678822856,206.80106862442238,213.18905276106295,218.8309792576356,217.26397238895026,216.6872084801688
638,2021-04-12 18:11:05+00:00,191.71257999495108,195.53986557229774,194.3063856532888,199.2932592932961,201.02878020040026,199.6414189559286,198.91570296512987,195.01941030429288,193.66970006466107,189.67146853621006,191.78617859666076,192.56031343818955,192.6435598117235,195.2796407297842,198.58485804186006,199.97798255007393,201.9539370938743,196.52399548615224,197.7700058206096
639,2021-04-20 17:21:25+00:00,198.3500760847762,205.69689987767256,203.6807328295875,204.0789611030761,205.00136962902036,208.61171475379797,206.63835404697213,202.98062014107006,197.4790639854274,200.80424569743658,200.89363660848636,201.16248629487944,208.1414556295833,208.69865265722078,210.09468670905835,212.2729700072096,219.74442166021566,210.8190257728205,215.5042681013993
640,2021-04-28 18:10:57+00:00,194.36754203240952,192.06659889104407,194.321742417265,197.56844845203963,196.6529636528087,200.67969091310837,201.428276939303,194.1922692990001,189.59157258078943,189.72972731670083,190.84722080459383,191.80740101019092,196.06126531090328,194.17071732428138,195.98896471974842,197.81912099518973,200.55820497679886,195.9226759958327,196.87191846603616
641,2021-05-14 18:10:57+00:00,196.2572441052033,196.59595384312786,192.86103284035968,198.52888650167,200.98195191927965,202.9106111438474,200.85948592426178,195.7632569803178,193.74921679028998,190.80931508097242,192.3380628732117,190.78648726248343,194.27883400043032,197.8459342952761,199.4494326951094,198.72165434088043,205.8502433177445,202.67982192089835,201.3191742943319
642,2021-05-22 17:18:44+00:00,197.2362582506458,197.88477224297344,195.61757526095826,205.32601931499897,199.81823660364608,204.48240083422485,199.71970969184906,197.49537237711976,199.74004098954708,198.6685220164146,200.30006959833037,197.3291535930343,195.13160641918563,198.9194291192796,203.57841927683353,204.1414730266979,209.31661134680564,204.47891270138393,208.23781807512432
643,2021-05-30 18:11:07+00:00,200.1630904391401,197.93792455370493,195.22520735187442,202.35470218584135,202.99768153267317,203.8851450108776,200.40416962995033,195.27222449197797,194.9043934060586,191.532900062873,194.63405774240135,192.29235982960637,193.42464652592145,197.32463772959238,202.5331179526458,201.3421666910275,207.77384312329383,203.09251797827432,202.46905797831715
644,2021-07-09 17:14:44+00:00,202.1933005157041,200.48576786695955,191.37709900410755,198.30963154823485,198.56123384895864,200.2215465636795,196.8220320722794,195.29238877636573,199.83418077461187,198.10400676496124,200.09251616212677,193.80922519181485,197.86391121258703,201.10584870769023,200.8165359730914,202.95882403858442,204.5789028893057,194.34504297557868,194.7817041405466
645,2021-07-17 18:11:18+00:00,202.94599400341608,204.53243159955292,202.96561861945835,206.43844057811924,210.4171842330048,212.49719385824386,208.221855449526,203.61926166682093,207.24427668741683,215.87302388924846,203.8346430450186,203.76734023496454,204.649959219692,207.7948793101414,212.5875410284475,215.5991762297512,211.61630028533034,214.86609541366502,219.97203033859225
646,2021-08-02 18:11:27+00:00,199.2859883697743,199.29242919603385,197.98249894637337,201.6784052609037,204.78887757056663,208.86733513900361,208.47301041826822,205.15532408240884,207.56343303088175,212.8866118668751,203.26549733461977,196.4002216985665,198.98307837233145,199.27705633115374,205.81009321858025,209.9759813192128,208.33808897225856,209.88916821890365,215.83770954616472
647,2021-08-10 17:11:56+00:00,200.44175743962734,201.09696214106953,194.38822465830978,197.04005144679118,200.8496585008088,200.88489715321663,195.92354280540073,196.99547398946382,203.577634997051,205.38157678199116,199.4994121023542,193.5729474566489,196.3550463928711,200.86659062050518,194.67536522298636,199.4547846673858,198.70658596155744,196.73895845219687,196.89438856952665
648,2021-08-26 17:10:32+00:00,194.68155896096644,200.1678581942001,198.14139357396706,198.3521795092889,202.25086384859122,194.47703279620225,195.4507829718012,195.31659008163535,197.90116137304236,196.54035711403492,198.47437943456532,195.1017054432325,197.0280278421171,197.25315061329485,197.1634991477113,203.42593541300533,203.61971747705275,197.2073065156581,200.84276518327968
649,2021-09-03 18:11:37+00:00,204.0644625508898,205.13096713718437,204.6284842068075,207.22943361212813,211.7320959114031,210.37228472564033,208.96306630697808,209.78902580721862,211.70856994054282,214.94099662355399,217.4567756725205,212.6898043961686,204.76278143051624,203.19258047197545,208.87293372851678,212.93573814509037,214.9076599373712,218.58579308527197,218.54123017949598
650,2021-09-11 17:09:09+00:00,197.32832346761444,198.0245433618636,193.73993117193152,199.3958930147163,198.82684134119665,199.7395329040194,197.43610822374313,193.30582176882533,196.9614451501276,195.69867241718123,200.98351151522127,198.55261203843537,196.9591461028027,195.58708080540796,198.0121898837309,195.66618515955966,203.4106406399543,200.04882927218688,200.90119823448478
651,2021-09-19 18:11:40+00:00,200.7715880367379,198.53202186404434,196.45790745351835,203.96696021329092,205.87488629300668,206.77837216471488,203.9925538512053,200.62692917652504,201.15806231277884,202.44652701133765,205.65478125373386,206.94841385948857,204.862063616816,205.0011395176247,205.08590907190734,206.0777153999418,209.46845793219143,212.95694963160022,214.27521386801465
652,2021-10-05 18:11:46+00:00,199.931134569724,202.4159096043931,201.2837518504301,208.4344646975575,207.522036409321,212.20858499221242,212.76293354718536,208.35293710058596,201.23593762575905,205.27629227658184,208.66615060086173,203.6153701603239,203.22938932471774,211.16597685439154,209.91445766539198,213.82044961148347,213.00877641915048,213.32680867939646,215.75022413614198
653,2021-10-13 17:06:18+00:00,190.25562568827678,192.3528937633057,187.46772269458043,190.91370526729423,193.80891695263347,194.6102451149378,195.4345022680055,190.13066820351378,191.19465908466728,192.58076818246644,193.4168903542062,191.50470493568497,191.00816089657323,198.68093437750787,202.43284216587065,206.11581812616004,203.38033242298184,199.74753189205484,195.74116554611896
654,2021-10-21 18:11:49+00:00,210.47799185822038,209.04746273407818,205.07314952703265,214.7210212777882,219.35668612547977,218.96566971330373,216.99504581375686,212.43343467388317,212.75189466672722,213.2938989989445,212.7590825015535,211.45218801805632,211.19155201996293,212.9863669104588,217.12255592395007,222.62085040536917,222.61486721552254,221.24017789510623,221.90626770577543
655,2021-10-29 17:04:51+00:00,206.16171160475437,209.40124590489737,204.68100692503745,208.04113174788174,206.0472160232261,211.7076577598896,210.04824545750077,209.06584908131063,212.08776215611945,207.26612585280188,211.1398506602302,207.3041920235354,211.07564572941698,204.4046999746701,211.20263124770096,217.59302955078707,217.9892429624206,213.9182971646588,208.36759871809141
656,2021-11-14 17:03:19+00:00,209.39768921976247,211.95439021773103,208.88020143727172,213.00734716293704,218.0961743284276,217.13354039397717,210.85296147710855,213.75982375947777,214.67371307202535,210.03056367591802,203.53033055513984,208.17391779178723,211.76357048572567,216.98139996891712,218.06403727791007,221.50193660397622,226.22076991751612,231.62168368949466,225.41646117492508
657,2021-11-30 17:01:47+00:00,205.9223457668121,210.07847593271072,202.9694599857831,214.1566611542526,221.41998336985972,216.26459670810516,212.61355662488228,213.41487488919785,213.2200126950019,209.7111234345433,211.47004533634944,209.6674949657372,213.4115865978565,214.68042590853298,220.5499342944856,223.7143818397817,221.57886190574692,228.27225678973835,227.4475694014232
658,2021-12-08 18:11:44+00:00,200.29995731511326,209.00925407352838,202.24381728484272,214.38601406166816,212.58996041752374,216.02934497769184,207.76963258801226,203.82400670134217,203.36640024930543,203.1385993297504,204.629957592112,202.10726595506145,208.30776778250456,210.21232237150977,209.89655656913285,212.5348767859775,212.42914343808314,214.5741366659712,209.3677989619509
659,2021-12-16 17:00:16+00:00,191.3824841913971,206.00673549163068,190.82658007761455,204.59519206199712,206.75100058946177,,,216.71139987626958,194.16548612566885,190.11200248867516,192.60400578787375,,,207.23526279248046,199.2920060825757,211.0764202347461,211.4429971765409,205.06006474775484,194.72006988610806
660,2021-12-16 18:11:39+00:00,213.98304292071384,217.30936944314425,209.65644249354213,219.97946993690675,221.84378343283763,220.5778117151528,214.7539611342641,211.162298789603,215.73029627738885,217.11717806222944,216.07651273592563,215.61447975637878,216.5723035673529,221.38595120062465,221.29998669036223,224.2543607246107,228.7092241302916,229.56400927862805,225.39673478688377
661,2022-01-17 18:11:38+00:00,204.41121496019557,208.60439986594486,208.0848151081064,209.97260185492928,215.08174672724653,215.79547326196322,212.0785303118683,208.34157985537817,209.62998461409728,204.61990006155514,205.90755460568218,202.71858284216722,210.8515806823208,207.9283564482563,215.8646281190503,218.70075610695153,217.70222912721482,210.01786551951483,211.9768035043707
662,2022-01-25 18:11:32+00:00,210.50114037794367,215.78650249880252,207.97570704837517,219.15607444786335,220.77770160978815,218.6853660852439,219.48395175477816,218.41222474466758,215.0258714074593,216.78853805415704,217.18733945189092,220.1398765202042,218.72501057435858,222.83800017718144,222.34448548291067,224.7725883136809,227.37628352187107,228.43308152000648,225.81127757102223
663,2022-02-02 18:11:39+00:00,205.93719478734909,205.20804436993842,201.0813950745926,204.001326230087,209.7519529700848,209.18554357994077,204.0542863584937,204.7989668588525,200.7847735396937,198.38958943791624,202.7029810399346,201.75708034976782,205.7029416393511,205.58903426630195,209.99778341949454,206.3976114564669,213.37660808004455,207.82138666106,201.26990246398225
664,2022-02-10 18:11:29+00:00,213.77824399176993,218.9414769473458,213.87089843115572,221.5259664944495,224.2912759335981,224.54459341594307,225.00892334257077,222.42969416657627,220.2296289450285,229.98703929508116,227.5271729510322,224.5317084493361,226.5231109969173,229.72698688323692,229.65640099686982,234.46895996517935,238.3506529207948,239.60770765335567,239.83797579012247
665,2022-02-18 18:11:32+00:00,205.33321625563622,208.38982773418303,204.3296478913391,211.21991319029024,210.21028644002968,213.2835516024458,210.19698110791205,203.7024971911067,208.28302861465414,205.87791957808724,205.54294774187886,204.79632676401602,209.44683653758224,208.76417281660719,214.94818502067122,217.7942233811179,219.50884602205124,210.7171248915613,212.04532319211677
666,2022-02-26 18:11:24+00:00,218.00654409231836,224.1848174742372,226.2446789862139,231.84445941335787,228.62346801443837,229.73249212723334,234.87669062261506,231.22030695385214,238.95101263973447,237.96392553721984,239.4040612286463,240.27138936332096,239.49592270442267,241.31816307647932,240.11994706464213,247.9283123991313,255.4722658624548,247.39079615454116,250.26343592931877
667,2022-03-06 18:11:24+00:00,209.38763225182586,210.75110646541876,210.65837821026224,215.72211126821003,219.40978366833338,217.43697315274545,215.75922078655114,210.8419795312849,213.40373718828567,208.34834550386435,213.85907341979163,215.2392959131732,215.3443457679932,220.25009972313825,221.438660302696,223.09928878685508,225.18155933083273,221.45513468353676,221.7824702865828
668,2022-03-14 18:11:19+00:00,218.6872069384859,221.8125682312073,218.78087957955012,223.3059923351509,225.12279907230538,221.66547896003237,226.52783956412685,222.89619938490776,219.89607623897996,218.74504813066756,222.50241637808188,224.5568274347708,225.18928249479288,227.8716956358066,232.45487406411914,239.44157276818208,233.758178794033,233.71447925437784,233.49334764203573
669,2022-03-30 18:11:07+00:00,209.11990671596783,210.49604742237915,210.4400637825297,216.41716299824137,217.6660360396251,213.9730036070837,212.93028650841995,211.68529738540317,211.58209270775274,208.51428481865292,206.79792356241015,206.27103983499805,214.47867226413402,214.40690345878454,219.90429174553833,218.6595929575712,221.7982961594235,210.9251849057573,210.55038928505928
670,2022-04-07 18:11:18+00:00,212.13373520916994,216.3498703278836,212.51667722083175,220.59112951943558,219.03190342300525,215.91417605437857,219.37513794172855,214.05078730844073,216.8966254115279,215.97253298724956,217.63369939639003,218.64482310017016,219.48771005260588,225.05185962488935,223.841184843139,225.02203084962136,227.72706094623612,230.89108999742908,229.16770633091926
671,2022-04-23 18:11:08+00:00,,,,215.56657408692402,221.97126874353847,215.25868698980867,212.4933819095807,209.0112438044493,215.9592354854382,209.44097672154732,217.8249031917632,226.81922564415606,224.52668801566585,226.7175873395774,223.8824788927331,227.10736867807043,230.8723933035131,234.16569648793075,227.1972394718248
672,2022-05-09 18:11:03+00:00,,,,,,,,,,,,,,,,,,,
673,2022-05-17 18:11:19+00:00,,,,,,,,,,,,,,,,,,,
674,2022-05-25 18:10:53+00:00,218.54930093521992,218.40618661990646,218.60680267981598,219.7556535337089,222.73038224017571,219.37452200387474,221.82857005615097,215.35237106886166,217.05556988561784,222.86732172509005,224.53514843722215,216.69120730749668,216.4069136086162,222.05909400240733,224.18176543167584,225.49363110127996,229.79841218878664,228.53933838178168,224.56392901359592
675,2022-06-18 18:11:35+00:00,,,180.64028823523887,183.98814887686254,,,,,,,,,,,,,,,
676,2022-07-04 18:11:37+00:00,215.68172885009608,213.1365173054914,211.89719607644335,217.20344504887296,217.88946411935143,215.70103813117044,214.513923078022,209.3058257709493,213.4343907065409,211.97507718302435,215.02184258937731,216.71086859623128,212.05404310268855,213.416739696543,219.5772975606328,218.46608933241637,226.01965177745421,219.66734146740941,221.2486159971565
677,2022-07-20 18:11:40+00:00,212.60211404589458,214.07096429757993,211.80145207887102,213.8208800814403,218.84063526036684,216.1992448723537,213.36578699046814,208.6533131099809,211.79670465903286,204.40294104505313,212.97902424583003,214.9313869396801,214.51943997319938,214.5734081020733,217.0182064008846,220.40954771905746,224.0574857275056,215.58484908892575,218.88197131429737
678,2022-08-05 18:11:51+00:00,,,,,,,,,,204.62404190421455,205.41998772381274,208.35323319531014,210.5264655406962,209.802348109572,211.29262194840834,214.5964901499591,221.31556523794316,216.09471493512103,218.43146169393358
679,2022-08-21 18:11:55+00:00,215.9992656999804,214.53570814910375,212.6851178706769,218.97892281046845,219.25897081201532,215.12810568560076,216.01036789939346,209.05402130439768,210.89028451700068,206.40966446358067,210.3342713399739,211.6274368774953,211.16251648397986,211.16705645173877,218.61285752060508,215.65178248036125,222.5844465715169,225.97430703853976,223.3492651636487
680,2022-08-29 18:11:37+00:00,208.6472678298914,212.80831746754194,206.96404366541805,214.26855770050568,217.4567112016161,215.15199919194475,212.33712413211146,205.92359043596124,205.71720974508625,203.1008198129037,203.3174679452103,206.49310915464207,208.65294976348846,206.72773619348737,212.86086944549697,209.01382530410868,218.8863927306848,212.5396714177241,211.5142367978249
681,2022-09-14 18:11:40+00:00,,,,,,,,,,204.72997626085692,199.58569145102373,201.4900382135781,205.25250870095482,208.03706405124365,,,,,
682,2022-10-16 18:11:49+00:00,208.07475940665472,211.46236703786718,209.0347755254196,221.24181523459063,215.17596269824017,215.16077527474943,212.50083764332362,213.72826595397837,215.67819754872292,207.9061218795197,215.91365878215845,212.03625231279884,208.1848877623513,213.05444685164133,218.97396338493166,223.6155950696916,223.84634836099252,222.0428066349523,226.9863525260367
683,2022-10-24 18:11:59+00:00,209.76450815876075,213.29353417412614,211.56265132007547,219.59403906332585,223.44382848964352,222.12293753641944,216.6281086268669,219.6268659182544,219.26978831428343,215.98107096406483,215.15196603292793,217.37817293527178,213.26045789805846,219.47362895327325,221.74125418662976,221.97998736959892,225.72722743905297,223.52667217509455,223.97163735871058
684,2022-11-17 18:11:51+00:00,210.31125852521575,214.8241127763847,211.3663460497952,221.1148974080123,223.91117613818506,224.70888781653727,228.73766107141242,228.04017436210728,225.66487643291094,227.4723939832138,232.2685663746545,231.27666078308783,219.99712590657344,221.12136943862902,230.35832960255357,239.49881278988846,243.0370406689298,241.05408117047625,242.8034269984874
685,2022-11-25 18:11:56+00:00,208.38796406835877,206.10396874552396,206.1593258117974,208.1044230077758,209.7318674390275,213.7866615302072,211.19084158082308,206.56114105541988,205.1695104283368,199.1496092382339,205.3468698190855,203.64916407440904,206.8413199601438,207.80750579677928,211.71323289900414,215.45827748038704,215.78870279794785,213.78899791687445,213.83175550441717
686,2022-12-11 18:11:54+00:00,201.25232475929596,206.01891782052888,203.80998709311154,207.99389027878658,214.05317134428645,214.697061254659,210.53553677664502,207.64823069345118,210.7189789915303,205.21823159174858,205.26494617125584,204.60749961679312,209.48735876060655,208.46935947657062,213.56306656499368,214.82715442830005,217.9000027378255,216.78376448876256,216.89517081727223
687,2022-12-19 18:11:48+00:00,214.80379007907655,224.14579483571586,221.31943836531752,226.02808656408365,225.88836195471916,230.0244268222536,237.0767234457714,234.81136890228132,232.85824562789884,233.9421536576116,235.0405864143167,235.30436359331037,237.76966535900146,239.32844430509726,241.43454017045474,240.84007384753988,243.15103745384968,246.45570787393595,249.21323485525653
688,2023-01-04 18:11:50+00:00,204.41644151989323,207.97663189178888,207.62516533226977,210.5047159829836,215.50465119776894,215.97595718077207,214.31725495361604,211.95055000458632,211.52677898419728,207.7497552022971,215.4582463200229,208.99985747770094,211.59442582763444,216.85785836663723,217.69243971889563,217.54892728901575,220.8861398082636,218.7418580957776,221.23326973927777
689,2023-01-12 18:11:44+00:00,203.0610778886281,207.93571912671385,206.0541877589214,209.13694429021373,209.67861027077345,210.75100702684358,207.0795175410867,204.41132085978205,201.69862566455595,199.7726097132684,200.73390668363442,199.93149050985767,205.41404746817707,208.16177519554032,210.46765723099108,210.22968675281697,215.64279307764622,207.89258016659457,206.12241587443077
690,2023-01-28 18:11:45+00:00,210.69242450358317,210.56362606731813,206.50659488307184,217.15234010021825,218.10429654579488,216.31850091465867,210.90933879945095,208.36608356244403,207.19038591506762,203.22057640151598,207.08948102797143,206.73076135379705,208.33575177819887,213.91172612603668,216.6441951191602,220.61568570683596,226.19493134011242,218.40528416304085,214.99701381597282
691,2023-02-05 18:11:53+00:00,207.96723408893308,208.00186342474382,206.3973721721939,210.88702532877718,210.62769112317335,211.19655685536117,203.6475927217296,202.72490858058143,198.83362757221028,195.4227121083777,201.41262300644303,202.18754479273682,206.92539165811186,207.4177637871022,209.6008202914121,209.49329299245227,214.95677002365773,209.64054179506164,209.09063409655764
692,2023-03-09 18:11:30+00:00,207.81021088961793,207.2382436192085,203.55069709896122,211.82536556225244,209.1391959088241,211.8359327385327,210.09409470595787,204.21417918465085,201.20472370081967,200.0182922954482,201.81888107535048,203.94527272979656,208.6334598347722,208.03737502267512,213.2581693072794,212.42204930616415,217.75151200287448,209.15074559991967,208.98540506072743
693,2023-03-25 18:11:25+00:00,206.53533694729146,205.48617714236235,202.6397729706111,209.00319854208033,211.05283947467726,214.05244355682447,211.4490462411922,207.65733883279773,204.94720142728318,202.76813244674986,204.31464140290683,202.8692142362984,207.93773080738492,206.81380621914553,211.99062331670825,212.6937342355163,221.38146464058553,210.48423529541492,210.7321888795733
694,2023-04-02 18:11:08+00:00,211.4647606073084,210.72065232310328,204.5791765432391,211.281329691262,214.64767020888624,216.24770453681919,214.71802918206384,211.38603790117355,205.79477084721938,204.59164121514698,207.85019505485775,207.50086473241407,210.1655774675998,213.4067578629535,215.07203200882077,217.11772502894922,225.87328593000532,216.2036602870141,212.4449257260218
695,2023-04-18 18:10:54+00:00,,,,,,,,,201.27286686630362,196.99775980100765,202.54071138695332,205.0571095570175,205.52091248018664,209.70525723702397,211.43141777139132,211.29789698898833,220.21210013904005,209.07484492278112,208.23205124680416
696,2023-04-26 18:11:10+00:00,210.73854843707014,212.3800737033717,208.61539561064353,215.04937619967924,,,,,,,,,,,216.78775755120307,220.6060323529473,226.90018028269552,217.95499312514926,219.00301038093033
697,2023-05-04 18:10:49+00:00,211.85344833988603,209.67528250891115,207.59281677772043,212.0286659542628,215.05420146965685,215.8861041994474,214.2028365740125,209.22649066410492,205.09400450146583,203.82546770063306,204.5828821369035,208.58277352364524,209.65602314959455,209.90458558532382,212.90286259671134,213.6754357289905,221.99708019352838,213.96304039285673,209.00709190358145
698,2023-05-12 18:11:01+00:00,,,,,,,,,,,,,,,,,,,224.84648475533
699,2023-05-20 18:10:40+00:00,,,,,,,,,,,,,,,,,,,209.44531730077844
700,2023-06-13 18:10:43+00:00,216.170245592991,211.2507135581539,212.5456538864269,216.67717431667984,217.76056081462474,218.12155579748094,,,,,,,,,,225.78559735220279,,,
701,2023-06-21 18:10:51+00:00,208.31845031532214,204.29722604379094,207.93992933618688,210.46633218379765,212.92495120319978,213.50177556623186,211.17278076061552,203.01102413810582,201.05638904295236,196.80490157996377,196.52211696340078,201.73266972210126,204.73917664651157,207.99758061202704,210.88621111947353,213.29496563914094,220.18435594353178,211.49131433479016,221.44649921602212
702,2023-06-29 18:10:49+00:00,210.30039505753405,210.87196548377932,216.7223962683023,216.41073954126594,220.1521340246414,218.87061725181107,219.00218737878768,214.29028731813275,216.3480616807812,217.59922967392237,208.9721244621844,209.87722781572472,211.6822090429111,214.61628658628575,222.3538378991117,224.9536206535148,225.96160935339577,222.604096917775,224.7438374678047
703,2023-07-07 18:11:03+00:00,206.09385028366688,206.3566778206578,206.72594074794443,209.32736187852555,210.98275157104746,213.3547408766984,212.05849048841787,206.75603202201813,202.61591336130016,198.07079240756832,196.99649562467238,200.72437337867063,203.95807009469604,207.58322459712426,210.45145157278557,215.5531304013453,214.72060351175233,209.31509368630375,211.6971754750507
704,2023-08-16 18:11:09+00:00,212.8187229201207,211.11047855481573,207.8366946950032,219.0338627050455,217.91997305400582,215.93921805087967,213.91503979066457,208.85761584958132,208.85850138649315,206.56656171408275,207.82946329342505,207.72359517782706,210.46112198200325,213.93423634338222,212.82796510682272,214.07104793728539,219.73623138496674,212.78989021031856,214.1964383686312
705,2023-08-24 18:11:22+00:00,210.65789602517881,207.93535892218517,209.28310107071195,213.83732678843697,213.99589520174555,214.8928879740339,210.89864272569656,208.28622940499514,207.71347341598937,205.08898536184896,203.74519491465117,205.26126306239755,207.46110378937675,207.99905934047587,211.45808255200194,212.29792221540083,217.99570518013036,211.68623703330513,215.10055030340695
706,2023-09-01 18:11:20+00:00,,,,,,,,,,,,,,,,,,,
707,2023-09-09 18:11:23+00:00,210.26122557667108,213.00896058702216,208.6639424518636,216.75139506121067,217.80263729358035,216.91919309710133,214.34812300866224,210.87986651236605,207.74654675906052,208.83610952567818,208.15629288734064,207.03167232613117,207.1854890276458,206.91964541013238,213.16407355491103,215.02075726776098,221.54890300699793,214.24078483097412,216.75172492204072
708,2023-09-17 18:11:28+00:00,206.9653436202264,206.75100294584053,205.66203380291984,208.7089354914228,215.23245177328937,212.18963902443124,210.3013455529774,205.67769846820414,203.26218164116574,199.7724138220185,,,,,,,,,
709,2023-09-25 18:11:29+00:00,210.42915364340166,213.28450708626968,208.93016845731594,217.3350584401541,217.09882685898123,215.40807316168355,213.09502541664295,208.89007218655087,210.21590247790456,212.47758711696773,,,,,,,,,
710,2023-10-03 18:11:28+00:00,208.54277816352248,206.50428320156988,201.61913217462262,207.41879540990612,213.91432170826795,216.16594570916806,210.08372168883557,204.1629352123507,206.48758517594317,200.41155367905043,203.524678146611,203.733400090622,206.9165041028173,205.42916293100504,211.67136861109995,211.95116689740414,213.04404305280303,210.4694745615541,208.6297454629409
711,2023-10-11 18:11:33+00:00,211.13712630775493,208.5756556694211,207.91976915858552,217.3362705806103,216.9626566379514,216.00773281662975,213.84278714360227,207.46617008538016,204.83698904248263,204.09813795102315,207.25646931778803,207.22065949057964,210.21813910872382,211.60390752661078,213.40237568286784,213.80416930372493,221.75881976986,212.53426688230326,216.37588807436447
712,2023-10-19 18:11:38+00:00,,,,,,214.55177829905185,208.85611791928375,208.49904909165326,203.70205989150136,197.9379131997801,199.35891529196363,204.95160722383906,206.67561662899035,205.70491246221212,212.09619537920423,212.67974457956245,214.7369226921885,,
713,2023-10-27 18:11:35+00:00,,,,,,,,,,207.49921140385553,207.3242381163982,208.56486183294157,211.46474459002405,210.4828365367987,217.78744870101497,220.76458678306085,223.92443244111615,217.32994602518457,220.80308746660353
714,2023-11-04 18:11:31+00:00,211.41096084316573,207.41245248567927,210.80745146638705,216.97726044059183,216.99480037251973,216.146714982297,216.17697380752958,209.05178852107846,204.28845426969033,204.83523202464102,211.56092683098709,208.49419459249503,210.9448347695586,210.23697961973812,214.81428130117405,219.74435298390583,223.09393849185818,220.3458298216897,224.59879131069493
715,2023-11-12 18:11:32+00:00,209.70806974088708,210.09859192144478,211.32073358670738,216.1672118458997,218.49027003548343,217.76193778379098,214.3089494060481,209.67520930009826,208.8775627166356,207.29588960933603,206.9627459057463,207.71191174062744,210.44012613659606,209.58148956695578,216.05799312176555,217.11983736436423,221.96995401086977,218.30845862530393,219.8320445552299
716,2023-11-20 18:11:38+00:00,210.7002540618432,210.61125679100687,206.4980228769706,212.64578736780126,218.85931854364628,217.81383585719652,211.4284020931536,209.11770624308923,206.6643601576516,210.79195489947773,209.27713660940128,210.28545998596616,210.5164173882217,217.9971795078945,215.81124441859998,216.39260306811804,224.70898361174505,227.23479439125296,226.52046170820034
717,2023-12-06 18:11:37+00:00,210.31622490743,211.737311537763,211.70518860415729,218.34694642797825,220.79900207861863,216.99267169526928,216.0111329999978,212.9716369482384,213.33168811093805,213.56313620118502,216.15969537084146,215.88789522118515,217.95489344636906,222.01724969877756,221.54676301518595,223.8878266934105,227.2653311069967,230.0174711198212,224.1159543642854
718,2023-12-14 18:11:34+00:00,203.26042660269937,201.9743280812788,200.95812830426354,206.81872715036457,216.7368185399923,214.7952654094743,208.02872281629237,201.69248020604982,202.54373781371655,197.5613161269597,198.60741494541958,200.18900331887033,207.0328920079497,206.95258921724366,210.62069400069998,210.34312850978196,213.77053631625043,209.76207586684365,205.12514779518006
719,2023-12-30 18:11:32+00:00,,,,,,,,199.68478240198988,197.56616422627818,195.78919958243523,200.05833175570268,200.55357532167545,201.8827119937543,205.30449842817228,200.19035233935148,201.76734059887139,203.7306994103838,204.35671880117533,196.24773751122476
720,2024-01-15 18:11:30+00:00,201.2662261359509,204.23086455769598,205.52867004111022,205.4768432277148,213.03273447594145,212.87664595595948,208.15414492922832,201.14106950025007,202.2793913703153,196.0518544050009,200.99502125523546,200.2432487103881,200.21712482296167,202.8730505508277,210.572610316833,208.971702195208,211.47819921282297,209.1684756471135,202.5826469249794
721,2024-01-31 18:11:26+00:00,210.5762281311595,210.660058201089,203.74836705362736,212.00875486673357,215.31259499806845,214.40648778517698,208.42668903147276,207.3677740710774,203.12286437764752,201.04612802494677,206.34588398032605,204.8633599176036,206.92890055577004,208.89402258538706,210.23255814843796,211.97768903636972,219.2055213722915,210.3506940030147,209.3516093732235
722,2024-02-16 18:11:27+00:00,212.796616301395,213.2790446893719,214.83977423630571,220.3325527415139,219.1685166655165,216.3317371264351,216.9890940307746,214.11597019820547,215.10397477809792,211.4889360236584,217.22509990342238,220.623302431414,220.5085092105147,222.75229900289392,220.77318457629693,224.72224780515737,229.5585084676486,223.63885634554742,228.8012533509773
723,2024-02-24 18:11:28+00:00,206.55495401744872,208.11678997114365,207.59093545572526,209.73982972628795,212.5432435136468,212.00201904733206,207.72776459102465,205.9085295321741,202.1904486119626,197.6974062670927,205.32262630978357,201.8299843851537,204.26189327253365,209.03792913558843,209.68916321085578,207.96717156045588,210.68255616899438,206.1969100163645,207.01886105151738
724,2024-03-03 18:11:18+00:00,210.13043582654922,210.77021007443892,205.75670388299406,212.44057062019198,214.21121663750947,213.09468254533593,208.16432105906347,209.11401529986009,205.68838620365372,204.99491880828964,211.93130818162297,206.9827069104457,209.36060143979887,213.6099218968189,218.57708359828138,217.12577475294287,227.15960844132624,219.43518462355226,221.51411089305242
725,2024-03-19 18:11:09+00:00,214.24908647952003,217.09812812408958,214.41527438922265,222.8532550568357,220.1421375964535,217.35021253345423,219.5477333271878,212.58181144611814,213.16461761167398,213.841864091996,216.44834694761371,217.45438427522734,214.30154906722316,220.76879077533115,221.38284544533565,224.20913672560673,231.03090235687793,230.48011877543064,226.6799574497873
726,2024-03-27 18:11:25+00:00,214.19277739171883,211.84207065843054,209.3460678470051,213.31813096625987,213.00162193749406,213.60251233497118,211.82065119149797,208.60857415184515,204.65731794502145,202.54815160619222,205.6465888514545,208.43830608309105,206.50900637544584,208.9009132000623,212.4759998811124,213.5505309480427,221.89961254580464,212.3759321369708,210.6919200180923
727,2024-04-04 18:10:59+00:00,211.45608322723666,214.63711461856263,210.53229661582205,217.6045321835678,219.38168008855527,217.45022271976012,216.48124253592022,211.24351831399892,214.6414441387933,214.46741699631292,214.96671529916478,222.5224897975521,217.74663766320407,222.98482936136617,223.25529214581354,225.63163362910666,233.43187750222233,230.5884343172438,224.9035179310967
728,2024-04-20 18:10:51+00:00,207.55881744593142,209.06447693977321,208.35340903533057,210.15768046195777,212.5841843829539,213.52783823464162,210.2295603967554,208.084593435488,204.09183114307913,198.23183176243182,200.27078624095915,202.78579658504532,208.74370234936308,210.44670979439962,215.4517241174212,215.945054214576,220.9624996169225,211.5693170760708,213.78338551161028
729,2024-04-28 18:11:00+00:00,,,,,,,,,206.48926698931632,,,,,,,,,,215.29995275633206
730,2024-05-06 18:10:41+00:00,208.37204513839737,209.75336888907538,207.58663246565547,208.2316982052591,216.6048895683018,214.0812968212417,211.60597046036276,207.21182557289964,206.4792848859507,199.6108439958206,200.68354434307432,205.09677038921228,209.8204504604677,209.4641166090629,215.58793094733227,214.7026164092489,220.12837892775775,210.53052333842837,211.19214823760558
731,2024-05-14 18:10:54+00:00,210.35630072937252,214.91182590065097,210.77104358426317,217.19030640246055,218.91517164762917,216.84550140441272,218.91551724880787,219.5693117711287,215.77510182095273,209.36249622019537,213.35512735196158,219.9149085143797,219.73694634680345,221.30198559853608,221.61231629929406,225.40854285121185,229.14315292092857,224.94679159044867,224.9353973349749
732,2024-05-22 18:10:28+00:00,,,,,,,,,,,,,,,211.35135348685418,213.2014782548994,218.94660955554974,208.32809651782534,206.9230613718281
733,2024-06-23 18:10:38+00:00,215.69096101894513,218.66510131620322,215.78651456859032,217.1371328723848,218.98204961362552,217.02816348136196,216.51679455814389,210.7121217970601,211.31929128389757,209.6292990663102,207.5594150890199,212.34334861351883,212.53353712817886,214.30219409518776,215.4841515524463,214.70588995645875,220.58326521204634,211.85590255662478,210.84556205996267
734,2024-07-17 18:10:50+00:00,209.56275978796825,211.5713220443152,211.66844720503866,215.03274073912226,220.04115556184115,219.5413439241839,214.24637393462797,205.34984771070464,210.9302079842701,208.53487284709666,210.44564249749016,208.8373188172052,208.3432861831866,207.66693144651313,216.53769331452344,221.90793700924556,219.46454024836962,213.15636727004258,215.82482348527097
735,2024-08-02 18:10:53+00:00,212.2126856543575,213.52752997067924,211.77228603499313,217.8022459291196,220.66084282658818,216.9089604027898,215.29997994699505,209.590882248544,211.99942282720195,206.35850867765726,208.53543098623595,211.14555571396144,211.1200354890813,212.24419784898328,217.78116688892882,214.19204444352062,221.9240718173408,215.66634408086009,218.24533860175814
736,2024-08-10 18:10:59+00:00,211.5823304972685,211.6997681999742,211.04726314113663,,,,,,,,,,,,211.58434292451773,212.0515199487198,217.12665167782586,216.05507565377758,215.8075731077019
737,2024-08-18 18:11:03+00:00,210.2135321632573,214.81511093435404,215.71639348016393,220.0252164076192,222.25903227149053,218.43222316572556,216.55972894921013,209.586260515456,208.7788116885246,206.24644412006063,204.99331223266043,210.6325193623463,211.26244434334438,211.411363416607,217.15701357489553,216.37188286005923,221.48209276829232,219.73311356592458,221.11831337689546
738,2024-08-26 18:11:08+00:00,213.18912213226812,212.05824544086354,211.6916731390089,219.5288336480171,221.16237304683548,217.70739026190128,217.45108551949403,212.18738673243698,207.80462467415427,207.92341487260703,212.20239072455772,211.3221450534385,210.87947989900317,212.04832087726243,214.48774994213517,217.41459791886936,222.5032049399913,217.52935747607657,222.83232288283992
739,2024-09-19 18:11:11+00:00,208.37533245988993,209.74917097107794,209.2192925160098,210.04879211906058,218.38294176494014,215.29993380969373,209.02865794901354,210.0582353904639,201.894646695725,201.81928675576654,201.2839323826497,206.16796915565416,206.64402653076283,206.8015659559813,211.9530019056001,210.75384399806046,217.9768139747541,210.9092808061567,209.47549663936928
740,2024-09-27 18:11:13+00:00,213.73767100328402,215.58441183126894,214.11812584790488,220.1777359300146,222.6229677981707,216.95365036354463,216.64409305261862,210.87331600781647,212.64369659449096,208.32680922762202,212.72423047489016,212.788385921234,212.34172859916765,215.68734342773087,217.60959003202427,222.1791423583914,227.21711363946508,219.47761453533755,221.89224214766156
741,2024-10-13 18:11:24+00:00,211.9914890141949,218.70115920615757,212.07035098830875,222.49501107912334,222.40712321850663,219.73083148226965,215.68690194612907,213.47797239128883,211.28020673188036,210.60843553459983,214.06530819763904,216.51511618417905,212.81363829081016,218.09391997351867,220.49616959444245,224.63769320946665,224.31263143812404,220.63225412257916,224.2964361883137
742,2024-10-21 18:11:31+00:00,210.1689927863118,214.4490691902395,208.62358178331328,217.09980926884458,213.78148105514452,215.504325242409,215.17810584148816,208.86080164421327,202.95725699924506,200.04666951232952,203.87597092234392,204.15645900135962,205.7299077440125,206.54337729387726,212.32044952137994,212.25530620389188,217.71253065922707,209.8146664276196,208.52427126314177
743,2024-10-29 18:11:20+00:00,211.17767331682936,215.38501567863324,212.70827025937695,220.70761114273552,222.046962590955,218.26114702109,215.22470385685835,212.81862748327538,207.4719003803592,208.3150720028986,213.43589819834165,216.95778968060148,213.65266078374077,218.70759528535376,219.2390864474973,221.71173552142687,225.53769444500006,225.1294810076336,222.75144567848545
744,2024-11-06 18:11:29+00:00,208.7565481782894,210.77567090678096,204.78751492182073,208.9129353350069,212.2967076004146,210.80123640382058,210.65152811695089,204.55209943981117,201.87924732523567,202.22613344298082,201.80936760352228,205.67081620203234,207.82672758656054,207.06671731391302,215.55380961336135,212.47525992035577,215.28060442568054,209.58416851394668,210.6397841419518
745,2024-11-14 18:11:20+00:00,213.77402914171543,219.50213095998492,210.52272464397194,219.75759738078943,222.28767087142683,219.44516580925722,217.32346553394893,215.44499007476557,210.67078049261272,207.72200737926443,209.78253218162718,213.31884556183076,211.26047770342763,214.26676472893092,219.17848055551596,219.8553865837681,226.55968260512395,220.20038883507823,219.9949661075418
746,2024-11-22 18:11:37+00:00,211.7790715026258,209.62516562709368,208.83682757275588,216.78208248136556,217.95887487958547,215.4683150767853,214.0922415251332,209.5829766687976,207.65877844653244,201.58676534312292,208.98810720172736,207.9466601965501,209.9528174178205,210.27849663951724,214.66968976481152,214.99116863923348,222.8748971022071,219.2326371885802,217.37143760723217
747,2024-11-30 18:11:34+00:00,205.14724387674227,208.96356910400436,205.08206757956668,205.56809959196374,212.57351089931115,213.5094696129052,210.0452349916713,206.37556254062196,203.7718079568773,199.39809826020462,199.11201793351879,199.89498502591448,204.7483545895477,204.5470799247692,210.50185571755105,212.71811657859823,212.60404310404576,208.19994320370236,204.14146954864955
748,2024-12-08 18:11:28+00:00,210.1498001002737,216.202431888033,209.39207015809794,216.43640004206426,219.91987782681844,218.3447966226865,213.65234811602107,212.12357221910818,212.34532724411775,209.46844472023164,208.5094067719008,211.7271168517189,212.14555826229238,214.69886110714265,220.88933187560326,222.65324394133847,225.91731490506595,225.3420639728012,225.19882779587707
749,2024-12-16 18:11:24+00:00,202.39577972892582,207.50263273928095,200.63952596505257,206.36735947338892,208.6237839846535,209.51841248326946,203.25299920021484,201.7866520412768,202.1349401815243,196.7439983652946,195.74414704543034,198.1834181981542,206.6467283018056,202.75792719474117,211.6291112660341,212.66236504846597,214.12216274467676,209.006646360893,209.41273349626198
750,2025-01-09 18:11:30+00:00,209.76536033407524,210.43749519135707,207.2819007546239,215.04185264489223,216.7876924323071,216.41545463951488,210.4629458480747,208.14709381329044,210.48863326145667,203.31052092682853,206.21891523127192,204.6613080868031,207.8930322042033,211.75838560348984,216.8081800580079,218.27290648421751,225.57360585977005,215.65954407853985,218.5143318141183
751,2025-01-17 18:11:27+00:00,208.72269728356463,208.5208004061411,203.93373773437386,201.88845829519283,206.49206516266887,208.4997120808702,204.95593656443543,204.96996281714394,201.81648856787783,200.73254832730527,200.84608382409093,196.92872928927858,198.75834069558263,201.32009868437035,208.96678712184107,211.0352969684473,213.5415147102164,209.4775084921492,207.00046248448874
752,2025-01-25 18:11:33+00:00,,,,,,,,,,219.56797202567353,212.28431099448068,211.7487309491033,209.65628398401728,210.27172499827884,,,,,
753,2025-02-02 18:11:27+00:00,209.66793857560077,212.61104093521732,209.24194672989614,216.01967804419536,215.54150116381697,210.38223713836265,208.71559980171963,206.59420754064013,203.61517193821197,203.41887863086154,205.4248053470519,204.7304557817169,208.19764494091726,209.43936762987616,209.5683900355817,212.12793073680183,218.71061196413527,210.7393081045157,206.81011834731936
754,2025-02-18 18:11:21+00:00,210.3117073197975,208.5282062084512,209.03908973358278,211.82185935522435,211.11889959864214,213.12962604257285,210.24025898004672,206.54856281427396,206.79523293121954,206.14254737775656,204.86243034452716,203.61712795661805,208.10241965207783,211.53075238500443,213.23828499257436,215.0135296787475,221.6481113483197,212.89067230696045,212.13591177690657
755,2025-03-06 18:11:14+00:00,211.68762966812457,218.17883170002443,215.5137971665115,215.94850946061922,220.0967342943668,218.86264112637042,217.32164402107645,216.70774575554387,212.43587759703718,209.20287218931566,212.6937657172848,206.04782912039667,213.3058123587574,219.54307135798874,220.81253665646972,222.20816267113014,226.62685941563478,226.070164933254,223.2494913899506
756,2025-03-14 18:11:23+00:00,204.4036152856436,205.2046018580961,201.56410421390115,207.10200261774057,206.06571465147664,210.19402041172577,211.50812115662222,204.31635366256398,201.69302700695476,198.9250362331975,203.72353484484864,202.6802434932654,206.7243769638483,206.7307716755825,209.61733404773528,208.89529699191726,211.5050739488707,208.62707209670918,204.44637929153885
757,2025-04-07 18:11:00+00:00,213.67308492661013,210.99172933908136,213.71167774075332,218.21396449470754,218.94265521688084,214.36978383120248,214.88909581073608,210.83630223411453,210.51010852612114,204.78582274613456,208.86438064436504,209.6711304809568,211.02528883765748,211.03238289551638,218.92985992466018,221.7582047726902,226.0720243740042,218.91169828495237,219.21882929325176
758,2025-04-23 18:10:46+00:00,210.5771902155247,213.80411468392134,212.37127193831316,214.17762450099278,218.61941916206936,215.68879629135628,213.82468041922016,210.161137528802,210.47315680860876,207.0459377339186,208.63093778589837,208.03555764405704,208.4915114589075,213.26034399036047,220.26126592526091,222.04040419420647,226.63899042989547,221.43547553702575,221.3578861320293
759,2025-05-01 18:11:06+00:00,211.34801157615843,213.98442286205108,211.64935502649877,215.22095827646882,217.42519746610793,215.60496543530527,215.04616694375193,208.71440106239217,207.3938386704441,204.15901113460652,205.53998849501008,209.9644632606435,208.2364440455596,210.8348596410526,214.40857167156037,214.49622333054168,222.82155812545489,213.7664790611695,216.90412230656133
