,dates,mex0092-0000,mex0092-0001,mex0092-0002,mex0092-0003,mex0092-0004,mex0092-0005,mex0092-0006,mex0092-0007,mex0092-0008,mex0092-0009,mex0092-0010,mex0092-0011,mex0092-0012,mex0092-0013,mex0092-0014,mex0092-0015,mex0092-0016,mex0092-0017,mex0092-0018,mex0092-0019,mex0092-0020,mex0092-0021,mex0092-0022,mex0092-0023,mex0092-0024,mex0092-0025,mex0092-0026,mex0092-0027,mex0092-0028,mex0092-0029,mex0092-0030
0,1986-01-13 16:09:40+00:00,272.44337073341995,268.75860401698617,269.17371268848154,271.39861872698566,272.7735527880236,273.52944439184023,274.2103798199098,267.4193486512537,266.84073161378086,254.13990685877107,249.84200655343128,251.6071978236493,255.3708004759572,256.6793107707589,263.4798333207388,252.06915564897372,248.91884512390445,244.11687987797083,236.70283474096473,233.08930783227726,232.23208163998683,224.5355784471122,222.23694746299537,198.02714037397425,180.7450414508244,163.5522213582218,153.27826024788274,159.22490710164425,239.49614786460893,60.38595496238408,35.96419810662969
1,1986-03-18 16:08:16+00:00,248.18041622287245,252.94051584877212,242.81008309380582,248.32082326928776,249.3292619860502,248.71921894831897,246.24432604700291,237.41415984266285,230.23267935779592,231.4740949657393,232.96444486544425,235.18408694836967,235.17415397928198,226.1880950864492,229.1910062594843,221.4043793272969,217.83374626621193,219.42356846148218,216.57951502985537,200.96488453171605,201.2444641857979,189.68254452263832,189.5828675759596,174.63136674500075,167.44863989917616,151.59739777969835,145.88686865044227,149.87839932422034,221.5431771803678,46.97155294879873,26.1840195928984
2,1986-04-03 16:07:57+00:00,233.87097397367313,249.35086953916772,253.3898641807706,256.1459694998781,257.8034910896823,260.59679310907046,256.59431569113804,254.44292621864972,248.63899885658014,250.15428742305434,254.3028327768771,251.19882247039018,243.46629835360312,231.09806841795492,240.066493469973,236.18497590194002,230.11938998719177,225.79639987666388,226.9925945354419,227.4730632321692,216.9997753227472,211.69206417003835,201.22176264343176,181.20057778080434,173.05622826436905,166.1097494669163,151.3088338406355,157.00642508180366,,41.71020614350189,21.456070230589688
3,1986-04-19 16:07:35+00:00,222.00939928928497,228.15145687169124,232.4581808540454,232.07919363726162,234.85018023284323,237.71929883782204,229.9821866867134,227.44038150029255,213.82585915576976,218.34183502031954,224.76536569324088,219.03947966006513,219.92600904611663,221.72466646942118,221.18127044073745,210.83483384564252,208.18821463465997,205.2370311891398,203.15998114053053,198.60199843961442,198.95091545726086,184.92292655058594,181.78783706982998,164.95608743106544,157.03941972539434,143.1649387118855,138.6187655010024,146.7618535083775,,29.661342387231116,4.009362728560241
4,1986-05-05 16:07:11+00:00,217.41377988157456,223.0831414673578,225.40324322982016,230.66390031617954,236.6665524213571,238.15365017649253,238.44726343226233,228.61347219248665,230.7558219269881,226.75975988286268,,,,,,,,208.56614006459748,202.41568933737213,195.3677758702785,195.14885712372615,184.99015660634467,175.06737765407092,154.15616162219203,150.79422714872638,136.9865137677549,131.11044773556503,137.19822736863668,,32.68413310137832,3.4100379562390666
5,1986-09-10 16:02:57+00:00,238.28787883087966,245.51917809814765,247.27216345307576,247.96110696764433,241.57453071926014,240.5300373283982,241.21925060284147,235.9692671800753,228.4314043488477,227.2934242984556,227.29380825960968,229.10044808478685,222.14050996709818,227.38755294322482,229.2602210595428,228.72015848744178,219.26794084466113,215.1714971861414,200.97436695674685,197.31307881195642,191.77308059564024,185.44283065120794,176.42197922604123,162.27825924296945,149.25215307531425,147.30436034617034,144.63527166403497,150.73256125322146,213.06816265478164,41.3383428863337,15.928125857590405
6,1986-09-26 16:02:27+00:00,238.6116624987497,231.09433001044266,239.9078797659773,243.88213407645688,244.76684501642305,243.5645689838169,247.48981984337289,244.36141454278658,242.39458021959553,238.38383062664312,232.74281056051439,232.02970872324937,230.19709247657764,225.30625905198087,229.97772983035838,223.75860110129088,220.68818819642587,217.88373493973415,215.0727485845133,203.85795152143413,196.44699394761028,194.2684066159524,192.67884145428678,174.4770496032373,152.01366605676668,142.91776073160992,131.89984843851994,140.86253684274598,,40.0913098016287,21.273458292992117
7,1987-07-27 16:07:44+00:00,210.85325315897234,230.02516772420404,227.31054481875975,236.51077431590218,236.6473583773476,236.52826331146275,240.8631614821046,238.23552564500528,233.71069317779214,225.91065127848225,230.76488658877088,233.777773074236,221.38751638527225,211.47511002296048,213.10349681757498,213.03537569991465,214.5231152543734,213.2998837422865,211.05257875026336,201.97231433041463,202.2051063064506,194.05873276029098,182.15554723734297,169.0660701393766,150.8669160693761,139.59998431884708,132.99084364469545,137.0871096986433,,34.584882069411094,15.95933227555929
8,1990-03-13 16:02:52+00:00,232.63180736088523,238.04901666250356,241.58752007269632,238.5078435354862,243.29189274647962,246.60719000587275,245.03051383943344,237.26285902757252,237.39058462703198,236.35340704236165,233.61131426123245,224.72934114233558,231.6293985304767,223.85414949418174,226.50073992618718,226.760474155874,215.13917340551453,209.8882804026156,208.35780452309325,201.72543814551943,192.71069515565097,189.27177457781858,188.6865438264216,176.698622934538,156.25737995314842,136.47393908777198,142.33355509863154,153.69107647756914,216.27020583988707,70.44130482609097,
9,1990-03-29 16:02:21+00:00,229.19374710400677,240.25405282793247,238.92013134569612,236.48415252924116,244.023456198453,245.9242362878431,246.3686298943754,238.21680457113604,236.89867107838245,234.18086686579363,238.82204064259855,234.95981735360513,229.0404489587638,222.09093706102024,217.39704635807593,217.90726791728426,214.71769402279853,209.22494278408192,199.63598929921167,198.06234071370875,189.6033255080012,185.63656322808387,185.5696636404586,168.27216272163798,157.2337601880718,157.75341178208294,151.7750945681099,166.50808039298678,231.18002409267427,68.14578542889367,
10,1993-01-16 16:03:54+00:00,214.30046369189088,204.61834937156996,197.8875028335913,197.0181806931393,206.99077089064718,225.6491459830831,229.50549644058606,219.9283162425254,210.5946684183935,212.6093852417796,220.70207173557372,215.2220072076023,206.50034610846444,200.42773531737225,201.3318578508676,198.62024844672638,186.35004598802647,183.517325774923,179.9706409212431,180.44811965539657,178.42418702479193,180.04237853724968,182.10665741526338,163.92064177576316,146.80636820004312,136.7454115912936,143.70169697125115,161.0783183957555,163.91179255986444,23.014043804944283,14.142903914523282
11,1993-02-17 16:04:13+00:00,209.7791756258742,206.38727244106246,190.19703018833326,189.89003717490323,203.2207626687259,218.8342356647571,213.02452519700165,202.577270456198,195.77309084115586,199.92307142169267,203.41493446784375,194.34130386861426,187.19158441565733,185.81602068709475,190.11176302194997,197.79343154283487,189.16028641549613,188.51933142233523,187.80815796628974,190.48218899952434,183.41084513402313,179.27619133121397,179.97460784107952,169.55693649178778,150.27782059456445,150.46012172146249,156.541595168325,171.45586162739704,198.03012437930659,11.575344765082145,9.404939811807438
12,1993-03-05 16:04:22+00:00,214.7663506379792,213.99683088855517,214.86577426753792,251.90381521438908,210.7518615835142,220.3466710039905,220.98179077388673,209.35428457541332,190.63561156986108,180.26023314894638,181.2769554928367,197.95744687434117,194.89854015683403,198.92990503777798,198.9798579134565,196.32814364369833,188.00524264979825,180.4241667475853,178.6283937299904,173.5434057604648,169.0324817993132,172.39773257855143,162.81144775843566,142.84341109627013,147.98547803725174,139.37086994630434,141.8653088820304,149.16732191041004,159.2939405412248,19.95055186844777,12.292472896733553
13,1993-03-21 16:04:25+00:00,219.86855337686035,224.50204974288982,218.94712225551035,214.35000991612583,224.67661907470216,237.47145694346324,234.96073085304488,233.18381389029545,225.15576582975288,217.07309959801938,209.43087615143955,222.00975414923994,215.12502249681143,215.09336908561008,219.32504299130795,214.1344568128426,211.9869456356258,203.9051323627564,200.89272299760415,195.373781851689,191.3993995142513,190.25614063727727,187.42849339875002,172.07934235658698,161.96829612402934,155.00612415726772,157.0606231916576,165.92020130914437,171.99382222253763,27.307276834293344,17.0660021641131
14,1993-07-11 16:04:40+00:00,213.16011404699933,207.10479637726812,212.34066424229533,213.42015794170504,212.27098760420566,210.39094057595258,209.08488396647823,197.43654091126083,194.732160037778,191.78822113622124,188.46066017702023,188.27892902775253,,,,202.5472539145362,197.81780955835052,188.62534619717957,176.10621893466657,171.45842824793817,171.85217736813883,174.642636776406,174.58289520120172,139.47411654730496,128.890738705579,119.74053186836963,127.65812490886168,150.26231045395002,152.96317649309188,22.869199690809303,23.249229824238256
15,1993-08-12 16:04:39+00:00,210.22449323371166,200.99433785232785,193.76138758376217,198.08940242785658,204.23352506740724,204.71339062191913,211.90086180136097,190.1101957020646,179.3055267535312,180.04385981397022,181.7346621846379,180.41867543202466,178.71654841326063,180.58289430752194,,173.8022504447279,177.67830688466432,175.67909795236002,169.5046966838485,161.31072378348026,156.99801133908707,155.5690144444883,156.4788829445974,146.8780196396115,122.02691980761385,117.18094986840416,118.54947377333576,144.10974212623603,,16.93829106038898,20.042387348412916
16,1993-10-15 16:04:27+00:00,213.9722491265482,220.2222402093251,208.17094522618834,208.0878879114759,209.8000005625733,210.7055428675735,215.4438419627641,212.40713736829096,206.80825773144494,194.52351470016058,198.8223724875843,195.92592972987615,,,,182.10448133123694,176.66524374082434,171.91354807456304,170.19437087483772,168.13270182728508,163.96446808960323,154.80351990014677,151.36564549071448,135.9091926967805,131.3237269640543,122.85935573313863,121.99715667299846,131.29616926434406,,38.84865253366938,58.999611131404286
17,1993-11-16 16:04:11+00:00,224.58313851967796,232.00269982334464,235.0789613460832,226.9936457598143,229.71084156587273,233.87317373681756,230.1987663749349,230.128246392779,210.4772639400163,209.46786726909997,218.24650756713538,217.95456195882096,214.06602505203242,217.9309828912916,216.17946192070121,210.13948228188337,199.66075464821733,203.53263388154272,197.84427207468366,193.58233748564857,186.36019726766705,183.70565321028795,162.88117754204052,145.96468329298088,135.57709272350542,130.2056731860852,142.2780434617191,151.79747230287828,219.5809578078584,56.86020508051375,
18,1993-12-02 16:04:09+00:00,234.71794774408303,234.26360428614436,234.34973454600996,227.48052778309665,237.18244044037115,243.44736848803632,240.98401422744112,231.29439066126284,215.7057473581939,219.21002724898247,220.46168492666587,220.36830217340034,216.80865851217396,217.3341177474151,216.70026987376662,210.81395142747485,206.03027372933497,203.0739224059895,198.8480867954316,197.86529004570997,188.83055776653225,183.2381578398314,172.9200384581325,163.4247459890208,150.58030934780442,140.79694794356973,146.44693607693137,159.44991342211424,220.9156182996706,75.05785278118896,
19,1993-12-18 16:04:01+00:00,225.766636733773,227.9246852150123,225.82375315928766,229.03256877184612,230.4379150470238,230.99139724746453,227.4367487672804,226.101146172351,217.91407799406608,219.55362321118756,210.2425166356596,208.407631021043,211.42298713789876,213.52852457478602,215.4259744018276,210.68981041256694,199.1526709982468,193.76106092877046,195.87317013383634,184.57640336584433,184.1716360411258,181.17013448886843,173.2153113624404,158.3877150939922,133.42791121493966,124.6770750356173,133.94803139222944,156.51100046137543,220.91429295679058,67.84843047630005,
20,1994-01-03 16:03:50+00:00,240.66699152834644,243.0830491147141,237.8796746247191,236.12392128553944,236.0378426840973,238.22216484617138,235.10004907052144,227.90008099033477,212.54930554395455,220.1529873724051,223.53015764712455,223.04074481785275,219.09615181725775,221.40122170617713,220.5578101871693,214.2790920188,212.2553115079485,202.0285236146284,199.64270153865283,198.78587818751936,186.6733935825499,177.5449155683033,166.78914432126277,153.14981740344092,139.69132839685074,133.86423311081688,140.74901081110218,160.5449452236,217.55261197404116,73.75742217388563,108.56224743759032
21,1994-01-19 16:03:33+00:00,242.78099160927428,242.31455703816263,241.80100307953515,228.72472474483266,230.4127161574186,234.38471109043974,231.78864920037063,230.40741945536624,223.36386815636854,221.68148442003297,224.97501942654685,221.26878077626384,218.728128227004,225.46072505981778,224.12225509816875,218.96065678743017,211.75037054914736,203.3914668615402,196.74043986391226,191.09291702072574,182.42704485801534,178.59675235966665,175.91007517661635,159.1468284110435,148.64255055227824,140.86235660927397,151.25487208667437,168.21290874160044,217.45123533153262,77.33132610394574,98.34703528217106
22,1994-02-04 16:03:26+00:00,221.33669958818456,227.82882232457115,220.70319285811922,224.3378063264497,225.6339242798331,233.24846505619863,226.67156759985716,228.13801200850332,220.82051466855407,219.1386694778226,210.88319198337683,214.0296385639984,213.9126975885234,211.80817930067343,211.88458125396238,208.05380161389206,201.67475682719646,194.69042805777252,191.34720519421887,189.0021724217297,174.98376537574012,168.23653419514565,166.47187449826686,154.82712192426362,135.0239002575616,135.24029949180692,145.6058854208386,162.91508652068023,217.9520863035802,82.85182965023557,109.40934683316713
23,1994-02-20 16:03:13+00:00,218.6864425013188,221.66999080263014,217.84994654219133,212.57837372332833,212.28088859883803,219.3202385691573,222.59826751702946,212.09905558763836,205.55126136146765,204.3812779603536,204.49457219142298,203.14121930134513,195.2513889049306,190.0123919025981,200.88116962005665,194.37901477869238,191.19518280158576,187.57326381395995,185.1358194001063,176.85102369806967,165.01040973616554,158.20069803952038,151.97762991360878,142.582531083862,133.09082709781546,130.19442201247014,142.18891128596908,159.32965325216307,193.88179587942682,78.74949586425885,97.71769727125357
24,1994-03-08 16:02:58+00:00,235.15984858753683,234.83192411313476,233.86802824223682,227.97487376253676,221.55170096263754,223.51469503473285,227.9151019906572,220.2334203518427,209.56336097950563,213.73006476838555,218.39223450644363,211.43536850608015,213.07265503284418,219.7806301062336,215.19508034197764,209.0614012757418,207.51377151196561,200.01830512643204,194.8903043360657,182.63349199502403,174.71515014887507,171.458724715472,162.78733580481986,150.84866158233484,143.85686230783537,138.61786492300044,147.15331332335847,163.45064467965645,161.1713813062881,81.92690078838808,98.22187257935647
25,1994-03-24 16:02:44+00:00,223.39134467747272,226.58832246506518,230.07336356652786,225.13797879535053,225.27523464721676,232.20946294525754,225.35181212371876,229.5017274348323,207.20897743282154,208.07608395641785,206.41350751333874,205.25673868660093,204.7576433625344,201.597766571404,200.44315607751918,201.95431673436872,198.06540732071883,190.77757040546035,192.85487512574622,177.1569142862119,170.11451610324562,161.9962797087682,158.54178211486945,147.8080058607512,134.93247037821914,134.1471728975485,143.15082642543246,152.1709942988636,169.79875384769724,92.33656046016372,104.96436640611776
26,1994-04-09 16:02:26+00:00,226.0961609058486,228.47354785667366,230.6556141723708,231.58962968996155,232.42731010943578,233.94550104634834,228.71094617528593,229.67575145626495,225.55484917118525,214.86574710920843,206.77138474652284,213.0313764924948,211.07085684438502,210.67328463424423,210.99462119640268,212.2872253604146,206.33401627032353,190.0068184868573,180.99129886385865,172.0524184930255,165.22952430861721,163.76631882931764,166.33633765546114,149.6567528781107,132.79242562594413,130.83229670338545,141.15139791152717,161.10653102473327,,106.15911828199646,126.18742625442255
27,1994-05-11 16:01:50+00:00,233.17476667312872,228.463636374072,232.15538314712424,234.66979124337064,236.0600583364702,230.36521872351545,226.27084801773452,222.40164379466842,215.32195532138704,215.3079922243144,220.15774402877173,218.64319490358187,215.7707283290955,215.77255471504247,208.86580098214532,200.93492108139117,195.55356943214161,187.33574704397196,187.57209212247955,181.49182394869916,172.71418744360915,165.55306250908592,165.0188194936989,150.517708682024,135.96979873675096,127.03974880288078,134.3151567101758,137.35538457475246,142.2870669594033,116.97697306937414,197.59857700213567
28,1994-05-27 16:01:34+00:00,234.43231841360813,233.98081767699966,236.85396556374235,230.1798463142874,234.91316788479358,235.21000502391155,230.440151605966,221.1259411598357,209.78804137864995,211.34857428594742,212.29704539420197,209.61219119135174,208.98878342675215,208.9449156469556,206.88686101250363,204.96976441530427,199.04025420071025,193.15052711298242,192.4153631708567,187.734789223164,177.32319599825013,173.65214642369494,160.8848325865959,146.7745605759489,134.69362861518422,131.31963923616968,137.06138349570648,156.43911096334955,166.34833761396712,175.21863624433198,200.20459279769642
29,1994-06-28 16:00:52+00:00,222.76307502425698,231.0357767895858,234.9882487855612,230.88588401163463,231.00487003827445,237.2088423803009,231.9336776773197,232.54523746098144,217.78701274394908,213.98480583776828,214.0985984985153,209.00694843889835,211.651408632013,207.25871192298763,208.34987363097568,202.69615694804068,194.46319223880525,187.3935582821643,183.93618731304656,178.7325651673514,169.36355400660815,172.94045509911433,167.54331949040773,145.3029363959417,135.0342849373985,127.2678274610751,131.028284400869,143.73489700855856,197.79820335269548,165.44955067422683,180.3152248908993
30,1994-08-15 15:59:34+00:00,213.18099929887956,215.58197061515068,211.17189336255078,212.54976520885708,214.95379646873567,215.15692296131607,210.2441633446469,206.9184421348964,208.8954536731186,217.75423451954646,222.0909724004199,217.06141112378606,211.2276719808842,207.3598401203143,203.59968167125436,206.057652485218,188.56932217784527,189.55342820247213,182.93227847194728,182.76964576413937,168.65591134600203,159.7286187836432,158.85624230582908,151.65257062530148,134.25602162325458,128.80681610568408,133.1144319221294,158.3277206179688,202.32672256243822,184.25893491056615,175.6371803807499
31,1994-09-16 15:58:46+00:00,216.94158770137255,222.60254604564994,211.2443761339982,225.79692253202143,221.45876884013774,223.86827807193555,217.10023406649165,203.00676288629393,206.81036910793114,201.38036635327407,209.44816272434053,207.76377393464088,203.0499662867593,201.63395403199831,205.08188835907808,189.92292633987776,179.72193782825397,178.1860958661788,173.6512301010208,167.69227709966762,161.9889462365823,153.94346519873014,151.9746664427776,144.46742459716535,130.19649671860282,129.0294717269514,141.59394681685706,158.66535598159115,206.58010595298302,183.77737893074638,174.10773869093245
32,1994-10-18 15:57:49+00:00,213.74216695020522,212.2483663485516,213.78859610124482,213.04871481935777,209.9823607976924,215.1708988831542,217.16189078596108,206.18841906953074,206.14269644003875,202.13642005500714,197.02551057867674,195.1892509121462,188.70543335062212,193.15349127103096,200.54308373023372,182.69643009098812,180.63998639815787,175.99365551486105,170.14889612582022,164.79899230067446,158.35597624668435,153.72871166575982,150.42547469567637,139.91657894720467,132.95374226046494,133.35249496425487,140.93447014716648,154.04094336267417,200.9266782429575,184.5477129063776,175.8056068139072
33,1994-11-03 15:57:14+00:00,229.03079224498134,231.49408333117856,222.48661279391592,215.19718089835928,228.0030866264308,228.45501308331944,226.22427078023702,224.7041330030822,218.12528193582688,219.61287221562395,219.0698823647852,217.40274438702687,213.58554394861125,212.15358072611485,208.5728293004083,211.44765193268063,208.92593045220065,186.01782958011077,182.98964702850992,173.93843846664646,175.67843212741326,169.54085995900118,173.65180638480933,159.98897977281985,143.1141544210342,142.21797348741907,156.11162004057388,177.8463739851437,231.64376976451808,206.14420323879062,198.80763794253346
34,1994-11-19 15:56:41+00:00,223.2897848520029,224.70153012411006,222.49859101254356,220.10456355159087,217.44637436221842,225.96900287180316,222.65068265758143,221.3483805426684,213.0432029927389,209.59802775008083,214.41725458551986,213.95300095621172,214.58743620555074,209.63346312437926,204.87073745491477,205.5339594995961,202.23999176973038,195.07893592600408,188.91708237782007,178.80334507610456,172.64090778822904,170.10426763419312,164.4443194548599,150.2020793501842,140.85688207024884,143.946278105969,147.46518181633854,164.99377842903107,206.33196069656844,204.32940404036663,193.48414932779804
35,1994-12-05 15:56:12+00:00,241.8995075494941,239.86473543785576,233.30684039531974,229.18904348154103,230.5251224419349,236.99886993355472,234.7352829652741,230.58054865497542,223.7307641470273,219.46995690062937,216.74273937296192,212.47153506141305,212.2749142155127,216.7975463378579,219.52339725970427,213.1975189944982,207.4652139244914,193.81915009837627,192.74730316998318,190.85259888718275,181.52643931058293,181.54551206759393,182.53303546813203,159.09596221283493,148.79790654735214,144.55074954235664,152.5559698030504,174.62867081582914,232.9001361197639,213.67087762537807,202.98492582122742
36,1994-12-21 15:55:42+00:00,229.2346980217436,220.06671148405238,214.24908758296803,218.45125623958813,227.08074566725702,233.61185648656752,228.31443815892194,227.63847347256996,219.54620184870026,220.86149324619683,222.12170880365164,213.76556779351094,213.05824027691614,211.75210499729243,209.87204887138034,199.34034066750976,189.420519561192,185.4439161394906,186.12865960577062,184.39919650447422,173.29180087611417,174.58399074285387,169.39344276762196,155.1102021770306,145.1774514921732,143.42326177919108,149.15113098052478,166.9486458786333,212.3837374208399,205.7431956526402,196.4080917809116
37,1995-01-06 15:55:09+00:00,230.38924750856026,229.87410199847102,233.52854802995142,224.1780591534751,228.34365342803375,239.9907781770118,231.46812752037465,229.2881570980914,221.1825146905084,219.66377670909208,219.73788005951985,215.29361537760144,217.0104590980525,221.73020128974636,217.8204787045764,216.04899778457184,212.2113222649533,201.23239819414832,198.84851947138375,195.71828668449447,176.10404865080798,172.8004725422677,174.95622059772182,156.80511700045963,146.58351707316933,146.73238838113764,153.76360028735812,175.46571145894887,217.966770271314,208.5647162531457,202.03411871095514
38,1995-01-22 15:54:34+00:00,231.5342408147039,237.58698689217616,238.60547838911913,234.8999077360562,234.79727930297005,240.4550644475802,238.9433933960713,234.94097140924342,230.9666795064611,225.13960737096056,220.66074642202392,216.17985182455357,216.74468610772354,208.18809653102687,207.85025025205078,208.2483490923603,205.76553758931283,202.66367582838507,201.43076868761676,197.63371146049468,191.74138484620687,182.9658607698641,185.5533047867119,160.03924835533155,144.7376488610858,146.96419748735696,156.40725372712916,179.34336468009943,233.88116358181867,216.21286912200796,207.5253755090229
39,1995-02-07 15:53:55+00:00,230.175772301125,233.50858625035943,234.26142693105638,219.46575934059504,214.20365691772844,230.20136240461073,230.62068554281635,227.4679073792164,213.67341676777562,214.40693525863463,203.41660725104765,211.0880531379358,213.7096040720984,216.0790003043694,204.66136212083873,202.73053770720492,201.9531598729327,189.123071866773,183.6098209210629,176.54632503352155,170.13415838121767,164.72895927845025,168.57821468517045,153.82666117800284,138.77689403654995,146.13663777647065,150.69878688285596,167.71749379385034,222.04590135935135,208.56252263338592,196.00145766196513
40,1995-02-23 15:53:17+00:00,228.8978521290486,233.46435155510835,232.82043325058586,230.9297600046615,234.0366314933574,242.04859320494856,236.27894065479234,238.1863273166781,230.89845732898084,224.68859602489184,224.74940969348182,229.79699158245205,210.83932549423062,215.29938710808202,211.31702050762848,208.89334453838677,208.01648883775192,197.07451983678584,193.12521517224621,192.0227768077595,181.6907905649034,173.79823518735424,172.79839060554545,161.15282173249636,151.52011858643286,140.02788505239945,142.2518670706756,170.3188130430704,225.21215205814877,214.07953078143396,203.40898391431458
41,1995-03-11 15:52:38+00:00,238.48185393266414,234.2575025174697,233.00473636600276,238.6247803757439,236.52188637507095,237.88583806654924,234.4396027737249,237.27475728169213,214.15122901184876,215.52262261389635,223.61601904493062,214.3694505138547,214.6474567007957,211.26545875402056,213.2816463364237,211.94797873968486,210.1520947693126,193.88020604008716,194.98355231324243,191.76779486235162,187.16222784753575,180.13067975132554,170.99971516284705,164.3571113063912,146.80299011792056,152.9066561503326,153.40700016118012,176.53434707075508,234.59007181482013,217.28973031162366,202.02825308974047
42,1995-03-27 15:51:58+00:00,222.96618373699607,218.9110690338152,210.9349173477754,212.96635605161674,210.91579018884923,211.33782527168546,215.1199011026864,214.03027844074177,205.99065098342706,196.6355494025551,198.4313471420788,205.60129797632038,188.6241534525301,190.55587614220156,195.52500134912458,189.032480763282,182.23707899933595,178.50654114443995,169.53700160627903,171.40332652217003,168.18874666197019,162.61133539524013,164.37503694231907,143.74874288433628,129.57818225147201,126.72011235360038,137.55017998181808,150.87763053398203,211.0108737290125,202.39955259787575,194.78894275316594
43,1995-04-28 15:50:37+00:00,,,,,,236.2855401294592,226.48916535550242,220.68521428967284,222.8969786297546,210.47763837677724,,,,,,,,174.0374345006912,184.6367321335531,185.68969314598337,172.10920824191203,154.27130233860646,141.34018767148638,139.79524900971995,134.58343358446677,133.75920815254938,142.56269462742776,154.55347237206726,210.45694054638707,201.96732671733488,206.19415824108518
44,1995-05-14 15:49:54+00:00,224.87679496140922,227.57101532334926,224.9476486875026,216.493806280596,219.9129634127519,215.5918798878892,217.4897101821359,213.1001730863509,209.0958141160692,209.24912140816252,211.0041727534234,208.5247676877263,208.29298387867823,202.00287749837594,203.5029972013496,205.45613675732668,199.46515999431858,185.85445934879382,177.23760925307332,171.61987421624838,170.95727563698165,161.00022130042206,163.02595328187107,148.50648677770988,133.29644263665773,130.25290455671788,145.57127289733214,160.88340175897582,226.7556882442712,212.0414277390994,207.82332296067597
45,1995-06-15 15:48:26+00:00,218.64861923675923,223.40074691901924,221.4931389130794,218.57041937610492,221.96032189039016,215.5280200817456,216.86675243858514,208.1870336118286,204.6319372457296,205.17511464787302,203.9100777915006,205.28067517770216,205.13060143318322,196.83322181502524,198.55190813391704,202.20459557188875,192.77528119129374,188.17021165207439,181.2430366395415,181.5646300521076,172.2233049103166,163.5935034684541,170.8774201202707,158.62155507821984,142.6822386381089,147.46978454194098,147.24684267052805,164.6410096381008,224.08478288689034,212.7979023368382,204.1171732127645
46,1995-07-17 15:46:59+00:00,221.05804634921682,225.81797313572488,220.7261774031299,219.95976358562103,222.47938730175642,222.5593673017815,224.895895961723,222.82900485353827,215.1920929204578,217.0308180017045,219.7308621410428,211.21187691726303,215.51172354770048,215.0197687019433,212.82829659533053,208.3768738625459,198.839475277884,189.80723896640828,181.90100823936194,169.3516674354469,164.30993614136025,159.71830528537794,157.8475388242614,145.55510229618898,134.4316119097072,135.75175104987443,149.6840764149826,167.9101528517919,215.6547043860304,212.26463301693576,193.12484640526327
47,1995-09-03 15:44:46+00:00,213.66275898731266,211.33371058930584,205.74655436262324,211.68493207623956,209.21434108607,213.6093575271588,217.1568067634167,213.84090135071958,207.9938623215376,210.13391443444368,206.8973587391297,199.9333765235174,198.48458634608514,200.3139906751308,195.5053073009118,185.23228554332405,181.47568427208157,177.78691295956963,174.89101782869295,167.9833998980988,163.01988125671383,162.7001456383884,158.54198442369113,142.11110490551383,130.34008354694066,126.3833937174866,143.92805778322602,170.5891142479375,207.33905769892942,185.7831835952611,180.7170267244138
48,1995-11-06 15:41:45+00:00,246.52972766961264,248.50653521653948,246.51507804759757,248.31977161933992,248.0854109422564,245.84032113789794,246.2876921697801,240.49818049854252,239.62203530979767,220.62285328740728,215.72740157454018,224.62472329990226,220.97054014723486,219.16714750454744,220.27832811597648,215.3414908296518,213.3621751858287,205.3233924262335,203.40447657316284,190.13447246883194,183.62320287548687,178.6468189442822,181.10211642278716,161.30307425269262,158.31978116737895,161.6387506250058,175.54633369128635,197.76142073646997,232.71928489846667,222.9582847821266,201.09469718702937
49,1995-11-22 15:41:57+00:00,231.98662464714815,233.80493285679194,233.81529850425275,236.06854365325222,239.54488821432398,239.74091703698093,232.84415076088405,229.51787589249744,221.6984180234239,222.5195049551985,220.74533584605132,215.88393979054408,219.82225865582416,224.20500869005699,209.57916557056868,199.92554940733484,198.04266662605104,196.62352063404714,196.17586945293903,194.10873168365808,188.30082605018455,182.6685041065641,182.17157236708857,169.9446425712411,163.11058003236815,156.3662972145036,166.98880056518576,186.21417606124731,244.97061243081072,218.6285037946543,207.90484857527488
50,1996-01-09 15:45:08+00:00,242.23192951812413,243.32857651032063,244.14865024946272,241.25754154919957,240.0782014956999,240.68899986896315,238.06113364508968,233.24648345174484,233.83077895514674,232.50762486350868,228.87125851137773,223.71288243649425,221.0712065126487,222.16185912064591,229.61653698715122,222.7691235064589,216.7241275538654,207.9232451725503,202.91514422784383,198.73279009435788,196.52246355987404,188.9119872786958,187.83376059799963,176.79819894539858,158.8563937464056,158.64548379438105,157.91504185753476,177.88263736103175,220.93364556552467,214.7434894527809,220.13258199556424
51,1996-01-25 15:46:16+00:00,224.5894715967621,229.02277582669976,236.85838355381912,240.8049194803956,237.43290753714422,243.0057655513226,230.82428914821858,227.4488321525668,223.97781571918304,227.4427607133535,223.85116246431738,225.29564284580078,219.53074633814245,222.8163143416762,209.12234188763554,207.97415986483875,212.0104990992266,203.7868162907895,198.40218873049892,191.51203551267056,190.46166119813313,183.28373074523427,187.72449369978105,170.6460818426243,164.1218817396619,159.8518136724992,166.84819737427145,184.538068775491,224.76821377125873,216.06666176095712,211.38381835773538
52,1996-02-26 15:48:28+00:00,223.99960691249322,228.0823647861702,220.7327051738099,216.46132785703216,228.04065017278435,229.52273084098496,230.8668361166034,232.25518448771888,215.7311697582499,215.5433344436152,210.06459512550464,213.6004568352252,214.46368370733003,210.55476693452783,207.2810124409708,206.1179818001027,207.75782346695084,192.19304311960073,193.3948117326654,186.98391952746226,180.74854806284935,179.20124880291868,167.94837052781764,159.73774268597725,141.34157446531694,145.79022539438665,156.5536040945396,179.9056428883155,224.78611353102937,213.96683310428722,207.728782508629
53,1996-03-13 15:49:31+00:00,219.69667771029052,223.32348082245085,213.2592922867862,214.28313814555403,219.27512382666475,223.34837928827122,228.4329218745192,219.89463594062306,209.38058257796445,203.80442504317426,196.9208622034792,205.93649032342864,203.016249408235,204.86141417891042,204.929587187707,198.89731407818232,196.34010178362888,192.1905326967853,187.87908038571265,177.68398249593406,176.96196197141964,177.82190749232313,177.7409143904897,155.920249493589,149.82548909336631,149.83615347332787,155.87460318085934,183.27379410817144,229.83280840456578,215.84002719779986,205.36207922769114
54,1996-03-29 15:50:32+00:00,222.96569771571893,226.382005778832,234.49131061283373,232.82071517926627,231.68695985505337,232.45283813565624,229.26899203870374,222.80168225738694,218.5014239791605,218.89513363464908,222.9255588238144,218.47707732984145,217.20597373370956,221.22699068809524,210.84860919547708,197.8277564488103,201.29159240627334,193.02480597567404,190.45919167325653,189.17206965525793,184.11000211765054,183.56762646653303,183.36781855273586,171.61601186132242,153.3792025191049,155.74700459497183,168.3594276545567,188.04564158496646,222.28847633238104,218.75511708658584,205.34422981698557
55,1996-04-14 15:51:32+00:00,210.7259329149421,192.54496845020373,194.0961762342622,188.12887162777585,190.6354021795715,192.07579491856444,196.0940541776095,197.6772762768695,192.7378273999733,186.91699456805426,185.64993252218417,184.2142861641473,183.53310212461528,187.7385781580347,173.71670865465512,169.73154098224268,173.09934529719288,163.30794315335368,162.623096577841,157.87902227346729,152.30465238498024,149.95547864602028,149.49069460073852,129.2201986057026,115.01616944946602,96.54763247140949,,,,,
56,1996-04-30 15:52:29+00:00,229.45705639562874,226.78222644378945,225.09752050101358,220.29796779965127,218.85363615261537,218.48976725795046,219.72226179085752,221.0810133374192,210.54298019661388,217.35858993961224,213.61247924613517,215.25752853140725,212.07571436340442,215.91413097260437,204.5921446771043,185.60180922642292,188.0348587120817,180.62611554138164,178.29897749364108,171.1958363575038,165.68972722694699,154.98022062929672,153.62295389078795,138.070775949959,126.3426701521834,127.00954798855427,144.9276035950985,165.6550755287119,202.4804705695429,209.16080741804953,220.31510447785072
57,1996-05-16 15:53:25+00:00,237.3614188427478,227.64274142655665,228.1056472997799,222.5117755272313,224.1250253394265,220.0306964839448,224.2703038419473,220.29946346793565,217.3951635895672,216.1408173735524,218.4582219861582,211.62051551495776,213.08550003867953,211.33009734900213,208.84822003108758,199.88692519682039,195.80026783975023,193.28119275559303,188.21016460213775,182.39712764337565,171.22622259896184,160.06892837247096,158.72551223712262,144.55498227115027,136.52598876399688,145.7070887107166,158.6994216209165,175.73092194319392,200.011488783821,215.76238677225362,219.62107518878247
58,1996-08-04 15:57:44+00:00,229.59732637559904,227.70565363339804,228.12919454108342,227.67796812431357,227.4008322601879,228.51633436512594,229.67545265888873,228.2937165787624,218.73346665075053,218.68914796358462,217.56851521099395,209.30460939419177,199.88855273150355,198.58157792308762,202.69847860810975,193.96697517110601,189.64351308657473,182.80322608768256,181.19113408093563,174.42158865891793,170.89203629577503,163.11401481315903,171.96548357849997,154.61944121172957,150.10110631476257,144.92067935053973,157.98678631794226,180.58672352863348,232.75584932212624,220.5442127134785,202.64647308353128
59,1996-08-20 15:58:33+00:00,205.25972577423755,208.65060818694974,207.8101141875784,207.8525870736721,203.91988966743156,209.93460094562255,210.05935049808863,209.63027000769335,194.5347317634281,189.95931951143567,195.63736527081096,197.3964820303334,195.2544779747455,193.80819433815157,191.3965994039462,186.82629289481014,185.5197747805114,174.63229828941297,175.37474963213793,169.3438589359853,164.96449168848693,157.8054626681643,151.87370775989754,135.38256944120945,134.83965258550677,129.43974873283048,152.60077717928985,174.47093593056832,197.2579892792371,204.4870287492203,197.98115335111612
60,1996-09-05 15:59:27+00:00,215.58245455592672,204.28590878374683,199.10593223016443,205.18260697122105,210.15693896742187,211.7460308098499,217.9573312495307,204.95426501662436,203.54711631086184,199.07435290073803,202.7289340743203,199.0534639046296,197.43612504260182,193.921707432664,191.80164085891158,177.6994525273166,175.6761298355765,174.80052587359,172.1288242185537,169.3953700078455,160.59935922255897,155.9550743669194,159.3579377265967,148.59066151508645,144.84735037130926,147.51603990746082,159.62215876789662,176.03816276499953,198.05451192655175,198.320294915761,194.57571399997602
61,1996-10-23 16:01:59+00:00,209.36435627206458,216.91213236627186,212.97573268157691,218.49182551597744,213.8337085443618,218.82343981163035,222.89874564481332,217.72633503627472,217.31214903015513,218.5859149419039,212.2443543152769,213.4905887889965,206.2373807040376,202.10640124868655,205.7070746933743,209.66053474970442,206.01746880886532,194.60293061235546,192.28453256524733,190.07790477772653,182.427248711503,178.90543048358518,173.71384602501735,162.0718815478009,156.94139480278972,150.50023683948336,164.21827098517832,185.03297879485044,212.357345471594,207.74021639861655,193.6404756646939
62,1996-11-08 16:02:45+00:00,218.75658113169223,221.95543179747708,213.70042104437152,218.52531749180577,226.22262638790068,223.2436010321222,221.11929885604175,215.16410189952433,208.01086298530242,206.36130226198657,205.57548239868635,205.71672316723794,208.088010228274,203.32381592105088,204.34200656511706,201.22964409822512,197.97605122707125,188.85487486769574,185.78749872759175,182.69595390114537,172.32338702792757,176.88173145391715,173.14399710002567,159.02287890419046,150.11373771234048,155.8933635043985,176.1977800192999,193.12066399877602,215.5481405016128,205.38314822925412,201.6852220953109
63,1996-11-24 16:03:30+00:00,,,,214.84833959781085,223.85893019641864,227.84565932618486,226.88188044187797,224.38741118007502,222.68668164044865,217.89448156934884,216.02636557224722,213.30899170870595,217.1663119470441,218.45730608841933,215.2012843383454,208.2511226289358,190.77238830021918,189.8273987591468,193.3107019374671,187.88864391585696,182.5378664301648,179.25375784953084,181.64121753590294,165.17432585949888,161.6289802847985,161.6586562045618,175.92064304755542,197.13680233544792,214.87093035843455,213.96453236659977,199.93156560966952
64,1996-12-10 16:04:16+00:00,223.91307696185862,229.67989865037654,227.7754888563941,223.8543295866054,231.63907334249927,230.8611302311054,230.77617581880068,229.73986448424213,226.60201802606582,225.94527824924185,225.575610076125,221.6394465820506,220.42049469603595,223.26563981779807,219.329421771509,221.5112633911192,211.66493375114518,196.7097093197716,198.5096874836972,191.78685160494774,191.57000423602693,187.540169913221,189.51100400257718,178.34747265441604,167.9869111847691,168.4656144530266,186.79117309980722,205.6883289538687,235.41929666738395,221.42897061600772,232.29607979460812
65,1996-12-26 16:05:01+00:00,230.87319005289777,234.78069950568306,240.6799180331809,243.82298974454437,237.76424957585294,238.7993367704316,237.90600697206293,240.13955451888665,235.7434986519467,236.04460347830252,231.82549733205838,233.76767131952903,232.7977300829853,226.87469832011786,231.4559723703606,227.77811614168252,221.54952998222944,219.18399135295533,218.30735270173147,207.53177505402698,207.0224673746709,204.5168292652503,205.65787577427577,193.19708403608047,186.5026575798049,182.75094898983937,191.83207194398943,211.37768203294002,231.68351340164676,220.14334193860654,214.80287704203624
66,1997-01-11 16:05:47+00:00,,,,,235.2977665994229,204.52387487281203,205.31613687855798,212.87335406382869,231.0070913134968,231.01049094828568,229.640359260078,234.3186145116489,234.49514913197265,234.79212729785445,231.08708801621344,211.87240556240573,210.01874659413028,210.40766383519366,204.26265125711956,202.67341770267853,198.41462596623393,196.94720221575653,193.0223312495933,182.02559213618565,175.04683333110034,178.8132689036466,192.01889026847476,203.72008376101874,230.56216510282488,225.36811582070047,212.2321748988125
67,1997-01-27 16:06:30+00:00,234.92705448532917,241.89987734939308,238.6312219046285,242.47569653446735,239.50761088152478,233.17335686183617,231.41588093867693,226.77911805560015,223.6228784066856,220.50063231766183,223.7185642104412,220.6879587484213,223.43961390969105,223.13925104127537,216.36001613495338,212.08587835763936,214.2337070091817,211.77383822888902,205.7018580970921,194.6220079658532,192.3805188754697,189.77271424535226,186.9470581651974,177.41723902673294,168.233411854027,171.32667710909038,180.9471110555484,197.02936759432035,207.1347195782257,206.44843427414455,208.60325833584503
68,1997-02-12 16:07:12+00:00,228.1016447745945,230.66284034795552,232.9865334198146,229.41010099311399,232.86638321416825,231.38900155712207,232.63251646169522,229.11669499877257,232.17006410786325,222.94225840530635,228.24729051567908,228.9830686098939,226.33779600649035,228.84842167722346,228.9478369578796,220.45507771497444,218.7812281654885,218.89442808051643,208.81018550115203,204.88856646265506,202.15046826790405,194.59864517625425,198.2473032688398,180.69438540602852,171.2557003077813,176.65863572356392,185.30649288251462,194.8582999191471,217.67190735138533,211.87891329518789,210.09784838037814
69,1997-02-28 16:07:52+00:00,227.81557560299453,225.68452304184842,226.88766622886993,221.83072385282156,220.43650292226073,229.50830857957794,230.42513585885325,226.79879304587445,221.08803110923944,220.33730832018495,225.5776617234266,222.94222372252884,222.6981188097863,221.28410910046526,221.9788924510928,217.50439501998412,216.0766076575432,200.35009342311363,194.7239627452182,190.2956129026598,179.9704031856803,178.835397365588,183.04515300777507,176.43596419344888,164.6466710390864,167.59756992041838,182.30644146135583,197.38279786929775,222.5242129146256,220.69079392366098,201.34216070868274
70,1997-03-16 16:08:30+00:00,215.64130336791936,215.89280430337735,223.92758862757083,225.03553807577225,226.706093157724,229.66656095363442,230.233582406366,217.8728440262541,201.63395979986555,197.04653096233727,196.0190381242216,216.83867986669802,216.99151049725197,223.54434630999876,215.92115377014113,209.64674263115057,196.65590514834338,189.65567862251163,196.03546023028525,196.7482392291707,194.1229804871175,191.46602339559365,188.58994312455064,177.66833797876137,152.25509656691847,157.80605637095857,168.31948012254378,181.88516516563578,226.35077380699576,204.66887599893857,196.06565105737985
71,1997-04-01 16:09:05+00:00,219.72965465299407,224.6407584318377,216.16509395422486,216.33799864127687,221.1268954899869,227.3297333909519,228.04038422657845,216.14284952014003,212.57685788273412,217.6103400325283,218.68759931125527,215.067857481343,216.94814317727952,221.62574117355743,222.58190015973972,216.68078275276653,215.05098038091268,211.6768826832396,208.65472893382494,200.0593810432139,189.2145722594363,175.87432593064608,181.16225255432536,168.09600022119648,161.57223544999937,165.3166618466201,174.34615801894205,184.0589384598768,220.13259911905232,213.01771905028008,198.5808967473552
72,1997-05-03 16:10:13+00:00,209.15515324600736,205.72937728532895,207.73134463026372,208.4387158636916,209.8633356162291,212.8239025110745,212.6672995046863,204.5142563905908,201.97456055940165,199.35877096656662,201.01158157564745,203.68339458192938,199.67502030259146,198.10860891542262,200.91090967392375,197.2344537930157,192.27475617675105,187.22757867933635,186.1742699378912,177.41412404171336,174.71536959491357,174.23298163471003,177.48351517427955,167.01303471658608,161.57836353458964,145.61173470781648,156.88721037957845,175.49752325426525,211.45321227368817,201.92724334747697,196.49070386521925
73,1997-05-19 16:10:46+00:00,,,,180.83057792846606,195.34767491240007,205.18139225904258,203.72564158103668,199.2344823573848,195.7917447752333,197.3712161715522,193.07590308445248,190.87420444453025,177.51755082023897,174.48518515644156,179.35266097124963,178.0153511694138,179.71650914315794,171.70820903357634,167.1449202578509,157.35366766335179,137.8693165865787,,,134.67497009635315,,,142.54277284214334,174.74474233661726,199.14921461010633,187.76524338606418,181.61598213914436
74,1997-07-06 16:12:26+00:00,218.37449779695135,222.71522554888026,223.22240312846318,227.18870157358555,229.28089433430915,231.6533842532856,226.15726876458336,228.18136485784552,223.921657847556,223.63042751227485,224.14094365028427,218.46580113801056,220.3326137760422,219.4642880543489,205.29116631708453,199.81517257631927,196.02523783276,194.1099393423096,192.52500219186874,190.93074003705624,181.5814543230813,182.71376409736658,179.8106958652777,173.02511767432185,163.2922627750313,164.43985928055997,179.00885090902125,200.80243753727865,218.13325842232624,209.6136455783996,198.43686446807345
75,1997-07-22 16:12:59+00:00,220.5548597161693,225.84486539706072,228.9900934016252,229.92692288078325,229.69662994163332,238.2365105189475,233.7579597011178,231.04427885760887,222.03722694334226,229.790754752208,210.9840585334378,209.86389747246284,213.47946549799155,215.01836595782487,208.74320123518538,204.7446167076627,198.61100961689203,185.32523534755524,189.6965189304185,187.7363405634491,185.68334753719785,182.49260600264532,185.6922745216089,177.4450859983016,167.62841119914137,170.72995856336638,181.84656212246028,198.08798031024173,219.31463071895183,206.86491818236624,202.2099888439453
76,1997-08-23 16:14:00+00:00,203.81528078053327,205.2015765629406,200.25811796564483,210.48949826084223,209.27205057013015,219.7851402690588,219.31470208008722,208.0447340885572,197.51674549723117,198.09409575797878,202.8073249402675,200.7383019329754,203.41683858796034,200.84291164113955,203.55805066758822,201.32028945722988,194.8495781530151,193.2129074225228,191.1874665518728,183.68479480152834,179.2300190514473,175.2006564893744,173.38721667281092,162.5909793281018,153.16259084275143,156.74519788941157,,,,,
77,1997-09-08 16:14:29+00:00,212.32846292966488,203.7145340600508,203.82180726401856,212.47480322796304,209.66962282711285,216.477836723015,220.6738661493709,206.67085166133722,202.51779951203338,206.46038081426119,206.44696608108774,206.7710969400085,211.2670610861299,207.02728231048027,206.48668285449799,200.75085054434365,198.4053369924095,190.97571434919564,191.7283782350434,187.88435548475502,181.38451106681256,177.6356405481789,180.50328891601544,173.6384515535799,164.82637068843223,166.3369852172269,187.39675868381755,204.302145835315,212.56423804166968,191.05953498686782,179.20457927663338
78,1997-09-24 16:14:56+00:00,195.88958555276778,194.2742670323841,184.8217504210304,185.38818440040467,194.55486937851748,211.98294408203157,205.40275156077092,198.10845338235967,196.17498828486615,195.76643757753885,196.3720929648478,199.16578016680091,197.35937895982437,192.40415270800662,193.04300628455138,186.5596694176225,184.43661931336055,179.23203682060563,179.42412631761766,177.4264495619621,161.41865338901417,155.23720619480633,158.73609165667148,145.72490825502547,143.41984417836568,152.56100849460807,161.99194569771004,184.40775025397213,196.1609337751325,191.45518492319235,171.35739068612247
79,1997-10-10 16:15:23+00:00,201.68840625266097,199.44875600367558,183.61274164352147,191.6037903402755,200.80657962544558,196.81785474351815,192.94856535744339,189.06456770643595,187.98898438103453,188.85603657859448,191.92142238335617,187.18778329937143,182.48708384749517,178.53283210234125,176.72650987991514,174.5696339921567,168.88769833338438,164.4197843271215,165.2626796720535,164.05806547325147,144.0698967480177,136.4598614845532,138.47138334729883,131.4679783570096,134.15711840555554,141.18860718889258,148.9402776409941,169.99756737130565,189.64330529743376,187.06269335635594,190.51880551858653
80,1997-10-26 16:15:49+00:00,214.24551151079459,206.10044027251655,199.5351176835668,198.14027870445656,201.3403329461889,212.0919008650044,212.73170695951075,201.87614852530177,203.09194920488505,197.14319591190264,193.73421514393362,186.43526715915363,186.12215155666036,187.52689129758747,184.54621655052597,177.12711863257326,178.0685351288521,168.81676899689853,167.30203156763497,167.92643784513052,157.5800398565841,153.76192213787743,155.79280112805367,150.65430095879435,150.26736591579296,160.05985154285952,160.4969581510565,176.66256616964446,216.3290958948484,197.8124594844061,190.48741475395676
81,1997-12-13 16:16:59+00:00,219.13380435893893,220.52587896136743,216.261893709937,218.2959523957134,223.01313505249914,228.86868266087453,230.6274835842225,223.0484785584491,218.85474814319898,222.5875759444607,215.1971362389478,215.68148885032056,215.58246507908993,212.0973435305451,210.76504064882423,206.57972408687345,208.4908082702884,195.82337796593578,196.9922538500233,191.21356756105732,190.50385186342857,188.65556275238376,188.33211354631925,170.14274689058877,158.4502193935878,167.09495858049632,179.65340761523967,190.03725952710496,229.6957675207338,216.5365694271715,199.8055374837098
82,1998-01-14 16:17:44+00:00,223.74511090169563,224.7415455518001,225.3843990184775,223.8553718238128,224.60468181642932,234.61309910329322,231.62899647719973,229.70793938742466,224.07601653351696,227.38249736361686,217.15561188440157,212.69477403992562,215.10734965097717,215.30591920439218,215.43173911549775,208.57851378691646,211.17410193625392,202.28153704089488,196.39840533902185,194.88419311670577,189.6626550642954,185.6061271066631,186.0733423820585,186.08609079671163,178.0614756276592,187.51251389966959,193.37100633561883,206.9499607053795,223.6696590099485,224.45981721962187,198.17054063313287
83,1998-01-30 16:18:05+00:00,219.24011039729538,215.14091006436914,218.11977212262457,218.18425285600694,221.6194668040131,223.28394322660327,224.38210577540664,222.17137135454092,216.8086798785753,217.6744719164042,221.71879760842086,215.754227208593,214.35452308662965,218.23831659400102,205.95082306359976,205.23865493205818,206.61746865911897,204.65645226758818,198.4591219749635,197.0252454890843,188.92405295283828,188.34366139848615,188.58974621545178,183.11411824826286,183.27666325884357,186.9053210049292,182.27212337181973,200.5494463657451,211.1811887472594,207.18259084880924,194.20070897918174
84,1998-02-15 16:18:24+00:00,219.69492190388968,219.0396379973905,213.54151867158788,207.2959645635533,203.72379495437033,211.09965662655915,212.0735784124791,208.6155893593972,208.46440310187205,211.89981981252555,205.48406694309125,203.16167419434007,199.6555201087972,204.03396038695092,205.14977496597172,203.15282482499202,194.80387359370138,188.97319329504953,180.1953673711394,181.9491122726621,180.29534446295395,176.91611325219972,178.76892226313478,172.79330769418658,168.64581386125582,173.44316035554255,181.73484047099552,198.87403892194277,210.7541998930062,201.15130746224872,191.40695917771205
85,1998-03-03 16:18:39+00:00,224.80749209313115,225.68240640146914,220.34011906881085,216.4779380063561,216.298529598577,217.66929360554298,222.2514830834855,222.76556838106256,217.8989251267265,,,,208.99199721192042,219.5201476161064,211.45310127953337,210.88571504958617,206.1146391608093,204.1489084948824,197.64784581220718,189.2427583062974,184.8160204256983,183.9921550873689,186.6721440140349,175.50443226456582,153.91271577274756,158.47022601363625,168.70449295057512,186.8260242200261,218.31999227918828,,
86,1998-03-19 16:18:55+00:00,226.430468500807,222.55130110630802,223.7711842389874,220.22857965341996,220.14865887652988,213.46761447640807,217.5582660526609,210.06399927347013,201.96489605878176,205.43813082392182,206.69700247454563,208.72033689465437,209.22849512074148,209.5808867799127,206.40427245647473,206.30306962233772,203.79710301827325,196.97521787158678,196.0904220643401,178.1841598361724,177.95052196193288,176.62147336956082,181.46494788082816,179.73722684179467,173.93025367857945,175.82326497477277,181.3195670629919,192.5085227706662,214.04866946298827,202.3102918100385,200.3052474106709
87,1998-04-04 16:19:07+00:00,210.57375814203616,204.09552212445698,202.4950106555737,204.11941752616167,205.23446820653908,209.55198215394464,208.0902572561839,200.56693525302305,198.6988914940053,198.05832608055744,199.8857220737945,200.56958968698672,203.15201253242742,199.54848636823004,198.90334846004876,191.070825181779,185.43776421519252,182.53989822983579,179.57193672387245,170.8540006687018,156.4633642914776,156.2761748360059,163.46537480831736,157.70121192023657,154.99399198842548,155.8148363417103,162.37079885654057,178.97285348889406,202.38430184058535,206.25519915059428,193.4804958095193
88,1998-05-06 16:19:33+00:00,206.7553564779788,198.91576357047353,201.6162910429034,198.29036014573086,195.46752952924152,190.5492394935206,190.85183114824656,191.17072596072103,187.38178865928063,188.0685724856006,192.40007636351467,186.94069329474297,185.65975834214817,186.40087142321352,181.74138562282448,177.17939637937343,170.9596954727438,162.97214783349324,162.85907172436794,154.22831277894414,150.9064161392743,145.6499840522326,141.87130471489206,131.80857614573722,128.36418161191284,133.76998528895018,141.1872235515578,168.69518533918952,206.26902751738453,205.6991313798141,198.46823376137615
89,1998-06-23 16:20:13+00:00,201.57675092669152,196.77150533568042,194.03196433411173,193.12792741289195,192.2239190919875,201.669483891186,199.229033980263,202.8722749641213,201.25376818311804,199.81269089009433,194.93416844881935,193.12735515339622,193.0805410710813,193.81085660654762,199.021408123602,195.19463330999622,179.70505885914295,170.62828149311582,171.3451036592408,161.6961175548816,154.90731760500515,150.04419271365336,143.82836840710002,134.3171882830074,124.96166629188667,127.08743393553067,133.35050388392995,162.54876552627735,199.06655751204158,209.1829141093243,211.22614431263173
90,1998-08-10 16:20:41+00:00,224.3381065900544,228.33583188575707,229.72771305914267,225.61565560848723,217.4383708608047,216.89275543079273,218.11241884384907,215.6338347015983,209.38541810184051,211.9362101472542,203.99470470172747,207.44724256881713,208.45149241333112,204.47001812222362,204.06654216646166,203.70774233282685,199.22511370310758,191.17049802471993,189.4068539080666,177.38240598525653,175.27372726895524,169.91918672632664,173.34111794436348,164.3050427613273,167.50138340252053,161.131805479415,175.93158223815226,194.61771671720822,218.40905962242044,210.85264948834387,218.82617166122165
91,1998-08-26 16:20:52+00:00,213.48050764717237,209.9355248557504,212.7342090550948,214.04496229605414,215.55080596528737,217.60729316051183,217.38204809366945,212.57229641293898,204.37282603663505,209.05685655034048,206.17519387023503,203.76465832947784,204.7500522220027,194.5677354850365,197.66986127257783,191.67654246426852,186.59528698922242,184.69997062781795,183.96294501414872,177.21638803828228,172.90981189672988,170.49461283503587,163.16844378231588,158.95147597888615,158.4219288339,157.81988348877957,166.12100958671857,179.82349423087157,209.09631706212724,198.9489781599987,203.35742607549315
92,1998-10-29 16:21:08+00:00,214.49408076112525,214.24300611261955,218.02280210164287,218.45728360040835,220.35236068586212,223.06290422309155,226.0056564576309,208.32365993776608,196.18056160166162,196.67195339797047,201.21663981201982,205.2378552076154,201.11628270446425,201.80888464560428,197.12018326394642,191.9327257240064,188.61945949351144,182.03553741115007,178.7558914005489,173.93028788823278,172.01216155591482,168.11529738016213,160.33887219139072,153.76908091197015,156.96207299157146,154.34482653934157,159.90834558919207,188.3201606760636,233.1056131980641,223.34817901198903,216.18369054877823
93,1998-11-30 16:21:15+00:00,220.5228232044633,222.0412775008734,220.48689199734406,223.12566113079166,222.78030858142253,225.25665234894748,223.57284758240232,223.69584195157398,215.69745875492066,214.92985799750608,217.132287914941,217.10073424969056,218.27381918047914,200.61679815492855,207.87884795067507,205.00960763097035,196.54070219500943,189.8965609330025,186.92738471998092,182.192871425312,180.65639114144432,180.34644774210125,173.44752339067497,169.12084680818356,165.7030194622405,165.31084268860485,175.61658603456561,197.8399660497834,228.19147390032222,221.88222184581682,213.01250700281744
94,1999-01-01 16:21:21+00:00,223.33959838562345,225.58314372475436,226.88430233094948,226.5285097069037,232.43041932006847,231.3628385049218,227.167474533126,230.13786250671401,231.80980013923937,224.37247015293607,224.03404878400505,224.20343586374352,224.90688077550124,227.30018497946799,227.71782632283515,217.24300144794785,215.82190076186032,214.69147719509067,203.08782139345806,186.86607056370886,183.60300439004934,183.7119393595069,184.1570323947018,176.6990750673273,170.1759902093177,174.98494631532975,185.3369980322167,201.66415586755846,222.64905193491649,223.58435249430516,209.86783126097768
95,1999-01-17 16:21:15+00:00,226.9328867539042,229.37112270319466,214.02780281010467,213.45636085925574,222.42756537574854,221.5352172870314,224.1091360632866,224.35137325115738,220.663194296883,217.94884569920106,214.37493579928093,215.0291949583938,216.3142741428734,224.18135810662656,217.6515093809908,213.1168421651936,206.28338534851565,200.77789285425973,204.76036354300794,200.32781211310166,197.42659977301486,191.77222112037603,189.46374566574912,177.18570098119392,172.34137334333622,173.73780139814755,185.42168492598583,197.89605227775206,216.30025984347293,218.89620683041545,204.4992637113212
96,1999-02-02 16:21:21+00:00,231.63225359998287,237.39337181741888,240.50998361242466,247.5104095948921,242.99058905281026,251.92459482506396,231.60496218482723,228.12430046864375,229.33416662475332,223.49001133666562,226.11336358468606,228.5921682740899,222.88401534664638,225.42649145917466,226.18880101317603,221.7174840544987,220.45687372996287,217.07553947878102,214.10777749446572,212.81337737121083,205.0683413160894,207.4174555569047,206.9994859848387,198.55077328289292,190.97451130516725,193.63268276108417,199.2999280858652,218.1406208228841,225.9271550584412,226.64285850419532,212.90103531590862
97,1999-02-18 16:21:31+00:00,221.52559599668263,221.97310327729943,214.20925393785342,218.0035940448824,220.3588332383286,224.2507009420495,220.33796146950962,215.38013738429487,212.0360342442405,214.11405039390638,212.9293143070427,201.19021519729222,209.57418707690528,205.1951825723672,207.45906896711037,205.7433080867229,203.7433163280089,200.61783775753676,199.52457030519406,197.63536398545742,192.1624141827361,185.0967447798413,186.7404936585311,177.58548538930972,166.6343604966312,171.02820486709874,181.58046079293536,200.65745721055225,216.0454883326504,217.63948710141477,205.36660825715143
98,1999-03-06 16:21:24+00:00,215.70900452521448,218.2820725336033,213.54937396742835,222.421003524973,224.66316976844797,226.22713094779726,221.49896523383117,217.65923835391374,211.79440023031287,204.87321985789862,205.14263252094622,208.74895558651343,209.29716187113053,212.34487509730232,214.78811492746178,212.17118506653833,209.71464855870482,207.0328675174817,201.58357760198243,200.90535870955674,199.58459520810698,194.45482506378846,182.53693220494335,171.20757444253184,167.51974535665295,168.6526253977609,183.2792447498075,198.92029602868928,219.13319718256082,213.61995224697753,220.145331690979
99,1999-03-22 16:21:09+00:00,222.74035063147352,223.62965791828634,215.6409076248187,226.0342845625152,231.6060204246294,236.46113293795935,235.66990865237204,232.5730173564458,229.92794995041265,227.60525576026305,214.64248256850055,214.31776038778318,218.86822739786942,218.62974314686994,221.83419073276403,217.16069470260362,213.53258893036488,213.3324098448531,211.42587860485247,205.3652669222677,204.4206228315667,200.85572133233413,200.28666095719348,186.5064383314309,172.93822609250032,182.17091945613214,190.96277131597154,208.61434235714563,221.54585901835685,222.98727874041072,209.65055077800645
100,1999-04-07 16:20:56+00:00,216.8393405441775,217.87757301959053,200.9112633650779,197.88857945753733,204.3429595599747,215.33016785452241,215.55581697897105,212.88330720019138,205.04387258508828,202.0544118227052,202.82414023608402,197.99722969540045,207.27703041296462,202.67815969151985,205.32913204804208,203.79545358386537,190.98849319880267,186.70802564189432,183.73395715272,179.07601122405202,177.40588251492534,175.84975468164436,175.97256320383462,164.0853802766195,160.97302741072417,157.8583984874228,168.8857115491792,183.0362981268035,201.38427609145484,205.6809321107753,204.09722023965128
101,1999-05-25 16:20:27+00:00,210.5044975124243,204.8890424782176,205.758333409408,209.6194968405788,211.25743226061385,214.83456453696851,214.81593312616837,206.15409522594678,200.00326548587736,200.22017901673,197.80770723335695,198.31793853110668,197.9899517537167,196.4840007598906,191.21632666303242,181.07575917878668,171.64762032060884,167.18412972138137,177.06724418384806,174.4337169057071,165.74694603929382,162.88745752007435,156.31481829482357,145.26692320142973,145.18849758523783,147.06115961075002,156.33528938988098,167.47255518179233,217.0312123180356,207.03082887733004,211.3255614976628
102,1999-07-28 16:19:58+00:00,216.5455872625755,210.98088093594475,215.13208250703076,218.97638515510127,221.64126162689104,219.7750582967961,218.32157914194357,211.94758784651106,210.5377233515429,207.4653795704172,212.54321249248866,209.32535212869482,210.21364503560818,202.86972790931594,208.97782269128484,197.34540692594564,194.96824351621908,188.40261623586102,190.01776131515675,183.1307801381513,173.75400736532515,174.09495250567272,181.46725958023933,178.75298393142674,157.85806952136846,159.62250995525153,169.63697064029094,189.21190346336277,225.92820182059108,222.87947366397475,228.58466250127475
103,1999-08-05 16:35:10+00:00,204.08360855386778,201.94963951080052,203.64546973034183,204.11386928161136,203.56837871828378,208.87216152869692,206.44209741701968,202.42205551151898,202.39622908258747,197.6259562352049,195.09825545186214,191.1669571917572,196.95501809199374,191.87658570283799,190.89778636299968,184.0097699055608,182.86044355578693,173.25690856210193,168.82634121756362,167.24635809247957,162.82883377419833,156.50758100466533,164.1708522769434,150.68814579652718,133.16075009513634,143.0327293939821,156.37324872952996,179.17790629687806,213.32260673057013,208.65581447580468,204.37419194542844
104,1999-09-06 16:35:11+00:00,196.51597596304578,194.37553293792539,199.07168365531297,196.45716725673128,195.78247244380637,202.45189315792283,203.22945112218645,200.63000695627764,199.66842934348,198.5868261732167,197.22427013766514,196.05254926447344,191.6593014143135,,,182.5090345640063,181.97795564555855,173.99624138466834,172.07569914589496,170.6358982315392,171.40984286053174,161.36492145197087,167.16094918216123,157.62348473618817,146.25992645934033,156.5337866086285,166.6771083226339,186.89386952554082,214.51923927930562,203.77083302325704,204.8866043413526
105,1999-10-24 16:35:07+00:00,230.3611234416836,235.265686550545,238.12620377544926,233.43793091082202,232.06049864642506,224.34405510326036,226.92984295389192,230.87973993907445,221.47969530521468,220.1934401236184,220.72324853350415,223.09701352220708,218.66952548535747,222.92042027875664,219.2182135523853,217.13316193129455,214.5074992621162,209.45297804005452,204.28365220469465,192.24824899703776,196.56134803696855,193.23885073166548,195.96421872382797,176.89806298658777,163.976829114212,162.11273723927783,176.58260014568262,195.36770368711998,240.8143298018336,239.52027396875857,240.74084387483225
106,1999-11-01 16:18:27+00:00,218.31379144090405,223.7124190309923,221.17250080332113,223.06701132120017,220.8610649497654,220.36856317913654,225.22415072818094,217.3403671862925,212.5540775793308,211.57061986156472,206.0823062339834,202.44769201461162,202.4183705190839,200.74379206517557,200.0280857514756,197.32440485454825,192.03048155496072,188.63422388047852,185.01134398897022,181.7149097733469,180.36054617663842,179.34917749708356,182.40534476446493,175.1129212730147,149.2543858361949,151.41072842041362,160.7895595083112,187.92528275799788,233.81627547342043,228.9953415966532,228.61331541684913
107,1999-11-25 16:35:02+00:00,226.92536201585176,230.56875864900792,229.19486588313885,230.1322766072467,225.95075053516564,232.00670493072897,227.00620256274254,228.5229046201181,216.9476774783255,219.71101379839672,219.73037936735028,218.63641895820368,217.59520253668342,220.36825362954852,215.56522886582235,209.30225702922957,200.28047953877564,197.655076203551,194.71912613344963,190.75912794443002,189.82545476764085,191.05415737263854,193.33922691640652,181.55877377335764,174.71474982397427,173.18839845239938,186.21714871844765,208.21161385144933,233.32254037361685,230.65230264889726,242.99657805429163
108,1999-12-19 16:17:22+00:00,221.84063651234834,225.24362922026728,232.0777668895484,229.49743891767557,226.61343499230492,229.20373614900382,228.8745767700778,231.18392113549865,233.45178705624474,227.33391231097585,227.68443931120612,222.60779566047287,219.2156564223987,218.77679780278024,221.01442435777096,213.1082476619418,214.6084069594925,208.57313894445636,196.79798355981407,196.50018480365233,194.2599438721321,191.56991551981622,191.35396608790552,184.7294104084358,174.98690649816433,171.30063827114168,180.4856302641493,202.72675512344534,217.02923609207977,214.32770398348265,219.09013871049743
109,2000-01-20 16:17:00+00:00,216.03011701701735,227.55773909844203,237.1567337325348,240.1564267658569,244.1721803965113,241.25176292363648,240.90179032138474,240.31753515491678,240.48714931278812,243.98611061138593,244.747187112098,242.39692669032928,239.27621530299461,231.59142543435058,232.1205891760314,234.5208275399263,227.4493136176206,223.3278071550708,221.69127366359106,219.02465614814062,212.0939812736367,211.8362707338472,212.75353962791988,206.44180369619485,196.7985104725065,193.42062625875775,195.46540047617648,218.8564557537984,237.8560162110177,235.26798859167795,227.91195317849338
110,2000-01-28 16:35:04+00:00,221.945748646903,224.32540889277055,222.69794653687703,233.0429316957394,230.436884338241,236.90004406616538,235.5005121744144,235.00571354268908,233.92192131133163,233.86556964730195,232.747966259225,236.72474660702585,223.9028788541078,224.2263144523686,230.11282188530888,222.90004985928488,216.90850696468408,218.93777123266227,207.9124897095755,206.66783016237815,203.920699516364,202.14241026824865,202.14837642277925,186.4753985246901,180.44507342989834,178.56964569035563,191.57807824009762,211.9546499146981,221.09597837938924,226.05954093918854,213.3840391569414
111,2000-02-05 16:16:28+00:00,229.54624901900294,236.72348174149408,233.1921516479399,243.34459128238123,243.2909502337478,242.04784592395123,245.42952438685515,249.23314052809255,245.4341703281038,251.24587766435965,248.06224353182054,245.48966114178174,240.56919721683454,240.08274182960517,243.30524174564127,226.22683754232563,221.1130775707897,223.08164838222874,218.5704883959288,216.10530725851442,216.16877523058628,213.26283255093557,214.92890771550506,201.36068724466375,196.34785912057265,197.32295704002212,208.620176210159,220.32975830682682,238.32691062377745,239.05069775452128,226.0829746474909
112,2000-02-21 16:15:52+00:00,233.92688261533777,234.02259487187519,234.55654462944307,230.74375653146598,236.25585816608043,245.21897482062684,247.865957164681,245.9628927220098,241.43680838135128,244.71759554109673,235.30671694971034,229.51669099050758,235.23119361431839,235.1170014029242,234.12568040111626,228.00010736461644,220.36391533961825,219.54598658691162,218.54798072675203,209.35905259236802,210.55112966333996,212.8319236323148,216.73013822385505,202.13498082038922,194.2913165619837,198.92140643512303,210.91690746848673,223.5910573076714,239.04350047905592,238.15887439409275,233.6464253531248
113,2000-03-16 16:34:50+00:00,217.78179958000277,219.59964522497748,219.08205056227334,220.6599559993242,221.49873899631552,221.8721591959595,220.2040724986489,216.72284998593582,212.84712385056406,216.89380089122972,219.45433597721615,219.093319879339,216.5149242980402,219.5516571173747,215.51124920485623,215.36670085660256,210.11856203370724,200.94057463965083,201.67929827446557,198.60788594337396,187.66247646095067,189.5895265408029,190.14414224562995,182.64144713728075,172.73452380897265,181.19456554418628,196.30526777858327,214.28384071873106,220.48707625415386,219.98688182506697,210.47629701873655
114,2000-07-06 16:33:50+00:00,217.6964301864539,218.84125147734028,218.62814843401947,217.62336573683675,224.58802924649615,228.91193724511848,225.09271620052445,227.41057187212468,218.18627380148808,220.21510395872235,219.60983123545796,223.04457192572187,218.7501850541649,221.33325853702834,216.89102007740507,214.47668852916337,205.6757595748797,199.56711898535417,200.77058967734123,191.37478046752568,193.94837394571894,190.14432602141744,186.28815063609818,179.03763364052122,177.46904175106857,175.89883454491064,185.96876062525206,201.5901317339306,232.7268481510719,224.81171321611652,226.89558403160893
115,2000-07-14 16:19:16+00:00,206.69084126333735,209.47757853766035,208.56848163661394,212.17535488922456,215.44342472582412,216.12135272329232,218.86886259020918,216.96676260094245,213.1558075754575,217.3069885592035,213.53393473756938,211.3345970977447,201.25226706068523,196.8146841811713,199.38466072440974,193.8031126813705,196.13933783943725,186.84309067252013,187.66216486870456,176.64605837193807,178.04868131151466,179.68707850873938,176.09166363250262,169.51666735707698,167.61774340169023,162.91781900066334,179.8361637152111,197.41476900729833,219.2712202759759,212.43013675036008,214.98071663006402
116,2000-08-15 16:19:54+00:00,208.78454901444027,207.52430975506397,192.46342577556766,197.09944669996088,203.4733771685136,204.17805438825667,201.64135618097413,202.9966841103491,206.1085695317965,202.72461122798376,203.81808775308178,206.93789774396845,211.5900664871176,208.78827769057585,209.43002274904742,207.90950105981446,188.60983662913557,180.54737300659616,188.9665771442272,188.66575462059416,180.09727084720635,179.88451982628013,183.51672382965626,177.74392433154404,170.39383804257528,177.37403282482552,185.69567022593412,196.33693352899522,212.1174201763498,217.8907772697616,229.00369512333248
117,2000-09-24 16:32:42+00:00,217.17690044500318,214.3379406116137,212.61689834746528,217.61180946903082,220.0435297501616,221.74676329270622,220.91922709790362,220.4325326285803,214.3557597318288,215.2938229394771,212.14286928136517,210.0014659244044,214.23458720734135,216.1260378006263,214.98131549491455,210.32042212937574,209.8222850938631,203.65192669287197,197.19987082535184,192.93558571695027,189.1184452744479,183.47019589952268,187.34698100798505,181.87615549178685,170.91959928320497,171.77896851904143,183.42720114517923,201.57474485347296,231.29822673886815,224.7225462181621,225.02854630800763
118,2000-10-02 16:20:43+00:00,222.06916619461688,226.91013358977727,222.62509702775282,229.5644680499451,225.94574204453897,230.22231613207634,229.06324252746447,227.92843110714938,218.7328078120704,213.7939954816097,216.53820560300716,214.40778648162606,223.10437548387864,221.82695127258194,220.30374706060388,214.3528561220215,213.62433850559364,209.29151251290395,206.1895089282945,199.5296906402669,198.90149729189733,192.10920320166682,196.20481513250613,186.35676218981584,177.13597678422747,182.6174779735402,194.38069919139184,213.77146159753931,230.5232685063787,221.8424669466995,221.4782050244448
119,2000-12-05 16:21:30+00:00,231.33791424774046,241.59241995085046,239.56753367544349,230.01847072469033,229.03909798217688,238.9026265236505,239.41757505973857,235.72120420422453,231.32933810517795,231.23975961090042,241.21446125425925,236.30251024734906,236.83344932381175,236.8417999207153,245.47578290344956,237.7807670311429,229.8624929797858,220.86734664097577,216.891660347246,220.7459470114556,219.33175767031662,213.5031708871993,211.86673749874228,205.7941241335472,199.6164703170287,199.7747340182045,207.9557651780883,227.58674737609522,231.13758320739475,221.28472118401203,225.15953662918025
120,2000-12-13 16:32:39+00:00,242.60981208425056,242.14462438768078,246.0520868103471,250.26007298891471,252.17912805444453,250.0885701645463,250.97743123023236,251.47028678665708,249.81860075290925,251.83938749051953,250.3996847474162,247.29479858371892,252.61185889448623,256.9305197392737,254.84165340028213,245.03533151038746,244.72561086987668,235.9597752142278,231.69762092842043,230.29236683833227,230.80587688345565,226.42192139293547,229.93693389835934,217.49756955586014,210.18188805143222,207.21120040085893,216.98077771062805,234.70378032525502,236.6087426096521,249.52628603417728,231.9348503937965
121,2001-01-06 16:21:59+00:00,237.31023364006887,223.2699697047785,228.22439297246248,239.2255830831709,238.72383452882218,240.67276935064493,241.34129234384164,235.66727433731103,236.03715275097017,240.79230071830136,246.56871804462972,247.85917719082562,249.46270006433502,259.39007052145564,233.95086082440162,237.4231226538384,233.15041356025725,228.4536134039514,224.2849571380754,224.9506161463246,220.94730314452957,215.55284514766646,216.8873620210516,208.27487839150393,202.75967592014166,203.5419193777774,212.98797164137414,231.53616598689342,238.31189482533227,236.25336017511063,231.14870605951546
122,2001-01-22 16:22:09+00:00,234.50440687007597,238.66836182627634,248.83174640048856,250.3911570665885,259.9567842327341,255.89318264754533,257.28952811287644,259.51804621481295,246.2457906003128,253.1127649389141,253.403667475405,258.5704951344314,253.13512917329243,259.1966079171341,258.54826198209065,262.9243058972553,252.73617637449672,249.93389659280402,240.83859544634115,237.71761617160814,241.2001013889827,229.09483272601398,229.65722048404797,219.2160482238986,213.90632983976514,213.09770467310733,223.7461920492141,240.98090247003086,241.14835259213766,240.1971541679331,233.69160198210153
123,2001-01-30 16:32:45+00:00,229.4962407425385,237.9745751364485,242.0490058236064,241.66928850045196,239.19209301093804,243.04195993255755,247.6770612780934,246.887143022638,245.44339595598612,247.1997998183894,238.14022935132442,226.72438401121593,245.898412352777,248.57729997906893,244.99822440134298,241.34930757897183,242.54512911062767,244.73362700032231,230.9467807011773,231.24378730289845,230.57501525022604,230.81120965502157,227.33035251220787,214.43859034568925,210.43330947230038,207.80837700201224,218.34719260793156,235.87433308382077,238.04108265814222,240.0473941897891,227.42992700318115
124,2001-02-23 16:22:21+00:00,218.86271236260347,226.30972461867134,229.72448860591834,227.72102788659194,236.70651390176033,244.28843153290984,238.97160253263922,242.21176557226562,246.44664075810223,245.37645666785602,251.19480975509111,243.99639523764074,246.21517958341104,248.46229953506693,246.28687584207032,238.85260373363906,232.7770824418063,231.46485153454222,222.5156100907139,210.14052499742027,205.04050712211105,220.86326297374006,221.4333756463734,212.46511452125375,202.03990014999056,202.12159899484186,210.61540283156546,227.04324781990988,219.40248242312967,221.3659840514833,223.7484068770048
125,2001-03-11 16:22:22+00:00,226.12591792772278,229.0134324794514,234.6474563454169,235.39292878002655,238.59695260618503,238.81186507227693,241.95880480644507,237.89389467047957,241.87568183562723,241.43419852409428,243.66588039517802,242.0385963605408,246.32308132534519,242.0753600761189,242.75585224329225,248.9840757207899,246.14826271681198,245.45215544520033,238.63983169155875,240.21751923456213,236.8185037933128,241.25719741055838,237.02321973290395,227.06545156777392,215.2494175112933,206.61928504365483,213.22848399373134,230.28848740130837,235.5742299852032,232.35331343960655,222.11074188973427
126,2001-03-27 16:22:25+00:00,214.45457672026876,219.11815611932582,221.90803856084105,225.01471479863596,228.68149426672878,233.79159713855358,233.97514268882023,233.74980884805038,234.1239026620404,239.6809124674677,240.2671815256,241.5416513529699,244.87626145221805,242.45838620318875,241.9328792933507,242.46090699621817,243.8109388071244,236.1444493103587,232.36597571447948,230.6209097136204,230.90363256655328,229.8489406862359,230.84202216744518,221.47646596975295,213.39089514030871,208.43206526581827,210.66784770064586,228.4132636576394,226.39057108739368,220.12392300995634,215.34454322101067
127,2001-04-04 16:32:18+00:00,214.21407851719385,213.9667640647438,212.66824654725025,214.7504343809928,211.8167217559295,215.18521138256264,220.05475077728843,221.3635066331282,211.1627832845623,217.38350208061266,223.77296084594207,218.3187292929266,221.2402785169854,227.47128707223283,230.82195188282125,233.51687964136318,226.74638481877457,222.26906545551319,207.36074001870003,207.74754697031645,212.23689544916624,211.97503037678445,213.14033101786544,194.1635714329702,186.54383943859744,186.0371323412161,194.0190416988134,216.2856129739387,220.6556528793443,216.3307161421883,220.99840538314373
128,2001-04-28 16:22:25+00:00,212.91156348628084,218.90964823777296,217.11313986800408,220.52752336035232,224.21009083111423,223.44754500731554,226.6040409463946,228.56807016467687,220.2781239239012,224.33922007124295,224.87512103598593,216.89283106281343,219.36316774414914,226.4310586018768,231.58712300461013,233.49270412711826,230.91548189289068,228.15472009479805,220.95805659516333,213.53647869364445,218.0984274341427,214.4956688279892,215.66142466145368,202.3281162600162,184.28031955607804,186.26186552612856,194.286699094418,212.34437807308674,213.5998866999169,224.8620721144912,221.46832499965785
129,2001-05-14 16:22:24+00:00,207.03391665816702,207.44893118372474,205.28124830041924,207.17375921679016,209.50885989443515,216.20131367927195,217.67888285114793,222.41565428089032,209.07925225585146,215.34794613732618,210.86656121389993,209.04597074205543,219.01333316792326,221.20951378383356,227.10095678291765,221.02802749671747,223.60984830203844,222.71351938733486,213.79309806366103,204.281874639739,200.6656345155322,198.51682234193882,202.18766047389582,192.23359096436673,172.8429090466364,179.80680176852786,188.85742986858722,203.97694491057683,207.16910122111605,204.93681020084804,215.54117670149222
130,2001-06-15 16:22:36+00:00,213.6446926681698,209.5876161570975,210.23638649302796,201.92668356053673,207.56377869091847,214.8564287788761,213.2752985580797,210.284349257889,209.9467687058099,216.4855455146302,209.84167231159444,212.3244572935648,216.68924065597153,219.7100044364529,215.8109109512796,213.51808272847964,211.8105145727318,203.80250042873422,200.44572892063115,203.72578910992593,202.8977582077586,197.51489549821076,196.3749965647209,180.8251601300652,177.86967651885118,181.40885420250078,195.78142061455185,202.79890980770588,215.83826681883096,210.0977217540718,214.52702181593114
131,2001-08-26 16:31:01+00:00,203.11674505920382,200.58453517100284,199.34124661120268,203.42806464520368,206.71227283852193,212.76316371399582,212.70481680955822,212.7200550520884,200.92621253896948,194.29475763366827,192.49942331974358,191.73085968365544,190.98353813306028,179.86457550250861,181.93171546558324,174.4009778636355,,170.57878968488012,174.8525840546775,180.64610216113974,179.21775630002526,177.36145791100063,163.5711068203271,161.62842803132122,166.9189718846598,169.2351121858922,178.9632909559832,195.7404612198083,211.336489750366,209.91162857760787,210.86461997776837
132,2001-11-30 16:30:48+00:00,220.85825009039718,225.77043157926892,217.53215176088167,227.0904828463535,232.70069725880214,234.35295262699384,235.89133475919868,234.62042482922607,232.08737707103893,232.03780129714306,236.2102783015002,235.9883465730537,237.42334124744463,238.86843140715524,236.37206189035126,234.49608738084606,230.50025345401667,224.4553923646215,224.6943092189485,221.1278172119874,216.8838444747965,218.21168143816908,218.6533754578928,209.19757933865628,201.512530007424,203.36973905560944,215.6412485185562,229.32486123232377,229.53120649349944,219.72866151193335,219.02595613374794
133,2002-04-07 16:31:04+00:00,214.80320307622026,217.56081115054266,211.75593046936237,219.02850567455735,231.68361647708497,231.90019720592792,231.14727225055597,232.172793020201,233.50935177626337,229.83089588369185,232.1608708447832,241.34263307806083,244.80731859250847,241.77400115748205,239.56820926418814,230.8037521581888,238.21689234560066,232.02418796361607,226.83020370079578,224.73892991551287,233.35947891394522,225.0076601149397,225.08800820222564,215.9931181251865,206.08096995503072,207.4797630174478,220.99167093072694,230.3533354165613,238.26570562713346,224.55877724950895,215.54494735602879
134,2002-07-12 16:30:38+00:00,209.33342830312336,209.2348136388915,209.506369397942,211.53395370474627,207.50433402670865,216.61435959656703,220.11356500953073,221.4435834185086,215.287458168294,217.33924012052455,210.7318390152906,211.0913158288636,213.54085058561662,213.3068236731477,210.50610634832958,211.86821787344738,208.2223757813299,202.1799242090219,195.75733596746616,199.26384715413946,202.88951810073524,195.77623444734886,199.382316589617,186.345881510239,175.8066550257869,173.22343627301484,182.79415159715296,192.35980454808833,223.28144188949216,215.7077859662368,199.73720021504337
135,2002-09-30 16:29:59+00:00,202.42052192379077,202.31076695254035,203.83230521957495,203.0185841480748,203.95494557278053,213.12981849580294,212.12358027403894,208.48949045868645,209.1519023798983,211.3932897596796,208.60462902070952,212.56115967889718,205.70540733857865,204.58714582088896,203.86482423481687,199.40567656948883,199.71954777731474,189.79748744711543,195.1374695652401,185.59267686957594,188.27872398394385,185.44992573519082,179.5787137530295,173.51307063561148,165.28713010376765,156.87345794321925,162.3201509779086,179.1758123436311,205.60047378754462,201.81480756826835,205.99592011568765
136,2002-12-03 16:30:31+00:00,233.15681035615563,235.84655455324247,240.48500739268286,244.86838420333376,244.68033990301495,247.56082306922747,247.47739949932674,244.95646938339726,248.93389338690332,238.40972021625777,248.47908239642828,246.51689318781285,247.70290840811955,245.43842035427735,252.04145590957967,246.1638602797114,243.7031213135857,236.63338875566808,233.26791917017349,229.93129319434885,230.29948459758026,229.118962290355,217.87143079621234,211.52500566326097,199.78099866217428,193.12244619164562,195.2827976288686,219.66253273990958,237.04403604380718,226.42478662669706,223.35336865102542
137,2003-01-20 16:30:44+00:00,222.00875154116085,228.00585008100182,229.63656686637466,238.823682043331,241.3170557432849,248.22684831726298,253.3772394201571,246.22460640734838,252.546072363128,249.4541745676625,254.2747284020162,256.86949940447346,255.4825197970758,253.4244268317637,254.91475916300897,248.2044888664149,248.65086884146797,247.58757878167302,242.49893379724367,240.38947509029285,243.81976887433513,225.50951107206214,230.57277950928017,225.7297289380196,213.88166491799637,212.00882638447234,218.84174866012359,245.8154284699828,242.92484998108125,229.92511223037988,231.57486743090746
138,2003-02-21 16:30:55+00:00,228.7216320892733,228.10534951631578,238.85917619736784,241.0497507099234,241.2740540801571,243.2293680790967,246.053952757067,252.24789546237827,247.01247539724113,250.7791155976268,252.13196126486804,251.605039457494,252.55038014193346,255.30972449016207,256.06035374373425,254.75976665742934,249.51304593342815,251.06684801952713,243.96598186724825,235.49064628001577,239.37386622551492,241.30250200280767,242.98978429546747,229.1853067661217,223.41203414023272,218.65211846525312,228.6161693092411,244.0638758339384,249.28743475469258,240.19723806377328,222.61538153115748
139,2003-03-25 16:30:53+00:00,,,,204.52109902004634,218.99345855327232,219.02232056317015,219.27766694888768,223.02806154242418,219.4304947101578,222.03315183166575,223.17547354779896,229.2465972400338,,,232.77721881914573,239.43673929347312,218.2074585262463,218.40246054462952,222.9127507227346,210.4363490948109,213.9722264323722,210.93812639440372,213.63465331608995,207.0630468009143,191.87903607426273,187.5432854630813,191.46672974102864,203.5680881487836,220.6940951357998,219.1543903262656,211.52413990535078
140,2003-04-26 16:31:01+00:00,222.40167006783722,222.03908996443255,220.51089773776107,220.52207384348475,223.3066507229259,223.55746555411199,223.8109821328502,226.72730288150944,221.6846412347692,221.69132577461335,224.68018942543532,217.02878456907752,222.2258017950311,223.523071003077,225.12381102580343,220.58257106820034,219.98285069925055,220.04749740112166,215.98111253124745,209.04894989692366,208.6370593202946,210.21141103714825,212.77924955411322,199.14930470852102,181.28776123780972,181.51284743763205,184.37175155821024,201.52637994362138,216.53281521907064,214.97049336861136,221.1485305090014
141,2003-07-31 16:30:42+00:00,199.21730268061543,197.89411607786946,203.90810791227747,206.69295564860573,208.3834607465634,211.44005474879302,214.104989071642,214.84654376520666,209.25230851895606,203.78437116337906,201.20236828888687,200.5025424069422,204.5553227554853,199.12680865299458,,,,,,197.043840231665,197.1923443022286,187.27931285457902,184.29062785072867,177.42319174870806,168.14677337086192,169.94395695856844,188.22034638004578,202.68925220573777,211.76129424370453,209.50170768399775,205.71600362697558
142,2003-08-16 16:30:40+00:00,215.7849809283713,215.41160567006213,,,,,,214.04953060719563,221.01680253108577,222.98697691058945,225.69647025176027,220.63717836034732,223.87993108954822,225.1807842010296,229.66722909228707,224.88439042920118,219.4049293271088,213.94604897778885,207.61677783028438,199.7568004950241,190.3469048635845,174.07033439286838,178.17457442982072,177.0470639128551,168.97687272469398,172.2867812015141,194.34755033893236,,,223.7348358909406,215.61147065617112
143,2003-09-01 16:30:35+00:00,194.04779567986378,189.46690503201035,189.32166686388177,199.53583834170075,202.90453269154517,211.73832712320748,211.0849733821587,209.38701394140259,205.092522770347,203.17459188165583,199.33748086394075,198.57843789578362,198.9490252936685,197.8857657751961,207.990063381023,206.45093308336106,199.69113240519974,193.67509317476578,192.1868988166175,189.0421879705994,187.37729570269923,181.03113922687456,,,,,184.260224675431,197.51265415468643,205.4420551467549,,
144,2003-09-17 16:30:29+00:00,212.31397605985222,203.83872954945403,207.96059894073318,215.5014314271644,220.07255101199098,223.1220863483491,221.94999285837832,221.10521146684113,219.3611030961639,216.4331181955713,214.64693861578345,214.01457295206956,216.6789890767162,217.12106590351507,218.00780033455845,213.42422884497321,212.45831265659214,210.5637778952391,203.6718944929338,201.42148421536,202.216576805061,,,,,,189.6169195148631,209.47743979863156,218.2170918833479,204.49303771850782,206.93992526439894
145,2003-11-04 16:30:39+00:00,,,,196.7904015684839,206.7415675054093,212.02409851771444,218.83452066916726,213.04308773628298,206.07464747573925,206.92287953808477,205.9634457366968,206.16535824804743,209.25018387265112,208.7098785246331,207.534638786988,205.52900214623892,200.949111237392,193.89599674697544,192.80626867874722,191.42673578116606,190.72256070975254,183.741228636648,185.44367022742517,175.55444375501511,,,,195.21277441540167,197.31942771362318,193.68182882928033,200.69599568393912
146,2004-01-23 16:31:17+00:00,232.8234299090179,234.1630833400198,241.5469335887314,241.12727886964745,245.10731986395302,249.81968813972242,256.60462670124934,261.4512875818816,258.68668480136944,254.3046105475917,256.25766467273735,257.9056319541771,258.01926668467024,263.6722954946738,261.605276842148,255.08076497999616,255.26108568754137,254.64824305844272,253.93268421943526,253.05044828196895,,,,,230.4682194999988,226.59635812341963,234.2770598037417,246.02637264070324,244.56187856431438,231.67874304806594,220.45722718892708
147,2004-02-24 16:31:21+00:00,225.51151367944883,228.51919807228154,223.54577559809073,220.07499575776336,220.8248206462247,,,,,,,232.3688036863727,236.76130432416284,236.7584632786473,238.43960891013177,234.71150646379235,234.7011139394431,233.259274877152,229.73558643402035,230.50941116003534,228.5147542451341,225.56705121299802,221.55728451435823,208.78589942808676,197.12469381401186,192.16172538632713,203.27419912380924,214.19916723944564,218.70897854184508,,
148,2004-03-11 16:31:30+00:00,238.6070545897413,239.33038920585489,241.94836803456073,242.57384895566088,245.5494183436815,243.78662811114523,242.53309382460876,241.9199087130888,242.58810349200854,242.87179002677067,246.0200717434051,250.81844704500026,252.50669930815903,255.31837951477524,259.46061989506194,,,,,,,233.23885424486883,237.62634061208453,224.3644566617814,210.82814051862138,208.92213450539975,218.73588430775595,233.22969240226416,239.4062195332412,234.4049421985855,225.15265460743575
149,2004-04-12 16:31:27+00:00,,,,,220.63972957498294,236.00154554360284,231.6292820512698,235.96708909281148,235.6071547153088,236.6190388912566,233.67633116419842,237.68002916114807,233.11492027627975,236.0070548506303,240.03850707932577,238.8343345087357,237.53827759994684,233.1084817496162,231.6508373448377,230.4230323404928,230.91219298419102,225.91176146379433,226.1105042532256,213.31395317953914,204.92763934332856,,,,224.6639813330317,221.19605946608118,202.28030975871218
150,2004-05-14 16:31:27+00:00,206.187296661556,202.24034388570885,207.6910220539848,207.74960157270814,204.51902902359313,208.10977031633485,211.2432230118996,207.28497614517602,206.1374607992518,205.29205049380224,205.71749537043118,210.16139729404466,,,,,,200.8981240019022,209.48592720960556,203.3341559146171,205.0228739356162,204.6997720885224,201.413323278471,186.23468499975326,172.5622894012738,173.99986632113985,186.1596581382157,199.442871119821,217.00246075148894,214.24438928669406,214.16666848522772
151,2004-08-18 16:31:03+00:00,216.93500122445766,209.2191222702442,207.69855946568254,217.37562586936764,222.7737908932509,222.4673974155433,222.53094433376964,215.54992364026998,214.48824446548088,213.36640675538817,216.6658633436163,215.4997540477072,,,,,,,208.9888782412026,206.99005652679043,208.62301022695118,205.6298649676345,206.18180982895808,188.908710677824,180.18664017927932,185.7532574553265,196.26959625683423,210.57577218088474,215.3630565146464,198.8758407336451,216.60672260996034
152,2004-09-03 16:30:59+00:00,217.6236559356608,216.19457903340788,220.90339583642105,225.16458914585462,228.70692523439772,229.39182226020017,228.14144721528675,231.98167564920217,225.0009414114466,224.92243394696305,226.80487958900005,231.1813878824775,229.92513115601977,232.0927116287549,,,,,,204.2734572534678,217.5339506674659,215.61744393804642,217.32165393810556,206.32483198716469,195.565271230205,195.9890523852967,205.71587091035815,218.5045331608259,231.85856040017376,213.90859481344788,196.42880377596538
153,2004-10-21 16:30:59+00:00,211.5454446898499,205.45288763202282,205.99317430829853,211.39870563157572,211.70962211672418,216.3732649588444,217.83802880386298,214.53788669941108,212.55721394026835,215.19748069384173,216.8911442606637,212.90077743058032,215.2282738583118,,,,,,197.40247304785507,205.84166626885633,205.14184770128082,200.6258906568732,198.85774651778692,189.27583200143056,177.22241743354132,178.05267193416182,189.44841087438047,202.1131309282659,221.92967679955672,209.375352015163,197.28740431908363
154,2004-11-22 16:31:17+00:00,,,,,,217.3302043314174,229.81147245786286,228.3650704487188,226.17437302424608,224.69501625359754,225.91109056596704,231.21367908140977,230.2413003280867,228.76184035674228,231.99138869375875,225.7415352914578,222.24067687529703,221.90869005852787,221.29895323629148,214.29741777806004,211.9080081518035,210.6093279267009,212.68925898738937,201.3774274456246,196.44224786432386,194.83419742262873,,,224.60547377188522,209.1143551892759,194.43902599662528
155,2004-12-08 16:31:25+00:00,225.57861584455048,227.42808632796286,228.18283389586935,228.6182628577917,231.07280760406786,236.09641134788404,234.01503912401134,233.88124434604762,235.60689997773943,239.79358450256944,236.15793592827637,241.6897508613738,245.0703650239194,,,,,,218.8526838634795,228.64882235207028,226.96170466086127,221.6507211811344,223.65448632649526,210.10738950183952,203.57875567293866,202.79223665208218,209.32820641200317,220.6531871215783,232.28935696466516,222.07478649271755,206.35687272792677
156,2004-12-24 16:31:33+00:00,,,,,,238.91853451964954,248.86327037861906,243.3901625714405,244.83346574434637,247.12536640498172,247.05455444992447,247.47469630402583,250.4356098164279,253.64344596149294,256.20310287698965,253.65406156379723,248.6665546343207,244.2210947244107,241.13714587744963,237.18599961340047,236.8565146116162,233.33720410592562,233.17361283624328,216.38695221680243,212.08162705603382,208.760263820712,,,,228.77411293040865,219.04430938144483
157,2005-01-25 16:31:39+00:00,232.01185740273658,233.62260123334931,237.83054057809107,245.05978968793772,251.97476487925138,254.65622232140777,259.4704769738038,260.8564964574474,265.58657453683503,264.24434074167834,265.428844239663,267.7736830617431,277.43941948605715,282.6061713932674,274.5043873650744,272.14870807418185,272.5727377941015,265.04558157906325,260.215018718344,,,,,,,222.5919405584944,231.61790567880416,248.82785192009908,251.0666775845819,230.0152105623936,226.51543394853528
158,2005-02-26 16:31:56+00:00,227.6268140335505,234.95008673898047,239.48882878504284,244.56862047000413,248.1600238088192,252.11440790857392,252.91678834664526,249.81416917389873,251.7301971316058,254.19598522283388,258.26385133324163,,,,,,253.76726921622168,261.2664707201559,261.6496162020576,259.19205838110776,256.5132773948813,252.79167953206056,251.68667303946546,244.03961318711424,233.05540485049113,226.364720088175,227.01250746455096,240.49730872339416,236.7127755182619,231.23312623354417,219.50204739567604
159,2005-05-01 16:31:51+00:00,202.35082533695177,,,,,,215.84803356475348,207.49084474569105,205.39436584775638,202.5719031483882,202.6799558293658,207.40519848476302,210.30431232891897,206.79729110247922,212.62800261810776,206.83367093677236,204.0828219395192,206.40362088251635,200.97727411409141,200.62412743339783,200.6914350259222,199.16163173530236,200.6541176155217,183.03588133647082,171.59702555457886,167.71667777218175,,,,195.168707506276,201.91684766147367
160,2005-06-02 16:31:48+00:00,,,,,,205.7898662423002,214.74264058660984,214.467967018524,211.35792531733375,210.0016456497897,210.5025059694753,215.15068263230117,217.17546424658062,222.45704837602165,218.53809113212492,210.94672422563738,213.53808337921004,208.31896425687793,204.71112367208,206.13462194340983,204.42051404346938,200.18266275706532,190.56985703916226,178.78033811966137,172.35674602594753,,,,,201.787665190432,188.96814371320994
161,2005-07-20 16:31:41+00:00,,,,,,,200.19736226180302,202.90691177615543,200.36014447587254,198.4935890841362,203.30473953799037,203.41458192459018,205.79490906630463,204.81800238126925,208.87840743175235,208.10562206179566,202.87435320886954,194.14274256807263,195.73379524600884,190.36785452036057,188.19305828617132,183.92192311984982,184.94782075629678,172.70224419615107,166.59878333025503,164.1502604010219,,,,206.70635231875096,210.4065215861014
162,2005-08-05 16:31:38+00:00,216.9637455490645,216.5973499950076,221.9408684202048,225.9157708794352,229.31035865349054,228.30402913258126,227.48727428305256,228.6996040140107,,,,,,,224.26624758178696,233.85796537627795,232.44439728172804,229.27815731255185,226.52111168137492,223.7907351115254,215.33041562677414,216.48761737970995,214.75993615931088,208.0809008160523,190.75316066690078,186.97895346363816,197.66836719250102,215.02354710937848,219.7058210727005,225.49211041759494,
163,2005-09-06 16:31:24+00:00,215.14826190679784,210.4755357207982,220.4662517332501,222.00103318738093,226.77724613415091,,,,,,,234.46317437574612,234.23886959333714,231.3115118369283,235.921842320398,233.91346202186583,232.24486371147424,227.72681211693518,229.1529057850706,225.61275052141707,226.02951931779688,218.85498651309757,215.6841652665343,204.1127459751533,197.1034504287989,194.7691148435358,203.9085211409273,218.55620209643882,219.10138143605116,,
164,2005-11-25 16:31:49+00:00,,,,,,,,,,,,221.58245842927514,220.01839081364324,219.36591999170568,221.92193439554256,218.05427137136965,213.51208129078813,211.27072379649502,208.54091252708176,202.95826260781757,201.77267261856755,198.16306538277792,199.67993141548374,185.06821090765192,178.09774882401635,,,,,,
165,2005-12-11 16:31:52+00:00,241.55107068064632,243.45770390975193,,,,,,257.65225926316964,251.65111216638118,251.91245607122067,255.12124894286796,252.3274405640785,255.6769226116976,257.2255747690071,260.23415537552614,258.6183126397532,250.86735894967052,248.9275855561619,246.70600212447354,238.78826936642727,238.67487930763383,234.38317471554797,235.993423792301,225.22857503005744,216.81146632741056,216.15793865643727,222.85182450466755,,,,221.40842506939777
166,2005-12-27 16:31:58+00:00,234.64365607077266,240.66456146456215,243.5460707157199,248.17662112952925,249.0924447174337,249.40363483508807,253.4337599033672,254.92828523995573,250.69735813470606,253.04451512910592,255.39564691515795,258.0429543330496,259.2693227833855,258.4707450150663,259.7326609735777,,,,,,,240.41399623887642,233.63379181977348,213.98122058653595,212.1071886932642,216.25400681103127,224.6464788535613,239.78338731885944,245.58797353831275,235.84407486196199,228.60614815407914
167,2006-01-12 16:32:07+00:00,230.14510683716824,231.10310390848238,232.00663839157875,239.02367344859394,239.56835645806774,243.58785113695393,244.70754406818406,242.69199031041632,244.9940239506137,246.05812222561315,244.70223931494002,245.34075622954552,247.13515926427567,248.58789164183543,249.91340802790717,244.40848222499648,243.30580122479734,240.73526624927607,237.90017870549332,234.69703202978496,,,,,,202.87427589667038,215.1501566698047,227.62079346997223,237.49060594439644,230.01908561378292,226.93513371365506
168,2006-01-28 16:32:14+00:00,236.42018996246674,235.32230839644427,241.84003947873822,242.5239674168141,242.58825098016217,244.68559232788527,249.55631917127673,246.83273296144756,250.27515084223347,252.59750261670288,,,,,,251.32302768966076,246.65701322145486,247.97290069297233,239.94658495169492,238.043941750749,233.8194653682149,235.475323355467,236.6234651087616,224.624244152661,215.7483212077227,207.02087593782892,217.5432057343378,235.75703736846776,240.40432282218825,234.19226814732707,
169,2006-03-01 16:32:21+00:00,242.70547231119616,247.54468769613226,251.97463096160305,252.15089253353975,259.35462373503134,264.6098189857378,259.3259393636685,262.56785567323334,264.11760769145144,264.34471453831134,265.2426651315917,267.0134036342133,273.5344057414866,274.30495532823466,273.2564343623047,270.39614862765376,265.3597317455891,,,,,,,240.072567217529,228.7970089131274,223.8761853226779,234.60664663064165,251.4624317855868,245.57446561917766,243.24038597769908,228.59361130371755
170,2006-03-17 16:32:21+00:00,216.63865058516976,218.39258519508047,,,,,,,227.87717363122766,241.0811634666738,234.50712327598677,238.75655412431428,239.62631088441472,242.9290483003848,238.74371594282294,238.039601199964,232.7550674335114,233.1830308239551,228.94299798514322,228.14291233279897,227.97552512619225,231.02230789015124,235.05433940316328,223.70050083521383,216.06547399275092,217.87209710178894,226.24116940132626,,,,217.08742247873494
171,2006-04-02 16:32:19+00:00,,,,,,237.17201540020673,239.55591918243726,241.15932096046762,241.45255097484127,245.44525526233298,242.85492794190714,244.0724887444411,248.24799741561225,252.91282717074773,254.30374814622604,244.07054686512043,241.8207107969285,242.60258478846293,236.29611427594452,236.28616859048765,238.57245930067967,240.22292518226126,240.21966306132018,232.31524092203063,221.76464747021654,,,,239.2441438328607,226.54302041685773,216.62864837505347
172,2006-04-18 16:32:15+00:00,228.30736683255753,225.31836507132272,235.2813528890985,237.36355723078972,243.25979588053409,244.84499140222772,247.80887726486557,250.6557547832973,250.1834533733418,251.73521963537218,253.0543107295088,251.91380890228325,254.4971173951247,257.36020405671775,263.63977962429624,255.98308321683848,,,,,,245.82833122626374,249.45710156304304,238.57161674559848,233.144590758336,231.75877233719876,238.96785724909694,251.092840724449,244.7105321087451,231.74031255710474,213.5608144067452
173,2006-10-27 16:31:56+00:00,,,216.73240900704982,222.4430755076607,224.61314680378496,228.1567126103493,224.47432311758155,227.4006293348432,218.84752163191735,222.46339833361665,229.6848708070177,233.15257631270487,228.2523717802941,229.25919307086932,228.94200900732233,224.93843441027246,220.32063562409883,218.76849914861324,216.03603306505443,212.11073076285834,208.18004145281975,206.64892856782762,206.56433751980813,191.62237930927068,,,,202.13640362496133,233.15409357840804,224.6241226129635,228.98624668490743
174,2006-11-12 16:32:10+00:00,215.25983346966356,206.05170793368686,209.59241793366826,215.52084972425774,218.17400796607984,,,,,,213.76037914408158,220.51814750529724,219.0835608557941,215.96445912408697,217.11109477254172,213.6061267094071,214.19149246600412,213.97641086262024,208.11004552098478,207.82306879215813,201.47501851686508,194.820429125769,190.73891253899237,178.03897749440162,174.33540733457556,174.76452586693557,182.26130912364647,198.07543412578949,,,
175,2006-11-28 16:32:19+00:00,,,,,237.60549872618125,239.62552994841346,240.32887528189616,243.4665229394306,243.9702804605914,246.30062948983092,246.21305034411273,246.9310873714473,247.30440171734855,251.29557091794584,251.30090501104507,247.15162684747366,242.81066220264455,243.85549116295476,235.53725354541828,232.9765164111774,225.14825979532745,225.0534094036976,218.30637696550986,208.1111686664289,197.31884388484082,196.56747392155384,,,235.2221082958571,228.2151273913634,221.1281634777223
176,2006-12-14 16:32:26+00:00,,,,227.22817935052126,231.26489721701265,234.3245213913779,239.75370510513068,235.58557553244074,237.96451403476667,238.90739358666926,239.81594138051884,241.5846242191108,245.89199375091022,242.9301084595245,245.54009403173185,241.97158865188834,234.93533886930538,232.14615549322218,233.28356575582032,231.64633669347648,222.1291260505565,215.9448872067751,215.39767589424486,205.00278913099265,198.42191598026642,,,,217.3449211590555,215.25268762789375,204.71790014492842
177,2007-03-20 16:32:47+00:00,,229.58222518941125,237.62024637863385,234.89572667215072,237.43331312684222,235.63207541755062,235.59174197132342,239.56428656139332,241.50039190467754,244.83330927516738,246.1648924327053,249.9946824365583,250.49175308780642,254.13040478719233,254.31273263877569,248.9990726440716,251.83215314579508,247.99677036473383,245.44663127762624,237.84324994197027,237.79856589778646,235.84950451221746,232.57714911840534,217.00259322836158,,,,222.39239389778467,232.44854934578828,233.3694971296798,227.6243853937722
178,2007-04-05 16:32:47+00:00,,,,230.41540984568996,232.3972660738892,233.766728320852,233.69717470351617,235.84625394488393,229.23743953196197,229.0610260766956,232.19085841219808,237.3179794090359,236.7219770999667,237.5749038586917,236.2747869956493,237.63526468175115,231.22270831848522,228.1542198055227,227.82725973780273,223.0349084380772,219.61593833659464,216.83172611603987,217.81366969934328,202.29764271153493,,,,,235.26559176703728,223.71301405975532,236.4562873100029
179,2007-04-21 16:32:45+00:00,213.91923880819462,212.75704859317995,218.06691123438188,223.6863158947887,231.8085557404509,230.69656108100702,228.87157448985386,226.54447422349142,222.9635954869634,222.77751259243107,226.37312506437937,229.2325975181456,226.04271952744455,228.69288630585714,232.11802560845967,233.91225174847443,223.0571817677793,225.36509520687542,220.65346082732236,217.95941147259714,216.23439730236942,216.02424813856214,,,,,194.38955338181643,211.0449186214604,221.31831543367042,223.51235391754935,233.38006532518244
180,2007-05-07 16:32:40+00:00,234.87448782557843,234.06907091937984,241.47363562481206,243.4035868826233,245.20119511140467,242.22269490909198,243.4069979182909,245.05398970037885,247.66913575351606,248.71959353447147,241.8065232403989,247.04220919105867,247.3364689741698,246.31951638512527,248.00065140182085,247.6347779145953,248.55875117995595,246.80072115629275,245.89672059268582,240.7501927076878,,,,,,207.2073923750984,217.81068773711993,231.78236258972623,235.34622292758465,235.21410144541932,224.04592181832936
181,2007-05-23 16:32:34+00:00,,,,,,,234.8909915282637,235.50069010077559,236.12298077860657,236.5240664892359,237.81214103681592,240.55237560647828,244.15068796257412,246.27414765577913,244.7419411250578,244.965999677291,243.3665688563675,237.0631863058619,230.18716448624022,228.42172082603963,224.05960304097096,223.81227923077572,219.7741284920079,207.2920157807231,198.56345401682037,193.2359307879148,,,229.42650889859408,219.20658426601432,207.07087445151774
182,2007-09-28 16:32:01+00:00,,,,,224.70825232216242,227.3281905897675,226.2415403447742,229.10887574622282,224.14340044654125,228.2380561294927,229.7800890418671,232.76654752287752,233.06505024843,238.602718314882,237.35299891334313,233.19071852024913,229.07516953202844,225.1819256553038,229.23616330141198,226.16379909210434,224.11705382767525,218.51556055272147,223.12214649292014,208.59069748716726,201.66365938035537,,,,223.58228386239503,210.60746771194556,225.89875647594658
183,2007-10-14 16:32:02+00:00,216.86764136557085,215.21209095213692,222.41156998853128,222.00743766134562,228.8759986939118,230.06994196950131,,,,,,,239.1772701181519,238.9548712574111,237.2202536672492,237.49004320004727,235.83710671422023,235.30892802718938,229.5385909666264,228.82799006286731,231.0874526719823,228.0575298560829,222.37452522106935,208.2816468349075,201.60150375401315,199.68835044499082,208.3205995833439,220.05181650382343,218.1007525306727,,
184,2007-10-30 16:32:14+00:00,227.22480077879683,230.0527763758617,228.19800215188917,229.71538239746727,230.7045116441106,235.12712315141175,237.29421103227585,236.51225340868925,234.8256382661507,232.92770227206785,239.22937935942474,242.07281862976842,244.76094407640738,244.30777202429317,240.81822366175152,,,,,229.0990951460201,228.12057312522887,229.71263093893128,231.04099111827406,217.25315390951175,212.68833368282844,205.7143188036937,213.12990709469457,224.23270395767952,231.20615527129425,218.8467633267544,211.65511206713552
185,2008-01-18 16:32:37+00:00,220.52755746306863,226.0845913982091,235.49767852921372,232.3509245513227,234.27055078080542,238.1792216835253,236.99831146771658,236.61970468968855,237.42025956454583,244.89917894925037,236.85666875720682,244.19138289836866,252.90107752663118,252.4090015046758,249.19334114503155,246.81953493291797,248.98242299603598,248.83361613391673,,,,,211.22961470404599,217.97063946136745,213.78750364727773,205.67836903166747,221.4076051319969,235.29932780254836,238.78810867542498,225.94084717523654,207.05445618878574
186,2008-02-03 16:32:35+00:00,219.68261567448707,218.81287044189375,221.97508459048697,219.6713665939335,224.12650391552347,226.57353389724034,228.88273191566464,232.4263766279093,,,,,243.08644439396278,245.57399066027713,245.4275920280241,242.32153918539393,241.05509610246014,239.56344811098586,238.7875605354218,234.12866291458812,232.54002177481445,224.28009010428855,219.8761034137567,205.18111039501093,196.2425684701363,196.77422271763788,208.25173559568714,222.9254935849757,219.02009235654884,,
187,2008-03-06 16:32:25+00:00,210.1925813651343,203.0824339342336,208.1133358764664,203.08460993938314,207.39840682033872,214.67518042996267,220.6265492899278,220.2826786903886,,,,,,,226.7289952487768,226.04579322180467,225.67723295052076,227.55098646293663,223.17828328606362,220.7055833729852,211.5087955908477,209.1462616413786,212.50260733655116,195.0874524191988,180.00847432255654,180.25759570840376,184.49367959183593,202.73817156548571,218.2355439857285,,
188,2008-03-22 16:32:24+00:00,219.30277302498533,222.76715398967912,220.77007931361436,223.98689841322243,227.53475804483676,232.2872887332544,230.30196690658363,233.4345261208925,232.18041254454067,231.75926560138635,229.95630207972988,234.38156628217618,240.62112258482966,,,,,,238.4632661615602,232.83481229597277,230.2006611248394,222.85331473645988,219.93968451777545,206.5048957855567,195.84972804990886,192.02723256649116,199.13637627349988,213.61486361001056,229.99178256763133,232.53545947698862,228.50951969745162
189,2008-04-23 16:32:21+00:00,230.7406915489783,233.81059469767382,239.8558714406218,238.9947600132678,238.557983239313,242.0307754221411,248.12771167078955,246.0078992372809,245.78151195605318,,,,,255.2770204603809,256.5269176846431,252.32394681813378,252.66861311909332,248.6444998003376,247.74452887214733,238.29371699092104,236.1944773227839,230.56571636407108,227.3738481256416,212.6993534199581,201.11687815899444,199.8500143437816,211.52034886179683,225.6326700495493,237.326623159304,239.16859812321724,
190,2008-07-28 16:31:31+00:00,,,,,,,210.91107986843224,220.32531406070476,210.53254900385335,212.84639503392242,217.02276765627437,215.7299157688748,,,,222.38544453584174,216.50123631094115,216.8864236549394,214.50787837601982,212.22943403509487,207.97319577026974,211.1466980824807,211.71886126282234,199.131945839638,192.10895114459305,194.22890958549954,,,221.05502666084382,212.6036794399079,198.6747323150528
191,2008-08-13 16:31:26+00:00,198.5566406473503,194.4348577054345,199.18924899296138,201.3676191570631,198.90841870675675,204.5005229705049,,,,,,,,,,,,,,,196.75884885860853,194.1770836270213,188.3846027058358,176.4439549212902,168.99057272145768,173.41659679004647,189.62453619230408,208.99788769100576,,,210.62171743208918
192,2008-09-30 16:31:01+00:00,213.19283626712684,216.62874486999908,216.86579382252825,219.50528567496292,223.24221272983442,230.59995365992495,226.29435586481998,230.794144247074,226.64973816453943,224.58149388164009,227.8993258690641,230.85009752565327,236.05793461688742,,234.07144755065238,232.3963476418335,229.74447763311406,226.7067355625561,,,,,,200.63208237640876,195.23376622431533,190.60536895018015,203.61959685013912,221.70868453316916,228.9150951658192,214.30269431412262,208.4455305950053
193,2008-12-03 16:31:38+00:00,230.63669284829524,230.733332597173,237.0150623521426,,,,,,238.9968445384623,246.98962509649994,248.70075131807388,254.80919709779147,252.98252108510013,259.4410075395652,262.8476754319303,263.4081468312081,251.64160247188312,249.08092815592818,242.85128601247112,239.7428611359579,240.34134038476572,239.33753733279354,237.71790829230795,223.23723778182992,210.45116844899258,210.1915682801258,219.09477615799983,239.28643996843374,,,229.57155787783296
194,2008-12-19 16:31:47+00:00,225.67527389330792,,,,,,240.040743988504,250.16144604732685,251.36272046105933,251.35860739225194,252.9194123442258,258.17250751571083,257.61524552605596,260.410722035017,266.42382594280946,268.1387976517298,259.164436295806,252.69019567117937,249.4795015960352,246.31003965154807,241.44459625232224,241.875803772093,243.1880252848411,230.97577874252755,218.95812191736755,220.0482228346512,,,,234.51358202566902,220.55740374901808
195,2009-01-04 16:31:54+00:00,225.41388208885695,225.12396959621879,222.1387181216634,228.24697734801842,231.38761899186375,238.79839695616795,238.05012758212442,240.28652906700222,238.92474030548863,244.09696867760493,,,,,,244.92856930324695,252.08637718811676,247.74937795896426,242.89413165485726,238.60893268401452,237.96987455395012,237.14406295391518,238.990173906962,221.26018431337906,209.6979091209359,209.23604427097266,220.0451760021404,241.64596944377342,241.16426266246634,234.29368407804193,
196,2009-01-20 16:31:59+00:00,225.63219325590012,230.1064300269861,233.61811171536993,240.58604488863716,239.07376876937465,244.84356689807728,247.5857781094976,246.92855184786066,244.16248976869136,243.15801583353507,218.36935822559408,,,,,,252.8573849225693,250.79385773865275,254.60491540564234,245.55595262187006,240.2327218086565,237.90945579568432,240.3490305592931,225.85988568877582,215.42398309504657,212.85749960585437,225.46583430593304,245.2818929461789,243.82376276885265,229.67886105552452,221.54498189538663
197,2009-02-05 16:32:04+00:00,,,,,,,255.74262968997246,258.77500350988,252.65473031710476,255.29709635837946,259.05432137316404,254.0939573837393,255.6187249185427,262.87383909344135,266.4280240275196,267.9915928085361,270.79261111139834,263.2508623944241,260.34753200274537,252.76079036942554,248.34082444543844,242.96636411266505,243.9425777525544,227.0644732523816,216.58879571841572,,,,251.71738406364625,230.06698552432687,214.54672005223568
198,2009-04-26 16:32:39+00:00,,232.2741142632206,229.53212939930006,233.9931786850855,232.05891017598267,237.88930030851748,240.07669406561988,242.2620053185426,238.81897797640036,244.0555374392792,242.52881129578822,246.84491335943187,248.95130120797495,249.54045794274094,251.98332168239585,251.16712374500457,246.51686374760425,241.76854107479835,237.56835623646523,235.99834426956906,234.66732541873188,233.68781257012205,,,,,216.5174250787477,237.23164281386659,240.13476739893014,248.67466276488295,246.5022584141863
199,2009-06-13 16:32:41+00:00,214.78156577748294,213.77544574698985,221.15651255981965,221.8619085208244,224.68140201516098,227.0413781835319,225.21628963828874,227.1160779219131,225.73654175470935,225.6802402601723,229.29436757840202,,,,,,222.57915017919115,225.55962427649078,224.44292288527802,226.09324007136655,220.83247407609178,220.84546218637107,216.20220682412554,204.66825576622867,196.55824814359678,193.43571145415035,203.63518412254507,223.5681180430819,220.6680799074528,217.20251845263732,
200,2009-06-29 16:32:39+00:00,,,,,,208.67476914312982,212.06607810312977,203.33503569122558,205.67059177737696,201.59046340261077,210.94956279334903,209.03538972915368,213.32739044359732,208.12831477692274,214.9306629521532,210.53575179611846,210.54619157363248,209.31398890256244,201.98247705295205,202.08251556561925,199.37304213434743,202.0149688599089,199.43145109130126,189.05727594593606,180.01358884682037,,,,213.6850255887054,203.81345528502203,203.11077117985357
201,2009-07-31 16:32:30+00:00,208.3289013236178,,,,,,201.30075931045218,209.60658857257457,206.23270244487338,209.48828559530008,208.2976137882595,211.40986902181865,214.8835633141557,216.3770917714564,215.86921041721098,216.77492572550028,213.50643046884304,212.62602389014654,208.6386327506392,202.19681122514712,204.2133303279545,200.2201799344378,197.57625863579997,185.77231704103968,175.6674136519652,183.26227266651136,,,212.4346157404312,215.22218417414933,207.45076026023887
202,2009-08-16 16:32:26+00:00,209.75855137699776,204.85827531824233,212.01786407556614,214.14374554718623,216.45797720022856,221.4748153031135,223.23447535729042,221.62642358479286,217.31782053228,218.0330144827755,220.28855263464368,218.05631685437567,223.23375867071726,227.51024564620747,231.3866042632463,230.4780437470714,,,,,,,196.21723182495026,201.44622201114908,191.42895148620832,192.48245852119902,210.2780596400478,225.20418801134807,226.2358734690854,224.19312974916733,210.46259527054542
203,2009-09-01 16:32:26+00:00,214.26911126162238,210.23926554422832,217.82306579345806,222.36427833181872,221.16461683394192,223.2768493153076,224.94136249549715,226.1888359652865,,,,,,226.62856243203754,234.221757454208,232.93647339705905,228.5605802397306,221.44967039083613,224.92634510800983,220.57646922638398,221.53936279645617,218.35339121169423,220.13336103858938,208.24530528865597,198.25875602009447,193.70958441531806,209.2474272001323,227.35430164251795,228.83701818043863,215.20108435094764,
204,2009-09-17 16:32:25+00:00,206.75744004401594,206.45625582483456,211.37489072667736,218.24234252797646,216.06894194476595,,,,,,216.86893745296558,224.25728600125353,223.1792291560695,225.5652249117708,226.81782970311235,230.064856648601,223.94769334477778,221.3801089426233,212.4751274825575,212.3216162274708,210.42293039582256,213.02751450068502,214.11173878840202,202.2853292729057,190.23900472012912,191.91967924826554,207.56676344944628,221.35255936567006,,,193.90004335861917
205,2009-10-03 16:32:22+00:00,206.97274178647092,196.73565264192266,198.0844544309452,200.70910807358,207.6062068707286,217.36086166488985,218.64936529041523,219.2781321514387,217.1752219957493,,,,,201.3888538823182,227.83381476077227,223.73479948488597,219.02782958446903,218.39136473107624,212.23660489391165,208.37179072955993,203.979388169637,198.43133508441613,207.32002657801294,193.91054865176017,185.7242603817437,187.1591015261758,198.37294183725083,218.4670057822758,207.69409849553222,199.42388571078516,
206,2009-10-19 16:32:28+00:00,218.8044170391047,221.79897933254418,222.81584257193987,226.0753924157434,230.67521314489107,238.47596831753867,240.63971535718616,240.17883008305898,238.39137197766837,,,,,,230.42301799522386,244.6414252259517,243.0707219465943,243.00315150898237,234.7771750404263,234.0221002623841,235.49396531630458,233.67543363616483,228.37577600697773,217.89784569755693,209.8154087269715,213.18156785051355,220.59467120868777,236.29283527240307,239.12961245969097,226.02397992348773,
207,2009-11-20 16:32:56+00:00,221.9665539483845,226.49485129363472,233.9610229854738,238.82086697612974,,,,,,,238.61776256494576,256.60598058985727,253.8695473609481,256.1548479755333,257.61716034739993,254.593230099368,253.62371422310014,252.24243961664732,247.31660613921414,247.40122295014785,243.0529754716215,245.0487864263019,244.51814552978516,232.41689033724913,224.38248203428188,224.74383634546012,232.4862429886245,249.85425571621454,,,224.2645225907939
208,2009-12-06 16:33:07+00:00,227.9333194815781,227.93777773374086,230.41125632711686,233.9549274548583,237.81818269674363,245.30089721856314,244.59975348638483,,,,,,246.8104310823934,254.30812601507898,255.34545322744972,247.84915702344153,247.35531725800217,243.9053269054811,244.08467967814235,239.5295564159979,241.85187847952028,237.62711985092864,237.8336999900644,226.4338263628633,220.32476954264712,222.40571314719682,234.4883556995896,250.97450408934333,237.41955647889654,,
209,2009-12-14 16:32:52+00:00,228.98401265344592,227.6852211176337,234.78422708535308,231.3648615314546,235.62294171720197,238.39286590831983,246.7414524524816,243.3369444922209,249.68877497115108,252.1018367449367,257.4189407937358,246.56741211996874,250.77317391560442,257.11898337478914,245.86572058155312,243.4874359164161,244.7716563047476,239.53238199396657,241.8980539444668,235.67907624433892,240.56186805125287,239.16765253117993,233.9149574298904,220.4649025411384,219.70998489057797,217.68314645757937,223.2973379103026,240.8008770684974,236.8543319086205,218.9470844039905,209.22058515740417
210,2009-12-22 16:33:23+00:00,227.05709434273666,232.57036121841747,240.3463586444854,240.43768700733227,241.47356922159162,246.26156452379138,244.56489603940815,244.4287352029772,243.06286523808808,247.37282662766768,250.9378649785211,250.99577285942743,251.09779000663278,255.27321989062892,,,,,,,233.73133427538664,244.48817332590798,241.4703646667164,232.33210226604103,222.23176752982909,219.29060146496874,228.03711970285073,244.4918114588753,239.67435815380978,219.25274750428906,210.93787947461993
211,2010-02-08 16:34:06+00:00,,,229.136802732186,231.55274400597193,234.88930020849415,240.20785751788208,242.0830464250086,246.21172884034334,249.61541572187656,253.46943515730618,254.00046731018853,258.64359538334844,254.03934685011356,259.9168308020607,257.55020054911296,253.78860573616376,249.86115905180833,249.60997160600516,252.02204389789236,246.7145843738062,244.35455621291933,244.155367254794,245.82345347394897,,,,227.24516201236787,242.07689291229585,231.08243364715253,210.84239759005942,203.3833827643502
212,2010-03-12 16:34:23+00:00,224.8045180166069,225.26364207358978,228.1140832576179,228.40209399055306,228.92574644605736,235.24793189741538,234.84778315930015,236.8053489208419,234.15424494030313,236.38263659484636,236.36737563353807,238.20710257894189,,,,,245.57291893186527,248.56007513239047,245.97164644718887,,,,,222.95422474430939,210.72456844709663,208.07850623703933,218.75080623574178,234.69309630192578,237.54004951573253,219.79439940423293,201.8647199056484
213,2010-03-28 16:34:27+00:00,213.9987841040885,210.82335156435732,215.2081088590773,218.0891224634004,215.94683770679404,219.79249908950365,224.70692441061186,,,,,228.5053452816834,242.85576819883175,,,,,225.37754417866114,225.359738365589,223.98190407746154,225.63127898350842,218.17793741471024,220.52100461448038,207.40953275757226,198.16535695816265,191.59414531947957,205.71945205017929,217.20126262756918,214.0148106942376,,
214,2010-04-29 16:34:27+00:00,218.45841391211445,220.50796127953436,225.12243621098213,228.42983791206632,228.87917383277022,238.11939269334604,237.03712939090533,239.09577769101324,237.94469382044684,235.35705805001302,,,,,247.62672673555298,246.1444087546208,246.10895409294997,244.87369751224634,237.39103879132114,235.73602508817683,235.2325042609723,232.56667699039255,228.2076996034021,208.8483874839072,200.84537337813885,200.68975614608607,215.1070610996107,232.52627338982768,226.41442721167,218.74705390009646,
215,2010-05-15 16:34:22+00:00,,,,,,223.38187962167382,228.83115443093936,228.6194092362399,228.20152268081148,228.3307272531062,228.48234562196083,232.90267731495038,237.92982031144788,234.55827849173994,239.4201964346778,236.81461891936408,234.35197403918858,228.72894094754508,226.56491835219032,222.86542478890556,224.66405154516653,220.1615361363292,219.88339017774388,195.74724466521684,187.6216594339947,,,,224.7124224029673,224.87874556775637,240.0897141529949
216,2010-10-06 16:34:32+00:00,218.4395447972423,224.31592272990872,222.98820969021241,217.6662183022784,224.13429403637875,232.15095761180868,233.20752487534094,233.44783134603594,226.0078628982259,227.54510746607744,228.74962028665283,234.89612717035527,233.86512513117484,,240.04299469330138,,,,,,210.02368042944377,213.2801404655403,215.13535780904903,205.72022060293085,201.85139407003703,199.21335397176992,217.0401999490902,233.5099287988753,244.07944747774945,239.48955981674655,230.02992492229987
217,2010-10-22 16:34:43+00:00,219.81684884830096,217.05173025337518,221.1695324606939,223.5236858784192,225.55256079146181,225.64181117011498,226.88454976315128,229.8314826845671,225.47195946580123,228.9168314880484,231.73732508833842,235.61555740896873,,,,,,,222.10766209859605,223.1895592576193,220.60264593987932,220.50247559307115,219.40180969968017,210.98791224375015,201.11503989274453,203.35998114978455,217.43302399910692,227.88131398995853,225.4819201407559,216.04160035887463,219.12947191245868
218,2010-11-07 16:34:53+00:00,226.38901947884455,239.6537823247986,238.00478418583285,235.15512104482178,234.98607788846664,243.46043150590504,247.87226016935134,246.86522903507534,242.96265293073765,250.84565506188096,251.50207157216488,249.7528333928903,249.2644695459191,254.17641520622158,256.0031075167755,252.09890652821764,250.877566294675,248.6407049202705,251.0010103805148,246.71333161162576,243.1741673295694,,,,,217.1843629346963,220.72879383036656,231.3597552219153,245.79139862241541,250.52247898851118,231.16212488560683
219,2010-12-09 16:35:14+00:00,238.9178781636292,241.9818612375713,246.97340197738254,245.7581040538586,,,,,,250.15019668040452,258.80489809760724,264.62181589651186,266.28266513075806,268.82446712220496,270.00968599881907,270.49830485636517,263.8206729069186,261.2643667588405,256.1757278746522,249.7609779908356,244.71979940553572,241.635235019674,248.8853317626979,238.19991115611174,232.01445452743874,229.5782496454813,239.943667034871,,,,239.95589689909568
220,2010-12-25 16:35:22+00:00,233.88787388503673,239.25133459983437,244.07192073180136,244.94938008061024,246.72207241301354,248.43368009017934,249.68958702439232,251.1171036520775,250.3593081506766,249.36416695592808,251.69742359111908,254.36198453594875,,,,,,,246.3556065593748,247.03806370210785,241.952538201636,240.00683595777286,239.81930538909563,232.60353621311828,227.81383828846083,224.25099006087055,231.07621895547283,243.62721091783183,236.60613497434156,240.7471870623291,218.1175193608961
221,2011-02-27 16:35:46+00:00,218.62684228156692,,,,,,220.81716459932494,232.3289692840316,233.33637940999472,236.44605258970682,235.43569417704373,234.95597139106272,237.72279479570594,238.09980916160313,246.55503634572884,245.9043070481956,242.37326714012207,244.47111554200677,230.7044374660759,228.85074562342317,228.01266016595355,226.00939060024803,220.00445291255602,209.8396900007616,200.88181543721737,202.02284296563568,,,,226.75204731223533,209.6916972581373
222,2011-03-15 16:35:49+00:00,217.2830561396054,220.93175900246632,221.86983713129212,226.41429630536027,230.78016618526593,228.87673089450385,228.74108597829027,,,,,,232.53066421394055,232.01319773147253,237.78387041912714,237.97680749387155,237.0252674759,232.40983169941484,232.03917713537064,228.74933795255416,226.00603595143514,216.73682343958785,217.661479626948,209.63712187995037,201.68400709810493,197.33618431374546,212.6823458714538,225.72809944788924,225.03151478490045,,
223,2011-03-23 16:32:05+00:00,216.05676245312404,215.71692776521536,228.31173863592403,231.6793758601757,235.360373078216,239.64335481335496,239.74778352017302,242.77748295917684,240.8667735932755,244.32798774124842,247.15706893476192,242.86667265451956,247.64423748717917,252.6559577406518,246.08889487038743,251.4554357219597,245.9696493679188,246.28201449914042,237.58259758238893,241.0669409178584,239.3436450363606,236.91328330618683,237.17709449558976,229.22565942473506,213.6021284369388,212.04435593566558,217.3156770602502,228.7708282140177,227.21071083880503,221.1304958837651,212.80002169486903
224,2011-03-31 16:35:52+00:00,219.38063256255614,216.38471856272758,218.8970458871823,219.37838315611475,225.90672007000938,224.86213979514002,230.68979685029274,231.7545885932641,,,,,,,233.63471131403278,238.81010115845203,236.0319865556565,235.90955904667874,229.28479002654305,226.87655325536815,225.33808718467458,222.55137134146258,220.83176777574732,208.00729554742986,204.14314241907817,207.02503801207237,216.069241060531,227.25844754199727,237.41094717316878,227.99879849968727,
225,2011-05-02 16:35:52+00:00,212.82347285143328,210.50724471225442,218.73171217884527,219.40080607372374,222.0112740488867,224.78511262933117,225.73725314166444,226.73476191521556,222.93276453659857,227.42618449059333,229.59337611344608,231.6446987833808,237.35103282592334,233.88781048449562,235.90529574956767,235.8787721896324,,,,,,208.18008526131672,214.67028938959123,207.25270460983424,197.33648995425546,193.8198407219749,198.89737824629734,218.54356451943164,221.45854495734648,216.98453631623875,221.74463692510616
226,2011-06-03 16:35:52+00:00,214.95678320164757,205.95624534305577,200.70615874297005,215.0372673825162,,,,,,,221.74515780974417,230.5100768664284,220.69974077850912,224.9711194572826,230.09006668867835,223.93678504823993,221.27587928247004,221.93603714263722,214.51758923145508,207.41758528596267,205.43698717993658,210.68342998678227,207.05457722704057,199.15108477725636,183.54571673863384,180.40496656812343,184.76077154807876,204.09551336664134,,,227.11486551305393
227,2011-08-06 16:35:41+00:00,209.8093201118444,201.61544553934638,209.10317801583685,209.56997540930888,209.70563341385594,217.1513419771034,217.16591153574552,,,,,,,221.0949462560577,217.98453374293103,218.96354853490834,218.41832818120042,216.93693077942297,215.3690776062648,206.36549161409994,206.9770451762399,206.5235247316628,203.4994243931114,203.2097217098068,192.33505945891523,183.83937012285367,199.12922030599083,213.01662411675434,220.80259396424404,,
228,2011-10-09 16:35:28+00:00,219.65067120736032,221.46454317205837,224.56309200760327,222.28861487769512,227.85569377044203,226.9399298055962,227.45304500364512,227.66290545563467,225.1488034879996,225.15318930194215,224.94989336929967,228.14930114367863,228.80981451287198,,,,,,,,205.01884173622614,217.51614065343517,216.47190765926902,207.59062328261604,196.85650151690288,192.43770325190002,201.0649898285671,220.2578041981282,233.04193968979502,225.9753030003188,219.05160739804106
229,2011-10-25 16:35:37+00:00,,212.63364075360874,224.00645027703536,226.73667759455495,228.09092325471056,228.35249294720776,229.74450962653668,229.02190346139994,233.66618632401833,230.8656671718487,229.1753329798079,232.854844683399,230.3785422332358,233.63887154864526,233.94760302708218,236.61972200068803,236.1694779309858,224.21304422149478,223.6368000547955,227.86523477286212,223.335532855795,,,,,,191.86169129261947,222.96395690741352,231.07937459831442,225.33208318869765,228.2679379738915
230,2011-11-26 16:35:57+00:00,228.46553365446067,234.18974204237327,238.55050486584457,236.5265700281243,238.88160676424047,240.73802333840163,239.87136824826712,,,,,,239.3254777426254,248.526644859584,253.60740736173216,251.24162939077212,249.93567341772467,244.672428897043,238.94853795742938,236.0821954999633,236.12298462181087,232.16414662940056,229.72758885529157,219.53504554484607,214.14035531817356,214.15758031646257,221.63929985808474,235.61442403014246,245.83175952141366,246.75863604666412,
231,2011-12-12 16:36:02+00:00,230.01579822704218,235.03116617411456,239.1504106881563,243.4733980932985,241.95792558573376,243.25699525662424,244.79366979441238,242.68654914173158,243.7959931962213,249.01027738744398,251.13577873599945,253.76912067952156,250.00560843097588,,,,,,239.58720851420236,236.47371947527245,237.30293220141948,235.2776662428937,237.78739508151023,226.60823167320854,217.14315900104933,217.6484175495533,226.63173646194565,247.48677518765402,245.4743445818449,245.38351664147103,230.10927744776944
232,2011-12-28 16:36:14+00:00,,,245.78263904312726,249.16837590194586,249.49824688024495,250.4719140837807,252.2426522243619,253.9548649740908,250.8866702939085,253.29366134307026,256.58685343140064,261.25812812747415,258.6511291388994,260.04917113240987,259.51035347539965,258.7814331640434,254.72167821280044,252.76585914453986,247.60508075877442,245.39101345698163,240.50674151961414,242.6603575919808,241.26190741628864,,,,,239.96986721492158,239.89662216747985,242.27392081925856,236.64864152925412
233,2012-03-01 16:36:23+00:00,229.61310150981637,236.21077654091835,239.88322876033618,247.18466330921794,248.47521284546548,248.6311395641149,252.38819825274567,251.6492796377438,245.97075930163234,249.92443144427892,248.80068697583047,257.96235587730774,256.8629045114331,258.32550871155377,,,,,,235.2705637204252,243.54247578102104,243.64183762807792,246.31507256920605,233.18904834019963,228.7366947775851,228.22806735402793,232.00834901375669,254.7316447464939,241.36299522413663,240.45267691366573,222.02354424323417
234,2012-03-17 16:36:23+00:00,222.8135801562147,227.38462311491963,237.08498314662296,243.57086354883546,242.79905197653417,241.8994074430619,246.78417615569487,242.89086074678576,241.96867025627,237.66384305329376,237.9433243216711,241.40592781370395,241.01183696416297,246.67062354916908,254.55876748363437,248.33741947608866,249.7035890408387,242.94120360503965,236.39197508023346,236.60430680688722,,,,,,219.57498086965708,224.72263766588333,242.43477912075736,239.05905212060424,224.45878263541044,210.2713495799034
235,2012-04-18 16:36:21+00:00,213.37731351126956,211.73089884268546,211.25872430471193,211.67158461723446,213.4527382984102,219.49657396668582,224.6873990228217,228.030020630386,225.49963388175382,227.73773145679905,228.28597717607542,232.16753302682702,233.02738057765592,230.60337144029444,233.5677906789746,234.68397546803507,232.57060307044566,228.9803675650744,222.93986877784297,,,,,,193.36194277301777,198.46328692094966,209.19948626042225,223.14223382803357,218.30311844478024,215.27466652078448,220.69603675737403
236,2012-05-04 16:36:48+00:00,217.91856826160662,216.41760617303112,215.58263978933377,221.68040769108273,223.55908600164565,227.6660202157915,226.12988326731954,226.28365689684784,217.09330417830398,224.47968597462662,226.04548536494065,227.94709444156175,235.1292531844577,229.7890746005189,235.65214456668275,236.08859630480657,232.7976710873009,226.79455119652422,,,,210.67368885048828,218.08076453334616,209.28652351786258,202.21144818319215,198.29052966689176,206.81960260938507,222.17867748217444,225.42126501376663,227.16859536175753,221.35988934874678
237,2012-07-07 16:36:56+00:00,212.16551615146756,207.57485467382205,214.2745315310268,220.7944383093066,225.6982803138379,230.42846922406142,232.7061252279372,229.19047336700663,218.95468494193886,223.51657757818094,,,,,,,213.96972282292418,227.5765723595789,224.2555468901997,224.1586874326386,219.85973403565524,222.6782433942823,221.3551267802108,212.36225433966695,202.42613418009552,203.3932439149902,212.62884166245783,227.72146112914294,224.90010362785046,222.8130331404939,201.61032293708186
238,2012-09-25 16:37:49+00:00,206.67944027933942,199.17462898419924,203.38627450328272,209.0565368071348,207.75647963932892,214.55997114727575,214.75121866516906,,,,,,211.69755425060814,225.02630387855663,225.85253274942067,220.17458514827982,218.45277311849475,220.44458685587568,218.00652837569484,212.72088758512564,212.08691479643613,210.4809714201387,218.14274664916707,207.53637127419535,200.1345006668345,197.35460463275862,206.847377692548,218.02419895545594,216.62712608799723,,
239,2012-10-27 16:38:06+00:00,215.65667324800404,225.0711617964685,225.2576686829596,226.6322563967755,230.50161800536105,236.3504638586017,238.7589787799996,237.9233857793679,234.46931463290102,236.13907581268455,241.46042810062988,239.7678021874364,246.23705157626915,249.74862245802777,250.03334286071316,247.91341011414102,243.58295181782415,245.49272419065807,245.73412948166379,242.55561835574593,242.18427186780676,,,,,,229.43462493642332,242.44231612747728,235.06905909752544,224.5540635838734,206.7722300860107
240,2012-11-12 16:38:10+00:00,225.51679055845418,230.6267074948639,236.50955169201313,239.03960400011755,236.45764417768567,243.15543309570782,239.71417720814387,,,,,,240.08829676271216,249.40514618138695,260.61037687677356,251.70986875152892,252.48619145249802,251.03821223329703,253.3535510878495,244.78159833344588,243.61807955763,243.57819335804908,248.09777856419157,228.6631315520652,218.19310770453615,223.55755003075825,230.93318207554842,245.63295122500648,238.7692595470044,,
241,2012-11-28 16:38:15+00:00,,240.59235907880134,250.71222423024216,251.3207413222882,249.90440549516615,250.84580161945632,254.7929486121305,256.75022290548907,256.5522360898323,261.1698985358472,266.35613183091095,268.63412183829286,265.0384823212397,268.43971305872026,274.3684730556284,272.6358659174348,271.69235723475714,269.42184177618344,264.87415767391764,267.16229131528166,263.2811485205441,,,,,,241.37364649476578,259.5516074568708,252.98144231017125,233.72343014141893,221.3845471976941
242,2012-12-14 16:38:20+00:00,245.97574464770275,246.19870600145947,250.56567623365962,251.17259753959752,258.00556242740356,254.75436491317376,256.181270751814,258.1212961231457,256.69209844773957,258.05979364616474,267.4456030073569,,,,,,267.3224379012522,271.2776820795038,267.36753867370965,265.31695908922336,262.78794207878974,260.078555256167,257.9708027931374,243.95447634353445,237.67332593569776,241.94237757411057,248.25486387004932,263.95754118043635,253.59506214813734,236.81637464005357,224.45793818340258
243,2012-12-30 16:38:25+00:00,247.0252599129281,252.19883908757544,255.4858687124304,255.5401300077067,254.65726877657238,262.0229606591422,260.89339393651824,262.5418917931812,267.71229399021735,272.526887550521,272.41228246687916,,,,,,,262.9198686857816,275.889005096506,272.16332235763065,266.90960072590514,264.7212816028365,265.9505695218494,250.28347494331388,237.68138208094723,234.8206580173764,245.59226473901768,256.9247560036264,246.67518049574352,239.14998474697876,217.7006763712119
244,2013-01-15 16:38:24+00:00,233.3048947084,236.07439171224325,242.1826554361948,245.7192898199713,243.70957200209364,249.65688411491266,252.6423538423677,256.42177827147543,255.64448662511023,256.42699062253564,262.31250895151516,266.1071135789362,,,,,,,251.98524610692192,259.4451208714704,255.22148623027903,252.23921409044277,250.65119784621214,241.2300234647891,233.3620285035596,233.2344696390383,241.03648550235715,251.34650412244008,238.72574268054464,223.74015658106555,206.56741590775306
245,2013-01-31 16:38:28+00:00,243.64503531947608,240.2431254448852,242.87365890076154,246.64228357496376,,,,,,247.39626208770932,258.1943235454506,265.9739971866141,267.59320635041126,,,,261.9436027261766,258.0810537680399,260.63002539603974,259.7436097722478,256.09580354748505,252.5691000991382,254.59809556325575,242.79106863572957,232.86195142030476,225.31597928745305,231.45554841856932,243.85687217074434,,,210.97922404484876
246,2013-02-16 16:38:27+00:00,243.45971326878197,244.08920597137535,238.84563459839717,253.66854549602843,,,,,,,264.0175536116141,269.80951656607283,277.239130508261,279.40521742689435,274.00981029840125,274.2110918637552,271.12002525846435,269.00279855586564,264.7173320204654,262.9282801613099,251.10611373121128,257.8542005198857,247.10370050526188,237.8916053280131,231.93384563480146,231.40067546547397,239.1932392250974,252.17143967385476,,,
247,2013-04-05 16:38:18+00:00,214.1043101828237,208.19622616153114,211.95467721640085,216.75170209660817,216.69579013361755,220.8610907462956,220.33822354834132,226.88191238870417,217.30175078745987,211.95103059280885,203.07639851418622,207.32801581893494,,,,,,,,198.69551898767872,,,,,,190.09668909041562,200.25826436573197,213.76125564583813,215.17544838460623,217.46729353333518,212.05078962748814
248,2013-04-21 16:38:11+00:00,,206.90826732728456,211.89762707030587,223.99009625172528,227.68580897845806,231.69450463669392,228.43764453508027,235.98687935980897,230.90421370383388,233.0372950033194,232.45501341418534,234.63909096524415,234.23530231730246,232.15032954498764,234.24911584575835,235.25397523265008,230.67768702055952,227.43313080018763,224.4566769547069,223.8643083283602,225.42400347070412,,,,,,211.4245342805742,220.6783170855911,219.8160007195744,219.93385421688404,219.33184381585622
249,2013-05-07 16:38:09+00:00,,,,,,233.45621626965448,233.60602292981275,232.12801609187864,232.96436183357824,229.52790068803353,231.43022259875505,234.69686610634886,237.8437658181798,235.05233454018204,237.8908860560553,232.05334812651654,229.4596243711075,225.04838795995764,225.18955460942993,225.82841542734303,226.02747888333582,224.77963397515072,223.46398020018546,208.8213630973668,208.43231391320748,,,,221.98073241223435,219.91273680899502,219.39065063745483
250,2013-08-03 16:44:16+00:00,210.00781761523504,206.54721963762242,209.3956561863111,215.91929543495647,211.13293893366313,223.4449130569904,219.60995444013082,217.67615864868836,214.8114978399737,218.7820901571725,222.79182430861718,221.08635721433546,224.07837284098866,224.372002729658,231.28558279506657,233.7497808146182,229.5930425841945,225.27017925814363,223.01033970675275,220.88596689975594,214.0507343602014,212.40546079620214,208.98466736517554,204.6659446207891,195.64256118782023,196.97738370449756,210.83214668143472,229.28953556556584,222.60352015298656,224.7150628995151,226.7730147083493
251,2013-08-11 16:37:29+00:00,220.25418869129277,214.9814950233062,224.65376434406397,225.3391261002038,229.66667695312432,231.8384028527014,229.32873984209678,230.0105338176462,230.19898225898044,228.08715889638012,230.4054434254863,234.39014742587614,236.8767892798649,,,,,,,228.6554690138596,220.61596872638657,223.42578560869143,219.90626656347507,212.79937251671473,202.60806647223606,209.84926114273264,217.75017659949717,238.16077986792038,239.55203865157415,238.87501947419534,226.1713625536931
252,2013-08-19 16:44:17+00:00,211.00023483287538,204.08935945447809,213.83475263286783,218.2980857460568,223.2515475533533,219.33617032608748,218.48259692186662,221.89675570922785,217.0793936989632,220.25581746311173,223.5009641147911,225.91042132615618,225.04098484488213,225.66664682918628,229.70214192557233,231.0599880069562,223.41794052948893,223.34740563997107,220.4148842458378,214.34527853811574,213.5642339391157,213.40046669458678,214.3133450898334,203.41796450176327,194.21791632685827,197.75153126408003,209.6121889521405,227.27162390612546,222.89818091262057,213.72247623650185,204.1702869139172
253,2013-10-14 16:38:16+00:00,216.68138731501224,211.134588542855,216.29347695419125,215.40422747658067,217.91192493882062,220.98420902696728,223.21554168202113,223.45804727001584,222.3403397541967,225.56579410059857,225.43060364414583,226.54581464781322,229.66410267912283,226.15073490645705,229.58289017563484,224.29737704282365,220.37441152688695,218.87747342487515,215.0577506408148,216.33835220911487,,,,,,200.05062505170974,217.24121859177663,237.43334176150216,229.02765743978412,213.95632969020383,217.41674533601275
254,2013-11-07 16:44:00+00:00,238.1416886875711,239.67354606236057,243.63496434503696,243.10907903868355,243.44461667666056,247.96422612687894,247.40614938223646,243.39659113722735,244.77586111728064,245.51750843245253,243.88963085266585,249.17410738810867,252.92306834601368,254.32100358297055,255.18181164336295,254.7846485898039,250.47534185250024,250.3221365211637,248.42023563294896,247.59148367328996,244.14230622125865,241.75386737843345,243.60818487800242,233.6546963983593,226.41692071203744,229.52276037734865,242.91508449813625,257.1627911997307,249.65993740812397,241.56527207284847,228.69760740965862
255,2013-11-15 16:38:26+00:00,,,,225.6041079132532,232.24129429966925,236.94777126976766,245.18887023379943,242.5827954028391,238.23621865790872,241.38502092541825,242.92625533489303,244.67475332719084,247.81966045799913,250.94646480968606,250.7998252627482,248.9546230546706,249.83367083811675,246.94135061433414,238.5983392845367,241.11973254596185,235.42980643149065,238.59299721847276,236.50021584016753,,,,,247.42336287231956,248.64791622880057,233.63123765917032,214.76846861834287
256,2013-11-23 16:43:51+00:00,229.92433859020096,234.92091926520044,238.08326347655753,240.5496179224789,242.1541788792992,244.51056204955222,242.8512786043349,243.28203423655717,237.26121735374056,240.98419801959815,238.1763225883769,244.31371815653728,246.62437485340052,242.80289977237635,249.30812158003292,246.44877480571319,247.41020745682994,244.44025747340575,244.6381995124214,238.21540879525634,237.4453600892333,236.5380206778911,242.97958876364828,230.38737343405052,224.09738310915822,223.61495149806927,233.93978008582536,252.84945931589658,245.49147346398536,231.07618176382786,226.27036074328643
257,2013-12-01 16:38:34+00:00,230.50587879216494,237.94805959500252,241.76980887231508,247.5406642694679,249.72816683629875,248.57090315081427,250.83230997878417,248.11721460904118,248.22910486736254,252.01297888909912,248.4535594460322,254.675266692153,257.68046133787965,259.44521294253,264.3401327307798,261.22432046091643,257.0684733335487,248.57556771492966,243.21738627026167,244.76959836555633,,,,,,227.22316247758465,234.0186603303073,255.3404758493455,248.61456987727007,232.76617513307048,225.90182719283774
258,2013-12-17 16:38:34+00:00,236.32294302488123,233.69527695280158,239.93671626289108,243.89910120129343,243.2663042323879,246.5653412051591,250.96490631117837,,,,,,244.41171469632758,257.67269993631817,258.7001118945138,256.9274500868782,252.8381522840619,256.69706011829487,256.5824686837674,252.84441162125734,244.1318376491987,245.49560224457093,246.14560811596544,239.95451618240145,232.0862129653852,227.39930951669018,241.03753768291085,257.5176140376378,249.323366376242,241.00269901329017,
259,2013-12-25 16:43:42+00:00,242.62067323243093,247.65983521206152,249.14337446316821,251.75270669763182,255.22690836299353,254.2420461517978,255.9092088008271,259.4454604830392,257.1674800272164,259.7530759804613,262.71944885950427,266.07015991918104,270.43914506407634,270.133089687976,273.70192093401,266.7918890879872,263.32333878874397,262.1370909745051,261.6531319634654,259.2366767164319,258.807124955273,261.76875581875663,260.0817913984782,246.26069090450227,240.19992296156101,238.08658451893302,249.32137437985708,266.2631320311289,258.2593636961441,240.20051665359992,226.93191881565815
260,2014-01-02 16:38:42+00:00,,,,,239.0282194262656,254.061008349852,256.19575459498986,258.5543683342196,255.8321664481967,258.8715614730728,259.45525824135126,266.69929140571503,266.36157599638295,271.71164961432754,269.0503881882993,271.13144854565905,266.68627134764165,264.4028407131584,261.16245149074035,261.5658391170104,259.36670586029936,258.06137974814175,257.46878563799777,248.75033339006177,239.24465398692143,,,,248.67148880530073,240.60312444081976,232.39076231366934
261,2014-01-10 16:43:30+00:00,237.42117204099037,241.45369188454407,250.2982493251846,254.8891974219885,256.00239660237605,253.77601659001567,258.5552952660136,261.96358026747384,258.9291809973329,262.74935992029646,265.42123504317806,268.1513676014594,265.1937730071763,274.1715211047573,269.9829803893789,269.22969806104015,261.6354056410774,264.8314179375707,261.1141026139451,255.46811833139378,256.8318672664983,252.08210776986328,252.73393911070627,239.98834136125248,235.1034805746474,231.64262574274048,243.8270429404692,260.00190727491344,257.00802513550434,240.74054957433174,233.17401803542785
262,2014-01-18 16:38:54+00:00,,,,,257.37198563931827,257.09377970568545,259.64317545872393,261.68497771105814,266.5139301239269,272.67713504808614,272.2977032239371,276.31489006348835,277.2652182672143,280.3497436535787,281.9767086353122,274.42518099652557,274.9488606360112,267.8679426228561,269.8250126009731,266.0516182899118,266.75902832924316,263.4707226727846,266.41107690099165,247.98614990769192,240.02973164363567,,,265.836859237585,257.1784190722975,238.4764141685074,225.9050922319106
263,2014-01-26 16:43:22+00:00,229.4582417424537,235.66477821225183,239.9968818830065,250.72830214292793,255.55950023857622,254.53681990487328,258.7561095665871,263.6979864938591,263.0015017897098,262.262234278097,265.07759483545624,270.79028880000095,272.7571232215836,277.5859962828397,274.75558315187374,274.5293676288431,271.3529452475211,268.7342361941294,265.1142875372369,263.5131110423561,257.4644341959977,256.96291384949205,258.805894488483,244.92631450333894,235.99310200678468,236.45527150252087,249.33897955360652,270.0972904188003,260.3509320931953,246.43108653823646,236.93321908404752
264,2014-02-03 16:39:09+00:00,232.92598598196687,235.9537493388234,240.05386020607546,246.67522537305558,250.7213118130573,255.00374065876935,257.16452512239636,259.40210184937274,255.40541120472668,254.92934719775184,261.8150658351939,,269.7207464211233,,,,269.47270946771454,262.9677572787156,265.17166248260753,263.42028772114116,,,,244.34136040156307,236.61702873487803,234.8750074531843,249.35521656231688,267.70829270373986,255.4902246769897,252.2638981196294,226.79401902203801
265,2014-02-11 16:43:08+00:00,229.76959902541856,235.0245010323066,241.44837510541726,246.0116657018856,250.76031411670138,251.5318751634153,253.4279498955595,259.214837245153,254.39513551887856,257.75197365888215,262.19491023722,266.2934028153495,264.7845297355412,264.0452132886086,273.0776081066653,272.172110063746,268.50110922553654,263.994203983362,261.4852953373617,260.5267386563913,259.76345202143057,257.8172433026019,250.81929938235731,244.38617616224485,238.55506204005846,235.18027558977144,244.46538553055305,267.68556682392904,258.8345138794939,246.67660367822032,227.98110464905744
266,2014-02-19 16:38:57+00:00,227.61907579737039,231.3762532441309,239.98262771413303,245.27860057642863,251.52399526125058,252.9458733021819,256.92476726662716,261.78565957987723,260.26161560541306,262.37297747331945,266.828594956318,266.4153544116524,270.17886375526666,273.43657157165075,,,,,,,246.64741510017816,259.50844598332594,258.900496056746,244.66169514665893,237.8945711362863,236.48055800223216,244.95770753159394,265.6635318966374,255.7361129504157,247.9284205579952,227.1734004052246
267,2014-02-27 16:42:56+00:00,225.04980751444452,230.39415740372493,236.96864572352607,241.54797867071127,243.70648587526466,244.6241426991633,247.8669979899872,248.22920788965547,249.29799325495412,251.68057122822904,255.6093486069412,258.564524908694,256.63332795988805,257.9306383778289,264.89108648792387,263.31523651809897,258.97621701101787,255.27505348075445,254.6534745255204,251.2014151717355,246.49471514940518,247.06141587703513,248.62701534913367,242.0991531755734,229.95036064537072,229.90702482467546,243.68760304538375,256.55118865355223,242.74306920178293,230.06462522608732,207.7086567929506
268,2014-03-07 16:39:04+00:00,,,,220.94087234599112,232.24904972413538,232.74622240970214,236.11027332666944,235.04380806747727,237.6347645174797,237.5802880884683,245.09473455994564,243.84171894469074,256.22555065895233,257.53325507201896,263.2623691807203,259.13955606340977,256.62620578232827,250.1507591746719,250.09735643460533,241.01148049491053,237.0290778247474,235.75423916718137,235.58681078202585,225.20099034112417,,,,247.41541496024644,243.98745100051602,221.58792057298464,213.32058166605322
269,2014-03-15 16:42:46+00:00,233.814897388855,234.52617294492958,237.47627897103263,237.28910980814862,244.24929965807505,244.42164918136993,247.60218519579746,249.12307058369254,246.11481258958503,248.89364995224514,254.7961958202985,257.74061760663574,257.482337698625,262.4537964803762,266.0052157202693,264.17714724482516,258.836311960786,253.67472767758437,254.75291427735215,251.60229522738695,248.68222768146126,248.98412782517954,252.70494442348001,241.22464353839865,232.8032461472792,226.1857573299404,242.19584160995907,263.51708131326507,248.9667943084766,233.95174325915463,214.48325038931705
270,2014-03-23 16:39:10+00:00,,,,236.80265093532515,247.53387235119004,248.02307290183458,248.91388125710805,251.7172069414054,252.58290773208876,252.94102108209134,253.68180589299564,254.41743791936253,259.5962774996077,262.6819454935871,266.84064833540486,263.2252065084764,260.5489299438585,258.7015458727163,253.8100947612415,252.8069856281075,245.769963604181,246.66111041156756,248.7203037273884,,,,,253.93044815483105,246.2599316831774,229.93954366959963,213.08631387947955
271,2014-03-31 16:42:29+00:00,230.82053631019994,235.12665574430076,238.57717051739507,239.92689910746964,240.0260111058683,240.42137458141306,245.45714939108677,245.69194604246974,247.29555703951263,250.31606050975645,252.38322750131246,257.59866825888895,258.5333468552242,261.4765521201447,263.6352537924945,263.6422984492068,258.96071115602047,259.0311850253289,255.0146199887436,252.63187620309515,249.86318997941203,248.47982703955898,247.79023620421017,235.34684591523097,225.19170346460683,222.9998766805239,235.55622156802104,253.32318486377835,245.7440158364348,225.79537598787158,211.58672293360388
272,2014-04-16 16:42:11+00:00,232.98429479346984,235.01070020084995,240.13332459981535,245.22559752349292,248.131745480913,251.60364390326384,251.31694621047586,252.38526580266674,247.16187235100807,249.73198964609247,250.94045205138494,249.29130265370856,,,,,,254.26609602113942,254.73845343441275,256.05675856089675,250.40663466674107,247.59686162962151,250.7447604310842,240.86858903713483,224.51610689358398,224.8868972031275,239.78173648734298,252.7843407984766,242.75356847369636,218.2760570299824,216.60707800134824
273,2014-04-24 16:39:27+00:00,215.91109802066313,216.91079420004758,220.20159454805525,221.53879718011422,,,,,,225.8151249509546,226.49862352233626,203.37352347207832,,,,,,241.7835542735899,237.31326573405588,232.9992274703863,228.954294904939,228.23098672607892,228.65832575250772,214.8116592132234,205.5998355105054,211.12498743567267,224.89280500999396,238.2555056876435,,,199.3873482055456
274,2014-07-13 16:39:46+00:00,222.39161189959722,225.29722878052098,233.51463830008257,233.7220016870594,,,,,,,228.43161050006714,242.03357355779707,240.81774093701955,251.75628448038606,246.76435643799687,245.69062152269578,244.67008611182197,247.42577673533575,236.199562580385,238.00456805032002,237.71192769842247,241.26861539787228,235.99519056842027,225.06520674851615,211.56945136229265,219.09062693348858,226.99330151483787,243.0256019480237,,,210.1576440082328
275,2014-07-21 16:42:08+00:00,204.411578517613,204.52403535665013,215.54390216547927,215.61861870156997,220.01661716825043,225.40815974571103,221.48462844309216,226.66885655259648,220.5355498727061,224.70360694187076,225.7176430839867,228.75668690657466,231.41338622523364,229.30164298279897,230.14866687157547,227.97508488831556,223.54176570935755,227.64299290480483,222.3868327589532,222.55382196796535,215.27863418313075,212.29118314868268,212.01163398425422,204.62913092255053,196.14505724672398,199.49354361743713,212.36873211753647,225.91904987479094,224.99047143614368,216.46662234929198,182.81985294214977
276,2014-08-06 16:42:17+00:00,206.50000878883583,196.91118506992288,203.6529723283614,208.27892928882522,211.07114507249355,220.66479141110307,222.22727154592425,221.34573518981244,214.60916363757372,220.83131960769066,225.5473100911389,226.91797475448016,232.01477426577856,232.24611963190836,233.06469208660627,229.4989361276433,228.8488924988033,226.3352732480856,225.53376449127254,226.27139766715118,219.84452953382083,218.06619033488005,216.1062999545096,207.473221802095,201.30465072060773,203.5865028122233,220.1959373768849,234.96971954123848,221.94188147498025,209.90650793934458,194.67881344758166
277,2014-08-14 16:39:54+00:00,199.02684847350622,203.2981661508816,207.0013702605878,216.22211829375365,215.16469836102917,225.07475318942693,227.31108162031956,228.88821997503703,224.71963397832235,225.0227563488621,230.13773042738086,234.3932275994875,238.62915844615617,239.0692782285721,238.6978194698826,237.3503481247721,,,,,,212.48045034236137,221.57294060098067,211.40674581685795,211.3385449658811,216.14293280212183,227.1838699222937,240.7673385717787,236.92489669959076,226.89734543720627,218.23872879683324
278,2014-09-15 16:39:55+00:00,198.36354850594492,191.39182182279558,195.27267556095416,201.2934117458728,204.33191161852517,212.89099947687538,216.6582324807102,211.00332684812216,205.68720506976587,209.3123120175688,214.35949377458772,210.97654014813028,220.2760924778937,222.01877576562225,226.08261433921012,,,,,,,207.2197552956041,203.13036037501095,193.48470716912666,194.31462596315887,196.12042325481764,207.60184419386843,220.95395583651262,211.19627900092283,203.94992242090353,187.24497927122457
279,2014-09-23 16:42:21+00:00,214.87051936571112,214.42134404244325,219.6451675625031,220.0450584971915,226.5206970390746,222.4573487395577,226.31177219242568,227.99476862586346,225.25919420581818,228.85800947434103,224.46782980520908,234.95182562483325,234.00495588794922,235.49706043159335,236.82531852353995,241.22320158496964,238.8231525058456,233.97030343340293,232.11952107160457,229.61999515176166,224.42900101098613,225.79239949127992,227.0911149384543,212.21795331653288,208.55068452569134,213.36332698864288,223.79461158530168,234.90640433549225,230.77473133694284,219.07903707445706,211.5470285357764
280,2014-10-25 16:42:28+00:00,219.83999200359824,222.7573468659781,223.46760746917465,223.5347025669414,226.31074823887423,232.71326036237133,231.8348300147261,233.7721301705122,237.15550546087758,240.1789563313404,241.31508321878113,245.65733222777254,245.91581180357161,247.2065594620547,244.49595445145377,243.79482451675756,241.07791744135238,242.8322428984493,238.28112895084502,238.72433176724667,236.73165479874785,238.26686429659733,237.94075312953157,220.80122381191129,212.5431270700555,215.26956035650693,229.0574795097827,240.7858263160362,,,
281,2014-11-02 16:40:27+00:00,216.86878077090864,214.33427425929517,,,,,,,227.52002294443304,230.6524821823653,232.68344477108914,240.65495989880156,242.2526716842229,242.11832788005998,247.74939361489092,248.3419346343507,243.89652206655302,244.63237173886893,236.86806146031105,234.10024782416536,231.50889378861595,237.91875392713234,228.46168513780844,224.46738669356142,213.36857012314363,216.60666343707476,,,,210.01170612236166,201.27707096457056
282,2014-11-10 16:42:30+00:00,235.72209483130695,238.10445833516718,242.60808067092216,248.02621867389763,253.74188152887228,256.0392197855197,258.2456969657777,259.2986960550811,256.63715760546097,256.5959966745718,258.47777655123866,262.6314493701335,262.66408067607745,265.8043822995187,270.5270547798034,268.906665202426,266.105257847237,265.4231759971181,263.2324208567908,259.45089891082296,255.787242032981,253.96767225084977,253.25961311748665,241.75723130389008,237.3951195784674,236.0215803551322,248.69227968449292,262.93738879339355,252.7549216648321,245.30815502243524,225.16346287698525
283,2014-11-26 16:42:27+00:00,239.79472243985458,241.7146683801517,246.57588775573686,251.79655015197744,253.21826969153454,251.53327677154752,256.4140567648533,258.3614515327303,262.3669853706067,262.0453065326379,261.8154188644223,267.69379422048434,268.5209693822245,269.0467191859036,271.05477302796123,270.32624334771856,268.3723287716864,264.36775467548756,260.74374900262313,259.901911883443,256.18361148026344,256.3869647274968,255.4994040069896,244.2603746133433,236.9525807039644,242.1320540738534,254.2811040156526,268.59686044774065,253.5473841355823,241.1086309044963,225.29793108014462
284,2014-12-04 16:40:39+00:00,227.6785493755239,233.48758636593135,240.84895560812805,246.40181765028393,253.2082504087105,255.90999980780092,258.119236475701,262.98406048389523,262.195244270408,,,,,,,270.0200642781134,266.19829685857417,263.33933111025186,262.2527714020351,259.1063670033022,254.62840886108853,252.17728419207725,253.84627737503715,242.3784396427003,233.39967491999397,235.63208813150925,247.13507829960253,264.255543639742,252.42112465731873,226.9269915822734,
285,2014-12-20 16:40:47+00:00,220.8234359444113,229.61030414686445,235.17894083635795,245.29699690155428,249.30319348740045,257.5591346338148,258.89244602704747,261.88827323755237,256.37119206724435,260.0807237848501,263.01357588335037,265.48914759558755,267.48370428320715,271.40684635202945,270.1621880397071,,,,,,261.14323598346857,253.53838213639636,250.7695183976096,240.1826628788376,230.50229793918038,230.4519480110386,246.62625853462987,257.35460454384275,245.37831074801196,227.32948923872146,214.72919178728995
286,2014-12-28 16:42:19+00:00,223.3749430204117,224.91252049074504,232.41182281535418,240.59420187440855,242.84632172318737,247.21786749968072,252.14511618230995,254.0730032278134,250.97752238674843,256.6433093627672,262.6487206300994,265.5579898583576,267.51709614790013,265.0189678284738,269.3155784255513,264.1720912951356,261.15328521905695,259.5538189078958,258.5550613636183,254.27120587742627,249.65868318375337,251.25600917097978,251.82096644912235,241.52946110746765,233.87411894897238,232.22750655600333,247.1919197615753,256.75575382023356,241.26824436382248,232.2419079386932,215.1066188974677
287,2015-01-05 16:40:48+00:00,221.47370699161405,223.32832195240005,235.9463909059669,243.0970948766505,,,,,,263.40126767554716,266.1545659125459,271.46363061861257,272.6354884373105,278.6655703770175,277.7755027340585,275.04936049424646,272.24695258369235,271.55523283010336,266.7366217425581,267.37805325812724,264.67830569329607,265.15529849738425,260.6954785925219,246.87084086071138,239.54437195581846,238.54724201319152,250.38538578112303,,,,222.67743066446653
288,2015-01-13 16:42:18+00:00,219.87843373326274,220.12423702720767,228.37125730179469,232.08719168546855,239.1781749568829,243.60976218715768,251.84156114335735,258.8692928132008,256.71060750776655,256.94174140239204,260.879480355464,265.2425003520918,271.35469042752527,270.2606150994098,270.01448227544006,269.07982864883155,265.18816323257823,259.4548596321555,260.88605321836974,262.78880077829484,256.52074394875495,255.6106200151379,255.2507708940326,247.14497371970435,242.70075424255882,240.47038371558295,250.24445776780243,258.14418204366837,243.9144745981353,224.4142763830473,217.47632480340766
289,2015-01-21 16:40:49+00:00,227.18623156025347,233.24023994824535,240.74885549967303,248.84822993968993,253.40268241259693,259.0809972790388,260.74339503155755,,,,,,,282.0611995546543,280.6935833625742,280.1594381728362,278.0916931962618,274.99501699030554,272.34219170529855,267.12687941554907,268.2206085992681,267.7138985684105,272.2335568966229,258.91593519426925,248.9168573946635,249.18441666695804,254.51241974057194,268.85945759318133,255.06070610555616,,
290,2015-01-29 16:42:13+00:00,226.17525270488662,226.19280937559492,234.12726910864308,242.43315731813192,253.77450404023173,254.29725519161488,258.82502003868416,261.68481529629366,260.5087834064553,258.40508703922285,263.66220328432075,267.9654945812336,272.80927808658913,279.9802122110891,279.20326043709264,275.0916051030516,269.9508888609806,270.26876980451414,265.9087821112888,263.22170331929215,261.91729023553796,256.47205221816444,261.2399956782471,252.1616567901021,245.82862643470597,246.78061306579366,256.139109709007,267.4327689992883,256.62150725569234,234.78867972304988,223.4000827329749
291,2015-02-06 16:40:57+00:00,228.4120546475636,226.3967233954363,233.2419626972288,233.8099983376294,236.52630278561008,241.58066645984306,247.56937564814638,255.88586005077843,264.02313886954056,257.04232297820266,259.60148157974663,265.92005504957774,,,,,,,264.1640722326474,267.3483681206795,268.5763147107615,272.1119834509832,263.6211663404463,252.9659377707212,250.93239691849033,248.51645163642786,253.53901418162508,269.3107454959633,257.4341408829305,240.02481434771425,228.7712757430812
292,2015-02-14 16:42:04+00:00,221.01449486503404,227.2570949869906,230.41144474474393,231.2940488621112,237.5767030462404,245.0285065177169,247.8246702988927,249.063907997786,246.92340354959524,251.284456372894,254.88936094736266,261.00258313053666,268.0201530804678,264.39312458292613,270.18482953928583,269.17326799899536,268.2837441610764,260.68645485321923,256.55267423102924,257.4371578790992,256.84872387652075,259.9375524897283,254.61036271959827,242.214866012522,233.72660550574398,235.3515623008842,243.56106125052938,258.3647872336247,247.97043241103785,234.52290904755156,212.27284236825056
293,2015-02-22 16:41:04+00:00,228.36425126701548,,,,,,,250.33446054193138,249.00446100075212,251.3852601979366,256.11115720902353,259.36496122749315,263.0616188833129,259.17374688415805,267.463255489988,269.0697634509659,266.5737901288578,262.7436770540154,260.6606328503926,259.89729621793475,261.3000305341144,255.43334161448507,256.2306526677835,244.8303430153345,238.43822069320652,239.61859105262062,,,,230.78757955201854,220.47527579884368
294,2015-03-10 16:41:08+00:00,238.34954679349195,240.35012229451627,245.5657750039533,249.1265029881229,247.31191748178196,250.6311271215062,250.49180723893616,255.44402927176674,255.2819636530514,262.1575696331705,262.3270798330606,269.9001074532401,272.76601626860145,278.8690168300959,278.91985132052275,,,,,,266.9292671722885,267.8059128773963,258.65764093836395,247.25765173610552,240.16768608584437,242.18331041837928,249.6349070619295,264.8743585237185,250.0051924393461,230.77544737235985,219.6342244131343
295,2015-03-18 16:41:50+00:00,218.94028568411935,223.81922317355804,232.89113032191847,225.29307777384145,229.9907392011687,232.87061340934434,233.69276581695544,235.00189261613767,232.54230431508176,243.3625141109248,241.61659325903787,243.2855789182628,251.13625122107288,254.00831144636044,262.2440696690139,259.5154124658741,253.69052239703646,254.2525191401133,255.91527446694954,244.2102651659127,241.05245534032065,238.93563849901759,235.5820649535001,226.73287988775277,221.58575301705275,219.85610678807825,229.7102476544651,245.4294394009878,241.0593358887092,221.6875488607748,211.89142734357188
296,2015-03-26 16:41:19+00:00,209.6456326079803,204.26503937964222,200.61394704080928,212.69982363411083,218.11096921883265,,,,,,223.1140386450943,236.90510518072264,235.9848744651082,222.7960646240637,236.86505416923308,238.2441365377614,232.60689271588706,231.51193012728635,228.15504922314693,230.34249920038593,228.4934915256233,230.04536698970486,229.89031718948092,217.31113185314445,208.26859238394485,211.09926489746306,221.5952702484855,234.42408188327934,,,209.1266964412211
297,2015-04-03 16:41:38+00:00,224.15463799960034,224.9353758169812,231.5855939888446,232.6090944964329,236.07707461705235,238.77090029065502,242.19559054609996,242.4104047658986,238.1336266144571,241.0420611863058,247.3251519506476,249.19721235067686,252.29699405750324,257.4964080657259,260.3217112879675,256.60034083211013,256.1270174990169,250.88252123680257,250.94258420013335,245.72532744997926,246.21891605881666,247.1102082754358,245.9478555935782,235.57981719750313,228.47139034514788,224.77203801687818,232.82547710272033,245.96494871662188,237.73981246466647,219.643091577878,219.15653000445914
298,2015-04-11 16:41:27+00:00,216.47283245288085,217.40877116520613,222.35722698405817,224.08082450560875,226.8678229316905,230.9383013736387,233.6888170542719,234.7785696351233,232.44232846464732,231.90586111235734,239.18121286707708,239.92173876301678,245.2880013516957,248.62923399348819,,,,,,,228.90988442258242,238.99108247620106,240.1265198939048,229.77904973867044,221.485905188858,219.6483293251997,229.77644348486203,242.78948075589994,233.5624209815839,222.72522538812356,203.4758119416391
299,2015-04-19 16:41:38+00:00,221.96287073345044,223.10892632029947,230.87756251126592,232.38598840579638,233.74702537570084,233.0055744071508,236.66311918238333,238.77080118398482,239.2025206761477,244.48362273674837,243.9451734033365,243.92463574310267,247.14615092098396,249.2873229188458,247.46151066134382,246.86014053009262,248.43450764706776,252.16978172010909,254.06761617590362,251.99519733089141,247.90373464734859,245.19174407068127,240.0055508734342,226.57822752237,214.446034207681,216.58788912667734,228.0538689787748,240.16016031458582,229.73027582611303,217.81224368911916,215.77235903729078
300,2015-04-27 16:41:33+00:00,,,,,,222.42888849713205,230.38601377688713,230.50443319053053,226.23944652755378,225.4292022764903,229.01242035966348,232.37473317857348,237.2577442990172,237.715230554921,238.6856290927554,239.2980236511855,239.53319776736308,240.05509066128533,237.55819601078875,236.93471445932994,235.1344472612601,233.84911136513523,231.20420251937844,217.40034018033754,204.19274805882668,,,,221.68719370203382,214.38575382138362,193.35590583700863
301,2015-05-05 16:41:24+00:00,214.9366631388212,218.27922609921964,221.84116507838837,226.025008241784,222.53881046470792,232.5297702225227,227.4721082992084,229.10783461902358,221.36545751734297,222.5274136721865,226.9170360271732,232.81047956525927,221.93702720692164,232.10451853606648,239.30096761672763,240.11637243337054,239.8079915160605,232.90114962097928,226.28403479822714,228.81789737285712,228.49301740755894,225.09621746778947,225.72291611760653,212.49964557672294,207.89127199198623,205.34806705069113,216.61479434172568,226.94533351217348,230.06333691727417,223.15596633966874,225.41867065864082
302,2015-05-13 16:41:41+00:00,199.9391502432519,195.789786330775,196.7872136306696,201.0271904750984,198.98717187803368,211.3659054580977,215.26638889652907,212.08388446093238,202.9513243903598,201.14207016385342,,,,,,216.30383618850072,213.19519456231393,214.26156433606064,207.60528562899492,204.3271756667844,204.89556560327372,201.81818880455302,197.51647292635465,185.80318030669252,177.7946137763899,185.99331425858645,197.8082231953946,209.2950175212856,218.35662008774062,206.87299198831016,
303,2015-05-21 16:41:19+00:00,224.72140990560987,226.9086083186604,,240.20422414277493,237.18373297846694,239.8876338334265,241.14898860675493,239.14765770792832,237.99006167154013,238.71813277405147,243.3677697952841,246.14122779127757,247.8012088875413,253.08638968635148,258.2187476514129,257.3936885720978,252.99935934787754,252.0407289897647,249.53333667396595,244.1364044401213,241.7322749046515,240.73702174021406,238.81024067626947,226.492202886454,215.6995889730205,215.17395060851837,224.70626305187608,233.94482219133607,237.63238176579142,233.0528301320228,217.99151943879832
304,2015-06-06 16:41:27+00:00,,230.01605859385512,,243.75759048873834,228.00728291047128,221.17246920457075,232.52773805113264,229.16199896224398,214.16741622351805,216.6347337222379,222.2664144237423,222.8036010213658,225.92501865979318,231.6680600365669,232.11726891743416,234.93537938346412,235.51433522591952,230.0959095943142,224.11154538226614,221.8699556594038,224.17681062053663,219.96741634644502,216.8861024688085,209.64642634397046,199.32294432608532,206.52308703024875,221.1290516552483,235.9294433011974,241.0931550470291,231.95258339933343,219.24337891485303
305,2015-06-22 16:41:35+00:00,208.95399602564257,214.85569800796168,222.73073794723308,226.52010649061089,228.02245024838254,225.9525918252649,229.74754551254966,228.208541899976,227.89474003390023,228.98044867200812,229.92597964910536,228.65345140556664,233.20269974819544,235.79428145924464,239.19900315568347,237.93054650447425,234.7508845494982,234.24679559780122,228.88153391574164,227.0513069890916,225.7764029983388,217.97437179305695,218.0313005404787,207.16043339813305,204.8296711191163,205.79606152473406,212.04099993078864,230.86354889407409,220.53057083949773,208.63135773454883,204.4983995475311
306,2015-06-30 16:41:55+00:00,204.09388787681158,204.7915398240781,207.65420128563042,216.47331172617606,224.84828278669133,223.16626601049052,220.0148141947618,220.2116052830151,217.20635949923718,220.44937214410464,225.2145338641393,220.40973701251608,228.35279780107783,231.35834701414848,,,,,,,211.59704463934145,211.82872686026076,215.39510937152625,207.70322696346767,200.9074773663394,200.25082513389404,211.23468758512666,222.56411325548297,214.50676034952858,202.5005502987352,183.3790666525856
307,2015-07-16 16:42:00+00:00,217.11364556999317,224.82425371455398,231.81881295596605,234.73125531888508,234.17452595598718,237.70627484467232,237.08102476142318,237.44989837439397,237.0491420918775,240.6176685679188,236.03005165200895,233.30380594949148,235.14438840971997,237.75382770845457,236.9530266664595,235.8851261169319,239.20273042320517,224.59979837198054,223.10654330450888,221.76784028543074,215.2690752330802,,,,,199.36001293973993,227.52092994469402,234.92326254521691,233.42158647029174,223.7875033334051,208.57205218725176
308,2015-07-24 16:41:51+00:00,208.87377171302472,204.60221769511514,213.37964371427563,218.25054189471692,226.26741156919343,226.4761825033714,227.88791704374376,229.32903980842758,217.15880391836993,219.0545786593538,224.2555717114265,228.98737541828586,224.66717001072843,234.49560940630607,234.18870707197382,235.60389587763194,231.97291133298177,229.56799661290052,225.2174052056016,220.3708673889518,218.75287986532675,216.12772813098096,214.43633132419248,205.95129649259422,200.20065064191616,201.06519945902855,210.68475660964955,224.4362075047826,219.14446453561766,203.59286706102333,199.8825999448262
309,2015-08-01 16:42:02+00:00,214.02836601229603,211.14225068947215,217.95789982013014,224.064438218724,235.49232312847005,238.68717497058697,,,,,,,241.4043188921163,244.91938798286031,245.3933315611115,242.76521006346613,241.34633394137683,239.82885895676216,238.84503579772624,232.47932717173865,229.64509376641615,232.91984626036617,231.7451746996304,223.30256162330954,211.98673993494324,217.583066976292,223.2016698754744,234.9329267928461,219.87681904615755,,
310,2015-08-09 16:41:55+00:00,210.22986731522673,204.64013545260508,216.77830675698,219.30750077576263,228.89149349347764,222.4646050116391,224.66088932769665,225.18388635249383,218.12128571241664,220.53297636086,226.5712974175824,229.40798500746445,234.83628331963797,235.59525976006364,238.16772704892907,239.30744133970427,237.3480171717443,234.60750635559364,232.1164224687502,230.49824934423174,225.73922541978393,227.5204815962314,224.33114584427705,217.13149403094266,214.44315886714605,215.1537283781729,222.07577934806156,231.3802877415814,234.1131905794042,216.83692527970211,193.07366212933394
311,2015-08-17 16:42:06+00:00,207.2591948881787,198.58831422351955,206.43620358820885,213.5428494262371,220.43477984082926,217.95176825453757,219.99289567784913,225.84703807319434,225.96281286497893,,,,,,,232.50670485357765,241.11685575364697,232.39451041302806,231.42350166446866,224.79047369192125,231.57131707285546,227.07805721196067,229.77098137949463,218.6810843294925,215.17910341481686,215.71759817581142,226.54979932963096,239.04031235720362,231.5172792951003,215.01466894911596,
312,2015-10-12 16:42:16+00:00,218.69665929688466,218.40466101109035,219.42550491493776,223.90652010954625,229.43069547214614,237.986874986427,235.88228349376107,239.50694106563228,233.05264860275952,230.82815091379956,237.6008498709137,240.75200538286595,244.27133883421286,249.154506322725,256.39578081961537,253.6255401003363,249.2118141725778,246.7750842521812,245.2168670816937,242.84183030576685,240.12340506651088,238.75047989155019,239.1011822436084,224.3763006098253,217.7320745745171,221.37993909775585,229.14986102707078,242.93301463629646,228.51779802961647,217.59688831367552,212.9805938584653
313,2015-10-28 16:42:22+00:00,224.98763975012784,227.13747515416384,231.38030857157798,229.80182284895352,233.8619642283805,240.39208576000436,242.5638110883109,237.50570110544666,238.4644640679566,241.57451714721043,243.8089165603766,246.9447697372462,250.28378957219593,254.71591044218087,254.57604051810637,255.00754248514755,253.51738812645698,250.62000194772244,249.3793184733193,247.11761021025595,245.06315263737747,241.1340154061916,241.84238876769973,232.1073098157637,223.23191172659278,220.73891916501694,234.003639976048,246.2641330380432,233.5645629788346,227.2927780607152,226.10618712130525
314,2015-11-05 16:42:47+00:00,209.50196400972004,208.7952366088287,210.86802768807777,216.38086074443447,220.22799009298848,226.3479664977036,229.92075071073987,230.22092274117847,217.89025109673042,220.9473311584326,226.16845081212267,229.5683545151546,237.7381107340766,234.67476495737827,236.66843489917707,233.50382343516196,233.47848136984737,229.86525889957534,228.17255688245456,230.43576092484878,,,,,,207.59291540102316,220.70335189808114,231.74454205283453,229.75806689714204,213.7820588666863,213.82054395162965
315,2015-11-13 16:42:22+00:00,228.89600712388008,231.5869503233003,237.097742462355,237.5244041958264,240.63037163528884,244.0656700759041,248.13968827852827,244.80290463761594,239.64479615475716,241.67454937496518,247.937199640179,250.75853440940375,251.99120807023908,255.1481581075547,261.08979850617015,253.44781388373076,251.82698879012742,248.16618363464548,248.75670099671834,244.47566680761082,241.177917669366,240.94642764335467,238.41096062193574,227.46130141674553,221.32577070827205,222.59039147989145,231.46088026878027,247.7530342248579,240.6830159117875,219.71660735451064,209.15937851695026
316,2015-11-29 16:42:25+00:00,233.57103525386174,236.7104600214414,240.2999082110369,245.3842115431995,251.39190710659088,250.56974255208772,252.37301034776664,254.21794990137977,249.08998952109812,248.5956105818898,254.85760931065167,261.59961950846093,266.0916930738519,267.28281513769537,271.94669941640336,270.16136897301,266.9165196611456,264.02888492686907,258.64988515047014,256.179618113994,247.57003038587283,249.57738369077762,250.75518205620074,238.87433406883585,232.01334084007104,231.3792491190533,242.81039543971167,256.9820497653384,245.68446272541053,231.83264268803822,213.03519345711143
317,2015-12-15 16:42:23+00:00,236.2259179141163,238.40000846318725,243.222071621615,244.91941009564238,252.26801873925277,250.22561556471294,252.21715047649425,258.0940473934041,254.56649574883807,256.1044597311808,258.98950459215916,264.417641536819,264.02632964683664,264.70369039600166,269.9865674828566,270.34047932609917,268.37934455892554,262.7444424991261,259.4807593122894,258.99205354939966,256.32713383665634,256.4364677101405,254.7277074493516,242.19961105384937,233.68178305478418,230.87402976976875,243.64741261735236,253.31259591083432,241.53052377272326,233.0563791838164,211.94016749860725
318,2015-12-23 16:43:33+00:00,226.6512207001003,228.3643543232071,232.24917095421338,242.59302900676224,235.9610858488477,241.89983423645538,247.41418129835392,248.42955736738256,251.27171705358427,254.3331033763693,255.90030712365805,258.04343459988075,,,,,,,255.1843782779096,247.75012979827824,243.9782465260091,242.74057170603572,244.65795868484076,228.65049614264416,229.06111784508158,225.4706769877042,232.96518283254505,247.15102285193112,233.05167788441327,214.47849254713935,200.39513152479498
319,2016-01-08 16:43:48+00:00,222.10070459549465,224.19764137059826,231.95066228652803,233.94037042918404,235.62453055019236,242.51004791665267,248.255318986467,244.64976794807134,242.93386734808809,245.20675992754155,245.2310422055533,244.7013368695898,248.7137819256658,256.1113707190039,,,,,,232.33739620636368,236.63878609950154,240.2626503973297,245.36855889950775,227.6843605360994,220.41593596310537,221.56441602606725,232.57554165078437,245.2576393227788,231.5074110243284,216.51976523806633,202.4688244551872
320,2016-01-16 16:42:21+00:00,228.9544693089582,231.8126950039155,240.01361926398133,242.86561169965796,242.95975059511065,249.3753755874368,250.52019825423827,255.934359442833,254.06296503662335,254.5347574186306,259.56617844665357,263.72840905521,264.7801123333976,263.53219786988166,265.41490448786976,264.7969830021393,262.7693668817286,259.8771062529714,259.3977567791285,257.5499171578597,258.5646170850844,249.9865805886277,251.45648300811266,242.82347034398646,233.39148410218013,231.12534468169162,240.48438963231172,252.56428822201514,239.03084538168167,218.08228452088917,204.1341635960336
321,2016-02-01 16:42:18+00:00,231.79313061306414,235.1360292502113,239.30431698255137,246.38934934962234,246.91641331806846,253.86432404081643,253.49644473019617,253.60143475473478,253.3741964393369,258.64074311778154,261.13082923870627,265.69032910736087,267.5978818363797,273.24029511999294,271.4220499141636,268.93929153636367,268.7519678033407,262.40641780903866,260.4953711778215,259.84084216687154,250.67281513601486,247.37194302433144,247.2029255566975,240.26611197268582,232.20895901148464,234.30686783982455,244.60303129444912,254.80535512797954,240.0154890011641,228.7644233672649,204.6255291111322
322,2016-02-09 16:44:07+00:00,,254.46422101839465,253.0941502032951,258.678458225718,259.14365089802476,262.4144149078336,262.00573848978934,269.62962992958614,271.0059553589868,278.413732090028,282.67935563365756,282.67309259218547,287.8179459093134,286.9464307295699,284.63213757816,285.2841282843662,283.6473295915414,281.02822789760364,275.4142788370074,272.2675904726693,268.71142661854253,,,,,,256.47770002607047,271.6195255755073,255.42173050600786,228.21344876536227,217.82281671245846
323,2016-02-17 16:42:10+00:00,228.86510253838648,228.588030633099,236.36540801000336,240.54202300869002,241.76903669444732,244.676290740933,248.74170095550048,254.47144430891365,254.11961535489908,249.12371416835904,244.11002418263436,,,,,264.5196672929553,261.28025188149365,261.33351407870174,259.928729458986,255.1084091494838,252.76616273009336,251.03436706208993,251.2484889191451,238.0308903602333,231.316588302858,229.25266360839487,235.49282164942323,257.5746974519174,244.4221845932903,214.81514175049927,200.8843296533491
324,2016-02-25 16:44:09+00:00,,,,,,,253.2092776509644,260.5334038452794,260.1707629005635,256.3158299827238,259.46185171405864,,,,,,275.38246824076475,274.0743985263864,276.63222785278793,272.19234908746506,272.53094409633303,268.10448272250846,266.99561694828685,255.35802048454067,248.71759198164625,,,,,226.42149625830825,219.99958708889577
325,2016-03-12 16:44:20+00:00,237.2735571427038,238.34633600846203,240.25738217808805,246.5171562147121,247.26229689272535,251.97590283845557,250.525586000657,256.0226672195256,253.02940768828333,255.81848970309773,259.3119647200439,260.3538863942469,,,,,,,,,,,256.1217987080372,245.45462600288573,237.02948862919135,235.18035018566417,243.39628948178424,252.54742215294561,239.693802323307,232.25844662194902,243.4981401449796
326,2016-03-20 16:42:02+00:00,230.36161853578807,230.89324169536889,234.92042087650952,237.37563214096014,240.47122951771289,242.59089027940223,247.5835181703735,249.7387856653309,244.9231939059323,246.37376122151025,248.80451694540477,248.53107013939922,249.45253995446257,257.51619690820485,261.58215126264326,257.5413592194509,257.26327649518646,259.01632961311924,253.5436407059973,250.53811070606022,253.70629806037334,250.87405686262585,247.30009631748854,231.17571652775396,222.04320369873525,229.5372952631343,233.53811934520573,241.84527256868915,236.48655696803843,222.9280376438723,223.63648876669922
327,2016-03-28 16:44:25+00:00,242.522111446887,242.75859982764615,244.3862133348781,247.89279923207283,246.30610848670221,248.5520865263806,251.40046683123046,255.55279985157372,253.35047475883522,258.80497244417097,260.3292450673554,264.185276223195,267.86042683398523,,,,,,,259.4675397948545,260.87229966132054,255.6780333635334,257.07165314723386,244.17180571936063,234.58431687311892,231.37767984990433,235.602725695396,245.35560519631565,236.17633411549872,236.1049263039031,218.180869843169
328,2016-04-05 16:41:54+00:00,237.12371334604262,239.93069676868,240.91571524863826,244.60618099394247,242.76773787702328,241.97839156229753,244.31493651620184,252.96275153174653,249.475540598981,250.21339718562004,256.27347216538686,260.7731575422687,260.4523155511871,262.17904207682267,266.22258388446824,266.44301780380835,267.0528978635473,260.29638983509193,256.66396649134975,250.60730847757253,243.81267949364087,244.45494885706748,246.5795712136237,239.86767281542683,224.79536990118035,221.0904581584368,227.5935350710953,240.30725492294388,237.64187622818213,232.13325399259998,224.1283713629862
329,2016-04-29 16:44:37+00:00,213.87268789614427,216.64630540494298,222.30092333036936,,,,,,,232.19903457159367,237.94394257328844,237.95087411521573,241.43431566506575,244.3517207261291,246.29204251667878,240.90845562746117,245.50156386458795,241.10718936457243,231.87572649151878,235.24767744453538,239.08903106103787,237.29141928515395,235.04206213300978,228.38033413265367,215.50565180768308,216.95420403499327,225.05801584990823,,,,209.77444420419235
330,2016-05-07 16:41:51+00:00,222.77946142236442,224.47886360901066,234.80967030064477,231.72489452365832,237.74575648830566,238.369114133292,240.20653655618378,239.58724536133883,236.92705450386597,244.7514783748329,244.87343828271216,246.27442167838836,249.64783057862587,253.3843719141994,255.92906008810357,252.64656809236524,253.4059293154703,252.00295560238678,247.7032573532536,246.36705083636454,240.38860902270648,240.01050049825497,243.29717742458394,226.8090323172421,216.2269357364204,222.14433923843075,232.62422158057547,242.78267161861066,237.7048516096225,238.0781766366293,223.40980217465827
331,2016-05-15 16:44:39+00:00,210.69246564427752,208.41031680255708,211.25218404330766,214.00009996513887,216.7601333151921,219.50073430512649,221.64419914328676,228.47324233877066,220.9402207265838,225.39822538110133,229.3709355495364,235.1015986322572,238.25726279320855,237.79235574267133,242.96809539856812,,,,,,,212.13079150831965,218.45869376994133,193.20722458859154,199.6195121327916,198.38435047900833,208.14166971151548,218.77180054463506,214.59147364918618,210.2139881262739,199.21542616776458
332,2016-05-23 16:41:52+00:00,244.77471079867183,242.47555697242052,246.1999426147452,249.3260164378854,247.05604065657622,247.08205722066907,247.06113533915885,244.90360094220728,245.83791075288246,251.00999963386062,255.40288903150855,261.6952177084894,261.6142641038048,265.61739233067277,269.99338443920027,266.0711466643797,260.9243099207682,261.23791513331827,258.3021696792632,249.6817351515353,247.2026906912617,247.5888145982392,248.31610550286308,235.14494709174056,230.31913470545842,221.85143421206544,227.93468410902625,241.78792470447758,238.18877131954355,243.57683425931077,236.71563235974168
333,2016-05-31 16:44:45+00:00,,,,217.95538820280785,223.30239417598574,220.98886965382331,215.35381713536884,229.7953275924608,230.2574463291702,228.39613952177768,230.30354919401725,223.57118662603875,220.05710474915014,,,234.15928304538573,211.79383979806198,230.67710801630946,207.1948363147293,226.32426961822387,228.93065631792115,223.49577993047768,223.5239700951322,212.80467997494208,,,,213.01945189338286,219.22916202392258,217.53168767868277,201.8451557253484
334,2016-06-24 16:42:03+00:00,222.29816808750127,220.66052948914398,208.48852554215227,222.32669960725414,225.70962375382072,237.4485268184091,234.68737517250628,238.09786225213153,217.02245323472062,215.40281988327996,222.29999451070685,227.70724710396541,213.91275677162628,237.41406045847964,242.8472986742997,243.5239637892247,239.4498165248946,231.03723111225594,226.89795882618287,229.35623210081081,225.84298979704906,221.6702724089356,223.3058277541389,209.63758393453935,201.71445941456295,204.4205663137242,215.21527891495052,235.1156277153051,237.2791915962142,237.90488688838806,236.90218358029543
335,2016-07-18 16:44:50+00:00,215.78823817440983,215.68799630060442,220.74045314628205,221.77490875753804,222.9421545027775,219.71000721816506,218.61823437171194,214.7310861369333,212.3297160030924,215.44100943525694,223.9591082757469,,,,,,,208.96448759305477,225.69089038913302,217.0617657488295,218.55403849718863,218.2633061563437,220.36197114933407,206.28206889393476,202.01830179846593,205.60975311024615,220.4760058154021,239.13863061176542,236.6195761972731,232.64933484996166,230.6023760845611
336,2016-07-26 16:42:16+00:00,225.0486508238992,231.98322385204744,237.7743497849232,240.21212576020218,240.6483485746603,240.16028134852806,238.59811507374684,237.90770391788848,237.4694741012136,236.84981240777546,235.99966687082866,239.3359502514679,244.00931178220128,246.0511282084684,248.2296902557751,241.2050697780144,242.98763826755376,236.2721082804738,231.49554111916015,233.37282643685123,229.6261329194638,230.01132183475062,228.5268119423409,217.9644679277111,215.6732009432995,219.83728945948272,232.90204536595297,245.79058228761767,240.0243436500853,239.35394378636062,227.52332090488977
337,2016-08-03 16:44:52+00:00,211.8673353761771,226.52893642835915,234.4600366832317,231.36123023212616,233.8669175218667,235.53276487493736,232.7463535378352,228.83198957409599,228.10964729652616,222.30351562392644,227.23921767794872,232.56360475420564,231.90714689537543,232.4655390185717,240.4050876592573,238.15457162711877,237.5250900220845,231.69354626335567,233.80939379891294,229.55203509007083,229.07040989859917,,,,,216.07230575730358,227.55047739031613,243.34188484306577,233.95418592011168,223.54312402424912,231.1536421813441
338,2016-08-11 16:42:17+00:00,222.59392521903197,227.99889440603715,233.80093842980077,232.28713573145416,234.056969319676,236.74550855069856,232.70076250516775,235.05242480714332,235.63911214560304,233.1423867340211,232.81862400010718,235.019897903499,241.26969289835154,237.76651634370114,239.07695717162574,238.3798531253401,240.00511502084274,232.14904393590857,234.46606738226754,231.18252691193325,229.783264898119,229.28836009859748,233.61076568413927,220.12013774512155,215.95161226634676,222.19331493595112,231.82579697738345,247.13958564093858,242.37746050258687,231.61555059149552,212.36473056115295
339,2016-08-19 16:44:54+00:00,221.88731375087585,225.95748648963806,227.65590908708413,226.22729165670427,229.92671606219542,235.3979317475023,234.58796027553464,235.02001809965958,235.65777467872948,231.2152391978134,229.50207662924467,232.5170742096314,233.53843994984015,,,,,,,225.52325590054437,227.6728533636068,227.2216743369462,227.13166477000556,218.2938869565805,208.01380946536176,213.88053957275807,220.78415067378205,236.52411316450144,228.56420680085517,223.84156395819014,226.2335464018261
340,2016-08-27 16:42:25+00:00,216.0565773802656,220.96783710255124,221.61121158929234,223.76032887254402,226.86062780617706,235.42864576801324,227.5970703872191,231.79104914281868,224.8815495101515,225.3909509608158,228.97461797236852,234.05318511723448,235.54130061566687,234.00014656585182,236.51539579039047,238.14798852494582,233.08319835280497,228.25153849254693,225.83562019018567,227.80174413318656,221.74866379065992,223.57643922802322,224.95395900388908,210.14000938783306,208.49657821644485,216.1742279211116,226.73897798602255,238.56017814775618,239.7588815549139,225.76296518703697,219.32595039925718
341,2016-09-20 16:44:59+00:00,,,,,241.1885799208419,245.34834288453976,247.64764536175505,247.09238350796693,243.12150759832167,244.77386314021254,244.38218138627602,244.05037381572203,251.69425001265753,252.86145301109795,255.78473350386435,249.9221592962678,249.39953768168215,246.8598163278837,240.05721738822757,240.1479119696304,237.21878396546808,238.88299659030622,239.876815211362,228.80870000434487,223.32798473450515,,,,246.5266766103329,241.19586840642646,225.53630135914943
342,2016-09-28 16:42:29+00:00,214.06347607008087,222.54363535243533,222.5082361292742,226.3988564426116,230.28822512985408,231.05967219696248,224.37737642000144,231.98346071539459,233.3925100508389,229.6339872336668,230.78666669119994,236.64371529462946,239.63328021964503,238.26379092087325,242.83917967497263,239.24199423862666,239.2162845912992,236.9882284775881,236.0457987317217,229.45805805140373,225.88352262473626,223.6565180296347,227.02631762965834,218.0246452593801,215.3796013210841,215.67653482931425,220.97095662140117,238.4237770482364,232.83698034132468,227.29055946536621,214.18149051563609
343,2016-10-14 16:42:35+00:00,221.97180391808462,225.98321585875317,226.00549420909527,223.4195474034974,228.32012661002108,238.3843133758241,233.85453899254782,237.0321535674549,228.86953607877768,228.83621319476487,231.98980965215043,234.6331014542599,237.2230593243953,235.5160396346979,237.78505094863243,239.4724116556463,235.25504123940684,232.97036561607138,228.76360611580296,227.05843476805615,227.85745206120387,229.74671505930723,231.52393377290633,217.13932682743146,216.11038332999738,223.1101259802063,230.88905350863092,240.74764112363704,235.845345908629,217.91951752697784,214.24833432818286
344,2016-10-22 16:44:58+00:00,,208.60103439233052,202.09344115398912,,,212.30475529341402,224.11664076546413,231.6965401229643,227.4509891490826,224.13592951709182,226.58491472940688,227.18656431812033,234.8163712044054,233.84239762273603,239.75876623563136,239.79754435963156,237.6951595042653,234.23545729299542,229.72724398815623,229.27683428161413,227.7930728270708,,,,,,222.80797533767253,232.1493997078949,223.6770121719888,209.95108793877193,192.32815716967553
345,2016-10-30 16:42:36+00:00,229.7342122432916,236.22244309933728,244.96741766548433,248.43110917576982,252.85052216403386,249.2100366055738,251.8326852764348,253.05649577279462,248.10858862009616,250.59031530675804,256.58312919313624,264.41646091670975,265.9218351353703,260.43964766953417,263.08805471428826,265.23583018055047,263.4203122170201,259.2949154962832,255.84693877852558,253.56834202298455,252.36358897528714,251.0444160207888,251.18912656252584,241.15583157318383,233.77053507823547,235.01794335069565,246.39763224814757,259.80728124695554,250.45378371075998,236.8733190816539,226.30810093995305
346,2016-11-07 16:44:52+00:00,223.21878313357928,227.56176232806445,242.92888452924154,240.3828282337476,245.22964091466207,245.54020187328985,249.838503630933,252.28519719088163,246.69641708121077,248.47455544078713,250.8886601082779,247.2602511325466,252.55919566990832,254.5296710728567,257.07329015715914,256.3256645789614,253.90468601105044,249.3747967616623,,,,,,230.92396535049616,222.96013726899977,226.02045074309703,233.497184133278,245.27369131707326,235.45377006240545,223.49796912051798,208.12188476905868
347,2016-11-15 16:42:36+00:00,246.30622602094644,251.24820088503157,254.30228399730763,261.2159039055019,264.0354508289446,263.3537658347499,262.2347482530214,266.74300119117123,268.903684384238,264.7389931649186,266.4385688103823,270.42543876360844,272.89777209791725,273.0501895910162,275.3172174170985,273.22349504180784,273.145382599218,268.8658350980871,266.20200085874,265.2747519885705,266.6133433194925,266.4048531563983,266.1088502880265,256.27392787057994,246.75056618369413,250.77682247188608,258.8357670719287,270.3520370605471,256.2316131077088,248.2993786815461,227.979637061599
348,2016-11-23 16:44:47+00:00,232.40381701316443,236.71101374738888,249.25208961802693,252.04018764559203,257.57076953535255,262.45437554154864,258.70849076368836,260.7555680838811,259.9775402534612,259.68769359825376,259.01866029877164,265.4817335514705,266.3279838898594,,,,,,,258.3722979054374,254.68131782272906,251.6266268121869,257.0091325347628,242.47475756269898,242.20167649438042,239.55739171214856,251.83513644736652,265.27195470685336,254.072012754126,239.96708901101002,217.61451300046602
349,2016-12-01 16:42:35+00:00,244.40103423579887,246.54932903589486,249.05626669973168,252.23955031186642,256.04602625651125,256.8822143159395,257.1128752588774,259.16880603731187,260.8919790407444,257.10585571107845,261.7477010592712,265.4954725474596,270.2331781414646,267.8871856609069,271.248188012018,269.71645991534626,262.38619781232865,261.65058914861925,263.1712359833171,262.12046021036645,257.9322090682352,257.93796534988525,260.3762586132509,246.93522447767117,242.34442661837767,244.41299285566902,253.91302766046155,263.5926644070005,250.90033424657565,238.5823723994988,221.51312767511104
350,2016-12-09 16:44:44+00:00,,227.1767126659366,225.10291781977656,226.3514695152582,233.32233005976266,239.10580732932956,238.00510641352682,235.3039668724082,233.9162112954635,237.6523451719434,237.19300622912164,240.3006652818927,245.0080378463647,245.42770214171776,247.84904788485954,241.5564363669909,241.26949232977478,236.12643440480826,236.61711009093037,235.56697471885474,237.59916200113864,238.0798301240707,,,,,,,,,
351,2016-12-17 16:42:31+00:00,246.7571928814733,250.06402722906296,255.95154264968266,255.58879343695827,258.435702695239,261.50211897620795,259.5623021281128,260.2920225085067,262.16047850813743,263.4783731347343,265.38348696771675,268.7057896174351,273.3925561908229,273.6825544645824,274.2543383012338,271.7638108320824,272.1710639491314,268.30493794396324,260.71845558800203,264.0720274951088,264.22849149279733,259.3793227160298,263.10329655663753,251.5932987960652,241.32758194129602,239.64294984497528,249.15383393524417,266.20794434535935,251.0912388601916,243.9272260037149,224.2233076290025
352,2016-12-25 16:44:37+00:00,246.3402691526328,247.51094367806647,245.54286291840447,250.9557763082633,255.43893041007053,255.1057159338062,256.9616487266447,259.539737230147,256.5127719316559,258.9443955402595,259.7720921033887,264.9290551887209,261.95844063788684,,,,,,,241.6030187439227,244.97996643299126,243.94045819010861,245.97139405042833,236.83856030886247,232.61954549652665,230.86982809953108,245.37097618522628,252.16985445708963,240.31122708657168,224.66501832343454,206.3352012226071
353,2017-01-02 16:42:28+00:00,243.9717852062932,246.33723402740756,247.84734688818588,251.23090329263533,252.8920853206487,253.19749610579433,255.35714991591612,257.5245983566242,257.39856865834327,261.1549496384266,261.1660151959733,265.9697496880747,271.8712904092499,269.33658659636615,269.63334118412433,268.6094807366211,269.39175516952935,259.3208859138488,260.3554946665563,259.35336365681223,258.6311714170702,256.42287263545535,258.82040306856493,244.42089540475263,236.0328361827161,241.17094369593877,246.11956587560397,256.4435879557451,241.44952459934828,228.42828615567646,215.29552333399135
354,2017-01-10 16:44:27+00:00,247.84641672611977,247.74583363773723,248.89962642080184,254.63243415072242,256.83177332281434,265.02291892486585,261.3283146006687,262.8606019619442,263.4133473398698,264.8165416533622,266.52259463201,272.64932063366564,275.9788564061379,280.8507941387955,277.58385674474744,274.93756033404657,271.5124688132763,,,,,,,240.45240000985098,241.1634366207549,239.5072749788602,254.13898284550643,262.6459860344532,250.88664511278006,234.8795317798553,222.93773588824277
355,2017-01-18 16:42:24+00:00,251.96134202137534,257.255779678249,264.4697294250569,258.8586646443784,261.8305590765631,267.75661385930084,262.22282699678505,264.9889475006156,267.48009874085795,266.79965369720645,267.1736401068216,271.97156423473723,276.9545216098161,282.17458608597315,283.1927001240434,282.17923452374464,278.6366137528584,272.83268323582814,270.2862711891132,269.3439371955902,269.00852443784083,268.47059009365864,264.8660151808051,255.2246333362035,246.75453047532062,248.32958018520162,255.51178495203249,268.6137810210548,255.43266656391944,240.49849158540707,225.88177188339313
356,2017-01-26 16:44:17+00:00,245.60821361552848,242.50738496180432,245.38745127490532,244.59188385515125,242.50679215295204,244.27322436267607,249.15930144456314,,,,,,247.32762383898614,259.0857278999032,264.1234074825436,263.09619026286543,254.23481628085125,253.06585176996776,250.98474590052533,249.31424401522304,244.75231436915618,243.2490783635501,247.1471267292437,241.23390232019608,233.18282240305936,228.07035029151277,238.29726776469545,253.3120357016993,241.98804620466763,,
357,2017-02-11 16:44:10+00:00,250.2526839278504,257.14343701594254,,,,,,,267.495260523261,264.8133960947512,267.3620944588173,270.95203791349047,275.0200890182613,274.97560739701,277.8228730381844,276.01473884283274,274.2481764933847,268.68400323088474,266.5815620498094,266.40638282235517,267.26424054158224,267.4757383531853,264.4385331991102,252.07780754972637,239.72243505074567,241.88880572148793,253.4118943317971,,,,226.147522136217
358,2017-02-19 16:42:10+00:00,230.89649387740832,232.24894757179408,233.41031828583107,235.99413824411656,234.42516004747114,238.57535228335865,238.11001953587598,239.9671125351386,238.11340615089324,238.56341020459843,241.20253298906403,245.8958996975065,,,,253.76259745467308,248.5827904707053,246.13319275571735,245.17314826206587,242.01448801521644,239.99882871015797,237.80208307807004,241.6507885681875,231.94192376310525,217.41980971119946,220.86744828587143,227.355648763895,236.97780633331803,225.27663788009798,211.24302042349004,220.07052683247394
359,2017-02-27 16:44:20+00:00,236.4952916682339,241.65229204804658,245.2301823585227,248.5406847709381,249.3654910905779,251.09963098440792,250.964494006084,255.1504746381578,251.75180561585572,253.037999498097,255.07101233584135,255.4810239072324,255.61639308903437,260.6349879084359,265.1989004653234,266.06618294550515,265.2420607497082,260.2277966385736,259.53938324605895,257.88477525785413,,,,,,,234.1093359312156,243.83074276304484,234.73747823591887,229.40273511087432,230.94554168383254
360,2017-03-07 16:42:03+00:00,232.09980914895922,238.78218737559808,239.55272669336958,246.45610713139575,251.27221072508266,246.19638591792602,246.51235760006307,245.218505876466,244.34780604486716,248.066343022917,253.19820156492884,253.10751714301242,257.4341782839645,261.10063064715376,264.16879122912064,264.19595742148704,259.0900899931,254.22034209373598,253.54433386922724,248.97111902305738,247.8858905581081,245.07110353510973,246.41311761003573,231.82376208827444,226.7979046166966,224.12625121977135,231.2603012276924,248.04212700258466,241.6028484862822,226.4752898322606,215.55103152276297
361,2017-03-15 16:44:26+00:00,233.3658094664228,242.92435643559628,246.65950988204438,251.39363518925305,256.1237655624951,260.6269166756284,255.59584662796541,264.50940875880724,264.9648500307259,258.09303166344534,257.50984670891717,265.06307760757903,265.0603453513142,265.95646026246345,276.1505817052286,273.91662204799525,275.5955917195144,,,,,,,242.41552921997314,237.1293907360236,237.714790727967,243.73593719440203,259.3235524673809,247.12830529765654,234.42243289445685,224.8088721730579
362,2017-03-23 16:41:53+00:00,222.5226306981529,224.3956851913195,229.2358465602162,231.096284815286,230.6863612289529,237.9710450226989,238.17042809484207,239.37757230536724,235.62207164320233,236.0170822021062,237.02006559180683,241.1230948773354,243.7298211092544,241.29210597490464,242.96118144412353,242.6912121924783,244.0933367475324,244.49804250919544,238.75740492740056,237.74150122045023,235.80538754999037,233.3539478584197,235.85398679982893,224.8893694276631,211.49438954344697,216.12710164035533,223.55756007018175,231.61900441429475,220.72550274862073,217.6606183631843,219.61352475368088
363,2017-03-31 16:44:30+00:00,237.6859260866311,240.4635642106078,242.072989542765,246.26053268328837,247.52037279751718,248.67502124880934,249.87582171481912,253.49223007295993,250.74407590111977,250.79730400112425,,,,,,,259.7455879380857,260.39742603496614,258.8336898891136,254.4333316299957,251.42094490015776,246.07221689208706,247.58374984062283,238.35045368729234,230.29117470919516,230.93434338976357,238.1935897203785,246.39786855991332,243.60048910347,236.93546954049475,236.13072103143494
364,2017-04-08 16:41:46+00:00,222.9310319794629,224.11199207171177,223.39428656459967,226.61825230213836,233.68974596965316,237.95911996988943,239.83242584105375,241.84572659461907,238.03148689798243,240.36766105556075,244.06147328696125,248.33901322130276,254.92849044277193,253.37921938279487,256.5223520936158,249.33985806300896,248.1456635301584,248.13295129776253,243.5140414901359,241.1273447468862,238.41820290308343,235.54004460155738,236.08560254786136,224.18966446272867,218.4010604592314,219.2235339457843,227.53124382967155,242.04175692646498,232.88846839686033,226.96801195405328,211.27960011733046
365,2017-04-16 16:44:37+00:00,232.78456602998054,233.75174824448757,237.31954469423664,238.3049211523869,239.58883178437247,245.67627367299036,248.12800239048664,251.6124129603715,245.78380753089445,246.22516374823462,,,,,,244.4738659389871,250.14829758697005,248.80324348962313,250.33826960263522,244.31732550644676,242.63496992875824,243.06236522735762,245.96880756318592,228.5000382139199,223.0772653618361,224.1906565086333,231.7642498055109,242.0627183004443,236.08107018099315,227.44900816867832,
366,2017-04-24 16:41:36+00:00,228.10386408945683,229.58143319458847,228.58796876570023,225.95277790729662,228.66933191863063,236.2932852701901,234.08384456532906,236.60789688064673,234.4986328307147,237.9199110226388,243.32057793117377,247.1399731054035,250.1822341850425,249.69618989305286,247.04633699474718,247.41884588725304,252.2367190186705,250.55890006706406,246.7501104177778,243.5124575028613,236.94664704827193,237.94065245778,237.22450538490682,227.3044727971202,221.03720167860777,220.31544627364096,228.43603728371505,239.11024062654653,233.91020543632078,213.54499062455417,214.7134391148943
367,2017-05-02 16:44:42+00:00,224.40366898599422,222.18814611785814,227.78214800364145,226.84569053461786,229.04143314128385,231.94375269835547,233.5573558056436,234.4379308237671,231.4633189296433,230.20756401831784,233.36463714290994,231.5797302737825,238.13459502683432,,,,241.5940872590281,236.82031358476178,232.16877317985137,229.62569812662568,,,,,,206.15902066076006,216.73674762539372,229.71281305559444,229.1073850583685,223.49461333365025,219.1003678563495
368,2017-05-26 16:41:49+00:00,220.38030545914702,224.8671566411765,229.30455860279585,233.679078677718,237.15255248958766,239.36575561089916,234.34003667496182,235.49441202836312,237.57509121746207,238.03932380405618,239.88453887717077,246.74206304203318,244.3693489932549,248.58323361020848,247.41473344369425,248.7276511391521,243.81091441103842,240.5565430973852,240.09140934625978,239.32907643458856,234.906461374254,240.6078661610884,236.14063944587502,223.3371083319713,216.00108564296193,212.33709572756027,225.02674345171565,241.2777213212554,238.39013829884334,233.04131902194115,226.36831951232875
369,2017-06-19 16:44:53+00:00,210.28273958748855,203.48556258701063,196.84055300276913,212.48728176144363,223.0514955050814,219.59901015063616,217.94311764959735,221.81852220020167,205.28440324700964,211.83634156549965,222.70890220359087,213.48413593731374,220.00519164180122,,,,,,,,,215.2144868410491,222.3182061046769,214.42908987896615,204.92500529766176,202.07881361471127,213.67296599582,224.5284386583004,223.99662970074337,,204.5914235973071
370,2017-06-27 16:42:01+00:00,227.8118124461197,231.674910019088,238.50241357998834,243.69828569107008,245.93114544354694,242.2424367660923,244.23547555359792,244.98152354773745,246.43103873490062,248.38297429522356,249.2966266300107,252.88620185418873,254.3978473667596,256.02135977410836,259.9574946107415,256.0333324658804,253.2711023169182,251.58465309130378,253.40058176172744,250.5744101255292,244.11360598357118,243.01490833101144,247.11948786247063,235.06120079840292,227.0923608044824,230.1418704196854,239.40312698731307,249.80498675177225,245.0657665106008,241.23604874973185,225.67156433755696
371,2017-07-05 16:44:55+00:00,203.37770434623354,201.11973877891802,214.90500810241878,218.85595964627956,226.865683797562,223.91642578773858,221.08421396090355,226.34985189673148,223.57530026475484,224.35883471554408,236.47863646671254,232.83080206794793,,,,,,232.98097247048278,233.40255753961551,228.8519020775375,222.89036983944547,225.3032234200901,229.5077219278903,208.24849776266262,210.86912356624106,209.04010056566216,221.86994976377545,237.9235442971521,232.1020069047466,223.05386971873799,219.23090418086497
372,2017-07-21 16:44:55+00:00,205.77114245655508,199.2617340037906,203.8252659568036,206.77962379372485,205.9383012460074,216.69897470356685,218.61734741304076,219.4521950511819,217.86229017586132,217.01545133704388,223.07658794939084,230.7645971797746,227.19589063536347,227.3831362622499,224.4948550077825,228.72991186243783,217.65583824336613,217.49457094087865,223.4142643748782,217.9384845346419,,,,,198.51020707554298,192.68925627614448,200.68244797622256,221.21840986976724,219.42151025387352,203.0309245893234,202.92964878539632
373,2017-08-06 16:44:53+00:00,,,,210.8651118255637,222.6763363355359,229.78339631822308,229.06138645457094,226.8909152312655,223.33617960330122,222.37364981372582,231.5117229394785,231.63014505787515,232.59516178146765,226.72462413869104,237.7266717007131,236.27734172102186,235.26299030382066,223.19904718026143,234.02092018294817,222.3336109962955,223.3037590180825,223.7993013367632,228.53865227469453,214.4045453534266,,,,222.8892155690767,232.4343185168637,226.159474568144,212.7931620098476
374,2017-09-07 16:44:52+00:00,,,,,,,243.72445024219888,241.45246154025136,242.43588285512544,246.61323327321315,245.35610605890508,245.59242875035568,248.24831668159376,251.15769398173956,251.73736514762192,248.830739041227,248.9078292840441,248.39915626460385,249.75813135864252,244.63647891516192,241.41731370773,241.63824209414048,241.73050851304015,236.4930259346792,223.73351773863584,227.85250748832743,,,,228.52265125777444,206.28260154256793
375,2017-09-15 16:42:22+00:00,213.79827451015674,207.83886515355826,214.7329746697729,221.84589449508945,226.58202332949526,233.14552794559665,230.92315534156165,231.30605852436614,228.669457807427,227.66715770371763,231.48083281860133,238.49252686212873,244.24862055281403,244.06834731340263,242.51654437016032,243.70285318492432,243.28716288011958,239.436242030053,237.49158115937757,233.82218279437913,235.37863960630193,235.3936146915154,233.29940681462534,224.87606337569093,219.16464327512682,216.84597804476797,223.08268766203085,230.4653041230319,227.3946650513239,215.8649101400636,198.22736901339943
376,2017-09-23 16:44:50+00:00,207.19606733695775,203.40119374198576,211.25982459518218,217.10793529126556,221.21274444193358,229.0430518911562,228.21019785556842,232.84895473214232,233.13651615920668,,,,,,232.39191168731026,238.2217115187197,238.14241841671657,239.49659995231934,234.41569594835264,233.38797912821775,230.82759113354518,230.60393708561398,233.567852176033,216.46387526624136,217.2853498798252,217.42492164453853,223.01724756965132,237.37325557534712,,,
377,2017-10-17 16:42:33+00:00,215.31546059946717,218.04700219294466,220.09943430969685,217.97922793935754,219.33577605549925,227.50968146856232,229.95644347171924,235.13763969049478,234.99347150093422,235.03741223908509,238.863025301416,244.09819359248678,246.69430854788231,249.6480829482532,248.83198690279562,249.4325571787011,245.8047597116324,246.07795749230792,240.1883568458704,236.02797697600516,236.0717023413224,235.23675677654262,237.89109024733517,224.6443258504235,218.14098886043357,220.28168896371255,223.11767636881336,233.37525227980422,227.73131955767386,219.1744073873611,205.26993491035327
378,2017-10-25 16:44:54+00:00,220.5538726643358,223.0445369820612,231.01333973539462,230.7059844593794,236.18594732861146,243.6837718570471,239.9748662584938,240.55753636606994,240.55669044372536,242.31703593274955,249.4301089728253,254.63415873576963,252.20389768546823,255.77304416192314,256.89066289338587,,,,,257.96391782726016,245.4669333636943,242.5642680285203,247.4590684418476,236.3722820056346,223.11412741096478,225.6619850091334,232.1403464919779,244.06412940145248,248.18205702868553,227.30341452215518,227.21940998594488
379,2017-11-02 16:42:33+00:00,220.5017010344906,224.55604744513664,232.0566284985797,232.03068160210705,233.2970805753712,239.2862057241819,245.0653272448596,241.15825674860466,240.0050389784281,239.93333726253488,240.44221851259576,243.40406449458436,247.3609401075933,255.91089378934487,258.34227084575207,250.43493160759377,250.36591461068377,249.64153633603112,248.7078754297972,242.2236785274447,243.35544449320133,245.80309280806347,246.57068827838873,237.02586365707015,228.35575349338148,226.07548330442032,232.038308819919,242.67382651754195,236.48219799773597,225.4734354479251,208.50764020498423
380,2017-11-10 16:44:52+00:00,212.4287131083451,216.26113184233347,217.27804337936465,220.4972240107382,224.35541520460276,233.71030592572464,231.01568201809545,234.67567747073096,229.19443712206626,229.18561027064175,234.65551287745228,238.61852826254125,241.53852804453595,247.96511041947014,250.3396280080436,247.36200517346668,246.62004343127762,234.46649627293334,232.19048358210344,232.19368921997085,232.95953286573337,232.56637889102234,,,,,221.4981191142009,229.62896285004433,222.88790391207442,208.1342644316055,202.08548799066727
381,2017-11-18 16:42:29+00:00,237.11199029109454,240.143544791277,246.46744577800033,247.51536565297815,245.53940601486158,249.81328151677207,254.14580936071073,255.06405103657949,251.24048445883585,252.3969579486252,256.3643216179681,260.9923162112407,264.72512826750494,266.1561514398263,268.92100201966275,269.50141976194016,267.6974001110081,259.89861905466176,257.6636281047819,257.84768983290957,256.46075073586536,253.20449146508506,252.34197346504322,242.96285851551826,234.32081206336187,232.2243096680192,239.26036311491725,252.38947607642154,245.02247051642547,240.65358765680028,225.8925717603472
382,2017-11-26 16:44:47+00:00,228.0346120976492,228.76751480335477,233.78645894271045,,,,,229.05113806449825,235.5461587262177,240.09037925503299,242.3301155553391,246.0994829288589,251.72828315230743,254.47977272753317,261.0612550245264,254.4398696937677,253.3946996174708,252.54416589857055,246.58556910655523,243.88180642696983,242.1193964535443,244.99168935133264,248.14777559983287,235.88262078444933,232.0090656262612,228.97045277546732,231.52088018777454,,,218.47723594378712,206.65976900417942
383,2017-12-04 16:42:24+00:00,238.3594013362261,238.59665153373305,246.83501233027073,249.16838483379877,243.27840188825508,252.64170930065777,253.44930724753067,253.6441694618977,248.31610717687298,256.1323072030824,259.4986205723459,264.0141741928257,264.09888244455885,268.16084195330654,271.36730591501714,269.52888174130635,267.5659847023676,259.7830207240733,258.29462124414033,256.3518773260541,253.53029589810762,249.83589197329962,256.7126783540862,245.7970058219341,243.46965144090944,239.380100556042,247.69561405687418,256.38394625750755,249.89004492676798,233.0671327439418,224.8374868976108
384,2017-12-12 16:44:39+00:00,,234.5177622233346,238.6855805045888,247.10006115210183,241.81224854315553,251.18085762507417,252.4404656535878,255.7006004310231,254.1188529441213,257.241389289254,260.95040864090936,269.47344722427016,268.76007389886945,273.03100691961833,269.954063019525,272.08296606656484,262.11099690851154,257.4941236762907,259.87698829408646,254.72670274946262,252.03290540345785,254.43593887335336,249.97004230773354,,,,242.16932537363854,252.9611299642128,242.0878579111701,226.453629074302,201.38922157852343
385,2017-12-20 16:42:27+00:00,234.54617388504994,242.60862003913743,248.42598853077976,252.17067818391388,255.3074327476425,260.6171140337011,262.7632738979816,268.96712772213266,268.61542847662633,266.63672533973556,268.54157944715416,272.83256317340624,275.1937220122495,275.90528838173213,285.6461431328863,280.7123178689156,276.9083543000393,274.16372284844766,269.0220899450096,265.31614466975066,266.05271397218803,265.85736055813203,268.96763835074,256.42077312878445,244.34821944560719,241.06735100916734,252.62297953075546,264.8399156455643,252.48965669959884,237.92957258767373,221.0020904991609
386,2017-12-28 16:44:28+00:00,224.89032996224694,230.98139014684136,233.9726129488191,,,,,,248.29964332147233,254.41845872713856,260.03755852319074,259.7655147694221,255.11217823876342,257.93163719233274,267.19125999657473,258.6433968183654,270.12009294308996,262.6294663747602,263.4065403071984,257.47287247593096,256.8505811385545,252.47718983583755,253.60977987124036,242.8091202124641,232.2152291404842,233.71378309196905,240.5373473093544,,,220.92295965794517,208.61876875374287
387,2018-01-05 16:42:23+00:00,240.72776124473916,247.6371272349584,259.32741534963606,265.8780973257319,268.16124261237167,267.4403555556819,268.8113973810018,273.67282046722266,269.77153227426544,271.8860140048992,276.03264029722203,275.8684762805332,278.8595953146097,283.2688513821487,291.2763489004807,284.76693017240416,280.10063353240787,284.21912180256925,278.73269911950285,272.49937221235564,271.5836842914821,277.31982897072555,276.69903874748456,262.8016352733471,253.4547375095253,250.9088213560133,258.63999270146064,270.18673196207317,256.4852701236654,235.34506079257,232.36512898417692
388,2018-01-13 16:44:15+00:00,,,248.55213575698053,257.74252054003944,257.7523685054567,257.87629158516245,259.0659099377842,258.1471566170702,262.26350965100835,263.3683812209909,267.2716081266319,273.5332875413311,276.15440684808135,280.04608611478545,281.06504933942807,277.6794576262845,275.15730401368774,271.6895835330086,266.45029647615183,270.34082869940073,269.4873757262562,271.2755629154936,,,,,245.9298622687591,257.5282975053411,249.98260333268814,218.91112587800802,209.4857605096523
389,2018-01-21 16:42:15+00:00,244.37114177748853,252.042886384854,261.9573473082314,258.6354490469728,264.4618716658634,272.6321085613537,271.54123744512174,274.58375611564804,274.83863379858144,280.9267533656324,282.5209796859517,287.1275684545544,290.6931587573198,294.3249373274363,295.41355070257015,291.29119158891064,285.17726890317056,287.3891582054406,286.53888732869984,282.75537930735106,278.2967572138129,276.3254949954237,280.00816178345417,265.58316324247903,255.13122424517945,254.65118055329668,262.71472644880413,275.54261094501663,259.20897115796737,237.99783778092583,229.25105393493098
390,2018-02-06 16:42:07+00:00,228.3309929408019,235.36285558728193,242.1218365052309,247.64469722042625,254.48219214826193,254.20847093421833,254.84168971409645,261.1255036174562,254.0030389369332,256.0275580812465,257.09193838713145,266.14168986068967,,,,,,,276.07220237307195,268.3241878404286,266.21769767082895,269.11304478725145,266.60537767221865,255.57536393585178,246.26662833251862,242.0670348971983,251.83597427499285,265.5774739017121,247.08592374185042,234.77027323771608,208.63801775556183
391,2018-02-14 16:43:47+00:00,230.6000043089535,230.96660658870218,238.06405049528894,244.39860156136058,248.78188636159004,251.6756831933468,252.1525292119485,258.133728684179,255.0528542306954,252.4440617955687,258.0448241947545,,254.7848782018189,,,,,276.4422247762784,269.6891757463625,265.3436458184706,,,,,,249.06646950003335,253.9479350891378,267.10764611158504,253.64216620339883,224.19173256511988,214.683578700863
392,2018-02-22 16:42:01+00:00,234.11397996969868,233.97003940020966,237.9605151887443,242.1393446635063,248.6962237974544,255.29262178661935,255.33242731321752,259.46632212871464,259.6935613138314,257.3403775404324,260.1011053733471,265.4898165919134,271.6389867607514,,,,276.8825195565945,275.27182246708986,275.01672003482963,267.6182677609171,269.23601975483683,271.8625230845391,272.13978503240253,260.3592304368085,252.67107429964602,254.34156560590964,255.07223725007879,265.34943881843674,248.57032873459153,234.0423138775417,209.41895519346537
393,2018-03-02 16:43:37+00:00,222.57113328549713,224.1690405859536,233.3342867249624,,,,,,247.16755954693602,251.33337624397242,254.16420067510956,257.4657891033115,266.8239697145193,,,,,271.5223517315431,265.84147525002027,264.3592022573821,265.0551467058259,263.6156335501531,265.92351734519303,258.6475237585063,247.0581525886485,244.19394430291118,248.3477924662597,,,,201.56983890508013
394,2018-03-10 16:41:52+00:00,225.1957958301956,234.16811501014178,239.2212324333165,243.4899436220648,248.97728742689117,249.0231393178089,250.79896468858652,253.1238113572629,247.90278806052925,249.33440766029514,255.71479114991803,261.26365730458735,262.85380497883864,263.4739501007417,269.15036869532963,270.21973896791565,271.4550276425108,267.7408348919042,267.73601469136383,267.83525934748957,264.84450715218765,268.17473525231355,268.7167058872709,253.336501077224,244.18136945306006,241.18570587660804,241.5182691325382,251.20339585458552,237.27990196351334,224.93234714464177,200.36828044174496
395,2018-03-18 16:43:25+00:00,226.18708251851075,231.7109389469399,236.01123919153574,241.7957027386193,240.9365320715342,243.57662431422673,247.42006468546117,254.24105089485647,250.99488128639467,250.84091259818555,250.92977135086608,259.2158456894092,260.14580319283607,265.8940665910686,273.10431731537767,,,,,,,257.73556296054375,262.92058172544625,243.57399157264138,233.35371162465216,233.72808423406235,242.98681197550718,248.6377784621335,231.22635840346967,218.27809074267907,204.5084478417914
396,2018-03-26 16:41:45+00:00,214.78243618702993,213.23339730505802,229.78097161953124,235.19555555512682,240.31578603660563,245.65778582212394,244.2180209396211,247.57698210322158,245.23985449686998,245.18517842435762,245.49042294748335,248.29410640578124,244.78511808100862,,,,,,254.85157948121997,258.68956499483227,255.90856055769373,257.3496775862142,257.0258453009803,244.19575692261506,237.08075829817662,233.1869906757047,241.8169001431654,250.9385993704962,232.46744238376493,214.39597744960125,197.04945688672092
397,2018-04-03 16:43:11+00:00,217.51274878038157,221.08333443930525,225.07521461329384,230.72428457986283,,,,,,,252.1682462183974,254.12776353400434,251.27300482592952,,,,,260.94004554166406,258.2055240051914,260.4732675452787,256.69388511102477,258.4966796359208,258.17229322796777,246.72383755455218,239.7361835089419,238.06432479506412,245.42813215050074,253.17786800776804,,,196.66206276424742
398,2018-04-11 16:41:37+00:00,213.48022424822676,212.91795544561987,216.27653713806347,220.4017775660503,226.3189536473395,238.11618396449563,235.74090588897917,237.14591568863761,233.44502600813917,238.765101364058,238.65304723590148,239.3792909933759,242.3587471406972,250.39142610183526,248.51862546926213,251.66992241335677,252.1177903710236,250.70254016492527,251.4787692262659,251.59881922660045,250.5261869460403,249.71076322250946,249.4284873851746,240.29351943677847,230.80558119827623,227.41970439787275,233.4257368138761,240.33713967555943,228.3973826649285,208.37983431235565,
399,2018-04-19 16:42:55+00:00,216.28273687721523,217.4062155684699,222.84684452567515,226.46735753955795,235.3505734939145,240.6468868880974,242.3955446791083,242.06085770947726,238.21008539966067,241.58917985407606,249.15041469880515,243.3673808370137,250.82616530191478,,,,,,,,246.45848197054994,256.7481270056111,253.9012027091911,247.6104030798412,239.63040142743165,234.31836995446557,243.84856415506312,254.14221436173625,237.91151666287558,215.40887222920105,200.52118570479206
400,2018-04-27 16:41:27+00:00,216.05895938950962,208.52144540089773,206.1154713389318,213.18133251764112,218.76159269879753,232.02286699688642,228.93337955007314,230.9732539054479,220.58273082641975,223.81941480899235,233.30028610003438,212.11305006240565,236.42689948075866,,,242.09865838278307,237.51823983709568,228.55161681395475,229.6044307481387,236.14115854046958,236.4023842220481,235.08753936658263,237.47699415030752,229.74769051247787,222.0341445134255,219.43240689232982,227.2499501197039,233.15766384307688,223.1211202318036,209.92189706552256,200.46388999002255
401,2018-05-05 16:42:38+00:00,213.55016597753027,211.79571563431134,,,,,,224.0380881904606,225.4326299348203,230.20389258424234,239.18294684422017,238.90654437366328,242.41244274677015,247.9808625531041,249.16936426696452,249.80203177820067,249.0203375874361,248.30061390971335,245.09537719012252,241.6119970438365,239.32523651728178,241.4703648173938,240.2507214741612,232.96954946877878,227.405488959438,224.68754059526177,,,,216.97527066267912,207.7881525912967
402,2018-05-13 16:41:17+00:00,,,204.28548236242958,209.54411680174636,223.1654049315187,228.98623453114325,227.0430906605953,231.886202686306,222.38750658747617,224.9167525086873,233.18889320755324,234.34309221968772,240.86252963407185,242.74547714144987,238.22778827203132,245.79412961094067,242.79730509477704,238.4222586989677,234.53583926180394,237.66622613515813,234.50256937613392,236.95977140946925,237.06354510423955,227.03198073479268,217.34033061629552,221.9199079976891,228.34721798606824,240.77212852180298,235.65012997039193,222.50912455332644,
403,2018-05-21 16:42:23+00:00,216.22746964745,210.0872689501339,211.5928553830315,216.6534729414569,216.89839340292355,228.38848070906022,225.04369500151245,226.69923302374988,,,,,,,,,,,,,,,235.58109669674755,219.59981018905276,215.5047928981578,219.25636070814016,226.88573331771585,237.22406722202533,224.9509870468715,216.40918945623852,
404,2018-05-29 16:41:05+00:00,223.4147672054752,225.7262772066145,218.81171447733635,224.10706257006382,224.03305201435887,229.40431836143148,232.42706442826966,227.8602041314494,225.6584417330215,230.03453054436443,239.8102318856692,238.00720895598528,241.7550584516549,247.54337107400164,247.4776224363374,248.97589097731884,243.6216507687268,247.1699882207053,238.16603814144338,235.84948778461745,237.80281238202463,235.29685792884248,236.71167884492502,228.04060050296152,218.20856196752817,214.6932513220077,218.74528208507456,233.3913031871057,238.56445407056896,239.8707561870981,225.3757074019789
405,2018-07-08 16:41:30+00:00,204.21023063368423,206.81602660410178,212.40273870789684,217.61435728069063,219.31469833583012,232.3909370246373,225.56851379302265,229.6873996755075,214.69739145469856,221.25517218218107,229.30889187912567,229.37763782776807,235.24095040876136,233.39973052224772,236.55974703993775,232.6803103563466,228.45566797134057,225.76417559503693,230.226947872302,228.85271374168678,,,,,,211.119900299357,221.67635987950996,234.4189247357254,226.0510615840475,217.73030497651328,225.34298120412998
406,2018-07-16 16:41:26+00:00,223.10467231880563,231.2107845941698,237.5125658901262,241.19336759379092,247.2483536984996,245.80303816529278,247.61043168890342,246.5283934563354,243.72953646898117,243.6893905548622,242.0285273694206,246.46928752839858,251.52731184149548,252.65485528023916,252.89593671027527,250.03851636545406,249.0180675416084,247.95490176807664,251.29102981614915,245.57908486513924,241.54955416105315,242.6678560240308,245.27299226579723,233.35837138518514,230.82843705200793,228.89784744690576,237.7602968881775,250.63500020419048,247.00107168405032,247.96458555218854,225.28469774381693
407,2018-07-24 16:41:13+00:00,203.79593193562218,198.0887983392649,203.11472535514181,197.37278693633576,206.01007195836104,213.03969118372999,218.02163327087453,217.55320834111853,213.25217848699606,212.38238188474347,220.9570955388558,220.6784845143832,221.09211363855763,,,,,,214.74234252237574,216.1920378129288,214.16323945974196,218.37507981704925,218.3034597930323,209.2443012005509,203.48574933973114,209.45041515992853,218.58895975334434,231.32945444396762,223.5572781981869,214.24163301740637,213.25566393824744
408,2018-08-01 16:41:34+00:00,224.30636145831306,225.6205671292891,229.92112602473503,230.4123327713341,230.4193926886289,231.60297704001454,236.43242788452977,235.76666489050496,237.97187058355019,236.5503369284454,238.7924694534334,243.37217546686855,244.48097370964268,250.31209856554358,250.9233771632056,244.91511566565794,244.15337909769457,242.17795146375983,242.53986547148736,231.94860814500572,238.56761774059188,241.1611096813815,236.70122063718512,233.01958077868284,229.7459804748646,228.9553435926419,240.65349107592834,250.61025344831017,236.33211492937068,230.36593953500153,225.98900112847687
409,2018-08-09 16:40:56+00:00,214.27167379913143,,,,,,225.7272381802748,229.0997676349778,221.15021678949125,223.56009313014246,230.39315193265205,235.20693624508834,234.0713385873575,237.27418074057297,237.2166139034019,238.76390074382914,235.39890078661463,229.87665425686714,227.06635390067868,224.97217458660018,225.96593468576464,220.04291098191607,225.730566080938,223.9495604330101,219.32156675811007,219.92140193625403,,,223.57395245866624,223.57978198965426,202.97837414355428
410,2018-08-17 16:41:43+00:00,213.26139340619085,216.58860592306766,217.69084474565406,222.57978057101948,226.4465672599211,232.4411173039174,226.55968834492208,226.23709456406493,224.22354815657866,258.4379338091579,232.4936401814612,232.2166845884636,233.7053476777723,235.42285342675152,241.38773787618663,239.9041521699457,241.5649566964616,238.03076223233603,235.49642897953404,230.29579308550638,226.6586882623296,229.2598441240986,232.54699985323978,222.3933081034495,216.23657341418016,219.3136787260899,228.07793816505213,234.84153377179575,222.3778006555232,206.4466811934458,206.11012840905326
411,2018-08-25 16:40:37+00:00,,,,,,243.84443133228277,246.43329115005218,244.23806712796335,240.81131614079058,244.6695205208256,245.29489287496193,249.85673771525325,250.26525617117795,251.04864527709344,258.31490738032073,257.6189894145396,252.66723075094677,249.99646174686305,248.30873412023837,241.82107340775974,242.41110882845663,246.7332452231899,246.85885636940927,237.53391079693606,232.84184745164663,234.48454294792742,,,231.27232177999127,228.8205117771079,209.19934878630744
412,2018-09-10 16:40:17+00:00,212.73108127682843,211.41756637414844,215.99139645093237,218.71162658405603,223.0609730317463,227.93755227081508,229.67130473849963,228.5198318427715,,,,,,,233.8422066702094,238.32484450882046,239.4979057704825,239.68531697775694,230.6749474136192,230.01668214649516,232.00478910781104,227.57989093627123,227.10701343396522,220.55683339525572,217.93151525585293,222.25048977187717,227.85786778166323,239.48370604097437,225.6363251450896,223.6795690264086,
413,2018-09-26 16:39:55+00:00,219.1715593332175,218.95868005558808,223.16268769922536,225.60746155211544,229.60428431006738,236.46337902618149,235.7082872351617,233.25012577266767,228.0559385795703,227.64290856461182,227.7021564495222,228.17629319906558,234.49758293189367,237.33386040535254,243.2569230616594,240.63043942928525,238.46391552395804,235.1898121000865,231.1656423494642,,,,,,214.07352412039754,218.50559075259093,218.8392094855821,230.1869634724003,234.74816188568093,226.24198992963716,217.33776950148481
414,2018-10-04 16:42:01+00:00,219.07457087645943,218.98387828649328,221.0020295365808,225.4762823016926,225.69544438611098,235.0695522190857,236.465781537329,235.16899832315633,229.27869638082285,226.19405367797586,229.40433478690534,236.50499747028573,236.07019549929748,236.8813784731556,241.069262962709,243.68971645791393,243.69590943508433,240.03780827635893,231.79622486053015,237.40768922639478,234.9581215194324,235.24363884441254,235.70300923941937,227.70238173065053,220.12108506030663,215.69225930859398,216.40366449706968,228.95168030086347,231.68521519713408,226.03616174633538,204.3477151433455
415,2018-10-28 16:39:10+00:00,224.55961169079245,224.71758768795598,230.23333327520857,232.4362886746676,236.7749436023605,,,,,,241.5925994955129,245.5672596584701,245.48750975712585,251.15929719311586,250.96853792226545,250.73094856437058,246.59484159320525,246.31247132558252,243.70531481438803,241.95669496657098,239.17367714263082,238.54915947770758,240.4368864157526,225.78169678060937,221.97471074533428,224.44163140006938,234.32959084979956,246.06161163666616,,,220.2248074051999
416,2018-11-05 16:42:11+00:00,218.42102855162122,224.06834934483817,230.51822125708293,226.72913171730715,231.62080081790492,238.9900436920247,241.86695191593282,239.93703863937634,236.28331258147085,240.03007848181275,237.59654516017372,238.6525168784824,244.84929420504653,247.22372140314496,248.55675185695938,243.2146239749248,245.05912809304212,243.5461150731145,241.3761300285417,239.1392578959465,236.94701213881078,237.28922590874487,237.3954616410814,227.65479047698773,221.32625191719984,223.0890336793512,229.98149216745065,237.98428963076682,236.46843387785208,229.76523599887298,210.58947815900618
417,2018-11-13 16:38:48+00:00,216.96990630598373,220.4317256199591,217.15161004894543,224.6213739048619,229.92634409385948,237.4355770899042,235.55408977364027,237.61498606657835,229.6953044298112,228.9738783242414,232.42083486427344,235.79546930070433,238.5208874862854,244.4994532951699,246.17227970462784,242.17564932775693,235.58562545415236,233.87033923659624,236.5076013495024,235.18394343088295,,,,,,218.6131526426011,227.56316925080185,240.86960118961093,227.64313728762713,213.53132198756936,194.95697170769213
418,2018-11-21 16:42:12+00:00,233.52819274040164,233.0021392102032,240.08363322966466,240.99199816170025,245.5674798199488,246.72515558840277,247.7180136865513,244.14471522217033,241.61257093457803,245.0661039299766,251.8459164979776,258.72434314680004,256.3090472400161,260.8276463572189,263.88058567573796,257.00620055142844,252.230627941504,253.19404504851656,254.7828820517606,251.05414471617996,248.51670628993327,248.75401747954015,250.48766572407004,241.81153060967463,233.75109529679713,231.42252831811177,240.67210888660372,248.80352861339682,246.0307957278265,225.92664090929384,209.42628841684115
419,2018-12-07 16:42:09+00:00,232.82912267548392,236.13450131311322,242.65669063700153,247.2442129815289,247.23089538456884,248.57471796705323,254.01319543804328,255.0814393766492,247.1440757504024,252.66280498862935,256.4426104854507,256.263765773828,255.5743012310013,257.38411083296126,262.5116337266636,262.7779872690811,259.7257391388896,262.45372431714264,258.5427738783361,256.1057031976648,257.06394627402676,252.17418348373667,253.28486505453623,243.26719808172277,236.36432089631393,233.18716952378833,241.13862609720587,254.8407344870999,247.73554869856764,234.96920847268848,219.81357806706944
420,2018-12-15 16:37:58+00:00,236.8401954482563,240.50940966247487,245.4474239034874,251.4566573296485,250.98546552939575,255.31806183571737,253.9784296174292,252.85631795688295,253.99763450354953,256.3048403989516,260.6259894971743,262.26777413407933,264.95259595197695,268.609738495303,274.1284186085064,270.70979674139977,,,,,,249.21475672810544,249.908505252678,244.07743752733955,240.6898106327189,236.71123946148714,244.68886856583785,255.65503192819872,242.66244471845997,230.786977263722,214.60424164790695
421,2018-12-23 16:42:08+00:00,242.04597804526574,246.51158986377928,249.05406809470207,250.79332484516624,255.03051174447378,253.51422723696152,258.40920268654196,260.31129338874604,260.91459996638514,261.034434481465,263.7065367494147,269.574358510188,270.7864763727522,272.7089906840496,272.64066372271543,273.25260612139584,269.0012897321547,264.7684898984835,261.2820849331748,263.6194896182902,263.8296834546218,257.4836298824485,257.03782774705417,245.81262284552804,243.6306198972753,239.8096912766132,248.30108309111108,262.3944383278008,251.4529566488332,239.1170253892542,222.40223670072226
422,2018-12-31 16:37:30+00:00,,,217.36584987382116,220.93421269219766,225.55194415017775,241.53768661298295,238.85074970916418,234.49897564912774,232.67444007622208,234.34543252322112,241.01091868337414,241.280540571069,247.40748300829642,247.51474010049662,249.11399600320874,245.62734488503787,245.4412453684646,247.84268054475808,247.49510789629537,239.18379363516115,240.48945361737083,241.93368126902064,243.89004715541668,,,,,248.20397945866847,236.63665138567126,224.36365027107252,198.66486739328164
423,2019-01-08 16:42:07+00:00,233.58687858716166,236.86399852014205,243.9677840176115,249.86206881904468,254.63594607241504,253.6439138386524,255.9647333826511,258.87996040753103,259.7294037942767,257.64615500400856,260.56786954216784,264.96519768144833,267.5760203953864,267.26150402047784,268.5682095150061,270.367843053908,264.1206940050673,264.0740008601374,263.90777693000683,263.29502428805483,258.4295935582796,257.9154509820944,256.6064070063228,244.21333435381132,238.74139945907123,237.3823176769946,247.0658868693486,262.22721810918483,249.8245823430683,233.56875669336114,211.25943775509347
424,2019-01-16 16:37:00+00:00,227.73048589893165,233.11779741808942,239.98589742597557,248.24975666372382,249.2968123604702,255.27270276791677,257.04429549776245,255.7180755102146,253.13530888318897,254.53880181483748,259.3270386703108,263.51028312875803,260.1237434099527,264.4352001961803,269.839799327233,267.87823074039414,265.4400815195796,263.50190232148395,,,,,,236.67346215980496,234.797711553444,233.90169006209996,244.62565762538074,260.367440337579,249.5071889157844,228.83102297039184,217.29674313648076
425,2019-01-24 16:42:03+00:00,241.5341771330669,244.608570448733,246.55112709912746,252.22673335806513,257.1624406124414,259.5738984720539,262.38588087826986,266.8849697538665,269.7931949426312,270.72613967673556,270.79349183360665,274.7409114302409,276.32319307209735,277.99001756394074,276.7446012589562,277.91124408316256,276.90427995458504,280.0307467872829,275.56308495277653,268.1492944421067,265.5606353442147,267.7845799133312,267.4611471304672,256.5226254987808,246.5475761799408,244.30706357128787,253.60657213727188,267.5559476013817,255.23446911367603,240.7866530396988,224.17696367217272
426,2019-02-01 16:36:29+00:00,216.97341773268076,221.38532177714217,229.13607688735976,230.86226281292917,234.0444433600047,240.7215693817067,243.39131455053518,241.31678347266103,240.43374553795257,241.25166033775628,246.12293197812227,246.86165794232153,246.841836053946,,,,,245.37757446368371,249.73750797265183,245.5646092670098,246.308414482642,243.77765542486333,244.11750024341816,235.45704529856891,230.9374896330782,227.80053331209604,229.32704075256424,242.87083572929936,235.05532714215474,213.73350155695744,207.03110679764546
427,2019-02-09 16:42:01+00:00,237.6530249349182,236.93556103501783,244.10239546452925,248.49997064855253,252.94032537668346,254.56687855279517,261.3916573171534,263.9983556863315,265.0419426576009,267.609552265231,269.97604124594716,271.98746243171263,276.4023238624223,281.9222735088727,279.2857191909787,280.17886484444125,279.32876405224926,276.57814005907164,269.57105642122565,269.2121139620883,268.2306135951567,268.7681872761623,265.6770303092984,255.71143375406717,245.9105233220882,242.0449995031853,252.0067011371307,264.88334939199126,252.94436402513358,234.78129217432536,218.45656701126615
428,2019-02-17 16:36:01+00:00,223.0690841275873,228.9091680401433,234.45592410210259,239.1253706585632,239.21232665206978,249.48720642919292,,,,,,245.78535843828018,255.82189574286812,257.65343294956756,260.5803668067855,262.6918873856308,269.1676618506216,260.2815910416676,258.0160357314569,255.50806560350063,255.47824988893908,253.70602275309955,252.439632246288,242.11510432237264,236.0657748381209,235.22463514997906,243.46715967436515,254.39035588916346,240.99372115456788,,
429,2019-02-25 16:41:57+00:00,239.0120535331195,238.44956551512053,241.1551599095576,249.7731618732466,253.4392623378262,255.33968849411454,255.381302639401,259.8013632787674,262.3813106983812,258.5478800779307,265.2128156767539,265.57987668184444,270.1466972579467,269.5171935972142,274.6487347646305,273.03122134184554,273.72511550900833,266.36896495978283,263.18058773117497,264.4228977443968,265.0374202825029,264.9049798102788,262.7777936719594,252.84054402247347,242.90901434046918,239.46933076451228,249.68934281706527,260.4338343259583,250.05452512866725,237.8337495862716,206.41607792513543
430,2019-03-05 16:35:31+00:00,,233.28907491055378,240.1864505475117,242.642380136408,249.489489852416,251.70009646031934,252.85285730255038,259.12762947776326,263.4776146036794,257.2012433647087,262.2596649824137,263.4200153518689,264.52347727963917,267.11976365091334,271.61513942487977,268.760093170341,268.94636236815495,264.07919374155387,263.3211052448445,263.87087904436146,263.84298453577736,,,,,,246.32949364154632,256.4714515193514,244.39074429078647,222.32738135838008,203.0615495735949
431,2019-03-13 16:41:52+00:00,219.97249912007126,225.90607216529435,231.9496271346081,238.90623122081826,242.52261760482412,245.21365070543067,248.53189908231363,251.4183404827554,256.36096227475997,257.1241391371354,256.6033518729827,262.90660031518837,263.3589677145999,261.69835154787575,265.03912770074385,258.7132817395733,257.4843873938857,257.468627031278,258.8836610739,261.52568823234037,257.0599956650492,255.95409214931024,256.49234106907056,245.4042740207622,240.08980849220433,238.78069097840796,244.7728030632687,257.0780782944233,243.21311527182922,227.00849485340487,202.47617436963964
432,2019-03-21 16:34:59+00:00,229.0936517993266,227.68328799214592,234.6416867257496,235.72931456407974,237.71274652776242,246.31509757719041,251.07167282355587,254.71445289759112,251.2521806932731,253.37477901214376,257.041636379262,263.527850028497,266.97428376331914,270.5637165683489,272.80225979954315,,,,,255.7246474759812,263.73459522958126,256.4286063474055,260.3397410369875,249.94662138869887,242.724193332596,240.16984720948074,247.7442111728263,260.31846297459253,254.56882170660458,230.8708325519195,213.33487586921274
433,2019-04-06 16:34:26+00:00,221.83063522364205,229.83515186964706,236.21578163714798,,,,,,,246.4325356836896,251.166650714445,260.53744504943325,264.13637060300834,262.59149511488613,266.9952733842561,267.1355128579912,263.0171588261803,260.5022902223178,261.7307389420378,260.69217986007976,259.3299688003085,254.08420009795935,256.8953962704951,244.52261981730265,237.30071754098867,232.87667631108303,242.08086281206312,,,,213.04442659065808
434,2019-04-14 16:41:43+00:00,227.00664779469489,226.5640166983285,230.76690693880153,226.929589831109,230.40542569703504,235.15509709853183,234.35202086201053,236.72387070547313,238.70074933974195,243.28384527230133,246.0359215814301,249.51832177429395,250.71267431398783,256.3457594409874,262.8202253036118,262.5833596704724,256.0828839127049,256.2644610911852,253.81322717952844,250.26249510213222,243.26434412463567,244.0717592192557,246.10620125034438,233.71959580853297,223.30742731580395,219.38993735510428,228.51921151250434,239.4942798818613,227.3549970486493,210.10698861716904,203.78093229879994
435,2019-04-22 16:33:52+00:00,241.76281403815926,243.40865390478464,247.59533775533998,249.678427141379,253.47101617027567,254.99858632232494,256.8991744023966,256.9928010865088,260.8028678047732,256.8743039694989,259.04155185791876,264.29588496372503,265.2516743907037,268.52072431276184,271.0368756670463,270.48340578730847,272.79430791799484,275.0439414313695,268.39045223745177,,,,,,241.61279576123923,237.31462434213284,246.41034644283258,259.2802873371098,242.06368727475788,225.78545359170752,215.7615057128304
436,2019-04-30 16:41:41+00:00,223.78643096363209,225.3911930446369,227.92914722462154,228.8063298714253,231.84520635520403,238.7982236618685,240.81704502152144,242.84627902724762,239.93633127637787,238.13886060925682,241.00073543708822,243.98941173026972,249.56338246237607,254.08638464060942,256.82712795626713,254.99703003093742,255.91380099970075,252.79817927183512,250.60181203393074,249.72157748371558,247.2369624232528,247.04581782198446,246.67878608393636,232.0987561006113,221.40649942430488,222.14282567581222,229.7820741404161,239.85419932276056,230.43192880028798,210.31600035897748,206.77797311637485
437,2019-05-08 16:33:15+00:00,217.55413898952486,217.30269842015008,222.66646247353052,220.5170889942206,226.59564732895637,233.3633745119213,235.87678436438736,232.8199161262385,234.36203756973725,,,,,,250.20239750038536,247.275252355365,245.79191118980896,246.74383338612017,242.93247504382558,241.3088892206723,238.80149596162397,240.0435493095976,242.55609726929063,227.8094791488553,214.23935636595328,218.32730890160386,224.6813531514183,236.13049445542427,223.58529518821132,208.24663940102036,
438,2019-05-24 16:32:38+00:00,196.22559263636902,190.4567107690512,188.22448899080757,194.49565938740733,196.37900941420855,209.1818013372893,212.4547162914741,211.07531674842278,,,,,,204.42338220230127,219.25119505212982,219.1586360531221,214.44149625908818,215.87357272423804,209.38624059180293,206.85976832499455,208.8775149922316,212.16624188843247,211.29375797864193,196.87846889387782,193.6434171170435,193.2617055038547,195.01493071120694,206.89774044259167,227.04501777330333,219.23632861683708,
439,2019-06-09 16:32:04+00:00,215.83137806989942,213.31955170730487,216.81917684984307,217.86287193155238,219.1468286356294,223.67712706716696,229.86600333116502,232.256009377492,233.35955519918997,232.3501821143198,231.42569945010956,237.04917479073123,236.14539504431272,236.23303148505045,239.03322557260563,238.952100945824,,,,,,232.08874055466515,231.07514887782025,221.65439415781628,207.68219973119386,207.49046080664414,210.1666219445966,222.11639937497466,221.28790212755632,215.38742744400653,211.24315566966382
440,2019-06-17 16:42:06+00:00,223.72992581514592,228.89876678234327,232.56833394762668,231.4137315556174,237.5303067977427,237.41461626705345,239.7751694472866,235.3165730782809,240.1235020916218,239.17582963543626,242.28821301496149,250.2136869085455,251.99937877263775,253.77646379693022,257.15277747575794,252.53663987705113,248.87083624631794,250.63685050987203,245.02922901563463,236.4084831804604,238.98681561437806,237.63911842783233,236.35741873163295,224.78176111451802,215.40638074412567,216.58933384214228,223.8548662251464,234.00587437665345,236.7191384887661,240.63891749781163,227.12169586670677
441,2019-08-04 16:42:20+00:00,223.40034131021778,227.0683379299066,231.404665088184,230.10824647746512,241.69242853692413,247.40590975304633,248.3284778989128,245.0550156609273,243.78497434919126,247.25365126469092,247.16618912006783,250.94936022994793,253.8569026034331,256.54147355212757,257.78918624036805,254.17250672385327,244.94414422974225,238.4288845654457,238.84889016547493,235.86963276866575,237.60286531924646,238.53560701729603,237.08215476908174,234.72934956122361,225.41224580061544,225.60660698721568,228.39883866083196,245.894699635946,239.6163084636763,230.8987845563746,218.5163660601321
442,2019-08-28 16:28:54+00:00,212.63799369229068,208.06090922403067,216.13864527134155,218.4272888412981,222.8194932632399,224.44765880913036,227.56999037091964,,,,,,233.53366160035512,236.17077841640076,236.94421684065725,238.01977009308177,237.1500265181562,233.09063646863456,231.9716938225098,229.01543211853715,228.13789179496078,226.22548962642188,228.55565085570566,217.62742917965502,213.07011205195505,203.37913903104823,213.96581931489527,226.6070654973579,218.40349108359612,,
443,2019-09-05 16:42:28+00:00,216.3164090874519,217.52750693248032,225.9757470710215,226.74169084392227,233.94574565971652,240.03973284725188,240.3828334746604,236.70108171898545,237.61524223159003,240.63190699090273,243.39879539899616,244.93471209062426,245.22357109246894,247.64320041900464,245.34205156687838,247.01866890145405,245.66672166066132,245.0879755291109,240.6569201221057,239.91635338944997,234.6186875333376,233.90486970382665,241.8929139460937,230.15897159483683,220.23439655080594,220.59517129032557,229.4684197724224,242.79525961336918,234.39301797795707,226.5979721347916,202.37150357486533
444,2019-09-13 16:28:12+00:00,215.6110204295927,218.16971255619532,218.36820302182753,221.46099452362392,226.48974520111852,230.00620816455023,229.19180861984637,233.06610625614184,229.48096676295756,,,,,,240.46260662313745,239.79834138739145,236.1232240853954,235.4622825894815,236.04291384152629,235.64298944123703,236.4487706937178,233.33561727934824,235.5560819282141,222.98331134472238,211.16811617830186,211.43236534869774,220.3408725376708,234.4215156296259,225.55299439816838,210.05218983074008,
445,2019-10-23 16:42:39+00:00,218.40842888773378,222.82368446858388,228.88990200121128,224.56727600360392,230.72387291369526,234.99020635224497,234.30787052311993,231.86950479097555,236.57889029614262,233.88870984001898,236.4747445116313,237.09050912075523,238.61360456819307,237.1818210184822,239.82974083806937,238.62062047067997,240.47702390814058,233.2712944343599,229.88063249973817,230.42369119077028,226.983146670343,227.7215368681104,227.3258116015393,218.63753236344073,212.12964491525216,213.2172339452566,221.9787975256691,237.52686395880716,237.18054420613456,218.47202761073206,214.45632785866349
446,2019-10-31 16:26:09+00:00,218.17214489817738,217.9032347673022,220.2858554176977,226.7150533918943,229.35021300696462,233.65235160806694,231.44261851450878,232.24513823755527,232.98546948823224,,,,,,238.6915317733064,238.00782949393414,232.79902769497053,229.87782949022576,226.7500642431047,228.34821879097592,227.39727189508992,225.99890000513017,227.4028745520854,221.78453256663232,212.02342856643543,216.66832826225362,219.7310903604531,235.31004116810146,233.9712846163238,224.78227792698868,
447,2019-11-08 16:42:38+00:00,222.15442043397468,225.06006307316994,230.36091895755146,228.6111727480573,226.69876568625438,237.5718625568282,238.7623813426981,235.23060175609498,234.2518864092915,233.2877968832499,232.9044005357399,238.63562952196554,243.2163505853674,242.29991037305717,244.01485422459226,242.88998164509698,241.86776464931006,238.81568506345826,235.6303331245332,232.19193024247585,231.02071197749711,227.90294320754288,230.7887965919008,224.6016857777378,216.82238039573193,217.83755751687676,228.4130546039264,242.2497774929118,236.24763406001443,228.78074868253805,225.99822502314169
448,2019-11-24 16:42:35+00:00,223.14767567456863,226.2924076800431,233.75266600786438,232.95458777623222,234.04649311049457,238.6896101363915,237.29743377188458,237.9085004012419,240.30570519222022,240.51164903076588,239.7283192099956,240.7717661755554,244.71313620859638,246.39981435119404,247.33678087495326,245.79431888996527,243.88066821763056,238.64519833085313,236.4064165440186,234.83594540483438,236.6171760106565,235.82969873704235,239.01811960783135,221.96891490412733,216.73366670990967,218.76411373732475,227.52731066628877,241.314630707638,243.9937277118486,238.74841851905774,212.84139162354288
449,2019-12-02 16:24:39+00:00,221.10095040222748,223.15290902175067,232.50013974592272,234.26158216157472,235.7405643964206,245.03106059303613,246.4302490801055,245.18369477325325,240.22491354745947,241.93479689804968,242.85299536055345,244.02935481136575,245.8776905583477,249.57297834630327,248.76833345468546,246.7309164322333,243.87526074245835,242.27965291297397,,,,,,224.5887741942467,219.6563968079522,218.08176903876404,227.18246702989902,236.78086352445558,232.17582141474696,228.23109084165577,208.3738833176029
450,2019-12-10 16:42:34+00:00,222.14379472283272,229.46748217095526,236.19549249725503,240.97687151603185,237.30276715002572,240.03984746268225,243.93048503664608,243.05296924645492,244.8600265329785,245.91563146909408,248.3751423112488,246.31154904831484,250.64546672061817,253.72462225597803,255.16414624037225,251.35128279952093,249.70683389091946,249.680492606499,244.11512329852286,244.47201727927563,239.9434008033889,240.5008842985151,241.29127086298973,230.7543550354137,224.32679258158208,226.59113054892896,238.2797588910999,249.44214992488202,243.6286571910603,231.01099855426475,213.1359027531908
451,2019-12-18 16:23:51+00:00,235.18719247307862,237.3026944459202,248.50830820771998,250.07937540463624,254.14453109994642,254.1757845192932,258.5788078029737,,,,,264.0234353172067,264.5596438324932,263.5898291680504,269.9142602997498,264.81919939739134,260.6961345415268,256.6741604337165,256.4225583912005,255.66210060713516,258.16653794249964,254.17451373555036,253.81370425509942,244.52891409767244,237.51689072109798,235.5389809943565,244.13330306698535,259.0436252029093,250.5246857076056,249.18453725088915,
452,2019-12-26 16:42:30+00:00,239.05753520384434,248.79186513150634,252.03004035337233,258.0547108643492,258.49253537231397,261.5203859169177,262.42320859638846,265.26694785425434,268.2124578999707,269.1220436393296,269.9780291586722,275.7184137450415,276.98144917086137,275.8346496550861,278.4496452096723,273.1138888335097,270.43351588551445,267.4843249086568,268.42810760179884,267.939283831376,264.9898865152045,265.0841709942227,266.19729134242164,255.32083501824275,245.1242847838659,247.56030456146112,255.75071493544147,269.6952196165398,253.22434733071364,247.30881964318658,229.10785287115587
453,2020-01-03 16:23:01+00:00,,,,230.07858698218092,231.46245466506153,233.10059744853052,237.49178507089673,232.41675678931867,234.88322557054198,238.31478481941684,235.97896901044106,237.01602231772253,237.57432841153155,244.3202721778021,247.0237222453001,246.25972289808436,241.7452866007307,235.52234355241978,236.12865754697498,236.13938247429994,229.3790139295955,236.95168829245839,233.84836839703559,231.96506432708824,,,,231.35122037408684,236.9256608451913,226.62465117510234,208.6445637894488
454,2020-01-11 16:42:27+00:00,233.2466410958968,240.56129901693117,248.69314998046616,253.55887952187055,258.67587540612465,260.6695773241068,262.56343471836203,262.2572464501146,266.60148026514855,267.92594112100033,269.2334673499247,274.8297087346838,279.3941111107784,278.79121415237194,281.60026645894226,280.44718174107476,276.9224475341689,272.35050763148104,271.110578051144,268.5108781430631,266.201922503114,267.4285754173527,262.27936803004025,256.398167389771,244.8597841766741,242.34312027871476,255.4327459301045,265.7694972637985,258.36840407424245,240.99029818081635,227.44863879257028
455,2020-01-19 16:22:13+00:00,,,233.03822854720065,231.42611262522664,238.2103150719546,249.3018975656438,251.15361170711384,252.60980576029164,254.15679542494814,253.0508857895676,261.2816291075181,258.34230490661645,265.48225091330033,262.4850899007819,265.1514837972119,260.3147489297223,257.83439146961103,260.0430645410933,259.4735432331591,258.15189499921263,251.36687480198492,251.13079225157315,256.69598234478656,,,,,251.95884405589027,247.52728257774828,231.3050148776712,216.3945643261821
456,2020-01-27 16:42:22+00:00,230.41237801979509,232.62832018001046,238.91753179877577,246.58686706563907,250.90289142177852,251.05386446750634,253.35169965173753,258.6492527147725,262.21470482173703,262.5335800117749,266.1467204688929,269.3772840608578,272.18124098677265,273.67062134512224,276.0183191322245,273.8202595725737,270.0533671769267,267.5459616701471,265.02228806897995,263.11515607435695,262.31394128498573,259.0140960318928,256.9668046710237,248.85408897232827,242.43871057138028,241.18920099005118,248.39066106343145,262.44209428776435,251.6060992353836,237.1077143917506,218.94103456453274
457,2020-02-04 16:21:25+00:00,226.5337085173577,229.82741190753384,237.8971350140489,243.1513950272983,241.55340826477993,249.8611687871483,,,,,,255.22429415719594,258.595847410729,265.9551195660407,265.2299284334414,263.207946791523,268.4327326110837,255.34860763271874,258.78063249699045,254.3790928752523,252.25190552853945,254.39228121806062,253.23293977001404,244.21277061750598,237.38850904700382,230.61400634390967,240.6820572907816,251.46050917437861,245.43001853505518,,
458,2020-02-12 16:42:18+00:00,231.0531330022794,231.32265859530963,237.5022964966153,244.59545341377105,245.46433104065255,251.26428068426236,254.2513850242865,254.15151589054346,249.79146989561494,254.76483305533284,259.33273872085056,263.0608138002457,263.4939145067557,267.6601875977061,269.8828112545213,267.24377188325025,263.39320698114255,264.8020141378059,260.8220060118938,262.1117653923145,261.685898925231,256.6575304472756,254.455805650516,245.57162651177492,235.94272958164822,231.7589654483378,241.1019745288574,254.2833162540016,242.9553780930333,222.67307741890767,221.48787271557876
459,2020-02-20 16:20:35+00:00,,,,,238.29531211043957,248.5178351424272,248.82574982123774,251.37614862510358,253.8746998103594,257.123429263616,259.90793879985324,263.7922926722623,262.7164554899157,265.757865984164,269.8323976242256,264.994546462177,264.3992297878952,254.59268745053075,254.6522006467664,253.43151440513563,244.25667175831973,242.835602880192,245.036912486601,235.4086915851488,221.24354430789649,,,,237.72642316724102,221.54790078453394,204.39308387843113
460,2020-02-28 16:42:14+00:00,246.6098954339855,250.44341290988433,248.8470240429095,256.0738504156827,257.2323753961606,257.1188153140206,259.5529196196115,264.8312815733055,268.9601236692248,273.4386267412435,273.32898137081906,277.2357401251563,278.0874048548197,278.9599318277768,283.99295082337943,277.6327424336166,276.83037206195405,276.13986838625806,269.50108092018456,265.71679577595717,264.35529192853187,262.225484976903,257.905249080157,244.3920954235303,242.35866497940913,239.22925941128523,250.78185591330168,263.9014013712791,251.23781832576333,239.70167918864513,218.32724650961558
461,2020-03-07 16:19:44+00:00,,,,247.22514160123234,244.3261446143206,247.06373048952057,248.55145497119844,248.70681424220635,255.25442324485,263.7071190021132,262.1958492252436,265.6013061371134,270.0047635333344,282.13582994440907,271.5384447527365,276.7351713647126,275.2839199228406,270.8187675330397,261.05055263962663,258.4154002466957,258.8571012208006,248.59047518763845,250.24187279127568,243.29477639126375,234.57759104129855,,,,244.22277347068962,228.0803814110127,207.94271403406447
462,2020-03-15 16:42:07+00:00,224.78121776412695,227.38942140461333,236.09948997768777,239.22981407348365,242.04395121972036,246.02356977747004,248.67026570151063,248.02342582766428,245.18174040192895,248.72922119682477,252.22252671361028,,,,,,,,258.06847638902457,255.76232394250493,251.30029269472283,252.76036859148354,247.3923956268006,240.88087921875433,232.81238703809845,228.5128835177872,235.12204001985668,247.48708911298039,240.711698913582,222.82567857177892,201.64644021536847
463,2020-03-23 16:18:51+00:00,,,231.56990102269143,231.7496188223508,232.70093441277203,245.00186362938086,246.83122178660815,249.20736985178948,246.91044933557464,248.81896524413324,250.7777414652961,251.0732488138508,257.8831208822101,259.4635976641016,260.52837751231726,257.270205202707,257.1273940652084,257.8151197795568,255.467353194627,250.2505326902106,241.54085811803924,241.48046297310898,243.3202136553649,,,,,240.34451516437312,235.2520933502667,214.80218693362005,204.22593551645832
464,2020-03-31 16:41:57+00:00,216.89982480220567,217.3544308279864,224.79610175585483,227.74992887256704,235.4519140678018,243.48461693167366,244.68050460513177,241.68336936824704,238.4644391515136,239.52658878327856,240.96421679623256,243.81088062356702,245.6706819505448,249.17446115888248,254.52737682834655,244.8419990426932,249.11973932096356,248.30179409604435,246.57726034860772,242.90310659479525,241.29614045342873,240.113159724286,241.68130533618364,229.37570737685314,224.06356631486278,222.62817729675635,228.97573251226748,243.3033233135996,229.49760734218702,219.4745144753937,210.55907672291676
465,2020-04-08 16:17:57+00:00,,,,,,228.10587466397251,226.50342592365007,227.7375904135389,221.78674934720107,225.2985536241588,224.37665644891314,223.52485688766563,,,,,,,,,233.54528100651163,236.70021848172487,236.63388969587243,222.02490936489238,214.12165294842816,,,,220.4833922498069,210.8307921126245,213.08323998523502
466,2020-04-24 16:17:01+00:00,225.29399200542528,223.82401041864847,229.99899528676318,228.1456031366515,238.0218851523319,241.9898651484996,245.20650009622537,241.0397378441158,243.02184458377826,246.86403717735232,250.27767491619605,253.94365443497045,256.7638369532576,256.328440371056,260.9914538013876,260.35081744055645,259.1493227630574,,,,,,245.2815156923353,236.13603837770273,231.67306487768357,226.94220001041938,228.70879104362757,236.18610749285446,231.86131878256924,223.54974257449888,220.85100471691152
467,2020-05-10 16:16:03+00:00,216.412612369375,,,,,,240.7150735809484,243.5434928024573,241.12348848036237,243.5976006470538,243.42785784920656,249.3862663057173,,,,,,,247.2625033423713,247.38983607272795,243.18398075600896,241.964514407834,241.16535158579495,230.7127841446022,225.66042705091758,225.12339223350745,,,,224.09636002875106,217.49839338282254
468,2020-06-27 16:13:11+00:00,212.33054244962383,206.27203458254328,212.943445782709,217.08599599666132,220.92377047504766,220.57683167742246,219.74089792922328,222.36374535509563,221.59349520541542,222.02027737264447,227.67571823864154,232.9607549525864,236.0383141605359,241.31042770677735,240.67328953742103,238.26228697526344,235.32827940598224,236.71973590032152,227.93661593868165,232.6828333915214,229.1690531020245,,,,,,219.05400253508313,231.93087101793503,224.4008879391809,212.13470019281186,210.71088729104446
469,2020-07-13 16:12:13+00:00,214.7821537581576,213.11515094604312,221.24358572976723,227.9001147640082,229.94228382698373,225.35851002926614,227.55221569540066,229.5872666947633,230.5371493066878,227.68953898613415,236.51855213507162,239.22102450870645,243.32744870788866,244.4584545098595,248.425087758897,241.97370414173463,,,,,231.90271079128144,226.65311480239512,242.55577209175902,215.79379038323924,216.21047677352277,209.0085774669331,215.79492281929805,225.64410223235112,231.74820638585493,229.11950441316603,210.4436729085099
470,2020-07-29 16:11:14+00:00,206.6920500422216,210.15129293221455,219.63517608443232,220.1678128075378,220.28943035920645,219.13304127463022,217.94786200213343,221.60959304481074,222.98721622971203,222.64643862866842,225.54945245147982,230.67359052257683,,,,,,234.74057875341077,228.64772788277696,231.79891643177717,229.73365533730725,226.8797802638933,230.34143896506578,215.88491966238718,210.65410901079872,216.00354563366386,219.88133421066942,228.12834634494607,230.4046823044903,227.3266281764962,205.49562270172106
471,2020-08-14 16:10:13+00:00,209.69544522336784,211.6386469603161,219.78695762902666,228.30944933067985,230.22610444339645,224.01839307080144,227.77513860059616,230.32870697973857,227.54382715660174,227.33508104549384,230.84705257736562,237.0181925302161,244.10708703519782,237.49421926446524,241.07228169800518,241.23365984246055,,,,,230.69803584754595,228.65528027276346,231.15257735007134,221.22777328979566,214.6533365628501,216.72124407605008,222.22282651384955,239.23362887345547,235.64180568677153,225.52430540573738,213.27416899489296
472,2020-08-22 16:42:20+00:00,208.3897857281265,209.68915792673573,221.36530515515983,227.6808663000237,228.67902150766935,230.12584792568833,229.17761513483316,226.0160727381692,234.39475911030326,235.71157678172904,237.50071960351966,238.7475835166208,243.82230308160274,245.88697661524964,246.97309897845136,244.71601999498412,245.88641798654373,242.1910735665425,240.92917181850225,240.9096571203251,239.0563061504583,236.2042141906122,240.1734519098686,228.69196229743062,223.42885317301108,224.33018539609125,233.7292438432806,251.30410350788196,241.5439733340541,232.16423159654147,220.78077022983393
473,2020-08-30 16:09:11+00:00,,,,,,220.31032047793798,223.66552586534755,223.69537371849995,222.5752334179263,222.26257972546736,228.04901224606434,232.82210585668568,237.83860756011956,235.01266579978977,239.0704448378588,236.53848774719768,235.57343108797872,232.29022847537382,229.88142484018718,228.4519547694347,225.6425092764572,228.33719723776863,226.6777434289196,213.83658249211064,208.628947639761,,,,223.53533343145904,215.3808543665849,216.93803349495593
474,2020-09-23 16:42:33+00:00,211.4091120482781,216.0207672128661,222.08609890894968,225.9690474678807,231.21809165704875,237.66752618593046,231.86981170719145,235.35247291009472,236.9592888264929,237.7336751427818,236.89389563672694,238.82739590695746,243.53465506778056,247.39567827624518,247.35523774205262,247.3867492280902,244.1547188286914,242.22656212921004,240.82221134002648,240.50961402002503,239.0968378239141,241.07545028471606,243.752190272935,234.37152689366684,226.59481869335974,227.9147301531375,232.80551257595468,246.046995584686,234.37555351957974,230.42526640818693,203.91263504069912
475,2020-10-01 16:07:06+00:00,213.93900470861183,218.1557723897379,222.3692303139966,222.97828021577226,227.80612575218404,232.04944430742017,234.21426200723587,238.03034583733205,236.45914042040656,236.51910504478096,236.31132985192778,238.83075405370738,,,,,243.70288570893933,239.9618651420067,236.44512709556216,236.8116033804547,240.62953488051014,242.53822770220515,243.4628071395021,230.62685991851532,229.70599454401574,221.98888138077672,228.3102545846961,241.2165380629302,228.88747947710047,213.746860049129,228.50659285359615
476,2020-10-09 16:42:35+00:00,217.71590088208856,219.970067662396,226.94692681476388,227.1115403981318,230.7797547574481,236.04840902935786,240.77173411859667,236.87005899159635,237.45165605858654,238.50814833737408,248.4127331758728,242.3202987440589,244.58062929295542,251.1678116211517,252.53649706519732,249.39982999965866,246.01889321938245,245.4995620570723,242.66806621543802,243.61814800696675,243.41470422280085,244.02685356345063,246.87160923221546,234.34029902220033,228.26137718946495,224.58158237390074,241.69696326108266,251.1721537991569,236.45661385312172,224.99334852317963,216.69010273097138
477,2020-11-02 16:05:01+00:00,,,,,234.33535634967103,250.73168899189534,249.6120828373007,255.22708925280352,252.49838747086065,256.1988548566689,259.65088628168735,265.45383506694054,263.17424439013536,265.7569613911329,267.5743203392135,266.69000130539257,263.35983367863366,258.75699334128933,256.0476076473992,253.6525030300972,255.50197049664962,257.09755605381946,258.3222088975987,245.19052505097525,237.71576975394896,,,,238.27391418794298,227.3542295901327,217.63400243758218
478,2020-11-10 16:42:32+00:00,217.4244120651137,216.22504361923905,220.93107469307483,221.71474228208862,222.827629384341,229.06924395437665,229.62167406495917,229.79003963912055,231.54119410712633,232.08690566677103,235.9075611673524,237.50753208020902,242.09501029664764,246.72505882498552,245.8313955531179,243.5630068789149,242.18576379469576,239.74676191681812,239.54102429254476,242.43207414854186,240.26957984474848,240.51839339922154,242.25242600788437,227.71359418762438,223.95248371574394,221.30990811292713,231.32883531700804,246.56279751819113,234.77516684221405,210.79945226855597,211.149587508891
479,2020-11-26 16:42:36+00:00,229.20679667485885,234.23649900758943,238.9821645082015,244.9846208419197,241.7866357126908,247.67858722123222,248.54638590086685,247.0931881538596,250.36587199853486,248.35106503869991,252.74012130364343,254.28178405661725,257.0806831618933,263.64658734105876,262.7537764731464,260.78881368832344,261.0793011660926,255.07413155774154,253.31542388007006,250.82945689094458,249.96716929247273,246.92770435051625,252.63244543245634,240.84489272163808,232.261479631283,229.93112701451452,244.00641740499822,253.76575106972751,240.29858293183872,238.1201286319157,219.081844466651
480,2020-12-04 16:02:45+00:00,237.63721658532188,240.59162164913022,244.76768987320054,244.92001463510917,249.87706062337483,249.93036202279296,250.65142577762904,253.37764049515602,249.68180120639082,253.94415014553704,258.0087535009978,262.3602705469732,264.72804472055986,265.9201972390663,270.8536032787097,,,,,264.09592572802285,254.84833632751761,256.0256056943219,254.5205472209667,243.96472920371235,240.60867169852224,237.41224751984026,243.56766263433354,258.6480394212231,241.82747504138987,228.59986646957952,230.8863503428944
481,2020-12-12 16:42:36+00:00,222.65982196974346,222.82888036594784,224.47623763409678,230.34693549823447,232.9856741218618,239.81961774392028,240.63038452251,238.40379463573856,239.3230560035471,240.9495771311058,247.57366705756644,245.84204129633818,247.76639486941752,251.05841450784143,256.0660010099112,252.24281167125133,254.24027292348262,252.51258540663213,248.1068165744314,244.12069349365674,238.4071703017848,242.3527083752221,247.58586933864245,238.25358924061018,232.56479060073258,225.92652898026296,234.25960604325985,247.29315778261622,238.2170674591664,229.00554680793792,213.98834506685336
482,2020-12-28 16:42:33+00:00,241.70787886413072,240.28692475146656,239.52023893114318,244.1207348762368,242.72263680738473,249.30758246597694,248.874180047578,249.1763378454816,248.52424469649347,250.41334711178374,255.81947863074194,261.6189712918966,261.65345206846,266.7620848098482,271.25824544019576,270.87622974802764,266.9808654634809,264.54871358094965,259.0603200703583,259.99327667149885,258.15993648221246,249.3375237653625,250.12479903404812,242.99178495232195,235.92634857173414,239.32749256990326,249.69416706361014,259.4365329197618,247.48050940672698,236.92351315861964,218.55748910138902
483,2021-01-05 16:00:25+00:00,,,,,260.836688148873,251.7329980040115,254.23329644756905,248.6134252790511,249.8842824873682,248.5519446082695,251.96579829102595,256.63760061786246,259.5716109185262,260.84425580242885,264.05961688302114,259.87108727921407,256.3290690698344,258.95681742650316,256.50136695541454,255.74066748392477,248.19628625666698,251.72055867148003,254.42794986282928,245.09990277806344,243.17688063603043,,,,250.00256352130373,236.91073783459814,216.2526970727286
484,2021-01-13 16:42:27+00:00,238.53123214131597,243.1082854443793,247.84505577880873,249.85517586421076,250.1777055141743,253.70878236728524,254.47463154814068,255.55805494665339,256.46263821123375,258.92742496395357,262.9369059510067,268.71509675852167,275.5548903448667,275.3326621509749,276.2923501993536,273.3652916066667,274.7732739541043,270.37675611089367,266.4099519930221,264.1512208354646,263.138079042104,259.24910484183977,260.7453356661525,246.61393736965664,238.5496304134411,241.8495291119405,251.24358899260463,266.31675147512556,255.66546495278172,238.8248988511999,223.47401121114558
485,2021-01-21 15:59:17+00:00,227.92669846522574,233.8979506024258,238.42803355452924,246.21822226968197,243.58669569254113,247.80880544501014,252.04407414967721,247.8153868789426,247.98222644860226,249.10929889630066,257.30917319083835,265.0651990074556,265.11053561306375,269.077286428716,266.92586796598437,266.60007924132026,265.5230149515006,264.3894550341025,261.5007068420488,260.9365238485332,258.1700102603736,,,,,233.40742716966895,245.5646920927476,254.97421494035493,251.31651481675323,230.42646556353642,218.0531940925216
486,2021-01-29 16:42:24+00:00,248.23985052398547,253.15626714922453,258.58736992464173,255.64536693297322,258.25923135491854,264.5007667107517,262.95870176278373,263.42386942331666,268.5026369378486,270.9275349528249,276.5505773035871,279.8105919022509,281.9973063769256,282.7545081973318,283.2092347643686,277.0729940613336,276.8445558049269,276.0554943495941,271.01753249642877,265.4547656952798,265.3894254494136,265.13399448671225,266.73651092276515,254.63349968681393,244.19496660257738,247.45054322621104,253.71255749654304,266.4118492457418,255.1088267879791,240.46280043449468,229.77204133906565
487,2021-02-14 16:42:20+00:00,247.95423353743195,250.4735366441368,248.8149978270625,250.2256019792328,248.8091824165399,252.87600589886992,256.52445503386167,260.87382985998056,265.0644449909053,269.57369292702253,271.27579931970706,273.39952455485115,277.18122022187777,283.5164452940134,283.84184133189433,277.9791356081794,277.52361953725966,278.213570251722,268.99047299328686,268.53723800113494,267.34408603460184,265.926580301655,266.02998610009183,256.12218163688306,242.37994443507077,240.73648539305464,247.89516670205217,259.46304171069323,247.53219178833882,244.6860175336513,217.6390192344849
488,2021-03-02 16:42:14+00:00,245.37333414879015,247.34294368881075,251.00278721371168,251.25357641876093,253.21552018182433,255.35698042044964,255.310590247765,259.1333450367409,260.5654906810949,263.36552263633286,265.2991167374965,269.26590042721034,273.19931745525025,278.40988077297766,275.8841119573752,275.6663518842651,274.6225986220369,271.85021027618615,265.7880026934221,265.0509340638875,263.3209165362198,263.09281919660543,262.8415109714341,249.41252715341443,238.57537429335792,235.59654365035118,242.93228642455608,250.7643383906314,239.29893327840972,235.88715559751702,221.45793191165123
489,2021-03-10 15:55:40+00:00,,243.2601963856133,245.66750230746624,253.02638984590916,246.51314687450295,253.27637306660665,255.12993922395623,260.0333054645572,257.7989500638101,264.58988643939784,266.4864920693464,271.95757987567663,274.31805769975506,281.68484303393893,278.827190346136,276.719628597346,275.6532803390878,276.8557351697665,262.90735767045464,271.82625409314096,270.40698672986815,270.14834053524817,,,,,247.49151700466632,256.09697132374777,251.95157352949113,231.5716517299581,228.3988082235585
490,2021-03-18 16:42:05+00:00,231.69403222334356,232.98421146963568,236.7344927248194,236.18809181780733,238.83157644080194,244.51312832313204,245.69115955516617,248.89833530489554,243.3408632768137,243.06769241949624,248.99673929762642,245.1451071375647,251.85526050604685,254.76228322279874,259.07309122304184,255.6398194625513,255.7257682533222,253.49006903850346,252.73280684695328,250.2766672894304,247.3810056133443,246.5316841882759,248.94782844452638,235.34818405613183,227.10989895197594,226.13821429401747,234.13296497767723,246.188456276461,239.34092854417756,225.99626288182725,228.84860650224533
491,2021-03-26 15:54:23+00:00,,,,219.91529862229297,231.19800263884818,231.3079879269286,233.6019092060298,235.9302600982683,235.66195370248744,236.97302413117467,246.76772911775748,239.2036145995914,248.29990042634338,,,248.11285225043932,248.82762282650037,247.63775943695146,243.85128851279632,247.0976913243536,241.16417827011253,240.4316407310994,238.88415358965784,227.58154696329956,,,,233.07784382290075,225.97875698525988,212.10068678267194,220.8592768385165
492,2021-04-03 16:42:01+00:00,225.3027111592051,223.774412912182,227.38326699778912,227.31323927361075,225.29516282008814,237.50965682248787,239.10160573535566,240.567329448917,233.92998254118442,236.99757978735738,243.95274679765703,246.50161256907268,,,,,,,240.98009176260913,236.77968402121905,238.22936804176575,236.16440915219596,235.1688695983862,226.30132298400017,220.2693155681246,215.16132684713773,222.11130835606076,232.94629848324928,231.23000395564037,220.79724926736472,221.15160090656406
493,2021-04-11 15:53:04+00:00,235.94686838648306,233.80021476461525,234.34184836947617,236.9286447170948,,,,,,,246.867455344218,248.06239546907193,255.5376356881681,254.42071731307362,255.59144967454432,252.85092689913012,252.51710693620674,251.2447709126804,247.78608068868016,239.43967955107712,238.41583330587937,240.4534540446857,237.08841892939614,229.01010386437017,220.86055131353345,224.82801512892473,232.34063036828366,242.5693885950024,,,226.31168171161258
494,2021-05-05 16:41:45+00:00,217.28200564597674,216.7033075823694,218.19646783085585,219.00631403631263,222.74229955743576,237.24182152827996,227.74033695840353,231.49888814123105,222.51564296460117,224.05540626318884,228.39646236028153,229.78735059477356,229.29832722367925,236.77977304510955,249.07646314853844,244.9442868911368,244.2608551798029,245.66780337730364,235.8221613574326,235.8922574519929,234.56742632128186,229.74044746931648,235.82658858040153,221.80561295902348,213.42701281772938,216.0664602991951,219.62403875429084,229.1044828147179,231.04668581893299,224.32735398242232,211.9199743815281
495,2021-05-13 15:50:23+00:00,221.2224217552425,217.99829490579148,226.88668771213807,230.30004163967766,235.08817747467026,241.24250362203514,242.20465176203135,236.89897139406847,,,,,243.53643732892795,246.76048886752815,249.37842256512903,249.33476151157112,251.1726294157258,250.02066330923194,246.69423786909456,237.6922614183759,237.72960500396704,233.33906254144784,236.22068638562982,222.93023697486848,216.70708267727065,218.5850047648553,217.64281463916598,231.95366676077325,231.99247537328142,225.3079495925823,
496,2021-05-21 16:41:55+00:00,200.12269073134615,197.26513339246532,205.77388043661588,212.34525677601576,211.91013631502716,226.72010865044263,223.43259668517007,223.17092036307295,210.05425517239138,212.3570336703088,224.36126393827965,218.01859482070248,,,,,,,,,,,217.58320178708158,208.0532073774073,196.68248128774042,195.54866052215323,208.63809249037695,221.54655132014454,222.60010272300036,219.3628419061888,211.68741417243226
497,2021-05-29 15:49:01+00:00,,,241.43027605404444,240.3640909400867,243.79566520902821,244.56940416181737,247.31634494991565,242.93004045987175,242.61999953521394,244.28794842907803,250.75540221245336,249.1300573903486,254.67968884345606,254.67409016144154,257.27115744156595,255.3951884802757,250.8229276235666,249.2818930935505,247.33694494105652,245.6142657933586,238.6474457214984,245.6812352918355,248.4028008845981,,,,,237.0197525339048,241.88643390465492,246.64056748202995,226.93542334085362
498,2021-06-06 16:42:03+00:00,214.72614760865847,219.36197067749418,222.92756659810044,219.33319960829806,223.583537915221,227.0516813956448,224.8691566157745,223.20432939107525,217.51917158365845,221.78133747943266,229.42350199243754,229.41262516313074,235.0484184425433,236.25959802174887,237.22087293882768,237.4216261150197,235.87327738071164,228.80364253449227,228.97273022206576,224.85686774186314,219.30582299243287,222.44252830748346,218.8652159530365,207.7575417637242,199.55705509660135,198.4650324661839,207.05170420784836,222.51261423190854,228.71319702138175,224.58582639821432,216.0427554384501
499,2021-06-22 16:42:08+00:00,201.46077404448087,202.07872864264883,207.31105279419836,209.89887032735209,209.4418647118116,218.26787032723877,216.88376623736292,222.4712018782689,211.45904418949226,213.19763168379825,222.8733892554316,223.9424351975839,222.53808266703507,223.80679944177245,226.09168978979204,223.79973159633636,226.13249503118354,219.81409682942194,222.805157919973,210.96579092723258,217.20660427381998,220.70655837633907,217.3286059110472,206.66323818365817,198.0071699431789,196.91438892626658,207.78315770724615,221.05163604938127,218.52943881399565,209.44907838137942,217.05405086315702
500,2021-07-08 16:42:10+00:00,218.56643154368376,222.46309816212215,233.28901179795514,230.7200442755887,234.8480314828644,239.34921112518538,233.65417122586734,232.88286582289996,232.17853972385004,234.1764310613255,238.1089986303828,240.10105328743572,242.46796545164798,242.38160379050117,244.1575608545788,240.9034233004758,242.15492838028632,240.80120839426968,236.700740785061,232.26076825833246,234.57977501626164,232.06259620735614,230.7557637501792,215.47403467434611,211.57339786563165,211.88663697785668,215.5391887183876,234.70922809529736,230.7208353863603,224.4385986975318,227.86757408631698
501,2021-07-24 16:42:15+00:00,216.14702189142864,218.91220310068442,221.18017575203183,223.9170903206305,229.50986888331866,240.70370687450662,239.37186342945577,238.05938926372195,233.32812203756666,232.9203825753295,238.95816457122314,241.97520451401283,245.40486367621725,245.13008309303854,242.57703488193903,241.64499217981947,241.0528819873337,238.96168250460596,240.02062723193453,231.90072905073058,233.65149894992524,229.81930749983792,226.8544102519126,215.5376684386878,214.63392493197213,207.0504441110994,220.40423213061925,231.44502787345021,233.644650011506,229.17503267956204,208.10558585327135
502,2021-08-01 15:43:37+00:00,216.8091114104969,215.69346108482154,219.77149018620025,226.1092561731623,227.3894179584883,238.93631373342538,237.84374330996553,238.36165457980948,225.94807019344844,230.64383126093566,236.1456160824995,234.95804263187242,241.10295904408423,235.40108673203937,234.94890954742573,,,,,,229.62680455364222,224.47583440743819,227.29936528055805,217.58311093895932,208.8826248720004,211.9820365097019,218.55771586590873,230.80927930822537,220.96460528355286,215.70273046170635,189.06290547923953
503,2021-09-26 16:42:35+00:00,223.30014067588257,219.980879001359,222.43817732930685,225.24266779798592,225.4711959013189,231.9825945463276,230.6992229139595,233.18254476302184,224.79130283920242,225.50210689436312,235.40957176552388,235.79015330773845,240.88458204771476,237.14388129663172,242.70684872504694,241.1321359378004,239.6970232135034,230.75329549245996,234.97343298800496,229.13332086459607,230.74807598108177,223.42130412600184,226.04702696870956,212.24205889089643,204.19416663612373,211.02336046170478,212.17840253302273,223.96772284449833,228.32666711978536,224.97139662590138,215.4698700002259
504,2021-10-04 15:37:59+00:00,215.07715534410295,214.73384138787884,216.94091311387024,221.58005512059992,226.37913966228484,231.45225279476682,227.05517918436612,,,,,,231.7099388222774,234.9369430349618,234.91540904245537,233.72637630004505,227.1741603161513,228.8380284481342,223.3184336733676,221.5806027882119,219.90113681810172,220.29606911834668,223.16381229818717,203.71501764350606,202.67726308903212,205.49012266397577,203.70110552097594,222.3254074374048,224.16241941583178,,
505,2021-10-12 16:42:40+00:00,209.36722722302568,205.87542160235603,210.70150184930253,216.5602515617437,220.38811713367505,225.62358743579972,230.79883919740678,229.04635641691814,223.65170738142973,226.4572924919428,230.68412714361017,233.1276820697626,235.7061396931052,235.92306158647156,238.7486606823545,238.79259947779377,238.97329767071633,233.88580727996612,229.02324716101867,229.1717377568412,229.54898929302257,227.48678702280733,223.94724817900246,217.40305137921513,213.35285687508406,215.16068564580428,222.93309792421644,231.24574700490945,225.42886874289871,213.27474157405305,216.09762943881879
506,2021-10-28 16:42:41+00:00,202.0862811503803,200.490900536815,218.99437946344796,221.81344853585574,223.7515529809545,229.65952339558794,231.12744920304522,233.45001799925245,231.21937630515004,228.42957460215115,233.45131654849723,236.5371913885074,223.9907203384821,237.29101330274176,230.16106986318007,225.48438127691946,222.85693261651852,225.32857062026028,230.4894508514553,231.97735521318967,229.9963990989051,222.53365537923574,225.2784322088732,220.95294087398034,210.88288712224974,212.4613744786934,221.94835621191834,235.3664817872978,233.70631944892472,223.65855199331807,231.7247433264669
507,2021-11-03 16:41:15+00:00,225.65692874957074,229.09340889899715,236.25503487860243,238.90408365735794,233.22474631852003,242.19411177750354,247.48646665611324,239.1616179521593,236.4044980192023,241.36035195307284,245.44440194895776,246.6387620926679,247.82513507501994,251.27650292882566,249.13079844959566,248.96070017473886,250.6883751063438,245.98468234944096,246.468641333231,239.2640086620642,236.74824225182113,226.87860582764597,238.0237342335716,228.7991048484286,219.10161491000912,214.2819148311399,226.72696584664914,235.66280005529381,237.66542524629608,227.2518052591403,213.09242935548232
508,2021-11-05 15:35:05+00:00,233.69182498041573,236.05667039432103,243.65326938367207,245.4902971756382,243.34133688996906,250.46657415939026,250.9625475722161,,,,,262.1414850024153,257.34033427286613,257.24662032934435,261.45608532335126,257.6993579892966,251.51153129132632,249.3418471557127,248.46950680886198,242.2540862283442,240.95338776932238,241.54385098567406,241.52210356236367,234.2582991422529,229.7518341930516,226.98727882880627,236.13260561853167,248.2217946633478,251.6965664883121,247.36449645984328,
509,2021-11-13 16:42:37+00:00,223.83223647840776,230.4459820727563,235.19303456307225,237.48219607191083,235.67369254068177,240.38285803723892,246.3591223008957,239.87250681983633,237.06023577841376,242.68489204369934,243.7524030132503,243.38752587451967,245.66946354164781,251.96760133374886,248.81457963162,244.93064693078284,247.52453312158605,244.42890877009225,239.67230804660147,237.00833646492882,235.14193756316118,234.254879620608,237.79125405287755,228.40119713654502,218.65810285657628,220.66532699082757,224.8307274687067,233.92760290371132,236.01932651644955,226.732025861982,210.88219670481385
510,2021-11-21 15:33:31+00:00,245.722835206323,252.51759556219514,249.7432585138867,253.3784376391438,257.25031207050915,260.59024010487104,253.25224877122076,259.80271592799375,260.74338924069104,256.2100794117391,261.24120513819906,265.3788157153547,268.8442129944972,,,,,265.29486935004905,257.3550624812522,258.0027188324966,255.0646099311079,253.16336880979026,250.09795941171643,240.72392133326755,235.7193011894858,234.28748154382922,249.00297851516217,255.52922500232847,247.38677386284655,242.2772426403788,225.80878771238278
511,2021-11-29 16:42:37+00:00,232.0635438944145,234.3894395775801,240.99576461671185,244.18998872274156,244.00785147222828,243.92954645017534,250.48392741236097,253.36434342138222,247.9145577077817,249.34264795039505,253.98219064560845,261.8631064280206,262.2866539165329,261.53636636039016,263.62042712585713,265.9107133469773,267.49467745117965,265.17033609016835,255.35490401349915,254.0487603925061,254.50317636233893,245.32011823420441,245.45756564580273,237.45934512875834,228.81481148756575,225.20002231310448,233.56576127600997,245.3555384149335,243.1492151232318,220.26085593653892,204.32757158282246
512,2021-12-07 15:32:01+00:00,237.73943224018737,235.02856831870497,240.14637371135797,245.78250089318868,245.46989408214097,247.3587192766915,249.11560163934809,248.6732923750715,245.88888387414443,248.09015230274636,251.98651469891536,256.00206212666546,260.35215485643096,263.786682724918,262.9967383837979,262.90652670936845,258.6248544951367,,,,,250.83186676392603,245.67423328339405,239.49628962080243,233.12992440662742,230.85949937655425,237.1997385437716,245.0706162241803,237.8796631994738,233.21321267568015,207.87419133929797
513,2021-12-07 16:42:38+00:00,243.06274437068998,238.55560571183958,246.45518234639513,249.41937274331832,254.58461938566703,250.7846770938059,252.30436507169185,255.95532900639188,253.9276373080525,256.18695631032455,260.85425267665295,264.4872019015167,266.115820299492,268.97517646921636,269.56011241761655,269.52320582582445,271.5434805684549,264.8393910239418,260.2879742693963,258.4031839451447,256.74854914465413,255.81169973971555,252.64893355626072,242.45116828580973,233.5527843572316,232.18181655972728,240.7157450372781,253.61699484020903,243.49941779855592,235.87526229172835,218.69724294886694
514,2021-12-15 16:42:36+00:00,240.54445616125886,238.35710808975716,240.64885536754565,243.97255823928913,244.16711117603128,247.25338803853697,246.9143886225636,246.57649593338317,245.4980867313947,249.8679865179438,255.60031093250342,263.89335818502195,268.55540921252134,266.7513553646253,265.63779481569776,267.20049889248384,267.33904866153694,258.2291859743633,255.29999945207425,258.13156007882185,258.4619524009344,247.7833170557124,247.01973680435498,239.72491670723429,229.71180383086468,226.90641270476488,240.6727911952024,253.9165312794767,246.74575397990765,220.7232708834834,217.79869830007823
515,2021-12-23 15:30:28+00:00,246.41404174183737,,,,,,273.7657529781281,258.46806368301105,255.15794843797346,262.8612977840827,263.12205609112743,265.60226641034103,268.44932336993645,271.6480572205013,270.27243387363023,268.9558527038223,269.45507601650576,265.50437335690924,260.3862453687748,260.63635263317406,258.61953039405637,256.45141439392694,251.01690171703342,242.39573709038677,234.388023618959,234.16455339172816,,,,235.87148319958618,223.34799499306664
516,2021-12-23 16:42:33+00:00,247.55382429706555,251.9309732795372,260.95974528096406,255.74238878273593,259.3426761459082,264.34571175442727,259.1024072396179,260.6649727437059,264.28751676646186,266.7541613872406,264.88451770531526,269.4996542599496,272.7660097644578,277.60859930308214,274.2549433909983,274.04666693173164,273.24803995966994,270.26202450299434,264.74577120838904,262.68796213888623,264.89174971453036,267.3662021453655,261.7191959011767,245.98016863784278,238.34969343928253,240.32209103833543,248.2183409324088,257.74151768643793,245.41632101706674,233.45172820316662,216.02933328263822
517,2021-12-31 16:42:30+00:00,238.02049116342226,241.6467112051094,241.97053703543097,244.1976441904047,243.2504403067659,249.15093382017324,250.45747647995847,255.0986523196506,251.74365243767699,253.27956577906454,254.74243508346046,262.4572525404065,264.89694236746357,263.1479117874884,265.9777802688313,263.2182806023444,262.11479974703514,256.20924361155096,257.83548054118586,256.4593608139753,248.6144448798311,243.77572702922413,247.87585195539918,240.15305157948816,231.6217187773039,229.41948457410712,237.646390395318,254.4823661149732,241.5506430446076,237.0780342649743,202.193893887817
518,2022-01-08 16:42:31+00:00,244.3243786716638,243.6793092402899,246.05591597301932,248.6455142514827,250.88192399537743,251.6251476724738,253.35852912781957,257.63809031325616,256.2182026427192,254.12729101107243,254.8694514513972,263.6856524778309,266.49716122872564,265.6842195905506,267.6336103283603,267.69707262273266,268.0648201837449,263.0132735935289,259.1280251547052,260.24621529720343,258.16749535284623,253.95511493055017,254.70534156377067,239.6947371163536,234.05799449012062,228.9795777314782,237.01346923002856,248.21613348629202,237.08035689857772,231.49100741432113,202.2641967815543
519,2022-01-16 16:42:28+00:00,243.0780173022034,245.50593348643002,249.57454245683942,250.09404208671955,252.09702696787693,256.4770909911083,255.30050753949254,259.2238432396686,254.3805370999729,257.92651957441205,260.1413896943699,266.14836843428395,271.54972932529563,268.0321584174543,268.74625896310374,269.5926419721635,270.98852845786087,262.0078696037006,261.87097640938714,259.9416100929493,260.0343185526437,259.9616000472206,257.2703626882633,240.19068513140266,234.7297618891203,238.3658406010133,247.19663607598235,253.36226215837536,241.7222066033273,226.59229333801937,212.88789937113722
520,2022-01-24 16:42:32+00:00,246.05924715743652,252.36602037083793,256.78699851865895,260.70285741134285,260.05135962534376,263.17147897328334,261.6296628731448,263.27108441664046,266.9997000034384,271.7128760302363,271.3262430314521,272.4937919307,276.87261439127184,276.8560264879056,278.92584011786545,276.34425120092703,276.3505540278481,273.84821904783973,267.8445614072335,263.7520280480969,263.0182787136049,267.2848740116725,266.7027499474797,254.8075801371055,241.4464196684984,238.467494860262,244.21280868067151,259.1476059737342,249.20876350638798,233.04208312411671,223.78509890435538
521,2022-02-01 16:42:24+00:00,241.38226956707456,238.96208957218204,243.6130271096415,247.071711998112,250.2332398228486,250.74176244587548,251.85834091139003,254.40675860184987,250.8582376989406,256.0826024462789,260.7181641149813,265.30741645694064,269.37985558151524,269.2949612365793,270.8670927248086,269.4888533146949,268.6077907536554,265.1224694217519,261.18838296461786,259.1977442776218,255.12110992295322,254.55879809277212,255.08196281237468,244.87974090309208,238.63135821365938,232.92274106436872,243.29564557871652,253.4355009461693,243.30093087067462,227.8636888151845,217.21497620185104
522,2022-02-09 16:42:30+00:00,244.05629919876196,246.28231024672786,244.7318895463806,249.0324493020684,250.51678353840353,251.58762290228313,254.46610261954027,254.97462999940007,255.18643333345864,254.98816151941008,259.7163931148416,265.9170303708074,271.15840639014186,268.3679932223537,269.81481600154916,269.78440524230734,268.4763849520292,266.6197070690845,260.5930649014342,261.0295845913631,259.27583991003064,256.97864938640373,254.14030423484598,240.88646489642636,232.47582969889027,233.948557382547,247.52555123206446,256.8488845788399,246.0670517417654,234.25676248226017,221.44018976582436
523,2022-02-17 16:42:19+00:00,247.05694325770025,251.87948149875095,250.2697176902407,253.88705513808014,254.13414871290968,253.76914268760072,255.52392419399294,260.34694492335194,262.5206232560908,265.5792347102152,267.87751242350987,268.6267529266615,272.3587160255273,272.6611313948986,277.5767622714932,272.27201145932827,271.7322156430422,269.3871314007672,262.6993371632843,262.304165305373,261.960977325767,259.99543848790734,255.1564021287727,242.12084578176254,235.2112599834325,233.4510502747781,242.58049686339587,253.8478180287734,240.42515788209732,232.71283520612428,216.06393145406795
524,2022-02-25 16:42:20+00:00,235.28789981256972,236.34160470482777,241.59041473497388,246.97047388193687,249.41828879404235,250.90903718097366,251.48583779973842,254.0028199586332,253.18421738749277,253.07928863800646,258.27338206751904,261.475229532653,264.5710778159849,268.0821281059886,269.5063885843424,269.91211075747754,266.5662804764664,265.064325488016,259.2715258658439,260.9524064438585,257.88245217461247,253.11776365475316,251.6131353674503,239.78346055304922,232.48395243734552,230.1914121648308,234.95364951214924,248.8838142118482,234.4110862752345,230.4732245641502,196.19238089186058
525,2022-03-05 16:42:16+00:00,241.99075861546618,247.66687888791483,257.24453440010484,256.40057014111864,257.8879815988118,262.72921147673776,260.56663232846097,262.1320816987548,264.0583644469382,267.8701568038472,270.2276483401675,270.68118520947434,275.66633131980564,281.83199152454955,284.0986930278334,280.13834559308236,279.38124863459655,279.6866777123228,275.6874981814103,266.4103985955668,265.17585096153897,267.27625058098647,264.39037005141813,252.6755215188286,239.18081935132946,238.61243047475813,248.7005497440394,258.0066319340693,244.74869651717077,230.97240019920127,224.23288789840794
526,2022-03-13 16:42:17+00:00,229.08512109871484,231.5868436229069,235.49993808365915,242.15642735143803,,,,,,,,,263.6779256252838,269.39597322520297,270.0499640250256,267.5397721004474,263.92125843268536,261.76097907551923,261.16326556887464,257.8277176664662,254.8278628719809,239.92295923401994,,,,,,,,,194.69334274983584
527,2022-03-21 16:42:07+00:00,245.1680457367391,247.65045931972026,249.70223166464837,251.27270106730498,258.31223468415,261.0292260240392,258.3817051620311,263.3213177950014,263.3316041310039,265.2743850502119,265.34756841185913,270.01461405428927,273.8674512721076,277.361914282518,279.06475040034906,274.80672616197825,273.59755653589826,272.9280681605981,271.98539342237814,266.0744747265787,266.3257908017415,269.0885711610635,264.2969665715987,247.15761713678842,241.67484896122147,239.889791589382,248.8053322704207,256.49308636653484,246.19587457671818,221.67259677360698,218.4364870040851
528,2022-03-29 16:42:12+00:00,227.3397543444126,224.97423239224545,233.26481065442883,240.61023889582282,241.3907198374394,242.78337200331208,248.6181659006961,250.47905311972454,249.6186574382368,249.24904046138354,255.93206449013823,256.47230940503914,264.4215647185385,264.3402188328111,264.32219706668104,262.68514838525255,260.33323343494084,254.1337310500875,253.58583837922222,253.2949646848271,248.34556297957585,247.2010002240799,246.8908551255079,237.02168487892325,228.62980046142536,225.09740206383088,233.96379226285643,245.27421523190992,231.2156614614008,217.61991468374296,195.29570583388153
529,2022-04-06 16:42:02+00:00,240.29873447948162,246.30306681434203,247.95291931133588,249.89867280322952,255.41855173217033,253.32352850714148,254.90633081842014,259.0018229746891,260.19401668415236,257.7654073370031,260.8625771251179,264.88018833991384,268.91331509815745,269.085221396665,271.77279944048456,271.817887515977,272.1555836233653,265.91216084188653,261.77990972391694,260.64688071633157,262.45891144713266,262.13587531467476,258.0581244730067,241.12786701225517,234.40934649563374,236.55326624544065,242.9756957996296,253.58119574020503,242.95894245491306,226.25775720859087,205.9108127077988
530,2022-04-14 16:42:07+00:00,209.95668693364323,225.0720944978336,229.86453420231234,236.72346569886903,240.18941971194616,240.0033859228895,240.6309000874304,244.33089931995482,226.9714768370449,,,,,,,,,,,,243.9785052599796,241.85725635365333,242.4387298939789,227.77924321369971,217.8924999602697,218.99878307910225,226.35977738507768,241.32957484648412,225.86211626091304,203.50922718696143,193.27439808776336
531,2022-04-22 16:42:04+00:00,224.23294365543063,228.59431588091488,237.41572864683042,235.97777476799078,244.51212488831573,244.92552800076666,249.77482456410326,254.69852971708568,249.23278638455034,252.82606351645765,257.7472691843774,261.6017907272003,,,,266.73647234634075,265.40372699166164,261.46744635359966,257.25402770308733,259.88104591560364,257.08909460158736,250.33258155086605,251.21726838872723,240.8977976640113,234.40970462472674,232.98291690457597,238.05203651752277,252.37874800639156,234.7645441179916,220.2154763406281,195.36928623164195
532,2022-04-30 16:42:00+00:00,238.07531555848095,234.68493647867388,237.7992412254656,242.92761802329488,242.24843713228705,,,,,,,,,264.6334038004457,263.9302623487801,264.49733299184624,260.62395159415496,260.3625382162817,257.95950689963513,260.97779679091366,260.9469843398231,257.6596391568322,245.4271754977546,239.77421713766876,229.16317925814752,224.4957557747138,229.87887598459116,241.10401715119784,232.01998426674854,210.1970201772014,196.4530624111926
533,2022-05-08 16:42:08+00:00,228.06018804315073,225.36078102903036,233.25158285716918,231.10758137525465,234.17940778503748,240.09898788741134,238.0915841466651,234.5445741948326,236.70622371581268,237.35650629679526,238.5866458307783,245.02126669656604,248.45137135500457,250.99717696042006,254.66471699590167,254.13868221451617,252.4103237341684,249.33546158895888,254.86787930874226,245.9245791706278,238.65735140079832,240.75078141975484,233.75102856376685,217.93967298453137,209.2546725024818,210.84990970866656,224.21978688618037,234.84522697563983,222.59894443694128,214.0619355242381,204.0132187020473
534,2022-05-16 16:41:50+00:00,226.86587856527882,230.7210502617728,235.63058071120778,235.13268325047608,228.40934929935725,238.93238229321852,243.54227637167617,241.27115634080826,242.27294135165056,247.0696194648827,244.75401438177784,250.62479621783277,255.27013866061395,254.9681306733629,259.20314584940803,258.6066014489858,256.2863312187986,251.05247540806363,252.60113749574407,253.06517434607295,246.69800175476047,241.44403594895073,245.03508263087951,229.658365000107,218.1918576968799,215.09981220306153,220.73844490197314,232.86499670539513,219.73556989673614,211.00649363273874,200.94413099961585
535,2022-06-25 16:42:30+00:00,223.7560323776545,226.22104355865025,229.46219296791529,231.598566465954,230.87820243172234,233.52191166361158,233.5154179644228,230.18305076817362,233.54964059824277,238.4645120306192,232.54674838640844,234.94534717120422,241.51764416907469,242.6248213889183,245.06192532742395,242.59146053562955,236.6128556004219,234.45382462958975,226.81279117456126,229.81814916073216,229.9461286677389,227.06380130094885,230.287315304517,219.59192772797064,207.39955202439302,208.17597975680252,216.9827120293456,241.25481290229322,239.32346715954424,233.03044380142876,221.94339781422718
536,2022-08-04 16:42:22+00:00,216.40123041229052,219.35504706098703,226.7003955048841,227.84032201576503,225.3608419345699,231.5737934621875,228.8885883751788,232.43761871616186,233.30296170322796,230.84738570570252,238.1325127709016,236.67353363093784,240.63936217745186,239.22004350372907,245.4322370666049,239.5979277252324,241.44916335978175,236.2468801269395,235.2204216383531,228.64725303925525,230.18468218750021,232.25894554154033,233.20137037256228,222.94350700218064,214.2522730976319,216.0373062612071,225.77864643412966,237.96715436829413,230.18952142115774,223.2470194544888,213.1873735881185
537,2022-08-12 16:42:46+00:00,212.33664279765614,222.01588154573267,226.0272301278177,227.43081552405738,225.4287663956964,231.98969252794896,232.1249654842872,228.18731649541775,228.11902915367392,236.73621848175694,231.76382732793695,231.7303303825248,237.39988109296615,242.97206761327513,247.79374127008126,239.02786735069358,239.2588908124712,236.00019210781755,234.0103353199029,229.830577969098,225.95369161703184,233.05465760010833,232.82312974244067,220.52209944994092,218.99993961058755,218.84224549599386,227.56513465564933,238.18615287803635,232.9813529515556,217.25998752608274,211.29309174146064
538,2022-10-07 16:42:37+00:00,220.01777919063372,223.84934242106652,228.6984400132463,225.673047593021,226.40356596971816,236.09667095926687,239.8029545823216,231.50304957507865,234.05037830664475,230.64081939312376,229.48268567686262,232.65260152435033,239.66869480899263,244.34225362932227,243.25608116959108,240.51297948978933,241.99198726069673,242.48273289135892,234.19773144666502,234.43248256720983,232.9008854687107,234.56431676163822,234.38852872658703,225.44493695600886,217.55669901785308,213.92999224445575,223.54097153282325,235.0400636669279,223.601179986942,209.72751359557594,203.39277469972754
539,2022-10-31 16:42:54+00:00,238.17688296539248,232.35268335760674,235.77195637370397,241.20538733366988,238.422742342654,242.70305713003634,248.63518524034814,246.14154062209698,240.44278165594463,248.05717181224927,252.39762755583283,250.37304572364644,251.51107445901133,255.0790071111976,261.7653503649424,255.63105467541052,252.38544569698598,247.54038595818545,252.18730800327532,245.5173940689752,240.5759480595316,245.4679840947555,245.16710350942478,239.2676393540059,232.84414638054272,225.75977761776983,234.26392795659683,239.35545883222682,232.9452980374276,228.4050469111329,211.9606409913832
540,2022-11-08 16:42:42+00:00,243.50602791300525,241.99820120076487,241.59000072541855,246.85318465664704,244.4142611996454,244.11264673962395,252.5777776974495,257.9448105916545,247.83617127522902,248.14955361470916,254.9790320165494,251.89711310391237,253.21112927397223,255.7724618267229,260.6445195638444,259.7913806162678,255.33102475072113,254.53093215231834,254.66006900769625,252.74445119575967,255.98587096894136,246.3076986910664,245.4616286360177,236.6145657354865,230.96452217670947,229.17660796606094,231.33509478795565,244.24080972206752,240.48779129755678,226.9051386701199,228.82235346626163
541,2022-11-16 16:42:47+00:00,233.2929908417427,232.54559666402326,237.43869801154867,241.74927292079397,238.91965243136764,242.26319288366645,247.41183851216687,244.4675925445216,240.8673401728516,245.25453118367236,248.79451024465166,243.48713301856338,250.57808587619544,253.9930856588727,260.83302688641004,262.20457293161587,252.37588477805616,247.31293880489713,247.35673106621675,246.06618351339534,241.76606766624062,241.33992416275203,245.4755933288045,239.37332862417804,227.60150682099578,224.85542201464963,232.8582284430471,243.83186313308306,236.32384957104665,226.63708269920653,210.63258056043543
542,2022-11-24 16:42:43+00:00,229.98063046222242,230.16341104984852,236.75730324297018,242.65351245600962,239.45551022404598,241.6581054582991,246.50936975184544,240.33830377614606,240.41737637727582,247.7609260408395,251.24062358980595,249.9023947527903,251.73247424582354,253.53295862341702,256.4352992509719,255.49682540649832,248.36072193764437,247.72922189488006,244.91747230607663,239.86241398673613,237.10679625190664,236.92829214810092,239.8745972973009,230.49631618244433,222.53065211250154,222.73689669319526,229.0045401781681,243.46940625108348,231.2079385896177,225.844487682869,228.11695196805024
543,2022-12-02 16:42:49+00:00,229.72113266930705,229.58920128604242,234.78332089378165,239.82796914977533,244.86483393121748,244.09088636361366,248.70958708125218,248.41773442833627,239.232284716997,247.12398136896834,250.46860576946193,246.91645869195537,249.9410430486151,255.9289014967518,260.31052470903217,253.2602726686636,248.88443478639294,248.45765178296276,252.0638216977164,248.06609636530987,242.0545191916455,242.325194816257,244.97784958483234,228.3849884455326,220.6932338129427,218.36891996602048,228.95502337001585,237.01281520783235,238.3528435236096,228.5611826130064,216.20341684895996
544,2022-12-10 16:42:43+00:00,249.5016220372318,258.3008378280471,267.50137719763114,269.0517822870113,261.25927653619374,267.14859957225,256.5123376117372,259.7522557279617,262.7051432470265,261.59210471535374,266.24537476659464,271.9771893477364,275.14439058147406,281.1393610494737,280.7893376876161,276.35270730833645,274.0016471670601,279.81102879952437,276.9966594183678,265.02697366661096,266.801009128632,267.535691693127,268.4387278993705,251.9984569108937,243.82606947294863,235.6669111534161,245.9217203656574,253.05984667215165,246.3058327039275,238.50699158759392,225.9529683377652
545,2022-12-18 16:42:42+00:00,245.5913584509352,253.01929793715257,253.41553337000676,250.0604178074483,256.46662595690276,253.12435505618146,251.2344251998715,250.85325956178332,250.2754094763315,250.35558697806024,256.9814390148879,264.2718230132227,272.85319837256554,266.17720166733284,266.36819504001306,267.7626265924189,269.2990304476814,263.4765611889557,258.44271204267574,259.0652718062238,263.24923817806973,256.79123958723454,254.12848544036493,230.2147519772553,221.68694285605474,223.92483329007126,232.5516359280598,246.87258097033288,235.56943614643905,234.4770349892126,214.62551823796673
546,2022-12-26 16:42:40+00:00,249.3426933578652,258.8913266439088,265.36484849488045,265.5034015006128,271.0703233236215,268.6320303374195,271.69903887057274,265.0076910131553,271.54488446267095,277.3226007232194,278.793154017999,281.34798305688804,282.92164822055884,286.07778491818164,289.52677000441423,294.7045606932304,278.75338545674947,281.761086315754,278.3923916361794,266.76791892579104,266.0982968442772,265.55266265557066,271.6102447812344,255.99934991775675,246.5017322158397,245.26002844952023,248.89370185512905,259.4145305238209,251.44608569303233,240.98713817961263,225.4671112439611
547,2023-01-03 16:42:40+00:00,241.57459340182072,247.7526204415411,247.2257164227011,246.73605618390383,246.21247717128614,253.44629815262803,250.70728057794236,256.3496440953288,253.3591522775119,256.45943257037925,259.33916540324293,264.09903671409916,271.44970627859834,263.7079163481675,262.84586887048835,258.93544738305025,268.1832765244882,264.469757702997,255.20624618693557,258.11357498803494,255.6561370688178,252.74439928983142,247.69557771560827,243.66970589159055,230.0526070222674,231.62637809117518,242.49320833256502,247.60216904553053,239.3891599678446,236.4189874926783,216.73378639539678
548,2023-01-11 16:42:41+00:00,246.79604621158626,256.5167754625395,258.75050944064486,258.769307522042,259.5425856220273,265.95049585406645,260.9165682684759,263.52705021564236,268.0486921764759,266.50497139863444,264.3490153953727,267.6532100578582,274.87720816746975,281.77606585039894,276.30160174704724,277.04668581924017,274.3902661953233,274.7382181999368,266.2118717237579,263.15983446576865,261.66416184996706,257.15933824960933,256.5661616203907,246.45970547116434,233.49398568924943,237.72858450431596,243.13065574531834,253.66138210774423,247.8165760075458,236.36373235248948,221.93767600669136
549,2023-01-27 16:42:40+00:00,245.4175814431385,245.1060532000967,246.3189051541557,251.36993757306516,254.7611792538935,261.56875507248924,258.3642546810774,259.1720602210779,257.65789714300587,259.31851171110725,259.2189579025621,263.3452508370099,269.93804656084217,280.7201314088083,280.9070093024155,273.68511747296714,274.0004278378611,276.94152401264483,267.68685894410544,262.32547182149585,265.2776688045851,262.36169199256216,257.7024304363221,242.57754568324708,233.49006751367688,230.48978241821106,239.55140591158724,248.44475078224684,237.8880408510061,225.67721336692284,212.5002621805111
550,2023-02-04 16:42:38+00:00,243.81872544632384,255.62650398286087,263.415882376844,271.6140218969499,258.6344769454199,267.7368845865625,274.7179794454945,260.2677058160247,259.47394470117985,259.6249925916169,265.49920759320645,276.70013480242847,277.0512623380934,282.85131602845195,284.21298837306983,274.4024295532196,273.5967445158411,280.4935756126273,271.36646059095744,265.96861139183136,264.39390129665816,263.40797045554996,258.50807637612115,241.93344201469594,233.85789302671196,233.28196563527376,242.94700571653385,254.22512973628233,245.25933829060648,229.34512525813057,218.62364999483538
551,2023-02-12 16:42:45+00:00,246.5614276490685,250.63786055100474,253.24855580491896,259.6972819745696,261.3244738903808,268.2430129602719,260.34972269914476,262.7479948264018,265.48302038801904,272.8667913522254,276.74250947505476,276.5072796571814,275.4501959841188,284.5010260823693,291.9952558030408,284.35417661719487,278.6624276558189,280.94235359071104,275.6297387725871,271.7974565275341,265.059777117847,262.15245722283635,258.88599454794826,244.2469196305071,237.80569042205778,237.62683913233138,245.4531279848889,256.68585670661366,246.82189206936005,227.61447166379145,211.90702175096033
552,2023-02-20 16:42:25+00:00,243.38161438881036,247.27851225925457,253.55438913550657,256.22161322166164,257.28042234115776,261.2574799085579,262.90918947877543,262.7918050051274,263.64818093159204,265.57744083472875,265.84716921271973,265.97327419183955,272.62521385486843,272.3010455224652,277.50459674216995,272.62636150163166,275.8438127692347,271.67829573664363,264.73171704381514,261.0644051803274,266.3230193935625,265.4521359893024,261.7218741827439,251.5900034893911,238.0835961167096,233.57138639654758,242.17584297720654,253.42919431242814,240.03087984706335,224.55875957653,224.6514877588235
553,2023-02-28 16:42:31+00:00,237.0090810238008,237.78323198667135,239.13805986392137,246.94883901984838,252.20396645868001,258.8315381348659,253.68920824868457,257.89591730696475,255.08935909696032,254.932711158177,258.3252052169304,263.19319354619876,265.2617521080885,264.4971938597454,264.8605745959359,262.6303380590668,263.4661744399185,260.12456186222505,256.64812254328143,259.18051617216105,253.2830585825436,249.6317031710094,,,,,,,,,196.8264917778724
554,2023-03-08 16:42:14+00:00,238.53002204637716,242.56094449328498,244.65712140378884,248.43033609839694,251.5735131900214,252.23393106543068,255.17899884340378,257.98986460658796,253.81943976729764,255.77109112922705,257.35452641703057,258.9595894562108,263.06376493894055,267.32892396671934,267.03992790180416,265.22678753010183,266.27312008285253,262.0398513493707,254.80191215373262,255.53735827874235,251.8131206515161,249.09249483576068,246.40229672641524,239.51692206137494,231.90853184341756,229.42773793008456,234.08594240355347,249.39302304982138,237.73190397911236,227.58771464122805,202.51855660156724
555,2023-03-16 16:42:24+00:00,234.2873974069559,235.9570730311155,240.02705433383613,243.6986136153161,243.41345024222045,245.81034870963873,249.49167851517961,250.68952203630496,248.77946635520482,248.1026942350539,249.9001728273002,252.3448148706406,256.8583573365007,258.60468671432176,260.60753422765623,260.021773357948,258.42624573889555,254.31658611837145,252.3261286197848,250.85965612593802,249.76328849006012,243.06025705964234,244.49607927279231,229.9566798116353,223.31171331626823,222.65824889925716,231.7381612476395,241.22096511453398,231.1387385234865,208.06222241283967,195.49521627516827
556,2023-03-24 16:42:05+00:00,245.90031125014684,255.125427373879,254.10267531863647,260.4435438616113,260.1255244343613,266.1486374400025,264.5588199604099,261.392872228027,264.9907165921787,263.8503451322858,263.4380060895129,269.9099301332643,273.125058696049,279.34862000799893,276.7937048958785,270.26976435556503,270.9962180180142,269.6839492187937,266.52892503758903,259.3398617449456,260.6134471872001,258.5018640543348,257.1113729360959,244.89398353592213,239.36955302454723,235.54179180904157,243.27180263777606,254.20348638844752,243.32443679923594,226.2903960886373,215.47533635727504
557,2023-04-01 16:42:13+00:00,230.4666313102096,232.892424621666,238.3843998009118,242.72388719692225,244.31711248887615,245.80408269769492,247.20788303744115,245.33293714162974,243.08154661249029,247.77560766450966,251.84867919891192,256.51426196246206,256.20044375504006,254.84409418938876,258.3561444454682,258.66630832392724,253.74551395636084,249.31229296433514,250.00827725617734,248.58516476222673,245.75753890207665,242.01406909228723,241.6211237815465,234.75760870982538,225.25830439340774,223.81086081971554,229.08614205023142,235.8232948824982,225.00399588240623,206.52745933980577,195.02638779129194
558,2023-04-09 16:41:51+00:00,243.76077246070435,247.66963155414015,246.93693931920723,249.07075859263466,252.44174740633284,254.59122124189753,253.105220570331,256.1418426996882,251.51871503873846,253.6491011705488,257.37711555455496,261.7873522564049,264.68475235125544,261.6852100425103,263.84005714142944,260.9517209061802,257.95909664232556,255.32477224757187,257.4840930436306,256.22664209296624,255.2463791088254,254.4461103151055,249.36108583739593,239.8493184327005,228.98111697642378,229.8638286280804,240.07910028772363,245.85996020215453,239.27141117197652,218.29798241631013,206.78822150159294
559,2023-04-17 16:42:07+00:00,232.42996709220017,230.01846342177006,235.06322916701737,241.40137166484453,241.46978320713146,243.49052410443105,245.03267036020688,244.6100038790632,237.5164095481316,243.47850207447183,244.83838681983053,247.5454828482599,253.13522130369023,253.23887406220285,255.03169336267985,250.9196395307332,247.30540749659036,245.72399846613882,246.03620505761256,244.40012649714177,243.04082388029042,237.13765346792604,234.36301253008367,228.20509348265455,220.22768860706594,218.9261542315511,222.9282026574286,232.55752927018546,223.37783945732303,204.02732349581612,190.22278464359795
560,2023-04-25 16:41:46+00:00,238.87053502800705,240.7329969773138,242.8547939482914,246.48386985183362,249.38069719034107,247.8532131133992,249.70927507525016,250.04563338446138,247.96909455267894,251.0479915305676,254.53048454522798,264.54905549168615,269.13690870424773,266.5622140292297,262.7702495957835,266.33440500289544,264.44815310318165,258.7822134250477,253.64518132770877,257.4067074794806,252.14182022634967,249.66140030727877,247.54912429778884,239.40780779917202,226.41811858055792,223.20946449373992,,,,,
561,2023-05-03 16:41:55+00:00,235.62894240148148,231.9949038866809,235.45256312262782,244.85725066539166,244.27321052500417,243.1399148907517,245.2094914757,246.6445212993278,244.77851407383076,245.07614518008407,249.99237006195702,255.76210209404894,256.82815761238186,258.5387636279649,263.34348413510753,258.3486571459568,250.5624407457356,251.26340347174383,248.32521367980888,247.0653341913453,240.61841743720043,244.1245070610287,246.5604897325303,237.2324679706602,228.53560927027428,221.23846551060356,223.9704542612049,233.1871138595139,222.30532288470226,210.12022807627062,194.86755713357874
562,2023-05-11 16:41:34+00:00,218.26712725853773,223.0274809471134,224.330790139919,226.7289235537719,231.35385689418646,237.52750182597768,234.98317237393465,233.0468932963211,233.0389156576918,226.28390913769795,,,,,,,,,,233.42797888229634,233.0716148059921,236.90646597325193,238.2754130430381,226.57788255498315,216.57622600124597,211.3045368875285,217.54629493768988,231.48446540096046,225.3570545242415,207.88176174396725,207.77231893955778
563,2023-05-27 16:41:34+00:00,213.1749910906588,208.4307321101238,205.57218255100588,211.33176647613573,223.15251586713663,230.6988143770625,220.59701152385009,218.06984648726137,221.65898640208007,213.65138439202144,224.00652053043854,233.8090277839407,229.53824242196401,,,,224.17196322689273,212.66856060861824,217.6189382852357,225.86766359426932,222.30622636049668,223.35802612740002,217.97246987951985,206.53737226946157,199.29903416282588,197.4399401257776,202.19728617919623,219.60070657915946,216.95717867169168,207.16545123404205,204.7977399871392
564,2023-06-04 16:41:43+00:00,213.12153977853293,215.82591837548196,217.8897925916374,223.20161646845975,226.6984228620638,229.99568528638196,227.123049044188,224.46437293191858,229.92259538693725,231.56999092573562,232.6129188236046,236.07964231317453,241.6228862012182,240.83388044927926,245.37237346105937,237.66058852384404,234.11940374596165,239.38090411209103,239.00633138894113,233.7437705917332,235.3811373412663,236.74022787142204,229.72851336477828,212.89304822812917,204.4380092123751,208.89297727952538,208.43292637758097,223.85525152046958,227.26965596655123,215.50347045458085,214.1526784354115
565,2023-06-12 16:41:42+00:00,213.41314494302856,213.81860366218638,220.45295402146414,219.42112019992229,225.67533074847205,226.7734396604693,228.74058373715857,226.5491743915127,222.03648878933538,222.58280985854077,227.2263888525169,229.33458682543775,237.85847729766982,238.78550533900494,240.91180687935886,236.3770903632058,234.71547445323267,226.93755807453826,232.79581018066338,230.13821447990665,229.11660802949658,224.2263938098086,223.91244050005133,212.3706834680336,200.68907104923085,200.46592793342148,207.97843948862166,217.51282206038536,222.30551886593977,218.15035439669944,205.50174675271305
566,2023-07-22 16:41:51+00:00,239.66398900916425,240.96964133119872,246.0879387941464,249.31913378687057,252.2352284416679,251.42685982246573,250.61827634711543,251.72472185643375,247.00338535857685,251.09165114665598,254.88042868382485,257.3959419926092,258.6092289941752,260.9029860790812,262.8285307808056,258.6914242303473,256.0759389318358,251.31652485456166,254.42178500237029,252.5433282542665,248.21758519708376,243.0535106573305,246.48151709253904,229.89104799419061,224.77998688760385,222.93910522844953,228.93866931571714,238.7524513285933,235.06064875842645,234.74367902939656,211.2555850443994
567,2023-08-07 16:42:01+00:00,,,,,,,,244.3777281327716,235.8903044867755,241.984735070768,247.8825297823173,246.581818038569,246.48429693584188,250.18637188109847,253.43433592946408,251.11554721589215,246.35256817466538,247.33046929506014,241.212180810615,239.91928246282976,237.38867743521408,237.83109334393873,238.9182039891504,226.90824967135904,217.8384420408953,217.5843565678771,225.4460298608122,234.72180460747555,229.8557829559414,216.91402723461272,199.4505456496106
568,2023-08-23 16:42:07+00:00,209.372462645256,220.20763526774357,221.37847043679835,221.3690715101463,231.1952812458789,236.71877824981152,240.3841894662042,231.47645571817245,233.8936131006331,234.67956091191,231.79483626815704,232.8728999697996,237.46066121859556,241.85727248761705,243.0363680672303,237.93504767434115,236.57519107629952,238.06921779073747,236.52012441199375,228.59951720908498,226.52221860087693,231.65334458122396,228.99590118947134,212.40600525391048,205.91732052299778,204.98732463523973,215.8739049743345,228.75999944366654,223.4544301865536,210.2715104427976,188.74417640915811
569,2023-08-31 16:42:15+00:00,213.46547167740033,221.02220045489403,233.1732982397765,229.6712048235243,229.50719191451773,234.0488972162806,242.15845785880236,233.20563817943025,232.18747732287466,234.62891930696136,236.45492198179045,238.57604847768573,246.09432752212376,248.06485638898877,252.4358905947887,244.4523292602683,244.6266605509815,242.01820936497714,235.7078549182854,234.3492944738669,232.8469274701337,233.43057525773145,232.14266265884356,221.56419971912095,212.5380773994276,215.8737771582385,222.56251003203334,235.95248561516897,228.83880662821286,222.86766160403417,204.5493677761345
570,2023-09-08 16:42:17+00:00,213.36934301718784,209.24316286378667,212.85837991161327,219.8932239668821,223.8872408263122,232.984957083852,229.50221119006827,227.67702211009197,222.40426344486167,224.18798459619828,222.8673155517831,232.39115105168187,235.55126871466604,228.22053940042147,233.37789327444878,233.23838575295358,222.92742250400346,225.69646017099365,222.26784179356682,220.8280975516255,230.57796048844122,215.66741538404247,222.7892632851694,206.97852053571694,203.24197103173782,206.62359091704403,207.6763951901737,216.98858000409996,226.2643823482082,217.46930141752506,205.71078944888728
571,2023-09-16 16:42:19+00:00,221.13341626095348,219.11259478565336,218.2153049168207,226.45352409397287,234.59159777321344,238.4789266185612,241.42892878791974,233.25469985380113,238.3844958411902,236.368619337795,242.06802407883745,238.00482670790373,244.27382126513996,244.0100516047542,247.43368470682066,238.1535628876374,243.0400951525966,242.08993637522383,236.33129233277856,230.24606369691645,228.05860968195157,231.7203907293151,229.36648266769203,217.06841534572064,214.03641052004932,219.47338092980584,215.3362348941311,229.87007484450467,231.2886027159604,223.6416896730841,215.52765658102453
572,2023-09-24 16:42:18+00:00,217.93284605097716,218.954933499739,222.81805607668403,225.2022581039717,232.00030861229843,238.57720651661924,235.4548072231698,230.55088876747078,233.71657483867554,231.90147348692034,228.879462084778,237.48040202164077,238.29286544254938,239.28709256795076,240.01363501636177,236.05671084457876,239.42784785087,237.54736088531573,235.58511734142925,230.13612300396966,232.57951895420322,228.78888046052703,229.9976645402498,221.90832730819108,214.9153408351631,211.2642969673131,215.00797818815994,222.5858675196227,229.8777870390291,223.387046166608,197.68604892565358
573,2023-10-18 16:42:24+00:00,238.95090942265222,241.5294131060711,242.91895401702118,246.82068599169637,250.84207307522786,250.367863425875,250.53741378837876,255.22180560835443,247.51455075732483,248.74939095433425,253.9945835374442,258.31183748686385,258.4497163832549,260.8877533619749,263.14621445667393,262.12877403762684,257.792139229744,252.76463163150868,254.56124668041585,250.06539508643738,242.48851246039584,241.55164982293644,243.60556980754433,236.27695171180568,227.20200679000453,224.53456513581241,234.97232496645802,245.3009154527895,239.08223102765885,217.84616292323864,213.13063434895358
574,2023-11-03 16:42:28+00:00,230.6115727695273,233.34973659128508,238.21056551581,244.63194803824052,245.9501762767439,249.00950791564713,248.4351434733793,249.97480216871475,244.75664545343832,248.89235563379077,249.0599296518795,257.14336980093304,258.28392317120245,259.13034234671017,261.70863857845956,263.9780649112494,259.83184531949564,252.1154837210879,254.64290488602975,252.25002050464633,242.75859621334587,241.51292596682418,245.32598804813284,235.45655551405196,229.01549697100074,225.11628560701698,232.4468699180842,242.59333185846498,231.4402424220096,213.35247818501477,201.59817380671976
575,2023-11-11 16:42:26+00:00,228.92690471724185,233.1214752674383,241.78617298513072,244.7695842748296,247.8463164754526,248.91972133571556,250.73806256635362,251.83174631878916,251.30969016595859,249.22850033888716,254.22488849572304,255.7720304061874,257.541648447322,260.2950014876275,263.91267712369665,265.96060144613693,261.86990788808345,254.45322992873244,253.79650788146643,248.02191980761268,244.0310788343162,241.9674353264813,245.76974148453942,233.78643936702503,230.33139880811615,223.09373318008898,236.48414939852822,251.1054350025987,238.86396919019282,217.50586976498016,202.25539004467336
576,2023-11-19 16:42:29+00:00,225.88750109574997,229.97260058449547,237.8267764997047,244.6688494015138,248.66654623840458,246.0136469361105,250.81357477311929,255.0958164559514,245.7360121220463,248.10950403647965,251.3062967844532,250.07950301540785,251.07762816355222,256.9344590315898,261.6368776407023,261.7640633018594,258.88483456863344,253.63145937197567,253.38639908129522,255.38162690309957,241.09872068498873,238.0290053002331,240.47390372544123,236.4920453544608,228.751131763246,226.85724293300814,235.54763411333144,246.69445538444583,241.7156742196233,217.85304475705635,198.9118759513775
577,2023-12-13 16:42:33+00:00,245.60956994526117,250.319353505581,256.7376439886418,259.45801600684297,260.2984792499251,266.64154467984883,260.6909637629781,266.48025244623454,271.23247274421624,277.0992094510418,285.6041364793111,280.3337144385249,287.11897987849375,287.3651701248416,290.63783086992146,286.6049215820361,277.5441708971864,276.67626132145665,272.40747516050493,266.86401580795996,266.3709987692209,269.2163711408299,270.59080251369016,259.3111369461037,250.115537279432,249.80453521036338,252.6843302019601,264.02406674779195,248.42241470350442,234.3912786710348,214.20837504707325
578,2023-12-21 16:42:29+00:00,223.2119745247944,228.1141590616137,232.8203599356815,239.71700080057923,237.6113751177159,245.7336799179106,248.77461813592595,253.6531284884196,243.84174552807232,249.7185371082084,252.700223005189,258.23969751695984,258.5279126612162,264.23417345231485,266.06499621950246,268.7374297069716,263.87744328660057,259.90227225260026,253.20457270034274,252.91113380729,247.8022411451831,245.5466598655082,244.63021924964505,235.02714809597185,228.47241904902228,226.79318546423332,238.01723842772412,245.3332453525779,238.64485609526372,211.54620529481528,195.32653355242644
579,2023-12-29 16:42:34+00:00,243.81713371746926,245.80072016698733,248.90944121227363,254.66593509500402,257.8472319815435,262.7210093179797,262.0997893807365,263.84956707119403,268.13837625354137,270.06853583196937,278.3550413080317,277.3884970247011,277.5035436076293,284.66783084114667,284.96874215420394,281.19493196561564,279.58122550752546,279.91194861370735,276.4865465549284,267.01557282354474,268.493677472698,271.2969367946321,272.11540296805055,259.50701989856555,252.328004525934,251.77089034782455,254.28367745298632,266.25277834321935,252.21565701750956,238.13916026710262,213.9708681271946
580,2024-01-06 16:42:21+00:00,230.20972613586326,232.03199673934165,237.49088836279034,241.75851534090725,245.06649737266258,249.27609538003225,252.51638743023906,257.96540348051604,258.73511127355687,257.3884288435951,261.3750517759096,262.10006621828506,268.26859067030165,274.5405625827442,270.8965953938181,270.3299413675078,266.2415859664578,272.38573493215307,257.63886090283347,259.97182076029185,263.97230910107453,254.02710845930818,250.50383050324348,242.12606126623209,235.71848542759284,234.36017146484116,240.1954184299214,250.90355420254798,241.00926799254512,227.02105371324177,199.10121011603133
581,2024-01-14 16:42:32+00:00,245.6206100901866,253.84407862223378,253.78645185812934,259.08085101922916,258.7339241690879,264.5293737810462,264.28318560174296,265.79177890057383,269.4530001016934,267.2671996065969,271.6197901312346,272.8702204173067,277.63738665726277,281.0567079731667,286.3669282577448,280.6530708135226,276.6564395522277,277.0910161830426,275.80648877874836,269.2540376486817,266.1476284477518,266.40001325449066,264.8449975418077,255.23521798569308,248.71064120738993,247.05662168889964,251.38503056786885,260.31948395872047,247.59990395536119,233.3905801956475,212.9203844777973
582,2024-01-22 16:42:19+00:00,241.05904875160329,239.81112114353616,243.138625403885,250.72088124391908,253.32597019751384,256.68136257847374,253.34740232661346,257.6033327551744,257.4111390541511,261.0820455679216,264.94537964925814,268.18466752107963,272.55521327859026,276.3958538698314,273.508047621081,269.5860015564059,267.21628480488107,265.9846431859587,261.4498878254213,258.76548293475065,261.7527536575242,262.11323680800984,254.86935669644197,247.13737483112425,236.94640635419097,233.0928307330597,238.89168085787824,254.14619814643473,247.07150530456457,229.19081521013698,201.2325466591644
583,2024-01-30 16:42:33+00:00,245.4216380243634,255.9968301448123,259.0955886504743,259.83019514832733,260.65632282817353,264.04174579860717,260.6031506924824,264.67982040192067,270.86193274788906,277.0137161437415,285.2113881412881,278.02529515645875,278.43997224489567,286.3053748232034,292.32888803319713,292.4889385313347,288.38446729303104,282.38697104647,283.7949897737519,277.3091647913766,277.2574479545465,274.56218360278956,276.94471101500915,268.46954456809885,255.90119246456638,253.7756319615791,256.0502059698297,267.86096467378366,251.35267341816353,231.53738471531284,217.56308509714586
584,2024-02-07 16:42:22+00:00,227.99090549405466,237.58402184127192,238.5878211344566,244.9281106152717,253.22631155401098,260.48102663915955,255.30225105931055,258.90612840241556,261.7401519574335,254.63213900600468,255.96202332170535,261.57912423589704,264.44223665090715,266.2152007470115,266.58554038354873,268.0151854160468,266.68388604443044,263.8214354915522,260.026169154236,259.33681580619213,257.2520703595341,254.78332248393136,251.80461222945206,242.58144266463083,239.16724938311222,232.14228163238974,241.0214261048956,251.98394463254704,242.4826188293253,220.2319375079407,217.19775431690485
585,2024-02-15 16:42:30+00:00,235.3353886586041,234.51189753147403,242.89569320831058,246.9986874730098,253.7854727854245,255.12697742603677,254.41922894881213,257.83717619158585,258.0024554583506,259.63156782413125,259.2205236389119,265.5820482116946,266.64563256410077,268.5050257261289,264.97911019636393,264.3690868867918,264.0781322256855,262.8886551793905,259.0619399890113,260.46212701502856,264.99067342786674,261.8737754268343,259.8822739751164,252.83393320773536,240.17904022984814,237.39681833473924,242.33038426656384,254.4768977342331,244.86777239340057,227.91413894020883,197.8942588752397
586,2024-02-23 16:42:18+00:00,231.38454574508637,232.4413416063784,237.5540189773148,246.51208010856618,246.70499674770096,252.97490225718164,252.09021118855696,256.048323752702,253.45484527015492,258.6914948349514,257.3430638713594,260.55452460445173,258.9777693396568,266.31117082085655,266.43052553576774,270.82835121769824,272.92937532793394,265.88873063299803,262.2438612722084,260.80168596802645,259.69800404284575,257.30883236159366,255.28192992250445,249.01439401625,238.74573282530375,236.69553847677494,243.6947155674224,253.74517483643277,237.97550078315052,229.20922366069624,201.24675381413434
587,2024-03-02 16:42:26+00:00,227.590060294757,233.02165549785917,237.1051503638817,243.58065106377288,242.9530935565345,251.58524796694712,251.89098198387526,258.3589501409903,260.4526767824769,259.61041004100736,256.98789560987154,261.6034751859514,266.8273196570132,269.2376411553431,270.77149585448876,269.7129859450946,269.4973199130233,264.5944166135737,261.2092979331559,260.0354873869934,258.2213014476978,257.12669299483787,255.69672590531584,248.76050879425216,238.3287600410154,238.51931276558665,246.1201877290464,254.50829045386988,240.39554526387457,221.7312176624398,200.80748321103903
588,2024-03-10 16:42:07+00:00,241.326900976308,241.66436430157074,242.0125648082078,247.29695768598256,254.56856814006468,251.76949193731159,251.81249943607995,255.95392460158993,254.54915593968363,255.52061446826394,258.8587243856024,263.50311826774123,266.6449620550319,268.13255114392143,274.145183959032,271.1763240480386,271.5574367701617,267.3092338172996,264.7931972217608,260.1330191690091,261.2152987171727,261.3737603639027,259.0283246128088,249.51537138459963,237.5186924173109,234.62273869960728,239.27384364815322,249.3091809034358,237.18732860311383,225.47201119897136,194.9678633880398
589,2024-03-18 16:42:25+00:00,228.06418854034945,231.52965679784757,235.07703935218328,238.05448012284202,241.89912175602714,243.0610165220327,247.89737224444116,243.88859474890967,244.59161158064575,245.26204419245255,250.43756977748995,252.63557259689054,255.92734629733826,257.59685795468124,263.3997941183754,266.0071847539032,258.81744307718327,255.20726245774594,255.29444262136911,254.35041500254977,252.06171683705273,248.18185777587078,252.70443100191332,239.5863424034549,232.3585978582089,228.58658062395904,230.11990878151022,235.79308867178477,229.40755368779475,209.56536860287775,188.27451977415816
590,2024-03-26 16:41:52+00:00,240.89588154926665,245.25868007012437,244.6476103008918,246.7763053973087,253.72992707255776,254.92453057043278,258.4513208735784,259.8050603388463,266.1642680923585,267.339596537765,260.38348589694294,267.149747134507,270.3766219260958,279.31499509574223,277.0228522970882,279.94692844940033,272.6525220058339,280.97776628366955,272.32029616326747,263.89125135267705,263.91508310622487,257.0983963976843,254.72094180254243,248.71173340115791,,,,,,,
591,2024-04-11 16:41:50+00:00,228.01591281195613,233.2870194321672,237.88586546396635,243.89670367570307,247.27151954016284,252.99680957125724,249.70530384627074,254.6746517842496,247.50673297508513,,,,,,,,,,,,257.0399815994448,256.2617223491716,251.34374791940226,241.05162592355137,237.0157459671633,232.08931654585206,240.95261658496662,248.22194388315805,238.02292190391174,216.70175086637252,197.79732012776424
592,2024-04-19 16:42:02+00:00,215.05041617687638,216.39572666187127,221.628682961727,222.2844436472155,231.3923018360737,238.38944715204937,241.61487235000823,241.85703098931094,236.05475010027166,236.80747607543051,243.38381900944614,247.08990209376537,244.60794100275746,249.7891733390424,255.21923205224422,255.08871803311618,252.15948665986852,250.83624229098515,248.58794070555246,246.30349293255333,243.70153955432934,239.13609304226983,240.45740929364683,230.41371163076138,221.73007841414878,218.57399918572577,227.28629530457619,233.9542640594209,219.9494103818941,204.33822870529542,182.17851952985848
593,2024-04-27 16:41:40+00:00,227.23844446736487,232.7168794152413,236.92163709972834,241.28655643365653,243.89734255473869,243.57926450030342,246.481952630681,246.35332451127056,239.22681281736854,242.14151324062047,247.15562341554096,252.05008311375707,250.78277214502944,252.6996650668235,257.58701080023064,257.1244067852933,253.96617217710244,253.88716505982137,248.62759877784072,254.90506297128803,248.58392033216657,243.67796670083698,244.47006535062832,230.68925669138474,223.32605117568573,219.82519275518632,224.7467155552247,239.8530374860905,231.4113904704617,215.365974277367,205.40901460752434
594,2024-05-05 16:41:52+00:00,216.66977270037745,221.64348183387312,225.00051434234604,226.902256744016,229.53994260292137,236.8688597092455,232.62445635821848,234.43340848516544,233.58118471224105,233.9435151388941,237.2725015234651,242.4894944244,241.498671196018,243.60582852839588,246.78611685754245,246.51657398674158,244.79022137354423,243.15885263094657,240.45844978719947,239.5994825513401,236.2406427828469,235.87370479805605,233.2430354005774,218.1894865754815,218.34960746884053,210.636062646601,221.28492471684854,231.75779320183213,217.11579497673017,201.2570408045002,190.0684328823409
595,2024-05-21 16:41:43+00:00,222.32813608240878,223.6226788986993,230.80554803274043,230.8394410105424,228.9080292746568,236.00770006744858,234.20578254439675,231.88339699242007,228.67181544363024,232.9867762558893,240.1233324500335,244.9133125981284,251.10352057302325,252.55554812596796,250.6251188091889,248.02580458904788,248.58447183954738,248.33638306561318,246.29262430019844,243.68018947782448,237.05132561928122,234.80739137517165,234.89777850237328,222.24545555209502,216.43523907813972,214.9878239664932,220.19578721792155,228.29469796185978,215.6066499881462,201.24791515382935,189.00960904496839
596,2024-05-29 16:41:18+00:00,229.5683306644807,234.77328789123476,235.4133669391616,238.25723572634678,235.88000021421624,239.18455404805073,240.6258402797977,239.97794361617758,237.74440915463873,241.63765733765092,245.79837462888162,248.52640481193276,253.8685587680003,254.23453497911274,257.92712775274566,258.7681718202051,254.60045428338145,250.32912125910255,248.45730690476063,247.52023685093243,242.09096375681304,241.4434800457627,242.7736696927189,230.97012321656155,224.0888939305068,219.70890060979565,225.93922465494137,234.0798864195067,227.5872490568636,207.98294226818757,194.38639013533165
597,2024-06-06 16:41:37+00:00,229.5896152916285,226.51706951348865,229.0588393513429,225.5650914254228,227.62952306538045,236.51739323073286,232.7412662512445,229.99351008924765,231.4032230331278,234.95334298330164,240.88603682558727,244.290211452796,246.6919755657351,245.00301229377197,245.23524683728698,242.38696523796986,240.70333577261675,238.48903841317093,240.5293555715938,240.70695330468567,234.93655045348123,235.7540659692649,236.7233248386915,224.89329032905823,218.03407666986348,214.0182327360787,217.86528706968855,225.29196726219251,213.79937289773562,201.03314724219197,187.76352599729978
598,2024-07-08 16:41:36+00:00,224.58464737996246,228.5443165648646,237.58934831610424,236.67246034020798,233.92643598086005,233.23841739722866,236.33671421469668,238.80634621033917,234.4713625052331,239.3219893458056,243.47997442707384,243.6547994190297,245.0928624498228,252.36104352483898,246.46544996496297,248.90524777774323,246.51831653479812,244.9874827043935,244.29704232458,243.08127415100984,244.4762789308031,238.39148466446943,234.32031897459035,221.4245883675119,219.973830242407,214.933222960283,222.0928994385975,232.89431788526826,234.97335213876744,232.76136947556154,226.4371455559368
599,2024-07-16 16:41:46+00:00,217.0461243981238,226.0540477200968,230.6492897292687,229.33640694763326,228.71169306320962,236.9442233181649,236.2093011390738,232.5666309510175,233.7392059442335,237.02994602327482,237.9854738433212,237.79799316859823,241.65995204047516,244.23703419039992,247.0559174415553,240.19095874086034,242.71953461496364,239.56789708763426,238.82080780798861,234.9326419514669,231.27345457000035,233.23165635922817,231.51198656585603,217.26317529903582,211.15313237571002,209.6379275912713,222.8512397047324,234.39407868216063,231.99944253475996,223.6111664601712,203.06539155802562
600,2024-07-24 16:41:41+00:00,233.09343499973303,233.82363298831535,238.01641055489833,242.7218992488446,240.43060010923875,238.83854299899969,243.76289812789605,244.0900198663818,240.67226726360138,244.2956560006823,249.40539602666823,249.56402726457594,250.94931812477074,252.56899905773264,256.9016197394391,253.98258399385645,250.76207276546856,246.81964159642519,247.43353967409945,244.2137949679984,237.74588797078795,238.73908071885853,235.79093442049225,227.06857813038,218.32645162158704,222.25309814148872,228.79764675717206,237.839442500473,232.80273763996007,224.18205977761002,213.44053990548923
601,2024-08-17 16:41:58+00:00,212.55577489387272,218.35798557654545,220.55446596460848,226.45129021987327,226.20069786949796,235.77137437573532,234.83865261345906,224.51875002888295,231.7883644803877,232.3393614002618,231.1067354211074,233.54005384957512,235.24386813807723,237.86399498956797,239.78572685034896,234.63847903684854,234.53868543314974,233.4587199381471,231.30652313681458,225.4476459683965,227.08416959185857,226.65704858450894,223.89799824423866,215.3266736723073,210.43851841427784,214.37406079786427,,,,,
602,2024-08-25 16:42:02+00:00,217.50081878192128,221.5421891838093,220.41535640414014,232.47568579917981,234.50187875514916,237.8723183651008,242.60503225324055,241.4269510703561,232.70886525495564,233.9521292316418,233.85878516506205,235.79614831012591,235.56882327994072,240.26082769422965,241.26147509888125,238.03114319188876,237.09008949030732,236.20654809654687,234.46372099315758,229.08527142096386,227.76887801945222,227.8678983410124,231.03740094778976,217.88741350349792,216.25026218655933,,,,,,
603,2024-10-12 16:42:14+00:00,229.920106542883,228.7761782598727,232.33772216036783,238.74597415543167,239.72542037860222,244.47103499643453,248.7476290177022,251.5042652798073,240.43761530819043,241.41604560625572,246.9246514904181,249.53966867434784,245.80982984436378,248.88837815659895,253.07558028165474,250.4892161179297,245.15009896343048,246.20506549234108,245.35673870922,237.49066833004343,236.01525477727975,236.91667807676458,237.32500933838938,226.2072329542827,222.85504809681598,222.31347430759683,229.65798678104096,245.79919979089215,237.97426059681214,223.7792646112312,191.99808882031232
604,2024-11-05 16:42:16+00:00,241.8713014288455,241.6588650413887,239.42348409126504,247.37688847364797,250.33286236906633,247.6087067280107,250.08577576159945,251.81945299989246,247.01699133789478,246.76313367548653,252.59393187413605,260.1382408366063,258.3754402106876,258.5789037174218,261.8286202835867,264.88629836637426,262.23723124599223,257.60248905782953,256.8616788583993,255.44415331054603,247.5608644199044,247.823257630557,247.82348318532266,240.0787936884589,232.93475509351566,225.8143173899716,236.24136028575785,245.27487914668913,240.4505910767972,228.16445319704047,225.50710345595968
605,2024-11-13 16:42:17+00:00,230.35085690171078,229.52462346955818,234.3144176374919,232.69173901397474,235.40934801009774,239.48718237081493,248.11912767277732,242.6160819300761,235.01329014734742,239.22085045251367,246.75324058056577,247.05710235420506,250.84380265457597,253.61907379250917,254.32238969597142,251.4670795753828,247.7164989095343,247.86369155971863,242.3359803536648,243.6414320601259,238.0344091078177,236.054851699034,239.68787548443183,226.88469769271344,220.49880942870186,216.234469950797,230.31811685364605,237.8125924984907,227.30078547696536,218.779652569027,215.93145642037442
606,2024-11-21 16:42:23+00:00,236.7285196297969,235.30955137685856,238.28528491695295,241.7566652760556,241.1115824160479,244.65262111974616,249.66364356015782,251.00466053565606,244.24709339812,248.81720414894588,255.10420279153936,258.61754846630544,258.0322545170652,258.2951539399271,262.4629434320095,259.2501900241492,254.83652201354136,251.80692299296294,251.13866287682637,250.72919732698585,244.3387650332429,244.23817223421116,246.88612349936784,239.97035558009657,231.9965079350668,224.77147312671528,234.38833400388398,242.01522471979882,235.85954096016474,225.24076020257647,216.0340465283047
607,2024-11-29 16:42:31+00:00,231.87268115819836,234.95634790521598,237.8411369322455,242.3843359126555,236.69902741675347,244.17710056555157,248.1957437352138,245.5287766865149,237.67414706697954,237.6929062653705,240.08362895185064,243.62886025949166,246.64617947607096,250.42746753839052,257.6871723096549,253.6328156685407,250.44643435370511,248.95636068540932,248.52334360277803,241.7801729653042,237.70248845559058,239.2316100672685,243.69912554722686,229.29946775912953,219.61357187464802,211.97877476369376,219.62740593428745,236.50256662809275,235.34814925862375,216.8697355777586,225.89748829588066
608,2024-12-07 16:42:20+00:00,247.85364478353728,254.67347336378947,253.61385066738637,254.47892580016506,255.03105455824166,256.0189402065795,255.13470768434362,257.5876805812045,256.76278839725535,256.4472597242502,263.28556506240926,267.58521559132754,273.0748210440118,274.3973980338012,271.2691990282385,270.9472392693638,271.07764495001595,271.3209670146555,260.3342234104807,259.9932085010037,255.7741276480595,252.94783971530924,251.45665807660643,243.73703443657774,237.0958730039403,232.4790432555615,224.97142486104266,240.74500496167457,242.80944517058452,236.60371103076662,224.6367463387387
609,2024-12-31 16:42:23+00:00,245.9887079274022,253.0584873659693,251.6522857166327,253.57858293832712,255.8852690318848,258.8066628382012,258.3643116554104,263.257475201636,260.71532473305473,262.8910941068376,266.17605598562,271.2207459903857,274.58383853885334,276.4299059009698,279.0877636830818,275.2787450700859,272.3935677692209,269.6698568813056,261.62134205247435,257.43482445968874,255.4779120054485,253.77659126067817,250.74608648197537,240.4965003993096,230.30531215319832,228.16192332777928,235.31554385473294,249.43255718424587,244.61008219337134,239.7734203099639,218.7129845425755
610,2025-01-08 16:42:21+00:00,248.1034770254258,251.4018929846033,248.18218323496214,251.77918351822655,254.0928150905183,260.4407962071149,257.65403640883085,262.06250233379006,261.52569758982196,260.2016133927532,260.99840809865316,265.1539450850034,270.95730774061644,278.2271957754741,274.1837637345622,270.5606799038217,271.6322545795217,271.6766045266495,258.6705265410111,257.86307462379756,253.0293719463824,251.43974870449077,249.69099894211956,237.2770120490262,231.40479014367924,223.78075348596167,236.11464725799385,255.22362664913172,247.4460944125828,229.8468849775535,207.3962125888327
611,2025-01-16 16:42:27+00:00,255.02378787588907,258.6952634952798,264.53744814246875,265.8102693193118,267.049097529079,270.36430581510785,271.1671117202026,274.33186901443764,274.35866903838553,277.93520229764056,284.5497478626013,285.94008480402965,284.6445529962058,285.8593198195237,287.7017635223888,286.3007783001924,279.84654085523414,280.1213798706491,278.0211359307109,272.5952349535164,265.1619936054798,265.43368306761647,268.1122927439618,258.8473314700014,243.6134735412027,240.7270952967612,249.99763056252482,259.41448655823405,252.81815882508545,244.93427836072257,228.74716369707608
612,2025-01-24 16:42:15+00:00,249.90702770743695,256.8832793556747,261.21076373645417,272.9830446447127,267.9971420012286,269.5818828487853,273.44722693609987,267.87754042058236,271.9112717247574,272.9985224492658,286.0027362646812,292.4459081633051,292.2202385655744,287.20299005442865,291.7072595202414,287.94995011123996,278.95609454370833,280.8903366032255,278.0668210561821,266.3013189893529,263.639981143212,268.8151308019271,262.73197257238485,256.87769085820935,245.40279490686686,233.04627253172964,241.52494382494123,257.66482494678655,253.38030774893122,240.37679373008558,228.37371297205212
613,2025-02-01 16:42:22+00:00,246.12418426842424,252.8821278401099,259.1838035715503,265.7958299935553,264.49836055283396,269.09421169888464,270.29427720581,271.8345587503346,271.77618275647427,274.6172065175716,278.20487251063247,278.2241721687868,279.1588222183947,280.7629731524495,285.71051174516793,279.4351669159912,279.0760721691105,278.488675782442,280.16823149837114,272.9515740604836,267.2192006095113,267.98793694122276,269.6642483574856,256.1071645936607,247.67990979268978,244.39346700681438,248.28217681599116,263.70291031021225,250.77999792617896,244.53715768620185,222.80189655392024
614,2025-02-09 16:42:18+00:00,231.20898147381828,234.31590909742533,240.72289156114158,243.03772506101004,242.9684166850198,246.81038042092564,248.5441517652604,250.85091499218527,245.46989534206574,243.81403765582812,252.09753609602,253.8127122354007,249.3672751656663,258.73473920423885,261.41217502028496,260.74860147401307,260.09329548745666,253.88729250316644,254.79656051293105,252.64443650177932,247.22171086364247,243.25692618523732,246.60861958254674,233.10525911915536,223.75870350686094,220.30157310213352,232.1675087381659,245.87116931426112,233.8981449269169,223.86013308073154,214.730855057689
615,2025-02-25 16:42:06+00:00,239.6833862250249,241.6834841418858,248.4335069238111,248.2700839575525,253.67033430904343,259.3216473961471,254.9442038833756,258.8218053406098,257.1432705591643,258.72003610014895,255.59856969534155,259.8208239349129,264.11914896428846,266.5778592203185,268.47598304481477,265.6743595736987,267.1774801164247,262.8802838788045,258.1635498580586,259.38509649147875,261.5135505234497,253.5330175795167,249.87815632916514,240.39914388822518,229.95850636415963,227.85714010198546,235.43690656476676,245.5204613609295,239.85783013118458,220.92738257174148,215.6054672121257
616,2025-03-13 16:42:04+00:00,240.02229536015184,241.23129443270062,247.0819220553489,246.40269988833958,250.79999465994706,252.53992096373534,250.30354432494818,257.7461464343927,248.38478974079695,247.8762569278753,256.3598846810804,261.53307452925935,261.5561962460571,264.3133732925667,265.51150475339676,266.1722932147754,267.07919035864643,262.99678670019165,254.79321439633955,253.6416515635745,252.74163014593648,250.97013224843658,246.58669582429502,236.4525968980196,232.4643390074806,229.45295508444784,236.68971382920353,246.9238228022658,235.02918474569282,215.56566463509742,204.25661954998924
617,2025-03-21 16:42:07+00:00,244.12221470953205,242.3072500764755,240.76334104398296,242.41199495742404,243.6905174640966,251.83884110511525,248.8607571321425,258.10202955232216,250.43585169806258,250.7471902236839,257.2598693046216,265.1607847141316,261.24961023193396,263.36019130751197,273.13130159523,269.39812458159827,267.0521278982136,265.5082812644032,256.21692170448364,256.7360811589445,254.59022455681952,250.0827736074253,245.60224017721202,236.59769470231487,229.58421686412282,225.90463908961567,231.1227568925494,243.3506886394295,238.37291138170428,220.72945483190654,203.39580787785357
618,2025-03-29 16:41:55+00:00,238.32114500051446,236.34923658861265,241.22592881924726,243.67467831457392,243.4681595712177,251.8848235755863,248.29079069629768,253.29022861615897,249.1377212044875,247.75592008848258,255.11211672612217,257.11732885758306,252.16423729764367,255.9816259289003,260.7400419826632,259.06973010004947,256.15360734773657,251.37957350729556,255.5104158302728,243.335210910351,236.92687555360772,240.18807220026088,234.72859008140964,225.6080926566651,219.81087376660085,217.82554776640097,228.59686782688632,240.27636562924084,225.57187726392675,212.12548042100758,206.55501817696216
619,2025-04-06 16:42:07+00:00,237.00372051135355,233.66955906326035,236.3602651341754,241.84449711403118,239.53609403985462,240.21162251518632,237.96888399642108,244.2216684832461,239.4402939270808,242.1921184573484,250.64821922518485,254.7772677858611,252.39727724482043,252.46360835396518,259.478703894136,259.895275615002,255.16911360244677,248.1333483799776,251.43755780310846,250.51767174117964,242.94739615305986,239.0276324481286,237.48093837981574,225.9385254346915,218.58147629735052,218.28076068095228,221.4271189296432,235.7444706370225,229.76529379640925,209.84763975026112,200.36394653770867
620,2025-04-14 16:41:49+00:00,236.23131081839088,238.01018931757386,235.31736139498244,242.7761748372497,243.8611768967453,249.07201959507364,248.04923256373152,247.61388050986673,237.4216326523374,241.2629080575142,248.64788940900968,250.2738754917218,,,,,,247.25203971891492,249.214977236597,243.39669844579294,240.34294050921176,238.2279786966567,234.480706516097,225.30281843042272,216.53712843482094,213.42310058637497,223.13519997398083,236.82762620124592,232.6159862837962,220.53846443208766,218.84389456329973
621,2025-04-22 16:42:01+00:00,222.63971514906754,223.05991302075722,214.54265888668738,224.59389896640113,227.81532946105946,239.95888449104183,236.09445710771394,235.60162884206898,224.54967498030484,207.16744825272983,196.08451795449656,,,,,,,,,,,,226.49052624458366,213.49174307272853,208.17451089501162,208.00256730942624,213.6659164554984,228.56070801086744,222.66912428465324,210.35653761662792,195.4317144071874
622,2025-04-30 16:41:41+00:00,223.90712208783282,225.8830329073319,227.31497970503045,231.16719282021978,229.36621268312715,238.1879105326842,241.4270795213614,237.2224475519919,236.04379299240054,235.7408545533865,235.0332164457372,242.22723240640232,243.71795636541276,246.43201288335175,252.86105680221698,248.95678309578722,244.5145340473136,244.22604814919208,241.2130185943559,232.9633857900469,227.31376972936027,226.1479984370082,222.22776803308886,208.3616937197517,207.66406940504902,203.0495990300222,210.09372099442737,230.06681352770227,234.23921583162303,232.92137675504725,229.03529486809072
623,2025-05-08 16:41:55+00:00,217.02734700316603,222.06565278128429,217.81225644697997,221.79363329097123,224.32118062201928,226.44432767729435,225.03864712036136,224.94117109827613,219.47995804037794,226.48212442841094,230.022789613534,232.8058615477105,238.02089378866054,238.17140336736566,242.1046058209894,237.96363689361104,238.22353031827421,228.9292012234179,223.69835743860583,216.82329852984304,209.5913196013076,210.88699250077636,215.1183421970279,205.09835313318322,199.26171547549143,189.93558534635895,199.33564161095373,215.98970756399774,225.5089983968644,214.2932430212981,219.0148536752844
