,dates,nzd0127-0000,nzd0127-0001,nzd0127-0002,nzd0127-0003,nzd0127-0004
0,1999-08-26 22:04:44+00:00,198.5249684049495,192.29808566621887,182.3757395149649,179.77663560209982,197.43717347137076
1,1999-09-27 22:04:48+00:00,179.63934616014296,161.3607762073877,166.48092871131064,156.05504328392976,
2,1999-10-22 21:58:28+00:00,205.01648370877172,195.18761520841787,190.24576949275337,184.2539675474907,208.64479769639965
3,1999-11-14 22:04:42+00:00,193.64019519994164,174.0705340420812,178.33686547808554,162.90204606191026,
4,1999-12-25 21:58:28+00:00,170.63069493026634,155.29387217688503,159.81106043965565,150.36193722617782,
5,2000-01-01 22:04:37+00:00,205.32819563871774,205.567270667748,189.3910746459723,184.09087162369903,198.32274711095937
6,2000-02-18 22:04:29+00:00,195.07600025687375,188.5431779220866,183.83843886246927,172.2949133450203,185.20551741539128
7,2000-03-05 22:04:24+00:00,200.96821554236956,195.81495828239096,190.73379671469834,180.0765668629249,197.90477100047949
8,2000-03-14 21:58:11+00:00,211.50737932148368,205.18969581019692,189.4414677601933,187.87181988192123,202.34940703489679
9,2000-03-30 21:58:09+00:00,201.88400247209913,201.28028933582794,190.46423352634332,180.85121367296887,197.83945399838188
10,2000-05-17 21:57:43+00:00,197.2877838830658,189.74512585456088,179.71745977722176,172.74055983890162,191.53590513208593
11,2000-06-18 21:57:27+00:00,195.305370306671,189.31925018789622,182.78654278355626,179.77392869759973,192.93238319339378
12,2000-07-20 21:56:59+00:00,165.03814503755433,153.09235816390603,156.59940769926064,146.7902615618893,155.46258166857933
13,2000-08-12 22:02:54+00:00,205.46078789639637,200.15143627685507,197.294109658414,187.1666286594329,
14,2000-09-13 22:02:26+00:00,183.97447832262054,171.51738706656087,172.6141849096977,159.81719508061292,
15,2000-09-22 21:56:05+00:00,201.11422759579406,195.3275551399132,190.74941531045232,187.36723156974796,
16,2000-10-15 22:01:56+00:00,166.24816697943206,146.69877271558607,146.44419899587646,141.1839523938061,155.1380807180126
17,2000-11-25 21:55:59+00:00,190.1770944358381,182.95196384133095,176.71936600837682,165.08953378697288,184.4263079865745
18,2000-12-02 22:02:09+00:00,195.40572466497738,188.799440972193,179.7758212540419,179.4607723895303,187.1562951393825
19,2001-01-03 22:02:12+00:00,197.87904231382316,195.49975771247108,190.80975644289433,180.7264151853134,198.56716707895362
20,2001-01-12 21:56:06+00:00,176.52207475344534,165.06603658544992,171.5959221726091,156.01139422437822,163.16654306901052
21,2001-02-13 21:56:03+00:00,194.16077819275858,188.7006894639621,181.2319866927802,174.68226991985048,182.27296873410626
22,2001-03-17 21:55:52+00:00,206.77710997030846,206.5026095198857,196.5417827503402,184.8704951331145,203.00362111083268
23,2001-03-24 22:01:59+00:00,193.95513573721962,180.46912912069942,176.0280337254656,170.87862360665923,184.4001195027477
24,2001-05-20 21:55:29+00:00,211.19336498086977,208.4096081902563,201.4063254362257,194.17226403507306,210.05504885144
25,2001-06-05 21:55:16+00:00,201.86356558636308,196.74132510137088,193.0465426131982,180.90527989182578,197.45905823698527
26,2001-06-12 22:01:24+00:00,176.4498752164066,169.52451309774787,175.25945750605374,162.27490543165788,179.5673517887589
27,2001-06-28 22:01:09+00:00,208.09401145522622,201.2242568892226,201.15284477104476,191.70223088680342,197.9689477699677
28,2001-08-08 21:54:37+00:00,167.05079150244416,155.86856025965434,157.1602766577192,153.74051104619505,167.02894888302643
29,2001-09-09 21:54:12+00:00,188.4246691778801,173.70794172347195,177.20780960814182,175.59235328250304,
30,2001-09-25 21:54:04+00:00,206.52851994340088,194.13809300098936,190.23783570361098,188.3534230657827,201.84182324170908
31,2001-10-02 22:00:04+00:00,180.25050197895914,170.31680886158313,167.98160726286844,155.36732571688552,174.0186625526821
32,2001-10-11 21:53:46+00:00,218.35448503122376,204.15897336374223,193.10171514807678,194.2937774126714,
33,2001-10-18 22:00:06+00:00,173.9274613281343,156.1457699168576,155.20287540519874,147.6280769865572,165.31731834860904
34,2001-11-03 22:00:10+00:00,,156.16115370811985,160.02796867725178,146.93299777326558,
35,2001-11-28 21:54:11+00:00,197.09317757473013,191.17368844459722,188.5714985422499,182.92071648521426,200.1465595977906
36,2001-12-05 22:00:18+00:00,169.72527925605937,160.88133558463508,164.06573963236832,153.80368003399118,
37,2001-12-30 21:54:13+00:00,191.9178926587178,173.72097490323483,175.43767053114328,161.86451825062053,167.16488627814596
38,2002-01-06 22:00:31+00:00,206.1779832921203,190.7159526758344,188.02792828208177,180.4372116353018,193.96687773844394
39,2002-01-22 22:00:40+00:00,,211.82902873849218,203.2106679655141,197.6909193372082,213.20343235024006
40,2002-01-31 21:54:26+00:00,170.6536844375393,153.74692938641624,150.55168376792273,148.61152679608813,
41,2002-03-27 22:00:37+00:00,194.2383353541269,186.93476535226557,179.93032329345135,175.99061218076275,195.87980972606522
42,2002-04-12 22:00:37+00:00,189.83357404185625,179.89549632052942,174.91885397036754,174.50393418305407,182.18332358730456
43,2002-05-23 21:54:18+00:00,,,190.07706124732,206.05214095899342,
44,2002-06-15 22:00:19+00:00,179.08961190218582,173.9677742576898,172.9222939433306,160.54199230774483,179.38999422710867
45,2002-06-24 21:54:04+00:00,199.32460516244845,189.21983681320017,187.30336777018283,182.09447975500873,194.77149633226853
46,2002-07-01 22:00:15+00:00,182.89314624209453,172.57646635542636,175.36964134370686,172.7748589998714,
47,2002-07-17 22:00:08+00:00,210.18973801806234,206.0292981050274,201.75456738131942,198.34679955941118,208.26605965881288
48,2002-08-11 21:53:48+00:00,179.3290076188478,,165.10122561716582,,176.49219879065421
49,2002-08-18 21:59:57+00:00,226.71268071015902,203.78661822013638,,220.06759891059272,223.05879155063718
50,2002-08-27 21:53:36+00:00,,178.45951990755844,177.66121019618248,172.99613192252883,183.90182304900742
51,2002-09-19 21:59:35+00:00,189.0416049806201,182.10812421830576,179.16026915155518,173.49907863554736,184.1100149430381
52,2002-10-05 21:59:31+00:00,195.4578557451578,188.97641173403753,181.386362009393,174.26208990748705,
53,2002-10-21 21:59:36+00:00,180.40787248308038,171.67890476777316,172.21348809583435,164.86471993969656,
54,2002-12-01 21:53:52+00:00,,,,,
55,2002-12-24 22:00:09+00:00,181.0730519585654,172.07971165776513,172.42629693642877,160.17637541895692,182.00559958962748
56,2003-01-18 21:54:06+00:00,190.5542829350379,173.4823460095394,173.66739213993264,164.42950238546493,184.6325179303581
57,2003-01-25 22:00:18+00:00,198.20959280694257,192.25849174777875,183.787862818273,180.20944837100944,197.39257726748633
58,2003-03-23 21:54:16+00:00,193.6659107700509,178.26865227589266,177.8482175364673,177.66260312854968,184.75572485722404
59,2003-03-30 22:00:31+00:00,193.8382062096939,189.11392801461267,187.0801179880557,178.1209122699883,187.16302062111325
60,2003-05-10 21:54:22+00:00,224.40877405350614,214.46184339519945,204.69577067913764,198.2031983018158,219.08284682747882
61,2003-05-26 21:54:19+00:00,227.45610954711253,215.56489144841845,202.48231874096928,209.4029479008101,223.86689515547522
62,2003-07-21 21:42:09+00:00,213.2454304255614,210.1297812939341,206.97835929780734,195.61990336087948,204.78327137826955
63,2003-08-05 22:00:11+00:00,197.71940964611588,,203.2743401422161,,206.7141964914443
64,2003-08-06 21:42:27+00:00,218.93526094413187,205.58642258449802,195.91028048469053,198.77178020825522,212.87226205498803
65,2003-08-13 21:48:45+00:00,170.57241614278678,162.08229176000546,165.89963387435415,156.9443428068194,176.3504728417604
66,2003-08-30 21:53:59+00:00,,,,,
67,2003-09-07 21:43:00+00:00,,183.9708788095752,174.1722286120908,173.34801421487163,175.58949460902815
68,2003-09-14 21:49:18+00:00,186.64015295926941,160.2611052960431,166.88519504426938,155.61722633772047,168.36493276750562
69,2003-10-25 21:43:40+00:00,184.9191927897548,175.33356599607197,173.9550296345899,166.0413903877213,189.73153881033573
70,2003-11-09 22:00:18+00:00,,,,,
71,2003-11-17 21:50:09+00:00,,213.05640131814175,208.35496185497738,197.4164540398644,203.90693261866983
72,2003-11-18 21:54:15+00:00,,,,,
73,2003-12-04 21:54:19+00:00,,,,,
74,2003-12-12 21:44:10+00:00,188.44332997995923,170.46627672801168,169.3234966826989,158.61342808801987,178.58167301279
75,2004-01-21 21:54:39+00:00,198.25403366989457,187.52557059761244,180.43393367606456,178.17089430204948,193.82041063019045
76,2004-01-28 22:00:52+00:00,206.88447592665094,201.2765137244608,198.0094817134907,188.42548460893084,203.4577251168955
77,2004-02-06 21:54:44+00:00,,,,,
78,2004-02-13 22:00:55+00:00,,,,,
79,2004-03-25 21:54:54+00:00,184.6553402628698,177.7447379044775,176.02674444688887,171.00514548409063,182.10502736574674
80,2004-04-02 21:44:54+00:00,,,,209.1411986857618,208.33936193843354
81,2004-04-18 21:45:25+00:00,186.2425050323144,177.69909282526356,176.79063182503359,176.45606899865962,186.73837954733347
82,2004-04-25 21:51:47+00:00,188.4526125681647,184.96647249425692,176.54090295362275,175.3448305090695,184.18302462879186
83,2004-05-03 22:00:59+00:00,,,,,
84,2004-05-04 21:45:52+00:00,196.04650076701222,191.4836290797723,185.23641690207913,179.22478260315836,194.34817929748468
85,2004-05-12 21:54:49+00:00,,,,,
86,2004-05-20 21:46:20+00:00,182.57400117244717,178.07330173769301,178.1061900028143,173.00797415974992,187.214143855208
87,2004-06-12 21:53:11+00:00,,,,,
88,2004-06-29 21:54:39+00:00,,217.29554369131316,196.10256236213667,196.5527595920047,222.174239539748
89,2004-07-06 22:00:48+00:00,173.51786649662927,163.5377570861899,166.69034160949815,156.42527624874708,169.9213780636295
90,2004-07-07 21:47:45+00:00,187.78407612599585,174.3485545347638,174.7669939230396,168.5678498324458,
91,2004-07-22 22:00:44+00:00,,,,165.4274917297764,173.18514339591542
92,2004-07-23 21:48:09+00:00,193.4417893744155,184.59578376003947,185.611693745251,179.18640379071994,195.41955573539872
93,2004-07-30 21:54:28+00:00,218.80671967930874,203.77861991025208,190.6726878755211,186.92287099043608,204.1346284133892
94,2004-07-31 21:54:28+00:00,193.04586000360933,175.33027725672758,177.0911904623663,165.9052239957619,185.156124570182
95,2004-08-16 21:54:26+00:00,,,,,
96,2004-08-23 22:00:35+00:00,,,,,
97,2004-09-16 21:55:41+00:00,180.81501377570424,168.4508782331003,165.61935035585418,156.1431988172303,179.5868671419311
98,2004-09-25 21:49:43+00:00,,,200.5251195986774,,219.04542114721622
99,2004-10-02 21:56:02+00:00,179.26480527861764,166.4636071644169,169.6219382521511,163.7232455094402,179.4797315749566
100,2004-10-10 22:00:20+00:00,,,,,
101,2004-10-18 21:56:23+00:00,186.76188113364393,181.97045413907816,175.98730822137344,169.05776584336712,189.91924111039836
102,2004-11-03 21:56:42+00:00,184.3676740091999,180.54225092218286,176.99512829385338,167.81251586647954,189.64512394618177
103,2004-11-04 21:54:31+00:00,195.29074537884907,193.12993935470706,186.1824928551775,180.17292772712398,196.5308336967468
104,2004-11-11 22:00:45+00:00,,,,,
105,2004-11-19 21:56:55+00:00,213.450683540218,214.14308842180822,199.25351918774254,198.85238899331506,227.2616592884753
106,2005-01-14 22:01:13+00:00,187.12033974903125,172.30492569053308,172.19756335276725,163.83008898694072,179.33683042830393
107,2005-01-15 21:51:45+00:00,192.6800671730942,186.00104855541687,177.75301689206918,175.7698680319498,187.72390721468867
108,2005-01-22 21:58:02+00:00,213.49524667807646,208.0602898513714,198.2622196428336,191.8367873339174,203.5582946169136
109,2005-02-16 21:52:13+00:00,219.80996351848273,208.12077495801978,191.5154966610122,187.82043136078465,201.34797888013705
110,2005-02-23 21:58:31+00:00,186.70631179506523,189.8469528631141,189.1740280041413,181.94829229526187,189.97330080725177
111,2005-03-11 21:58:44+00:00,180.05974818979698,180.52626368977215,172.66672424922103,169.65232559269765,185.62623761015038
112,2005-03-19 22:01:30+00:00,211.01210065101878,211.0126756210363,197.45757964465832,192.95472092010814,214.14424697825126
113,2005-03-20 21:52:38+00:00,199.14725952216673,198.61443423689582,191.601575130225,185.45648139007736,199.65694467486952
114,2005-03-27 21:58:51+00:00,181.5298643683164,183.38170148713192,175.03041628142756,174.39154544924492,169.8035178608105
115,2005-03-28 21:55:18+00:00,,,,,
116,2005-04-05 21:52:43+00:00,,229.63285452111978,227.5505542818495,,
117,2005-04-12 21:58:55+00:00,186.69167340355844,,,,
118,2005-04-13 21:55:12+00:00,200.08439089911897,,,,195.32251176652207
119,2005-04-21 21:52:46+00:00,224.66377655316438,223.2360530382075,216.83482879219514,210.0702539205667,218.18016171390747
120,2005-04-28 21:58:59+00:00,199.5434286293411,195.94071355250657,196.73530330907414,187.50988345106327,200.36512602414146
121,2005-04-29 21:55:12+00:00,188.4985118782928,186.4516141528988,184.12465194199046,179.21736782638823,183.67722508370687
122,2005-05-22 22:01:24+00:00,201.85072378743112,197.69724456427588,191.60892889110607,185.1337887399303,198.37144377194144
123,2005-06-08 21:53:09+00:00,201.3394021272933,197.4043638413118,194.07563040360347,184.92048223538467,190.39600654511852
124,2005-07-09 22:01:14+00:00,191.5092523738389,179.24811384266374,174.69408784583464,176.71834454994223,184.41719528729192
125,2005-07-17 21:59:35+00:00,203.7945243935794,206.72744539854043,197.82487121087243,178.8414642737444,
126,2005-07-26 21:53:30+00:00,180.6620001212559,176.94946908335734,174.4669389531444,171.14497553709626,189.80065867402408
127,2005-08-19 21:54:56+00:00,,,,,
128,2005-08-27 21:53:44+00:00,,,,191.0563116768705,217.03592814106133
129,2005-09-11 22:00:53+00:00,,,,,
130,2005-09-20 21:54:42+00:00,181.4689399128932,158.12418830544644,151.05369687929223,145.40725619586357,
131,2005-11-07 21:55:03+00:00,193.69148799448172,188.20347284366474,181.7214944088769,178.52557181019375,186.4309932720079
132,2005-11-14 22:01:17+00:00,210.84406537878604,211.37984917628816,190.65635554226543,188.88178021854014,209.20852501799135
133,2005-11-22 22:00:23+00:00,,190.62911101512177,184.75678698783088,178.6335292226333,189.7463985763793
134,2005-11-30 22:01:24+00:00,201.5706984491362,198.6744134623598,188.42849839099233,183.94226998485885,198.30940519556287
135,2005-12-09 21:55:14+00:00,212.14860016448455,206.02896680939796,200.43756613977018,191.70820411615193,204.3831792672436
136,2006-01-10 21:55:28+00:00,216.46247443989103,204.88655918929462,202.42363787245222,196.9313863631524,217.7582739124408
137,2006-02-03 21:55:55+00:00,183.3364853597697,167.64309527519367,170.52140884809432,162.87313453828207,
138,2006-02-11 21:55:41+00:00,192.3821647020122,183.2877422564252,180.3152578949194,170.84305582547964,185.12971164176855
139,2006-02-18 22:01:53+00:00,181.74107597429156,171.5525243562951,173.50190783393475,167.3175481099143,177.66439055484994
140,2006-02-19 21:56:15+00:00,197.16894215030524,189.08665074237925,183.33990914895446,178.8241716473671,190.15619760234625
141,2006-03-15 21:55:44+00:00,188.39125342416077,181.9224780126853,178.4855063769068,177.47185440915933,184.75589657278078
142,2006-04-08 21:57:12+00:00,219.57119360226548,210.7089616504157,195.0388399985808,191.46623934326604,208.63494577316658
143,2006-05-02 21:55:41+00:00,175.1489252545644,168.14983180407575,168.70519176677595,163.81269701456347,174.47478337384018
144,2006-05-17 22:03:57+00:00,195.60908358914264,183.4387749217187,177.75208288164646,170.93381058807853,184.75186359655376
145,2006-05-18 21:55:42+00:00,,,,134.77918084990847,
146,2006-06-02 22:04:12+00:00,176.53847337330456,176.3347430660558,179.12689592766037,176.8265787698137,189.30658985545426
147,2006-06-10 22:01:49+00:00,205.02952098612093,199.82298130112278,193.40109741044523,188.05853203589075,207.04793397938025
148,2006-06-19 21:55:36+00:00,,,,,
149,2006-07-13 21:58:38+00:00,,,177.47994780567177,159.75578515085232,173.3017902311013
150,2006-07-21 21:55:21+00:00,,224.49197411188942,208.4595889862967,208.94556229255335,
151,2006-07-28 22:01:30+00:00,193.62220998417806,177.34979726410126,177.89526802791315,178.67980078184084,188.61191355893294
152,2006-08-21 22:05:19+00:00,204.20733684474092,199.286960172914,195.84111719069068,188.63185520996393,203.18397674770324
153,2006-08-22 21:55:17+00:00,196.47529981390954,189.87320416476467,185.74234392315498,180.2879453139782,197.6558995946453
154,2006-08-29 22:01:26+00:00,184.7780572062261,180.61944050780767,180.95632792654987,177.32726873394307,187.735501986513
155,2006-09-07 21:55:13+00:00,,,,,
156,2006-09-23 21:55:06+00:00,,,,,
157,2006-10-16 22:01:19+00:00,,,,,
158,2006-10-25 21:55:17+00:00,,,,,
159,2006-11-01 22:01:34+00:00,213.3294681421058,221.67860067817287,,209.1568910117147,216.0303368469837
160,2006-11-26 21:55:41+00:00,,,,,
161,2006-12-03 22:01:55+00:00,,,,179.89872271758765,198.91674997337114
162,2006-12-11 22:06:52+00:00,177.30681827165202,185.72551781031655,179.46261807594493,179.3370392831747,214.72500644332032
163,2007-01-04 22:02:01+00:00,180.94303097563142,172.66933278843814,169.93212722611236,163.25635640195395,182.30307260925127
164,2007-01-29 21:55:57+00:00,233.0709788025589,,,,220.83296769691185
165,2007-02-13 22:06:47+00:00,214.33592683196284,206.3582569356091,197.12576544925378,187.32422037082395,204.90695579898042
166,2007-02-21 22:02:16+00:00,,,,,
167,2007-03-09 22:02:19+00:00,,,,,
168,2007-03-18 21:56:09+00:00,190.12736487590135,188.2483713752658,179.94578982548944,173.36120947144016,186.09938036937615
169,2007-04-10 22:02:20+00:00,205.40223412370443,200.38708341712152,194.25169497730485,183.02125306661216,197.46413983224062
170,2007-05-05 21:56:03+00:00,,,,,
171,2007-05-12 22:02:11+00:00,231.58802854543393,223.74549344024095,202.88218506597713,202.29674811862964,229.65349213264938
172,2007-05-28 22:02:04+00:00,225.1410932393875,220.20624742307612,205.7530395225708,202.75177705598458,209.33326495148506
173,2007-06-22 21:55:53+00:00,211.12132136608113,206.26002195423996,201.4709896113727,192.28268306761737,210.83770602391544
174,2007-07-08 21:55:51+00:00,,,,,
175,2007-07-24 21:55:47+00:00,,218.2038613692343,222.98428199364287,210.27035158261083,211.32174772579367
176,2007-08-09 21:55:42+00:00,,223.55104636635124,227.089052150974,211.28492876389438,218.9595904922853
177,2007-09-10 21:55:27+00:00,192.50605582780122,184.70515828743834,180.40462153854875,178.71467118341025,202.5684942329938
178,2007-09-17 22:01:36+00:00,184.15085035420745,168.9370191093241,179.29013025012975,180.56662394906522,179.50009474407665
179,2007-09-18 21:58:42+00:00,189.33368419477677,177.1807830568751,176.94279405645582,171.44745126656673,
180,2007-10-12 21:55:23+00:00,183.2102612463823,166.86422826066567,170.04951316240903,155.57929736970857,
181,2007-10-28 21:55:34+00:00,167.47844851102704,150.26754033571598,157.1111858214706,153.28410742628697,
182,2007-11-20 22:01:58+00:00,,,,,209.47642733296723
183,2008-01-23 22:02:09+00:00,169.37981288324636,159.0691290035605,158.32629144375585,152.73059944721504,
184,2008-02-01 21:55:57+00:00,199.4318006587934,196.13336893695072,187.20856941558662,181.57661107317526,204.89893872614067
185,2008-02-16 22:02:22+00:00,228.10643764366483,220.57005990071417,196.42779716811373,193.77222754634866,208.17707996937483
186,2008-03-04 21:55:48+00:00,204.0415413756162,196.23544633380473,191.56446061171056,180.93559944566823,
187,2008-03-11 22:01:56+00:00,,,,,
188,2008-03-27 22:01:57+00:00,178.00502484622854,169.68812413200027,171.78418600430737,159.01909296708294,
189,2008-04-21 21:55:44+00:00,178.10577693121556,164.62009472515965,167.56353347729743,155.61963441850412,179.66525896143534
190,2008-05-14 22:01:48+00:00,230.62695274022838,,203.99052847691192,209.3271221952825,221.69897597313104
191,2008-05-30 22:01:41+00:00,239.8102722531297,,215.45279071384363,208.9960746787885,225.6583387688014
192,2008-06-08 21:55:26+00:00,,180.0842741481086,180.04371674009536,169.95686770323965,187.0108763015898
193,2008-06-24 21:55:16+00:00,,,,,
194,2008-08-27 21:54:42+00:00,,,,,238.8672149420073
195,2008-09-03 22:00:49+00:00,,,,,
196,2008-09-12 21:54:33+00:00,206.2200777130447,200.51838927104427,191.54793413430843,183.07038201744868,208.58766793056114
197,2008-09-19 22:00:40+00:00,,173.29896178969724,203.59317878938373,162.14360253207283,178.57127098240764
198,2008-10-14 21:54:18+00:00,164.64289725293713,148.04741205731648,161.03364104116355,151.801655173096,157.96551883906167
199,2008-10-21 22:00:36+00:00,,,,,
200,2008-12-17 21:55:09+00:00,193.46979068491464,174.3121421501389,170.72547118964,160.6830961439538,179.05120363309783
201,2008-12-24 22:01:23+00:00,,,,,
202,2008-12-25 21:50:10+00:00,195.3288824999465,191.450892926746,181.18540995387508,176.27043655280454,193.10766295360165
203,2009-01-17 21:56:56+00:00,,,,,
204,2009-01-25 22:01:34+00:00,199.27357917377014,194.498794544545,187.30369452006948,178.58623393939314,198.48850820205573
205,2009-02-02 21:57:22+00:00,195.73454904140848,192.6114101176024,187.55886189492168,176.85070187688368,191.37816435659676
206,2009-03-23 21:55:51+00:00,,,,,
207,2009-04-08 21:55:56+00:00,196.644427033199,189.303817407991,180.62803013776949,178.75469880774972,189.736297263346
208,2009-04-15 22:02:09+00:00,192.3341973362762,186.03418167833476,172.01804393931567,167.0361936507517,182.1885405609493
209,2009-06-02 22:02:15+00:00,225.01052234648688,208.21018323025544,204.6363227200098,200.97270081718386,213.83224550570242
210,2009-06-18 22:02:13+00:00,212.75130374037866,206.26930143512962,201.0481018906109,188.8809906443011,214.12872955559482
211,2009-07-13 21:55:57+00:00,,,152.98860601829466,150.084341790302,
212,2009-07-29 21:55:52+00:00,204.7850370186361,195.69655479909818,187.8227199666738,182.45877764176714,199.21914664689038
213,2009-08-05 22:02:01+00:00,,,,,
214,2009-09-06 22:01:59+00:00,,,,,
215,2009-09-15 21:55:47+00:00,203.41734752492312,193.57447564371833,185.50813992326184,181.5086101795842,205.26126999462326
216,2009-11-09 22:02:21+00:00,,,,,
217,2009-11-25 22:02:33+00:00,,,,,
218,2009-12-04 21:56:28+00:00,174.64621520609114,163.15489021628346,172.42556401908908,159.35763792593366,168.77270207832342
219,2009-12-12 21:56:13+00:00,204.55024273927606,201.75943733345247,198.91934568282454,187.95404210088714,199.4211089038148
220,2009-12-20 21:56:43+00:00,200.68786325476114,195.2810866469681,191.1708838632192,182.66909905967384,204.0133100714752
221,2010-01-05 21:57:00+00:00,196.527929496919,193.86680102924936,185.6759170706133,180.42511105590356,186.32539838979164
222,2010-01-13 21:56:25+00:00,214.36471203393182,210.44800861978266,203.98029203136147,191.96501688685194,204.62208752931284
223,2010-01-20 22:02:37+00:00,192.89166253258284,187.32991965395718,181.26904538531147,176.81996154880156,204.0218851782358
224,2010-01-21 21:57:14+00:00,,,,,
225,2010-01-29 21:56:29+00:00,202.63029444671324,195.5906269803077,182.5869257720842,175.61381388104772,192.14652795336022
226,2010-02-05 22:02:41+00:00,194.6451133770804,186.05618500165687,179.10159130887328,171.06773943501992,186.9968420739267
227,2010-02-06 21:57:27+00:00,197.9253976171284,190.84872742154317,182.90215167541425,171.03469627169954,186.02453652675868
228,2010-02-21 22:02:44+00:00,202.57499595633237,196.71775269137495,192.40514865189877,187.59822568375984,206.80774828358216
229,2010-03-10 21:57:44+00:00,,,,,
230,2010-03-17 22:03:57+00:00,,,,,
231,2010-04-11 21:57:51+00:00,208.53270392180764,204.03704812732263,191.5595185209986,189.7591123403945,204.777364806186
232,2010-04-18 22:04:01+00:00,,,,,
233,2010-05-13 21:57:45+00:00,,,,,
234,2010-05-29 21:57:45+00:00,181.73891221300576,176.81315042560618,176.82507979659263,172.1329440424891,184.19481510593317
235,2010-06-21 22:03:58+00:00,229.18073662774555,,,,
236,2010-06-30 21:57:49+00:00,192.98258592995944,178.88214242759446,179.08582017388858,178.67112790982122,186.77495580282704
237,2010-07-16 21:57:51+00:00,,,,,
238,2010-07-23 22:04:02+00:00,210.5282089569391,207.19833950910493,200.26730771110033,185.76775412602524,202.2625061665704
239,2010-10-04 21:57:53+00:00,,,,,
240,2010-10-11 22:04:09+00:00,173.54646200596773,159.42627313909725,160.60755869179943,154.03487270399995,165.29867938260213
241,2010-10-20 21:58:04+00:00,,,,,
242,2010-10-27 22:04:18+00:00,,,,,
243,2010-10-28 21:55:27+00:00,180.4600859960022,181.92004879045768,174.49250816029252,165.47607078183253,183.7389833409809
244,2010-11-12 22:04:30+00:00,,,,,
245,2010-11-21 21:58:26+00:00,,,,,
246,2010-12-31 21:55:32+00:00,,220.55116691513737,201.4722199487267,201.27310083239945,211.33376207687348
247,2011-01-07 22:01:44+00:00,188.70553242602008,177.70626013502812,168.42230491806245,159.30623345221704,174.69414782376066
248,2011-01-08 21:58:52+00:00,,,,,
249,2011-02-09 21:59:03+00:00,195.13756681965296,186.21080839018617,186.38874953276616,179.700482481857,
250,2011-02-17 21:55:37+00:00,190.93799552605898,183.6456909350477,181.11999557838536,177.54926704440203,188.07077003902427
251,2011-02-25 21:59:08+00:00,,,,,
252,2011-03-28 22:01:38+00:00,189.67046301013804,182.83043139822598,177.21911213523023,168.87625987421683,189.92095357173827
253,2011-04-05 22:05:26+00:00,,,,,
254,2011-04-13 22:01:34+00:00,216.11827605338863,206.8599772626682,195.57078049267943,188.22786289879073,204.0988578719201
255,2011-04-14 21:59:14+00:00,,,,,
256,2011-05-16 21:59:11+00:00,,,,,
257,2011-05-23 22:05:23+00:00,,182.78802805176088,178.68832154950007,173.88783543369058,187.47442095701427
258,2011-07-10 22:05:20+00:00,,,,,
259,2011-07-26 22:05:18+00:00,216.23957596921093,215.48006732608974,214.03017926295584,191.62990683257442,206.7536852180196
260,2011-08-20 21:59:02+00:00,,,,,
261,2011-08-27 22:05:11+00:00,,,,,
262,2011-09-04 22:00:27+00:00,193.81741995944435,181.4858106990391,184.83141665281258,172.99533361757707,196.67450915504395
263,2011-09-05 21:58:58+00:00,197.60600931030675,191.10385209280597,187.10502720836834,178.8102537564479,189.2738508490246
264,2011-09-12 22:05:05+00:00,175.98448282954985,171.05323746892032,173.19305330991335,164.5323387746179,179.25723861103802
265,2011-09-13 21:54:09+00:00,176.73854314347193,168.28605066321342,164.24808604151835,157.20870354356447,174.80922848678154
266,2012-01-18 22:05:49+00:00,,,,,
267,2012-04-07 22:05:52+00:00,170.21853178836443,159.95508107430118,159.7199941290188,153.50243843125082,170.62911709682908
268,2012-05-02 22:00:07+00:00,238.50230143808352,221.4549021558982,205.3708485582976,203.14185257648546,225.0036924222585
269,2012-05-18 22:00:20+00:00,,,,,
270,2012-06-03 21:59:59+00:00,205.4576530640816,192.27005981866023,187.25294564366123,187.39220575517186,203.70985892029577
271,2012-06-10 22:06:11+00:00,194.9992572654432,186.82212228065882,178.44189778434585,177.7555088645571,201.63850368130574
272,2012-06-19 22:00:05+00:00,183.05523691753683,171.87441121523426,172.3655217533552,166.11828356125207,
273,2012-06-26 22:06:18+00:00,196.74393089224117,186.61979546104516,180.27958908611356,179.49900561575745,193.75717540762145
274,2012-07-05 22:00:17+00:00,,,,,
275,2012-07-12 22:06:34+00:00,,,,,
276,2012-08-22 22:00:50+00:00,,,,,
277,2012-10-16 22:07:34+00:00,,,,,
278,2012-10-25 22:01:27+00:00,,,,,
279,2012-11-17 22:07:47+00:00,,,,,
280,2012-11-26 22:01:37+00:00,201.62425068225616,194.17443313759748,185.55352261887094,177.64674459743702,187.93795184640214
281,2012-12-12 22:01:41+00:00,196.28457443204752,187.7867727669787,182.2050392417313,170.96784337022194,189.00180593164487
282,2012-12-28 22:01:47+00:00,178.6361676587932,171.08390995938015,168.4109611281832,153.97755566242242,
283,2013-01-04 22:07:58+00:00,179.40533956060438,173.59515952200445,171.34294886783005,162.87368361332764,
284,2013-02-05 22:08:01+00:00,213.97809553876212,210.1061752296922,182.0455668578204,190.5603169096393,212.7470240725006
285,2013-02-21 22:07:58+00:00,211.93258718007513,210.93533900992966,201.0829039134639,193.2101410456807,211.9242679365995
286,2013-03-09 22:07:57+00:00,,,,,
287,2013-03-18 22:01:44+00:00,195.92241142153972,,,,195.42669195376084
288,2013-03-25 22:07:51+00:00,,,,,
289,2013-04-11 22:07:51+00:00,195.81267408355095,191.43160110796612,181.26962442517618,177.33316541122554,185.3883870984776
290,2013-04-19 22:01:34+00:00,199.49516998313464,192.05568168435192,185.7149871342781,174.23766567609493,203.088426609333
291,2013-04-26 22:07:43+00:00,183.73164731452735,167.97114562853892,167.91958090212722,150.8266807971284,156.3590393727367
292,2013-04-27 22:07:23+00:00,177.52177979165575,164.98504905350117,175.84440293690074,161.44930603860064,184.91453567427305
293,2013-05-12 22:07:41+00:00,,,,,
294,2013-05-20 22:13:50+00:00,,,203.74945526747683,,213.9649268439643
295,2013-05-28 22:07:35+00:00,,,,,
296,2013-05-29 22:07:41+00:00,162.94300444053562,153.88147738243083,165.2720708040888,161.2905699447777,
297,2013-06-05 22:13:51+00:00,215.54156948741013,200.30409826552568,192.54480775267297,192.92394682496064,211.68334674167568
298,2013-06-29 22:07:21+00:00,191.57520984050683,177.83390667832634,173.87150086705805,172.42433018431458,182.06202187171067
299,2013-06-30 22:07:36+00:00,211.14906743102486,205.7069253365509,199.86134366902633,192.99903590675902,208.12939700393474
300,2013-07-07 22:13:48+00:00,198.81661679659112,188.34350439327363,185.74889351552952,181.8403286611333,197.46669551279265
301,2013-07-08 22:01:03+00:00,193.20497647832323,178.18429073175537,177.57634494767711,172.60473700755787,
302,2013-07-15 22:07:11+00:00,,,,,
303,2013-07-24 22:00:56+00:00,174.9633711901676,,,158.5911359302649,
304,2013-08-08 22:13:49+00:00,179.68979684315838,169.93616498424592,172.03417016377668,161.11006559334731,
305,2013-08-17 22:07:39+00:00,224.0211742384283,215.03134591940963,204.88405808859244,209.22817668529802,226.42856385637972
306,2013-09-02 22:07:40+00:00,198.1702893236036,203.24326849488784,201.33430596213117,189.61797419082822,211.53516433260694
307,2013-09-09 22:13:49+00:00,174.06652187902068,164.61667993737774,172.89915796357388,154.3299547421067,
308,2013-09-17 22:07:29+00:00,217.35986211775506,,202.31744317606856,201.44455455497308,213.1410787204629
309,2013-10-11 22:13:41+00:00,179.86571552863677,172.27578341951357,175.1280703110134,165.75897845570734,
310,2013-10-19 22:07:51+00:00,176.40303537896233,,,,182.2638708274342
311,2013-11-12 22:13:32+00:00,,,,,218.05560492410984
312,2013-11-20 22:08:00+00:00,161.05962030396455,146.4806088564349,149.41978660781973,141.87430404023706,
313,2013-11-21 22:07:13+00:00,166.9585656532976,144.39722357282048,154.5479549985614,150.05768910723933,
314,2013-11-28 22:13:25+00:00,214.3017392228975,208.82510099477537,202.12147868267573,194.1990106512393,209.86009005057255
315,2013-12-07 22:07:14+00:00,,,,,
316,2013-12-14 22:13:21+00:00,206.17028310107474,203.3617471849438,190.98433352350457,186.05154738234697,207.0634187288834
317,2013-12-22 22:08:11+00:00,179.75077414923433,173.20289508472234,170.52978117364495,155.92466967739048,178.39533063495682
318,2013-12-30 22:13:13+00:00,217.8507380961848,209.82815089296327,202.3627771944764,193.57721130714063,211.38870525871226
319,2014-01-08 22:06:55+00:00,,209.32204643613449,203.4396272489045,188.21411489459246,211.23157007507635
320,2014-01-23 22:08:33+00:00,,,,,
321,2014-01-24 22:06:45+00:00,,205.36975804257267,199.23996137454117,185.70762750853854,204.78818070103085
322,2014-02-01 22:02:30+00:00,163.90022904679566,,154.8016849624268,149.94984193209228,167.41195156819936
323,2014-02-08 22:08:40+00:00,199.18132973727643,205.27523227850884,186.53992903258725,178.3963518092048,195.27693846883824
324,2014-02-09 22:06:33+00:00,227.01990680669596,224.4438331625699,215.6368469950838,204.56814055696856,215.36078906245558
325,2014-02-16 22:12:38+00:00,183.5659720189404,175.15977254749328,171.90713785367893,160.62469991966373,175.9587749690827
326,2014-02-17 22:02:20+00:00,178.4521717584688,,,,182.6758333795635
327,2014-03-05 22:02:25+00:00,185.3062817015253,175.7853120269395,174.27865509303842,163.64044130961474,179.048312738456
328,2014-03-20 22:12:13+00:00,,162.94864039069475,161.10958060379244,156.99866847832388,
329,2014-03-21 22:02:32+00:00,166.4887045963219,157.4939764736233,157.24735202897213,153.5927762748398,172.9580068715316
330,2014-03-28 22:08:46+00:00,211.31458226645483,207.67557114767993,180.18527837501415,172.1643747904469,197.85492325028827
331,2014-04-05 22:11:58+00:00,184.10483779522315,173.19012086868744,177.1122549507317,164.43606300847168,182.235779518053
332,2014-04-06 22:02:36+00:00,185.93100584446677,178.39894492592555,175.38379337399743,168.61548766633248,183.9194887238898
333,2014-04-21 22:11:42+00:00,191.74595381481427,180.93204799901662,178.72866679872382,180.15065925702683,
334,2014-04-22 22:02:48+00:00,,,,,
335,2014-04-29 22:09:01+00:00,194.03380352089457,176.3310268466388,176.1739174012655,164.71547949114964,186.8778650281265
336,2014-04-30 22:05:22+00:00,176.46167054410952,172.67812275786204,170.13540062391127,160.46015321385113,
337,2014-05-15 22:09:08+00:00,178.9594650758305,175.06062161480014,167.25772951461317,159.31120845061605,182.18969508176605
338,2014-05-16 22:05:09+00:00,191.11864788751723,176.69169911017468,175.99209560389468,175.8958919121731,186.89083345748026
339,2014-05-31 22:09:12+00:00,,,,,
340,2014-06-16 22:09:12+00:00,,153.58659844044055,145.86785546114564,142.39034971578008,158.33818735273238
341,2014-07-02 22:09:19+00:00,181.7242031021566,170.30375425785144,170.4234068846521,171.536720961696,
342,2014-07-26 22:11:43+00:00,193.24095607352095,181.38566362734,176.50290615905058,171.26870717126337,186.9417508506209
343,2014-07-27 22:03:14+00:00,,178.69624120337824,171.54540908180027,164.74406288786648,182.72012520204913
344,2014-08-03 22:09:27+00:00,170.1950336368056,164.34681005831487,161.2412287588629,155.98640496514375,170.40464049155392
345,2014-08-04 22:05:38+00:00,196.59512306057695,190.89333767241396,,187.43923774925747,201.52882208851162
346,2014-08-12 22:03:17+00:00,175.25481339489517,157.6643368991592,156.99835019197306,154.03282418125414,
347,2014-08-20 22:05:42+00:00,197.58891497864562,186.8694683351884,188.73558480323183,183.79337550590836,
348,2014-08-28 22:03:15+00:00,167.95233663858133,157.16935156228442,151.1676153215372,148.46245447864473,
349,2014-09-20 22:09:32+00:00,,,,,
350,2014-09-29 22:03:28+00:00,174.87827080923864,158.59375590011945,156.94750556849849,153.5829454501571,
351,2014-10-06 22:09:44+00:00,207.68084593213578,196.36276810402086,184.66754154368908,176.66051643678082,
352,2014-10-07 22:05:49+00:00,200.0116426737507,189.7410537552493,186.89436074810305,180.975500292971,207.979674163799
353,2014-10-30 22:11:58+00:00,191.89913480037936,179.2194165173102,177.34797749309885,174.0128261120555,
354,2014-11-08 22:05:52+00:00,191.40311958101492,170.89064729070213,175.80300574189084,162.5245726168905,183.92234753970467
355,2014-12-01 22:12:00+00:00,,203.14906384114522,191.04046544250872,185.97307410821332,212.32831346435222
356,2014-12-02 22:04:00+00:00,205.1910000850151,201.08127225645737,187.4629675807092,178.97497069272066,198.392422603265
357,2014-12-18 22:04:09+00:00,203.15659196743806,192.48042366318833,182.91428911864585,180.15369829389743,204.9500756860764
358,2014-12-26 22:05:43+00:00,179.75787422712983,166.54249566789952,172.49073240201326,160.5713929804241,170.26185684555
359,2015-01-10 22:10:23+00:00,,,,,
360,2015-01-11 22:05:40+00:00,192.69441431213062,187.30020291307204,179.91236730894317,171.9593434423976,
361,2015-01-19 22:04:10+00:00,188.78040444572613,182.39721800360732,171.84670508656063,164.82298233703003,183.72059980817616
362,2015-01-26 22:10:26+00:00,,,,,
363,2015-02-04 22:04:19+00:00,185.41849383653508,180.4750651068018,175.11289806307408,165.11540773502753,171.87669626211874
364,2015-02-19 22:11:37+00:00,198.03664971708065,196.24784591988583,183.77012441301088,180.0062378338261,188.06196741369078
365,2015-02-28 22:05:24+00:00,220.3385693676869,217.242851840429,204.96787558711486,194.6999450962977,213.14124968973104
366,2015-03-07 22:11:30+00:00,194.5270978453469,190.39144431363488,175.54960637631353,165.64342681195478,194.90546664659925
367,2015-03-16 22:05:13+00:00,200.02647580799626,189.80350108791055,184.00859741341534,181.42277939115743,200.3644371481104
368,2015-03-23 22:11:21+00:00,165.59297812754545,162.3804532295293,156.66783803454007,149.88587167987043,
369,2015-03-31 22:10:52+00:00,215.6412270151367,212.67531013189662,201.752749902998,190.69634333430753,199.63347468494467
370,2015-04-01 22:05:01+00:00,210.20889456591328,209.75515357163076,200.77744277727396,189.86047233979826,205.55842851160938
371,2015-04-24 22:11:08+00:00,193.8424612162113,187.21413200516187,179.17670930437018,178.95217185207133,185.93791159498755
372,2015-05-03 22:04:48+00:00,195.14988792854498,188.38095505249294,181.35631885451932,179.60784700678863,197.4986231793501
373,2015-05-10 22:10:52+00:00,193.64904556596574,180.09785353782013,178.78469821159123,168.5652091501992,
374,2015-05-18 22:11:16+00:00,194.01365407456078,176.5621628401721,176.4633622961316,171.19047844763713,
375,2015-05-19 22:04:40+00:00,188.16359970710002,173.2201710433037,174.19611144172245,162.486913383417,184.1683368856152
376,2015-05-27 22:05:06+00:00,,,,,
377,2015-06-20 22:04:57+00:00,167.72553255624865,152.4095189323982,157.04991850616773,150.13661193975602,154.57487443629887
378,2015-07-05 22:11:30+00:00,173.65710526740597,164.6844587601758,167.10092726184735,156.34487222208696,171.14685884340204
379,2015-07-21 22:11:34+00:00,,,,,
380,2015-07-22 22:05:13+00:00,195.5911089734151,182.1437610205032,179.2824208759713,174.85934202234915,197.61728886092982
381,2015-07-29 22:11:25+00:00,,214.01130488221762,201.88782920986415,201.94727671428012,214.37562814070648
382,2015-08-06 22:11:37+00:00,176.96245725963723,162.48110520054706,167.74033641573658,158.05127740674283,
383,2015-08-07 22:05:16+00:00,195.58484020559354,176.99822315257757,182.82946260683906,179.5280218898406,
384,2015-08-15 22:05:28+00:00,,,,,
385,2015-08-22 22:11:39+00:00,196.9978249554716,183.05526224242465,178.47245770420713,180.74658884936667,201.96991950385575
386,2015-08-23 22:05:24+00:00,204.2558832638841,195.14118243538363,189.71545575852107,183.28574182080575,205.78247202122668
387,2015-09-16 22:05:34+00:00,188.3007357415409,166.81584793953994,172.0930119491038,161.4810792867466,
388,2015-10-26 22:05:43+00:00,,206.88342263964142,192.81665250715517,182.4853280335598,211.20076838948162
389,2015-11-03 22:06:07+00:00,,,,,
390,2015-11-26 22:12:41+00:00,,,,,
391,2015-12-20 22:11:57+00:00,214.83970477889375,212.85352274952547,203.58963889695698,193.31210728072182,212.55966235997676
392,2015-12-21 22:06:54+00:00,227.64074471852055,222.48979809853506,203.6141918410575,201.39689483692047,227.6381685949968
393,2015-12-28 22:13:09+00:00,,,,,
394,2016-01-14 22:05:43+00:00,178.47841544373404,170.0348191336984,165.91829627040246,156.96496329945492,
395,2016-01-22 22:07:21+00:00,201.1645135239561,188.50494009350672,179.66936237846764,180.43915883930754,
396,2016-01-29 22:13:36+00:00,,,,,
397,2016-02-07 22:07:29+00:00,195.0051394490077,187.02765372622582,180.1114756391278,179.60981164119846,
398,2016-02-22 22:11:42+00:00,185.4714566390836,175.40582543533213,176.05189201808778,169.04265883973642,
399,2016-03-02 22:05:31+00:00,187.88343079599065,176.2454574424229,178.35111319111257,170.1131286270938,147.54080026012969
400,2016-03-09 22:11:40+00:00,184.42801148381224,173.14115953324904,175.00685411652648,163.70905439166245,
401,2016-03-25 22:11:32+00:00,173.45435647014745,168.05141752711774,167.6666488029771,154.56206552345105,
402,2016-03-26 22:07:47+00:00,173.28868474748566,161.2706204089182,160.0218375808114,154.88414354851847,
403,2016-04-11 22:07:52+00:00,178.38496574603695,165.09758712915243,171.68536223916476,157.0249600676108,168.7463065215541
404,2016-04-18 22:14:06+00:00,200.5701773192732,194.48646668541522,187.3607828622664,178.96145940496842,197.97441430796903
405,2016-04-19 22:05:11+00:00,197.1249010729637,190.94937789549599,184.14771538276858,179.66877811534238,205.67453298505004
406,2016-04-26 22:11:21+00:00,186.64943611031336,178.4988811893999,177.19565293908715,168.83843669481627,184.36195179803136
407,2016-05-12 22:11:20+00:00,188.3185452669232,176.8574563862977,177.91326148856209,171.57050160125627,184.7251920774239
408,2016-05-13 22:08:02+00:00,,205.74766996613113,188.28384044396563,188.96118543210764,194.81702310658636
409,2016-05-21 22:05:14+00:00,194.7242839630271,181.29772814955913,180.06178861576475,176.4361977414054,187.19920127873112
410,2016-05-29 22:08:07+00:00,207.1778607144526,191.8904466832456,190.51651110820853,184.17370256426182,194.89994813787325
411,2016-06-13 22:11:30+00:00,215.5338641975722,223.9086088653314,204.74937771251356,193.9367712399513,215.7696992424476
412,2016-06-14 22:08:11+00:00,194.3057624553234,205.14972451283262,182.59413706465858,179.1214281250939,212.2979895440603
413,2016-06-29 22:11:39+00:00,209.1344902069593,199.39960269526603,193.65385862925694,192.6309618389376,
414,2016-06-30 22:08:12+00:00,223.33595984932066,,203.1331523962487,205.05253905849685,219.01376628270233
415,2016-07-15 22:11:46+00:00,,,,193.9529957348307,215.41192871417064
416,2016-07-23 22:14:24+00:00,,,,,
417,2016-08-16 22:11:53+00:00,216.52756573767755,224.55035504973927,208.90298117058092,195.66724547387136,213.57695562281225
418,2016-08-17 22:08:15+00:00,203.58948808799016,,,,212.42511113091723
419,2016-09-09 22:14:31+00:00,,189.77859213391508,184.67423164825658,179.169472297761,
420,2016-09-10 22:05:51+00:00,209.74202572329585,204.28678135057936,202.31758530185454,192.71490601780087,212.37811981774934
421,2016-09-18 22:08:21+00:00,,,,,
422,2016-10-04 22:08:23+00:00,,,,,
423,2016-10-12 22:05:57+00:00,226.50106966176037,222.35486848513847,212.33092704689994,211.42959303365407,225.16475657019322
424,2016-10-20 22:08:21+00:00,,,,,
425,2016-10-27 22:14:30+00:00,224.96487343755174,,,,
426,2016-10-28 22:05:59+00:00,220.35256658707746,212.67244955904854,204.0694786129481,201.72223535592784,213.77554100684932
427,2016-11-04 22:12:09+00:00,,,,,
428,2016-11-20 22:12:09+00:00,189.97401629877717,175.63948115231585,176.94847951673952,169.87929954561307,184.6954522177794
429,2016-11-21 22:08:09+00:00,206.27822082863094,192.27460481160045,190.45194909280423,183.2019325880447,204.31358543113632
430,2016-12-14 22:14:15+00:00,,,,,
431,2016-12-23 22:08:00+00:00,210.9367376595627,201.81884154111603,186.12981970384544,183.80557469319876,203.50744026011938
432,2017-01-15 22:13:57+00:00,170.09051653597487,158.5030086049511,162.67198066097512,153.5456982059428,167.06113805936207
433,2017-01-16 22:05:47+00:00,187.9791666571302,181.54815679232883,177.31790668177854,175.2594684590647,
434,2017-02-01 22:05:40+00:00,201.4361144391006,194.21185896761216,184.98135494835068,180.45025079370677,197.06732216235991
435,2017-02-09 22:07:31+00:00,220.63600238493345,202.82931345806668,189.7318969827549,179.44763396124884,201.32789263004287
436,2017-02-24 22:11:42+00:00,221.07298873549732,216.6892032616737,205.46590032190346,195.45201981165076,214.19953040658044
437,2017-03-04 22:13:55+00:00,209.4849242193166,201.57017645098347,200.09170626611103,186.9756114998591,199.52213369654658
438,2017-03-05 22:05:27+00:00,210.88857461739053,211.34410173529437,,,209.92372228825295
439,2017-03-12 22:11:33+00:00,189.85340903697056,185.9783066608646,180.90101518682374,178.74174956341943,183.98842990117947
440,2017-03-29 22:07:52+00:00,178.7493144344837,168.47892204109755,176.32957393450306,173.66404257567953,179.10534539046427
441,2017-04-13 22:11:17+00:00,174.29333275472862,156.40861404838085,154.95698368702034,151.97468642310122,
442,2017-04-30 22:08:04+00:00,174.92752912699518,166.81193109762398,172.1329135594495,162.75906852697506,169.48586007053945
443,2017-05-07 22:14:16+00:00,204.86396765751857,,189.40818191045736,192.7640550264342,204.91586205994443
444,2017-05-08 22:04:59+00:00,214.667939205262,216.17003700414867,204.907492871119,199.09892689561923,212.79979325650032
445,2017-05-23 22:14:19+00:00,,,,,
446,2017-05-24 22:05:10+00:00,211.49126503801773,205.23888894949937,199.2875604075836,192.9583762164513,211.84659977632265
447,2017-06-08 22:14:24+00:00,196.49949059803248,198.10417059077173,190.27867101015522,183.43458313101496,187.64659242310645
448,2017-07-10 22:14:28+00:00,,,,,
449,2017-07-11 22:05:26+00:00,182.2389832850885,168.45704993486834,175.3360308688549,165.10487246458558,
450,2017-07-26 22:14:27+00:00,,,,,
451,2017-08-03 22:11:47+00:00,211.764118594818,202.24090651195172,193.87399894301933,195.1399749165506,212.3070842019199
452,2017-08-04 22:08:15+00:00,201.5681970502441,194.31245626294648,189.75007012613696,187.54316182672883,207.44441765498078
453,2017-08-28 22:05:44+00:00,177.93343052199126,169.5290089192896,177.34185244792016,165.84582279030727,188.392975355639
454,2017-09-04 22:11:55+00:00,207.80387505251989,207.23122193383182,196.6305529108784,186.5364254301237,208.46382932775305
455,2017-09-20 22:11:58+00:00,185.3051826675658,183.31678856741883,,,
456,2017-09-21 22:08:12+00:00,169.50417133061,158.3872299962378,163.32436072186152,151.3997252526878,
457,2017-09-29 22:05:51+00:00,196.6367163276591,195.0684210848405,187.31489914318038,183.77181030679694,203.1973320251389
458,2017-11-23 22:12:00+00:00,178.3652018077322,175.91463792506482,174.5293863813844,168.60446597942723,
459,2017-12-02 22:05:46+00:00,204.54698194561274,193.40496322141598,187.81081192750446,181.49788411548423,206.97255832972655
460,2017-12-18 22:05:49+00:00,186.60334982240255,174.93444096210868,175.1150398812697,165.44410558584423,
461,2018-01-02 22:13:57+00:00,176.29731924768384,,,,177.3930628372097
462,2018-01-10 22:11:54+00:00,210.9838204403502,207.5973183358886,186.25573522775608,182.18129006571155,200.4114231887669
463,2018-01-11 22:07:39+00:00,220.40863249924053,217.30613098379885,203.5333501367091,193.17894789791205,212.37549380123482
464,2018-01-19 22:05:38+00:00,174.97137602483923,,,152.04824384295154,165.80389825103828
465,2018-01-26 22:11:45+00:00,212.65338282942605,211.0151222793151,204.17682682068852,187.66097575133813,202.51635437685715
466,2018-01-27 22:07:23+00:00,,,,,
467,2018-03-08 22:05:15+00:00,,,171.29460666050593,,
468,2018-03-15 22:11:22+00:00,210.56688610889728,210.05246707464076,198.83512616587365,185.6648640642348,207.3216115309749
469,2018-03-23 22:12:54+00:00,178.38137908519315,171.74808153222858,170.0315944195787,156.82815391898362,
470,2018-03-31 22:11:15+00:00,193.60102775066616,177.52521454060167,175.45437723965713,169.30869936888033,182.25008785755173
471,2018-04-01 22:06:35+00:00,184.03781458657062,169.87449065830583,171.87703952483446,156.81414284400378,
472,2018-04-16 22:11:06+00:00,188.96333957652917,181.86632522963407,177.77402422564597,167.37801239061548,
473,2018-04-25 22:04:50+00:00,,221.09240110978948,,,
474,2018-05-02 22:10:57+00:00,177.52007450748823,166.68459287364203,174.33589257067655,159.782674656759,167.0561243358111
475,2018-05-03 22:06:02+00:00,176.10926993769695,165.71834939436076,168.71142916433973,162.88522671094518,169.70481175610144
476,2018-05-19 22:05:47+00:00,186.3270120131214,165.75109711072525,171.36026590362695,158.29441681879058,
477,2018-05-26 22:11:51+00:00,206.92802756901716,208.03639098885844,210.86511954857124,207.97740493224455,217.85231020734065
478,2018-06-04 22:05:31+00:00,,,,,
479,2018-07-05 22:10:54+00:00,197.52181795678695,196.11727170743598,187.54909774356003,183.05176852769296,197.8165581852794
480,2018-07-22 22:04:37+00:00,233.7429224958189,227.47051121508372,,217.21175638766636,229.3198855581088
481,2018-07-29 22:10:41+00:00,,,173.90576856249294,,
482,2018-08-14 22:10:23+00:00,,,154.69780709731094,,
483,2018-08-23 22:04:01+00:00,222.67379917160002,208.24025987993772,198.55271494112802,195.04447693448347,211.5349460172981
484,2018-09-07 22:11:24+00:00,233.79497113358272,221.1341951747051,218.41874573192152,215.99782338353918,227.19138480830918
485,2018-09-08 22:03:41+00:00,,,,,
486,2018-10-17 22:08:56+00:00,197.96124209648082,192.02346866908954,194.61593222414083,188.11720167569135,198.34368641147447
487,2018-10-18 22:05:29+00:00,216.06979536243645,213.86161409773496,207.9510907810514,202.9882351919331,213.1610062571499
488,2018-11-03 22:05:33+00:00,227.0592192489446,218.27367557334662,219.35435314704256,214.22345381725003,222.85548777446093
489,2018-11-19 22:05:34+00:00,212.7377618888878,211.84255355344504,194.6030434998312,195.72734865121225,210.31343844972537
490,2018-12-05 22:05:32+00:00,219.62792142366266,216.25241426527302,200.36249187669216,190.22265952736763,203.93722095902967
491,2018-12-13 22:01:23+00:00,,200.46654907950023,193.20194445068952,183.5677960232776,197.6633218639979
492,2018-12-29 22:00:55+00:00,,,,,
493,2019-01-05 22:06:53+00:00,195.47695512256257,184.15990128078914,177.79001154599925,176.8013523440931,186.08943749534683
494,2019-01-06 22:05:29+00:00,194.40082044236985,181.7002860885248,182.02273393290525,180.46281084201993,195.1273300382311
495,2019-01-14 22:00:25+00:00,,,,,
496,2019-01-22 22:05:26+00:00,184.41374659413526,173.63324003784865,175.78008541550162,170.08995728768997,181.2724130600012
497,2019-01-30 21:59:54+00:00,224.32378405241622,220.91804589296967,,209.5070366807402,213.52805181097582
498,2019-02-07 22:05:23+00:00,194.78828353626176,186.42322790417265,179.33735409103988,176.83056551475082,
499,2019-02-14 22:11:33+00:00,227.97875719997035,222.91800830308398,207.92161986406674,209.48720842667467,224.0791725022566
500,2019-02-15 21:59:26+00:00,219.441717632658,215.15830125370178,198.3677683667317,194.5192566064436,212.49712956128315
501,2019-03-02 22:11:29+00:00,229.37827031757314,224.60042014160314,211.19007190712946,208.5907954049107,224.17828404325948
502,2019-03-03 21:58:56+00:00,,,,,
503,2019-03-10 22:04:54+00:00,194.7676455303373,187.17292481799672,178.72618516538284,179.81952506843766,195.3295722117398
504,2019-04-12 22:05:06+00:00,212.85283246131982,211.5709118628174,204.87976608356917,195.59542769277084,211.9902432800711
505,2019-04-20 21:57:18+00:00,,,,,
506,2019-04-28 22:05:02+00:00,225.6758008481296,219.91421881011104,209.97533407870355,206.59224679244218,213.0569199788439
507,2019-05-06 21:56:42+00:00,199.67033468893675,194.79062207527775,193.42243300334383,182.98727349571416,
508,2019-05-14 22:05:12+00:00,,233.84923852663957,224.55441529542543,209.8835269624958,227.27316066025162
509,2019-05-22 21:56:04+00:00,,,201.0706523722073,187.27395898370432,195.63662150221546
510,2019-06-07 21:55:30+00:00,193.18673441329864,,178.19998568779232,179.14950860725014,194.4307285151088
511,2019-06-14 22:01:26+00:00,241.19282893172226,231.1373425132289,222.84287466461922,215.36383673819756,225.03210031159318
512,2019-06-15 22:05:27+00:00,232.2471804774121,224.32965731320957,215.6928045326516,207.94410479653982,214.10805048740932
513,2019-06-23 21:54:55+00:00,205.22065042416526,195.4817394150299,195.79396099852823,184.16698483527085,191.78314020045286
514,2019-06-30 22:00:50+00:00,,,,,
515,2019-07-08 22:11:44+00:00,187.14172817656754,182.469787584816,179.96089820331156,179.9329905421198,194.26293927477207
516,2019-07-09 21:54:18+00:00,210.2584222163408,209.7090475895165,204.64620895574564,195.51529842166144,211.0934092190878
517,2019-07-17 22:05:35+00:00,187.84012348566029,183.853269065005,179.4104503305941,178.7698095554113,
518,2019-07-24 22:11:48+00:00,,,186.42384428092817,184.48039561197822,197.55616584102583
519,2019-08-09 22:11:55+00:00,205.4548074342416,201.99930651494012,197.93597064619752,191.22867860098162,212.36114323402398
520,2019-08-10 21:53:01+00:00,219.61185428534966,210.59315036851783,198.07507252432126,201.9125928394139,212.4261333658838
521,2019-08-18 22:05:47+00:00,,174.44244949794512,176.8595188014132,173.28212505357897,185.48118881146746
522,2019-08-26 21:52:21+00:00,224.84090822101012,205.0439184017522,203.82072847568224,204.63166524090303,210.21157395950019
523,2019-09-11 21:51:39+00:00,207.85975000108613,198.56153393539032,194.04958093578648,191.39494271419593,209.54627244143703
524,2019-09-18 21:57:31+00:00,,,,,
525,2019-09-19 22:05:56+00:00,183.42023122631218,181.37813039856812,181.09812122292146,180.38347166483095,197.71840077965223
526,2019-10-21 22:06:01+00:00,,,,,
527,2019-10-29 21:49:36+00:00,,,,,
528,2019-11-05 21:55:28+00:00,,,,,
529,2019-11-14 21:48:52+00:00,183.77580359825143,170.220273557921,176.17934856180327,163.23866211543378,181.8634648208341
530,2019-11-21 21:54:43+00:00,,,,,
531,2019-11-22 22:05:57+00:00,,,,,
532,2019-11-29 22:12:08+00:00,176.86642651306968,171.62572378603818,173.9477022236742,162.44118380459497,176.59264114110908
533,2019-12-08 22:05:56+00:00,224.82886144956467,217.86585542001984,212.67456634720557,205.99062059187824,227.27433442346603
534,2019-12-24 22:05:53+00:00,208.29292506258082,207.68869774753472,199.89142795983594,187.63985527992511,212.0162554065837
535,2020-01-09 22:05:49+00:00,,,,,
536,2020-01-16 22:11:59+00:00,197.08585921001225,189.69222133866597,185.77830254373322,182.05628031175584,195.38462950699991
537,2020-01-17 21:45:41+00:00,,,,,
538,2020-01-24 21:51:31+00:00,,192.0535654341479,181.38233961332105,177.5957740560106,195.52688930909093
539,2020-02-01 22:11:53+00:00,208.30714133490596,208.00369900515827,203.07720683758077,188.82382878679357,207.21846462774363
540,2020-02-02 21:44:53+00:00,207.77797723031327,203.26360559105262,193.5822578462474,189.59518921926576,205.56393533431333
541,2020-02-09 21:50:42+00:00,195.06240925537386,190.18486490514613,178.0152459100264,176.23764348007205,183.08859554550406
542,2020-02-10 22:05:40+00:00,195.26232290387657,191.76867099192305,184.81089330099115,179.66013805717938,191.9551515887804
543,2020-02-25 21:49:52+00:00,199.22570050214375,191.5722550704328,185.10773485552403,178.94586138925683,
544,2020-02-26 22:05:36+00:00,202.63758281191042,195.82450067243713,189.5567107474211,182.9938454096345,194.7457927484701
545,2020-03-05 21:43:12+00:00,198.2710041907012,191.47173298197825,188.56078643970767,190.92636047274368,209.77547129022184
546,2020-03-12 21:49:00+00:00,,,,,
547,2020-03-21 21:42:19+00:00,217.7792986262542,212.41525218164458,204.64302321463987,197.39818947689938,210.78562701476608
548,2020-03-29 22:05:21+00:00,212.17870499882997,,,,
549,2020-04-06 21:41:25+00:00,216.34336600549815,209.16678538059585,203.78699728973436,197.81703365751116,210.2184254573799
550,2020-04-21 22:11:21+00:00,228.42658754759663,221.37433419842222,212.4439654005615,208.881697211825,213.14289807175197
551,2020-05-07 22:11:12+00:00,205.9082910621416,201.27485518748756,204.39185253502802,187.15691906307353,197.82846912911305
552,2020-05-08 21:39:31+00:00,194.0422766013003,,,,182.35339417367607
553,2020-05-15 21:45:16+00:00,213.58058784787718,215.4018612261707,200.29567153428997,194.230963535974,210.88621271754295
554,2020-06-01 22:05:08+00:00,,220.46947128597037,203.89677212348778,186.06100628738218,215.67558437886854
555,2020-06-08 22:11:24+00:00,193.0955832136234,189.1048100036223,183.5118371327044,179.5996902795473,194.4966327428893
556,2020-06-09 21:37:36+00:00,,,,,
557,2020-06-24 22:11:32+00:00,176.22818383583427,170.14061026489495,172.68344277894045,166.9780596604774,166.86838510874108
558,2020-07-02 21:42:25+00:00,,,,,
559,2020-07-10 22:11:39+00:00,197.3884520607051,189.51767816987174,186.28422767593406,183.49298167113332,197.44922792272496
560,2020-07-18 21:41:27+00:00,,,,,
561,2020-07-26 22:11:44+00:00,195.8822350504866,192.43450182875418,187.24961063640018,183.54805032241916,198.33790193654724
562,2020-08-03 21:40:27+00:00,180.8979875633968,172.37833866579325,173.7117206145864,163.13064136213342,183.9994379719338
563,2020-08-04 22:05:35+00:00,170.06247408878892,165.72342582412034,153.11734578997468,157.70724222453998,195.24307136906384
564,2020-08-11 22:11:47+00:00,179.66411938542228,180.4512237964912,180.22179115633236,181.10664859069578,194.49283124996452
565,2020-08-12 21:33:42+00:00,,,,,
566,2020-08-27 22:11:56+00:00,,178.53038929431392,184.17261913897448,175.04812558449953,
567,2020-08-28 21:32:41+00:00,,216.3374614846017,223.06415934247843,,226.72887871231467
568,2020-09-05 22:05:49+00:00,177.23386560207598,160.82727784665718,168.84596015363232,155.35810772067043,177.5985466475248
569,2020-09-20 21:37:20+00:00,,,,,
570,2020-09-21 22:05:54+00:00,175.0208154478705,164.67447155025556,169.9244861375353,157.38370729746657,
571,2020-09-29 21:30:35+00:00,202.29388667188223,201.19900428899518,191.83963107245071,189.58391994836313,208.25563614743334
572,2020-10-06 21:36:19+00:00,169.6752328449273,,160.60909466986305,155.12955276282653,176.1200618485572
573,2020-10-23 22:05:58+00:00,199.4394472915901,199.99353384423785,194.67904548258207,184.75712993732031,200.78620856721668
574,2020-10-30 22:12:08+00:00,191.27847060680836,186.74492021451812,185.76484429087134,181.18427259794947,
575,2020-10-31 21:28:30+00:00,188.60221104260134,182.27948299942835,178.71545426014933,173.1331435594641,184.0707371070899
576,2020-11-07 21:34:12+00:00,,,,175.35324264838198,196.63158767923858
577,2020-11-08 22:05:55+00:00,194.94559163921474,182.39310889432593,182.29190581040083,181.29289546854855,197.49651818512547
578,2020-11-16 21:27:24+00:00,173.46017905346872,160.22289219335113,160.18927718445377,156.9108615058863,171.46306348843297
579,2020-12-01 22:12:09+00:00,186.7148806390239,181.13814939041376,177.35302671008273,170.30767424354858,
580,2020-12-09 21:31:55+00:00,,,,,
581,2020-12-18 21:25:03+00:00,163.20775782600657,154.5309308258451,159.8482741255301,157.3781165463914,167.9939761064416
582,2020-12-26 22:05:56+00:00,212.6518036629023,215.29164651764097,203.89914015793823,195.12653525941397,213.52757602777632
583,2021-01-03 21:23:55+00:00,,,,,
584,2021-01-11 22:05:50+00:00,208.08932387578497,203.32799804443474,189.0020593897935,180.08182203473373,196.89920791683716
585,2021-01-19 21:22:47+00:00,188.76500868156094,188.0937497781677,184.49240942824096,173.44128010527044,188.3871505179937
586,2021-02-03 22:11:56+00:00,190.33507527594364,188.9331186203391,180.5345981491719,174.23377961109585,185.0323450052308
587,2021-02-11 21:27:17+00:00,184.1132032172194,173.88107743837253,174.72155446233793,166.21546402546318,175.34218152816652
588,2021-02-12 22:05:43+00:00,194.78727137779327,191.77631781374663,183.42847620187354,180.52440594580148,194.07568326511998
589,2021-02-19 22:11:51+00:00,208.3210634928945,203.89480331842105,192.5347585489257,187.15788504169728,205.1518391301833
590,2021-02-27 21:26:04+00:00,169.85376615883723,,153.23433033066604,151.0286966646603,166.95545248782497
591,2021-03-23 22:11:37+00:00,,217.2098744249929,205.91103407305877,197.0825394563426,212.71864740181545
592,2021-03-31 21:23:31+00:00,,,,,
593,2021-04-01 22:05:24+00:00,177.84351148885213,171.90300206495533,169.93815182141992,163.8244316808462,177.7974748321044
594,2021-04-17 22:05:18+00:00,197.74332392734,193.83934742034666,180.2513293086712,178.7614040498238,197.72270472045068
595,2021-04-24 22:11:25+00:00,229.10021567362278,226.51872849218918,206.89173020527272,203.83968227787744,214.61457761677707
596,2021-04-25 21:15:14+00:00,,,,,
597,2021-05-02 21:20:50+00:00,,,,,
598,2021-05-18 21:19:29+00:00,209.01221430618517,206.1712954351134,202.4522889372399,190.9578688956774,207.75880600507142
599,2021-05-19 22:05:16+00:00,212.15147320711978,208.32002466727866,203.30310847123957,189.87836579074678,208.49175757538003
600,2021-05-26 22:11:31+00:00,175.42335283630032,167.58866555522323,176.59770100550972,165.71103992683234,183.3647620507366
601,2021-06-11 22:11:38+00:00,187.05277292112777,176.96675085801368,181.26630567942524,176.93071091086733,185.46513904516735
602,2021-06-19 21:16:49+00:00,,,,,
603,2021-07-13 22:11:43+00:00,184.00612921545013,172.69206215520097,177.06872644597559,175.3667053887404,
604,2021-08-06 21:12:42+00:00,197.81058940573084,193.79320868715052,,185.86450706992994,197.49673313795972
605,2021-08-07 22:05:44+00:00,194.5306700508949,190.59092584491685,189.12228938180482,180.34863400729282,197.4905517687419
606,2021-08-15 21:05:43+00:00,210.745395057219,210.20030293312612,204.79129463793743,190.3471458543809,212.32310852087053
607,2021-08-22 21:11:18+00:00,183.73297821385748,166.85854865118347,173.4792400539015,163.66866088492077,
608,2021-09-24 22:05:56+00:00,179.03204175407524,161.67016509714384,171.64161472512905,156.3474149622056,
609,2021-10-09 21:07:04+00:00,175.1714109630702,156.99571515224514,162.3116697372605,153.33455922112896,
610,2021-10-17 22:12:14+00:00,210.76996354578574,204.56944432348138,195.26386543672552,188.88197808730928,212.05158751560174
611,2021-10-26 22:06:04+00:00,185.34770216719863,174.58549124224015,177.24231260329466,171.1811535974888,
612,2021-11-10 21:04:07+00:00,203.2345742383151,191.97593250679824,181.51281790404542,179.47566530978628,
613,2021-11-18 22:12:08+00:00,,194.55723504771768,184.6620435908697,178.24277292284813,
614,2021-11-26 21:02:34+00:00,,,,,
615,2021-12-05 20:55:33+00:00,,,,,
616,2022-01-13 22:12:02+00:00,199.46959477910252,193.6155537428369,186.13213425830935,,
617,2022-01-14 22:05:51+00:00,195.98231658684028,187.84353297860156,188.8266486023045,179.07999632517323,
618,2022-01-21 22:11:59+00:00,169.28381887441276,164.04092776280413,163.0086061084,155.44162211862098,
619,2022-01-22 22:05:54+00:00,172.05701848291153,168.93877910984594,161.74452200392113,154.34185739016078,
620,2022-02-14 22:12:01+00:00,209.77778882297866,203.42964609683577,189.10397865510328,182.32252223549023,206.28858931833847
621,2022-02-15 22:05:42+00:00,203.7608933013899,196.10793784032523,189.60660987266328,182.4599169675563,209.48557621698436
622,2022-02-22 22:11:50+00:00,185.71794736776204,178.1758468538872,173.57507158376166,161.8403548737403,
623,2022-03-02 22:11:50+00:00,186.52033000063406,172.39098254531677,173.52602342154705,164.22292422642914,
624,2022-03-11 22:05:39+00:00,205.47112821134073,198.80468243980314,190.15522534797591,182.97562291661995,205.58226753074774
625,2022-03-27 22:05:34+00:00,226.19758271322104,224.5703820280802,206.6325139590113,201.76054285479637,213.1473909325636
626,2022-04-03 22:11:45+00:00,,,175.48665526345712,,178.4863944114005
627,2022-04-27 22:11:34+00:00,223.63374923609868,225.5334180001546,205.21888764156867,204.07647359556512,214.00209752313563
628,2022-05-05 22:11:31+00:00,187.85451780433237,175.2098432729141,177.15337780236035,169.39080726164764,184.72225594523945
629,2022-05-22 22:05:34+00:00,201.47378505132352,201.30877551093013,200.77185627031258,189.28242262624946,206.0143912960057
630,2022-05-30 22:05:09+00:00,185.69267566983822,171.98716729608935,176.2607227944641,165.69900076993778,182.90563501112865
631,2022-06-06 22:11:21+00:00,,,,,
632,2022-06-07 22:05:43+00:00,197.299328592404,195.01588893370925,191.30373766904833,186.92775065193428,202.7156921002356
633,2022-06-14 22:11:59+00:00,200.86790756963478,198.41649174196766,199.66950177740762,184.67163193257971,204.19983426179442
634,2022-06-15 22:05:16+00:00,177.98329075245405,174.83624060525108,177.0243965676178,164.93138657361123,
635,2022-06-30 22:12:03+00:00,183.63870246360176,175.77672458115308,176.85774580287742,175.96177464617347,187.7112811436477
636,2022-07-01 22:05:30+00:00,193.1998262782891,177.89517073712594,179.34618698591376,177.59499885132567,193.78257177417038
637,2022-07-16 22:12:03+00:00,173.5470757144365,162.3163391706966,171.26958927550018,156.6657961215555,
638,2022-07-25 22:05:59+00:00,179.70048751741564,175.2654493486272,187.1628296337861,182.07242490569288,
639,2022-08-10 22:06:08+00:00,206.42938629532318,197.48444257876443,192.92283932363506,186.86344609858384,205.25530764480632
640,2022-09-27 22:06:16+00:00,168.27958478312283,,155.9949003363156,149.9616190729974,
641,2022-10-21 22:06:05+00:00,217.28988869938172,205.6669501115047,194.51920039887216,185.02210684097696,212.29231386789613
642,2022-11-22 22:06:05+00:00,195.20523862791646,185.33074914956669,180.05102731313482,170.31624617331917,
643,2022-11-29 22:12:13+00:00,176.0277354231016,166.30297086322355,167.58771395003708,150.33981330625647,
644,2022-12-24 22:06:02+00:00,175.58983604672605,165.0439276493415,161.942295013987,151.9520169068267,
645,2023-01-16 22:12:10+00:00,196.44412953529337,188.7281645096591,185.7984277553295,179.38818914792012,
646,2023-01-17 22:05:54+00:00,205.51285317664815,200.56929885929458,191.20496960906337,182.743270964203,206.7593967468899
647,2023-02-09 22:12:09+00:00,177.1093411797192,,162.02577667052927,159.82723337439688,
648,2023-02-17 22:12:13+00:00,211.083141306375,214.84848043571725,196.9032495115714,179.18736418392137,206.76499878444778
649,2023-02-18 22:05:50+00:00,197.86528763496344,202.20634604774557,186.05624944071081,167.6524915235883,
650,2023-02-25 22:11:52+00:00,176.03374061878253,165.30340430311927,164.74411051397195,152.27232697187586,
651,2023-03-13 22:11:47+00:00,184.50216719889036,173.151824056521,172.603566266872,164.31426425523588,
652,2023-03-14 22:05:47+00:00,194.78646053012704,184.16291310901428,179.06752258075252,170.65326358219698,
653,2023-03-21 22:11:55+00:00,193.65618120420734,178.8935590195169,177.42116053340325,163.08392240192853,183.98388294097862
654,2023-03-22 22:05:28+00:00,179.02634015248924,171.0171044511908,174.1798690469269,158.4196128485918,
655,2023-03-29 22:11:37+00:00,198.9698319841625,194.2710726270771,181.79586162225448,172.90958356488304,187.91090350121317
656,2023-03-30 22:05:35+00:00,211.81437765379417,203.74092690642777,195.21366385246728,182.43424872267826,206.19404391645065
657,2023-04-23 22:05:09+00:00,,,162.66976685513882,152.82366424542911,
658,2023-05-16 22:11:04+00:00,222.97122531153303,218.7289276619029,199.24856716921852,183.05973631635126,
659,2023-05-24 22:11:17+00:00,178.98699117260855,169.25818520726654,175.21153235199847,160.11658375584295,
660,2023-05-25 22:04:56+00:00,186.62593846232468,172.09798271689306,174.87714521101614,162.56772609300154,187.1942264133517
661,2023-06-01 22:11:07+00:00,210.12905768650091,202.41009635688323,198.53167101751626,185.94915581115328,210.32961331062933
662,2023-06-02 22:05:05+00:00,201.76388733547057,198.78370395784086,190.3233546470733,183.8725037548046,207.16884147538704
663,2023-06-09 22:11:12+00:00,180.50870491176985,173.731198691723,176.800357362198,161.97900989343137,185.01705611093644
664,2023-06-10 22:05:03+00:00,190.36988335685814,187.93502722643518,180.69495577291292,175.69086797970982,
665,2023-06-17 22:11:17+00:00,197.8514616071961,187.45966265577417,183.30661808187236,178.1828454601399,
666,2023-06-18 22:04:57+00:00,194.4240189187286,184.55246763877034,179.5884202560231,174.9413085886365,
667,2023-06-25 22:11:08+00:00,185.8956999994656,174.91374755927524,176.79517558008584,165.20112973515273,
668,2023-07-27 22:11:26+00:00,210.47993973695182,213.82332808317767,196.25513665463325,184.83005810265539,209.06973533496418
669,2023-08-04 22:11:40+00:00,180.02441573834676,164.9046940143574,173.62209272989702,164.98319501841422,
670,2023-08-05 22:05:23+00:00,180.1572594893915,163.67861907632192,174.0484279002539,155.49118946082464,
671,2023-08-13 22:05:32+00:00,200.77385087081117,201.1651216286936,191.09360674555143,178.22470393693084,209.2959957338924
672,2023-08-21 22:05:28+00:00,188.52682107974945,171.5510528344536,176.1901796651391,162.778534372687,
673,2023-08-28 22:11:44+00:00,,,,,212.17606413410988
674,2023-08-29 22:05:38+00:00,192.09986327934877,192.47015340820167,,,227.26409322890024
675,2023-09-29 22:11:50+00:00,182.49054211592738,173.65757069047805,175.3083737100369,160.55083093093754,
676,2023-10-07 22:11:57+00:00,194.90032981331882,190.0721829496298,181.48624602260793,177.29395538303461,
677,2023-10-16 22:05:47+00:00,,,166.48883664321082,144.54742345915736,
678,2023-11-08 22:11:57+00:00,223.75402473110688,213.133554816628,200.3460841504554,197.9554832875819,213.09396497056207
679,2023-11-25 22:05:56+00:00,210.51356881841275,203.37421493958067,192.12447817785647,182.84937119756458,204.82892135059984
680,2023-12-19 22:05:51+00:00,194.0812779513918,184.05766608788446,179.33462071253956,177.7035517033682,
681,2024-01-03 22:12:03+00:00,192.94798514881708,191.22366351555627,182.640502964479,178.86085297466997,
682,2024-01-12 22:05:54+00:00,,,,,
683,2024-02-04 22:12:07+00:00,,,,,
684,2024-02-12 22:11:54+00:00,172.33327890776246,153.73684626603597,160.9532596104952,150.6300762898223,
685,2024-02-13 22:05:53+00:00,177.14717298041006,160.7192810962211,164.9042307437608,154.75012009718643,
686,2024-02-20 22:11:56+00:00,225.48010668188067,209.60393891250857,191.0258795912408,198.63599301358704,213.9896420262416
687,2024-02-21 22:05:41+00:00,209.07162923139532,197.498859401278,187.8361644235659,184.9909533977902,210.80036717372977
688,2024-02-28 22:11:48+00:00,191.8980791652303,185.85956149226428,177.8569739987526,163.7565839528851,184.24077750490596
689,2024-02-29 22:05:47+00:00,193.03799801200796,187.41090894296573,178.82371759122958,175.54466667387237,181.9117043080149
690,2024-03-15 22:11:37+00:00,194.06823026800527,185.16393039606587,179.58060588411232,170.80386998464226,182.07968906644
691,2024-03-16 22:05:47+00:00,208.03393949213998,197.7631031782988,195.40352395272984,184.85795055532532,203.02456038177866
692,2024-04-25 22:05:04+00:00,180.5711835754071,172.40038994633846,174.2955611959818,164.20076512835806,
693,2024-05-10 22:11:24+00:00,181.4957158575918,177.19516080566865,178.00451505011316,178.82123812738894,182.1081597444869
694,2024-05-11 22:04:51+00:00,182.2494620700337,174.34702374704875,176.23890262753952,174.80059452623928,181.85076954811086
695,2024-05-27 22:04:41+00:00,188.3317239812401,182.6876056559618,179.55935219067214,178.89668590995393,183.53135101356165
696,2024-06-11 22:11:06+00:00,,,,,
697,2024-06-19 22:11:01+00:00,211.9865465498561,200.58814703259205,194.68170318002615,187.45476040989828,211.8250372934856
698,2024-06-27 22:10:53+00:00,194.15539330201,178.36075624211944,179.5466030344643,176.08802284260128,193.78459788579485
699,2024-06-28 22:04:55+00:00,203.04031303399233,196.5417229275804,190.24131131944245,184.39910132278823,199.1936104484319
700,2024-07-05 22:11:09+00:00,189.42556395501856,185.08842759829326,,,
701,2024-07-06 22:04:57+00:00,196.14838892794208,190.54240841304605,184.88494412820793,181.09125236298684,196.3065157009584
702,2024-07-21 22:11:24+00:00,195.91373221421696,186.22464828469938,183.6161910365583,178.32454461230788,185.92373717688832
703,2024-07-22 22:05:04+00:00,190.12377412369116,173.8125424248048,175.78326745645137,164.88007822896986,183.23698935777617
704,2024-07-29 22:11:17+00:00,202.52378422552704,195.36506256529714,190.83637037831306,184.96227204215518,
705,2024-07-30 22:05:15+00:00,226.07123136016662,219.2609190108326,195.45275730145832,194.7515667330122,214.14265386368038
706,2024-08-06 22:11:21+00:00,194.783501780075,183.78409990248085,178.28971818583935,179.93679743974073,
707,2024-08-31 22:05:27+00:00,202.35431361815586,199.25927853876465,191.0343096072362,183.81239683058809,210.16457295558266
708,2024-09-07 22:11:43+00:00,178.90261966458172,175.36187726495726,175.43056512061327,169.2832919212997,
709,2024-09-08 22:05:24+00:00,192.88760927530836,181.49033164707674,177.46426145822406,178.77447781119764,186.7039072857242
710,2024-09-23 22:11:42+00:00,193.68094317237296,180.72284801457872,177.80289673692616,175.65549350905667,
711,2024-09-24 22:05:25+00:00,196.72691879408853,190.97925772070423,183.77137672026137,179.4262616594475,
712,2024-10-26 22:05:48+00:00,211.52389596566846,210.034155237807,199.79473950511345,196.23451821731953,213.24684511962778
713,2024-11-03 22:05:36+00:00,194.2370573536689,173.08115732975975,177.18477103430314,173.28160842873066,191.9535122199612
714,2024-11-18 22:11:59+00:00,,,,,
715,2024-11-26 22:12:00+00:00,222.76935330629385,,210.11596830109204,204.30009975474496,213.10885804311926
716,2024-12-04 22:12:00+00:00,175.62552591913953,169.96646930697494,168.68012577417903,155.94661960059443,166.9506582751442
717,2024-12-05 22:05:45+00:00,189.63096574485616,180.0605042675183,176.15816858055004,159.28289459230385,160.0365292371123
718,2024-12-12 22:11:48+00:00,205.5105791433645,200.39820199048356,179.36683669186047,182.4675385332426,198.5624564226832
719,2024-12-13 22:05:46+00:00,229.1754700343716,224.1545210604337,207.24384667747725,204.88679450912656,218.06759462413413
720,2024-12-21 22:05:40+00:00,194.94859976519416,190.15805652193978,181.88662850220982,181.05421403900584,186.50483129478175
721,2024-12-28 22:11:50+00:00,206.62578519892796,203.26740632811868,200.99921577255287,189.52110559027602,208.62679987735046
722,2024-12-29 22:05:47+00:00,204.23550584324173,201.20305578349223,199.91998831041985,187.20490415469487,207.05218703282426
723,2025-01-05 22:11:55+00:00,196.31658787422919,193.22292905222935,187.6984738578945,181.68944756848032,191.25945879740397
724,2025-01-06 22:05:42+00:00,207.04400899329755,201.87768300500946,200.75668891869785,186.42232076504456,207.5045683482433
725,2025-01-13 22:11:54+00:00,199.56104287434394,196.77195424101785,191.29722347466117,183.29555909594924,198.02624826132356
726,2025-01-30 22:05:44+00:00,194.1437025211447,190.42752516284668,180.8809691820155,179.63299987411227,186.2021764394459
727,2025-02-07 22:05:41+00:00,226.19700986344012,219.49583904033904,206.56036938592817,208.02362178557064,217.90454472789452
728,2025-02-23 22:05:31+00:00,220.51901088710042,222.3551694786069,205.97183243813157,197.9550693968204,216.37100445838746
729,2025-03-10 22:11:52+00:00,229.50147343848397,227.83508445446535,219.27151262187914,209.54094739091153,224.2067995050707
730,2025-03-11 22:05:27+00:00,218.7864540292764,217.9428309839327,205.51559020023848,198.20541750972143,213.41124637916698
731,2025-03-19 22:05:30+00:00,193.8424395342306,193.9678146044491,182.48585925879908,179.49762974084877,191.45850642270813
732,2025-03-26 22:11:41+00:00,,222.20140838127716,214.5088640640615,211.2754947821748,220.6946796137665
733,2025-04-11 22:11:41+00:00,204.46767695968464,199.136088675262,197.60994306674084,183.46899169320355,
734,2025-04-28 22:05:03+00:00,,,,148.26369876212476,
735,2025-05-06 22:05:18+00:00,210.85785380827997,222.08517506928564,198.73856130749678,,
