,dates,mex0096-0000,mex0096-0001,mex0096-0002,mex0096-0003,mex0096-0004,mex0096-0005,mex0096-0006,mex0096-0007,mex0096-0008,mex0096-0009,mex0096-0010,mex0096-0011,mex0096-0012,mex0096-0013,mex0096-0014,mex0096-0015,mex0096-0016,mex0096-0017,mex0096-0018,mex0096-0019,mex0096-0020,mex0096-0021,mex0096-0022,mex0096-0023,mex0096-0024,mex0096-0025,mex0096-0026,mex0096-0027,mex0096-0028,mex0096-0029,mex0096-0030,mex0096-0031,mex0096-0032,mex0096-0033,mex0096-0034,mex0096-0035,mex0096-0036,mex0096-0037,mex0096-0038,mex0096-0039,mex0096-0040,mex0096-0041,mex0096-0042,mex0096-0043,mex0096-0044,mex0096-0045,mex0096-0046,mex0096-0047,mex0096-0048,mex0096-0049,mex0096-0050,mex0096-0051,mex0096-0052,mex0096-0053,mex0096-0054,mex0096-0055,mex0096-0056,mex0096-0057,mex0096-0058,mex0096-0059,mex0096-0060,mex0096-0061,mex0096-0062,mex0096-0063,mex0096-0064,mex0096-0065,mex0096-0066,mex0096-0067,mex0096-0068,mex0096-0069,mex0096-0070,mex0096-0071,mex0096-0072,mex0096-0073,mex0096-0074,mex0096-0075,mex0096-0076,mex0096-0077,mex0096-0078,mex0096-0079,mex0096-0080,mex0096-0081,mex0096-0082,mex0096-0083,mex0096-0084
0,1985-02-04 16:06:30+00:00,242.24600628847952,243.6796023397807,238.94853637295532,241.9456260930833,238.3578307548632,241.57095357671562,233.52180235556244,235.73716699487642,233.5741603790584,236.0690842377328,230.13959624252365,234.41111614006468,225.2205572175854,231.7011101481522,227.64194700926586,231.74041637998505,227.94570948636172,231.63166350047402,226.51213243491998,231.1369343521057,229.1316760401633,232.56566758817547,230.03259578334666,226.31827252139658,225.58648243643057,226.0819736299261,231.1892857613695,229.2647605234892,234.42189028816904,236.68547628082598,235.12923333869065,234.87992040879118,237.17917343573282,233.75506023703014,235.03525998156417,231.22988925894785,233.84737046502704,228.68064459930946,233.04618712658169,229.22229495730076,231.73882106144038,227.73213067287375,229.69542788326675,228.84546478758764,228.13873424582974,226.5445298480546,234.34851926287138,230.02534587119703,232.59129926177224,228.92647941298947,234.56041723185248,231.61429871015486,234.07284806258866,233.09831779130855,235.61030078843345,236.1131355526288,235.1511600698743,232.99643474501323,234.55508991638212,233.94704894934665,235.8376527657843,235.79914120525336,230.4744469878647,237.58099895224274,237.51203654447778,242.52375525536976,236.1938309686383,242.25247501130983,239.6299832429405,241.9819077658945,239.79006741591624,243.06533098201655,239.4777154856493,239.51475200998874,237.03393794442366,240.00869197879317,235.78530878737564,236.24160067652178,234.64308256599782,236.81763375123137,237.8665949379568,240.01911414971624,235.5557674420171,232.53813804456604,230.28442330533653
1,1986-01-06 16:03:38+00:00,220.20100519752748,221.2052894893899,218.56050763859318,219.04333676150483,215.17699321901546,215.12551438502962,217.30069853067974,208.55186490706922,206.9203536715702,207.20253556388445,206.26898746847954,206.41447138714167,209.17354001256078,210.91685437465216,212.26775847659798,206.777158597937,210.10355352168506,208.24669463079638,210.00550903889055,211.40467602386406,217.15046919223417,210.69966292744326,213.16014432733846,209.94619312882875,210.58957449586592,208.25694412382887,207.1433324608262,211.66184433752503,207.0849374199741,208.1529128219438,220.06003805535542,217.17324304339203,221.5049348585472,219.51295976811022,220.74029739590785,218.2282421893053,217.08142157716162,217.3673471814749,220.16325738978887,218.34858661163716,217.2799719778192,218.91827709789865,219.1157392825904,220.15332673708158,217.77482734866774,218.9806279684063,214.7782405872444,219.10430499080942,221.18079728688556,221.21738539789354,219.19730837597837,222.03384856404654,220.18746663665834,227.39144332608882,224.34882755234528,224.13500705264573,220.59511101695313,225.54134103662804,219.84947426962077,220.79703176726156,218.60845598771186,222.59947078561765,219.09892364832243,218.29643610191783,223.96591859020825,228.9042152667284,225.96465710433674,227.04083388577772,226.28954253340237,230.44687433816543,227.55002901749424,226.47822726401657,225.6731575649648,222.42338604958155,220.4743911618988,219.76711343330223,221.66732877001058,218.49157382103343,218.10324667603348,217.99417394665483,219.59968965968005,222.89810825523386,223.03290539269753,219.80420712896878,217.80676256931682
2,1986-03-11 16:02:14+00:00,240.32921657350255,238.98992012986162,242.43927365903323,238.67082070610678,239.85369803172847,237.56937131231894,234.14464399152754,232.79540004478446,226.50514277199727,229.30961957310552,228.15717310764796,230.27613528430194,225.17951170721983,227.61032008402245,227.29999096223028,227.86387948739434,227.2939055498096,231.1529110274269,228.4226096821424,233.2596309886921,228.47979542098128,232.1650986022387,229.75383223674595,228.46978483443286,226.96843561994814,230.23758085941154,232.0144451315216,231.9047978327237,231.06712446068337,228.185622595298,228.2481548257191,229.85745721931184,226.33030815185666,232.2936226429042,233.35102986575544,236.31766165457577,234.788351036949,235.78579296965341,234.37265506464576,231.11163683485137,233.28090223532172,233.24568490278654,233.49299734515148,229.25183358585406,231.51133258303932,229.5540010553833,232.3938480496211,228.152101181286,229.23521574578393,229.05165012161737,232.62395349312254,235.15320003643006,233.30669099104648,233.61266381442184,234.7204338460511,231.73528192944417,233.66483988649816,232.19802327445285,235.33702864437083,232.70011727743503,233.01275676208863,233.66421984550874,233.65852035339066,234.8358080121573,233.41241336806402,233.94536019836113,232.53968907757934,233.080225543555,239.12467290493342,240.0055461403039,239.4510729284255,239.29288582634283,234.17766353241532,238.46237113907915,236.13227156808688,235.47200256658076,231.557029348046,231.49367125476343,229.01256114946662,232.4729408826682,232.04349797854474,234.50752579535455,230.39642397381084,230.82973993866727,229.20117085634575
3,1986-03-27 16:01:55+00:00,228.0432385323093,225.74912192531008,225.61316643544066,224.01873508332204,228.59511551781864,221.6400540696964,218.46082804266126,223.7698824374064,224.72802123756156,219.3176117935119,215.90160916777722,220.33529160526638,210.8574056773439,211.78757237910048,211.40805492206366,,220.37234053022857,222.8360017072879,222.1316214825498,224.99683384413868,221.17312701323215,226.05555081660123,218.79761374970963,220.93209371177466,217.0693710210082,217.52804786110767,216.41859652045062,219.35764513856,220.32408034840844,222.7573786559135,219.0475142651347,219.90215104562196,217.6399199497933,222.99791992669964,222.34347925718083,222.80115081221354,224.18456016901445,217.65907456557787,217.1752187521693,215.68907987402483,222.36909738142356,217.88312720695924,220.16785985265244,217.50066349019568,221.5530630560311,215.84123921126553,216.11196196480032,217.11885688138776,218.19290528335836,215.69079782717745,222.09435998642772,223.5096649761523,224.6495300246171,224.13894414019074,228.99135854797106,222.98856440864063,224.281289233924,223.03251514339115,220.93926354969602,216.9456749606239,220.4057919192378,225.7898691429132,223.31246130838127,226.01983624217252,224.96918849915983,228.4253403428726,223.2765578267597,227.08279684661557,222.5970383916892,227.55223786520557,228.17350875646193,228.68260369823832,224.03221133118137,226.396778016015,219.51328798952858,223.59365400505635,221.87291785756778,224.03672677147034,217.5718589697594,221.91229353748187,217.25945681016916,220.1508169496014,217.69531005043757,216.71421958743792,219.348672061924
4,1987-09-22 16:03:06+00:00,,178.81721005336283,173.516934349773,179.34965829474524,172.12250905978473,171.98210184603647,,179.78697922061085,,169.14220370423897,,,,176.71341566538086,,181.98235282021793,177.1974209194812,177.173368562605,,181.5086135683704,,181.04168387546758,184.6940039590172,176.58781598619535,176.374258246542,180.91444581369672,185.80065455082482,182.67136922379072,180.09160211677025,177.3878383630203,181.5786395918519,185.29714048485627,194.0487701069901,192.5361185682358,191.7631379485058,187.6470574593614,191.75658258775732,190.82468050341757,188.81588726260182,187.10198562125922,192.79389594474443,184.02169137037794,186.03221821458283,185.82978862709783,193.35165417493354,181.79452572223764,189.85050218592414,185.19962836203092,188.17055174042764,188.5395516866347,195.1009706284657,193.9159693522888,200.79122088522047,197.7928320012015,203.71667761368343,196.7831621937514,203.53783529433963,197.94838601978336,198.57414758347872,193.1771443888201,197.6980731901237,192.38664936973447,195.87701152354546,194.29100228642244,192.666557127001,188.66733380851164,195.7034058938795,192.80141857074383,195.97005339519342,196.56278092449207,195.4608811208598,195.53241120861318,192.8702302800551,187.1955927463873,189.35604011885636,190.52801675634407,187.38960117305183,189.65408480739734,185.3646304804962,189.35345800081464,181.3268914445847,189.1778313887706,184.23271547546113,193.31301256707718,189.8500471622399
5,1990-04-23 15:56:19+00:00,217.0605094512681,218.15258044017028,215.15683971828724,213.30452145949758,215.2827208838896,215.92617319626908,217.74770189720854,217.33557620645917,217.56237228299534,212.63254028870873,213.69264420065718,210.0006306692384,212.8554317067482,210.11686706950604,210.88176855804326,223.10336610730909,218.10518204597,221.08224068477392,220.19089013978726,218.82629370456146,219.15553886005335,217.01981559839996,217.3365161119195,217.94003343319295,221.65813500900148,215.05586538306582,223.0614284116946,219.43891079559964,223.84586145686063,218.86623055325083,221.83517801043553,214.7187512970935,220.43109213155861,222.83357092442094,227.16794159440812,224.82490792516236,226.63648286729244,223.5149710747751,222.3642809987416,217.8109289721252,223.07613528937253,217.58408645441008,221.58277217818474,216.14357363614153,214.8039226467909,212.382505008788,213.99039738136602,216.31291083265737,212.6541620953197,212.28573243074953,218.84883905852743,220.10440963619772,227.0412074171723,221.65020785236098,224.29472990877315,222.81502859681828,225.3951680217091,222.12802985801318,221.77829856747928,222.02168489543914,221.98187652685363,221.83452983503904,221.896934075096,224.57233044749253,224.12397995477178,222.9795384376799,225.17455759278312,231.08736068973107,230.7060675340061,235.0561787019045,229.29692151493472,230.1286594671958,227.88804006152276,229.3958174195671,222.9688785506205,226.90454486550206,223.5012154317012,226.50973796039685,222.77057392771295,222.31249263029014,217.57745274287777,219.47072885899416,215.04178150142266,216.29224363902668,216.48431391637524
6,1992-09-03 15:58:21+00:00,200.15909150326323,188.24068350042597,192.6032665564244,187.95296985562658,195.5887164796812,185.34551566222623,189.64565225940947,188.99601770963324,191.5020273064225,188.10193726445416,178.1873787193407,180.94446993505815,182.85940601704257,181.07843358514472,187.67008752995238,188.62163229057654,184.35617628068854,193.66602623600198,193.0463017880692,186.9447098261812,196.53592305832493,191.06195153928755,189.8306081859303,193.77507296171652,195.5711959854666,201.38792623036844,194.8380417333845,192.11365179856108,197.40125567158017,202.93244507961424,193.88565229639906,202.7892847443452,205.27812279519677,196.38646513622646,207.4212612207793,207.4121460616315,202.0588377904422,205.83966606018393,208.1282913067057,204.0716372941321,202.21996584229882,206.5845133806127,203.19467801292745,204.0764473716095,197.2285294063131,200.4941322678519,195.3851804448688,201.25756199729346,203.41769262523525,214.24218727781644,207.7344049158378,215.84926323081484,208.5016567957983,216.50788464484415,207.2273929821052,215.8497555572693,208.2941268774353,207.04737267072522,211.5977802816755,210.41860249066931,210.2879870385032,211.4171280104004,211.01191559207263,205.68442988548654,212.41562305368265,208.34833643021364,215.88125228625137,218.44466013657515,212.68260679599223,212.93123279456265,214.86823732417184,210.07685228867655,210.51400194255103,217.48044003286,207.14105114938923,214.23046196666397,208.46273084962326,203.92497219536665,206.05736515248816,209.5743654719609,208.04306017916122,199.57292101185124,201.008022042014,211.17944333426348,203.3858194505502
7,1993-01-09 15:57:39+00:00,216.13131989395816,214.2706337725124,216.63093356801184,217.8781772476186,216.22115264985788,216.54089577895334,215.60766019985996,214.09087560445136,211.8493072144178,211.11185863115,210.09997129627325,208.29850878285436,219.02411948831795,,208.5382862376858,203.0049245309314,207.90860847425105,206.84695254979297,210.4957353333041,214.11462813631172,217.0175282104805,217.25710498514493,220.06650572659018,221.56710096251425,219.58634799129186,220.4616562906826,219.3319541117898,220.22398237871465,218.11721850847456,215.78626972384055,220.9826417622164,,,222.51407155745216,227.14910065192723,218.79267162784038,222.49700794369843,223.55307277059663,227.3894044185536,223.6565283649488,224.76635070885308,222.89871294636706,218.81871306391994,220.37430510787576,220.46270660321036,216.87729572222136,221.4368065173178,217.29014805363175,219.9933049510125,219.11822416571712,220.50265413437037,219.76927357604464,218.37031564498915,222.4019257271165,227.68228732676945,223.38645369719742,224.95232113854226,224.51291635537333,225.80367362998504,224.00679254439788,228.66938868046287,226.29503918344608,227.2414390697181,224.70465406571418,226.75582729474078,223.17181527308637,226.0104946631314,220.39862304905955,227.26865459786453,222.65423327385594,224.90563100193282,231.83932759978953,231.01105846031732,227.94389288621122,232.1334170322651,264.54714786110947,,,,,,228.66937634116508,222.0387290859039,220.45650995291356,217.585288268508
8,1993-01-25 15:57:49+00:00,223.15620368709207,221.3651575745788,219.14344218478573,221.84025980564138,213.96749176848107,221.11841599709757,217.342395747531,223.09878817226496,217.9471507673597,213.5875270955858,218.6645993516101,215.952405572411,220.37641533067142,214.45459080621237,218.5589456330377,218.31324012745742,217.71618811276852,220.1466551924218,220.0698215888129,218.47785206222306,217.78642026782913,222.05367773973154,218.39446639336356,223.12263705240767,220.6202367015181,224.8736949569919,224.23130138355947,223.6103478776255,226.0907860463707,230.61278501380534,227.86735283220673,229.15322526976274,226.37975652031403,226.79037379815722,225.57025419698942,228.11535688435794,225.7351658255714,231.435172379145,222.5232998417393,228.2423074536206,222.9033199901417,223.98507340788385,219.99885064261957,223.88557381526334,221.84163038164706,223.6038076586316,229.58103867833367,229.2400301862913,226.01804308174553,230.01403528722113,229.36202556952767,229.85104817131122,226.4781666490424,231.45824238499904,226.81117082243932,230.79658931059518,229.6391833952156,230.3839142907878,229.76548350521728,229.74421600798053,230.69413460773117,230.17649669451978,228.62587408599967,240.33617858941665,237.235066926951,238.55295371588164,236.81841588498833,237.42143670653925,237.1271175185137,237.6758474241838,236.42931936778268,235.80942377110802,235.422626348133,231.81286302944176,233.80946918486046,230.43562194849613,233.65678570132337,231.1331553020306,230.91900830372353,233.12693983476146,238.92723340980518,236.38423210470526,232.85385713996055,232.2225327653743,231.04382588178674
9,1993-02-10 15:58:00+00:00,217.01752070229554,217.8267704210788,216.9745031570539,213.9849229485532,213.4971229351942,214.51732085945696,213.55851411285195,218.70943980025228,216.27784001044031,213.59721358232358,212.45018552386344,213.8576721638791,213.13979030891102,211.54024736214143,210.29633257471426,211.27484623979376,212.38189418275388,214.27691166983786,214.4568994739853,215.0678484967289,217.1144745145944,217.57650053362798,221.6329628810621,216.22356935299217,217.63718316721045,220.20478773374847,223.26606491884826,223.36929657666946,223.59016270092206,223.08746146387378,223.7579554082657,222.70990555971315,225.09822328962875,223.31295552677068,221.5400775427981,220.9580586909806,225.54942516621676,222.0219583809531,220.47301153248003,218.81610684461802,217.7091534195753,220.01651129162178,223.32329040329893,220.8340839670315,223.5438458490922,222.33434826196964,219.94281249863295,219.73572918830098,222.85811081823238,222.5914663347918,223.50754261617476,224.27980751152248,226.78644780102346,223.99822730175256,225.34585537337327,222.2973950327512,226.395414654198,226.97434652106557,224.60681385089686,226.80855029488444,231.01274203332298,230.53391040467224,228.48800365446513,227.51147540628824,231.74108972049885,229.89285034054683,229.4029264456971,229.5264782205934,230.68201350285472,227.90358434815138,232.05144533112124,223.13032105903173,227.84469503410494,226.8117243783094,228.2472773516204,223.95723810523063,230.54569695069853,229.69604434134135,228.408458707947,221.22473376085213,225.83257461893012,219.9709914161123,224.33604721549057,219.8679923271541,225.1656887235935
10,1993-02-26 15:58:04+00:00,215.39717293873224,211.52812759609796,211.73287085628434,213.9542857985489,206.67714654664726,211.6465114546617,212.09324169792876,211.07017750989624,207.35763094623593,206.84514025761362,208.934096712119,202.7592014613115,206.14903772579487,199.5173411052784,206.70891576195223,204.5116405171559,208.11612366671875,205.30383696094472,207.60539711252684,213.32358041175945,205.9024602844944,214.7565668951307,216.4443540252931,218.53682742538248,215.19249804472977,215.4305655873503,212.85560532383096,214.36398947058396,210.6685945653385,209.91126725294865,215.46108504912965,208.62501936135794,211.08967832436664,211.1500905838622,209.18499553555907,208.79825711548725,217.5303371310095,215.2503011860416,215.69981554533712,215.9419399636997,214.7079600606829,215.6747311030346,212.99875141985942,212.54352460109305,212.29132688887447,208.91631525545526,216.29262014681848,207.82818556287057,212.98667018395392,211.44561505182278,216.0324928624296,213.66561554820436,215.53588912155462,215.51030393356692,220.5119356482129,215.14651698968223,219.20708594268697,218.211447967145,220.22825335229626,217.93456728498916,220.36089571362106,216.18684698472666,218.41009287563574,219.8570274062675,223.0624021144433,221.67077779321139,221.52278264769427,221.97468804297205,221.76844692273212,219.66401744738042,221.52676840052808,223.43974835718652,221.11829704169494,223.82298447001753,221.88001427000748,220.2065664331967,217.53228270917504,221.11826230195496,220.3975358549322,218.90250326227442,218.07421641579097,217.23218087204077,212.61498360032095,214.07359939700305,210.99511691398712
11,1993-03-14 15:58:15+00:00,225.52488172934585,217.72614421476564,217.6869240042335,220.94214178412588,219.89611602428548,219.38435697195166,218.2503469322777,220.39410457313676,216.35741289998725,212.13174491602075,215.16306509136547,208.0184383612465,211.200038202391,210.45924722877936,212.92421120688985,210.94289449714972,208.9992337397589,212.43105843355835,220.7988127778949,216.97508569649943,222.0133084598648,223.8645712731238,227.33738334890256,222.3417970599586,221.7923837477614,222.78623596494032,227.9778956479521,222.97327967685973,224.569215225246,217.5425538741108,222.5868641018415,219.06270993237897,219.18106995196956,218.189811928583,211.88391806269345,220.48759022733623,226.14804211438332,220.80634870630152,226.22172004462408,228.867853057897,227.68998613170618,220.0715450567846,223.8184571184818,218.56363558096132,223.99362931223217,220.5606163185057,220.58169149114525,219.67099431473292,225.47661944879871,219.69608065365054,227.9594930701577,221.82271642230694,222.4820904082061,224.61160524459368,233.82570253166392,230.2218341770912,230.23622976322912,227.98224897383386,232.49951918644817,232.3476252523078,233.8922798616039,228.7422274498799,233.65474336980594,229.8904765546819,231.2817638821539,229.04312175961195,231.9055538864777,229.76719780493647,234.0611730465995,230.67412242109447,230.57440378874446,234.14382020138143,235.41747176577195,234.4023512659855,234.9850652556088,231.25876943150587,235.0805255517323,228.2497219996311,231.07952456123098,226.01993957890954,228.66622923729258,222.09672932557856,227.74083291101437,221.59277548621344,224.15140785099914
12,1993-03-30 15:58:17+00:00,194.3557879487048,193.78677050083564,194.2626037895313,194.8235886226109,188.99055242036306,191.12963240674264,188.05657883471977,186.6666313831532,186.2300604555132,184.16928975465814,184.4976439101588,179.4826304132576,181.32691215682502,186.90197220748473,177.09487254597983,180.9599191793517,190.2584593459796,183.30102684858082,188.8206994086956,188.18067041362954,190.38892172299782,192.6925701672366,191.33344350967718,190.51323751665583,191.19229528477987,186.0131119290563,187.4615700886701,188.41192688061545,191.96414706150387,187.29466123897873,189.43282147524167,196.52153494018071,192.9328171679699,194.37163949769868,193.6146167903339,198.2163937204133,203.28476314364994,197.49202326626772,196.7664452745642,193.09114651249175,190.94047451437064,198.98482999806322,194.80490805958053,199.59429332936426,194.5896822564482,195.80105425888473,197.26404802090735,198.3100560635692,198.24488421167004,194.70299284280094,187.30426695712012,207.22580821977277,205.61747152713986,205.09633560385245,203.45965120297626,210.2962123136526,202.4801168529386,202.25863308061813,201.07426093165643,205.74235841246414,203.73097949208585,198.45860218438054,199.05297033081615,202.02799559789003,200.14311543714163,201.66112600449856,201.56274270417546,201.8670255427174,198.54782802395096,206.13946321751908,199.38221544674,209.8116224511985,203.39777048441923,203.9241687166125,199.17887483996432,202.71322211518287,201.15916938257783,199.26310074788273,201.23296963696288,198.28981401555694,196.76623558480236,192.73344484149482,197.6375656555118,184.6823530947056,
13,1993-04-15 15:58:25+00:00,185.0194331162098,190.40887255495417,187.6213751389779,182.42800043908414,185.64561412342204,180.19857797673754,186.29934279228587,178.44562503588523,171.779781396783,182.19741735160483,178.65459579572516,176.7609368814555,179.01301602266275,175.9945889740646,172.06223821520425,183.4296748185416,173.20309914092616,182.7539871738888,186.3476755606407,182.07438356590188,186.2397126634062,186.42741757811132,180.31193128602735,185.80620753411392,184.28136390018656,182.86751783222044,181.14514935799528,189.54540271652115,193.28791641650247,185.35534822367947,173.7602372577459,181.15439617175372,189.57833589637548,189.1058422889805,188.21845386113137,193.53399189394165,193.30201304813133,188.460463859621,193.8058699459033,187.75065030199548,200.46826196128262,190.60792668775147,193.78072974030277,190.2115737656941,185.06950123535483,201.41136057638892,197.1555217022051,200.7200522622884,203.78398183910105,203.98001369846762,200.46281573860426,201.4508483406818,197.10036024630625,199.23519462503964,206.40482063098486,204.44504844612425,200.99327461647528,198.31365298390347,201.79713031324965,203.22642510992074,201.1752242125205,199.58694877568254,201.78644690591,210.03767726334013,205.828510044954,204.761663975326,206.98562726903978,203.84161696209094,201.51501233068146,196.7054305809776,200.34519688063787,194.94622672272183,195.18464440465885,194.67767469035562,199.7151584376458,198.469576747042,193.28193583699317,187.47118926569905,187.93253566550015,208.9092855012259,214.88490759315496,,,,
14,1993-05-01 15:58:31+00:00,,,190.14581992419483,190.8505611563017,190.23503780636287,187.70454724386093,183.09566540885183,176.8390059843459,182.6886587718982,184.31712882804229,181.50432369194863,179.2797912764769,176.0578524600493,178.4857097581875,178.38249368029156,173.84431734058523,179.6990968807758,172.99430337577675,189.63087126372457,184.13865513692642,188.31018284942476,186.70358101844772,189.365139231986,191.02384691447187,188.52825025917969,184.23613182367376,189.2339410845159,187.3061075696956,195.45648430979702,189.6099000940516,190.7352090589954,190.83826819894838,193.17902742267253,185.81080873781445,185.31332376651244,186.68260064055835,201.26898073531552,193.50426372790156,202.75780605343098,192.59065874093739,200.73762565684981,197.1022441895343,195.52894445648977,199.82171854764508,191.86535547765916,197.61950648831112,198.94916692688764,195.0371131428796,204.09317900297046,196.1679887713751,201.90714493386704,195.38986137128222,191.52150656461166,198.6860242771561,205.9582902538589,205.1258923137678,205.39219493192746,204.91340733547176,199.89140757248427,200.9066312254792,202.93758778941532,200.33385809282734,205.36275171943038,199.2139155537614,201.64090428068548,199.06533879399166,204.85693771136704,197.37425032749357,201.62699644992006,193.1510386080327,192.44489117060903,201.06742160354645,197.01499494705453,199.20738391705314,204.6925449090849,200.52092519649014,200.65131360077606,194.77790699697647,200.92496751681833,194.7106226707301,187.5663024327464,191.703558387575,196.62761799841874,186.18154677725752,193.3957782179351
15,1993-05-17 15:58:34+00:00,177.48463041402246,187.69830684270298,182.58062863006054,182.4450562049267,183.44396011614424,183.12094331964235,175.89124554938633,181.4078562777356,172.87547443201126,178.1935332595598,176.88868210684927,176.34685191898876,172.65981922688187,172.93545040638378,169.43597258153383,169.95083918545947,177.37496769591434,166.73925799851457,175.91612565002384,178.94189230212268,186.41226178146005,189.86226249541417,191.06857562723206,187.04967081317614,183.92997538170087,184.80435160494557,188.8581215781757,187.5446270179102,184.7549106459309,184.801749430925,189.19743403714443,187.87944089825572,192.98117086577426,180.89747992413302,183.83473499798453,180.55696513561634,182.41746076051984,190.82178472349105,197.8044998458549,190.31713959111985,196.00856125267268,186.8591850418882,192.07534254116214,193.64374234379468,188.06963424799133,191.64057230085993,187.09697776712335,194.82183792345475,199.65756913685905,190.41085191035296,199.52120233902056,192.88012620009582,196.95013048182565,188.08735057889137,194.5032959421031,202.9583415346168,203.1693130293998,200.14154975935563,200.4631052095182,198.81061189093634,201.8154396122136,194.01847626523937,200.09865271740748,197.01365044881487,200.22955360756174,196.2235162024324,202.42197028110797,195.56380261388233,198.0792779785774,193.8187137522519,188.45962801961028,186.2101365486631,195.33473351229594,194.99227968512787,202.86641127853275,198.38828997597867,198.36277007331572,191.14273281389234,197.8384702364927,194.47456887964302,190.88051984524947,189.72930557395276,192.14118131982954,187.23760807367682,185.83686443060543
16,1993-06-02 15:58:37+00:00,170.05434749548007,174.99980198475944,172.21408240862084,173.8406003737673,183.4565474625401,176.86925481755415,181.6008877159877,169.39220478417965,177.26930819008547,174.06715551696414,171.77728330191107,173.98243392794487,171.5545259343532,166.80420554875633,170.85885808688366,176.781128242883,165.7953124795988,172.0007189170715,175.63296235599816,168.79955438996342,171.43682159163794,181.99766771886354,171.30711750132906,172.5136156034735,184.26469236198307,178.52801248004624,174.97970962853987,182.932975025659,180.11819635702315,177.1463883260803,180.5007618698627,187.32730771078477,176.5857582674946,187.89004325580854,179.57041458198265,184.35740481968125,181.7783658040838,182.28793308764514,182.3412596243959,178.09834489323262,195.484035917625,180.06014419929556,186.28895512170234,187.79206816654866,187.4269919829159,186.04051999729683,181.4521488116655,185.69539287877453,190.70562507202047,196.30734923523428,188.97522358868176,188.45729546235464,186.94108694913783,186.671585964289,181.21395173829058,184.65536287343755,180.55557627319817,190.82690115408903,192.6361871658753,194.8642896829321,187.81849030499168,188.3710907983721,190.2817054291353,196.73079845247497,190.78918611713883,195.535474739913,189.88449274538667,195.0879516590117,188.44752112473273,194.4650987496033,187.26994776152188,188.87148722006359,184.30342145686362,182.72741422215327,187.3196696332449,186.33985766942877,197.02736095989695,199.6405656796849,181.6947564034596,191.26930845365663,190.72921432061202,189.00863184640005,182.59157921287428,182.45450556754915,182.04238692759876
17,1993-07-20 15:58:29+00:00,163.552526311939,163.78678506068286,154.41020586551878,158.76846050571157,159.55271965331153,157.8188308361674,164.8302577678474,178.48788375305884,163.19528752337726,163.47996643422414,163.1917559819011,152.06230449165616,158.75608804337307,154.11073021518388,161.11054369718312,171.5160460515912,168.6758597307778,167.03460139549819,170.28786671456228,146.42198642164783,150.6462267980664,170.78384774160273,176.08366692524245,166.30723850961294,163.73470044522162,174.1756475948936,166.03076795292554,,,174.42382502005182,176.81671252756615,171.38625306056247,180.0881859460995,174.1441691353074,179.51334280118965,185.68568370234723,169.753527456501,181.56542324939193,178.9785879129759,172.2782242999074,181.42826912301734,167.48371515599263,169.55811365751282,184.55987865294543,187.5038556653016,189.1667951219149,168.4561041786926,186.4342037803187,183.82645967388905,186.66367952387978,182.3571290414643,167.2614370686199,177.08314574603662,181.97447317772725,181.71604817552884,186.10898577353146,182.31398173667128,185.53521137517134,189.47067017364714,185.84248226476873,187.37965428065763,194.93629458136394,184.81819757793048,192.41491624645596,178.17961276534785,190.46107877913624,187.00441140648007,183.61844786561306,171.01779505133933,174.76793010395266,181.38621306448675,180.83185508025335,176.11846567437087,172.0953842636929,174.63340546717507,149.4849336581949,160.66482724065077,188.4301459996188,179.93629821402445,178.13558869595812,184.7737140352379,180.67829773024394,167.70844751670103,164.4339024763625,160.13253124551701
18,1993-09-22 15:58:23+00:00,161.88605534216256,,,,,,,151.9060763115011,162.30522223500287,154.17691898681855,165.44321826868415,169.0300886434541,170.8586772772005,166.17310273286287,161.32140594348812,159.98666033627364,156.44153713967552,166.67777597555005,174.93278273615573,175.5842600551109,175.56765673275513,172.21381327391475,172.57837678597053,175.3465648417358,167.52228286411307,178.55895986157972,187.23932357312597,179.3160193536073,189.05996561267574,191.0605725205626,189.24659185077297,189.44954365453032,188.4459997511667,187.4138446402453,182.46609450529516,187.50162165287534,181.87161127451625,186.46207538526298,185.34147799894032,187.71645884916694,184.71092238678222,187.28952412482093,180.16566889273827,190.90710767090107,186.8557503037325,187.52660955970055,184.93944379414006,186.8708466175176,185.5509607450952,186.81187826998732,187.66134574205714,186.1601831086068,190.51475459275295,199.82327790741283,190.98693497354859,185.02126400374274,192.72316810496272,194.38046964027694,191.29000384839654,183.26619677127667,189.46620369662912,194.5426628192944,188.33775304627727,197.43425901967302,196.61343087075167,194.71670821303275,193.86776000816184,193.83683113562992,187.5169138262415,195.6494448808198,184.2297342296175,187.99329278735874,187.87747886073709,183.43596820174116,183.56257071967073,182.38062679602072,183.7336961992773,185.86754050205917,183.00485159892446,188.85899796018336,178.69015712403697,186.6391846490047,181.32271149494994,182.55303304621773,177.8952362773942
19,1993-10-08 15:58:18+00:00,201.03295496086633,189.87168963777503,193.04263098234162,188.26487443177916,188.20643898343062,189.86090170968995,200.7642690599471,189.43229595946116,182.2604563914776,183.93150509072188,192.82434399094274,190.3978735222111,193.18763264156715,184.2640997372012,186.15011865703053,195.24283351495285,193.85476814894116,196.04469942664554,194.25098378965694,192.7035168452788,192.6480181011683,203.31744229711535,202.087061740585,195.5269012187732,197.08138702265904,200.47918221222494,205.8480845809216,209.5700360092802,201.01474302534163,214.9079923195755,201.60936004316173,203.77578424388122,204.0543638589116,205.33769205209882,213.7143994079122,203.41611630926207,207.98407037792168,217.59199878751264,213.4441279908815,208.1486948423608,196.09699507996922,210.75059530420336,207.1021998848219,209.08001849127362,207.9235249476218,208.16671078937338,209.04071924429715,209.93598657494454,204.94557779299657,202.54233386390382,206.46684933613133,214.91929698549458,208.37916771286598,215.46818883401295,210.95873815643068,209.3299945304979,208.12462670864494,208.58170074445752,213.51778196080494,217.33645343114722,214.74115525263613,215.07003880741362,213.67229733870812,209.1406462077084,213.45111706454335,216.0511590053324,215.18929590888905,206.33989349616783,213.23813632662723,210.68276685303672,209.6566655928342,203.76746639418877,207.9647955685424,204.69756880511346,206.10548586470267,207.100396610732,206.75141794477915,203.4207775870077,208.6997015635285,208.55763618948004,204.80996702302681,213.09445560702463,209.97819820278178,205.29095553170555,202.74492554817311
20,1993-11-09 15:58:05+00:00,188.68386983065292,181.11456603328364,187.21712929180845,193.12589361395345,177.9772692162941,186.0620633868123,184.12668086550627,172.62653892736978,178.36817863345104,184.49993646547284,188.61397854610934,183.84139279448144,163.99031224764514,174.4999971513714,185.10925400645152,181.2236347425856,183.24082451298665,195.0848668077409,180.5429442850168,170.93685068656563,197.52542097714544,201.65298104602684,174.11812444258257,197.08766021853742,193.1042587193427,201.49393175542642,205.48558390949285,187.02715887115414,201.68331464181193,199.4783013432581,192.82221430179507,204.99375317347742,201.66475364493377,202.01685177223945,185.67938724543453,201.44913469638072,203.7584151798483,193.62392245725385,207.86106047721407,205.21378575964488,208.9655412926039,205.9493265403007,197.02426501961438,210.6367638522003,190.9201332634357,208.37947077732863,194.70047284449086,211.532038837036,198.6091640350999,191.6426405829869,208.16426783309947,207.64978060471194,193.34920372923185,208.66181371617498,207.51572846889886,210.82293113388081,195.03332049266626,215.6421193018996,210.95469788288537,213.62435923366246,194.57676070699267,213.15153815487622,206.72560359064744,210.12081429050897,198.28389610217272,209.81421497426604,210.14363366231228,197.96772997976166,205.1900303161194,194.4018495762921,186.40866368957936,203.15232037911892,210.45081793225768,205.98700871981882,191.5860062245877,201.95483748721628,204.90302361283256,197.82044247573322,203.90890660861209,193.9931192498699,202.41006992557988,199.89766180876524,193.1275519858743,200.63711440805687,190.59971017941606
21,1993-11-25 15:57:59+00:00,184.06814989041635,183.95982018414108,180.47864996418835,183.31180607250124,172.21889548391172,181.7894167885622,174.7500857153271,175.29128421616824,176.75748394842077,168.98166705412567,171.96039429079545,181.97858702279999,170.34870396765825,181.51536984959668,179.38899586898305,181.95893851466303,178.85512477673987,180.7106563960714,178.04470797558386,175.11057845394916,184.26660051912964,186.68816214253877,178.28184846449108,188.9316038791434,185.77324907275693,190.69688570311328,190.25462083399563,183.14283180944275,184.3928038271468,201.6297828329936,193.15153174453462,196.01503073515633,190.9556591227662,194.52644253406848,188.02850354350585,198.937058153005,192.24227894392305,193.877848353398,195.97065579309321,200.25299144116792,198.33342133536243,197.93381925217068,195.56678552916682,196.2132745502038,198.87826020609168,189.95303922548175,195.9778213819763,202.1120175983904,201.18440902839242,199.37108196288895,202.68789486241585,204.80572905243903,200.675763223674,203.21418715270914,200.60439614300807,204.4229569836374,199.05354075494526,201.48175218868295,195.5669662019267,197.8282697441465,196.3972756217865,195.9141809756565,191.8259513144688,193.29851492377978,204.8756244562468,204.23410202988453,198.45763739047462,199.92815480314576,198.9448108279322,193.7643058862155,195.24160245843066,195.3663402561533,198.68246431826006,198.3963778293037,193.38910720646766,196.14085923254598,194.23559726765143,192.0551961441961,193.8680553399222,188.3952159999182,193.24473770181297,197.9748195772711,196.0232062620108,196.6920625757696,189.08866624594125
22,1993-12-11 15:57:54+00:00,205.49943589567744,189.83123961581094,195.7596230251362,199.27982970156114,185.29110814875634,193.33350738572182,189.64374584243473,187.87496714917987,196.87162014020458,186.94445421416395,179.01967926315348,186.14216523909724,196.7995048210348,193.89219563632975,198.29554162502524,192.4092142440494,199.2053292064231,190.53708298893693,199.503134636098,198.98998006280593,201.82490794222838,194.17306656799565,203.11732033048264,204.316254255211,202.48870698137543,200.420598679468,202.06087757387547,197.79295241699063,206.0947389209077,197.45215346409623,219.83695917899632,211.89063669451434,209.85650764449795,209.6257032017575,208.32669853538738,207.40137150705453,213.35699953043456,209.03533783891123,215.24180968135641,215.87686559639138,216.95912022839494,209.90754336519498,214.50659751530736,212.26916515223834,214.1361164013146,205.7106631609025,203.3257954622847,208.31547545028218,217.964175473849,215.10108622135772,222.7843194494852,213.31291314363014,213.81461666205394,210.90562877097366,214.48457737732318,213.75501255962604,218.72500025453672,218.39687989863597,217.65012535589005,215.68805596636122,216.4591126619836,214.93373844290608,218.08341344952143,209.38114285595375,213.70132041105396,219.83730358343576,219.56488037736426,215.47173755468387,220.76021073052635,217.03539846494095,219.74718508073008,211.79871417446657,212.81150746056247,212.82705004706887,214.1987252196917,211.73330837668576,213.88134868195155,208.1151656912139,211.96127694501664,210.95772502990147,204.6643382201401,204.60936980812028,216.73693849747985,215.09555693818982,204.13775086408137
23,1993-12-27 15:57:45+00:00,203.9429718698868,209.15144338293666,204.11176878617977,200.71890979945027,204.1059846994942,202.70786706718803,198.21504863931162,200.2421488506726,197.73482587696662,201.46374114017124,192.67838663740045,196.0848569264024,188.00260401071733,195.427978407425,198.365900272396,203.36391512582443,194.58062100573113,207.68212420180524,202.49832880822674,204.60496422277444,209.04829503782403,214.55035953418647,212.67622890107504,210.871640502455,208.48854855511007,211.04758389062278,207.54957344788016,214.08588831366237,208.238148430045,217.6944106740155,219.2075445117459,211.96095188142144,208.1444964274436,212.56196631625733,210.8024786120828,222.41638615607215,220.15244948569293,225.36672844857682,219.11273432097605,221.52456871631733,226.5785756793151,225.7963427839251,217.19178804995627,221.72236181761812,217.43290977810577,220.7285441137064,212.97036840677643,215.1716204024643,211.02118457708556,216.5931010353964,216.6065699029044,210.16698893327504,212.72875028484236,225.02827734503373,221.7747135981147,223.9746815005888,220.2489892067171,222.7990983555563,219.20972231997163,224.70880849413743,220.09290966605982,223.2323913132086,219.20727721433897,219.11776415917942,216.06193447437394,219.3947459968111,216.03805017759808,214.4369344686542,212.2644746607052,220.28064047025237,222.15087672662176,222.24629861822982,225.16180467362153,224.6412081445732,218.9361348472939,223.17366088368405,222.2940632902243,222.68604873254748,217.99976290489124,219.10967175541535,220.27986128724828,214.64720291831932,215.27406660484135,212.02107155975267,217.26107409195632
24,1994-01-12 15:57:30+00:00,202.3835677068818,205.84768937180516,202.7959725685161,197.93322748770427,195.33580779481184,200.05758814276194,198.00286599030858,202.69805292313526,198.2013477945595,199.13540051833687,196.44656002594095,192.0982906557915,192.60582733397996,191.73224006049188,199.26353668435323,203.9014855016163,197.03929859139149,204.02520756428345,196.87295503959717,204.30323071477045,200.2158898600222,214.56201227051085,208.17844865295362,209.5736199393037,205.76690379418625,207.69309482079277,208.42620756685466,212.57852583317168,208.653971565179,215.73604666797092,210.78268354842405,210.83582993852227,211.16601912201355,224.49734554429463,219.6919944264394,220.94235001616494,216.68354203749533,218.63838826980916,220.61455098424722,222.33829310034636,219.19137243589952,221.32498147296843,217.70757629894425,219.70844838130947,218.67648719015986,213.77163165736457,215.47374413103202,214.06252206750517,217.5389989600574,213.76546244114732,216.85100765641127,221.30410454109335,221.44561581929477,221.6468187768939,223.21393525738185,220.00169987815826,223.38320071382412,220.81641000269406,223.70909539315414,223.44248560619005,223.17190495269173,219.34980549465948,221.7195085252307,218.56620354383094,219.46091071245806,214.6714799543439,212.40192032770722,216.6399407948284,224.76254210479138,221.53229150441706,223.64302783886433,221.23956608671833,219.6025142273363,219.995580510013,218.9928974086105,221.66374026960787,220.89169097488264,222.06781989421518,222.01232565084544,215.0325162757341,217.6192529395333,213.76925885723642,214.77930709330045,209.24651432723607,215.51455235694814
25,1994-01-28 15:57:19+00:00,211.6846910188095,209.66486485931242,210.77811517674945,204.2061466464901,207.02247725259994,204.3031124473382,203.64791510740835,203.8358684580457,201.90665761030965,202.23723973673316,202.1290836986533,203.8030939362216,204.30705270973723,202.01575361806704,204.30631961698307,203.44496743896056,208.87099344898354,206.75992717422892,211.6859216414181,212.6351642124685,210.69131878589965,212.96217838483966,211.68550695436787,209.05119800306693,209.7074200215166,212.7421344058115,213.80297959189983,218.7479484064657,216.5721917209022,221.97264029171686,220.39102102937784,220.05396611088008,223.48617841016875,221.76531422099526,226.3913769436684,225.22408351878985,230.03147411572496,227.20001876968485,223.29837908547708,222.9857971616022,222.24863899641346,224.2426754836742,221.2478208656764,223.94410616146297,222.67055046575697,222.0931748074986,218.3262484876488,221.4242528236684,219.45260776736905,227.23144426071974,226.9207450398763,225.89600010939188,221.51310074431632,227.0290211820155,224.33957947444213,228.89536914908754,223.8097808093039,228.29477881101258,224.51296594844,225.568320862553,228.25616523409224,228.94814175582735,228.18191811507023,227.53495098571557,222.6929470995704,223.58582944433937,228.01566433202822,227.6897621092501,228.4116720602115,233.37403540979983,226.4077494773545,228.39559737205988,225.42870098502917,225.62595458707358,225.2232896320051,226.0146158837939,227.12757899453752,224.8001030791609,224.29973272001953,220.7210502884525,223.1861222563113,220.39998434122148,221.16021835793444,227.1769871288075,224.08030345409077
26,1994-02-13 15:57:08+00:00,212.9701494932942,204.90394629328776,208.62436998122016,207.87148578967515,203.93925363143717,207.25218780407153,204.49098185953108,204.56401508250983,199.8185075202877,201.15005498617467,195.79670569956224,201.74966587610967,200.2838007897466,207.21603252829814,207.1437344143232,207.7760933342427,204.83680745315846,208.83414247079384,210.63557482129215,208.07559639891468,214.04236525900942,211.44108046427118,214.829333634971,214.37701839292157,211.8932710527977,214.78776658149044,214.17218560829636,215.87826546926848,216.5322279532953,218.8877403111735,218.8582222246672,224.0564326925169,225.78682537885513,224.9837047428326,224.29033246866695,225.692948647975,223.6152033481454,226.7009464126897,221.04165467850785,223.90614003072957,222.6677733769703,224.55782377867675,221.7222927158012,221.9622736131419,218.44397047165285,220.3415243918139,219.18083822114198,219.8916502274852,218.3518391827374,226.67620400478742,222.205728206646,226.89589025921003,224.2486690054673,225.62391535049392,219.97234837879225,225.0601452408538,221.22846230219093,223.15110802124005,219.1781831926868,222.06155452855498,222.01422901643124,223.05359181842792,219.7006933915742,221.72858334911737,217.88861511293263,219.55845534554825,226.58448235804062,226.1797717874189,226.1538394882999,227.730922132901,224.15587705388012,226.70232872904057,224.54956106895716,226.43964979282256,224.13808868988713,224.06607670466482,225.07267304328067,223.69074061670023,222.78548333978094,219.18682819129572,222.36547872266442,218.33196525177507,215.94301693390375,220.7975651092635,219.62658728615264
27,1994-03-01 15:56:54+00:00,212.69322104057056,210.10726584899015,213.8941907648176,204.47160521879448,206.75999081717163,206.35942363347613,203.66639782451432,206.62959021341842,200.75494498988783,200.9267027300935,197.0613350414212,200.46329006369146,198.59518161851892,193.40866846030784,206.27588292464196,204.39414079283782,208.22110213101845,203.48578503964887,211.30529350929802,207.59933126172027,213.51352077428007,210.83468764785627,211.00882894743307,212.0052764440167,211.60538150913925,211.41994854407866,214.5331352966828,213.52573718612157,214.89771147319826,215.89680121055923,213.42081512529933,213.56673763764886,216.9866295686712,220.39320059243343,222.20420716604008,220.875424487526,221.8666318564353,219.46026113375092,220.74672747667685,221.19147982930224,219.1798489008419,222.09887117948347,218.6750416383649,219.1480539525392,214.34699045206392,218.27765100132584,213.64106296398333,217.07817404763753,208.5273031534372,211.65320820640565,225.23988787668705,221.92715797919533,223.77389341778567,223.77032312765013,222.14021991635363,221.32355107371495,217.01230535095885,220.5408076402783,219.63331093327807,224.03732624323771,219.40448982933472,223.00891817305532,220.0603965154652,222.17030011880334,216.1886826219796,217.20735967971052,216.4560193969163,227.27291960868308,224.6223270897139,225.95269545421257,224.96300040651226,226.12772907886472,224.95960261560893,225.87183457146918,221.32359535065567,225.2750370834043,220.9367865960841,226.3599224690616,220.37178968077473,222.06898062861407,218.88306716356743,221.30042592464426,214.81794919511063,216.42609206147384,220.3781641982182
28,1994-03-17 15:56:40+00:00,213.0375813500115,211.71755789307386,212.93784944580094,212.6971643364305,205.87762786182392,211.71668978897412,221.59705142013203,213.97532917606244,212.4846619665627,207.87168591685145,208.83933446607278,205.2316264484806,210.0490831260586,205.48639056170563,207.805060897977,207.7784484104143,208.28303237712097,206.869008685821,209.4421116099574,211.90339964624758,210.19799709263327,215.2873618521017,212.23000792924333,218.6585203829216,221.63477172879556,219.0707634012875,223.07872256888416,220.07325889762387,225.98456628027336,223.8742858188374,225.73750933744432,224.02861468232317,223.21592210076483,223.6616132286478,219.11038152763106,222.53335085821433,219.1984952746662,221.40802771711284,221.75676239706277,223.56416328319352,223.4249302614069,226.70433597887225,226.1075634753713,224.7651454950282,223.93139952087125,222.50735414750451,220.55447771006547,222.66144809889127,219.57224587902323,224.58083443772168,222.42754443703313,227.25633466150447,221.77966989618224,225.00737919819656,219.8198065756621,220.04264331212022,215.99349048143068,218.12201843465505,226.26746534434534,228.65307768114968,228.7519035650088,229.45477935204818,225.35271300124867,224.9651281466442,221.77132260141724,223.96574809674007,219.33344641938262,223.67787298978396,220.40201290195844,224.1253294519771,224.71344805651924,226.15259203917807,221.27722667107048,223.99358876185352,220.37851442287896,226.21928774941568,226.97031230914146,229.03351839121171,223.2931332015197,227.98351812296423,223.8396983173606,226.26758603191624,220.3499222114552,222.38977035788523,217.95216069836948
29,1994-04-02 15:56:24+00:00,202.206543583872,207.62887417474695,205.28711237185476,207.91585703159546,203.91026003673872,201.94899887332235,203.7258641143004,198.1996603242969,197.54732399947156,204.15801410987964,200.1820484156411,201.73405705304478,199.98467321859744,202.07992924514198,196.8609975504736,199.73719677745208,196.36438456875825,204.7175208573289,202.3260458630064,205.0818397433612,205.09658416569422,203.62364340019343,208.1880669516197,208.99914644523508,209.02069964914782,201.40731124736163,202.74290155831295,213.09303871916262,212.40956029760395,213.43111801675528,214.87257822268367,214.86694860658335,212.26773710292943,217.27804550596025,213.86091210094187,213.51871379403235,213.8604842629458,215.70526917140486,216.27722893499768,218.11887903497825,218.1505104441149,214.17499704873475,215.99482189255755,207.3666582821808,209.22942124766553,221.66177262645743,216.7742004227984,217.7356237499415,215.52693112454332,218.66905087761788,218.40749534935566,217.18058308822404,213.84850082478863,215.11120975778968,217.41947476067062,217.35288824350997,218.97264595925316,211.06363963342716,216.0310414645553,212.73060668880493,215.12902520371787,214.28310951184648,223.13905089866057,220.49192037303035,221.07760786344656,221.37638042900454,223.0624730717287,221.57211335373188,219.99956919098275,219.0066178376094,223.47498900502043,215.2551790608279,220.6932661031183,218.11870526659285,219.9712542482227,216.7288125783846,218.08334072105418,212.06878204227476,209.44468228472743,221.72757370603256,216.1605258999741,216.18503315992206,217.7969324858087,215.0017366967499,214.70605938894633
30,1994-04-18 15:56:05+00:00,186.84173876185926,194.90762339401775,199.14949430785165,195.85103178256506,200.72923286359114,186.6951605468668,191.6434132397429,188.7356820774919,189.0257150495459,185.20875372629,189.91187208065068,186.00305606412712,173.7620032802372,191.66641515736612,194.44296781362263,184.77412768520594,195.22847462001835,193.15036124452385,190.51089820096954,204.17556660679196,185.47623146073616,200.14848858439956,203.24253632578706,199.83099041195283,188.74259139487694,194.5766054280938,200.75901986285112,196.71848146919143,201.4637057143676,202.50062887704166,198.52586029802615,203.80368147768633,209.98548559827628,201.28112661676434,202.05875493950973,210.42254270869057,211.2394321021868,204.01562171346652,210.7471189152872,204.3265679231982,204.71438840141923,203.2273121650377,209.4902889173036,206.45734911416565,208.8449451679714,191.41560519592562,211.50328678244637,191.3130546433846,206.3702247233565,217.32655782469925,216.50302320270933,203.42783819958026,214.7874965817271,211.74028330061344,218.19474675863955,197.81092571704343,215.42445820503778,208.95033443004516,211.85384643763956,206.46143767938582,203.33208480316256,204.316930304435,211.43759403807013,199.37106984668299,201.3119481730665,207.08847892518625,216.0390323038137,216.32103154965824,213.28869525861336,209.88904592728926,215.93484916378065,207.29342428444997,211.89521138413312,211.1737562163684,209.88907662093885,212.54419764545548,211.438776793033,209.02264180857262,200.75400846331158,206.00245033871363,202.28883929736963,199.01634581007784,206.29381843524067,202.31770544937575,210.80719904415827
31,1994-05-20 15:55:30+00:00,186.59715571783957,188.52884128686432,184.74886894196138,179.10363443689334,181.46488309353413,188.2815164819073,187.9712671853701,185.57597722338053,181.35092474204157,184.33752759725593,181.45424350581834,179.6802347390651,177.9403765180355,177.7763163382447,179.28514271322197,181.42017219410153,177.06415782481997,185.90865495048675,183.31509671309615,182.63487844956117,186.76045345675618,183.77800270325082,180.8912501595332,188.17741068260491,192.14365893875103,194.53364799037303,191.7554631305948,191.68748666748883,188.99070406724505,193.65868562465803,189.5148236317779,189.89946409903519,184.62467280917764,189.10827277218334,191.33783983149388,189.39096085343934,198.7078961328054,194.36550317552687,194.85558554349305,192.76004736069896,191.23973085464866,192.99789487099926,196.80423702039465,197.29252007357448,193.0007143848512,197.73415970534816,198.16102297634458,194.19569157036767,195.37334821898082,201.1959613408443,200.17928246924924,197.4617058719627,200.23932375228642,198.8038220039943,199.15999014002608,196.68947642910254,192.96114069269905,192.44404017021182,196.0786055505963,200.67202417933217,200.96029492481077,200.21025803457337,199.07931652961906,199.5075120491769,200.52217682345983,194.6094565237694,195.89631579054281,196.7981748672336,201.1852205792671,203.7061737489142,204.41271980247578,203.80440180197752,202.33405744726943,202.66408887967012,203.43257084189264,205.3257383923494,202.05653438316148,200.70170841568893,201.6631859936636,194.78794044844082,195.84700014151719,197.2088146546829,199.2309608409899,197.49408269194504,196.50290905145653
32,1994-07-23 15:54:00+00:00,177.50162651537664,176.84989701449445,181.3472776841139,172.78525915687834,172.89234940115162,165.1646659750412,160.77153815423466,180.0110324879734,170.30955070433086,176.04249267924925,173.45815141023576,167.68587734631942,168.12561500726804,168.33911614821784,168.82096488692477,172.78566121377892,173.6222055073876,174.89234431636837,179.4670164911886,174.6161517236411,177.4356225135373,173.79266010242395,179.04868174295387,173.10886578398646,170.9209711470133,186.02561441862608,183.26943466207845,188.99191854928029,189.2433204298977,192.70301639975585,189.4017585945307,191.36998345127313,188.1845373380288,191.10320970479958,185.1138995084186,186.36253120367894,192.19946593006824,188.32541113515668,190.01506341547386,184.1228350288212,186.18339143785934,183.5786717006188,185.1118891200816,197.9110231016021,192.81430774370497,191.21746072832818,192.6972436191075,193.04492735866643,195.4657782385333,194.73070458695165,194.61495426001932,194.5413033811128,200.588407495609,200.20392200572994,199.35120083808368,194.41495645544873,198.80030194345892,194.53466635595873,197.21209187384645,188.3080653154325,198.59020431732148,198.57310960386903,198.81632111742726,201.68695978974222,198.38884641696848,197.91539160994785,196.58459266873223,197.3067743671578,195.4849912422579,197.76001553838995,196.11860336116638,195.46669095136602,199.66971213927908,192.42823452488477,193.88721531224624,190.48679724772697,192.98266488222458,200.52181346691273,200.25652131948297,195.88984829081375,198.50442733490496,194.9499790679091,200.8186427793723,191.21550946549013,192.35735880319433
33,1994-09-25 15:52:20+00:00,175.5190466495683,178.4263521964722,169.21548827003033,178.18266788090733,182.75911120320296,182.82206988172078,174.8112471874907,177.74811927783742,181.03161356715347,181.70157058887756,166.6535781575604,172.32479294170616,180.44868584897887,177.47820703320326,166.817622370797,179.63532107893568,180.7584514111858,180.33351928735382,181.70478607267106,177.23110535146822,179.99828292839996,186.30539080870176,182.6950935276804,194.98980093930672,188.50379893211965,192.68917974241072,193.13305349246872,192.2134413069778,194.63818295140416,189.1662272254008,193.81891324551165,190.633869180047,195.6568281293694,190.57649597986912,197.70973003406718,191.37318326896334,191.78759800413533,187.45544643089656,191.53679353972282,196.750344935568,197.6274266402754,201.45767369128,202.8145337528414,198.86589253402792,202.3862491692861,196.09000261434838,204.57566413421694,202.43496607968797,206.07296520403366,191.51700540709956,201.89909093566604,200.37007584506145,199.95175165533368,197.58851874168457,203.5092081357739,197.30294711166195,201.5746715294039,203.94297635376327,206.54719142733111,204.1163618847548,205.18515494112475,203.45967614722883,204.98063426931012,199.72844208709648,203.59720824907956,199.8282803906403,202.24461546004065,201.4680844755816,205.55395456537553,199.64705530577658,198.4522937752464,201.85885987354354,198.10462424331382,199.2973918086457,202.86554494722017,197.10738935457954,200.7769632386401,200.3443044983734,202.79009978386688,197.73373294824165,198.67673704546726,195.52274560892857,197.2415234327334,193.0195412918207,193.57983138556247
34,1994-11-12 15:50:46+00:00,182.9876674044771,187.33344168397917,183.31410120254336,183.65969747494907,182.84816264941335,182.39689734183082,185.68819608470096,186.87271876612513,184.60961641710338,180.61397868218907,177.90370311909535,175.80304464846884,178.37561660759928,176.2809469471384,175.20963924492506,179.01603425250073,183.87422841613844,186.14153124407235,183.6268626372409,184.53928008727175,185.43164576885786,188.20546567142287,189.44097492288523,187.59815269058808,202.93874322604748,196.75399201993685,191.88077198628582,193.07223469095015,193.1293343771998,195.31702519315039,192.3878344427742,195.25923805165732,194.48417473075676,194.44812783295643,189.99941428215595,195.22445504094966,192.74025568586438,194.1901743558039,200.36259995857282,192.90379201181176,191.28206113352766,192.261991244919,202.19287346283758,201.22099162222182,200.67912670317838,201.1954574358153,195.08945202428018,196.71433391089911,202.22513237107043,198.26806555019985,200.72230430719256,198.1940285604727,204.44637381315553,198.33543653635758,203.60826122069665,198.5837885125095,206.5864144909071,195.68507312154372,188.9087328783871,210.80012358306195,199.96560784074907,202.66582672475926,199.8764465185115,200.70725484209677,204.24773472297844,203.11261456131672,202.1604726417346,206.99992274305853,207.9647952666894,202.09554545480268,205.68811472538715,206.73679107171466,209.91086801235284,202.53648668641065,206.6617448389722,201.3360132297761,208.78831508606604,204.4595011260325,207.25500251082536,200.10043365086932,200.09859177834926,196.47082511134948,199.10070851692248,197.21316303395918,201.77361545559532
35,1994-11-28 15:50:14+00:00,194.17615416163255,189.44684630073368,187.29593830609613,194.54328616801988,191.05367760753734,190.38202875101132,185.73654652774326,186.76365340104329,184.88910080722854,183.29433309364924,181.07977239581297,180.93863735120115,180.69294339180226,178.60322870966897,180.87108512364904,182.49759466401068,179.04706654608063,185.59331431527698,189.50689634078645,193.11142721327136,186.82877228513848,194.5618119597471,192.96190447756652,199.1680960485284,191.72168157625623,194.8972181202143,193.3551466800002,191.81103471581145,192.23941844053894,194.3222012752821,196.4766532655096,192.74382496938023,193.55185748027117,194.06966759793386,182.92206523678817,198.92245449749652,197.11210257520867,195.69054604795298,198.56769181215606,197.42276135858702,198.62635219873837,209.18971810413532,201.74107393414744,203.2260917412748,198.28017929915276,197.8884717616313,196.15177431975928,198.78369666792491,198.31136376167444,197.78655876724883,200.6839200178198,193.75997364373234,192.63027483382604,200.87877245211993,204.06504230974804,207.35427078402802,207.33725664642492,206.22015754571578,203.78620439112117,201.32005739469977,203.2648704498137,199.0114756354808,202.03163183405914,196.83047600222818,203.52276684061306,195.9100215841189,198.15206879487613,197.3474455141395,198.94150472148783,198.7511595259684,213.20973457337314,211.77717721117452,210.12816292646238,210.46903517130008,208.49258089503013,205.31667580544018,208.05941373037084,204.317842851924,206.90663389734817,200.27111804497957,202.25815662723042,200.84449285345107,200.12418589476061,196.81929144325431,198.12116426919326
36,1994-12-14 15:49:45+00:00,199.74259446213298,205.11152569045933,205.15182504991054,202.95865539835214,200.44783231847148,199.10632293009732,201.5727689584547,195.70795850820863,195.11219186383832,191.6923964427854,192.37240232667088,203.67251591407992,198.57016562580358,200.07892232111132,198.39350309406376,197.6267082650603,200.64453631203006,201.18671000066777,201.0366741868709,207.46528951967534,205.16517348647446,204.5415784007769,208.05776728722222,205.8666161151235,208.81271643002768,204.61930910664714,214.16801890540333,208.3549294339749,206.83853410064225,218.458658152455,208.9363125535887,213.36114424268717,210.53917199845003,213.02855449051899,212.90086744762382,213.17739432071906,213.4264511437899,215.57984881221685,216.7063881048112,210.72915484611858,213.87887602293642,211.8580733808471,216.43951762841638,212.18152156598816,215.852201866914,209.07424367699585,212.493167749377,221.73074552432968,221.86524354339286,221.44833043983243,220.126565905273,217.01346916444854,224.85272935015277,216.41557970182154,222.1228001442694,218.16138644553658,221.96104129894212,217.009675952027,219.8527962093981,215.41891956683807,214.07064329439902,215.25062318314704,214.5978624430905,214.42949307080934,224.2066398900126,219.98591701808365,223.95105775810336,222.13895960980733,225.64709038948317,222.74373101832546,225.1629673856523,221.00993328972478,221.99260043903897,219.11807071005146,217.41436101009916,217.87656337653888,217.96329008517125,220.16576248303613,216.34044668113592,211.70383549932737,215.63443380862466,217.46168843866093,219.285145003147,214.68908550010383,216.89822156539717
37,1994-12-30 15:49:13+00:00,200.23744736647035,194.38684782903263,196.24208418193982,206.66201556857843,199.55287076424176,198.59969286347788,198.20168018895978,191.78198209252525,196.397958437863,191.756993186533,196.95111114857346,195.75297016436826,193.50926382504127,190.57532251107358,196.76304073392666,191.8148052828463,196.63532128260454,193.05345538225947,196.04903348016205,197.102710655122,200.48083040621023,204.19096736058677,208.06918430563204,205.44115779522795,206.9626267564287,207.12990595842285,208.07046673392188,205.38721979664064,204.75406872288775,206.82952233336425,211.49728600757632,210.19245705610535,208.38442807182963,207.01587741870628,211.23101224157026,210.01597868711482,209.19029924151835,206.13995380145613,210.49442755730755,215.47449323394304,214.71500176631628,211.12255679105294,214.36271351696146,210.13158688006973,214.53475123519186,212.6435039228814,212.99989422230286,211.48954858894948,209.4750072454418,210.24250147382804,204.92689981556447,209.20083462607437,205.6183505804938,214.44188132908684,210.04866341611694,208.1946561757724,220.59413856802036,215.64977663463327,217.14169389994768,215.14176758567854,214.89068972516304,217.0627946826289,213.5069804167025,216.1554714384915,215.6369099700858,219.199944898886,216.9797193259041,218.89293387644463,215.6504221090897,214.8793378990736,215.3848867789412,213.95218581805833,216.539651650803,222.28878728292807,217.308269557643,221.17159844364028,215.53361276418244,218.24130152443504,215.14727351819027,212.58412314867405,208.60728603366763,214.75970576957044,206.82097171858769,210.53636212918616,207.96203199114169
38,1995-01-15 15:48:39+00:00,211.06245579552223,213.1472617122643,213.09981489755273,213.59598175741328,209.87065933050263,210.28624880185453,204.73193883462451,208.0764892948686,203.12816144270803,204.12411453307763,202.3816235092493,204.65610239484127,204.27719527721604,202.55339287343907,205.90223336860097,205.36414391091427,201.92804912739004,209.18018229033626,204.5344299021339,217.93710644082373,214.6135733288527,218.34639491508162,219.5722115617281,219.30392751396602,215.8241173596046,221.33566914017013,217.00875903868834,218.53620363314738,220.33253435179537,224.21208507386822,224.43540446798028,220.47935964645325,222.33981866325846,221.50253875143693,217.46699035041402,223.1110740782522,228.13924087688352,226.42374915366912,225.5543574101298,227.39063506750068,226.85220545867983,226.73201019565028,225.98790245420443,223.87646585829035,226.72448691658767,222.68329984691374,224.8861113490039,219.37902552260655,220.83419823016524,216.9225963057435,223.48949917087626,218.91211570184535,223.72631865176456,229.2143185875398,231.91572127435805,232.88180276667174,230.50480436837879,230.53787361949892,231.38048875246304,228.5439110721656,230.65526530381365,226.7212998265306,231.84561333900197,232.07117935721922,227.977880704294,224.10699727259052,228.54922855291048,226.8160848911349,225.87629721672866,224.75451998734235,234.84612030991707,230.40885045305907,233.03360847430346,231.02599865134496,232.72419445568795,228.46431885598358,231.76914627350087,226.391871422935,227.28394493456622,223.301969687322,225.51720799009425,224.5664405828291,222.4669911795368,223.4060889730233,224.5030255681538
39,1995-02-16 15:47:22+00:00,204.94890313894038,202.19196872378248,202.84077425240145,198.34932726297035,201.43583760437014,197.7042985636297,199.7695925669785,196.23513837136107,199.76609421618048,193.8034813693655,194.0853256071606,188.37440056553896,195.8413542270752,189.3236564710292,196.27969554110948,195.5521653387007,198.3906385902954,200.32373414095724,203.66235941320485,203.57934181258736,208.08576128113447,206.4105115359701,208.46778043444542,205.75319523069533,206.64080644344432,203.69998790848314,211.8431620517707,211.39653844022456,213.65632009866184,211.03741271916408,215.57110047312582,210.12316118963702,214.7664797584515,219.37659569544473,218.8519004330926,214.54224088507138,218.46017748177758,212.57692404839557,217.8162155119738,213.0794961478284,215.0758869809381,212.2815774872007,215.05750781634657,214.9358985017492,213.59152573103594,214.96406486010503,211.32104391542555,214.10783985849974,204.35879171896914,209.49225920887432,219.52158024851934,212.2414161571653,218.13676367794056,213.76898543102135,216.9857679580648,214.99832898717804,214.7588375576261,215.7058459454111,217.6004759620775,215.49230973383257,213.37564471649543,217.71422481250113,214.23985827065945,219.9990265933345,214.73662314413906,210.5739777730212,212.04909863576452,216.22381673624852,217.78012266459012,216.7860482627296,216.38951304185906,215.17334755741214,213.34038736239273,218.23028909068069,216.32294241641517,220.2204431787897,216.31122953984524,216.2669587155203,212.512588562677,213.5721149778187,210.00936483688164,212.67207005567158,207.5542803433234,211.0732844684931,216.12655498621712
40,1995-03-04 15:46:45+00:00,214.0710865749803,214.14183414442945,211.6116173212363,209.93306236284982,208.27280543833334,209.66920195112868,205.82153734835822,206.0809972469051,204.21321000572786,202.7959209343839,197.44556609390372,206.64507038325607,210.9426382138809,207.08848394476803,207.74491042236397,210.19295826495124,207.5474578912564,210.17452135303492,211.18928119982183,216.18110030613104,215.2591552917891,217.1084982866721,219.99227721984604,217.0812228436211,218.6654818861728,216.96789209370274,218.81345493199632,216.40515303109888,213.95860740677762,225.55023362124746,227.35354972214134,227.4711004094312,226.08348800101209,225.11171336463346,223.25631784203213,223.60185255638908,222.0700954832405,220.2732398136316,221.8014600153376,223.47929628315444,220.8801874678759,218.74039456994305,221.9668602310882,219.01189762595743,222.51715454964344,219.40396563667565,216.04021167226747,228.0637979154906,230.07634597286022,228.6862561667685,226.1190971259694,225.55609284624973,226.45678829394654,224.01571914712468,226.36677589308505,226.99753883718867,226.6418926819885,228.23392299846154,231.61060424034906,224.18074971952427,225.4832759483285,222.57540392311265,226.53190251948743,221.7077969446795,226.27551197717696,229.4144684523175,231.17350642579652,229.9872949498389,231.29663337654407,232.02018526196568,232.45528616975167,227.01613307013892,231.5980216042881,228.86267225675644,230.27655134672588,225.13188777195995,229.21630378068673,226.97644070888893,226.20374313426814,224.28263837817005,226.27005455009467,225.8290631970551,228.6189188024817,226.94134968708525,226.6542570232453
41,1995-03-20 15:46:05+00:00,186.50753720795524,187.243982270858,185.6174467414213,184.86126105735403,175.7130589751436,177.50347180496664,194.65244760557323,183.45106481249252,189.914713748704,181.4791053936803,182.5352035122683,175.85632591212803,176.93012466206858,176.1466599090488,182.9357735356993,177.04915452953793,174.5409049451772,181.55149624237043,187.7554416840705,185.87419897708497,187.87174414629834,191.48946949114904,187.4084305049525,184.5808699561108,197.6800399582907,187.419448880583,193.50384954991978,189.2491140480433,192.1402370692232,195.45310178836988,197.18839183268608,192.53356179310276,190.91732856787183,192.1517617103293,195.7201448880386,192.36594124968096,191.76213815909722,194.89264135605325,191.3291558371685,190.7667334749173,185.7824320241105,193.1298048333744,202.16664235011152,199.53831673863453,204.04450534131738,202.91558389358266,202.605582019065,202.85566504467016,199.4116441820719,201.88783989762038,198.0943826896705,201.66572948609786,195.89460462151595,194.8738609194492,196.19127367718573,199.44152371339374,194.91434255075083,191.42368319693225,191.06369789667542,197.96167244226302,193.7373306167421,196.57749130505098,194.9361196294397,195.48759076341068,190.74827137499074,188.9970057574614,190.28474763283702,194.51472587858916,191.86567506897785,192.75779675965114,189.8536918517611,191.35783155211516,189.6815316464183,192.2828984427223,184.62263419652388,182.21309314105923,199.21861944479673,197.9511042608534,196.41280428667156,196.72357821138652,191.86895047859178,196.9597228572588,191.93273549806437,191.63168631087373,187.10511945347204
42,1995-04-21 15:44:45+00:00,190.0872409824171,185.4837585577284,196.58470012233977,193.3104572193546,187.79764082849474,185.39267473391828,187.62165253463462,187.40702344607402,181.69500171435206,180.15092429565755,181.73431422388802,174.93425500832677,182.76022033171606,187.88788049785626,184.52780692668097,183.37570511413958,185.5535162050118,183.17966431729133,186.4703886732488,186.2955384028695,191.45833004649566,188.64754774185,189.42375928270346,192.83392258561693,188.85726726775457,190.63138742216236,184.99493033176321,190.11168374501685,189.74293256292256,187.14146946797683,196.38003249606976,192.99495378437726,194.8585258821364,191.73781722157116,191.1886728811785,194.18334767522367,195.9343827316258,192.1523681546957,196.90702426529162,197.2481981849859,196.1721500501178,200.80706006192355,195.416772258698,202.10799896980822,190.83370665399022,196.00275106249762,195.12177444288952,189.58391121219034,200.4244333163714,204.86619251505542,204.05177263687912,204.3951561488986,202.74683772013796,204.7072536569749,198.28839868146463,205.30337999217917,202.57104175670094,205.92802881395022,202.76272875548756,204.1846740515207,201.49873032676433,199.17303129074318,196.71989537914595,197.31259618489676,199.9701656419738,211.34677052621723,204.99560171607934,213.64868801555642,207.31677908024085,212.88825921996946,205.32452008755172,211.3533781327376,212.98037443613734,212.4435551416919,210.30276288079875,211.32357506258478,208.95164904354124,209.43001333126693,208.5383969584501,206.12540133026914,204.50790490682465,204.0944069774375,209.95332772327947,209.89514156131958,203.13246833127556
43,1995-06-08 15:42:33+00:00,169.8800149038794,170.5285913682831,171.32844335024524,174.75600757623175,169.19831202152062,169.37099066939518,167.63269839694107,158.41098077368358,163.42299845643018,157.8155028010793,170.60337523200744,172.09522551858637,167.03926333654988,165.40164790225262,156.75671268181048,164.06530309125702,163.1517136098282,166.27788481442988,175.28271412059888,171.6423136993765,170.3430595700876,170.11819020131335,168.0250679569354,171.33688677528053,179.20818963705912,171.73573691732398,170.1882964453021,183.49156455676348,179.26100541293164,174.94773084222348,181.11468404014948,181.0452942053043,182.00085256106001,174.5842038610891,176.6046174213116,178.97595759217666,179.98882166545462,178.52589359935723,179.11887461006563,176.03661226746294,187.86371776509057,182.075101409913,187.26360620170342,179.6938995232491,177.00414319645074,180.31206943994772,187.38525432127142,184.42358603583392,184.82539270097064,190.483003227637,190.72936695355432,188.24493147537132,189.17199742404236,184.17667054126954,194.3752303624578,186.598703075361,188.97359872133345,190.78735134834372,191.186888063461,188.67293973052608,182.61435298962124,183.13505215308362,193.58507385955625,187.71624251007123,195.79241959483403,189.57670314843833,192.95141622542323,189.32862044289902,199.38979654580558,193.6638431551285,196.6490214238564,194.11450216587713,193.32496254612929,200.02528275624465,190.73298471931338,188.72286234556034,192.67028800820265,189.50662250541748,183.52346960386035,191.42440892320994,195.19684563585207,188.63673782546454,192.73181712107387,182.98971775519246,190.71234982583232
44,1995-07-10 15:41:07+00:00,189.25012294054423,183.09882833998964,178.5575083478869,192.81267615237928,181.96264328674607,165.83229808522378,183.70235585954762,173.4155475713161,177.33008893153345,177.6602269885838,179.11169588403462,177.09827806800374,173.1817838326723,165.11882475856436,181.19864831131684,188.19269431183776,181.7138538470661,179.51377713745197,186.33191912979922,189.75013270851645,184.70170209447903,174.99744313999832,186.83100683381448,193.80220514534008,179.39012455344508,191.76152668372376,178.58253891340357,190.0823667800141,193.26774487470362,193.252846514482,173.01934077538706,192.54654955078306,200.5502541604945,189.87134006788642,185.0149423015341,196.2842609478282,189.23351254166607,196.06181130874077,184.1761399148594,186.59749490663413,185.06134390915173,199.48852279625567,195.1664019234137,191.10509747239854,194.6711241888224,194.452476212825,180.99351496718606,191.5945683430881,184.04060903907222,191.11602949579844,198.4081246843852,192.07372850206062,200.69607978326567,200.157780453178,207.51717975432356,208.82467433704102,199.78330280449867,200.52226194396943,200.6902595041204,194.46033923013977,197.69647090919744,201.18770513492709,199.0538869541124,198.4513908625432,199.06903331346257,198.95144120984511,205.94247951264876,206.00440331042614,204.21996359270108,195.95644343102472,209.628584813706,197.7859779788553,203.349882327031,198.68165664399834,205.16880734302134,199.29361875361175,206.41255733638795,193.21566615253994,204.46193022727954,191.89539772104425,195.8946662477418,200.1210754677468,195.8076236669002,194.7682876053724,195.65104763829123
45,1995-09-12 15:38:09+00:00,156.5147152481718,163.35639955540148,156.50857248944968,150.7992463212211,146.5699669641282,144.36144600102915,158.73464090140402,167.87283294780272,152.7388252350328,164.04622803490818,159.7443830038504,156.8038221054314,158.0374986701075,159.43614486947664,153.9535779206305,162.79481657209655,154.96620954447604,163.39876687467088,155.52880687491395,161.03767099299085,158.8082004391415,161.03298439220777,153.33680739446703,164.08863712294638,169.77413681982486,169.53665723825756,171.018849175739,169.7644279998917,170.88018200621835,172.16337962437052,171.305016289724,169.08328653927705,164.67542067218216,169.44610987446868,168.56590364922906,166.08700552742056,166.63531506032106,161.15262372799555,172.65042691496524,163.6990090188179,165.60250994156206,169.09563791878725,174.18273230993586,175.11004228548322,173.30849843317918,178.38195143603986,165.60304656657277,177.39941909527482,176.64080117962723,180.26752682104538,179.71840440680464,175.33486896998258,184.45389652564646,178.72066312526587,183.09207365208383,173.95393230323606,180.38690462408778,177.2563592948143,172.05954019160433,189.91129336464218,182.4423285234916,187.996851404017,190.35615393278587,186.32184125026168,186.08939762505827,177.67554308827465,188.5828064506959,185.41198734778726,183.2004519750917,180.7400929852798,181.83029836712848,182.4242419364855,181.68212069570575,181.82776354606983,174.87019322837872,175.69868612875695,186.5094382066953,185.27445860892587,187.13801892957105,179.2086002211857,182.77266906562394,180.98206548260984,176.7994078773451,175.0270739006101,179.59743190454864
46,1995-11-15 15:35:33+00:00,176.035330001403,188.76785108225627,193.88021168182578,197.87558016454793,189.15832819192357,199.41535648021886,191.0686009370206,190.1852312581939,195.83619968672838,188.48975298704778,180.5722989812494,185.03437612543834,193.57798685256682,177.3017586893459,189.450375253991,193.7956063949946,177.77666301323396,187.86419040031316,199.02661044725411,191.94586836359574,190.73958977893636,208.37187568125816,191.43176549732004,202.86366976709178,206.6153784522949,203.95334547571966,199.4251060721415,201.2342233932565,206.43959735684717,203.9108006936193,206.27059398358327,198.45802192274112,211.07889851820883,196.4939625706203,214.54320894448688,202.97472532853502,209.30434131997498,202.399176194537,201.26923225847952,217.7999195171462,212.85674875234088,209.3914158067642,209.01495584694734,208.18050030976434,191.67046037157712,207.8499871052766,210.89051814591818,198.79755146031235,213.26942982665935,211.58282430317502,199.14580153764638,210.22194023247192,218.02325119157297,213.7404545913322,203.9869496788887,211.4782474495567,219.22068927973004,216.42853421008203,214.34812994711527,210.66264872400862,214.84559757534825,215.83473785282564,216.03034201597575,207.62828122916056,213.84028220144472,213.23375454116066,212.95512059904354,215.05407097636422,214.01566425266228,213.007565613296,209.25381066098677,208.85062219155103,206.56600408863247,209.56430364673037,216.060830930159,217.47102006076324,214.63269857188817,212.92830192118777,204.01542571037618,214.8398162963871,212.01059358211745,210.75991517320023,201.49673917144668,202.20424884978112,209.97683581457227
47,1995-12-01 15:36:03+00:00,195.22127122379808,195.28514128191264,196.52954097037966,198.55734680133372,191.78376651696485,199.2880851675852,198.49115296234228,194.9871919206539,188.95757329441494,191.47588036761005,185.40758886591624,190.41641608493126,186.1472192073243,190.07270717110677,195.1836583118095,194.66523318427875,192.45811037787706,191.74520532462856,198.3643551547649,195.5256070942823,202.72356259059694,198.4281163347791,199.5003353065058,199.74956439923773,199.1253652327075,197.90283859998164,202.04281585481425,194.5109266062887,198.97494437732257,199.07849518690085,198.4713470223496,198.23251635289068,212.96689963440275,208.12595582455356,212.10352573919837,209.12584303115918,210.66120184365792,211.26433897006487,210.70691600832222,207.42501473024038,211.8019577235312,205.64135057416848,212.74971119712535,202.50718969759987,202.74171279588873,200.87029016347333,202.47498509869337,205.4982052403774,198.12253161469113,207.492257712703,209.7803527093506,210.5688520648156,216.39553010313412,216.85315009714543,214.53169861328442,212.66615247082018,213.26012372584074,209.18676585057878,215.6705947692026,207.35472526932455,212.83536147612764,206.76108534237216,214.9293776312544,206.6193737966915,210.90866994267347,210.12492846710145,210.61810841108002,219.0304308685115,218.3009036802749,217.64411785567202,222.06267357805902,216.31661224684407,218.58252077949888,213.88569762425513,216.9535488404264,215.06709283197634,214.13010429422974,207.7261711020532,210.22366124090104,205.14267833809714,208.76550513342838,204.27783752977146,207.67169845190605,202.0345452977253,212.3315525178677
48,1996-01-02 15:38:28+00:00,189.59645802979844,189.01619927704252,187.63526837115643,191.3588699451864,192.96980509161648,192.56270859999722,195.20780315282806,190.20108999386767,188.82861966573125,188.8456676298307,189.13442926711923,185.2263463702537,187.9600811539354,187.35603646291196,187.8767287227784,188.75699056247998,191.18429532350905,192.22396884767164,194.71021783369343,194.4642505212426,189.9232419312586,189.8479890859997,197.09690516095873,197.08723768215168,204.67333216201888,197.703244231556,202.0396365146363,197.99290029346662,199.91437023228224,199.86593352526634,203.84646278267468,203.17611604442192,207.7862499740531,198.54690202325884,203.30269164392266,199.1024849419332,201.01025969850002,201.55327483591606,198.7753744163585,199.3601547206549,204.3205592372101,205.43691166782267,203.1720271409363,202.22714081034664,202.73317851762948,202.97164041069533,207.73811689949022,201.61990752149708,207.049222231712,207.03199971901157,207.68708445425978,203.83311067640352,208.43125225279744,207.64069992983045,210.67361476074996,206.74198259711696,201.59494969107,207.7140022596742,209.06512055746452,209.8609334398776,214.10221412616735,212.4207894370056,212.77743393763518,208.31279841775506,224.84234085785727,211.89798616520858,209.86767910106215,207.91102925781428,206.85841193772058,209.55083754510667,218.4193714869057,208.45347680968163,207.28545144450754,209.17139640051002,208.1099221092951,208.8076934143827,207.56522643392597,210.31128062853585,207.92502865094923,210.8137011827086,210.05136045662428,206.34752479922727,205.29713784027084,201.7958095531365,200.80636650892842
49,1996-01-18 15:39:36+00:00,204.9472867456338,207.23963658707004,199.26701508096696,208.21889754406936,201.9708946319989,203.00161264230036,203.5412435954177,194.64840420026454,181.69774525931604,200.46003607883003,196.33383568387598,199.78236271624874,196.13428883905914,193.93659956271438,197.21903010882315,196.21449445137057,197.31664025703313,202.33295256983453,199.55380863083096,205.93132949154304,204.64848593682106,207.26130738578806,206.2554748924766,211.62918102661467,206.55246158284015,207.68420544563446,204.74432513420632,208.16100751735055,204.47114074329187,208.90590218447366,209.23433340405907,209.59767652586393,206.62830204471166,211.5342500022903,211.1147095855748,215.50961678122022,220.51672454241947,209.53499039604148,217.12404852683045,216.21043697262806,215.33690609859613,213.14184065277158,211.6066999846042,209.82465924335568,213.50822016798224,207.67171646348967,210.95506795612656,213.10198637697496,208.55755056613785,213.75354138160276,211.3914495591143,206.24276365023232,212.86969813604503,218.7550541081766,216.25992252399635,214.37412226395054,218.35555838627778,219.04782516726482,219.47266026409577,213.43707779714774,219.20459610923749,214.15395879352795,217.20450367839098,215.31698929445443,214.16736601234734,216.77034128233325,214.80453940330145,218.85540788566234,218.4634930419205,218.58621182979695,220.03281534578028,219.89110635127236,222.83528140226386,219.35234747164594,220.07207680314232,217.90954098374928,217.35811933342112,211.9036090646531,214.14349271489667,212.04764478425065,216.71710004429727,210.7072927266033,208.98285891706016,208.789443364967,209.6396976860928
50,1996-02-03 15:40:43+00:00,206.88808849877276,210.96688147104538,210.61554992749487,216.20788861512494,208.50183937059404,216.33306998480396,210.1036780518022,214.28141867039565,206.40058618632727,205.2658072728159,205.54831012284436,210.81701374500457,207.5977434941343,210.74549993316975,206.47495952707874,212.27719699190573,212.51784255031797,211.21376467509054,211.25265323486232,212.07649315840726,215.89672754133673,216.54795836098867,212.5596992504328,215.97404587817087,212.48147092768767,216.03334952384645,214.25379791649405,216.74429196002455,216.14212538615885,218.86650789647825,218.50310857243545,220.8977850269512,221.5787411162534,227.9647598342148,226.96443470777305,222.97512980114095,224.26224920538445,224.66428330042086,224.90621770871394,220.5977604829179,224.421766915804,220.9346205840009,216.30033416060087,219.4553624933508,219.44661323036323,221.91668971033533,217.50036854552042,217.17523740155386,218.28663332093436,223.27124285431682,227.55243472057703,223.95221624025444,227.34859315827768,227.8143143693894,228.88828530506015,226.52022817270003,229.29374659598824,224.38123667131666,226.4966663598847,226.4686130433101,229.74911987437645,228.05310690595508,229.17431929360708,227.66280968912744,227.8728379962307,222.722176443107,227.9898129600183,230.77943861881644,233.11955877477618,231.19503779412227,234.76171549459093,229.11699240513906,232.92030826581345,231.82421984181707,232.09455922664282,225.18679582027536,227.55627863902114,220.6997548475114,227.2920287310451,224.20497250537713,225.88981793442133,223.51456154420092,221.61775467059576,219.912458774143,223.77782414596405
51,1996-02-19 15:41:49+00:00,206.4416808988988,204.58679804272515,204.8580076781708,205.82175454446275,205.5194751658276,204.62506901645514,202.04603918122646,204.40197867743092,207.03278247805738,202.47259815533866,207.18703038917442,200.3710737741721,204.76325828180057,194.96760309165867,193.60064805680986,213.63042650013202,207.19492793893843,208.53036833013294,209.76247769163845,210.52245685893035,212.83633364563448,211.09235821358732,215.71199159954674,216.93663965162716,211.6616948338528,216.7612498611525,219.4082973647747,214.0187252877594,216.7861726282539,212.97166646764742,216.89418616606793,214.11255466236636,210.9088573624087,219.8881236920078,217.3360702280597,218.25456025680904,218.34533821360435,219.88345614731347,212.5314067779052,214.90453011749494,216.94604382458778,219.92829173947845,218.22248732613238,215.0133832395319,216.03013635906956,216.76590413921141,216.06429853899942,217.13029108711783,218.8894716316907,214.0885444902665,216.4148363505639,224.0907465905927,219.96956103626712,223.37624273502692,219.21385539553302,218.10579169534893,217.58428962384377,224.07030666717313,219.09938444899214,222.68764476639694,219.75936370445157,221.24797960428577,220.9907480739296,224.5042006031322,220.56972468927262,218.00063698134957,212.91982164334647,216.62005238624542,222.3932174982972,227.77789731276366,222.0892857021106,224.37109009875843,220.9161991995467,226.20567281291943,221.23536329948675,222.13141580035824,220.0619121591239,221.35965881801457,220.38044972191133,220.38643739822288,219.1493121336357,218.54863199542825,213.21459459907427,211.86492919354612,213.15748627020736
52,1996-03-06 15:42:53+00:00,205.5927919080502,206.86830448066988,207.61083947785963,209.3339129537284,206.06409356792545,210.61211251170656,207.3200806458237,212.08785191512533,210.7560279881338,209.97153795657883,208.80819024003046,209.68035086953313,208.31050064124202,208.90233472551452,205.53572969128055,208.27568931870556,207.13716894214633,209.35941646313844,207.05693258037718,211.9831682339621,209.59073776595838,212.8732497602833,211.93092835453876,217.40010604895264,210.15089780455688,209.70653730649988,225.37797512327074,220.34680675907842,223.62103276374583,223.04934974010433,221.72175380695097,218.45147539590374,217.50369968111545,219.997497940058,222.46889005144575,218.39168476959105,221.97886078605,222.17845287065816,217.11849113674214,221.00360035318,219.65297759025276,218.6723170479958,210.88476922584152,215.0276950745365,223.41691365403517,224.61205798685097,225.5659017873548,222.52739021102852,222.8439002960992,221.14737338471804,225.36182393170992,220.95517886906185,227.0200243467332,225.58819967060936,223.80676055951258,222.0673515208708,223.32998660760032,224.46214552722182,221.68175380248036,223.03130888499217,225.14851896060154,226.06708354121702,228.00218759295853,224.75842951777722,225.80352761728534,219.01687955020327,224.731753015466,221.57227102205536,225.4056312594469,222.5225450312945,227.08263423811954,227.07647234905536,229.9954189957398,228.45093858843603,229.98898826275854,226.97996205746406,222.57318417660767,220.95780057803904,229.9119959362092,223.58988992521714,229.21226430114828,225.4686483704215,225.55910757495468,221.88510862750243,220.70404651797668
53,1996-03-22 15:43:55+00:00,200.43551588499008,203.20295013336266,207.88467708750923,199.69002097716248,205.84355263357077,205.8436178222858,200.99813180220147,197.32577714414566,198.57919545907464,197.9103424345598,200.03143214525042,191.21993571811703,199.01562107712064,188.17432615798384,195.81326855773816,186.8129742292852,194.78701118078735,205.90102944289896,207.24067359308918,202.1075362902144,205.85236589084565,203.69409225118477,207.67187188774602,207.03046737146448,206.00610007167643,201.82840349858594,202.4894981743676,205.45386548756244,208.37085508805467,203.75767785428437,210.61412501316647,209.8820100533303,211.93287566732872,206.23132987128497,209.14246216535525,216.5947200092137,213.8167866042648,211.8720982643611,212.860636766956,211.71673134582977,214.66858306859018,210.4515182829865,210.7772179005647,208.2625758829761,211.29215341435827,210.607131239501,211.70075963462347,210.27976898662104,207.5938437915671,206.84407474735332,208.97927333098386,210.55461866997805,216.7853539855687,218.63529038421905,217.12351360958579,216.15575334238278,215.66690769355932,216.18915231533788,215.80002748480132,214.5575167112421,213.6030874884166,212.78865534870232,216.37597850372393,212.93323710518496,215.5591680021633,211.49324966749435,216.49244852207386,210.90602938686928,213.41467076376586,218.13187734812684,221.35670842177444,221.978369405058,221.7351337882281,221.91031744006477,216.837639888387,219.4863331013239,220.62432069474212,218.66163901156906,217.3371190666925,212.910964008278,213.99153896728365,207.90441896568967,205.1830372447499,206.29082716294062,211.10631826825033
54,1996-04-23 15:45:54+00:00,176.59637868703788,175.17394385310655,179.32041082022297,174.53692058106478,169.29189028073617,170.0525257345721,179.80708568562738,180.03416285468128,180.2435646590594,177.82367904550148,179.2814235412146,174.01545441114067,177.43886017741607,174.90749965161785,178.64940866149786,177.11161682982114,179.72869093623203,176.49561454845195,183.86609560280556,180.54452610460567,177.98354121442955,177.2843029369158,174.8941469636618,173.8845705851531,189.64017386666814,189.71279218385556,182.28601819359574,188.7399125522647,189.10620272742582,187.3990367574843,188.41655284865274,188.88971370746648,187.71818288929285,192.12572163603156,189.95236259359731,183.94972270070298,188.5812468989221,185.81056898287017,189.49984459702648,186.1311374341109,176.63806107210684,180.0312416864701,195.76671032807698,194.30467832850567,190.1748550303161,194.49306045126426,190.32251590007155,191.52772282842335,192.58556863964444,192.79006448632822,194.5362491710106,193.5939740507727,197.34990398275139,200.33442348774716,195.75525332021633,196.0077623062806,193.59655292470222,190.03125292596397,182.72991783448353,198.30538072714504,192.04525073746768,195.59832453803185,195.7867016892093,195.44532589329472,189.2128880629439,192.7701343331251,191.31900967142624,196.68652996694925,197.4955791039626,198.33250258745844,197.19023997341168,197.97405105842302,197.69727764396683,197.32319319433194,197.0860542217854,192.2885995088848,192.63155884770325,196.59976627691054,195.26749317844698,199.2913488354308,197.44942327424062,195.86185228601335,193.1375661798546,,
55,1996-06-10 15:48:38+00:00,180.18866993401443,168.08112990654234,163.4238857365989,151.97788121063363,167.13887463783752,165.71723989819512,154.68750296433976,167.97388868297728,169.88795483656088,172.2841999151257,165.09827069346625,161.29458885001836,147.9932549127196,165.91437306270947,163.792087122939,171.66154247422875,169.3853421864807,168.44457882920992,166.5974715489416,159.5568330895431,168.4095002484796,168.93575504724848,174.5824083925298,166.74605572979058,156.73494266327475,175.37572329190087,172.10363765524102,165.6907143298416,173.01226671255924,176.3050499141126,190.18053356998252,178.50295562067285,180.56459554035195,173.46020429197372,184.38387260317577,170.78576625631047,185.3002316937764,180.1418081307395,179.48040040408424,168.2601539696472,171.13203772467264,178.62341730884438,174.1494402391528,176.17765739340652,170.81741614518288,189.66271333425763,190.06288124583685,179.67381783445825,179.91974022132786,191.02546710069655,178.53611110108818,191.71504134092967,178.94056382073808,187.88562756989148,175.72275252854766,189.3810823895665,181.44042151954835,187.4053329210037,187.52264995125424,182.25382302696826,172.8577419523337,189.72077284915073,188.3058011711228,200.78276855508176,190.5340713917668,186.97393072159736,187.81541432920164,191.4950200823482,190.66623645959578,187.36384834562983,177.49138876220144,193.11748450451776,194.834539825397,181.89817289797358,178.8434475688429,175.3111307709212,183.8967794054822,191.30826775774017,183.07714790799702,187.24810783042787,183.83044649866,184.48376497307882,179.8228331720796,189.38182838606505,187.85590530713554
56,1996-07-12 15:50:20+00:00,161.998060233454,165.65497115437486,170.9078011020398,172.39089613183,161.40980922618093,164.5978925579567,160.92830127692193,156.33089938346492,158.3817111940523,160.78550870771215,164.60536260024048,165.59694138699845,169.46761971493237,163.63544719728225,156.97527142577823,170.03401517273622,165.9422712957146,160.70018989621258,164.00903559891876,168.89231633142435,170.48986006902697,172.0087907971107,173.73347036703555,172.51046839282748,170.19147851208936,180.9606162413023,165.30987908301842,172.2038710216625,187.52115764267293,182.17089795551942,181.004517897805,176.18571391064228,178.88756153862406,174.29401507010056,187.02478859947357,179.3164803815266,172.9712348772822,171.3616558888303,174.62153363775516,180.55614509341768,175.77202089313636,180.44521685761939,179.18707637426076,173.3098645849657,160.6298274003798,167.8234969957494,176.87934431127204,181.02125444582688,191.0504434676482,188.64734607186767,176.73260310073582,180.1738876823427,184.98152802020317,189.74705941092077,190.6189004869431,180.84246758943036,184.03601732663404,181.33181279990885,184.55662589919487,183.38298373961126,190.78951149276295,182.79878081003795,175.9184411835748,183.12353041381857,183.597077904372,187.94851734786928,186.5248790041729,184.1676439017615,189.02189809048602,189.8063509706113,189.47278755990908,173.96232422516798,177.0428500793786,173.84731786198347,179.11248477943494,175.54537679502096,183.239629481108,172.52527765421817,164.51054302512742,173.51847620969951,170.66232299143556,174.35330711201834,184.11940227034896,176.21620784770488,165.09712300687085
57,1996-07-28 15:51:11+00:00,176.07354116067566,169.01023248501969,177.16140911947159,177.91414920504224,174.5870798814867,173.4558679552686,176.33821096897591,164.05376108326632,171.92270855823443,168.65834940353852,170.0705878838441,165.51328218962652,162.7300663098852,157.4594794772442,170.76017995021962,179.0037425748692,169.04908337788876,177.73173976906077,183.60479454348845,174.42911059423557,178.57743511088347,177.53320106107896,185.90581811904718,178.28937357617838,181.46304414051488,185.10203541836336,184.10226701815702,179.3786984002242,185.89047945702154,183.9000923554342,181.1494707471654,178.46324535704022,190.39481483006375,195.84735861650913,187.13075214487966,193.28026958002292,176.25693522373402,183.3480492531373,195.86608636677684,190.30558402541232,191.93913917688872,193.43289339060382,191.4457413019063,186.56800577117795,185.67469646758366,187.97263058755408,192.66251805812954,190.070369820321,195.89300636255425,186.01655051004533,183.41736708508,190.6980215427269,195.2626651591995,195.05024027391536,187.81883412825823,182.01144598319624,180.2175604240646,187.87588793951974,196.72575271318132,200.6314437705262,189.68564621929193,191.243144325997,188.41789091053028,189.18453233174807,193.24530051912927,190.30208003323295,189.0440375237323,192.354951614185,191.50084826625866,195.60252162993902,196.75043653004852,187.36332321690855,188.05627645846266,192.7332976146281,187.9073440242928,188.5595374549659,185.93388076462892,184.22820231731097,179.87909792459286,179.8705356361615,183.40666099233562,,,,
58,1996-08-29 15:52:53+00:00,163.50297565337672,182.419205828667,161.91917825544084,178.1532544052019,174.58513638461613,157.00391809328383,172.72583487698526,176.8677273145467,173.75297645745806,155.66875599326667,169.3612840485324,179.6636827954489,180.64303389856897,179.20582229271798,179.15425062498642,158.78657424488253,173.81585241222584,170.66074821813146,164.57331841582888,181.9319670048278,185.8414278923923,186.16575341749197,181.6390092158954,173.83881562626593,165.229690181332,184.18334612024566,180.74613571449248,181.43553193363758,194.8479281219844,183.49720179196936,185.41159059197284,180.0332651441984,199.9774297027151,182.35171766251347,170.78334898021626,193.35332908879826,197.4742806843314,190.87055495386107,186.16668073923552,167.7501525099673,193.9164819822305,169.70181409408755,187.3344381018971,191.97556145532724,181.46498437093427,187.04047955193678,186.22117661887242,190.03110889456295,190.01367135994388,196.94843587644456,201.48469203566958,194.20603076454154,193.31124940463548,195.49088542912,189.92313085369292,181.28778817048988,188.20170452548626,185.98327196834495,200.48695033963892,196.28231442079198,193.54647812130176,198.5766039627167,191.7736482887558,198.52845858042346,201.38690983874204,194.40936466464933,189.758602407321,179.90290137403576,190.74166507934223,199.26502428945895,195.08567195159247,190.03116654061517,192.5172353731611,176.30435154318513,200.75309145897165,189.472366341786,167.47628706037108,192.48886082284744,193.10540327731783,189.1936110208719,194.27682332172768,190.98960981308582,186.7328434585203,175.736697346333,184.42293231829007
59,1996-11-01 15:56:14+00:00,179.29106460330104,186.76411057434024,171.87423472511355,182.03369858170336,176.12638088039444,172.95633242511025,174.9149511290331,180.24067496455314,177.1294117176205,177.00157802332583,163.3559290987268,169.54005716830994,171.20389010123466,185.57331176847086,180.8266465149671,173.34333499265657,178.01244605120056,178.34447180166944,174.6135750781654,181.12086130057784,179.25036266187846,176.13289075317775,181.87213056391062,190.48819767623084,181.26368448333733,184.591236828845,184.43653517954098,184.89067489380113,180.2329788085311,188.65898593045299,190.99798974002488,197.03667150946524,197.905568119137,187.37882435647643,191.0097432623645,189.36332874375944,190.64555605524498,184.40955676242842,193.03100108296024,197.13557711028272,196.3778163647411,192.8622077315884,187.65492567506482,193.17304453607034,189.68706841753735,192.72570543916024,188.50094789196885,185.3788505953689,185.92266954566617,199.00542379337156,199.2675729081168,195.95170305402843,202.10148887028427,200.802198482971,200.48391466337142,198.22129905905004,198.27906150334093,202.43558875228453,199.36729831526304,197.03063357470637,196.23109715573543,193.75702822371707,192.69295243846955,199.00018076448168,191.8589580385194,193.23623768946848,201.00623542790794,197.8424941368034,198.23678803141266,198.26771196380477,197.18575491171254,197.43621734064737,197.49731969754532,193.09405752808885,193.9294028658134,192.19886236467235,191.34623763928698,190.7176144843079,195.69520882750825,191.021227427652,187.71745364908983,194.5122418110292,186.70214211321462,187.68193568411732,191.08166619333235
60,1996-11-17 15:56:59+00:00,183.1584190366879,184.61314449117032,189.33084633288902,185.86359233781246,177.0711084712569,183.96263592922506,179.41294307953902,187.50824879915066,178.54116924639285,176.16913601404923,185.7881621414654,179.28480153619086,181.35685010338707,187.679377107759,176.1216723463887,188.89717253520504,187.5334669955956,183.11415744989856,190.9589390103456,193.77157153872417,183.81399757916842,195.77842986410644,194.3312453195828,189.7122569250684,195.36691484697386,192.01801415853018,193.93477376736166,189.20431079872705,189.6262788035266,193.04995828310348,191.4095607190658,201.90268078837417,196.83719924002065,199.54415501148947,203.88369475050837,207.73913273809455,201.41809250987063,204.96841778848693,197.82762431351583,206.73617911521154,202.91555538062332,190.7138306859065,201.99028613290358,201.82367168966894,194.3326008089725,198.82472075421717,191.41925310205238,192.98690895381847,198.69084867326285,209.79402910140374,202.1555635561266,209.03199165058845,207.32251753548354,207.77488969303914,203.02488500183168,206.99949557294448,202.0281508318347,208.0075507753864,202.3048149206925,212.63024160683318,204.5774180610674,207.93725576091694,203.35660689436796,201.23722682845775,203.69570084170857,200.6622619483189,204.22448277168652,202.40922731165605,213.9819830590519,203.48109133876045,204.49890967718332,208.86172768272894,205.97704189324767,205.7755833500354,206.86234457383415,201.20479911643733,203.15351935300436,196.62504490599486,196.1356549205933,200.4214576554843,198.10287988996018,196.75097223180668,191.70730847382282,196.11852730490563,198.56038681762908
61,1996-12-03 15:57:45+00:00,189.03138592402547,186.56553423782955,184.38090486847716,191.3421402796659,194.3602191482305,193.51546418488388,187.45567076344042,189.58790949957856,189.76256914827536,190.51756719022697,189.95837507846497,190.39013216367357,184.95865681732582,187.88366121941408,186.04397115677395,186.21771885924804,187.16679477736812,190.83009354008314,192.77182972782757,189.27745864440598,191.07541815144708,190.46448279000217,200.57028735744822,207.80334144662956,201.19470611004803,203.92297372979365,203.11514139360185,203.6135775705331,202.53924036080676,205.39905391988086,203.0371366401023,205.2471407610543,202.12365595752627,204.78741020529438,206.33281863446118,206.49953722540553,203.53489916570337,206.3142131566464,204.7853706679364,201.9138001637248,203.2276403867657,211.7768879193469,207.84351008790466,208.98847591885547,203.90387048626712,205.4113533634769,201.04620377170053,202.93171860915118,204.1337302728053,205.50158817723957,204.99245903607434,208.41016257670606,209.4270740445709,210.2979292438876,208.03502457669796,208.3202272655212,203.60236243394064,205.9160610251487,218.29725436549327,211.98980868712098,211.73002567617883,210.49572464861433,209.54549709898336,211.39464712322908,209.35868312949188,211.4184459671006,207.10975412373912,212.30191125398557,207.92856894075473,213.54793298354534,212.0628367201629,209.55329837797873,203.08553717495687,205.60758125448905,204.10747334765307,213.8815003086515,210.33277674413299,212.53515813079005,208.0455463296311,209.45142726510915,208.49464589521634,207.32916353547728,201.32274223309088,201.6198253221355,198.6754571843742
62,1996-12-19 15:58:30+00:00,,,,,,,,,,,,188.19776566462815,182.19806681985986,183.40794022704816,183.32410602742206,183.66166479897123,180.66114905248838,186.39074968025318,189.14760340668283,186.672125233093,193.66087868181052,187.30127500418845,188.3540635559522,188.33182617448594,198.24420771853025,199.44179530294207,197.54525471253191,195.2026601455603,199.58406136927624,199.38492406430805,198.50682134012175,195.689923677596,204.12651989073652,202.3942908949941,203.84021079014266,199.91304595876926,202.588844506794,197.13379773883534,203.79148364702417,194.01357280008946,191.25755083121342,191.04900931790365,206.15469177877267,208.2317839453578,202.22966253409473,201.89075609480426,200.3488656146077,200.68868851962932,203.81940567083575,206.11735193093241,204.31724474668727,205.6687313404038,199.711495738518,203.38675352939197,202.21510754906083,201.26353372363525,204.72435283733404,201.6451941288556,197.83229050530107,205.52897997078895,209.0576519448055,211.85847231194248,206.03532065864732,205.45076807110763,207.62608165532018,209.7525743479331,208.6854832000267,,,,,,,,,,,,,,,197.98357308560998,203.2716247615232,200.0077427002083,193.17181606852657
63,1997-01-04 15:59:16+00:00,194.36976931270428,189.2318750323018,192.76733649976987,192.1719342110776,192.30687727540786,188.6584082720692,192.70313525507163,189.41769911500091,192.29328884186293,192.91992518560133,194.1366656675996,187.20229550218178,186.87433913111272,187.0719631810933,194.32685316703893,189.14857414395004,190.1735162914468,186.51826493537723,195.78145253425265,201.33524990602277,202.08083748060952,201.35623428639715,201.47576963186646,201.13862531099093,198.08949371787872,203.0826441765589,205.07946940631226,203.5874690734048,210.18288500660282,204.75940833060793,207.46533668860744,198.42577296470702,206.6038190085106,199.5929197006174,207.0536043112944,203.70542148243277,202.39906335568685,204.77280457247284,212.65923767105815,208.9155479055464,211.88228422102935,212.2022346631714,208.66684779562067,205.51749970183315,206.55040383248257,201.89696869433772,208.50856753513102,202.8745138283993,208.09233118577205,208.34586131230864,207.1374678419481,205.7523277738414,203.3457967510599,202.9958428728029,215.11971477101528,211.71947372627008,213.39631811848724,211.95714286593247,211.6241990564147,208.30387809382995,212.02796510254228,211.62112074366934,213.04021489729553,211.26384003801195,213.09030419092574,211.30016470629172,214.32687316877093,213.76461248493587,214.53367338416606,209.45768729213367,205.36558508286836,211.8455986148954,209.20524463935553,215.73133631653533,209.40166698704965,211.84564297478536,211.07301899208022,204.41738285948983,206.87606210459992,209.5409720362315,208.01572060553258,203.58525440379265,205.49932640368544,200.9014793953262,201.9396006014458
64,1997-01-20 16:00:01+00:00,207.84772840517684,202.174036045831,196.52439713024714,198.30799494693036,200.27170916344173,196.88752285636224,196.3583540747476,200.7888520549234,201.2796310896071,198.53075724621974,197.11284236104797,200.44572991891368,197.62179080041574,201.0195487332323,198.59691186142032,199.074580587631,200.1241090026309,198.32732156057622,199.06019136398046,206.30633237370415,207.79209161608844,205.54028702942037,213.06754501362482,210.66318892719153,214.14937724861193,212.2698750465005,214.03427977874958,214.00038371846142,213.62678760378068,211.5909191876525,213.39094036966222,214.18767923052425,218.2451008793337,216.86263071794937,215.07704995025225,208.6617500376964,215.77894255046627,219.42640905615158,222.3115804566264,215.57868670113587,224.45850966351514,218.656289861021,222.2982337682978,216.75401780402618,216.5635436110916,211.24477420913797,212.7304693720638,212.7568395960962,215.41053302696494,216.13463656575541,214.3481531408534,215.8431905871384,214.01116080184755,212.92167995696872,225.33655069503402,218.91672241567886,222.4934161104312,221.0936709667292,226.0643738251414,224.81908506414774,228.2477158788669,225.95470792225746,223.6485701430375,221.29541855570415,223.92424807958216,222.36342970824415,228.1401304191045,223.90633857555113,221.87625233394996,218.0806672052315,219.64385945041707,221.68247332099227,225.594314057978,220.6244973669408,224.62402069634152,223.6946375702459,222.5314393109343,215.80140665421075,214.86054551255242,213.42892812599115,218.86584328391896,214.3266208429718,214.73193019204734,214.764206641825,213.17356201442658
65,1997-02-05 16:00:43+00:00,198.46446507655742,196.8327894478321,196.47854363860833,196.49561405889887,195.39873968547693,197.6239264126255,187.5410879416357,194.22669217857037,195.70787598133842,195.81509949400711,190.57326578913143,187.675121735987,189.0686904903878,199.0582844542903,196.5266659919417,196.17047497494283,198.8629880224712,197.8262398899482,205.5969038568587,201.4625009718858,200.7675347200115,204.35113489359637,206.5067704839856,204.71295945006082,207.9258665685137,206.00611676777308,207.33620001563816,204.09205643926856,207.0246847836162,207.43458738456738,210.57715276250792,216.69221458696708,213.94289455328078,211.34094642723534,219.594624808273,208.63522030627126,217.45876822706123,207.29050446648597,211.4566602087058,213.62407659879597,219.27107113189606,212.65658662728492,217.52692687701375,211.47157244066534,213.88177705075867,211.24682108196825,211.40772388040426,209.09338944098158,212.96846940622694,221.7921181705915,220.86563805620807,218.12070680381072,219.72462802964316,214.04249574755383,223.93519021943314,214.91964699404423,218.55904104218433,216.84488723160115,220.88481131423976,217.66117941776136,221.66400197161713,217.8726705704525,219.76921637009673,213.69223726645103,217.5198023463352,215.7225187958388,226.54873109910142,222.29792002472917,225.6763483267216,220.39415169697168,224.12278098311316,218.18715512894764,221.39666784364388,215.17012223211748,221.5148713115983,214.48669989047707,219.36921890406163,210.7245606498213,214.55772106475595,214.1016359955313,212.2343628790033,210.60975813084121,206.82657512029354,216.31209487582007,211.0547204939112
66,1997-03-09 16:02:03+00:00,188.60753464545115,194.5538113603697,187.33500554089034,190.38368378665538,184.05002570738202,187.76631499144514,182.7574687243193,183.96731788783663,185.91578507428878,193.61173609915087,193.04706453897063,192.8062563886749,192.4238898872296,188.98765348041988,194.4512920039964,194.31113766773242,189.1432841888366,189.06555845743014,191.80133079682452,194.6946864960349,189.3305069979509,195.03449127929926,194.20757282806622,198.8000056526924,197.49365791420973,201.50799960403864,198.8646670034237,199.82605329601557,204.7935110707442,205.23374012218517,204.034476153372,203.5849997957539,206.16604946599858,206.7789814872184,205.812528803325,204.82822091338437,202.30658151007262,206.38813777989066,200.750016494267,205.22637883679496,202.37280836606968,206.20204306285376,204.49591561215013,205.8166796046513,201.23343481413343,210.9755164436552,211.1458302797782,208.32806189811325,208.90146020709776,207.65572336204445,207.89177731160018,206.7757801140538,206.97984230397,204.80140731067186,209.98524625228757,206.79201827388272,210.240490199676,212.09819654369423,210.84332393539955,214.6463367758814,210.20714267238415,206.34857577867578,209.67879689713652,214.1924243972306,218.18497825343573,213.36870747252857,214.252012058832,214.5695291143498,218.25692960604283,214.74059559151993,215.8333630511184,215.04825726859937,215.08856581673246,213.752448314733,210.39032903541843,209.2802232198184,206.50455947289257,208.57573260757783,201.8829224087625,206.98815192050895,209.58295539669493,210.28567557044937,211.86674790368554,209.48959055590774,210.76783935922555
67,1997-03-25 16:02:39+00:00,196.02663478281116,195.8098352200451,194.6616363759602,193.7201465614612,195.5726147500282,192.7294586238581,195.2535242407733,195.87061346899023,193.2901453445348,195.86336188495935,190.61023259008394,196.71037778548435,192.6002042823775,192.94314207699043,186.4666049744765,188.00347094008475,204.39150632546952,199.44990449754988,203.4386949619072,206.176304727323,205.5240189034926,205.45379176184434,208.15059361818714,207.4126208417332,206.78090534664275,207.8817412606024,203.9321635246982,210.63336891661334,207.48600001287053,210.55789348080305,205.0241859870661,209.89707403146758,201.45879807149967,200.8897788605916,216.54913749809634,214.17706398978027,218.22100801288778,212.3750547870803,215.98473420495654,211.79596459291358,218.36167777768262,212.2832393694929,215.7125051203699,210.9024613977923,213.65256047184448,209.28415785467652,206.8581467802254,211.22765553525318,207.78783436166898,213.11885307698714,210.40735599014207,209.42141209270088,222.2207310451344,214.41733297294581,215.70056203167476,212.25658797579445,217.8545032058124,212.62180931205424,216.05245291210832,214.82069318630388,217.6286732264308,215.99712074323114,217.55619788245653,214.7135806172303,213.7031215516143,210.51544985470042,216.99089107372168,217.44231895151913,213.93577703594732,219.7978945503325,220.43934360831494,220.7606669669449,219.65152105869205,214.66533526960637,215.3124218524942,213.34019040573833,217.20887367670605,214.96441824011737,214.0289019565338,208.34503433818924,212.29127792755816,211.72912662007417,211.11658407245744,208.376611784372,206.79599276790032
68,1997-04-10 16:03:14+00:00,186.65508234509534,181.96810236276116,187.31045095479834,180.82637675529585,184.20434789777252,184.42710094750717,188.70344107359722,194.07643084793722,189.71677391099792,190.29264652726187,188.90647894935694,192.17666093461196,188.38463666626959,183.9180852375281,187.73830845766105,187.90105872521767,189.00628230927776,185.52775598459613,190.48822850986326,188.98874495051598,188.26176688295226,189.69556280676926,194.72240010250306,189.99272948757903,189.6520986366883,202.4304691860537,196.34561851686846,201.65049816582223,199.82554436071152,202.7291637612554,201.81667548259566,203.64264612842243,203.8211370512018,197.72340630381456,201.86067641596466,200.65574785638677,200.07094235642745,200.6088846271298,196.67972698099112,200.1278682952271,197.72849546831605,195.28697682925903,200.06149217692752,204.81002205201634,203.13131254560835,202.44412907105837,199.85852601025772,201.20853877317677,199.94758233113396,197.66410565372348,195.78967975043759,203.48914274668715,200.11459749137822,199.89514649588057,202.2618863034595,202.0822797455988,204.32217824151135,204.69120303779795,201.68777705736386,206.23304368116928,209.35499195280138,211.90385700794945,207.4854148690179,211.8734625548062,210.29334369175956,210.42040970171703,205.75616707577566,206.42565465914538,210.79747624466987,209.79977814480793,205.83819252225786,208.57946840584881,207.15191736932564,204.5631365319469,202.75032967799842,203.0504660106734,202.32663285629965,213.51677299100987,203.48543681861338,208.40441246903092,202.3886307794489,206.22995330864163,200.10929853618217,204.61643758501322,194.85205803486184
69,1997-04-26 16:03:48+00:00,189.40747057369842,187.20405258046026,184.65188418951345,186.43578705930227,200.73741402757625,192.00204755245377,196.24461181471472,192.5329863068788,194.98425454415087,192.91275182491137,191.68065885774078,187.65627840231093,194.18147183177675,189.07552049083085,194.3181707898921,188.34945017480666,192.47638734972904,188.62246146697123,192.55611117669824,192.64134804624126,188.73554296415665,194.28369078294503,203.2104470065884,201.19672878900184,199.45720980841213,203.54026742162168,203.5660455203277,202.7306224345786,204.3346424155699,202.06255912257822,205.83389574412368,204.50839487738762,204.67540469086202,203.79171591396144,204.72520728366106,198.1615292000697,202.45522913362927,199.07448039753632,202.64926573043803,204.32806677955355,212.89776203543587,210.48971650412125,208.67754836952332,208.0270344346677,208.50113838422067,207.2627403267094,207.24007159654855,206.50960336109785,207.91339116519134,204.6140936925485,207.41635066775603,204.30571220511416,206.5562123736244,201.37173969818997,206.0774426030717,200.9949792567462,202.1724925675968,211.60490631650634,215.55233259872344,217.09817737492673,211.3801197442354,213.51810744320198,211.7536353966349,212.7865210110527,209.86637922583373,211.04335225151635,213.06720279037793,211.7387914825859,213.54705330961892,208.09898038237904,213.13248453695397,209.12112901227803,212.42558183542653,203.71047731719602,209.178916544275,217.1177826974103,210.1722861199427,214.13555611816335,208.1734191688799,208.34806042704406,208.15404407029712,208.09713660277737,205.70807691690595,205.47255602465893,203.76904542517536
70,1997-05-12 16:04:20+00:00,166.85533567110514,174.3371343093728,167.06619107858407,173.48351577608327,172.13147295083002,175.38604060978167,176.2612077123276,168.54543028659918,171.9969710328718,173.28171086354274,164.89996210258622,175.09753978381698,171.1189248047073,169.57322193342065,169.76553152755008,172.79099803225995,172.5100394983457,175.5076794934627,167.8304060714535,174.40921117151277,170.9606504355701,166.35232680884715,185.00316436691082,180.89976321268864,182.45413323367356,184.47935166535464,183.18480599679296,182.32444913280963,179.92645906815426,184.85005330447612,184.1797974991158,191.222056390963,181.50665476691384,189.97667828996427,185.12260366375804,185.58546460973957,182.23339487713062,184.52932157664347,182.81135899881596,184.3469988064147,187.64882976935925,183.39854690021693,187.2251386227454,185.84008707631384,184.6361646995655,181.26853080568597,181.66729129971418,184.61185027664956,181.10374315337694,188.09717016901593,186.20219270683188,183.04403980149385,177.66890888691648,188.31650712008798,182.7730106661385,184.68893570596958,186.01258744973018,191.8476765076899,188.57060758620497,192.66424621321937,193.73152609946268,191.19112605246437,190.26698441894777,186.0518438348045,189.51150942577678,192.37046545803346,189.82767356382647,188.89425011277385,192.65465482442,194.2387526684329,188.79911788287876,194.2209645293941,188.18640870676305,187.26795112294732,184.2844842208298,198.3148838529419,195.27127556097162,191.2023198016398,186.4358674904881,188.66411143266745,190.09809258579432,185.78953075875168,186.17379438151664,190.307933999624,189.2346763536234
71,1997-07-15 16:06:34+00:00,172.43061268610992,175.73404720665434,176.06698790670802,179.0989419400956,175.97839656320699,168.16648300273306,174.12464013710627,175.14935099904295,171.70505571967473,163.1875493842189,171.00526666882257,162.75045863916773,167.1527541272573,170.7416278074322,173.9956066687568,167.06082462323477,174.18347880488741,159.0884164231916,166.86450987235872,190.80858085650456,171.77129399556145,183.0802330633512,174.6083789681153,181.31825403520764,181.7985035413116,181.06098384847388,181.22431759184943,184.4361623075947,179.3182473820849,184.6483104519243,189.37489217414614,179.15310536822216,184.47494873200662,184.73715849568566,187.02793237667572,182.21272581786525,170.9573168211794,191.14152194698477,189.53452155833529,194.2704841003842,188.99106988954372,187.39956659246556,188.04204653133118,190.36783739507507,188.51812455683245,187.58099923071225,181.01275202996538,186.36943872657557,185.0294210999512,187.4373820979486,194.40095092756397,189.38512865755558,197.25350373271763,182.99362485471022,183.34168441058756,201.00901909910914,196.64425426086083,197.82265475230474,192.76852022102966,203.01872209497205,194.03789711138532,193.9911659947445,195.59913108812128,196.23297909070604,195.8342781740887,193.98368115603867,193.97783074146827,200.1586064219321,201.27432371358802,198.79803211093417,198.6453722948478,199.04925909776318,207.20328813223506,203.4899434477688,197.6231572908436,202.62169019748484,196.19241880599566,199.19551406934085,196.67335901163267,196.43745325808948,194.19382807172153,192.87741563672543,191.75804978447565,188.5672876282011,187.8099252100218
72,1997-09-01 16:08:06+00:00,181.47381552406904,180.87673499275007,187.95800205419152,178.99703898801914,174.42079362106097,183.63860105699553,181.07020225783054,170.76937646577588,183.1257716510748,177.99807229122004,178.97986843366826,170.6379178671131,176.62738678729934,170.82307113019058,175.25658445768113,191.86794082017119,181.11790458864934,179.68084139490574,187.07863065801595,185.47061150489884,188.49549622072448,182.76499859057228,193.61315833159946,191.41824601218227,189.08857395558312,186.43947640294672,192.8713858014341,189.64422053601433,191.83872408704963,190.47279288930318,195.47657553691334,189.094088451038,190.47349115171207,195.5469766914138,191.7961789054254,194.34041447006763,197.3804276576062,198.56282479727312,195.77977622491161,191.52375915542808,201.08889454768925,188.453647736584,197.50403962377735,194.8846117003697,199.61095571692817,192.3760100555671,197.13549699947038,192.8235299122929,200.36779552998178,189.6252302299276,188.49656517985798,207.60905080946125,201.0568709337573,208.74136054448186,204.45935780761627,205.9878761576217,208.89675634053216,202.4797670888361,206.28402730901348,204.56489520299627,202.87781210043076,205.42324646365554,207.40116215400136,198.54529024689847,202.07980093936112,197.94949789051554,196.5235510670903,198.05605636175872,209.45344418762966,215.09562704689108,,217.19114328381002,206.61817725027652,209.67285226293836,217.33498416290323,,206.768519360344,232.96517210076254,,,,,,,
73,1997-10-03 16:09:01+00:00,176.1708242981178,172.19300261312023,171.85687041267215,178.99032973872218,169.19813134582375,164.72387108548426,168.818335359181,168.26947377578733,170.28694162511601,171.5178000202956,162.11727167269922,161.5852403307707,173.2779647773969,162.6540795996642,168.05894910654516,172.22130540744536,174.48057616664101,180.73679629422253,170.1776708486591,181.2763458728114,173.33572812972898,175.16556764698868,175.39913330575502,181.78193690609993,176.1164910285153,175.47445113884578,173.0266926489946,180.08256865406713,182.12910814434434,178.04112624078195,178.65921076392112,180.16217293688115,167.18855369881211,191.10094285368567,185.7149980998893,193.4524377609853,174.52243527120496,190.76115153060974,184.94776322294007,197.07162879668803,183.27449549742212,190.6523920074293,191.93534435659998,190.07828607323876,181.64331254336602,184.78475584266766,182.86446566352015,186.69343139959102,182.1997922133726,185.83887220096335,181.23722198500354,193.15731420769086,189.95259196889782,192.43272141552254,185.86257414942492,185.79742083036993,182.64252523696493,194.8976397211912,193.19724623680779,194.56036709159685,182.00456514970153,191.07055000980236,186.89485299290737,184.58607398100577,182.68155850106365,187.70819576159133,194.98680556786647,178.80540791973658,202.74497098690765,196.2411270955508,192.3082102477299,196.8546818779016,194.7086116145968,195.41413026936084,185.7638058198146,192.98926664595365,197.27277516257726,193.4935893722466,187.61693295574736,191.57896459420297,193.6280212094095,184.52915476272167,186.1649168663625,183.65980029826474,185.81230871174796
74,1997-11-20 16:10:14+00:00,163.99106025191114,166.38404878210721,159.6622646694162,166.05638863314095,184.9290369884249,167.9690292465018,165.7953438914383,174.315067876935,168.97190762016888,162.88794835167437,165.03121300796465,174.7175538417293,164.7638673621185,165.89517844022507,171.79309224342188,181.65800110516045,166.4680240054466,172.0296313324529,172.29364927082082,179.30280172434001,168.43489862659956,160.71670559533334,189.39141797434775,185.97052828717662,174.52846019479938,176.14707845108396,186.31914833760686,175.0978531191366,174.26805019344124,179.65373522141064,186.71211830786243,183.3178154874367,178.44978259330526,189.38220929959897,186.10332107079947,186.50401446435131,178.3900312675777,189.89106037238486,179.60895906907243,183.9318075079213,196.06652962910786,183.00519418041821,190.76273229313543,186.9234908794294,192.58918519960795,195.31947267624645,174.87064980243946,186.73428345242593,185.77351627425466,193.97200882155542,188.36447614561317,184.3926655474629,186.33131557171805,190.9937518852328,190.76257983393808,197.07690821648376,180.6510163843489,192.61521981566656,197.6206626933535,199.18515486865232,199.60217341993564,184.96430528582596,186.39931316742502,198.88022639451094,193.60231814973756,196.88845303862266,190.76437784586872,187.98941105782183,191.60294589854703,193.87122812193266,190.30859101839664,195.59093549639385,175.42871896043542,185.16068776601244,194.00013029928024,187.5058896386249,184.92186235665042,185.41854090261134,189.51335719336876,187.82774500253095,191.88627182994583,189.99678183338713,174.61879843155472,184.8158777630945,177.8569216926565
75,1997-12-22 16:11:00+00:00,166.67732684074866,183.31052280468901,171.75872163339665,179.8848849581883,178.5224997049041,182.16913970782767,171.02630301130887,168.0194222057535,169.61735006610817,170.52117298869038,168.3970226136444,175.19690730681242,168.8749846373692,170.85798700837924,161.5105450760942,172.8838707119171,185.43935672736407,174.82853867552444,176.0401803727186,185.3915702819315,181.2879006018654,177.02660108310937,182.00074660771125,188.40926611535352,177.80476677376066,182.87091575046958,183.3375491584453,187.0034368231136,183.16543778501182,181.93733673175774,182.2543120285086,192.38138521832545,182.7758140745767,177.2282259708405,188.45419366405218,192.91961436660947,179.16450407014946,191.5808347503367,192.8993920513518,193.52991757423342,185.3028413739277,185.71542896825548,191.27802771384134,190.04308607627593,188.59487703989674,195.20497964565004,177.7348244098613,189.8831762618608,189.4202321640311,189.7122367747705,188.81664492730508,187.61678459193084,192.54548147366023,194.99395127904242,195.39751855004826,200.65994583129975,195.44826288895973,203.02860559907108,191.2104701945478,198.26688734762848,197.5011071258309,198.0838680420116,186.87155704866484,198.53882909931906,199.17369573269673,194.18751768156238,195.65293530514094,188.8718225786963,182.9152308810057,199.81006739485775,197.56810242957945,197.5702514401194,195.17718782872015,199.39091312767786,195.18047478246947,196.21249927553222,181.60175664817885,189.61454730992264,191.73935280721463,194.66091126613583,185.41486590193568,187.59312535864848,181.34116668398477,182.70213833157894,180.10758224117507
76,1998-02-08 16:12:05+00:00,195.06823104439204,200.5219793855336,194.82462793013428,190.46943687204973,194.29829562924834,195.51844893921816,192.11342288183866,194.31971829310655,197.46612708397836,194.87002599536987,190.71864730123613,190.0862299646302,188.0583688234982,193.88697357593907,192.81512049466437,185.571607792014,188.75641666559255,195.68900578050102,196.01822998987518,202.408647349478,196.4415222582988,198.78771812465732,198.73734232679112,201.65473754523973,198.5980177616882,200.85546551419944,201.51358621682337,198.47164744149748,204.74698338633067,204.5696570852251,203.54280738765448,203.38439099836577,206.0774486143923,199.5986586065194,198.59676555579063,209.88829446370235,206.85069585861635,213.35927709975988,208.4543468565482,213.63161777240117,205.7593384313797,206.40974739387553,206.57254042091617,208.4935780624869,202.47285567435466,205.5902883348191,200.86907905112997,200.55199156136777,206.6916622787824,203.73469441199512,202.4736606118336,201.94782704957444,214.72990372300697,212.77399162443277,213.79669279535278,218.16594737525526,215.18275825193825,215.77786366653262,214.5674705493282,215.98940846459988,210.14636581779337,210.17901074213972,212.2765091597057,217.05620081743615,215.3897906730408,214.44259481154177,215.90245596928017,213.53111435421002,204.52193489364575,213.16508948333257,208.8512877477529,214.585482059772,212.70347871438193,217.79028236056004,212.2466851272209,215.59012058853827,209.62962733741597,210.64111139884164,205.93898478009834,207.37662124472337,207.09563632906477,203.934066833777,202.389072100225,204.02547057754427,199.3747646667272
77,1998-02-24 16:12:23+00:00,180.20132880856542,183.4238382819926,199.5606712007369,185.895951891505,192.38560901106632,190.44441726455076,188.72893771699844,184.85430828102287,189.7077856126193,185.64456096578175,185.27861831811745,183.69649860069322,182.04838892330127,179.47112033212503,181.86154924522464,182.6128025026173,184.12899814755247,185.15779956991122,183.64912023479533,182.77457787855909,192.36717468979256,192.35731161137372,201.26643436232155,195.20048716015302,196.61265191374545,196.02398009245914,197.7146533443371,193.38789430979833,198.19374749680364,197.73317933843043,196.35553393223594,198.68535895903662,194.43307333754478,197.82710324588416,194.49610313206801,196.40091011341767,198.82827976580288,192.17664334175626,207.6007109388244,206.973893608088,203.97996153168,201.5740028334637,208.28005870052633,202.68708223976046,207.21126271990678,200.3630140512342,206.65655397782982,203.2195182672155,202.8081606220024,199.14588959462483,202.8386576622849,200.42291597386793,201.82280138313902,204.52241129936215,199.96704528449254,195.03739157538791,211.97198583194083,209.08468411062697,214.7450907744853,208.00407922975293,208.00207590755062,205.49110246038254,210.7760745258985,205.05527751878728,211.14423623998476,205.0120860421808,206.7907749817077,208.3778651095711,203.54089477412194,205.05892482687912,206.16457796474234,200.98446608825273,198.84203859343157,213.39957887124697,210.0541890969425,205.96121985807858,209.38931735514024,203.68092933537662,205.09616317618023,197.62302533957242,200.89627996519496,199.06022288988677,200.41926153210161,195.97277589934097,195.3521203175983
78,1998-03-28 16:12:51+00:00,192.80449332243035,191.60577506447493,189.30881268808108,193.3209590028229,188.75111344106622,187.8119765214525,187.11230074937137,192.71100881128888,189.62024416897873,192.96406356767955,185.7983340916116,189.29736611833513,180.5346532195711,176.20206579775777,183.6805614268972,194.21058566585555,192.16771911362332,193.63356601805995,192.33529857975117,196.42635474169836,187.8933146529585,194.5715843222029,193.4613494952099,197.0575597430944,190.41322557821567,200.1130652257795,197.46017228312724,198.84374785764248,196.55382104724333,197.61125551577044,192.98324615631088,188.07271343032176,199.40597343431304,203.4250486727671,205.62914635887478,206.11329261810985,205.2397549720069,205.25118972791316,206.96958112369194,207.82945637404708,204.42120571331463,207.49352195081946,200.72255760696999,202.30750198631654,197.4648405337457,203.68489177621905,199.1892590018587,202.97435773663432,199.28641098764783,194.02961509007446,209.3930212216905,204.59833241818478,207.47348635619298,208.9610506584053,205.5633234014078,204.70864627274946,204.80781991445144,206.30106840025064,207.57497114161237,210.44579588391645,207.7401554981467,211.76623746941777,206.33201498624362,208.58818761216747,205.2639596559163,209.00025802159814,199.40407962766875,201.20896309335467,214.0680315031397,211.70698243354929,211.810792182809,207.55377438210542,212.37614836572743,212.62427936172926,209.95146355093493,209.4732254439205,208.0625223495539,209.43493893888913,205.91018217588413,208.43546872993304,201.85222981664816,205.19502540460923,194.72821552712594,197.24380732729426,197.02460212213683
79,1998-04-13 16:13:02+00:00,186.6554090815922,194.5261281358047,172.3618642480261,182.61738883145375,190.7805500221931,182.096775291872,182.77952211867216,182.035250886223,183.7468554559625,176.65513434047028,177.8125212242934,176.16529782817875,179.7321342708345,182.38698135643008,181.13026379500457,188.0683320398746,186.67984496091802,186.39359012403835,188.47670089843828,187.00890351791543,186.82058754040222,188.34373890796678,190.09492870718051,190.87324898595656,193.79415583238853,183.13679918048447,195.11405296946853,199.73044895665234,186.5039454388436,189.54454088336962,187.50436919915558,200.57141053368545,197.12961887074323,205.27438672636035,186.94784943531437,198.56845133207173,200.21383914028624,200.66087522565516,200.7916627005242,203.3737356234053,194.03906625296318,197.15058467173955,196.87568714695695,195.4293601051243,193.8548608274634,192.17086813365873,200.73570735682645,189.51892803758756,184.76106524320042,210.63030222194354,194.64917538530386,203.66757863000825,199.42645386968923,205.51942262899345,200.22323547208052,205.96874316356315,197.5100849615509,204.80504227639082,206.93029350326884,201.13890091064425,200.51388418175893,201.46617128858483,197.92116660950808,202.6389824148922,197.19733713072353,206.29761637569888,200.9556119771006,206.5942986463109,204.6111293962358,206.63939563338295,199.48672179374455,202.83385422601293,200.87015937854414,205.07620487842323,200.53111910097994,203.26700407560318,203.70215919170383,196.93329123393258,197.54812074295432,196.28434018669836,197.979235728423,195.47277142544098,186.80217245995007,204.69614758608608,194.53935364680066
80,1998-04-29 16:13:14+00:00,160.3918460449885,170.83279462680065,175.24870110703654,173.73487495424962,170.81380709937366,176.7525689609009,165.03902350619484,167.89472582247177,175.65274331921373,168.98376711156263,165.95061353335205,169.96539503841805,168.9221721369634,166.92058767687683,165.61541494033042,166.15780132838648,167.66764418578032,167.66002452614117,173.76164834437662,166.14573432611482,170.68017745439263,174.27119860377778,173.46935954687538,178.85490964125884,178.39102937812595,179.46693651748987,182.21107735982272,179.00628889845592,180.28420846438513,175.2880943600205,178.33591841938454,178.11295467591302,175.53461497263916,180.5070494144326,186.4710070707689,178.5928097079684,184.93273993058597,177.70451772689748,182.4520456110792,185.00865405273893,188.50746016943222,189.37607582277357,185.24984692649943,188.86084558795696,188.21418622653093,183.1992055666915,186.5147086156469,181.05281645738825,186.31821237903003,179.70906356443038,184.61312358578897,180.5235050324192,189.20348065694807,185.0084933643753,182.05202004297198,181.67521472215665,191.92893799724357,194.79308604805144,196.2608491249618,197.00697794526434,193.7277296821839,194.19925382472698,192.61635344104468,196.351043158857,193.15359144179072,190.17964664059298,190.8183459489358,189.88947215325211,191.89310751048887,189.56538616868477,186.86706419245957,183.54279669755306,183.3140203004422,194.82813739909608,191.24838575080324,194.18040141126446,190.8479368202062,190.2557843829262,194.6614338989781,189.60922030163496,187.14332136452833,185.7468965112216,184.78717056483143,184.46632188467038,182.50377118823207
81,1998-08-19 16:14:35+00:00,175.61956263313724,168.83267401871905,163.34697225885208,,153.07320629881133,166.5302677029419,167.29770543634558,142.08876885688792,156.3419882753175,171.46045571975102,170.0561557709241,171.42651378655555,154.9130030346561,133.7404318190509,160.21558226407885,168.24353365074703,162.11548593802547,154.6659743344671,174.38379401822723,156.230336852681,142.69045290177655,173.537523952603,170.7645941169901,163.12515849667417,170.9139234122622,163.8589395431382,160.30032152944608,180.73338271817752,175.49482725337927,173.80175725878055,172.73419867081319,175.7034171501252,172.14962907723506,158.00803158082655,172.2888370849438,178.72694885436127,175.2832861622566,182.87459768458706,183.25165872319988,183.74001377141843,154.9590705949106,169.7237061062441,185.5152828938319,174.3393841213656,169.63731442950217,191.1934610225243,180.8652767148351,154.86692868467796,175.6906186665373,182.69170759658812,186.58743990320121,186.88017490961263,162.2116369276387,185.63701098191865,182.70436196735886,177.34838856860705,181.57881334690762,183.17068391763402,179.4998314707648,167.71208291032733,,179.7559887507823,188.9449900354828,175.97474655820932,184.4934104944277,190.0241539439668,185.87109117588312,183.5578187181036,167.16966425692138,180.45084233000347,188.90704722279887,179.46973489725252,193.18050868273266,181.81040351897624,174.92102931576844,161.12548926338647,184.9686806769508,178.22449253150506,179.0563344185985,174.22200348419946,177.59663031331948,180.5696132684786,180.34254291846415,179.7830024671111,158.52898806056692
82,1998-10-22 16:14:55+00:00,176.16125120677054,181.42873890917804,158.21308031531018,160.91569506348006,160.64061891585686,176.90005999271216,169.8250043838541,155.05740557168917,162.38483394792587,170.35228798712302,157.1927671869156,175.28519555611877,164.02285611691823,151.54197250158515,180.04222645216856,169.91498291104674,147.02024243033125,152.57064419847813,172.3980097291891,189.45808118066714,167.71993601365156,179.0622988588608,170.13164025293858,188.28184924060741,185.0170004213805,168.25645523400425,177.6794978248632,177.84392655328557,186.3060142960958,173.37439742155306,193.77489364478635,173.6671126307615,161.19096448360267,178.06059970552684,187.9340958332302,165.88000752116073,178.20201873332294,180.56551414927185,181.3966093509726,195.4602183174797,168.19394826696598,192.8388339420682,183.5254282634289,185.30875493158345,160.68931797095033,187.55244124698228,183.2207622603014,179.53508665865644,165.0546736485915,184.8884750050817,186.81973808563362,171.22804438949066,189.12577374222235,180.12688210165595,185.73003648585114,194.57295593145213,182.48361107595568,182.92059651788622,187.24199589344374,194.34187121485994,194.39330399229627,179.39037335808268,188.70177971468277,186.18347653102649,184.8257943371028,178.0302941092086,177.2457250093633,178.02263029024493,187.59484223355173,168.373570017426,189.64177482068402,178.96356735968754,186.0185688312153,198.307248406296,186.55425353897414,181.4769620474351,175.89060620031623,190.60309777654575,181.9483333650066,179.61022959749394,172.78325188784285,176.9627734905351,180.34401871897276,168.10039155923192,170.38321172539608
83,1998-11-07 16:15:03+00:00,179.34185028763397,167.82747067899493,154.1730984816545,167.6846147555698,168.47217393830104,167.7796198743652,164.0123336234722,165.62968922300206,161.73286669626827,158.3713676412386,181.07224901690284,168.44993575601134,159.4995554164536,178.79038322334105,165.14407746253104,163.33091107406122,172.92935026814797,175.59499635963172,169.79146013007295,171.2810126523961,172.047683949024,172.19454908120866,180.20411477904804,181.25020484578835,173.20597127854396,177.045140712743,177.28503298185,174.14080585043703,193.35656829435175,183.32366866535426,178.09147321232507,173.5032769747647,189.32194947938063,183.02745557221934,176.75918412514355,175.1841878724401,181.27676889041626,180.57792699127174,174.35718933227207,181.54903962580372,185.23687605301907,184.94278542661462,174.6309826842342,182.67818412270026,178.0864051311448,178.09794275719327,174.45120117862646,175.06579641480036,186.29646799395275,184.1409049743114,185.4317223344265,188.8338852415119,185.53193461529585,193.48331396537984,188.30234024170684,185.97158746337706,180.31582326353333,191.42609753914985,183.50023148761358,187.95654935191078,180.80239290928444,189.90433639610197,180.51908338755135,196.86242041879447,189.41021913479003,184.1443715146103,192.16205620924782,184.14978884511171,185.58027800261848,188.37769025478295,182.66734670905518,189.18656799916323,189.51656380142234,183.74686399656858,178.05747862106116,179.45496508357192,180.02063808225958,185.05023233112883,176.1055716273403,173.19126947218675,192.44079156947996,183.27740172234436,180.56944584579205,179.0116456338674,179.16683355951375
84,1998-11-23 16:15:06+00:00,189.81131035512328,163.38049513994667,179.95356870470448,180.72308730484096,178.57254007492494,162.22550290772742,179.80445786379263,174.95260684294598,163.37588021440072,171.0920654989333,181.29422723871687,155.80196189986393,170.00230042016003,177.6897636242862,159.7783899850705,173.81392112863355,190.8991290626053,180.12626921444073,169.95498378679392,177.69881139788086,178.94809631094816,185.59402343814557,194.41407331852352,176.45527448675077,180.14148409211214,187.16297352966865,183.70690896794417,186.59416451729209,191.13015791008,182.12919476930003,175.99501249687222,190.56248745691212,184.5082540009174,184.91835274899208,182.43157423643453,189.7744523219897,193.91178392358214,185.2131168730786,188.7746354324221,194.04444111536003,200.4259194376933,183.19402996001247,183.13011633810638,191.35797470488635,193.2394133754074,181.9479280257911,175.0752029679038,189.57077925536078,182.1031522384057,189.3965772601505,184.99914367934338,189.29905774125203,191.17464748395693,199.851089586766,190.9038664651902,189.81685056403123,202.15179025979077,198.13027266845407,195.34203396034093,193.5516991186045,201.26681490971987,197.54507845552274,192.2209021583236,190.4678079341838,192.8507196501574,194.19002662116964,189.86289714049533,181.14644734627845,189.95150582321338,189.56525931367239,201.4864987311931,203.23926882658884,208.12827294283625,186.03334558958085,197.14037198983874,191.19624281591646,197.76668317280894,196.28413078725004,182.20328508467486,187.96791551642258,190.1323951588103,185.02287102110068,190.84033699876392,186.73469568419762,184.72714062361857
85,1999-01-10 16:15:06+00:00,198.95861662301076,207.09331385314283,199.94806245027502,202.32198667225026,199.5913349549582,201.3391521381258,199.74534883221165,197.16992474819511,197.14721477500294,198.75210633728696,193.27772029125316,193.3113422237846,212.92636735841327,204.04337542041156,206.29682489524666,202.68589351731768,202.1007020347744,203.21458124434034,202.7389570474572,209.88490824102018,212.27575047018294,212.34973476868538,213.9246830480681,217.57550926165206,214.88122073941594,215.7903348610448,211.59493606130638,217.75790571435357,211.4495201279037,214.1977270271478,226.48254043700666,223.73140899571175,226.3872968556288,222.35643131906897,225.1989634971726,224.29292775441937,219.63274642869743,222.73949183144535,219.11039114285276,220.3898307068593,219.54134790809152,221.61039096114365,220.01722119580347,214.8361207571862,213.20454660220724,213.5900208396777,210.6480666432138,217.60651893026204,227.42675467172094,221.74757259942476,228.85198981273288,225.75747932419108,230.88878961341675,224.4021739888909,229.26496822314473,224.6950725719757,224.18476888662755,224.2124679374694,222.00721376462565,226.589394730562,221.44175204288902,224.00596414984747,222.05341974960956,220.51023605001365,221.0356248728071,232.5084118372394,231.018571238564,228.56417598361207,230.12123279077161,227.5569279100984,227.34054808305476,225.83807839454104,224.27459312346684,227.4711037567675,221.92491208824669,225.19427689145007,218.87389756397818,222.5087504623121,220.60842820813573,225.5406387069743,216.18748117113694,217.3684607799567,219.39961752473806,215.276901364982,215.7826728458253
86,1999-01-26 16:15:07+00:00,204.03390020942442,198.98255918325526,202.47751540932762,202.7280604184701,201.13471223644146,200.37739546628558,213.82600217208926,210.29396718696944,205.731312911631,198.32202405931113,211.69130599496165,203.39630200687566,212.4697996135775,202.17187402725222,202.05532532970653,207.0886918728146,203.15263841313768,203.9950573981411,206.28930815311116,209.2993893177562,214.70920591805833,212.84831831021245,221.66190959016285,211.0382223805674,217.3152095841499,230.18752858927735,220.36712747108476,217.46088085338587,219.0453595594949,219.50945709040678,218.80399095479305,218.03346235513695,224.18085705192976,218.52301113685462,222.15303046996735,213.59858121131816,217.56004072678058,214.22224905149284,222.44539173323392,210.91375662774703,217.662482291935,212.83639077122172,222.74997854023457,222.11768794991977,223.73474642499735,215.5800845258425,213.7869505647214,214.84538732358303,222.14242177991807,217.37514142346487,218.02071118063128,215.88183631558152,217.780135628984,218.5544286115834,221.97396625983242,219.271588613272,224.7182492849937,218.85065987583374,216.14804965825246,222.19660825516013,235.15501932213672,230.9860148273361,231.00158223401309,229.09390713087257,229.47426768911726,226.26245093024926,225.9463344711296,228.25053574630124,230.75481131837978,227.54306034295547,230.44374613833247,220.15927747583237,225.37035721984722,219.1340569579604,221.32776906963343,218.2686512240375,215.3316294860067,226.82037942489663,223.80106961594376,223.24020399092618,222.00935750195487,221.60881105011904,221.59926762132645,213.80493060056918,216.75244279473105
87,1999-02-11 16:15:18+00:00,205.9701568074462,207.18550697783812,206.19877423118214,204.96082526387957,201.7506497644069,204.12582326384344,202.6210616937618,200.14074663214168,200.28167823913017,201.342723488786,203.31013293793873,202.5336235969228,201.35869996201947,195.60597894346552,193.53368349097408,211.88827420835597,205.09233521493752,206.45914236972774,209.9082244545085,212.80825169379924,209.92880874214097,214.6343297298201,208.37503839048435,214.09138984214295,215.6617757402854,217.28713182896124,213.06891002336351,217.2131571037716,213.75884038711268,213.78852493786846,215.1773142339457,212.7172654703181,214.45626484767243,226.26840982355364,223.37013298138953,218.71329331868634,213.1605291751479,216.25930394829487,217.08537449546023,218.65452764949976,216.80483442350254,218.64711620292172,216.73189707419695,217.342543898234,211.37277030861512,209.66628471284156,209.70173840157892,214.5599715345778,215.9422594649445,208.68150375703274,220.97515929527273,220.75480370936663,223.36253663217795,222.73650559463292,219.5956044256774,224.8683076045727,224.3015155780551,222.44157275048903,220.4131595224968,225.22088805297193,219.92153708415344,225.35449291069764,220.4806042616754,222.28790467326905,219.5347124088451,220.83140000441347,217.6808296046043,218.09389722998458,227.3449576145715,230.88090779572346,226.17659952823226,227.72604562039857,224.6013184866462,225.22212071591986,220.78658291288338,225.01559514236027,218.12317617337928,221.9743297561927,223.45115351491165,222.19981673634157,219.109283792942,217.64817861289325,213.25456486993642,203.68696322759794,211.53996382533782
88,1999-02-27 16:15:18+00:00,202.06570555080498,197.34360615199256,202.9016795904542,194.93131427553922,192.64572796761774,202.7684688579124,198.7742811455026,201.3247539464015,200.50768795672604,198.30042715698036,192.86681427699455,197.45730341113588,198.25375271534938,196.5828058596249,195.1674576760724,197.82811537207468,198.12915139613952,194.88198876283676,198.90119081617556,197.42247820964894,198.38404143881965,197.4981144034076,193.55243906071516,202.55729400953828,212.6676465477155,206.31694983380902,207.82137884609145,213.37213451510877,209.73277879749136,212.80444961991532,211.62894093198983,212.66600652195999,209.7186471624913,208.38136506466688,206.77230429094328,209.8883590452636,208.18711404118127,209.3813532712594,206.1298253036567,205.39181139413594,199.72360783517402,213.9561636636572,210.26187803654102,211.22886757869955,204.37680674409145,205.20604039098262,208.0025919392662,208.73765993622737,206.04441485219158,211.88616047469017,206.3563864628753,214.02576963828747,214.1214817180206,209.44057466874509,214.97685231936484,209.39940287659252,215.30538392351406,206.6171298521733,207.3217297901908,219.1302683067569,214.48606671850598,218.14567405760505,214.22217595364512,218.45256392950597,211.6656727496427,214.04506982941822,210.49127221560212,213.08624738235386,213.31650361181443,213.07788506233595,211.3443878692718,213.4377628699354,209.68679975410998,204.60261565695407,207.99621576144972,211.7908270551614,212.6459814843623,217.13141258554867,212.2978284688108,210.6404355003553,212.3506976686577,213.5948937069862,204.3494871846976,203.8400411596006,205.07699600190608
89,1999-03-31 16:14:47+00:00,191.30831582651072,189.9694227316235,201.08827603905704,200.6390038691278,198.03188054645423,199.60059372997816,196.26703620707514,196.00426596025235,200.422092658915,197.91141694046343,196.0894717626095,199.09517397086964,197.0920342062115,194.73422462843595,200.0633872671255,196.91173220029762,195.69234398128825,191.6149643346028,191.88312126413342,194.36011783339794,201.46305097427586,206.59205005336736,207.79717945728007,209.55040671901602,207.4922363894645,211.47967457012933,210.39516456477358,211.1602784966078,210.64665160429055,208.80414087000472,209.4722917958912,208.81703232864032,205.48194420392852,207.5522131735492,208.75110139919173,206.52674945662974,203.08870819440045,205.62117654126257,213.61482485472223,211.2783478537407,210.77352121502437,210.52494993619172,208.76717111904958,207.14034861456645,208.9549192948578,209.1841941262809,212.34314779257053,204.3903630604198,210.18544813073336,207.3899680336587,209.39581748385825,208.031970344231,210.85432132256108,208.09798979852002,204.71516777013414,212.50577681470503,217.37870700725054,218.80558925018832,216.06068132607135,222.39525168517977,217.4386268239165,220.71696945907635,216.92162591555572,218.63254143524603,219.00436287830573,217.06841251183496,216.2231971999059,211.29148860503997,215.7562140450399,211.48861827974983,218.65829856706247,207.23511405356135,209.51245191529563,213.5257495716773,211.25356656762378,209.92263439934806,210.98180770695785,215.2259319979881,214.51967885327423,212.73881947023594,215.62186850157954,210.39719056984185,208.39770291584063,199.98159276921135,196.93464633521563
90,1999-04-16 16:14:49+00:00,188.46880149973293,178.38894224728895,187.95137421693474,170.91437818642515,178.74567025339582,177.0373682533859,192.76846453106342,181.52526851433552,189.6508110460744,178.98033009916614,190.16374109959733,176.98464447690256,185.0398014028589,184.08830301484267,189.70032118975828,183.25664321230732,189.25797028406635,187.91240340447658,181.38644547047622,192.19418974652194,182.22942116485422,196.13904060840179,182.22783882871997,184.8037039219167,201.31340574634402,195.88297107980387,197.1770037423645,191.86435367120612,196.59086266016388,197.71657133240547,195.4130178863552,199.11275007771434,191.72180055225155,197.49152297623317,198.40871929179247,197.04794426799177,195.2986162987741,194.58753741315536,194.12468544254023,199.04094425062956,185.03321920630657,185.15130620904858,196.50990235417015,198.6657292454836,199.8605450316092,197.74896238321102,198.48373566388554,193.46953704237234,200.7992496140169,190.9470861665148,202.8139785604376,192.14042700098742,201.1855355232653,195.1606536191815,201.1769135652085,200.03278850716666,201.8305161252078,194.97374610772403,197.4197424320184,206.29427920218566,207.995123672929,199.89095617603226,205.46944620514716,204.42964721509122,206.45496697560026,202.2197577811214,204.14073774451018,201.34064527534713,193.98484669943446,209.18990768089657,203.94675085561707,201.7842977412059,210.79668493659167,204.60567771369693,205.0163490677449,195.62783208340562,205.8895903157667,205.69493935385913,206.02125891547948,196.13157996981937,199.8796161763461,197.8106027540279,199.04932863168648,192.40666120397964,190.00049210149734
91,1999-05-02 16:14:46+00:00,192.89289147029353,204.3591319813444,180.08520508825364,199.29600522237268,187.49156720170922,194.68129755715196,188.32082936787336,179.02083761151806,191.5711907166728,184.51438694648976,180.49906166015336,197.71961339522557,185.88073597372977,194.10082703800208,189.7503476241457,198.23183030643716,184.69175810010236,200.97579149016514,189.50235750326704,201.47454083062604,190.61011724888078,201.37401140340967,197.18384348877944,197.49634039295864,201.26524140617695,201.01491314990852,197.7627279177207,186.47031303876878,198.7171556735401,209.2380560391224,204.58126561774645,210.63665199874794,209.00974378761543,207.5596304001976,198.62745264182726,207.51540250397136,202.4160571879804,207.3087238757782,201.19768083857895,208.55944997172196,202.80370701143426,204.04007867798464,206.67181611980004,200.18982215535,197.0769078491608,199.9532799828279,194.7178372446854,214.16376644531368,209.14906684152686,209.51809568969156,209.9479562930486,214.55086287009885,204.33046112227544,209.83045670328778,205.63351133416643,200.88911776423515,208.13087226142312,211.91406193572254,204.02028963323767,211.30391470454785,210.0406381925789,208.37965680244577,212.61673997496396,208.1478554733418,206.84091309453157,212.97029597649689,210.8185542817901,216.08135516395285,214.83767524986874,204.4203265525661,216.80140508097614,211.85270537547467,214.1813872938639,202.45810054222562,210.43000385732353,211.35933299102697,211.62312154909387,201.3458261714875,208.73317711044794,207.07053699175918,196.09683509068543,212.1226943242273,201.65546470842338,205.5915920444537,207.43119942826354
92,1999-07-13 16:28:52+00:00,166.84548692873747,169.2230911801092,145.68774842748385,161.9935284236387,155.6367386136762,160.62966369999694,159.65038364582708,160.29471285017365,153.98683736210933,162.929359433203,164.76583936141228,154.0637367082506,154.27951525097964,156.99202649406777,157.12532723320837,167.74675236691962,167.7460679271864,171.03437157884662,170.5546846111983,168.55951564228516,165.4201987383281,165.0211631620763,168.81017923987048,173.03653785595287,169.44537327940012,163.34749477041493,175.17961662048978,176.11435608072077,179.63058388654332,176.91300502685442,176.26282368750702,176.59111688735925,177.39371797360036,173.12276692652506,169.0590345768596,170.2718004396205,173.21431483121674,169.28541712884592,173.77951468735117,172.1083155045773,176.24631190753186,172.5796027036857,178.44067258179382,173.6711180658857,172.8126311989634,168.216934409013,167.1308603643818,170.19302503765576,183.9523280372993,181.17031684239686,177.02873069562435,174.56326388686347,177.86580084724147,173.17876350323488,176.98662825089022,172.34262125360138,175.74481661479982,172.67915868872325,180.5181434245486,178.95525058580574,178.12804680952013,181.36375595159754,176.17039666453087,172.91631356736733,179.79298436287212,180.9227533369234,180.234862056038,172.0567932529041,180.7064343264089,185.2244001814985,183.50753000057227,169.78481948573273,177.58753116247794,182.5395203502395,181.7854541239687,181.39887381556366,173.02879051968836,175.0145072309139,173.6892377844749,174.77947809295776,168.67480824276336,173.56551526972973,168.37259472423492,176.35766386032617,171.06025591205537
93,1999-07-21 16:13:49+00:00,,,,,,,,,,,,,,128.13366027962752,135.7076279212633,138.3764140579437,141.03874936252942,,,,,,,,,,,,,,,,,,,163.91747445795795,150.35525036435675,143.80115883908547,158.63441816311058,160.32737181139262,159.76422027704604,148.412222325099,153.67867958279373,,,,,,158.9661038011427,147.78358856181669,161.53779480466375,157.20049346661267,151.18514596895272,153.53528873294653,156.39212534820197,143.4517842264407,168.90470686553923,173.27908283260257,168.82846239722443,168.88982194867936,169.54579286388622,178.4504428857842,173.4280752309018,168.85898857016855,173.70096584235787,172.00737728024046,175.7341745408602,175.3130991341406,164.4270098069101,167.42537538532233,166.93390489198785,163.34430200315592,163.12335508499933,168.6881175312056,170.9260578073549,180.3758519653096,171.42101083724634,168.49321363151836,167.59878783889076,156.78474199864442,171.7011604105043,167.9109915460772,162.95385619759844,162.8669715268282,153.05388374513726
94,1999-08-06 16:13:46+00:00,162.03038394586738,173.4593030114719,155.31259440979986,155.91474181858229,169.31046197825918,167.33627152076767,166.75368721892139,164.60785618538776,151.91297448570256,165.15548165355077,166.68440088801918,161.61714871165296,154.65038613064516,158.90045805966943,153.71379245641614,158.60838221604217,169.86572468265538,168.68252140510575,176.98039401854308,164.49285348470104,165.14584061235925,174.41462988536415,161.27263357093935,175.8567545679526,183.0390254096836,166.5864085629981,177.05141938094243,172.67922359398364,174.1950940849882,179.3386068523692,173.2331287780015,167.5104825665162,182.02146788494113,168.8137647374697,170.80807120078796,183.12768026791312,176.15289678657527,176.41227872377888,180.79268556039827,178.15718277463455,180.12035419381547,180.24402408329578,185.9630782999922,178.19612728402709,177.6648136792117,177.252577270415,165.65496538520264,171.32689040792792,182.92265956237603,173.50121252035353,170.66868791404963,163.6924918212243,181.5965767456677,185.41177227540774,177.2092778524241,172.61843726411857,182.05803569655677,184.1284059935464,173.97667680057495,185.2708353939491,179.23746420416447,186.67480845528846,187.16422430938547,180.24186801025155,179.75863707936927,181.36844461859508,190.87823313112548,179.26172586486678,168.5660018131002,190.2642392673405,190.67836569455216,192.03334587516338,170.96130728905072,183.65761101137255,191.29418786167983,183.24501246517636,184.91088100376138,176.41705978126453,178.085134535082,170.89319319058512,186.94523203260889,176.43327539339313,176.70807594920245,168.11439177923697,162.32626946969563
95,1999-10-17 16:29:01+00:00,175.4423252987062,177.046201563422,172.11275284696674,181.18100153025614,170.38074631555105,167.1572143670832,169.37621528719424,176.8451019056402,166.30521526662335,173.52052868137642,172.56728246099001,177.88500022143882,168.53452166758012,153.04965426991419,158.12008193809768,176.6759001597503,174.15791823367005,164.0378636276531,179.37573325959704,177.5429468403648,173.37938690858044,185.0045334658955,183.2560958493158,189.44278832194607,187.4218717642338,192.13821197739608,192.4661143294596,174.65305251248796,185.33817533777932,181.58612485134188,187.133328320857,189.3667394316064,180.75921506546405,181.9265292405513,184.94897559837332,189.30370323285493,169.9128538107039,191.0760574815935,179.73120492902174,187.50258570063735,193.75705470690025,176.80641381975596,186.06304756799156,177.9041325355485,191.97812801279045,178.66107074925284,188.18159476663837,188.93678840380196,188.66604822531457,182.7094632586485,177.83311751297828,181.68290778663285,184.45273549125034,191.8722128050735,183.09790229001192,194.19700482688725,184.5334158966896,190.89089006323584,200.69672323055454,179.63011941012263,193.02429981113755,198.45174513817136,195.08091680007297,193.68616837366295,194.5139471178145,200.3295537296479,190.35436871922892,194.35889468844255,183.3137061598525,188.45291726932382,195.7043202691601,191.55524484698154,193.90617361503206,183.72076436459326,192.3242569870705,191.88604518472454,181.8595924346383,191.43060219081684,192.4754346680467,190.5582181138891,169.31981507132758,187.19848548429778,185.78972097112316,187.21729682451422,177.93830820207052
96,1999-10-25 16:12:30+00:00,186.85560733506216,187.18013358596423,186.06182899249066,200.1322896939981,191.49434570722036,178.9332080999021,178.41786541964336,186.73005012115183,179.28297496690686,193.15091093197483,191.08903453135193,190.1409226145009,190.78908000957065,160.60305800149905,162.63634637131938,196.5498726864374,189.32803489413044,191.89985209216496,188.05530364848346,181.46801976951664,191.8006122843968,190.2077453554846,210.6143281991893,199.82411588335415,214.5764003639984,212.30821772154832,208.86183553968218,184.39854093959931,192.83599610516146,187.16920872569764,202.6156993867969,195.59579956032098,180.54400001591858,199.48920958863576,204.622224180093,205.9002709010821,186.43712891880224,195.43645548722648,196.72373282854542,204.9730293034153,204.14782735651642,195.2530675612523,191.25228095513913,206.2207180210017,199.57798466904381,193.46278276202253,206.8371026189202,200.06079396475744,198.10644343741774,189.73220802273434,174.19981898655342,189.0213907886811,214.77762813595763,195.37413399219102,212.45372672779158,203.6106943593418,201.90366659129754,210.84166670754144,208.45922742485374,189.23513827165345,216.99216582398202,201.6357268993535,203.06436506814157,205.05836965312542,207.99136929978968,205.53106313478122,196.7349095109026,205.65318804277234,187.5093638120705,210.58647821246262,208.92356494410876,212.97741384254826,199.5679876066791,198.13831223109528,206.62853843028606,197.9328627455882,212.00842669776605,216.08035502940174,217.40370224457564,207.20997036121796,180.1056480491239,199.59516715173393,215.90868917963004,198.60406066870112,176.68527237299136
97,1999-11-18 16:28:56+00:00,190.81968796064245,191.9066355832666,191.3015012286602,183.15704477132914,192.4362361986817,190.92102901973024,191.9868564520405,187.57988751594746,193.66342153077485,184.2692977178825,181.3074532411737,182.68679913272095,184.13293807969038,180.55936101662948,188.39538985218877,190.27809960070766,189.44344753291008,189.63900293639605,187.5284532381118,189.2502364475983,191.22775745182295,195.90595265721953,194.88919654879385,197.38442545197836,196.2836674831092,198.4554781514475,197.74782950907786,198.9573656577811,193.21287344384456,198.47864629720044,195.39095749933236,201.4868257593038,189.59860772855046,200.5280120546353,188.9205135365614,187.22030137215197,191.1787829170633,201.5688789836419,202.90791338528788,204.9525190598878,197.45882760132127,199.73047539799157,198.8436919034144,199.30326152010406,197.05247379829282,200.44809082220453,187.24946201711185,201.87134318756858,197.1823178220254,195.88682538635499,199.3555216753289,198.10270369849164,197.7580519609095,193.4632085367188,201.20656670979292,208.19139248063092,196.6780325174487,204.6275532328057,202.53958201599443,204.93785478202378,202.46697164835882,204.69738506093407,204.95814008441118,203.43798141340835,205.58786817481132,206.43858591639173,207.09661405135384,199.93134597928346,208.17697834433233,206.16769522197367,202.1976418126836,211.80268426184668,206.84987667402683,207.4836414952207,208.40508782610635,203.5312991087176,208.24242263530107,195.67543580911283,204.53811672055846,201.8783326339115,199.0804922735623,202.43117686294343,202.7866260283392,199.46445033845177,196.86222151971918
98,1999-12-04 16:28:56+00:00,205.95027902077004,198.85224060507502,199.63763680063673,190.515956006222,204.4035332305535,206.53094217920997,206.83309082618828,202.0756907433089,203.22658229111912,196.8006940620076,192.62236196574742,198.45184172293668,195.47433613279108,195.681196908466,203.233591194732,195.90055460388743,206.20579085851858,202.73688175826132,203.93088675710305,198.57358560142796,208.56111504486861,214.09199156023573,219.61944105174086,212.82331626914635,207.60287185709083,214.94665890005695,209.0659140769604,213.23804703156682,211.54556390736934,217.48516528138543,212.08831997275473,210.68251409566747,209.94928357797906,203.09660373257555,213.3969040726044,219.3379829827578,204.89212507100765,215.43268232709823,216.2883634114716,217.89504449651088,213.63753569822862,211.66076317162634,215.2522336164837,214.1123035540286,204.39593151361484,210.4242660159477,201.05884474491765,207.76331597422114,213.35402798659206,210.25684332646497,212.37960483807257,219.6509919888632,210.73681205940264,219.1766302368335,206.50410045154132,214.95873006672284,214.71924232473157,208.91212860321352,219.71426886407357,223.0336578835096,228.63357485392774,220.08702770228476,224.51913773427566,223.8544679230242,211.33341881184143,216.8980654567241,217.84458429905453,216.86245437565154,218.87491812390562,225.60809213675054,222.159239294333,218.30646657667313,219.91179009901083,220.87142756712834,224.48284009950146,224.49447697001773,217.51885556702368,216.82597294732676,211.54707638337845,216.60661868594005,216.7354159749509,214.7831436697187,212.23037106696316,207.71964476812826,211.9491094877337
99,1999-12-28 16:11:11+00:00,198.93648044339645,199.0885900599001,200.94428715631736,203.57713547114696,202.2148422684722,194.9199624276726,199.01489879839986,207.93727524381327,199.80943241412857,199.38603520376864,200.40860429879572,205.36474487937912,200.1258676058712,205.04741719960157,204.8479006456405,205.9292951504657,206.2801971262471,206.32755932321226,204.7339477050127,205.6913395958051,206.4671678874508,209.74657095296024,213.35917647912876,214.06381216600846,209.30016751109562,218.22954941780102,218.0915347202467,221.06174516019067,223.36479199714964,220.6036266559227,217.1595994187966,214.30617901303685,209.9419337096637,212.05135198502091,206.51561442788997,209.37066955242744,208.43840768968306,213.08339106887345,211.6331848753737,213.18187310103184,207.3770829977657,207.00749884870444,211.46418329594394,217.92392139945693,212.20599156591547,211.543139033544,209.55605388759793,212.5357606431364,208.86979851967243,216.39548336986553,212.73458467976127,214.18563261587903,211.10620258574343,212.83117191905598,211.05701105458115,213.371269169333,213.02839458328253,216.38494188478398,215.05632024637862,213.9910405771274,225.24359884210375,228.73671101965286,221.13148239475774,220.40433648982307,220.86065466663177,224.1036588453093,222.0090314153185,226.06215202785808,224.53345196387542,227.137439918036,227.50488357491903,228.12852937090653,223.27905329050841,223.97113919876205,223.04687226427654,218.8898342995575,211.19072158358765,223.33666262415096,223.6642121687984,225.1340124141014,223.83691245225336,225.49017471116497,223.8792610450538,223.81527839262486,218.2211781022147
100,2000-01-13 16:11:02+00:00,212.0262457602826,208.16453843131114,205.09664755850994,208.82151504093952,204.34190927303572,205.89422925067532,204.64490982448453,204.99276468374734,204.12023972409915,192.74229315132578,201.41805521812114,201.36645715899024,199.19803286274177,200.200840685764,206.70176993492814,207.39788343949112,202.46676238135944,202.03554505706154,209.18013883242645,214.03219973963564,215.935710516769,218.47341204393464,216.57072882209962,220.02784313295467,214.66944428223763,216.93347123405886,216.22789892049312,220.04819803117493,217.1523878854125,214.63271142918146,214.50963432694778,216.96386379817838,212.82299519672125,211.41830235256865,209.62131286598068,211.8989853127632,216.8337664289275,217.50840366583176,215.71333085155817,220.96516168616222,219.35898621057447,223.96901444745987,217.54253443465174,216.35333117142966,215.0718050566267,216.70360009622868,214.16497787781483,214.80626678793308,216.15081176104067,218.82438697214133,217.4749879668893,217.92809944834195,210.34005215016532,215.65710861991857,229.6534634103522,224.9084045872537,221.20074562497226,228.02323727159657,225.11052980839509,225.3696460538853,225.56124096432666,228.98489611847836,222.6706252831411,223.02316077230634,223.26733817433163,224.89662356205295,223.4514582516261,231.41302301569667,225.2155262233777,229.12709534847687,225.60683686725352,235.16092154657986,231.86000452446632,231.71780869934184,225.26241258943628,226.47243231087242,225.06292161148102,226.3788234172491,221.09800963027652,229.78349133394713,223.9775202873852,224.67266279127156,223.8050629157311,224.18904104202682,221.1191040807489
101,2000-01-29 16:10:28+00:00,205.85458279573822,202.31276951904147,204.0188141356151,205.69655588504037,205.7523138960626,198.94348349674976,199.9543073463933,196.45872734495515,194.38965434162193,197.12046862316558,197.63412471503403,205.06155188316998,202.70761173452217,198.49828649903174,206.0946681956414,205.71798819154333,205.61014050144314,202.91967511330745,209.95581985171765,210.69940336493693,209.66570237217502,208.26196290753734,213.86881601848285,215.4407600619657,215.21821647900185,212.58731791661737,210.47948755964273,220.4727136844918,221.46272913951987,222.21080080937105,215.81836151065653,214.98249068437985,213.3003478982704,220.82646221842703,217.33739319880272,215.29770059477545,211.99203317499337,213.80163337657575,217.19835283368968,215.86360397404576,212.33035033053784,209.7700650239311,215.36220709496058,210.43697412353197,213.46046133657762,226.0287714523279,214.15176548124214,218.287620524905,216.43376168938366,222.6934115057083,219.2309309733036,218.79510578212162,220.82026617634517,213.72487990296656,216.64349508626384,218.94229301193027,221.9764195247431,216.5234708459197,219.02686430694848,214.07603648210386,221.2816503447663,217.62640589529707,226.89872860275733,226.56527536516109,226.94185113633205,227.8748255032471,225.66571962205882,230.5694505379858,231.96986359649645,225.18107591610402,222.90080402338094,224.32279295524415,221.05515773401112,221.8458269382129,221.19976385023625,214.16898321982146,216.11575113770343,211.79164386325266,215.179039577451,225.98482593755705,229.08125052336743,233.66946805147126,225.56677833903714,221.0787813543964,219.35413493620126
102,2000-02-06 16:28:50+00:00,207.96769753617156,208.74718454926054,206.62416098796172,208.5530406983261,203.48074149274237,207.5029268079429,,,,,,208.82478704887728,213.0158675783698,214.61110232565355,212.67012300234373,214.71603655815838,212.69074252155661,208.9881914137006,212.64224002381184,210.23082316540925,211.7710146853543,218.60182738562085,223.99925289731408,222.02283723313556,222.5542608883762,220.35440132553921,227.58935055503383,218.97669581594988,218.13499453800176,217.4590131101176,225.78277861591602,223.98351680116232,223.33938659950266,224.5443395027771,221.25685604505503,220.97819534196088,222.01360788796714,219.54674505251822,222.26795386993646,219.36305726865572,222.8045632298657,218.83163102443436,221.05332810143128,218.24831362669292,216.31093563100052,213.25329107704422,217.01236352918409,216.4643731212046,221.07883910599733,220.56986555178165,223.2521747202464,218.4658965601195,222.06381740411544,220.08370994657378,219.00441928442612,221.9243749926991,221.4562109110214,223.96583646766337,219.38963958454403,225.45858087013758,223.86925372217667,226.83444602477502,226.2915660288204,223.28228611143015,233.4735148860467,227.9525375902917,229.88636487294758,232.98940953089118,232.76261975449847,233.0448760380062,229.49575651094494,231.6801918035516,231.00285684047194,232.11164364109547,228.81567120126758,227.29525659106392,230.2452456775551,228.61846754966993,231.36708210009695,228.5848556210618,230.84617387017198,239.64041329078265,231.71290082057683,231.682204738954,226.50079695596858
103,2000-02-14 16:10:01+00:00,200.95846493247774,203.36420266357086,202.69676733747312,205.3858269909278,206.72679345541928,197.98336583732782,197.36603547675386,206.79845230097874,204.95996865649283,200.96370912004846,199.59456758442212,200.5635505694254,200.4915725950237,199.23355856868477,205.1884925645348,210.235116202641,204.7209435535274,203.3700580283592,208.36778586184394,211.32413476093146,204.69896094432457,201.34430746095893,204.82891693591776,210.71734518616228,213.7704102399336,218.64148283645414,212.05249246177684,217.18437091799314,220.2293425340349,221.71973136780468,216.17198952531257,213.95466088385152,210.12892424991782,217.24068413690182,213.84997611782103,217.66649569840482,216.1984615752715,214.06608549101452,213.35102912863817,211.4340410981755,207.9055728047758,205.1552986038925,214.2626740123223,220.14375766647103,214.36588358673433,211.95883754261274,214.2853418388992,213.57905297189723,211.14986742793718,216.7590325667138,212.8246369870055,218.59068350213656,214.966933156663,214.22944589259848,211.37939022662349,215.81412656880897,217.73566257579145,214.2015973331304,215.28289632916426,217.59717206602903,222.88101539158768,228.72516484667042,223.9328819269792,224.63263688371688,222.47344095648208,224.5387633232058,222.9117485678059,226.87017572238202,232.76595363358004,224.51331100030328,222.84272513941883,224.6719358794386,226.77615231070618,221.31128409347042,222.15499852654034,216.62818475829988,210.6767276984142,222.83247348833444,221.65341016946132,224.43790950455588,231.5263563023388,231.3060236570872,222.1460244732336,220.4716670703655,216.54920180357274
104,2000-03-01 16:09:24+00:00,205.67688422461424,207.9938899747699,201.18759221635221,210.5373344344534,209.22012520256266,200.75903876029676,205.63812123736932,201.12155656218502,201.1445668133403,198.3642629228537,196.59463197105921,199.94183470282258,198.9108853397096,198.8921101411244,202.34259330912374,208.22096447895146,211.19405844104386,210.3108856897504,205.33789260750933,208.03265050318126,208.92465338627525,208.74388752744213,209.78689085956717,209.90734748410264,211.00365786606005,209.89861886564282,214.2763529255355,212.72351902304763,214.47909183360014,211.7950555549472,213.29545833444053,208.06798659442404,210.9475423044441,216.83897171495585,214.36367704288023,218.15075923077097,213.95355939896112,215.6703584967497,218.09826117161242,217.26429341621895,209.77588345858518,213.52268587866234,216.7118702834316,211.03235008378098,213.2019740146225,212.0949680902675,216.93664323153533,210.51384343820578,212.05824934276927,215.63883809785463,219.69243822954468,219.59131917418947,217.87785032454948,214.36986046720648,210.6188221784981,220.241999262852,218.1147784973217,224.34848780005402,218.30339646812448,217.48065136103588,218.39149088755445,223.37347560377526,220.09880190546676,214.84736081148637,219.40495142278806,218.50269492149528,212.46355263681141,221.22269625781078,235.14223824947172,229.20625827380024,224.09075651485503,225.0488976131509,223.35905288829133,220.9449288047435,217.12366057028063,219.71380303473032,216.59811996897463,218.27971731509683,220.11387525777684,223.67113897251375,222.20359711815198,222.75825695436018,218.05422847897717,212.3749699865643,215.45123307621904
105,2000-03-25 16:28:40+00:00,192.8829250305757,194.1590299839172,194.9339104746925,185.3626831615474,201.32738361115057,194.80841373692883,198.5343424102986,194.60937490289592,194.245734738194,192.82073948326033,193.99386846748052,196.50961649418662,183.35099777151692,190.85538376528226,201.86958268068503,196.02652406920836,202.6090324205538,197.1353382043664,196.34373044407747,201.33320739110604,201.53984182414894,202.275137999274,201.37403119451332,207.03627127573148,202.93535721201195,206.08258422335064,206.003928110086,205.84959092789887,206.36552631583447,205.1206990153849,204.66305652544236,205.76650125814908,204.24725023968966,203.56811275910485,205.953735099951,203.64736161952473,204.84521395026707,201.4208528558116,202.48237846664478,206.6405518526329,203.10881053706228,202.85052349182118,204.14943754229577,205.71517470249887,195.19006017817176,204.45479998683143,205.30226355785425,200.96983354124671,205.18800673223382,214.0275693142978,204.09218694568088,212.07824434721772,206.28793157974053,209.6413728963168,203.4522032748921,210.20906338015843,205.01560455334632,214.7247089170762,208.40457012151873,211.03193705018205,208.72852414376118,216.33330875274424,214.4533914963652,212.05308941068608,214.44283271302237,211.50334967718211,216.56251374123812,215.33689084905788,218.9894961988034,209.621214300939,214.48176821263502,211.87681361767486,216.26968074062736,212.30031827903548,214.47910359236124,209.46782093760314,213.26639400577542,209.4915477616694,213.07696701592005,211.34095574783638,215.15451975863684,208.21161710654573,213.38139001142787,212.89199823086466,212.43871572661544
106,2000-05-04 16:11:37+00:00,176.98249634883953,178.32931310361076,176.11745649071716,,,,,,,,,,,,,,,,,,,,,,,186.45245515561936,183.79134436096535,188.60077925827682,,,,213.22811800275332,207.6399850015349,,,,,,,,,,,,,,,,,,,,,,,,,,,,,,,,,,,,,,,,,,,,,,,,,,,,
107,2000-06-29 16:27:44+00:00,180.38893645563363,175.89784438180286,174.33058834323774,176.17515717668576,176.3382367632586,170.30102368155073,181.34042089599538,171.5646679519186,173.91517620166294,171.4080045538619,174.67882080591303,177.41825025630416,172.75259160919816,171.88338880808854,172.3193824568102,172.56819882313636,175.15050836167944,179.37995118710077,183.0816400491398,178.45056016297926,171.91284329383018,185.23443111108313,182.44840178927677,184.50004927263217,178.7364121769541,184.35478956394314,184.92777294080616,187.97239405085116,183.75022843510283,188.81227661660645,180.3759826311841,184.08630223888653,176.64029385718135,176.39873836748382,185.62128276967707,185.30036420506224,183.87419133561517,185.41754365658082,185.46064196738598,189.1451751308321,184.56343326059974,188.7885261046096,186.82178127816204,189.1090356641109,186.1486845403302,181.49207565992492,177.7311716397872,179.53489926448304,179.05417348407838,180.98148851539182,183.5865464243643,193.32796344980247,190.4876917672427,188.53331270440898,186.53335510769497,191.02106977180725,190.9920083648968,186.31242038371565,184.01893632916554,187.6331138612809,194.73988746096023,186.9734140747018,192.40107841116762,192.36543578044615,193.96261299823132,192.22607558038325,189.8390092850895,192.56776445406157,197.1566017632925,195.5115687239007,200.80335680325405,201.6356723036072,200.92217532101895,193.33216426971697,195.20951699388675,194.91415843028798,194.33270907232725,192.15589935345642,194.07230841411823,192.64612201025292,191.86279294705156,196.50262542603636,189.81132113848219,184.2787601367528,186.06631671763162
108,2000-07-15 16:27:32+00:00,186.99120753207274,180.6639554842603,185.419695139159,178.30722984824445,175.5037613146117,179.81277264794272,187.30580763847382,179.41999908231818,178.03030575698676,177.12506716269752,185.53337845226628,180.19028565274252,181.9855367330132,178.6937844708958,172.86993112263653,180.8217236198232,177.49558582129495,180.81175044959284,187.33893459003085,180.54418530612267,188.60717374205964,185.05841500588207,186.16311551152623,184.42834503023582,187.65836881731707,188.65358815885907,192.18613245333142,192.18836145056565,195.3813275794591,192.1931418843721,186.05546581467738,190.1263035350966,183.9405473877369,187.1750643627486,181.4623341232734,184.6216554132302,181.45993057361213,190.75951681715867,192.09556768997035,197.83736744722424,192.93680772248746,201.9544278192544,196.64465383660794,200.72760950074075,193.8798456030517,197.6213601536197,186.77102181755964,190.93660487209078,189.61613437632073,189.0494925368471,195.1121524220559,187.10002210874504,190.24562052003228,200.071964128654,195.69692820765042,202.1500954037253,196.9783747550345,202.982005137841,199.08377998428827,197.82014283347246,198.47276692877236,196.0997152052013,194.6628398861818,195.4661582616341,199.45439427895124,197.51239020041604,195.52495066840834,191.94244892565192,196.7824189009051,201.06373461702887,207.79260556992236,205.92625445059215,203.75541807299854,200.47757470010382,202.53963245582455,201.28488408858735,203.2793047176437,198.96746977995673,204.08711788175378,200.73616034300082,201.88494666183448,198.44475369280025,201.15990932069505,196.2948126549662,192.225278041711
109,2000-08-16 16:27:09+00:00,184.1813171417552,194.23633722200842,186.62929684656265,186.65933408399133,182.25691189921767,188.61974521024544,178.256310995483,181.27332792701725,179.72591279177664,176.16146309449837,181.79441257284876,174.97439414638433,180.88473468678197,174.18359588439725,173.02093578267875,186.4845215160625,186.49554651253007,184.88483679233374,189.87399998563663,189.2843544513707,188.76746633132774,184.9419576962543,193.79799327478617,192.65536815659158,195.556235486939,192.602447702256,198.96527112205007,192.93167325147164,193.37502347605255,188.57601587593598,192.7638428109374,191.78662636733958,191.31345799801983,198.40779515723074,197.10084873224758,194.80170634285852,197.66044093074828,190.40192109906536,194.17412551023222,189.9907522466333,199.74196450068746,194.0384458476196,197.97724423820142,195.11051070112754,198.50585745768035,195.50336204055083,198.65739093602008,195.72123907173568,194.61396586685478,190.04380553951242,198.78656237934598,196.69437798758588,201.49212420420145,200.0094920022192,201.16204319435687,197.16892957313388,198.90776884880023,198.75669572970898,202.7930744480424,203.37994229591314,209.5213409952756,214.669207010681,212.0922609246574,220.125468474353,220.1649341319088,227.25714578080004,,,,,,,,,,,,,,,,,,,
110,2000-09-09 16:14:15+00:00,180.09392848984953,175.9681077889661,169.36419856288686,180.90931388519235,177.56168883193777,173.59245045191514,161.09056494332862,170.92601701785054,176.17012009696532,173.85598901907542,178.85592134947626,177.70884984072813,172.4805256840397,170.85668205645004,178.91694514352307,175.22088349684597,170.51838841185227,182.05213242383707,180.23213772318724,179.54580366190433,175.6983171652497,181.49735778387054,178.82000551910642,180.17263583043723,178.5654842707746,176.25293116490082,184.17989633500338,191.45561609363952,191.52121652849638,189.32809852211204,185.74821962163634,183.99605772138824,184.26887333225272,182.13174669976272,186.18229080318895,186.36520633646492,186.01674092444551,185.78815175334014,182.11742011968983,187.55187852047936,186.1736181658818,189.43278569361502,182.86482639043268,171.69013723632793,187.59659613142446,184.71496529163323,184.69545736286292,184.52315190812163,189.51957951698495,188.9812598456763,186.91124311042904,189.08015294476436,189.9223974687207,191.93458530993445,190.45540331870762,188.07437641993232,191.47764394033828,189.9414406091419,191.62920960562593,182.47282439841456,187.22027387672404,188.82883410636373,204.9504970709488,197.6952839693637,196.4064828015766,199.2068436278567,201.87307029734023,195.41457242365084,192.95823283611355,199.4295687391851,199.19394194244416,197.8063253786142,197.4555276933821,194.71965500719747,195.3170353085294,198.11003811743578,195.78416743067913,188.53214032572524,188.19820993156097,196.35520711828886,199.48754352576884,194.95574502101047,196.04428423826803,190.4485276585882,192.17682081180047
111,2000-10-11 16:14:35+00:00,197.49327685234923,189.08639819441515,195.27455703416632,185.56302897950442,186.89367445972397,190.98144002616291,189.94744392265753,183.41217326900497,181.2959212790986,186.15091509030069,201.18241096045725,193.0286793033017,192.6140304247563,,,,,,,,,203.5050445057731,201.79238765409937,199.674580942511,198.17845628907148,197.75513645111013,201.26932803928466,198.51021643767535,202.0235226442884,208.2484404017771,202.89099743164724,199.74064505488073,202.94504834788327,200.8287955792766,204.7147388074924,198.87229792406004,205.5073064679944,197.07651784700099,201.9695332809273,200.12955507444704,201.62302541314628,195.30442228018418,198.23746127187556,198.52358400643593,201.8463043910052,198.37537849221286,211.23397150617134,204.15025139994825,206.1240922195293,204.82821130084392,210.37917536986376,203.21409175181998,206.57922193545923,201.36060986925705,207.48771564225274,204.4111955800609,206.49744942073752,203.01009627054557,208.00803960706293,200.30818321523597,209.2459182797239,201.65437100969132,197.39193522502055,205.95378226162777,220.29997738161197,217.61117367490513,213.50512752010343,215.00599610230094,211.99192270461722,211.51298496638017,213.9834006121565,211.7278520754244,214.14545354464445,208.56645549227866,211.43098716372825,207.1585505085608,212.91128831546786,205.03627268086893,208.88097190542507,201.15446006288803,201.46845853624913,212.84202770531854,207.04442315345048,206.3384156280027,202.0977046890042
112,2000-10-19 16:26:16+00:00,197.01295888866116,192.28469594523148,191.81964553823155,194.948656857496,195.49136083491547,197.69333311159434,192.9398126041002,183.20564625634762,198.86245566823018,197.0868451030934,192.46728891672436,191.97812344105546,193.93757185614731,189.45569891637427,194.4865183654848,195.16051010477676,191.64838089747954,198.14738395473194,195.81127440442083,201.85174899701966,197.86551541922296,199.82263283995223,202.3323008573388,206.43791978730036,201.42661577219428,205.89596748855988,203.29531463822167,210.3929365599839,205.89268615713036,203.34699591384557,202.46622454553452,207.70717444845994,200.67931650462538,203.13975072283847,203.0132718848891,207.23741115718485,205.32375283043672,204.45519218381446,205.72295616771416,207.93185309340572,203.2841325260758,205.1182014346071,202.57375715671506,200.10188984479424,205.9781166123717,206.29157158093372,206.79443720035826,209.08626154821076,206.26791101055488,208.9013202378471,207.35001754399974,209.72801283515034,208.36445764425832,209.0684744302957,208.39100785379136,209.21375714628783,209.59663313835614,211.35207460529833,213.74600188924904,208.67613255148345,206.77425548646553,210.440197620063,212.29008839787784,215.73514812386543,211.26970907112437,214.81126637535093,214.60538450543936,214.35544738271344,216.4035772887134,213.85001354174221,215.57347237601323,210.23276716153822,214.80056238433505,210.90078010171433,213.14851207247278,214.1948444792089,216.2036353757412,208.93757961297823,211.48400331146559,217.3753068425545,216.75693238328714,212.3078445868468,213.97105580654417,211.32919816575233,207.63478267613883
113,2000-11-28 16:15:18+00:00,196.4288117363609,197.45250426135084,207.6288202482673,202.18605348099308,205.9296762124435,201.8264400087158,199.31793562755777,209.77647437441775,202.20536923306997,206.35044388577023,204.11595314206315,203.2863357389927,202.8574958106942,202.07346675265097,201.389872152494,199.57860961231103,195.27469619630887,206.55776022584047,197.30619000413384,201.023904106504,214.69557119031376,212.53634052247253,217.14165074672752,214.94280172605232,216.7814831663066,215.8739440598262,216.10421721108628,213.17000484046804,212.17957781889714,212.41639798224608,215.140550108261,210.98535877242836,211.59351713026882,213.82284815453787,211.90706694797143,208.10358852315545,203.265935614491,213.09546761973604,217.23166758053927,215.4642090173789,217.735508414915,209.76607106894704,215.2264560386163,211.0509719006711,215.67854100410887,211.00511233616035,214.9348641172731,213.4814787374664,215.0976063606111,210.2261538320261,211.96164820868302,214.96637298448982,219.9787489919891,217.14196994765263,203.09675236026916,216.4847710331705,220.17936764016008,220.07607086600154,219.58994680405073,219.47958726288124,223.8583974203304,218.4934221171926,225.37665454838032,215.92613727794242,217.60698928053847,215.3019502887288,219.54803333698163,218.42848938508556,224.8670917363121,217.6605661908901,225.21202306138468,220.4388242206611,228.17960367931556,230.56478224116194,230.1514179135013,224.90607839236662,230.88550191347343,228.00602849646214,232.05827253236592,225.18378859202147,225.00373283818664,220.20880688027475,222.15708282111808,218.15513040981259,218.0048197354534
114,2000-12-06 16:26:23+00:00,210.70755469809262,202.584200068599,208.72961291409797,211.14086645736216,204.72454046974528,204.87269960957647,205.12802189525627,208.35605746377038,209.88214837485378,214.08743365956613,207.0926777411543,206.36239933386068,208.3829124050878,204.94554199519501,205.52899188657278,205.90361466885986,208.35759832175918,210.90111581906476,210.96410348517693,213.10454386639876,212.12168815382014,212.0643986078826,213.99352731575104,217.44916646630412,222.92412577268735,225.40065792162838,220.4936670985387,222.93561529616835,219.44313579844763,215.15445512180017,219.071624728992,221.6833020325249,221.5066117541967,214.33177432868655,216.3941466372948,211.2641525979319,216.0616539062356,221.38446631043865,222.93551821123773,218.66811009278078,217.8960831436497,221.22151012759093,223.19414159792873,222.11675576922653,219.14183434044676,216.16788667734647,219.37405802044648,220.15811962182002,220.90021847601346,223.04700233840026,225.30631379997416,225.29122523330173,227.64865569528914,221.6512551960021,220.5348849100823,225.77222925015357,225.529237077301,225.35505037816804,225.77683840155024,220.92456018685718,225.60248789924736,223.1414858737046,221.5854269538655,221.65568525851117,227.01614379917112,228.406760607018,232.17127414217683,227.02483153005485,231.41098337500404,231.71784875199182,232.09427954648558,228.3836102968391,228.7464633341958,232.683758987229,227.04532380443996,228.07627360486282,241.24651834907445,235.40336944181644,234.4884242660529,231.3590288331659,231.59243671964543,230.73934657520718,230.87423694256958,226.65785193381635,227.78803233228845
115,2000-12-30 16:15:47+00:00,213.7071266921245,213.49360868870258,213.73794000759892,213.98797851180433,214.22888634869634,219.92586749868562,219.4135990123368,213.31863161242816,212.88337646720294,214.15551758767,216.3699902368363,215.76900348716535,210.3505632811907,211.00921357189037,211.12412249306382,210.8684939239834,223.61901217236294,219.85048123967644,221.4061722364049,226.4002233830706,226.1855368025163,221.51830903231073,228.97352452012848,226.44401406552268,225.679191049702,224.94303015093763,228.60745707419883,229.20620196887796,226.3234559193481,226.5240301530686,220.18044320735865,,,,,,,,,,,209.80835447435317,204.27678118496436,210.8827915964234,220.1497073149339,217.54412458041094,,,,199.6010084344767,211.260771980922,220.39752756208844,224.53000210794775,231.56336049604613,228.90507407171467,226.38675439460752,230.6855034001192,229.8602572479458,232.38022918560196,231.90475932971006,234.29219388631404,230.14167490926985,232.93843042503406,231.43488039940289,229.39366395172868,229.88945746532318,230.46483578825934,228.71995891434122,231.23333019896995,237.56168859314516,233.3882714500495,233.08922437563058,233.26463095720905,231.92414323281108,227.2735901102084,223.77356081343905,223.63843432864886,226.25521525656401,233.23665503896794,228.84446486156557,230.81432589135454,228.24398886437922,225.88963220854487,222.87531024497642,221.44052603546163
116,2001-01-23 16:26:36+00:00,231.15153399852926,235.04244590091275,239.29099514979055,238.5162204393956,237.5360825346015,238.6357222311413,238.9064717951783,239.05164284584416,237.01898858835915,236.77757729959228,233.92103157661307,235.3884902658933,236.5237306537507,237.63659832687296,233.52798858889702,238.58386333700773,233.2672501139911,232.53872210910424,230.64122545949652,235.5557840648899,239.63663347110202,241.996833692648,240.48829821647988,242.42057520373714,242.29080357233872,244.60235181623798,241.8231027128693,240.87256612887018,236.46052274587782,240.7204781779926,240.05222003866984,241.1605636998826,239.0187569956018,241.44718321600212,237.73807999452777,236.8102681014749,234.29910502346007,246.22930376148688,238.464968239498,241.79884358451224,239.01598912383594,239.9230620782457,234.78967936139242,233.54683513682033,238.25662132831218,241.0853059442321,235.2773740503983,239.13073597427854,233.5767828055117,241.27427971535946,233.662709791585,242.69496516863586,240.5988074196883,238.81353491691098,237.69830151022552,242.75124302978014,238.8757519427541,243.1903351787888,242.27997180441446,247.27522620000082,246.05398317825524,248.49665900792706,246.01426215799782,246.88492313894034,243.99223684061803,246.79809827797806,245.264771394006,245.72585596241206,248.5469974587459,243.1906557167979,244.20278827527324,250.85656746314936,249.71649385343773,250.73046854963266,248.56912590672977,249.26740534299734,243.68884006004507,241.7227877837603,247.1769518821791,244.83500650579612,242.33411030663729,240.87831910702647,241.0713944261147,238.77764645202404,237.03558426693286
117,2001-01-31 16:16:03+00:00,216.72047641094136,223.3295951466359,214.0832620460353,,218.67150599161494,220.8960501369417,213.33401033654536,215.28045222767983,216.79161834740867,219.31097450203893,222.52615509285258,,217.13614998362348,211.50978520656113,214.7724995798216,185.94512072701738,214.29617737851174,214.82432011437587,225.32185616210114,222.79039708156517,222.1772552526001,222.84955689666035,220.88407680394292,220.43595159286437,221.00371728149983,219.88739135364645,222.6271733534048,223.9403685635647,222.78990691084115,222.8805366826101,225.2336343935756,226.36018925241936,220.2530379745081,223.00842634353015,225.92040715275107,228.67113137486444,226.1632396111405,228.46860987008452,227.35208657014647,223.52074508304364,223.45459305600315,225.05980225508188,222.6186220880273,228.64849409499448,224.44739462556723,225.17599025330844,217.41530711817254,221.0675844566047,227.95876858665522,231.11676395912545,229.47556740009864,228.59354083438777,226.67120693191134,227.08891571757167,224.26220230852434,226.98885205553913,225.36247441759187,229.62185512852133,226.22984449413326,230.22839758812805,233.6722380187421,230.7224894033217,231.97178901973797,230.94917399787658,231.36476108548064,235.0040088821383,240.53119769337852,239.10752846165332,234.96783870708052,237.11148422194617,237.20132831656872,233.33360166116316,233.3503202690255,233.66011582569152,237.6114900438461,236.95487845813233,236.19223652177612,237.2046889280719,235.09417036219656,235.0844107730898,230.69009381096433,224.74066239940393,231.55218881446208,230.30855349331762,227.47548645949894
118,2001-03-20 16:16:14+00:00,222.53400224688212,216.61252321475092,218.37526355072782,221.47086664530448,216.98248971750323,217.74936875726638,217.24754206687663,220.8973604396615,214.28766073833623,212.90955427469913,211.19864872179386,212.4654809779949,209.2229184542648,214.61428431945254,209.19526394122335,206.0389122837695,214.04509541096624,215.0745306700508,211.0619871662883,215.82408961630787,219.3689714029303,221.54676120928957,220.52424595783967,224.54700765588942,223.4806884285728,225.2479572359387,221.58440184601898,219.94015255570199,217.85621533436534,225.01335147338966,221.78993084907142,216.4109264665198,213.99066436751679,216.04318633356547,217.0027894241922,219.8052322220882,222.63271345070552,219.64915563008185,224.86793749343533,219.48420780293398,215.75471192332412,218.2891727393195,221.11854786159904,224.95514412227837,222.44912801850452,223.58531196971103,218.40345783063043,221.04927186854218,220.03452297640297,222.9700602443882,220.1801502278889,218.08321896408583,214.5289043119182,218.86216807418765,228.47905225932323,228.24660649704032,223.79236391588245,227.52586540231272,223.18146877172683,227.72808140589115,224.55042285211456,227.37569415927322,226.655212488326,226.82368612559975,225.57138355338236,228.27887139450695,229.47883016501754,226.68586476798038,231.24932717253387,226.5342663640086,224.47967536547523,235.3274594546058,229.88391221366345,233.63402965261832,232.34670319706197,233.1455397508954,229.8931024150879,230.35363150608615,224.2231791817666,225.74400922387463,224.02008686532608,224.16266497520633,220.5000009887097,221.7615686332892,216.37576973741892
119,2001-03-28 16:26:14+00:00,206.76894031615302,212.6511427234629,207.309796074985,207.34350909416003,207.40482882764405,209.19888475737014,204.37714402729472,211.01271136061197,204.0515741344768,206.76183739297778,206.32562432714357,206.9063848818154,207.47661509853282,209.34870778984552,206.736943918527,203.569927194621,205.5954124162829,211.75430571172313,210.96208922248053,211.27334584114774,208.60238442960286,212.87281550861516,209.52207150544515,215.5884041548168,212.71357880865847,213.72392712455226,210.00359095533466,208.2867713337792,206.45400457664124,208.85011651785467,211.19070187435514,214.2131930293339,205.15452747331605,210.38218746965953,214.85408464574573,214.2937139965569,210.16182864739065,210.18951489342294,208.70772893296214,209.32588750063414,211.94072742277402,208.28320880679027,206.29285527623887,204.04354727787427,207.89021345533104,207.96457919175646,207.60697849549072,211.76474114907174,212.81414326992453,214.82007020560738,212.4028666744331,211.72490768647103,214.07854946464417,215.56129224203025,214.7332602258512,217.4993295167779,214.75922830671533,213.4325912692747,214.20671307830085,213.77486992436246,215.58375743500312,213.03480081397277,215.3726018839035,214.5723433477076,219.7950234854567,218.80714929908763,223.60023283759858,217.19702882313288,218.17718386837345,220.00746083212476,220.8045363716509,218.66869113886648,224.0265755003886,221.62416650003863,225.28934994733464,221.87705659429727,224.57981296788859,219.45019303229662,219.93500147424905,216.42891638541238,217.52148105573346,210.37333729868303,207.89476323019161,202.4229872653581,204.76175537484255
120,2001-04-05 16:16:00+00:00,187.1580518400505,195.9628171298322,203.33327894372184,192.74677604302104,192.3808969283215,190.26800798281988,197.21136670511964,196.33917791491785,194.904656251173,191.0857760876315,194.01590074018918,182.73359421056642,194.39882740507394,184.6628060935758,193.9370340125361,187.78851191428748,181.58630749113098,188.84237225585068,176.82173235382163,196.66889752825733,189.35696436808468,196.78095429372115,198.76048985044247,201.5815411758561,191.48591338022356,202.31625290571716,194.569486615653,196.38181638694778,200.37742393366787,192.50681565652047,194.29409634937153,197.8925936353987,191.99200890646097,186.86027896633064,198.02642439365272,188.00838750844144,182.11207178808155,203.55403192764743,200.4850590765634,197.85169041019418,196.3975947608722,201.9421246043875,204.74227689888184,198.63218159926396,201.99700372457212,198.48831949749237,207.386143746429,200.1607610600925,203.00395751438546,197.87322345657265,199.367101296268,200.5035483103789,202.92633804046704,191.92962288460666,182.85694148152197,212.55387270327992,198.08625076500047,206.49891666018897,207.4963149119225,204.43586627673292,206.61309314246887,203.57905745316145,207.27551675719792,206.61289280040944,208.18078698968682,205.2281139930349,205.27507861822193,209.17361736116376,207.8490530632816,204.4498048256787,212.34067023628126,208.3216645541619,208.2414175331111,218.05997033403588,217.15468665684935,205.6497012637304,213.6097770757723,212.94441217702567,208.04126816075274,204.01072265184436,207.37894394173668,204.58209062414093,203.61283616147438,199.12619104182357,207.15161361114838
121,2001-07-10 16:16:29+00:00,184.63913524552783,183.35929558131218,188.88144846276649,179.45987941671473,187.0340750523074,172.69604891092047,182.08183103365812,185.9840968512497,191.10429288453082,187.4393307631865,188.29971570119727,187.51325940390333,183.01417061834968,189.19531116338928,185.75909879120096,190.5671460841674,174.74986986459834,185.32318640134346,190.0734321295447,190.06340855852093,187.63544669873073,185.15416935561646,194.97383596360828,186.7320569121872,188.30128294040637,189.20791441131888,194.18857558104065,194.8607825017557,196.12330230561255,196.49573074098683,200.9410799143448,199.67512048322052,194.42652914027767,196.54987004455396,189.91118535148303,194.73277328755347,192.26454765614088,196.01307849244472,192.8763169134415,191.03656684686328,193.20890052535202,194.85200939115168,188.13988280928305,188.57501346547127,205.51235499622334,192.06782364703986,204.47923992375866,203.3762411851825,201.60326384977668,198.97860903735227,198.48999609416393,198.65475135881437,193.75106191338975,201.9838005953304,192.71727846231937,197.41681089501157,198.570386619151,200.59235989901612,196.10913055846078,201.1503668522023,190.06806911612927,208.35289578601822,206.68227932068748,202.94091149370547,207.28429379582457,203.5790825465826,204.38440964387593,203.47504371622412,206.35697284270339,207.08186411144607,203.10653792913016,202.93750434448145,205.8132911283541,203.8474587160109,204.05519484593685,202.41602657708523,199.97018662425975,195.04565763261033,207.90814618490953,205.91316755094323,207.22602366232348,198.83736921313067,200.64820944308607,200.81887543343072,196.61561449950946
122,2001-08-19 16:24:54+00:00,205.17132461943422,198.10336926146206,196.6565534124792,202.57020030524436,198.89036498785336,199.8679127615754,200.66701780331613,202.31831070178325,199.40786734641762,197.6691877291369,193.20382923307292,198.22356667286058,190.97000492484725,190.3250806570535,196.16042569978205,202.83472713210705,200.20355223527633,199.21971426423013,197.6425205038992,197.63244707154067,199.08787465562267,207.53735189013292,203.0698799812236,211.10859640644807,205.7373571648982,206.06677362220339,205.6002316767909,205.87643789237524,206.31381710432754,209.8710147438875,202.33415398329387,202.56157145537065,202.40159363288834,211.5452192909893,209.0295351639939,208.41792687211134,205.9034537109662,207.74438772381077,204.139361174558,209.20917319725157,209.66473144686455,211.78093517300175,207.8258310790676,206.34771858784816,205.96939772392477,212.25006390541034,205.96983501167,208.51351989345721,208.0340603801491,208.7762369680918,213.1934536752638,214.03633622902893,212.25063946965463,212.36564334636896,216.04297508083744,215.97483712851832,215.49283108875963,216.4893983541923,216.88817712591356,217.7792955437541,213.9885194393391,217.2305238185789,216.33181523586174,217.22907713963315,216.71817952927128,215.00051350600071,211.5049592703298,216.98973097890246,215.31865548462233,223.78242713021467,217.61171504311326,218.48657128393248,214.54051563873867,217.31964963746566,215.78777370328274,220.11151102179693,218.7806726469445,218.3830644810052,218.6301735449842,217.5571567417042,217.61813354995806,211.49744942568125,213.88460828396597,210.6401086709812,209.87765780235404
123,2001-11-07 16:24:30+00:00,206.63388486364062,196.18571988125524,194.73484117686803,204.52470696313353,205.03363459892788,201.0174393083662,201.4004649776135,203.27033484581128,206.23335004355116,192.03159785250736,204.4742523377911,204.12074138981976,205.01162786747642,201.77484140362205,195.5194011303651,200.12637476958076,204.1014070905477,195.8390203039246,204.75829896289346,196.89727021159638,204.95263534151223,208.0683158524765,210.5450066731144,211.48113393200944,206.58046782480508,209.18462056622835,212.26224652096292,204.84578231494376,212.25659126833958,209.51112317025417,210.74500223829384,205.87896381599523,208.08960748055145,209.37147972568542,209.0091150944465,207.36048296714435,204.99312259140328,207.2023961920388,209.10218670245584,210.5202616890025,209.78065064418794,210.41745015045592,205.1017554822559,212.5241090392314,211.51125974217527,206.87570655407333,211.05379969534155,207.59269701839142,208.3020983251259,207.68739589610354,212.7036356372649,214.04350263767137,211.6656183293647,216.02812404968344,212.2370587794392,210.82332016723967,213.38241443623568,218.4056351621015,207.2272176394754,211.46484834622848,217.32958844314678,215.44312622315675,213.96849305971682,215.99912447985227,215.5741659945729,217.60802925960172,216.85269368624333,216.72151770363678,214.98783158586747,217.3725079795363,216.72965010316858,217.075281000723,212.9074046777071,213.8657658011721,216.30463342018382,211.57022909254462,210.4243528929909,219.1535403166505,219.31175900602918,219.65948811540815,211.59018711452504,217.62621809546638,213.57581362412432,216.058665294826,211.26484683935436
124,2002-01-10 16:24:51+00:00,226.3431590057164,221.45106871917784,226.55602282763323,221.12668670833497,211.94300644745232,213.10781653706152,227.48131824491549,222.51262378801994,218.14977822286278,215.8156391956778,218.99476078580028,219.0081039816786,216.3397573234654,216.42384019141906,219.69363034741562,221.13680128434555,219.99374065459193,218.35938963519712,218.8818920762439,216.75510644442426,220.06897713997583,218.01259499657638,221.49626125136456,220.23559725433375,223.91805240513787,226.9016119093651,227.47632213190968,228.88446119099245,231.1656809463864,225.2451787135849,225.93541165487753,220.4844344608592,224.00090596657543,226.09814701637464,227.4459275710409,224.94717013362015,226.03482604269539,224.13780629316494,231.60973482192986,225.25865461497574,222.62639552295585,223.0556098530051,226.4551390001837,225.38369144452543,228.01746925506632,226.44670333003384,224.50488114745656,222.68017251021706,226.04852847857333,224.74612629131823,228.31815571534287,225.7996864129675,229.75783628796978,226.49163627483654,230.9236182565263,229.43493411221354,232.99167248234897,229.90509770553032,229.79207868521726,234.48355817581344,234.65668785608136,230.13159538645692,232.80142219974695,228.84935761798096,232.04842647869472,227.2299416075266,232.1873306931921,229.42633389202243,231.36865336596952,233.7132490708915,233.38447659057803,228.05217716042486,226.96821605119442,231.75667805915464,227.57442928150522,229.63450388522233,239.90630429348442,231.7598298116285,234.74842729274377,232.45917154331846,230.8964657429833,230.97583692206425,229.77680388828998,228.9210224257292,229.88027876576575
125,2002-04-16 16:24:50+00:00,206.3895059233839,210.04793645446352,204.29622191496833,201.77915471007435,201.82221218024534,202.51292534709233,198.0557322438337,205.87473503266068,201.38199769616278,204.62450791036184,202.15661723169995,196.90748828447533,196.02213871043733,204.91520007278336,200.75132097584657,205.89968744486555,203.47779915828198,205.21331107705066,202.09761220972518,203.24603330292786,201.8575856452112,204.15883436889908,204.13683638867235,204.51680352969163,204.3419764298639,203.89325912902183,203.76125781614604,205.6703894913633,206.32189158437598,200.49560653682386,201.11185252280404,202.87033715030108,205.79063367346893,206.86539996493863,207.16644627730528,207.14471559419832,204.41096774039272,201.27508005548233,201.08035971169792,203.15450633493248,209.07306394892302,205.3311951898351,206.95724160374752,202.9029665720314,205.2296544588847,199.50732332137488,198.05845042848426,202.39502405480252,205.51327367008707,210.76514731744612,208.69319773252914,207.87453054581107,206.125870216226,204.64108475520595,208.97555508830752,206.6653725312317,208.97277596769047,207.04728179600338,210.7027547070531,207.8903663208577,208.35042562289647,210.03027905274206,213.68284102441913,209.30706496425307,208.47858321385647,213.16893842954977,214.76810976931318,215.22978743063803,214.6241140768057,213.53651854795885,216.86685472544934,211.9923295298399,215.6007686575963,215.60840566346434,216.86079452378658,212.81840733136582,215.39657919143463,211.44709007432635,211.57672663476137,211.31432954468133,206.79300273050984,211.43798384252858,215.59656314395238,209.75923054378,212.19766740247667
126,2002-07-05 16:24:30+00:00,198.0502992369084,196.29756982016903,196.6137211840855,202.0471779034582,195.95926952423233,196.32996545338628,195.5913992390566,196.4969169272572,191.07366787640262,190.11479741062175,190.38011376581932,191.2531989402334,183.38467049344194,192.73098932076826,185.02240339984033,184.82740103215318,181.61610296687155,188.688633060755,191.13197696897893,195.04046062762154,192.2149706894383,200.81938130784962,193.32374764016896,199.99938639753444,195.78852483963155,197.10227978279676,191.640070887508,194.84721374050076,196.8162690359865,197.5895419063071,195.9666373598583,196.75554797311275,194.71052013000542,200.4092229907024,194.3578843705582,204.5475195883912,194.63087277442597,194.81679423477604,197.7383674496308,199.17482191258568,197.35770983179322,202.2879300820485,200.8894875787992,201.59676209485724,191.43964842660398,198.76650085207226,202.80972700847082,196.627222240069,202.42306625281225,195.7938091542216,207.2095261210444,197.395224257177,196.42238485277161,210.86564133120902,200.6957021487185,205.36937855582235,202.81646220261746,206.2397069917358,207.093182281415,204.05841895965605,205.10384584161295,201.17629778317928,204.63753105609024,195.54567767629823,206.65882245101886,203.43396307655135,202.40280142139108,199.9202707886787,199.49590525272347,199.7909006152324,200.4663006553872,203.77986680888682,207.64261039205144,200.76142562840124,197.72784247171072,199.67272654735712,197.53928544353855,197.3148932007482,201.41244405038063,192.97623007570502,193.2481548900965,192.3210179773804,197.7777961978286,191.15284934279885,193.88300465118883
127,2002-08-06 16:24:14+00:00,202.64269179004597,208.4707137494967,199.57376945371038,202.57782643105514,206.9017580883544,203.92508264015402,193.36378859461195,199.48869421326134,202.89254310933623,199.31933947711585,198.98937075297013,189.68474984881274,199.45252465158413,191.8972629279705,194.38405165087613,193.8661178423196,198.76861228380292,190.0420482962881,201.84295642504958,208.2313396117086,204.70519501446552,207.07047772639513,204.13182148892153,200.92806304967263,210.58137641387464,201.91681133206177,207.96139460552328,202.66531920981285,206.22282153045774,202.1332511571285,206.29432029592027,203.13538503382657,207.8630000834738,208.23759568327947,209.16845723187265,202.3818324367889,211.89386880849216,202.61591723503756,212.4424839474972,203.97648883438012,203.9156430412705,208.43893141519845,207.3697807142958,203.03088678603476,202.06647738332046,202.64069536244546,206.6913824348307,210.34440828485103,206.8724994922247,206.25272116950984,206.72254838202855,209.2199712572091,200.64594143106154,202.26005213319579,220.09226988811582,215.8253381927057,217.08906415908973,208.99104880551104,220.65189032351756,213.6655124256851,214.35158491848713,215.4504743928676,214.0317475751334,216.99209437259572,213.85619347328327,214.15740053252262,212.36964225484593,217.82075201620623,214.22908236968547,210.23618762627302,216.561719412556,221.4192937005987,219.5520297494107,212.91315606781498,218.188499965253,215.4540610921271,217.26666333050468,213.40740937731556,211.93181885012802,213.66342350104475,213.71912569272297,211.19427135793902,208.15513047771296,209.72172109213696,208.3945212943017
128,2002-09-07 16:24:03+00:00,,,,174.03993634938,,198.86514390194026,191.81856161400233,204.38850998726215,197.01214688996882,197.28284324587406,192.76700343422226,198.5022970328592,196.95511925377727,188.2783888623869,186.2038711634296,203.82713674655878,203.45477034838333,197.68829213540826,196.24029835249505,206.16150293612407,203.76148955163154,200.48763468522378,199.066447335125,209.86078091805615,204.1840894544096,199.75897726364673,208.87281582943132,208.21064347452733,205.2776444606643,205.95150624102374,201.47434783690755,203.3189036786871,205.20069546135898,212.33097636533984,204.39032726784652,209.35655883753458,207.2436805668828,208.14043448776357,203.2297466545479,209.05677079922978,206.1382559166859,210.32872694825423,207.855626444468,205.39931758288844,198.48615273313317,211.0640064295557,204.74752386680052,208.6931140289177,201.51664821993018,203.68802349005227,214.22539483335072,211.2748363736955,205.68570501016782,214.03367225804192,214.732060458979,215.74031851169386,211.1428467804682,217.34653107451908,218.43717863412905,214.4007033610222,211.31761412978918,220.76369281258764,212.60031699798355,214.0783907196349,212.1233809658929,214.06407479213993,210.99044514113825,215.93101400985591,210.82056117183876,217.15111977339424,214.3348316000153,217.86656323964704,216.16560553082726,214.4735448912653,216.53235753893816,218.74402759373874,213.39586206143474,213.84185137338886,215.76128137021266,218.40973395265064,216.61384767133853,213.68069784084025,213.62190868803026,207.6831856002616,210.91298854131333
129,2002-10-25 16:23:52+00:00,196.81762827622745,178.7590588820035,189.63564650155573,187.14042430763942,176.3586634161024,190.2671132091334,186.1386016811034,183.23340139622528,171.32375244008244,175.72963280059022,185.75781782190919,184.740360629434,173.99132125822285,179.62176222273,168.64389537271867,186.0895329419187,174.79138421237866,178.75511775731684,178.42060732613655,193.4500950716238,169.0965416745947,189.85471143490656,182.32014548365464,187.16564171593294,187.03153717567815,184.59650959578104,185.1086245827874,190.13157046074687,188.190052470595,179.67686964604994,189.129673618237,182.99586201067675,188.0479482214814,192.4171091721257,183.53326595728984,195.3571891229383,186.6587211813228,193.06607608435058,176.41790979848537,182.84493026013303,190.53592239275488,195.5277809757776,190.14569893733122,185.9072545451214,189.33974285895889,189.49151988262452,185.76321839058386,193.20185375157953,190.80223407065495,191.27079052488193,190.41558890977726,196.8549313593632,179.0841338993474,201.6290666200238,194.27826655472634,196.60482167341053,190.8328435665102,195.85047267076126,194.74597149069828,191.21783008140895,192.7702705795707,199.13042488577256,203.54530152348093,200.1496025071089,198.21827976561198,194.86224330551624,187.18194017556957,193.35485776442232,206.34275434623612,193.1286246930751,189.7852328959796,198.84529760915603,198.29908239791612,200.5457072203998,197.92221956605303,183.72440870174748,199.9424412499026,198.69386573750336,200.03979473677066,186.1563930254723,200.47101888400223,191.32306190972213,183.91644731826304,190.01237903837665,186.5878830067647
130,2002-12-12 16:24:19+00:00,206.2855090073199,205.2364438473537,204.2996764887904,202.8618680767613,204.85697393203708,206.8344223572717,207.83678228546532,201.2050565418334,198.32579583344503,200.03880755450675,195.81105637814014,199.8318057335783,194.05464776990834,193.60625785340378,199.93486799206255,197.36505967879526,197.22349913617444,201.176848495943,202.23548880357737,204.79699051948992,199.4399379152931,209.5385220552559,205.49366932451449,204.08582253443942,203.50611979716797,204.3120427340105,204.91441519837937,208.34011985458653,205.54510386964714,205.41507797355973,207.36630444054794,201.19443901946286,204.37554201105326,202.95893407843312,209.3257132523499,207.25405535829492,210.26903472394852,208.35134078781456,208.23215253212078,206.88641071903857,205.35786940341015,209.84210105717113,203.8487131982786,210.0027464171931,205.53305992043514,204.5411905952239,203.36141977708607,205.24859098385815,202.296950713256,200.7154566205275,208.5681533343537,211.19022074218898,211.53668020922734,211.88046696336326,208.11283836718573,211.58732566006196,213.35780719991587,214.94301541529072,217.3674806073191,216.1513263444653,212.19444176955022,214.68545378549152,209.1777782057078,213.67433633524908,214.76450622735976,208.8950014987823,208.9623178320354,215.82485778258962,215.90036173023014,215.7296536094555,214.83715609500095,213.81924407034197,211.1631229478085,209.9923945368375,212.20250096435322,209.17127135739273,208.21005536054201,209.2034137636916,208.82974293664498,210.20509277786965,211.39121333427812,209.2847628699779,201.72416729151288,204.92520063542074,205.86046484376223
131,2003-01-29 16:24:35+00:00,218.62643654882086,222.63335129176932,225.40175166068033,,223.4146743730952,216.03307483306193,201.2597766215995,226.30608327810012,226.55870454880363,221.3286193844578,224.54347394857734,,,211.08783584035532,215.99537522460923,203.35736685911564,209.9036900025239,219.67620965339762,219.95650565981472,214.26759230243601,217.51013033569816,219.8747815297761,221.33736925706845,211.68446374892596,214.49332700190465,223.15792119798124,219.4653503728323,221.7165728276483,222.64647687201148,221.215835077694,220.8717817838803,219.31113099595564,223.60726517173535,219.29396819837928,216.8903231737199,220.02304612396333,216.41151534305664,222.30071827085825,224.2365575765948,219.50285995932103,216.12341617903553,218.90557362029662,224.5984413619253,220.65792645222987,218.53705703625852,221.56415851813082,221.0633292625423,217.96870325383594,214.6448408788679,219.9290920715374,223.269815660385,220.98286000234083,221.10239775734192,228.32942595967643,227.40552500511365,229.4386693878789,227.04005492688287,226.61229927974577,225.48708359477425,227.39516359752284,223.58670202484288,227.7043577443292,225.419960918209,229.66631409515853,225.46241883576207,228.58157605620283,233.1568732861929,231.11996735584103,228.5969497146929,230.12019646401777,230.25325370421567,232.6330040676411,224.91635746720155,227.82628725173385,225.89185860253082,225.43499700299802,223.6371026289416,229.91575229398796,227.33371821710784,226.69222208936083,231.08359956809971,229.49155766556032,229.02026757117955,223.7587499318721,224.75457266060585
132,2003-03-02 16:24:47+00:00,223.7169009155932,218.78022923752707,220.22127872491527,219.49313273691388,222.56825294532985,219.63040255035048,223.4039797623137,216.72292858878615,210.35883182617886,214.04523127693582,223.77686316647532,221.47558378146098,214.7047743964278,215.53419802770662,216.51197334417003,217.05718771829154,215.55747684921383,216.52482256239,216.2823630840696,217.24501369624616,218.63873119421294,220.87320296416354,223.27118763697936,219.34214206428615,221.25757644559087,215.0299780794333,213.15377121963564,215.07479832043649,214.44456799985502,215.1097519904199,215.31415213970337,213.9056797384622,219.71944533733134,222.80532570821686,220.18440551393783,221.46153306232813,225.39463073389578,222.82860806953622,222.39657626379332,217.93014516523706,221.7844350780934,216.95434164148713,221.49510116158848,220.64352962560793,214.63705378675053,223.4022494149981,219.04450143801725,220.30637868463157,219.9057563176469,219.15704026524622,225.3614468538725,223.48929385321568,227.32945113073475,225.61695618655668,223.5716424212547,225.3287750247773,227.1860785192837,227.5150291474646,230.15618159761016,225.08353154688032,228.5209556432883,224.6599586797857,227.60206257334025,226.35468478612597,227.89795393762853,225.21641228160533,230.6594469500405,225.89210468246614,232.18720096016872,230.97615644616943,234.54744103416388,228.67882373368357,229.96558357646035,225.49925957932788,229.76281472488603,227.2163150926031,226.05837832177488,219.54802927446804,221.87466838791505,227.04389598071168,227.67249811184672,226.41287146955494,226.02816249181916,220.16906353946592,220.86212594915827
133,2003-04-03 16:24:49+00:00,207.2908097218828,206.31554724757018,206.11306549427198,198.91527433114015,203.90307408611002,201.11549472062856,199.0692826622666,198.39446425867027,197.6730398856679,196.8382988402411,201.5743419955423,183.45932859274743,188.09920846040706,199.550050361798,199.24444946807552,199.01188054539506,198.74943138549204,200.08299996853097,200.65348388270468,199.86289451652308,204.93565433051768,202.08900507653416,205.4963651168132,198.81967016882314,200.8074943938207,197.3906445114409,195.58145007836086,200.68765290269639,205.0242922061421,198.0791517009794,202.06168916879852,205.88598766061662,204.68074329421685,198.3817684959981,205.2713881666777,201.45717159431862,204.64246439277164,196.5597594821678,197.89928341686223,202.45586837232534,204.50121055876053,200.97691914543216,201.84323167361205,202.44216021222346,198.00467358738567,199.95722249795344,204.35759110883592,200.01085983051908,205.57759166967747,206.82590928018388,207.47847341608073,205.50073364531576,211.40511061307464,210.20137135753535,212.1134300177667,204.59695124095546,211.37115071966113,204.83915732040035,210.94492684632522,208.40556996445875,207.29394647650435,207.22733602018073,209.2175951984598,212.56503798735176,209.6149426080497,210.90958959695686,219.50460713690478,210.75712646736528,214.7917870792247,212.50544573173923,217.3970128565436,211.93330390277288,214.37323488561884,214.52309822961868,213.94046733651288,208.2493392381028,207.44305050603703,207.08227671644207,205.00722814608167,207.38464451969563,201.49938254990556,202.02729406276094,207.05268853005882,209.27753587872022,212.52889808809743
134,2003-07-24 16:24:35+00:00,191.2425979682986,194.2526899803424,193.8693534475675,181.50547272606588,188.00692510469472,190.80395572517304,175.48691478292358,184.870356580988,188.1047944212378,186.88666267700998,186.20367692216428,180.98239663102456,176.2188572205913,176.1544163827556,181.6935650781845,181.71135922055356,175.65159908485384,190.6235069723864,174.38562671024496,181.78888516356076,183.15295913398572,185.9413796504288,185.2562353904505,180.59329637422454,,,,,,,,,,,,191.98550026897598,193.3940782014479,194.62793749279757,196.79909181341318,195.9405640545586,193.58031752781545,184.7375291112293,194.2433244930924,198.900329400467,193.51750203060817,195.16960030298205,188.82642226915524,190.0830721550356,184.78801401138892,192.68254080473778,193.08905181577785,193.813422885991,192.55675201573922,195.27387014438787,199.08351485651755,193.41701790573225,193.67029122999494,194.41166746184578,196.43661482689063,,,,,,,,,,,,197.99139799442844,203.17808580190888,201.68007575785018,197.54816180574664,190.10838733023613,203.95867749881646,202.31557201334712,197.49997347202438,191.64273844372752,199.18125045542342,190.809346740352,194.9106928862265,199.04396988512,192.99280679382818,199.1635134807722
135,2003-08-25 16:24:28+00:00,195.47398721116855,193.18639156201897,197.93576631111213,195.7908986987731,199.56581036694234,193.03959568345655,192.10624808285087,188.3150286964596,196.15943425688005,190.62585757738367,190.17554944510326,185.18041028375606,187.04898260636634,189.40982496201934,187.28516854726522,190.2456497394909,187.23211165280318,191.54235309415031,185.197302118699,190.76423439009142,180.19276238882503,,,,,,,,,,,,195.69726564360823,197.51978595391157,196.26211856646324,195.77998084455794,195.6590689248197,196.33571262228745,198.35425098958052,200.5949627624945,199.50345601588668,200.43884379313303,199.95401469800083,201.6585532646366,192.83489654992616,198.3513769709811,190.71158059947774,195.8424801748473,194.84029820336033,194.20987130341248,193.35730918243206,194.0770839463158,198.9969990861266,197.58898042507502,197.67594914749236,197.23180407952412,,,,,,,,,,,,204.8701316790955,203.90699762362075,202.84849421678052,202.5234506528164,210.94897067104458,205.7562814728614,202.41545140112987,202.20401429517324,204.3477847358791,205.1459679591016,201.96422824389361,203.26519488315265,204.4849319513175,203.78275696961066,201.3872183890347,203.21301051387746,197.23120769711537,198.3517401494409
136,2003-11-13 16:24:38+00:00,,210.9861494136043,200.02375544612883,194.1180483945204,207.2077004840045,196.19921266846788,205.88795330356282,195.64157165966557,193.34642131790264,197.8068335634863,201.6219327551515,187.62590177371146,189.07630774033944,198.19992246913904,202.1305291393709,205.81599561278776,187.0301884577073,201.62432533698353,200.83733349837723,202.1854104208758,195.1561248298073,200.40970582488924,200.42001268676185,199.08944311523533,205.61728025664408,199.26376397243746,192.55392143313733,,,,,,,,,,,,207.29773531104536,204.10186009943934,206.32366598469633,200.46746428689355,206.58156293973062,200.97607003426458,205.29325457198314,204.13379334340613,205.7964630307855,205.26445547165403,204.6753030031305,209.42902511620196,206.24909153923517,206.13311715387397,210.56044263521417,209.5129886281826,207.47664191099906,208.51166570560278,208.43049221027277,208.80336426566484,209.00327981946782,207.4416799365597,212.2591652343763,219.20759781625065,,,,,,,,,,,214.27485631180912,215.20848808113394,206.99958546373014,209.2289444383534,209.89295962131175,211.40656694407275,214.5111568010503,207.9255164433872,210.0719022136881,205.9559810216607,209.70862850219254,202.8789115542592,209.26138027594757
137,2003-12-15 16:24:51+00:00,219.5533685985816,219.01995653255992,219.43411782690347,222.23239144832516,219.5076935172941,218.75335523630648,220.17417556837353,215.8344353199191,219.7876279723474,212.38090623825266,216.62063275892072,212.1357268709152,215.61825632185824,214.60630272991523,214.46991772651032,215.39345663119454,212.83694152672408,216.07204658452866,210.42053751350767,215.86712569333497,213.05516483299252,,,,,,,,,,,,217.64116753285953,216.34627008905582,217.93924573365732,220.42097132282942,219.3445386502011,219.39803046539177,219.3672566427285,220.03397734776163,219.691133020951,219.9951490184773,219.03410524427153,218.8995569324958,215.82679361135706,219.29477340162452,215.46091862959355,218.9479563566567,217.11120085062691,220.1307274090614,217.5857044516213,218.58712923923292,214.86454430922024,222.01336319751132,224.74681455577877,222.22972313482418,226.72398147843583,,,,,,,,,,,226.42237349539047,226.33697439652565,225.9766544471918,226.68442240749656,225.5448420017181,229.632955113821,231.50841414301763,228.45489605794717,227.06959773421602,223.05072872055516,225.0047067231632,223.8053666513808,224.79415411474469,222.13579208187343,222.52699238346474,223.47278325018124,220.03769657256012,223.97930586719966
138,2004-01-16 16:25:02+00:00,,228.62025586117434,231.42482719150505,222.1463262931173,230.15212088512416,234.81265654256086,226.94582346360215,230.46371361393295,229.9001015315999,222.1564504154436,225.1677474968691,209.89324168460763,221.48938991303456,220.34793869780185,226.54954028391063,217.69897890447353,220.23685764323616,218.72130292454892,,,,,,,,,,,,228.20591272202938,225.6720553525708,226.01120211647364,225.63582509246987,224.0023022709321,220.46152407110034,221.33329752410035,221.36922250348434,222.51491431198357,228.84487354908356,222.94182183499765,224.25936205563153,222.50171118484994,224.42009757708158,219.772303662435,221.17132410004632,220.63848705491958,221.95953742210475,226.63981798937317,226.04134119002543,229.91022996004187,227.89358075793388,230.01833926477036,225.96456918652785,,,,,,,,,,,,231.80232070447505,233.4499941827621,234.39632893706104,233.63824116882495,235.2196391118196,233.2955779642643,232.66219663593424,237.56705945131085,234.4407811684158,233.50741456219464,234.14386194773738,231.1054843871756,226.4640347498487,232.02011892428786,226.95775819296247,225.95641293053637,219.83164943167384,223.15937904495377,219.20846257967176,228.6800256868529,223.14128008632315
139,2004-03-04 16:25:15+00:00,,,,,,,216.67250154922587,216.26295416770284,211.90229336987096,215.76594597212568,214.61552077203157,214.39582402691644,209.7286882228257,210.94240399876324,206.9727771043964,213.22283153302524,211.73207623240742,213.20822626690392,215.52576458206906,216.01595207055175,217.27880223048354,218.11251487941175,215.16401260575932,217.67771679992964,211.7679235723438,218.65161957076174,214.12508498105558,219.68564605722815,213.1833529707111,214.40477472031455,,,,,,,,,,,,214.20324470912868,215.67126782353466,216.75084327688222,215.369727414973,214.7624365115012,209.34777324204697,211.52029169282443,210.3634642349621,214.02180926368192,212.8869618941385,213.92852132670757,212.37095436734336,218.58295552237786,217.28899936525994,217.58889621698708,215.3838094271833,223.491052292396,219.80726542964422,220.13502331578653,220.29748581995707,221.37923946843037,221.56676839262732,223.38686803403246,221.1955809028354,220.52594945851655,,,,,,,,,,,217.54088898958472,220.52943185352794,224.22130651819697,222.50965353955561,219.97913837675105,220.24561009392104,217.30923274617982,217.2951410883987,215.25010710958975
140,2004-04-05 16:25:19+00:00,,,,,,,,221.8185319739886,222.08330846882814,217.9059985374696,220.98607082482505,217.97777718521488,219.4035099910698,218.22013356946434,220.5525093414668,215.4205188286082,216.18622129773667,215.99893926016526,216.79974236774956,221.18774179039457,217.46635251597448,222.62791769542946,219.01997952999096,224.6684287762577,219.59080905440857,220.48029995741894,217.22627810671096,218.54663851316462,219.997550971509,217.39777587578,219.8267959595051,205.96434220928342,,,,,,,,,,,218.38437038952563,217.18718537584508,219.11719242718877,216.53591120814247,217.68518604424486,216.25836212378476,219.39197832611177,217.27375686452928,223.77246545668547,219.5046424058042,223.11479132657553,221.23062680383197,221.05687954848122,223.17361654688045,222.64614390566163,223.4717975163712,229.17086125329962,225.071936878352,229.89315007203692,227.2864045242033,229.9277788324427,226.47435720133876,227.74494174110833,227.53614133874967,230.26828397067285,,,,,,,,,,,227.98391231891895,225.39281212681985,226.4025160353683,221.6807428452729,224.14675362467793,223.40328447391013,223.4938980769557,222.75246252066367
141,2004-04-21 16:25:11+00:00,204.70440513302324,207.0229325627262,202.78054398152491,,,,,,,,,,,,,204.66778289092338,200.78586373176935,203.1136932866875,202.09461875688544,206.5988352502306,,,,,200.14626602364748,,,,,,,,,,,,188.5779779870897,198.10607151825755,186.41545020900622,,,,,,,,,,,,204.030391449966,203.73663808552803,204.7019543170474,204.4170815113872,206.5290958503903,205.82682336615946,207.90466869759317,209.0865815852638,207.26413953543346,207.83995563844263,206.10726720722946,208.1720525210597,209.1248386207981,205.57591798632538,206.81619918480317,205.749003243946,208.36909492525447,207.8166878044473,209.15611835301837,210.04621192710093,211.06792866655772,208.92684724749952,209.28450747079955,,,,,,,,,,,,
142,2004-05-07 16:25:16+00:00,200.74299556407786,205.86869620676487,199.38397031529541,202.2578554053862,199.17554086596166,195.542936033004,199.53837143326035,191.58767792130584,192.71834472260474,195.5344097890611,202.82779659206358,190.98219612223704,194.48184441971048,192.81010390686146,198.0983290263858,189.83384688548662,,,,,,,,,,,,193.30469006439097,199.84885727828058,196.38328749180414,197.62082350277097,199.34623383947473,193.76791314978112,199.26502913159345,195.45429714408377,198.88000573713893,195.61812293001378,195.79224840661186,192.17768656740424,191.19445714840614,196.39358649239097,196.36725163151502,200.32487582441541,199.57802652332316,204.02556257573946,210.43612653677317,200.1344495174894,210.7354668942758,,,,,,,,,,,,,,,207.41000556316902,205.7397607411582,197.85109146276767,196.99481899169245,200.7856053117584,194.73005027225122,192.49491047820246,182.00521385673483,195.4734589498609,185.23300829138373,195.59416722859214,194.91471619331668,198.97363149227152,205.28841290980648,202.42331951646278,201.3022597088246,207.31656915182884,208.14385271125204,208.32436269400574,201.23558272828365,202.3147731620872,199.72325353081192,198.08704257534617
143,2004-05-23 16:25:15+00:00,191.32740423819354,193.3561408655943,190.67497561422152,,,,,,,,,,181.42342674271714,185.08391265446267,183.6867740332492,187.1988081133945,188.02379263280784,188.88063902337066,181.40288289315757,187.1563347122056,189.23979284414668,189.4929452486844,190.21427849721377,188.7525434864302,192.17535919928525,190.72733082099904,190.19414872048145,189.77981755426097,185.60960571512385,194.23492099215255,184.89728207264008,196.9087766259948,189.15766321678717,194.2588967244483,188.65845225798472,187.18498012555327,192.9115319109975,178.46151485328966,,,,,,,,,,,,203.6807889648931,193.4617868929117,199.1641438976318,200.06205128668154,201.95460912879295,197.04804957796483,201.62664845746502,196.97057966484215,195.09934553917512,193.82850593625037,199.2957802268949,199.0553756155533,194.56963570023942,200.4751943286265,203.78977628571525,193.37959312426142,200.62259639300055,199.36364803081364,192.34614939080055,201.50971478616106,195.0173000672993,197.9835486240174,190.83721352373453,,,,,,,,,,,,192.9320145075397,195.27842339835684
144,2004-06-24 16:25:06+00:00,,,,185.42144409610876,179.33245063996517,164.8505187454916,194.49485842408964,173.01258969770885,184.30533049625626,174.08755554208196,185.51070303112334,184.5733899936786,175.79896290517584,173.04417808278234,176.10333660961797,185.0001232328692,183.44363311824236,182.71333636581815,188.47932615044067,181.1526045841608,172.89192856229707,182.4203278093393,191.16361248570627,185.25166069886407,173.9980901256061,181.64886432428384,182.85769817284734,178.24870620543496,,,,,,,,,,,,177.86878975850624,193.33857985544455,194.2906844600986,193.17349046335983,178.08252142621674,189.92302557110992,167.80123256597022,197.60559108625634,195.1910237735938,196.10975464116362,186.13329399845318,198.43850404988743,193.61577990362574,185.86029645957836,197.72782266687847,193.58160393807688,185.3087915920368,190.37518837584474,199.55950296797923,197.4045533073642,195.97176526214872,178.69879943108472,196.7183999400138,192.44122002159867,,,,,,,,,,,,187.28087353947342,199.5660873997791,199.55925999550348,197.328901662643,198.33740353356555,185.4360733252681,200.539845003958,194.40571456075298,186.85598596549139,188.9739560246183,190.45346171602455
145,2004-07-26 16:24:58+00:00,,,,,,,191.88887863583997,184.71800808009635,180.20601865194232,184.9574707921627,180.6337385098237,177.534126489883,172.1427745390439,177.04569975675332,179.3527799673472,182.78545079445465,182.62221636093489,185.52353427835936,182.63904284138877,179.8534643878892,184.1055143935093,182.159510601212,187.57206828563946,181.91906650293484,181.35535227938374,183.92398524770147,177.86481754147601,182.90271730906628,179.1926815194229,182.62059725774293,190.36021216596558,,,,,,,,,,,189.67819312913073,191.77553161134693,188.95936673675462,189.7321393899998,185.2549138894058,188.26090314209537,189.24860232731757,187.84904205817463,192.0676437619487,192.18242336682164,189.87537445021584,188.83615025242955,192.23888408834367,193.7903045866728,191.29303253683054,192.76857014801288,195.02237947236716,190.66952143378927,195.7826094987397,186.0933990371581,197.69501999380182,195.83733102307247,196.85552674328062,196.50273791424985,193.26620930983762,,,,,,,,,,,,192.67617313598547,194.3267099989436,188.5808782048115,193.3139399439515,192.82429156996704,194.33674356067684,192.0696310035607,194.38759180497226
146,2004-08-11 16:24:53+00:00,,,,,,,,,,,,178.28519852156802,182.1317648988928,181.98590114948442,184.1668133111199,189.31306342356513,194.9783185668625,191.21847843618167,189.6541221429936,186.00191414773684,191.3440288160681,191.3248598812379,190.67338004501428,186.42255726628088,189.17057264423278,189.81902367448748,187.3503114104719,186.270236364676,187.5710224068844,183.68259553782784,193.05198225661726,193.06080913246768,190.05289263477923,190.20094418754883,188.78157048469924,199.07883137298515,,,,,,,,,,,,195.8039827932234,202.39284780380183,198.45935798613334,199.54999874080212,195.1007069779438,198.99587247275142,192.56286210302997,197.21787951744005,197.41251901206155,201.27858359528688,200.05821236148847,202.4746473466854,199.59278594993808,193.17408972678425,198.53659303803786,197.48937239934006,197.7507295327879,200.77385917855509,198.18613636849233,198.0099327108156,196.86892206138174,195.83302678551857,194.49155634372872,,,,,,,,,,,,197.4273296768019,199.74109975427362,195.39663834793467,196.11715472116833
147,2004-09-12 16:24:44+00:00,202.79768186647726,200.5806580897886,203.52885228816896,199.972964684044,197.8584384335168,197.21436406090555,193.72316495516242,187.14771552012718,189.69959581037995,182.27733636330296,187.74473296901078,185.32632653353852,180.25755700576482,186.56221376563562,181.95333429335702,185.03148923923285,193.1852786395329,191.87406817856805,189.20227700464687,194.03197397505681,192.55477992586626,196.52068284866712,,,,,,,,,,,,200.74263929469663,198.32317216357603,198.27496914596128,199.9514590584428,202.12305128854698,196.32943799444746,199.43813232833946,197.7263839823376,201.98343937109635,195.4982986356461,198.79276038742682,196.2899479869009,200.31415341528265,194.94112496956515,197.45410161724746,201.07478292681367,201.08754104517485,197.26920543073925,200.45462401216213,200.81885614957585,202.48288246427649,203.96139986356738,201.91353921972296,204.1997960188093,202.17411303690915,,,,,,,,,,,,208.4543280342993,204.75718598602964,205.36236648218733,203.69372556526025,204.51435421425788,203.54052765008495,205.2194377715739,203.97606240596863,200.6235880475254,205.15838675436336,203.6930956433144,206.04748331894612,203.0295055442981,199.43079799578732,200.51266105541413,196.89146790810116
148,2004-11-15 16:25:01+00:00,209.4139237315131,202.74383682966177,204.45717513291154,199.17414345851031,197.76941423258643,200.66971590724984,,,,,,,,,,,196.462901318329,199.03932836294055,198.84117677982184,200.01175038562351,196.7508736618267,202.44226966836243,203.6667025710158,206.16802917924136,203.2812225780383,205.31135646692687,206.75989153320586,206.3670118765088,207.51012181137372,208.14903369059056,206.70136622826323,210.02029458380147,207.63419378208,209.73704092717642,205.7616295655924,207.70820487593892,204.66711508119067,204.06574989965625,205.76587318014145,205.3302748608149,206.28769795024292,209.60202276141757,,,,,,,,,,,,212.33596330239723,211.99774642137274,210.49110680501826,208.5406528926379,212.57815872787458,212.6559855042017,215.3580465003263,212.46558796122625,214.84573967668976,213.73530270462052,214.8661887070753,215.09282978480078,214.85250736899422,215.3254536368346,216.3322995249116,218.12377624617898,217.76688526761563,217.06780499793115,215.70670726805412,215.42194791777993,215.53146170521958,218.25123687742064,206.05604463703253,,,,,,,,,
149,2004-12-01 16:25:12+00:00,212.52317520464376,209.54727407485123,,,,,,,,,,,,195.67197998988502,203.02506493830091,203.07074762756758,202.21820375885153,200.1948166600717,203.11066921752075,201.23009899077368,205.13072699183618,205.74038693878012,207.5690726505938,205.3628361401215,202.90900420861075,209.8582190791043,209.93877623006082,210.50426380922892,209.93267302854127,211.25165517601192,212.510279339514,211.09255981183802,216.08196490264191,211.69535492973867,213.3035729022263,209.29479950019308,211.31753054623326,,,,,,,,,,,,,212.68349054084467,216.71765235071337,219.09884883032055,217.89566463837497,213.93141938093768,214.97246718172508,213.3468177926446,214.7888915407238,214.8286214819515,217.97125727124353,217.8425758974654,219.23461491774424,218.1873575569591,220.0522388048231,215.634212556258,217.33422054196583,214.70321786583267,221.04007517206466,222.40235886430878,221.0769692641054,221.94499825281102,222.5108293214183,222.1372336677355,214.56258843880045,,,,,,,,,,,,218.74949398703666
150,2005-01-02 16:25:26+00:00,232.81498000641315,234.86677204534405,237.31122900349249,235.83741288794403,235.1132787558141,231.10683964865416,230.97282440545334,223.92730468173767,227.32247771638222,221.76957834559718,220.78509287884285,218.67169694836647,216.27729213319427,222.2581684433911,218.20713621135573,,,,,,,,,,,,233.2164268465907,231.46252362559144,231.88271108309993,228.6828907966563,231.15454953143816,233.7284926088431,237.10080070740298,232.4036529678951,234.9882303419548,231.695430967868,235.0303085655715,234.30259130282792,234.7376306057396,234.63598468096671,237.1823767382617,237.3018605849427,236.38198368933726,233.08284826522896,230.90467195454355,230.02272278225416,231.34073976023097,231.709416429304,234.68710490501707,236.20077175332844,237.64886513943026,,,,,,,,,,,,239.2055189181861,238.76700215206543,239.76462174938516,237.36160267055737,239.2526930062424,240.88674016399412,239.9320855119251,241.08487925513734,237.72438311098196,237.24182936645877,237.74444004354277,237.98198739877833,238.18658364389808,240.2410000574399,237.05278827992612,236.85146491449902,237.39817737290133,236.5683965359448,237.46849583497112,238.29269854379194,233.6004848840407,233.46225405731053,
151,2005-02-19 16:25:43+00:00,236.31432502147746,234.1186827883836,237.197636964153,239.52375502315934,234.0209697971562,231.67786195385798,231.6226836074999,227.05122045257164,225.1198863301294,219.68609297327026,222.11211964966034,217.41673591389338,215.06034077543146,,,,,,,,,,,,222.89627393879405,224.2145616645641,227.24444605045258,224.3007051946518,228.88757137802176,227.44304969527417,226.43066800181535,224.33176389995296,225.86761033896855,223.88683170516245,223.58664162178138,228.82630003706186,229.44278442858973,222.9041532828228,230.2143769034631,226.6543015674299,229.23917918913713,225.2107718787794,227.58209009669358,225.2971966265538,225.36799634467192,222.35157699219067,222.71747004677147,231.93850807257851,230.8364893055229,,,,,,,,,,,235.03761249674042,233.75795018686557,231.79386379736823,234.73260542708348,233.0306682849952,233.62884926211865,231.19009993354095,235.12488397585105,236.52558056833715,235.44879046551515,234.86722424620066,236.29000139218374,236.2935212631762,239.13471408001797,235.51211159904847,234.5228593299753,237.99972345487598,233.3236237170685,234.48863022031892,235.02001499089212,236.63128290094446,231.9210518852648,226.489280651337,,,
152,2005-03-23 16:25:46+00:00,,,219.18550733659808,215.99720845485584,216.5144571711949,211.84604425128114,213.91856602399045,209.6251884038185,210.37888584193556,210.27422562345905,205.83137590627695,205.61871635649229,197.64083041272104,203.41344328742392,208.80958023739444,204.7967577563997,204.25133889536974,207.47083651680188,211.64287503429009,213.35542148014187,208.5757903692099,212.71114682836023,211.63963229685106,211.5170033610964,206.2698594301328,211.24894908605424,204.73661211495258,,,,,,,,,,,,210.8492802858752,211.56226859844023,214.92482649720114,208.18209233638893,212.96884379934514,210.26869912251183,213.42846223740602,209.2031811319853,211.68246795177313,213.3195350186571,208.22269894889942,214.71420226254824,212.69730727553915,219.3882762145801,216.32112512219865,214.66271954472163,211.39312142918808,216.12547368432925,215.59198419347206,217.37909275903814,217.73274168562418,221.19985859911898,213.90002905257725,217.35599557771326,,,,,,,,,,,,219.7649185806304,220.68438511514384,219.19032531619123,218.80897458142525,220.2353740277404,218.1735838852351,219.85581965269898,215.60470397117,215.04072821408127,216.342136501255,214.82553446902813,211.6070781217838
153,2005-05-26 16:25:40+00:00,208.90224310376982,204.17863339532457,206.6972212664593,200.62994016127521,201.09152502812984,199.05625010332759,199.06497847933818,203.0010768477475,198.0541206061509,198.49124621035273,191.5196565366791,191.02820209454626,182.45437964667124,,,,,,,,,,,,202.7067402486623,202.71326784091744,197.22489847875616,203.74041299399693,199.6570897237589,201.6351200028431,199.4334129774698,201.13366334827856,199.55549839385992,203.62443882032625,201.77436148417175,201.65051068711352,200.30674884947513,207.5086036106504,197.71432671755244,201.0850061630796,198.44310129034133,203.636698337377,203.01226729456886,205.3579464578473,202.78095562688264,201.7135668637267,204.7760334551965,202.87061132016822,,,,,,,,,,,,212.77637438720754,209.16599365869948,209.88379696380477,213.73260875116395,216.25558937628244,213.49625840951902,211.0744489159151,215.50963739596898,212.74693834279347,209.72750344905302,214.95329392212582,209.00656386298795,212.08326235404454,210.6288240772245,217.57134687327033,211.6885858960912,209.94908939600052,214.77681483350125,207.9820266110254,219.59097712869232,209.274117847818,210.67919337383844,198.43535412219902,,,
154,2005-07-29 16:25:29+00:00,,180.4452023364666,175.14321877576242,182.01135044950618,188.891321276598,176.75638471155463,177.14491490208664,171.95216592557887,172.92751820033538,173.57882963790695,167.35086619290936,166.23129086614676,171.94308354771928,172.3011255977739,173.0915620143426,175.2612331997009,162.51549332818314,169.60700700695125,167.74945145675377,177.65198117115716,173.28593611700683,,175.3389501929196,170.88493545658918,180.12960365766475,,,,,,,,,,,,183.7911328925474,173.1515245627518,177.39818705081836,185.37055376298503,181.02182494487934,184.0762822670415,179.98913912702102,182.07063703611615,178.2643776928919,172.2388385994498,186.91117061827381,181.01385975018977,185.0293407778507,181.36748361651797,172.78146871548137,191.33755790818978,197.10668324767977,188.9370262427823,188.9277251312759,183.3465954302422,190.45092442749828,184.82871869861395,191.5384956993987,194.92826097156805,184.76219909481037,,,,,,,,,,,188.02247873720864,193.97426681749852,191.8331998203597,194.91237077525147,183.95375082580765,191.75997637370884,184.58075834752185,195.68391090402125,179.1275832410524,189.98174111011352,188.9220974985827,188.08392454911612,177.5198450209227,189.09863116857554
155,2005-10-01 16:25:09+00:00,192.22247667864204,186.16015056098183,186.503974846652,181.67077808964035,188.26332038644344,183.22043213508493,181.76061085749018,181.2969124744462,177.62455024032909,181.32107496389418,178.9350093003588,181.47221008234015,177.90968510361827,180.16202387039,179.3208877063128,178.53466721318054,177.5385424921395,182.49482703722435,180.97728974594483,176.70052535032974,,,,,,,,,,,193.18458195333804,187.96812089101405,190.95303589743955,187.41716132757062,188.59505133766322,186.8284039112779,192.2899782691923,189.24836895647115,191.90252238393848,189.9259741994997,193.35712870509258,188.81894351814452,191.00625814578837,194.70115897315793,190.82432021578373,191.04053653313574,191.4275371947144,191.07901176092815,192.2278545849369,191.33930272325256,194.1501578752617,193.7646863956457,196.14513005831287,186.96941529905357,195.18188217871466,,,,,,,,,,,,198.88831504559738,202.51986389890948,200.8403941665108,201.39072908370534,198.36740617826842,200.41302011859653,194.86331427439353,198.51402986957896,197.8182936327162,195.6716949242172,193.09807387398226,199.56404612734542,198.61243444099185,193.24689682892637,196.59665400116944,190.79011648809086,196.67538027968416,189.9894961398114,193.08903194255942
156,2005-10-17 16:25:14+00:00,177.34911433742073,,,,,,,,,,,,166.7057402389923,170.6084924340795,170.0323967974768,178.62778775893355,173.01025038197335,171.32173193797476,178.26854132441633,168.63982486934103,181.9801270473727,,179.87839303596638,183.32548207344448,177.1382185521682,184.5102638835143,180.7932603854095,178.8680862782903,181.18706124656623,188.67716389929564,175.73849598914714,185.68681434105662,184.72162511283219,177.51954255554944,179.5395980081308,180.22650851088025,185.97752875978404,,,,,,,,,,,,189.62361379440776,189.88502570353845,187.42286065262178,188.173410070224,190.07311099842286,195.5511092687745,189.71748345022863,191.71608682875467,195.79119859364937,189.6678072969469,193.75708643639305,189.31548206349962,199.52417083655283,191.49957727570504,201.85583025199608,187.48553261722486,193.6264626485736,188.14338165929388,195.59859442852917,197.01751138145994,189.30057820659061,191.8456288129706,191.29061421032614,,,,,,,,,,,,187.40734971860982,193.94367909484433,183.23374809010855
157,2005-11-18 16:25:35+00:00,214.28806308714698,201.52982626670314,211.3272442993847,207.2941432743683,209.32537036977158,195.27685916634604,201.36168590935534,206.78286637859685,194.42181778181822,203.4332708178066,204.5123449193615,195.98555647597652,196.2592297036829,197.31540133278142,206.6227945731324,,,,,,,,,,,,203.69365755639308,213.7078448097401,208.37552061024323,205.5479104299859,211.1012448804579,208.26379628690236,204.0150392426577,208.58021238472574,210.7538293068593,210.81304014816698,203.2280660170959,210.93830884909843,207.9859378444543,205.02392957726798,218.17111439332234,205.59087091436942,213.16774087144177,210.4562864455835,210.2514333011189,206.10986859290657,207.03795663420715,214.08728058877603,211.90831517938904,217.7969691689707,209.26466321783067,,,,,,,,,,,,218.3449621453903,217.3361989081771,218.66091668439157,217.96484545619973,216.25744200163416,213.82031143484744,217.21909301214896,215.82249048624047,217.83600803001616,220.1585923060772,217.79979133881443,217.7094520019109,216.85267378782905,215.073719129496,218.37042012316036,215.60334679954389,215.50195637020127,215.37450510031653,210.25005693165207,211.23633903910718,211.69494470295078,205.80225212492095,195.76703299611682
158,2005-12-04 16:25:41+00:00,,,,,,,,,,,195.92862524780168,200.8947622006626,200.1050613299199,199.4806332834292,199.20726104507582,202.78979897387518,199.2292480500796,200.08363847975386,196.8489017609517,201.4267860475809,202.22558215608564,202.94510984568714,208.67985314476257,203.72916721036302,203.13187093101212,207.89318472249988,206.05415230339426,208.73699435973006,206.3555030885964,204.08712142103593,202.21364917942338,204.905412628029,203.14357158385587,208.47042370401408,204.91621929960277,212.78860365966634,,,,,,,,,,,,211.86608407511739,210.1510947941314,212.12925802059266,211.62460024678882,211.58688748680262,210.56673101360667,211.75288148446793,212.47605282377896,212.11231727775942,209.9364538068908,213.68880594858354,213.24114565040563,217.73640294625199,212.6380718818465,217.56252591565266,214.6451976106636,217.33139901496438,215.33262488833563,214.68430763744712,215.24300114247936,212.90100899670145,214.89404109817994,211.94265037813986,,,,,,,,,,,,209.80715261238097,209.1630930151498,206.25567406519846,208.0079706325796
159,2006-01-21 16:26:01+00:00,,,,,218.33017114029096,219.58211439554447,221.30594789174035,218.21985566134578,216.4241517917354,215.20902134759424,215.78559165331345,211.1756161939504,213.80576536733602,217.5296232449493,213.91013557047225,212.8073675339953,215.48945915835347,220.4567697042432,218.05657612704732,217.51438409817584,216.43575453906985,221.9218360329232,213.6754063054217,219.4741251467071,221.04500559017515,221.32461599214741,216.08643299065739,220.56869407824215,219.6868080375733,208.13262597135432,,,,,,,,,,,,225.46413808698819,224.4704442893832,228.27712843122558,223.28916644553624,224.81103602509504,221.03995159812007,222.199322571236,220.22403075706606,221.23382414778573,223.19340931669674,227.83123500181068,225.97802882091534,227.33402272260605,226.01087081653193,227.62802007038002,231.39786980287258,229.36372525696865,232.75166940590015,230.18663579375945,233.0951476254576,229.078538146539,236.2087207453922,231.42839328969663,,,,,,,,,,,,226.37435638399512,229.35744640255064,228.3162124506264,230.52964150660736,228.16083915540003,227.01558241931875,224.3295799661205,229.76278179372338,226.65902020945015,224.17879974373517
160,2006-02-06 16:26:06+00:00,229.8275613959715,230.20123781686632,228.83786328181287,227.13660063234434,225.5707120152699,218.6501717088605,222.4529888790484,217.27140435620996,220.48300206879753,217.71592653379983,222.0059915446282,214.7409312630007,211.46635253175143,,,,,,,,,,,219.1241559575749,220.53501573368507,219.7562819387148,218.39281238198086,221.53994163484188,223.71028665389366,220.47071782501618,218.89733761315807,219.43768514358908,218.69869973209782,217.9847411131717,218.66841591749508,224.70832202245847,229.18537484818765,225.82375265556934,226.24071310911037,220.26879406920088,223.17100820553773,220.65113993256247,222.61629479142528,221.00466727202914,222.66119934563736,222.14693182976282,221.26941676741114,226.56329682514314,,,,,,,,,,,,233.39964596500946,231.32230523533914,229.65357131184575,232.36991674870353,228.90706884885418,232.5112116992426,229.45935812678889,229.75299808832557,227.7798684752727,230.64020591083928,228.7002303964708,227.9393434774174,226.81713780585662,228.39895837256697,233.41923513712055,231.03946075431398,229.27868639147923,224.75813431420755,232.19707756164624,229.4985133016867,226.94917901334628,224.53230622147439,221.10460451141262,,,
161,2006-02-22 16:26:10+00:00,224.38282175832268,223.1515867977302,218.05838153146647,,217.86079791597817,221.37144490224946,221.68283946984025,222.34174004042254,220.79364522265246,215.88185047432452,218.18757784581277,210.44918143211112,212.95942467431303,211.46180801191323,211.74944911838526,205.34826881822895,,,,,,,,,,,213.65807137267382,218.43489272517175,220.99662108263257,215.27363792021976,215.69440120262487,215.87489459356522,220.118273975716,214.83047396548488,216.3533372135457,216.92862343798387,215.3855340159805,213.61879210563262,216.50355058219944,217.24939197238967,223.80201160063112,214.58786788208778,222.8116708977171,215.37194102139298,216.11207504235315,215.59806457584844,218.62572282433317,219.48328583441796,217.7747964464432,219.52125874897214,217.2888569290945,,,,,,,,,,,,226.49997905123215,227.93118638728285,226.32990636397545,224.18561342303155,222.88479292038218,222.93163550668206,228.46958820987481,222.47298252007258,222.12529867527772,222.3782511751642,225.14197838432827,222.07570671553478,225.38504422526364,225.1931878431211,224.75693918955736,223.82965600306875,219.6505627390468,221.49185849669058,219.8310302149051,222.33403065318547,219.54419143501832,219.6603454186893,210.33156998428052
162,2006-03-10 16:26:11+00:00,220.39141681333035,215.46916949874034,,,,,,,,,,,,202.81163911880319,202.97115437630495,198.66762506322897,204.76485856433013,204.9550471335032,200.72775032865195,203.44176322624284,202.30877033088072,203.0115085885345,204.6127983743953,208.75211747259945,208.1600268549994,199.81791075723876,203.98852602058398,206.3843215258121,207.89335112573707,203.69654088097425,204.71094510567,205.10399066780943,201.07954501585854,202.15143158873045,203.57356009226396,205.46031653859316,208.83549640053823,,,,,,,,,,,,207.50716353153578,209.7824643274341,209.98325530652326,211.1148776360753,214.34640972470743,210.1516901242998,209.27501194547736,211.46880786043633,214.05387348414007,210.3672944280988,212.6932815534881,211.21078604577548,214.3435428241828,216.18553871838023,213.3340363844987,217.03641650156655,216.9784709787934,218.08528836262425,213.88150664159363,219.57454869509894,213.94656644340947,213.74181327642432,211.56078302709201,209.18762636752498,,,,,,,,,,,,214.37001878891144,217.6310519487345
163,2006-03-26 16:26:10+00:00,,,,,,,,,,220.97923713572408,224.07093490270927,222.75166341873336,220.76865801112905,221.71109690264092,222.04597742945012,225.01919792333263,221.92826122246285,223.52910991129792,223.79078363135673,223.17747343333394,221.42854508696513,222.12735019740794,227.45913942066457,227.66932222794452,226.63571766915655,223.39244853146567,227.75651643970917,224.82898163115595,228.3291760443091,222.50849800924186,226.63669275597152,228.18266138487718,226.4039030827734,233.77543958431772,,,,,,,,,,,,227.4347126663087,224.6521716787633,223.0294076966317,227.45848722718043,225.64916918401687,231.0174770793215,224.61936654484927,227.5651919732182,229.6532100931804,231.8478680203373,230.33789612183833,235.5680974831552,233.37783090773033,236.10919578480383,233.69655116674912,230.7764060906236,231.8921795837009,233.41847120402926,231.0624486084967,236.28167473036427,236.38915055522466,229.91412873733495,232.90875214402735,,,,,,,,,,,,230.39196326883496,231.53272120336356,230.99552892908923,224.98848238788676,228.8243954972926,227.49795263199695
164,2006-04-11 16:26:06+00:00,224.41891390995696,224.1561388859473,221.918072755636,217.98095465955447,218.72665003149422,214.96981940991273,216.1451266988807,217.0137091225625,217.39420681248137,212.1955704134113,216.17396113406159,211.53689139795952,212.86031444746456,,,,,,,,,,,,214.58605482601402,215.5319861810968,216.52179466313981,216.82201908291094,210.09040799724107,212.45102530264603,211.72607877088183,208.31635611698405,210.7654921288285,214.59388384244295,214.61102164818703,211.45041308183988,219.99485054680454,212.08645188309134,211.21313185130612,215.10605096168024,215.93609529807733,215.16655118388493,219.4331967483302,215.24645099461497,217.6335595288168,219.0609278523175,214.03182694496493,214.33090142425308,207.40986002110031,,,,,,,,,,,,224.47156547011895,225.52880027773642,224.35469199922323,221.33858625144353,222.7497949415801,221.73969519927363,216.98710788273158,223.04002341737583,220.0139247289827,218.66642556790714,225.32507686996237,223.50814189024666,222.95603919962653,228.34198372973555,223.03042301626442,227.89948916267716,218.59205539059656,225.020154189813,221.32755001063524,220.39883687769068,219.26287594418258,222.0431378374796,,,
165,2006-06-14 16:26:05+00:00,,,,,,,,,,,182.13574479686804,165.86889134234352,184.50833696704544,180.09684443382028,174.96432945151793,169.44982985604338,188.25633492997724,177.97206717664736,191.32424989207385,176.48670034416668,179.45608609957154,185.0830799470601,181.12095017924966,188.34075354610317,176.39177489038622,185.11768517936616,189.6882235909265,196.86930372812378,186.58665726062856,175.70826046591253,191.91703032833112,183.22812441339337,184.01893312535108,190.73635573632814,183.17611322562652,,,,,,,,,,,,195.64385395503024,186.78325598745351,193.33182316420968,191.55641263778404,195.39451907907764,192.0123488158476,193.23639527731993,193.67929582321952,197.984250345462,193.27454767471608,199.1535961645729,195.6182106491276,192.25935826230216,195.35245000463615,202.9508489130867,193.5293528678015,199.81088898751472,193.0125102890848,196.91507670271972,192.89604931695789,193.57686580823298,192.35429264279455,195.80313615633233,198.4388094761685,,,,,,,,,,,,190.32640170608005,189.95894431128218,191.13477844747973,194.3368273912342
166,2006-06-30 16:25:59+00:00,,,193.4539029788092,182.16827620705155,178.74443336455496,191.77704830983765,181.36480238543533,184.03170140534144,191.5652985797404,177.26774284090496,177.0152183586271,187.45459766685775,168.28226912784552,175.29821951369004,199.36497767855292,176.3618542487003,195.30758930310944,178.0284147855747,188.4513436455584,197.43385164894792,182.70011730936798,192.93303650560054,182.07190319988567,184.3850870994127,185.06218021813368,193.60444151960007,169.80643914113844,,,,,,,,,,,187.80405028492802,193.44729999555224,195.04280782954532,190.0006760587859,199.28974459195308,187.70888130208652,189.82921899840906,190.17900542220215,189.9460484697885,200.63266171051436,205.9902472856489,188.90543871885043,196.02973325187625,195.3479049859622,196.7597517433502,193.4176243820381,198.5430521379956,193.0379442391882,202.04855448968522,200.203602568135,203.57605056677286,201.42117489645432,193.96489239611225,190.88083395396993,193.60286191473438,,,,,,,,,,,,197.25029932085627,197.56778773850175,194.07934808290074,205.05672201877175,205.8281542361882,194.54179882173818,192.48690022564858,197.11677267656708,192.0027144655579,192.22609103499946,193.43688274505925,198.44664304131774
167,2006-07-16 16:25:51+00:00,194.04531290457516,188.0142539573085,167.35468691099194,186.70825114261834,184.62424200534593,192.2806054240512,182.6396200797673,186.21308066200675,175.69942091942733,176.20412199914026,185.96342723453267,160.83199126588426,177.8721220097078,177.65127407808228,171.0819953279763,174.03303030898624,,,,,,,,,,,,,191.5101599087045,188.16245060107812,192.46991403685368,187.84120802872746,186.19981255873887,188.00499506444305,191.85437501614354,185.87275344886507,190.003969443729,188.72540398164034,190.94055653529514,190.20902780204614,191.66465244000142,183.9785072235588,191.3934503135772,186.2228770472231,191.90760429357775,194.00336292774713,197.51968052062273,194.11237181840497,195.95562696547444,187.53824888312832,185.38184100984188,189.96596388105516,,,,,,,,,,,,192.72494164980174,196.9837110024158,199.8614539350462,198.79515616649536,192.87869373692175,190.47725165000938,192.73220427468735,190.3048864034288,186.72764676315046,195.30480881363286,190.37429896212808,193.66204548200824,192.38593731439022,192.60394406046322,186.84095407418346,187.604780417974,195.3541742792174,194.00572916904534,191.13267342109648,186.37430993630383,192.65704215899967,181.02422645699653
168,2006-08-01 16:25:46+00:00,195.66843037216196,197.55604676856944,179.14381847359653,197.06704779516642,197.68839794735743,198.8155777178914,195.25526446658222,189.25988027484317,184.11049254605484,189.09439141474084,191.55224746872315,,,,,,,,,,,,189.99409106484643,195.55666919276953,185.2828278410764,190.6086347187045,193.42089255905168,196.7566217078856,202.20027585141986,201.8127455708147,201.22927381083161,200.3060047606681,200.48989009380745,203.37204814092746,203.20156518703047,200.76491142691836,200.32126445050338,195.20759888751635,196.59697370611232,199.65685808023252,197.77764172996868,198.00414559106403,201.5231357514116,203.2881498482688,207.91930382874537,204.1206718116486,207.78071364801437,,,,,,,,,,,,,210.30572312277184,207.97185647521655,208.93065224338892,209.55046493299545,211.14150968743846,209.071927882599,208.9000131890784,205.06857953018638,209.24110870157352,203.42606434809332,206.24575751670315,205.82910366617466,206.18551971702433,206.89895935874938,206.97716420694076,208.60727529804458,204.4202822035215,209.7223843132843,204.08820405841348,203.9472524496436,204.75857126414147,201.03737811971772,,,,
169,2006-10-20 16:25:39+00:00,187.37089474462198,189.35965050512482,185.7933608664832,189.57056528635266,186.18933540428085,191.74235978417158,188.4153139120039,184.79651053627452,183.59821798790074,179.30613151864915,180.8016919954491,176.13877163247062,178.2200169530208,181.32712124406763,184.42774096820673,181.0052548714848,,,,,,,,,,,,187.05330793216604,191.26519434793352,189.60282877572402,189.30589125878979,188.27335945708947,188.59323169265562,188.02231857595103,188.44847275566948,187.2224503650511,186.49629287335935,186.19054800064316,183.83048022705333,185.04739921342295,188.67635194384272,186.6891762510849,191.058883696506,193.153384188832,187.77488137948987,189.40313429545415,190.9481997346586,189.13067236299372,191.73152645255126,188.85004221133235,194.39003976325566,,,,,,,,,,,,196.84498296105,198.9391532769626,195.75608699443126,192.9085084947718,191.32482498893364,189.59100085263944,192.82913598991277,196.37196696901165,197.33234737004693,197.39181032530408,192.99590477463838,194.98238832871243,197.67468562321073,194.3367886550123,197.71115760932227,194.67289403519075,195.38527493185765,192.4946044382599,196.90825875293638,191.23737521824202,190.29201738658847,189.98027678047146,187.93639897083565
170,2006-11-05 16:25:53+00:00,199.28653893671344,198.60256190396672,186.8960375140063,200.0151272101974,195.95013062877462,194.54864214544054,187.88932546408213,185.98248054119728,191.68984458546203,191.99794148073886,187.79684173849853,198.46779217600417,186.98086051459788,182.1695962515931,193.57322389916143,188.3895958788412,193.54975297604176,189.1569155445707,191.440905230249,187.86372088644356,191.26929850741425,189.18478502597114,,,,,,,,,,,,199.93868097311463,194.504634324464,199.31078895319774,197.47037873013988,198.7053013404257,197.8125976557981,198.63964159496186,198.29945234261132,199.16662845555302,193.98898846537102,200.8775047729064,193.25588073460693,197.2941501540681,202.95620358518494,200.0973378959292,200.89870338221994,195.73719172295228,199.81684080564312,200.10260732981106,199.7104648554851,201.1721241025572,194.39437745541375,195.52008950267646,199.98886663713841,,,,,,,,,,,,203.94067451963284,203.13448174250934,207.603855015186,206.06786523667154,207.7905733665896,202.1103463907855,204.69993577898214,202.501577559228,202.83071256846404,204.67430832827307,207.22186980548585,202.73031012610446,208.97819763295848,205.23912274634813,204.662042212796,199.2239112954726,197.34244829118524
171,2006-12-07 16:26:13+00:00,,,205.70831856643002,206.2894958559362,210.06631250700892,208.68647892731795,206.79180803499236,204.61938559737868,207.30133975928467,201.212314548957,205.6254022051798,202.10470487090242,203.48046675025182,200.36792142465754,200.73067351049733,201.67467364035917,199.93108199557523,203.6928046333221,208.2741768204753,203.9376591420995,204.70753109299164,205.07909639622943,208.2386172333213,205.01361132037874,207.94970644055957,209.47356468935112,208.609119414472,205.4163226260647,,,,,,,,,,,210.52195617373798,213.62781953796923,210.61981650061506,209.4253739580498,208.55521394293112,208.57596587796752,208.77602389770217,208.4684680503164,208.7809424235975,217.5309767439884,215.95164639928583,212.75590140384338,216.8850565521795,208.97923940535009,216.41051837152185,214.18943709506442,218.48510505650694,215.0129803617316,215.1371508538718,220.25517682614256,217.2198306168936,213.64520211921695,210.17228862070044,216.2865326849297,202.61052100819916,,,,,,,,,,,214.77553586478172,220.2822683623603,215.3779156931888,213.58114251414273,217.41220004597696,216.08404222095587,214.1399312001756,217.91306871399308,219.05028175143508,213.91815484301753,210.73570839490102,210.9771514868729
172,2007-02-25 16:26:33+00:00,,,,,226.6628885839869,232.0929102388619,228.47172129435677,229.5133457362152,229.7675897353963,223.41582324135243,224.10275846474772,224.4867508304924,220.797508657653,218.51507238639653,217.35221435164618,216.81181555536867,220.15717113091014,222.556401812826,225.27956518136466,226.15152190422077,219.63051783248963,219.7092653418254,220.14385976357573,222.86968257122624,220.58536294134325,222.98825565042404,216.0662504584693,221.5937999960081,210.55125786193423,,,,,,,,,,,223.79448300117855,223.1209182072607,218.16793096294265,220.0973653559014,223.02073068543956,219.95328044475116,220.5093644815326,221.00812083609608,224.95480601059748,223.73356724249447,223.65198037555223,222.51150998162046,223.2479033152228,224.633630295878,230.87089521949002,227.15221298305158,233.06365462493088,227.3713564908721,229.8183567075242,224.42068473557464,230.94974137758817,227.0954160579191,228.98765497058486,226.5577708066444,224.70818231207005,,,,,,,,,,,,230.99861585365102,233.6099834560472,229.8289319885813,231.07324916506838,228.7730560682698,230.32498661742235,225.9906057934512,228.54877011230695,225.5706924902667,224.8339735655201
173,2007-03-13 16:26:36+00:00,,205.53329174751997,184.84569862835872,,196.4525629413783,,,,,,,,,,,,,180.62647909791454,197.00485927970055,202.60171219775066,192.80746010972945,184.95936310117492,,155.60951361365977,185.23889162690338,184.22185686063034,190.13913069309262,195.16377643528548,184.26543998716053,169.5339549291017,173.91340111649984,172.62276599470184,178.118022158906,191.09734211118052,198.0274348993775,191.0265481924151,195.32980231125603,182.89251127603836,181.96822974842482,186.83972980031749,192.68434109366396,194.12883600531714,184.55912210618646,,,,,,,,,,,200.008923141396,203.12767681141992,205.5344073283376,206.23025709818094,203.14791786782675,201.84033780985698,198.65236369987667,202.15240486571176,199.93501334645464,200.82617777615638,201.68324000524711,205.81128043126392,200.949532794725,200.91507809321988,206.7171729293292,210.0968210323015,207.25147965881308,205.0257973813653,209.2529351624669,207.05581349377647,207.42571271391208,204.63726108314842,205.4410055742905,193.24022478011392,,,,,,,,
174,2007-04-30 16:26:32+00:00,204.47994287025116,193.3138959133058,187.9335165645146,198.32852971055075,191.38214807600875,189.62318288197764,187.8127013954096,181.22485715915437,189.07379576165258,181.4228175787668,176.08589582076294,191.43438550753143,177.10050136640854,184.28151080494976,,,,,,,,,,191.2858618311665,177.0675294063421,191.5762492349272,192.45402126932618,178.32211821574685,189.215082882788,191.13017139728944,187.1096566472175,177.65530893457318,191.17944259030955,177.8244006295932,195.5952478463297,177.73858732264483,197.74950669765767,192.27823778211922,189.01462076600743,192.0357223602811,186.32326525861407,184.69408165969097,200.72542770464983,191.62531478679355,186.2017054345735,180.46490187375554,197.95743353285144,192.4852628471482,,,,,,,,,,,,195.17533368463288,196.82381684325077,192.38748055321673,194.69052889592183,202.20482208412233,200.42972630991702,190.10552912203562,197.39512951939741,200.18224550738253,200.57679617769648,204.74800120268992,194.9624693100005,198.32422757835758,190.18562802511786,198.36205133544257,185.31254211333726,195.22989049583336,188.08468384731782,194.72518502517366,194.1856849402485,189.92685764721665,201.36914489766843,,,,
175,2007-05-16 16:26:26+00:00,203.67859431382465,197.8281348837616,186.0320219372107,197.62153156431674,190.4592235182907,199.7175473730664,181.6583234075395,,,,,,,,,,,,181.246648094034,193.0866813539414,197.88372402686988,194.86428323051183,188.3498313668126,192.13279984670444,192.29475192328698,193.45852679537535,198.55582203907642,185.10610048314612,198.51453229334112,204.3708211251946,200.0589833137427,191.63278806622412,194.16956961709195,196.83322072623628,194.9083270316621,193.28706795788077,202.3499998236809,194.90227970521488,197.99194726205513,193.77822483311928,193.41840865762128,,,,,,,,,,,,207.65492649862733,206.50861434338503,210.79419104296977,207.90091851117148,194.59505059479312,206.03958595946523,212.19428989206838,207.71859944154536,205.4939436050854,206.69179573061862,199.5498701517388,205.9460700605423,201.970095606791,204.4943783505655,200.8523002691894,212.3232541983174,206.80955464045917,208.70075830636733,206.85859219263372,207.52750349941178,202.74876138643208,197.85312076548433,201.65273134725007,198.34878062302363,,,,,,,,,
176,2007-08-04 16:26:11+00:00,,,,,,,194.02729291782856,190.52187102053497,188.12701087655776,192.21909389119403,182.7416990453369,192.60156131897836,185.53202672936476,187.39844093529993,186.26012860609836,184.13754917610615,192.22856894402628,183.80121330756435,192.91643403275427,180.67114065924315,194.04615961963322,195.8270427887617,193.17646038164963,194.0858969130405,192.8246506658849,194.73172511791367,193.29493896089008,191.66789845981725,194.77477922592695,194.62104445139363,197.7787732751039,,,,,,,,,,,196.5334113172057,198.31958742722153,200.9404414299712,196.75603658293264,198.17315228142112,197.87467609757567,197.04970566789686,199.30147713146744,198.2325872894861,197.66710302896473,200.47963596950603,198.8815545413577,200.04214164886636,202.2256530915075,204.02078481734736,199.82062651836802,203.62807832598222,197.18911107130214,204.51869445141926,196.05413737834527,204.2269630917862,200.24846580032863,207.31102962826276,198.11728448857434,,,,,,,,,,,,208.02527294205166,209.87402106949162,199.8647344764938,207.89949058140584,202.2079442094564,203.71487998001146,203.267338359128,202.19771131652865,199.11019490855307
177,2007-10-07 16:25:45+00:00,188.3866785728651,,,,,,,,,,,179.68645364149683,183.52226379572653,179.8024408929804,177.53258579635644,186.9578214833447,185.83801499193953,185.43970761441517,183.18703341177934,180.09938415073887,182.91103905275872,174.58384611263574,184.27443260101103,186.77011429832197,190.99166604092494,185.2397830354136,193.4890556066151,185.0549391208974,183.9863885296344,191.66014091632792,194.4324407026077,186.50933340251973,188.85590002019902,186.65084914809597,193.3029384448318,,,,,,,,,,,,,193.63141756140976,192.34965970640764,194.28394536787832,194.79946245946437,195.1511153593509,199.17363782320183,193.13998867393022,198.05010690516076,197.58285495508633,195.70599831865366,195.10476866820397,200.1194486669061,200.19302983521166,194.4001429268094,200.0774015797453,202.80803639105736,200.0611511802989,203.26756076222108,194.31586059536795,197.9577399555349,194.33287369221853,198.27271451854406,198.61318049450423,,,,,,,,,,,,190.82407301939688,197.4688083943642,195.4848251436317,193.41603155429036
178,2007-11-08 16:26:08+00:00,209.356273224982,207.47121741935976,207.9673442216521,206.7130457178034,204.58700650725075,203.23810557101535,205.25161221910884,203.5924375806903,199.14705612481893,199.53641980094304,196.53942237779543,197.92056759821685,191.36722808445603,197.34174993622517,198.62574011204273,198.4625533935275,199.33161148563548,194.1680734679504,194.13614416013442,194.30227149943178,195.57543170360967,196.4246400163551,198.05680755140983,198.39156816355697,200.4087038439947,210.0012358921506,,,,,,,,,,,206.60019970963117,208.44288012350046,204.42391979246074,207.13533327318376,206.0487852173202,207.9148653252679,200.1918305257822,199.44173284224476,202.43364294648842,202.0912693219631,205.5840398433928,202.47835628072215,199.49067595262758,205.31901921391727,203.22453319827352,211.09276019841,207.0044311063338,209.75233199466206,206.96758211048999,207.54783002104116,210.52740975644053,207.26043993304395,210.70746814242202,202.59897844659736,,,,,,,,,,,210.37778890149835,211.94792841105047,215.81109779367725,212.00434244077306,212.42371315616205,208.0858283551639,210.26577354194959,209.35875863640464,213.1704362654266,208.81564337222744,209.58279243384638,208.72475299400074,208.61189963379613,207.80275457207085,204.27059951513453
179,2007-12-10 16:26:22+00:00,214.67106965816558,219.27645207607083,214.8466370640609,215.07515977247007,210.20781659403676,215.50213298332665,213.13817896631213,209.69130348412966,210.3997670407452,204.7152249497429,208.13238614993193,204.28301594006896,199.9760260491523,205.88359560565522,203.20132827796027,191.17578444120443,,,,,,,,,,,217.6853446519034,215.3961374362192,214.62983240087527,213.4173953569044,213.2891471467864,210.5525581646479,212.19141655939893,211.3919773847233,213.9159385888351,211.89659534010667,214.7900421171178,211.56616691918964,212.40698408290717,214.94318534853477,214.3333976000464,216.3850769198594,214.5799475489115,214.14449876017545,213.12183880718695,215.68520582127707,213.92906394401848,216.58962406220093,215.82869868119232,214.68618913223222,,,,,,,,,,,,221.92712465153778,224.1424882667342,223.8374284964165,223.81462600494183,222.166404917731,223.0092409803839,222.5175765635438,220.52210396502718,222.08543045894106,218.94411910782276,222.5809505210679,220.7648844380953,218.6786610868358,218.76238875275925,220.32934500273046,220.40494256376942,220.2182604010924,222.2679681742862,217.78534160637582,217.43198217279263,219.26698553429515,211.9250905368869,207.93045692781197,
180,2007-12-26 16:26:25+00:00,214.58446764562893,211.24401350838195,213.7861445751493,209.00736685101492,207.08255554193212,212.60555806012076,204.63897223826126,209.80349156780608,203.86408457924784,205.52848803843284,205.47472922196343,201.1661882324278,202.30126846673295,202.4851789442281,199.61900375429576,202.6112649161294,200.24221312285977,205.28886720965025,205.70245090325017,202.76720526089443,,,,,,,,,,,204.89292175843877,206.35100237881542,206.69744351216406,206.78331040144778,202.36443666213137,209.82649081699398,206.24146962917496,202.7294076019092,204.54531872773208,207.37059224924312,205.59759124471665,207.6993780125997,211.52377229051635,206.54701781752826,209.3545363449182,207.58128045710592,211.0095697104739,210.5862452336325,210.28662077636662,211.32462946677833,205.6860051818246,211.89954308507666,207.4129028165021,211.85488455288802,206.80027899655684,,,,,,,,,,,211.63142568609453,213.4961448190621,211.8413840168443,212.9244451021596,212.57005917598642,214.14455451293486,211.69366538065103,214.11501325031722,213.57455466704099,212.25153780253206,211.98979032329842,214.04028491128537,214.26649154606545,217.620194340206,212.24630730281504,214.54317734455964,209.87134561890676,212.00425360020864,207.88305691319414,210.6241975829844
181,2008-01-11 16:26:26+00:00,220.2159045233563,221.40377875046266,221.0241314384524,220.531042840364,218.155801754942,,,,,,,,,,,211.10964343192435,213.13103754084895,214.00445586855037,216.16320019362345,214.17416004218236,213.69593630242073,216.16429853245094,213.74212433101903,213.50501297137203,213.2523373553259,212.95190240313755,217.4300592233787,219.77783036877466,214.97943430495556,216.94719719317354,216.749089169702,215.8584292470339,216.30777368725373,208.3238960514221,217.6170564224218,213.58931321466878,218.88244799762515,213.3339873756616,218.16853599901148,215.02276638421915,220.25834836634078,,,,,,,,,,,220.65240340960534,220.5148247373891,219.9515524327281,218.33977491295545,222.7393965927688,221.18783263338952,224.8539241212794,221.27524387068462,225.66185574706688,223.4292280497808,228.28505926902233,226.23771640327553,226.56658666738326,222.3963124565297,224.87274949860148,225.12774338604032,223.37248972590876,224.16276368178484,225.58818848530905,224.08341261010156,225.37771408695932,224.22966660793344,223.07187620703718,,,,,,,,,,,223.01069930335495
182,2008-01-27 16:26:25+00:00,214.35673597144145,220.91024785159797,220.88146100404825,224.17051790276568,216.0916984914577,218.3538314602041,212.62204561394876,213.08879401860685,210.77193933173876,206.3096925465852,209.69178084105656,201.59013869618295,206.46881382383754,206.06269404493753,208.7964624340937,206.25604684756104,206.10633292549275,205.61542872081262,203.45876041491894,201.319464648307,207.8957394098689,196.99245031223143,,,,,,,,,,,209.33718510180728,207.9856731033203,209.28738295738293,207.6977846254927,211.66544792839636,210.02586213853718,210.7307440774944,207.0032164295134,204.4618180848917,205.0012731217483,207.80942311351822,206.53217903175548,204.74650753546868,206.3090516554488,207.00473886070213,205.10465430583844,207.57969139897628,207.74274870301642,209.80764674238154,207.79364965015722,211.4797157070523,208.80552969472285,212.0385420825775,206.46954066197046,,,,,,,,,,,,214.97731556171163,217.6816674898189,215.51782969893716,215.60459078891455,214.25906534373874,215.54581034800745,216.02374325760294,217.1639940260728,217.54462526822633,213.58869593599917,217.92206854624902,213.639922863776,217.98824070639603,210.15231218720226,214.17989757827613,208.57603315983957,211.26466941949062,209.25785316442062
183,2008-02-12 16:26:22+00:00,220.3546742678957,212.5751338186624,216.39285156693117,212.37780511182658,,,,,,,,,,,204.65915143023747,208.30674841488778,202.65147750712995,206.7689904402204,202.82343891523513,204.64644304876376,205.20676475235754,205.2055522595406,207.36539711458707,207.63697285670793,205.06205341391188,205.29448450709307,210.81954468414665,210.06671889989337,208.0763818510538,206.04890051945668,209.43708577258153,205.56974505956993,206.83886034685997,204.30862524869198,206.6671489402905,208.727445360071,207.85594337049898,207.69933599638588,,,,,,,,,,,209.19126911019998,210.79190717330923,210.59837973739033,209.9181862069703,208.76294632018428,207.99136197035733,211.16258402534902,211.06230842141758,213.13157139806682,214.59593949579715,211.866004651491,210.17764480851014,211.92047026030102,212.90941150565575,217.2908639747458,212.72801216259498,217.40859615219074,214.33176017072824,218.10412653262628,214.78745694357437,216.21720807720018,216.1348200187329,214.2008239216891,210.39665267369043,,,,,,,,,,,,213.10529274185834,214.32002516044216
184,2008-02-28 16:26:17+00:00,215.88992847311087,214.30789535636472,213.99550813869217,214.4418356207338,215.57039761738488,211.62500547753578,209.66096728592694,210.574473958831,206.4020945353579,204.53712578557676,205.98020248817383,204.5548787016994,206.7157979415779,205.3746648072592,210.74138903299922,205.05608179999496,202.88832670194563,201.1018615562113,203.16193046571786,194.70214737327234,,,,,,,,,,,,205.98685064175126,203.09727697301892,206.3918137086198,206.17057048834607,209.44087364148808,208.86474871483728,204.59409423405685,206.37604086382882,205.2139026495694,204.280930200048,207.15747003527045,201.04534886289736,201.58176200627716,201.96486034631357,205.31247245717674,209.97534308289474,211.85003880207626,211.73320998839267,210.048039023001,213.26058678424636,212.142807069216,216.0246942808196,204.6001466629006,,,,,,,,,,,,215.42027966007478,212.46645972065153,216.34201135523645,217.14195079819243,219.60239845102987,223.61253373910498,223.11083941010577,221.73077453192622,218.50260596435754,216.90657600620915,219.46018684005867,221.5116251949902,224.15020712130712,216.584059303345,221.94001184402242,216.07989548320205,217.3509642216605,214.47509499631303,216.06739517169603,213.19416518256764
185,2008-03-15 16:26:13+00:00,202.2800634886273,194.32530830859224,197.71855146022074,,,,,,,,,,,193.6009908339171,194.8034369359646,194.5977779555087,186.7965019948054,195.24342233039573,190.59388455457017,196.82905378700792,192.69461974802795,189.53795798536996,187.9308438587949,192.0199159638233,190.81732706950189,194.0955544596164,188.98483591903909,190.49851215558624,187.85159327780838,190.06849444128227,184.7860986216975,189.0358759219126,182.6485754760859,192.31002549176884,184.78973686571578,189.98999639727026,190.9317364545307,,,,,,,,,,,,195.7166015592944,197.19912632463803,198.73043457746303,199.5609802717376,204.18682845614228,204.7940713454051,199.55303715906786,197.81855008607704,198.554195184009,198.22934499210263,197.6999225910605,195.76859224950445,203.37816653788838,203.51072565160877,201.33330039607458,196.83614256764776,191.48154619547097,200.13699608691513,194.64947999836903,204.57212535428434,200.9117043327865,204.30939997830768,195.98511989078347,206.12078314761146,,,,,,,,,,,200.8082868831035,198.62376401960304,200.02820043940224
186,2008-03-31 16:26:13+00:00,207.7414494216852,208.47174063609734,212.76848798177014,210.89005462704944,206.54763834488136,203.04292452154067,203.1017952254873,200.05738416142526,198.68309983402307,196.46490707089384,199.23418530057873,198.44799261501544,197.20001556942478,192.66689966481593,190.89846744091176,195.2567526875509,193.39169369328428,198.05927956132132,193.87119316175716,200.1909941293645,197.15817966895005,203.91940846305528,200.19757845840888,194.71053278957086,,,,,,,,,,,203.11782884027664,197.8690598016347,203.96287655731354,198.6764696850319,203.5843529610816,203.90318766908604,199.04402485825705,198.06645960679185,204.5784735901206,204.96187772332777,201.55431443827857,198.07933854302735,202.8852724832693,203.47596783267824,203.18476696127314,208.01863959904185,202.8335961015936,203.823404499829,203.05679407778095,206.9147757302135,203.90843324653434,208.9322785328482,202.77804612333267,,,,,,,,,,,,208.27532569677948,212.92295009935305,211.95045802511015,214.58072389150286,212.7312609122114,212.28706550337168,213.25942348173905,214.04544383628337,212.37028742907626,210.64994040635943,209.53608049667068,209.7270846328162,211.5190970696387,209.31999641950682,213.4827720969203,209.84423925541066,203.61547760561584
187,2008-05-02 16:26:08+00:00,,,,,,,,,,,180.92213343580545,181.31947615708117,177.8767768015109,175.6205855546687,179.5397479699051,178.98824528708838,184.09300492996502,180.53134195275604,183.27830295912884,180.38848486219976,175.87021979621233,178.80773450708642,185.66466849586232,186.4828391278568,188.9008390279556,184.25815566399322,182.46346446691027,186.7459684642492,186.3630229830324,190.7461950884921,184.49445395381778,182.51327988199884,179.2555908460336,185.6812094081929,175.98442274979476,,,,,,,,,,,182.70197806165126,185.14351646520157,181.99003004472831,184.3119195410532,185.90446692778394,187.08470191615524,189.40540285292153,191.89142069779146,191.23316799833836,190.6254350342628,190.201729712694,195.78442408622803,191.05301500451083,190.18388874631057,193.0194480143173,186.02919083706433,192.22695123444717,192.52332738202983,192.90512642393642,194.8298647931234,193.87093956468448,189.31647346543312,193.51289110266396,192.2360744290046,,,,,,,,,,,194.0379648197292,190.18315156537983,192.86714409337552,195.44190261006145,198.60086317367967,193.34207866376315
188,2008-06-11 16:23:52+00:00,179.93643982715898,189.00018949067103,177.38521457577514,180.83424675972375,177.67053253328024,177.85238944431364,177.27517992101514,170.88089717887982,178.75347954321222,172.31804003317274,174.57393311616948,165.0253068469127,161.37758228038177,172.4920086554032,170.39428294750618,171.1049385068602,171.69017091317232,174.57497876517596,175.31960075307188,175.04031354375627,164.59936306629805,170.672760861558,175.0370405774552,171.25470188531045,175.32568217453823,169.03903272863107,174.51357298343063,173.2623108075001,166.0459368240696,168.07248240138472,171.38441592274597,177.1910097439378,171.57717672053712,171.8472976810708,178.56932993037182,174.16373964776184,174.32942369673077,171.43217022379648,176.81041400558024,175.85338797286894,177.57417855948933,174.61966862359483,177.3753391267037,173.75232186658724,177.3641304026523,177.81879524612538,178.19664564791836,178.00333842578564,178.00248406648973,185.0748623193159,181.85576389648344,177.29699429226474,180.634824517168,182.8287509788122,183.3900885767377,189.3523754851391,182.16067113038463,187.08797235891535,184.173456774015,181.83871406539888,177.52620333881464,182.76794493283458,181.79682946271726,178.44342990212468,191.66284600459716,198.86521816093747,186.53035778913258,179.51821300850904,181.6109240354737,177.53316795049392,178.9660105416793,179.8679459301347,182.6731321764766,183.9339621639345,181.0233101814784,183.94549606414796,184.34426862250535,183.9580246209672,180.84675688193818,175.02993327510617,172.33213193433258,182.83412527995404,184.1369307632728,174.65754834512848,174.11653529139687
189,2008-08-22 16:25:11+00:00,202.4574800886697,200.15683403206313,195.24301621955252,195.02086390057443,203.26303287034344,192.2707760545841,193.44915599418366,190.24334116072453,192.73168521251802,187.12129256559422,188.05715138293309,184.46964376305323,180.70625676901943,189.64330946412053,186.80365879752787,,,,,,,,,,,193.0994604778057,190.27819978521893,193.46738389790093,187.90967038517172,196.40063431721745,199.00854748630218,197.48647040468677,191.34140305255897,193.54738958341838,192.214686190048,194.66044001153242,193.92120272500728,193.4132002581807,191.4249911291308,196.6206581277721,194.9318105922536,195.43442831572915,198.88033203703046,196.93607036627606,199.85799469378136,197.38072395100622,200.36239319627782,193.99755185559815,194.04538834274567,,,,,,,,,,,,204.25961608744464,204.28311749579925,209.0243272649278,203.2142113041555,202.03381672464837,200.71197448511347,203.30360734999724,201.46671395381182,203.19824890478904,203.90720972475086,206.64064817801125,202.92120201739263,200.4294115080005,205.93926275919034,204.12639310104956,203.88266876043895,203.12984488550327,204.07509419329244,198.82274377243817,196.81877756383238,196.27742387471363,198.8384328446477,195.52675058482572,201.55399825723384,
190,2008-10-25 16:24:56+00:00,,,,,196.51432562453604,196.44302225156935,192.00562410405666,191.83938203295827,192.190061687057,193.14119611578533,194.5017382246995,192.26662391446823,188.35549691453846,187.21797819834447,184.96476845997393,191.39025551118698,189.75578991400897,190.9170625780636,189.68254914605683,193.9030738417416,195.56772304258848,198.7463662696693,188.01522377448546,192.8097916152063,188.61230558359853,189.81393053704429,190.5650426170456,191.14684875678387,194.58787665408715,183.8969766148877,,,,,,,,,,,196.3987374249224,191.52406202631624,197.83420635350413,197.75666542942227,198.59090928685058,196.16258345276754,200.79052674388134,198.3940329283272,199.49526587919846,195.28116435080395,202.41877983500092,196.9786379491148,203.51345979491393,203.7191445151286,198.3490785336525,199.59511307714672,200.71277443007648,203.27796414404557,201.90349385909835,203.24435243743878,201.92575797766213,203.74159274332712,196.55594780202168,189.82321456319565,,,,,,,,,,,,202.72706751332768,204.26662025194776,206.38610131286535,207.714182710373,205.121388641883,201.62091409307453,196.29697602082186,199.6817209367588,202.01456417697787,199.66589583857743
191,2008-11-10 16:25:10+00:00,210.0346677400126,214.68782011459433,205.67716520111017,209.72416069250738,208.07634760784873,191.815027113185,205.01474613573728,204.46856916249058,201.37918791381125,201.97848247735814,194.45219069244993,196.56419147859918,192.10647793387568,188.10414164809706,196.29509865349397,,,,,,,,,,,200.14158894265537,203.26571699704434,202.45618801231242,198.48100439360167,203.9978034616105,202.06223621386374,202.14605140036534,197.36236676133873,202.31128808240916,202.70795396749094,205.04480355436976,204.2301087306916,200.73557940684694,204.07832345667944,208.5306113626637,198.63197154221876,203.5591923247319,199.84637050817398,203.73963832356614,196.67878065496265,200.97631188560806,198.95412927055557,199.74678890751673,199.02968951762503,195.49174494744332,,,,,,,,,,,,209.38480370365735,208.5772901636551,207.33420810356733,207.01618634433652,207.29355182040882,205.83520755947086,205.96314162548612,203.93348366967422,210.52137827862632,208.61345186662606,211.34955988098648,211.4402714938026,207.15133786745216,210.73607189646313,207.3494746716379,206.16886331440259,209.05401405565252,209.7302702194178,209.96479513643428,207.56440181192573,209.44287501840236,202.7797805752949,207.8678267763134,
192,2008-11-26 16:25:23+00:00,220.03450133275126,219.4237472629542,216.81128087410994,222.89565356997028,216.84548787094423,215.52137147844329,215.62539270415326,218.3598436845327,215.35141627369802,212.17462841831522,208.77794923658374,213.4657071499759,207.67987255113044,208.30338940853534,206.8950536372476,211.29047889380018,202.76027205592658,209.45933893350414,,,,,,,,,,,212.46431278630962,214.17403956724897,213.25398383446662,210.2880473985903,212.5154706524099,211.66297517998592,212.86114399247438,211.86269643075624,213.0657954664787,212.59560560330658,217.13602709265834,215.42009073553865,208.56643349047076,208.19320924561947,211.1893201074316,208.72964954382857,212.52421128358824,207.3872260509133,211.87154448196767,207.96261293362434,210.811034492661,206.30884701153164,210.475917156945,200.4905109798701,,,,,,,,,,,,221.83671026654616,223.9212705959342,220.9111050891531,221.41848309608548,218.7203406575343,225.2071788948533,225.4273669282968,222.7352431522741,223.59055830779485,223.40600242353415,222.25457272105132,218.8372388595902,221.99322492245912,221.63370428934587,220.8445888344193,214.9259062157588,220.02917764366714,216.61687636864,217.24991194748876,215.48999759340782,217.26306380172994,215.8137365355537
193,2008-12-28 16:25:41+00:00,,,,,,,225.91807147538003,221.89490380792654,221.71007950374346,218.00290193632398,219.03031089724703,215.40681238171408,216.7457048844946,214.21390730157248,218.61635166986775,214.1707607941633,217.1913055428247,215.21248566436952,215.07743497325757,208.71711113193368,218.02675631623407,212.92290813368635,218.0787962171546,214.01104890168193,217.24465574549603,211.88486626312525,217.1082223403637,215.49992475304447,215.24110006061724,216.72950578404678,,,,,,,,,,,,225.75232787107268,222.4391601058369,220.17303978365385,221.16545546081264,221.69543655927865,218.70050209033738,220.70115765384384,220.91018555971758,222.62118586841123,224.35744278662446,225.12445637932126,224.5971837536013,223.2758334162558,223.34153862614158,221.14076950552231,221.89429679319602,224.32628596983275,228.46076867146138,226.29456037620508,228.1996589912882,225.34069150343024,227.66306918402927,205.89395544409481,,,,,,,,,,,,227.23629263228537,227.06677012604524,228.97537722773396,229.88483548619212,229.848770004536,228.2931479516351,229.4832754260874,226.88651420278904,228.8737400820542,228.1266932421769
194,2009-01-29 16:25:51+00:00,225.48011669408157,,,,,,,,,,,225.92927265891234,221.8269377281865,221.178752042865,226.59957215575014,222.8113518358907,223.14897135145284,221.57736764322843,222.3710358693119,222.2771950471449,223.48896007401606,220.73487890867204,222.34792836263463,221.01084438640714,221.43887566115316,222.2665048202143,221.07502165097029,220.46742056942625,220.6348065264329,220.70998191537552,222.979879952401,224.45842896870232,222.70638939366805,223.4182009599574,221.9066080419135,,,,,,,,,,,,221.44532381393452,222.81350233233104,225.98966456153028,226.00630453644396,225.94499130426917,229.68934400233238,227.64519195096955,228.84300750499494,227.87783800141466,226.71142534230648,223.55617859844696,224.22053418369467,225.83901906264998,232.30655389283478,229.8169569383513,232.26589097808275,226.06237830743535,229.65343874533167,225.37669373287457,231.2913442309117,227.4195274056617,230.22676821833184,225.25872211087855,,,,,,,,,,,,230.55846289617347,230.0506247323885,229.08401269385752,228.92649470823486,222.84115325469236
195,2009-02-14 16:25:59+00:00,,,236.43331897711084,,234.97990774280524,232.32421843714124,230.5751804084732,226.0521892391223,224.81001330503065,222.79461993091394,224.51312381404833,222.6155798164784,222.99340639131395,221.38173401133378,224.93671129227567,219.03054368687998,224.55319871374272,221.3749837544954,222.2420088554555,216.96519278136708,222.4880134225357,218.77101694380997,223.0122868577598,221.1376450691004,222.92397394055462,215.82809866415175,,,,,,,,,,,,224.89659985429705,226.44697881191865,224.96495599531207,226.2058162190969,224.7740980406603,225.2749158344848,224.74986010002655,224.98074403376972,224.76619324244587,223.55685990127662,225.26907977467206,223.52413849976506,225.80314128415216,228.02293824400493,224.59906808588522,227.25905470599972,223.2769463852183,225.78428753895645,224.94951940525667,228.49783067387096,223.84837154790827,228.53851535396464,224.67272942716892,232.354506624131,,,,,,,,,,,233.05976057326015,230.2363235640002,232.5689959391525,234.99365384192458,231.33572604638752,233.30168112528958,235.01589374738447,231.524141205538,231.97407363820665,228.01192150592297,231.0736300347948,228.39925818995331,233.8764284779807,228.84327287283722
196,2009-04-03 16:26:22+00:00,,,217.4307487293754,214.98052991044437,215.50613899556225,211.50523827920819,207.03453204373747,208.86542250696417,210.06913306317347,206.29800204739,203.80483837463254,199.2862353285665,194.77024631640697,195.0589603684253,205.27582439087072,194.1178828597201,202.4669988609754,198.67703728037515,199.45797892431494,196.02008715172846,198.7100574755546,204.01706836259171,194.87088486769812,201.6681938985987,201.95267135734895,203.7310836001029,171.6540618606177,,,,,,,,,,,197.86735379514687,202.16542350132676,204.7865539502204,201.51641916043067,201.323982538542,199.45334794949125,197.1098171045503,197.94674383048567,195.39901876738068,196.62542284114693,193.90724177945324,196.59157782592308,193.93222354844943,198.6505263089075,194.4819102299248,198.75668281867914,197.72001178003748,199.73668234056544,195.1759381801523,195.16595713187047,198.68394862235704,200.52248995159962,201.66257302277077,199.48961755898716,,,,,,,,,,,209.64007160545717,210.14042077309574,212.0932527298745,213.02795141054332,210.9917406502962,210.93198301913796,210.2478969799295,208.1016414119285,210.1927750965781,205.17708755352928,206.74850329399862,200.47482409353435,204.11392754400947,203.73469852543317
197,2009-10-12 16:26:10+00:00,197.11389576642037,196.77025279868437,197.47638867430757,192.67638296035034,200.14075333848245,194.69863453018988,193.20846200972076,188.65059851224512,187.00426586057415,192.607284556376,185.61345966717573,188.7800859382233,184.49869004844982,185.8436015774017,190.63252400542757,188.42860280161005,194.73111381945978,189.5265575798245,191.87136208360567,185.2922577044884,189.39243696161404,189.61069871141743,193.81943917382173,,,,,,,,,,,190.68321123823557,194.30075418099878,196.93412763077623,193.38154445027956,190.97314190147316,195.35920296295595,194.98269894470747,195.328045925943,194.9052883083996,192.5114305675559,190.34639639171579,191.39728941021696,195.16284107066124,189.74828589512634,191.70496294200547,192.855851223392,197.57316010251554,196.1469785345014,199.74924406904643,195.391240961591,197.10392449708712,195.18656348075302,198.85272347433423,196.30931759729026,,,,,,,,,,,,201.02320945548152,202.45169176831874,198.02963491059015,202.18995583877802,198.9781610934757,196.0548883005942,195.76368254857726,196.47178375080443,196.40718291426117,200.3866940333755,197.4604422831732,196.8438518349577,191.49033925150408,193.14006146176553,191.82821680619696,194.49649916985595,196.19607942708348
198,2009-11-13 16:26:40+00:00,199.2534434376007,200.92376594374184,196.29157319949718,,,,,,,,,,,194.66610919460814,196.28622239779378,197.91852290159792,196.80910700849725,198.9035245369272,198.38556496335255,196.68426390486928,199.67228854780953,199.95296807370826,196.78246086803372,195.5338271405107,200.32958532045595,199.23842565737735,199.41959474788,194.78855682586158,192.95440820201296,200.27593314602575,198.06468034341225,202.2219224455465,198.80946741856732,200.87480422334855,195.7890647182781,199.79242463107155,202.99169001919873,195.65374647627112,,,,,,,,,,,,200.59974318059184,200.83717325962806,201.83405570469557,200.48014282082923,207.45138153169344,202.92997241889975,204.55540166883563,201.2389390532432,207.1881505134924,205.00951024143828,204.1971363565845,205.94982477965445,201.33441167242586,209.31876514624045,204.27589877045108,208.99201275763062,209.6052391989083,210.8805653643554,206.15011902587096,204.64918589938262,206.675533281065,209.72777899716118,209.54802868631762,,,,,,,,,,,202.21371059692828,202.9053109384981,202.18938551085617
199,2009-12-15 16:27:05+00:00,220.3577531266796,217.8123828906472,218.11002378513848,212.2425290263553,213.5496894258306,212.21372696659142,210.69588480820175,210.5182690568094,210.4429917353384,207.2566250750895,,,,,,,,,,,,214.40231016051598,212.98353334894801,214.12314530600838,213.65549970211686,214.99750698573965,211.9873843656423,217.49944281151483,213.5763537581207,217.66975546750274,214.5939176501296,217.08997680243087,212.47801278543614,214.40777234948627,210.7062865320957,211.67261530677757,217.22277268515307,212.13136032483212,215.6420910434021,213.054129245334,215.79417052113493,212.2344789486941,214.9710974786445,201.5919379134441,,,,,,,,,,,,,221.72343111977517,224.12583499414575,223.364045407631,225.78782062228046,222.21240911512788,223.95209071594817,224.1979418777953,222.12693964361034,223.80900040837344,221.7740035345962,223.5978586803655,223.7170990690402,223.87523971481323,223.27014209784988,221.98578826078867,220.51227937425892,219.83469541387893,225.47325706329383,223.69056475539045,221.76690922132582,223.0697017466971,220.2939348734997,,,,,,,
200,2009-12-31 16:27:22+00:00,220.19061369103483,221.33679649719886,216.6287486579812,211.1704173749629,211.94468349562527,215.43005227520288,215.70215965378148,214.18338343345178,211.4777012004415,210.34699317127883,210.41023164474245,207.79312031251732,211.3914844278793,212.1887432550449,209.49330471635952,210.61559479494315,206.4744932765534,209.4084006015833,206.63508994256736,211.19131375541627,207.6559301692767,214.2420711494567,208.77352080802632,213.5609356193694,210.6786219900749,,,,,,,,,,,,214.77533629968798,211.70253222373123,211.98219393216013,212.0733516824856,211.5091364751642,209.7686616688721,211.96710306735324,207.11051607127263,207.8983804010314,205.64058130510702,210.65293927947525,214.384967190622,216.3716793618384,215.68820023626012,217.34710665370272,213.1675680930945,217.35028006569755,218.19179210499163,216.0223146239431,217.30025368608395,217.2136455675043,217.687688628866,204.68475086405994,,,,,,,,,,,,220.2138474921423,217.48996374791474,218.68913918135803,216.2171785053022,219.73180241430504,220.64011139983538,218.6794728470302,217.68862380978,219.5545240678533,215.9775221015283,215.64047529304582,215.80230744413444,216.2768716865471,212.08458829723912,216.98756625285577
201,2010-03-05 16:28:09+00:00,232.57570584772841,234.96763943235163,231.36355943166194,,229.69507411875972,231.33291563394485,227.81624494430014,226.94769361952982,225.74615131752063,228.69570098959943,223.69725666470924,223.64561129318153,,,,,,,,,,,220.3864414531827,220.3391563485962,218.56081756519796,218.90677821609384,221.04109735291004,219.8166592397337,222.71406504580474,218.97592231636614,220.63071733475599,218.25131585962777,219.14441755848404,218.8393840506487,222.3117717936932,216.59880970331795,218.7003072108876,216.79213926503434,222.11529106669698,218.79723722488575,221.01522981062797,220.6082448485395,217.3060426062743,214.4338746595346,214.6127037353149,221.01219015519553,223.48872027973275,,,,,,,,,,,222.99794169351995,226.1736477978841,224.07914904016232,226.094587789543,223.0498534504502,227.01179659775485,224.58665990318767,226.34708008424704,225.37415108597062,225.56552385897794,225.61383920433354,224.17247417508304,228.2320635760522,227.6006087712869,225.2696530964295,229.29858133231596,223.39177912105848,226.84414752438036,224.3976163139141,231.14744739771248,225.877736066436,228.09907164432843,222.74390617123146,223.6987396712977,,,,
202,2010-04-06 16:28:17+00:00,219.19719325969422,219.41723973055852,215.2289619441435,215.2766724922317,215.09220274651972,213.70452186821237,214.74511217194888,211.86110970893944,211.81147082035696,210.15875384945355,209.07018801766213,208.29151875038548,205.6462045933218,205.04379074303662,202.41884786412615,205.19389121627546,201.0338772780763,204.89923836844554,204.04785043904045,202.5936469669374,199.47669109372328,,,,,,,,,,197.81098848099157,206.84690707086537,204.3560070285578,203.07827754546997,200.7507948918875,203.63557729889774,203.19539817653478,200.94705450832097,202.28038395551596,201.3222195496491,205.3847666364712,201.52945568568987,203.56221880828605,202.93747314365444,202.53410886200194,203.48326619792314,201.464139846991,209.04822853530072,202.8791724254779,206.4336117302371,201.7525262269985,206.81392971496064,201.431046948301,205.23137180774577,202.86766300635915,205.73523270511694,,,,,,,,,,212.69039008713295,213.73587245912304,214.4325143085388,213.85057420598352,213.66817127911597,216.48039864487703,214.78209483943883,214.3367867100761,214.77443962122427,213.33449478935896,212.89299965134026,210.90627255157423,207.85162825920452,209.87212776225005,205.83691784901296,208.4188252686692,209.45671958469526,206.5528329289391,208.30185203991232,204.72458503027292
203,2010-05-08 16:28:14+00:00,202.6719472682764,202.88062778190545,198.82119286666568,198.9901372618034,191.82492752103317,193.13110905682225,190.88316525482165,192.44808154147526,188.72291998609793,193.92784613080025,190.90135734113485,,,,,,,,,,,,188.73627659498968,190.18627171238566,190.901896340054,190.0285389858404,186.50731187064028,187.00860037875694,190.0976616587767,192.79922132237476,190.3595652826775,191.84564185845798,188.98817378670316,187.0741231938338,191.81510708562786,183.30333162125794,190.65523575267073,185.6021140885061,186.26307862595633,188.9642887631667,193.98434588794862,189.80653196911675,189.04231447312372,189.4449946338884,188.3002385416392,188.3486688540506,,,,,,,,,,,,194.8176876932987,194.82941524628583,201.05572559836466,193.6076801525582,200.6362265062757,199.40593200826012,200.99345907770214,196.7891371316086,196.14989575275217,191.78348615747637,202.32095365356847,199.7801047283176,197.6173458182354,200.7080367760363,201.09395680070423,203.6596298307234,196.1755201061641,200.57306664074665,195.55693880708438,194.0788330349204,192.34083014199,198.63627640678675,200.94091936561787,,,,,
204,2010-05-24 16:28:12+00:00,,,,,,,,,,185.25621919368587,190.48432007741712,174.02448283338197,177.267892483855,177.8879394545609,179.47284002277968,186.43907879831508,177.3665329526127,190.59826897648233,182.29925473229162,172.4962674911277,177.9683851765879,182.17391061523824,172.68606578524245,186.57562730525882,187.61397971296944,186.4322022083905,178.48660498926387,186.14106753547333,184.79070864486548,176.80702573059227,184.86381210500156,185.48719511096448,181.36588360840307,172.45753151679799,,,,,,,,,,,,190.14528591152927,185.35860893791687,191.98786692695887,192.64216775457646,192.56587471033248,196.73894830968956,195.0841091352529,192.13915373868147,195.8816534172912,192.8951134730722,192.75962390348525,196.90232125127747,197.1224508102068,195.7549828244992,198.38712034830382,200.64248543270043,195.43672540508436,194.7828828475973,198.71042396288811,197.5168745581736,196.07085542919344,197.1256326817725,191.9907459406615,,,,,,,,,,,188.8000496096426,193.1806151222557,194.7068167622274,188.37268425043186,191.86129340343405,190.63099944150923,191.5113103162413
205,2010-06-09 16:28:13+00:00,191.13842974984118,189.6991248541971,183.9719990771754,185.19647718271642,184.1534268615402,182.80177407775406,180.57301650048115,180.77855619963125,177.35622007947006,,,,,,,,,,,,171.60426229833934,174.60057503492885,180.21622622929942,176.99770582619902,174.043037789922,180.83255144683338,178.75926760401327,177.9292329144123,173.48094639948093,175.08038913952393,178.3843868241261,182.2838375560407,178.2567527187934,175.02215776626497,177.1576680579345,176.68300767162847,178.45120499823747,175.54222596799346,183.06918218919452,180.65478137000704,180.49078270179373,171.51997840523353,184.6893336437107,176.33527288996333,,,,,,,,,,,,186.5253738594732,184.87801917239838,189.5128912762987,188.3256078447227,189.40289664999278,184.52460650244282,185.5667034693054,186.45005163381006,188.26878100621016,187.09297175268563,185.17890981727302,185.53930837564516,186.03894241816934,183.42636274620506,185.99200655915607,188.04172904637255,187.89152499220341,192.38717546659677,183.5905897048478,186.78517605685153,180.45319608390878,184.30674547729134,179.95169639561607,,,,,,,
206,2010-10-15 16:28:28+00:00,193.69936338708195,188.89475676942712,201.1519854879882,189.0251368434834,171.5905216600832,193.12763565300105,195.17445004445085,194.82195438699296,190.2386692121249,176.80316467082133,177.23822372630926,176.47802533827763,,,,,,,,,,,,186.03152915047812,179.9855691653204,192.94531743311092,194.03057145079234,176.69770053317907,190.37798933249167,187.03766775797195,189.72109413189358,184.91934268808396,193.03426379069123,192.47129342585131,197.09012578038013,181.80661856831057,187.04114019636447,192.81286034709888,185.29488161853703,185.93275225102485,188.91320209843173,177.91653506497389,187.82385043425106,197.81243687085083,182.61914229867577,191.4996257310209,,,,,,,,,,,,199.8323989587524,197.64381839286946,199.70922593282575,194.18562231015994,202.58264737919413,191.64534550497416,199.07007264812378,199.6210419828307,189.28732129049098,201.30566594168724,201.65946089204695,196.80260912249878,197.4716592076048,201.77362800557378,194.57766636489382,195.05943723611023,182.5608329867524,187.11852118164362,188.01618385525788,190.11872311648517,187.96729040700907,190.1925508003923,187.87380878489634,,,,,
207,2010-10-31 16:28:36+00:00,,,,191.59073603289718,201.78057981118266,200.1530614194835,203.7627664545843,204.77315482396645,195.5989114933485,189.1620681956308,180.72082365889278,191.5206853402414,193.15945268542941,195.3515516665723,187.28515359547322,184.2166741492013,184.08321955034347,193.40562826329244,197.49441075575774,196.81562613888306,190.71197283974925,189.60744548669183,197.41526183070135,196.17085062350077,190.2697896369417,195.3272526697619,199.2152500564,,,,,,,,,,,,194.10126548466977,195.2640178753178,202.57238510097022,190.09205040005682,198.4468808052853,200.73425869503782,195.06989458517043,202.22850061393135,200.06371744413065,199.387277001827,207.18343015229124,194.14028038597112,196.76590997116023,206.38058066144214,200.30201829708253,204.44350575421078,199.8115492739654,204.88980787324732,200.95968380183217,209.2819009324278,203.94603808422073,203.3354610596578,199.91048897652465,202.4129982113936,,,,,,,,,,,,200.81171828305455,197.5995477961627,196.26181569407385,201.9807561567235,196.02057542104563,203.7903578452627,196.58466631898955,203.94614575476496,195.85989135685588,201.35902392337127,190.56491840228472,197.49037507689002
208,2010-12-02 16:29:00+00:00,221.3085499308895,223.55332607297325,211.43165265027486,218.81630619266681,226.29969015894054,216.37809549622122,216.85273753636068,211.41987490009785,206.70919951519875,208.36037521178355,207.65364480328722,213.115154276793,206.56423207370077,211.1413254391165,207.0201205282734,208.80621131959782,193.4804906887243,,,,,,,,,,,,212.42198661865677,216.79577338411247,212.3712651418049,214.20910453483867,211.71612842737687,215.2686038486588,211.24757605105336,213.58106739462173,213.0727796378502,214.1738221879913,216.8784347767143,216.6578594270488,216.24723827914852,215.75891811492738,221.6558216280128,218.209916551474,220.52357925984577,216.5840120237876,216.1822594242844,218.31471342451934,217.10662714099897,216.60501470438155,215.90904970687623,,,,,,,,,,,,,226.55603831832968,226.41228747317746,222.11360186453626,225.46663230143494,223.85551761641568,224.31001134778768,217.98573854380732,218.4212005462061,217.05954751861512,219.44134234770473,215.75694791411604,215.57512405271999,219.35332151047092,223.12340532379426,223.6040560085024,219.87973546180532,218.06355910385523,216.1963438532108,215.39607645161746,212.96273687343393,219.65495970992305,219.8152838912772
209,2010-12-18 16:29:07+00:00,222.2142486487709,221.61602508551007,219.83856364788366,219.19311196560162,216.33269650207097,,,,,,,,,,,,212.4328104606614,209.6243705194964,208.37960029172692,209.5330910699653,211.80341464878552,208.50930301814483,216.15775841810083,212.7828362981768,215.85597188061413,214.40027440426493,215.35743792334074,212.42060058979652,216.61618478709173,215.25471034009584,213.50276272329015,214.81422600956546,215.2720759502318,216.0288181181488,215.07997399302351,217.57553791815354,210.970388293841,214.3925653132474,202.6663818601649,,,,,,,,,,,,,220.3798643119715,219.21948016263855,216.0034735271736,219.74118222287169,217.57605617141647,222.95728676950944,219.39666214213102,220.45846898315912,222.21311905061464,222.86840544111575,226.41276376152553,225.9615022780665,224.09852553656717,223.71813247958326,225.62664961121268,225.2937491259252,223.80239063480514,220.08763185273492,216.38672624590467,216.89110431599013,215.61211481319955,215.54173160438248,,,,,,,,,,,,212.39206527923116
210,2011-01-03 16:29:17+00:00,234.20084899813244,240.6854705055631,231.5978173281674,231.24443401507668,227.3367637002711,,,,,,,,,,,,221.92998032667109,218.53722596718478,216.45252441729596,216.98985820688455,224.7570281941625,226.33948771277136,233.31070579258545,229.0739005895698,227.96540699219167,225.12665371514714,226.5503850874035,224.0167214910522,225.71884078872174,220.93330933024984,221.35083536389465,222.47462412654934,221.57168460752212,222.98582877673175,217.46570209315402,222.07716296266528,216.52108485305448,220.12240650466293,214.35449640803566,212.21964461529066,,,,,,,,,,,,227.26526720479734,228.90430767553278,228.9917039046078,229.24406266666858,231.22714579452804,231.15014903056323,236.03964240867478,229.62227905478585,229.9260079963933,231.52205180581407,235.70207342076972,232.41629166675958,228.48312293328084,231.21596778590242,230.60590530999687,231.25520079648973,225.68740677052253,227.67500631635474,224.3249699410318,222.21557963551098,223.63061690419295,224.81786095215995,,,,,,,,,,,,
211,2011-01-19 16:29:24+00:00,233.50052747167794,232.8862638418752,232.47995807881384,230.01051098723022,227.5904410131488,224.7396681431109,219.98432729449104,219.41268057507543,218.5376067342044,215.87820497198047,212.83186937465754,212.2715365144363,213.45697224048,208.4612158997577,215.03517758679115,212.05508373341902,213.78953546001785,209.61488057883665,212.6574620797357,213.5963759859849,219.76318857585048,216.4933765483593,212.4042871230872,,,,,,,,,,,,217.34449271043383,219.40786670838568,218.77775626408632,218.16539796115694,220.38421351163683,219.60782690684982,221.25275397894782,218.30892531761373,220.8881151491748,217.93327760620053,218.2043188455067,223.7097489405198,213.68562147907076,220.74024082527498,215.11675056629454,217.31127109522066,213.54246861053696,216.6472525422915,214.11769859122856,220.03947478994942,221.67865384403996,223.99788068057472,221.06712906474976,225.77482399241663,,,,,,,,,,,224.23177241056598,219.1685573364165,217.94340581552424,217.94602198375304,219.90226719497272,221.23210004222216,222.7330149870431,222.01644074376975,217.71374741535524,222.37022209448367,219.8640736472131,216.97800465581398,220.48116973752622,219.1515942306713,219.09931082212418,220.25624372184305,221.1706330315602
212,2011-03-24 16:29:39+00:00,223.0413437583054,222.80110001802893,220.64325450170816,,216.54868528762674,211.021979827975,214.81983089566543,210.3805715403511,212.85690556190337,210.6935873007152,211.22291086181298,205.368675962116,205.87963542045372,203.06292279230234,200.7684985295547,,,,,,,,,,,209.05630258549388,207.61415429437233,210.16733680776477,208.36167895627747,209.58092402119587,206.7205299507467,207.2644859692396,202.57868711392638,208.43656798045862,208.4574068917168,209.46998526887432,206.54180110291637,207.46595247284296,207.01603222773346,195.90284653410805,204.86725335710096,204.09256441610802,213.83043147425485,209.25479664308926,211.96245716341107,208.54391568102878,206.92997398497167,207.0482386959835,202.24646011625092,,,,,,,,,,,,210.81603997091258,213.36921735770338,213.47698046102371,217.18138692734823,217.11756517343076,216.20888205059794,214.50974888566486,209.01624877642504,208.2685716478877,208.91721145615236,208.81443027923848,212.81776225068873,211.17356351948757,214.4409200410452,211.6044606825784,215.71128523642187,215.48392258749018,214.4450830394062,210.54366941538697,211.23159504004636,213.12507525398846,207.2665680550584,,,
213,2011-04-01 16:25:54+00:00,221.73091504585935,218.04610517937235,220.82431414011015,216.45403240757622,216.58295842872963,217.545972986605,221.3617474558197,215.41435052216724,209.2368577346492,209.81605182587788,213.56362447886005,205.56958397538688,205.55112137876802,203.17670827050068,206.28946385909776,200.46497120980627,204.55179525063477,203.57868959413221,195.82491837386448,202.5322324320494,205.51566760566777,202.98540906298834,214.60287605724437,210.5587107934192,211.5330634740196,211.158135018164,210.5142146989942,212.75159116813907,208.8313299187569,209.01009503421466,207.8420706989604,204.62802079257904,205.25987733613798,204.57197023439218,204.9629753469508,209.75230610912558,206.4442531544014,209.5645592047385,207.7457160527541,209.19870379488344,211.82503384385677,213.63795573161318,212.26740678783463,214.90431931303823,214.8018773703208,218.00175314829215,207.2556824034525,212.58002395816138,207.39123206981373,214.63386535265926,204.1627689791938,211.2988662517759,208.52651791950558,209.75858825403205,206.85732201367685,206.32965581790143,207.68016636830728,209.83062500916526,213.8959763046811,211.80551065943223,210.2780493911138,211.42649307011013,207.55296932409152,210.1152989100116,216.1004928556292,213.8880162652571,211.84895870657752,209.31121520121297,212.42187203880147,209.61862702886117,206.79466536816898,205.13932429599618,205.86154142023605,213.03372329294913,215.42369897157573,219.7259395679408,219.0180854887693,217.67657479701614,215.1011173141737,217.49083378109617,217.50968444088895,206.8761972528412,207.12039875976342,212.25768215130603,209.9767899387404
214,2011-04-09 16:29:42+00:00,213.49697071854487,214.60062392379024,210.43463830336268,207.12030260768768,208.2748291138026,203.3750653386271,207.21942605776084,200.46306374441463,200.04495526921346,194.73061434615698,,,,,,,,,,,,200.37031629136254,206.71118871476818,205.71142012078514,203.28912153598682,205.3961184831532,200.0315166496502,204.5379033045051,199.579235249313,204.21279718481003,200.75645671048923,197.2533096860351,191.4416638815968,195.20315156277104,198.74485307293043,201.0707838920717,203.3283465394719,200.6267829059022,200.93333855596535,194.33692453341234,201.44818749694207,202.46503059536744,204.529265033856,194.58086223913375,,,,,,,,,,,,203.64944755953638,202.5227545891169,202.21282911617152,205.1643654060095,205.27194346393543,204.00090507009358,208.4250615707864,208.96702352919482,207.272026608874,210.12752120304663,206.87036072179006,202.91970891334165,203.8706088062493,203.0737166239113,204.9188160554649,195.27610385414394,202.77637445015475,200.9735052694768,201.83935483008588,202.82626800653918,209.3697963783041,208.56213692447204,207.520617759324,,,,,,,
215,2011-04-25 16:29:41+00:00,,212.74802771452508,206.46031951572095,196.50470619755296,204.6637019170157,203.18439868587464,201.74828750162118,201.65007998881077,199.3351968199542,197.35082001436857,195.06709369307296,196.41688120658768,194.26782901976404,195.2154948282722,192.69496239787853,192.02394834707974,191.24252946628553,189.24602009154825,191.95083491757424,199.7229503983561,192.33498598277743,200.55999953502416,201.57934886121268,199.7257328461925,204.5796650107917,,,,,,,,,,,,198.05754728009092,197.14330908226353,198.81099585755643,188.94073854947433,198.81719819523954,200.71507317463988,203.83301382187815,196.1840028958564,202.557672035357,200.040395518094,194.94252341226922,203.4856084313056,198.65466669862394,202.09587785489236,194.31259828499788,200.9755882795663,202.27003196399855,203.5396129614425,202.92607142512867,201.76589882172186,199.81072283790982,201.64429781491688,201.22491030579434,203.24186619184178,,,,,,,,,,,,203.59318392564998,203.46496016083736,205.28163826240268,203.29090670706273,207.98250883982266,208.17050107246286,207.24219540842333,200.32371378405676,207.64082770885764,200.3054384428498,200.0891861825256,198.27654155854088,202.59240297275156,199.95593718940341
216,2011-05-03 16:25:42+00:00,206.34826444879874,203.59308294169827,206.33640312406922,199.6575757049403,187.57472687924667,196.53852358880405,,,,,,,,,,,,178.88022517419543,186.3811623959789,183.52869289326262,183.20374090042384,184.48853034581754,186.05657383522032,189.89068371004655,184.0642219851094,183.56519560950406,179.86107750920377,180.66704824781576,192.85495373426463,191.09835340389745,197.3588670964322,192.68041862305714,195.1504426851546,193.5378074901311,193.40102271294066,198.34736298287848,195.2097621634397,200.403938137487,194.67321078018182,192.04914783579005,192.49564367495543,194.6929574041221,195.6523558695055,193.3176460884035,190.36688733803325,192.88993098655794,193.89427295647226,207.45303075658293,197.95134219224653,200.95592875462225,190.92305405539557,197.5453384881515,197.7819448475339,204.80385840620576,199.70925298046538,203.60285106558928,201.58824852133148,205.35075060115688,200.33947317545952,203.55178871370313,204.77736991535116,203.31520485421788,205.20502983747704,206.36726337740782,206.94643901711655,203.92088859658722,201.2352891146941,203.49596691964177,205.0859389000362,204.5050088178741,205.67248357122855,203.50287844621585,206.50178674843758,201.2414082357014,200.94688714564353,203.19394885389252,205.84678910874464,201.00290593706083,197.59781061788428,200.65175818465164,207.2672761460989,206.46343388372492,201.20719846394945,202.0989402613673,202.9536962127598
217,2011-11-19 16:29:42+00:00,206.6578842009678,208.6836559984382,198.96606886926241,183.40632424331528,188.42041767980558,193.73257823402105,191.1089724187256,189.42665391163357,198.36700959927984,190.42866866863773,197.62363985927175,182.13730054220923,179.89795036188647,197.24422246424413,197.77476567573225,183.34267440814548,191.869847956335,191.39812238453794,197.3667811257149,197.20320350948037,195.99786447105726,194.58335876507172,193.66531316425707,,,,,,,,,,,202.29595964128367,204.88804626084416,200.25297173668002,197.24409376588466,190.04529874677257,199.76269403714474,196.29270212617175,202.21652503509227,202.70143342574934,196.45532235130793,205.25658635574854,203.27724923973864,194.9985286913459,198.6504474969493,201.13568146639,195.47440143225907,207.0164930366034,200.00969799229506,205.86093981123537,201.24278626074639,204.0443809552357,205.8662332358012,206.40426068419362,200.109814202395,,,,,,,,,,,,211.3744525428185,207.34047266006675,207.69658060410947,207.26978201989292,204.22944413686227,205.563238286912,199.8478248873503,205.13081495797323,199.26892160989703,203.34639558242228,200.81489683354042,198.1983185309394,195.64108340714407,204.40940161433036,199.61329408433133,195.95397151611223,199.35483481619468
218,2011-12-05 16:29:50+00:00,205.87433287611057,201.48833502972928,189.22394137461848,193.2632049790984,192.17111324495858,192.46027722404423,197.72968183673808,195.6521209915198,193.82986224593247,190.57790555804178,,,,,,,,,,,199.509921565691,198.76163405388692,197.1386309717525,196.87578434355456,193.9986167947785,193.68974035373964,192.27029225004378,192.78111398958598,196.58660420854926,200.63490044122926,198.0929631312356,200.01226580891895,197.0033171711352,197.8240845753136,195.80052239685,196.1558683481146,196.4823054502279,193.9241248639817,194.75253553202955,196.26140409263462,197.4461885472726,195.78961239433093,195.4739904049589,199.38787822217944,,,,,,,,,,,,210.50699928604385,205.57109263467842,208.12138193723217,202.57349170882992,203.10163911599818,200.1873763015867,202.71661566104368,206.23602984531522,206.3413479482218,205.7140716257546,209.02490669839506,206.54399322724416,202.03865365788462,206.84203151733436,206.24684985124225,205.7259445303736,201.2256414762421,203.92624710872488,198.94542003054033,203.1475578525256,201.88483049246582,200.42721929134711,200.955792824574,,,,,,,
219,2011-12-21 16:29:59+00:00,206.40815020324862,209.6598621899059,202.06394916438893,205.67407852911612,205.1243081596345,201.05077654279268,201.87324282215525,198.01590285043156,199.63457345916808,194.34608532006743,195.56660199469445,198.0838862402181,192.2531569932661,199.07479916445033,195.49659581382465,196.08805220471135,199.3144964829346,196.66544966669574,195.92615402011216,199.418528026407,,,,,,,,,,,,207.3592884210019,212.41943756320393,204.68984856587,208.69277081026638,202.9504967917258,206.48126744340865,202.04924668950383,205.59985542116885,205.30627045464615,209.3436971724568,205.90266551262636,206.44965822114546,202.02208774325027,206.5922692970827,201.48478409372862,209.40500189925638,204.83790898345674,209.56492036003795,204.2302303685897,208.86596382877576,206.97317780559243,207.2716491372117,211.44051145122464,197.05401915994906,,,,,,,,,,,212.59407119438367,212.26159043883257,216.01777803041165,210.78708853301822,211.45722686042166,210.0679141722448,209.80014041358953,208.89242662125156,210.89919182444427,209.665409153858,208.71465558029072,204.00883505490594,202.55759938179096,205.10247557263736,199.44327022238286,202.96190174367672,202.39588976497265,203.40122942184433,201.02482619332352,205.64387327665023
220,2012-01-06 16:30:06+00:00,218.06938993361936,213.9034465853838,215.43708594494873,215.1869221620476,213.917552259046,211.49501982184242,210.91374618381226,211.62449736862592,208.52206513044516,206.15656975609198,209.56745886954917,210.04553860852758,211.1443387685038,209.39741185244944,207.35610807132954,211.4162316442916,205.57221403003436,206.8181620327428,,,,,,,,,,,,214.49885466102455,215.8640090218346,213.3049485039008,214.94199068552984,208.23109245235224,212.0375422601887,206.4236846040989,208.33915152383736,210.21015782469425,213.30852659664248,211.90857800679845,211.07416322266457,209.65744750274862,213.08726845768985,208.598956384026,212.63329335034658,207.06167096174016,209.76620819388003,209.38840760715334,210.38761053855063,211.06637654189166,212.37742770856153,213.65257970139376,206.45437719714187,,,,,,,,,,,218.0900821923884,214.59872741843233,217.88645663058418,218.49947732980354,220.14199532728958,220.20963449764582,218.82946153913844,215.92722770717873,217.52219550432451,217.3168820156864,217.52795329520498,215.1719101319262,213.6408894088982,213.53931820331132,210.12441196387186,212.2518830471974,209.8551715528806,211.81925138731657,210.6722866689603,214.880174375749,208.4505577470932,214.1172846445404
221,2012-01-22 16:30:04+00:00,229.11289837514127,220.3316683115176,226.10371308537893,216.579185555188,216.71110432008228,,,,,,,,,,,212.51323966208813,211.90942548350503,211.394526350496,211.00583426965062,214.51204990775972,213.64311938104004,216.808172942922,215.6828294070685,216.9652613934347,214.3802985394593,216.9761244616177,214.3783535581234,216.92249385420834,215.3867713472674,220.3758768371888,214.59448883087055,217.74162081467284,211.73491995137525,213.3888778784756,212.81932842791272,215.36786682856425,211.99362360576316,216.76990681514047,214.9629021124768,200.60866087483555,,,,,,,,,,,221.21913035070807,222.20886133976666,221.3649556715456,220.27005739796516,223.49656120114696,223.3478201730504,225.1689094655442,224.0371812575358,224.53529639765267,225.89907993603387,224.0060399744671,221.5630077727957,220.56304949512628,223.27158488456587,223.40690343527382,222.59473237130257,222.23629945526616,226.99514219199955,223.0743262081123,226.53245982292273,221.92528292588335,226.69951896974086,217.79652624307974,,,,,,,,,,,,222.80368454857012
222,2012-02-23 16:30:13+00:00,221.2284797978494,212.43577259183513,214.8742431672597,205.97484727826674,208.1410298807523,197.29517177551836,,,,,,,,,,,,210.01508896926828,207.71921832244618,209.87476390694428,209.96895170552725,215.05813004207866,212.07642790419763,211.42778363333284,204.46444958279528,210.45028993819287,207.09748206055096,211.0975327689633,211.7537505319066,210.78671614986425,207.289298397038,207.5354049171793,203.44127454768991,207.20525885782368,202.5478275881121,201.76728047752516,200.42957519234972,206.38425132867428,206.8498865898666,207.51283888210133,206.2766345593601,,,,,,,,,,,,217.92862641633351,215.45577135611546,216.84913599700593,215.83253802803148,219.2303760027096,215.84555027984817,210.55886303286772,209.18326570883204,215.72260231399156,216.09859215042985,219.71248637300255,218.48279492272542,217.5253483259444,220.5820573972911,216.42273631709543,217.69109375999412,215.70796752302644,218.90256407134743,213.31800928766953,218.17720612855584,214.1469673059678,217.18375710912224,199.04321385645304,,,,,,,,,,
223,2012-03-26 16:30:12+00:00,214.93877190986694,213.9861095840907,215.49870932366653,205.91297532127476,206.92918947121083,204.02883822939322,205.645890012922,201.57616428386942,204.4856495225807,199.20070382388226,207.66340391888278,202.5063840552315,207.29299172192998,,,,,,,,,,,206.41650900372878,201.76984502197996,207.5302067608267,206.00156035617167,210.4758773797117,204.44005793506,203.33967675056508,201.92007692236308,200.66426062678667,199.04127152347408,200.51243308134644,201.56742833165058,198.9452405231884,198.9634587354782,197.37152987673286,198.3855174339008,201.00399483727355,202.7566941905463,202.1269215487483,202.34618124921272,204.4627276861256,202.20403991339398,198.9740319356476,,,,,,,,,,,,,207.57722099451476,212.55035254730535,211.7146449351825,213.91196302665523,212.84517138649187,213.61599811501233,212.23310875423954,213.67638394135514,215.46845243864195,212.12805237492177,210.54518709578812,211.829021545299,214.47641692524277,213.48608284996206,214.50643161858832,215.54779039098875,211.98713999603385,216.01234913227646,213.21165644627632,216.88348787385615,211.98326916865523,210.84969915099882,211.23806193477458,,,,
224,2012-04-11 16:30:07+00:00,219.51473072865414,210.53404994540267,212.61933292718948,206.24685944987502,208.03009496923346,204.30857435794573,201.1146124372274,203.52514926571894,202.3840264483926,199.77347397486017,202.42193307311283,196.41681766149702,201.98403556419046,198.0966795802235,199.51101338657705,201.50920085859244,193.80363559963826,195.99326593359396,195.5085764976579,193.53511393830584,187.93906159339772,,,,,,,,,,,198.95607687103313,198.82024682085944,202.18266174652882,197.60177082165097,199.08135638550004,199.72230799234674,201.90085379018512,200.55879316860344,199.22678316460835,199.8159328430728,201.94828232115063,195.74655155384278,200.67866155740603,203.0790974117776,200.16274819757862,204.32940865948208,200.76891575146146,200.79999322083637,200.56343068765338,201.8521176223976,199.33043027021347,203.8068278837987,203.57189789287014,194.93982541254076,,,,,,,,,,,,215.43033804443226,211.80432888961175,211.75756621812965,210.5528834787712,214.3377862148128,210.77116438680014,212.9591757491453,207.9570070937623,209.10390483622058,207.7531669197347,207.52762512133668,210.01619378688167,209.57749051173985,206.3986111972347,205.60802663171773,202.4670386042539,203.19672263338646,206.7745014288389,207.38000580994267
225,2012-04-27 16:30:27+00:00,,,,,,,206.77142928559132,208.47973113252272,204.4630179140252,203.1572096471554,202.1843802780059,202.29988909338346,207.395892846346,205.13965743827228,205.15203085019238,208.62735529035893,199.57505385890676,202.74489604648565,195.146616410612,197.39547860789403,204.70342926859425,203.9242149365455,202.00086637415848,205.9122478629827,202.2979037546639,204.3074280200218,199.0739155990958,200.7291657027614,201.77746003301962,203.1522624905072,197.52457557823828,198.40315247352225,,,,,,,,,,202.45002315561098,199.84479012384185,203.1003341425872,199.68584672640196,201.74634519364963,199.0195747778298,208.5920789177769,203.45179339759443,206.44071552154747,203.65399635611078,208.52575676264362,204.4396932948601,208.29356239555435,206.404158695049,206.84604739016763,209.46843920691035,206.65069558267606,209.50167641504356,205.35317183045254,208.15039550922697,207.30550064880973,212.41465742200774,207.62692892056216,213.74359487835636,198.53145305326106,,,,,,,,,,,212.3928982316867,214.21155534918992,212.76460739478247,212.84059378871294,209.63096525062596,209.07847839374395,206.0231945288569,210.62618127785348,208.42622179211793
226,2012-08-01 16:31:02+00:00,208.16163608435838,203.42294963711186,194.77868476751107,202.38835577812415,196.44049109754022,,,,,,,,,,,,186.57776288175106,192.38630561463475,196.55264355470405,197.90826198450102,195.46466994077818,192.72965417816758,193.5824854913763,192.57001128660443,188.22009714656147,192.57976185860008,197.43349134590952,196.8405859156884,196.04848057506382,195.29943495592198,200.67945168052506,192.89957463284054,196.90734262087147,198.59729562855628,197.63781391687635,196.8676434827813,200.50263873097134,189.3893728230558,201.47704928324623,200.82602919658115,201.00632806019235,,,,,,,,,,,,203.2653256778108,206.11847678956593,203.7725243489532,205.32317931333074,207.2248188766891,,210.26976010391184,204.9032740322268,205.26314328181886,200.07711182267303,203.23969590239537,206.53772264557062,207.41529768720028,205.2830030042774,207.400752375885,199.50777222228942,204.22148825276327,199.45871453193993,212.22556852650214,202.27423104205334,212.18351935878638,195.17063969367234,,,,,,,,,,,
227,2012-09-02 16:31:24+00:00,,,,,,,,,,180.2357130563257,183.10000660875733,175.95255431907256,181.53552080664758,177.56032376380423,177.1172310336625,175.06625411947562,179.67562453657357,176.45696346417745,182.38172818841758,173.48687155673116,182.50222754568125,182.6155202598653,179.25810281748437,182.9095470489856,176.20347805042687,184.93974322197082,183.95571963558507,186.5654015041057,183.17764634862442,188.16585541873752,183.24657900872876,195.20639839667106,177.45420708641026,,,,,,,,,,,,182.91130847740422,187.29206270100448,178.84381781981023,185.1782548516639,191.65497100383308,182.6406849260629,183.12130982243147,195.71888154230535,190.31244535004444,190.5472345941873,195.32529623238568,193.7332975342713,196.5718111106028,193.5125234764328,198.16877854762183,192.95664525310534,197.1177104761101,195.12830843253414,195.42769905121605,191.40760534472645,191.7015124498869,190.50700929665945,187.44252230528173,,,,,,,,,,,,190.43835676785406,183.50356676304045,185.02652865157648,183.3363180797984,181.61342312272984,183.42116320274906,188.40974142790068
228,2012-09-18 16:31:32+00:00,,,,,,,,,,173.68742579911006,179.37952952832222,175.09677504565337,164.7165578332696,178.4563224798955,170.2823364148912,173.5677738917918,169.1936336047227,168.7846871922548,184.21702723029017,175.38440294273008,174.92209181431005,173.19441255026777,176.84581311223033,172.43336153491117,172.49446312073036,177.82594466960455,169.58995370839364,186.86527519062946,171.64252420755474,177.38452133763641,167.45016529016533,176.39493976797593,,,,,,,,,,,,,172.93974785968615,182.92532509012113,184.9713866912739,175.45146955219985,182.73495049680818,189.06926174161816,185.35729721433808,183.06628320510998,190.1387942061496,188.79795227822493,179.86573495281615,184.7434811040442,181.12038559676935,185.41487367489557,182.36547878490933,189.41059879982097,178.22219865102383,189.6980172730159,187.3685413939852,182.41906678259855,184.43097217483955,186.0896551586048,180.1808122109997,,,,,,,,,,,,187.39303087241368,182.8936955881219,175.19067410356232,180.02097397711685,186.49577168013258,183.22640574446763,181.50145450044138
229,2012-10-04 16:31:42+00:00,204.67256202768596,206.21721058972906,203.520238500264,184.87711805324633,190.1315456268793,195.68463287173233,192.74100972802637,181.39026897896628,174.97145052893347,180.9028439603296,189.09436250859918,192.17272967812377,185.98504783295527,179.06939232214245,191.89909791211804,179.98307196372832,190.67757518719358,177.73916695135281,188.92310364613724,177.51934257775167,,,,,,,,,,,,191.2160303224879,193.27554065412014,185.59734281740722,186.45227089323606,186.8845851946207,193.89948372582907,194.1888666728713,191.33484181924052,191.14083988173797,194.94077781217962,185.02236557477266,188.50718947194918,187.8117623884962,185.75162429029984,192.46044455810426,189.30976694592573,187.61576277024102,191.46761135155947,194.60848644205933,189.68267385075578,186.2437537115542,191.0704269243388,194.96027743501628,,,,,,,,,,,,198.6680914554496,201.21842016015438,201.82611319827487,196.6323115560483,197.16682680537872,194.04764492497162,195.36781050464225,193.164586698378,194.75910198177442,190.50718435387884,194.31742931145337,190.93274092303267,199.34310184172364,196.75143037923053,196.9346449970279,197.75714369126186,191.59849636232784,195.63889350664468,197.06385096116307,193.32475442866456
230,2012-11-21 16:32:04+00:00,,,,210.5797598228156,203.4282962837215,201.80539551478617,203.67751370651632,200.86083864448764,203.6245038913538,197.91220775666807,192.09664403240018,196.0997862945162,194.00817409288553,192.1796021795784,196.6862090502406,194.93210868303296,193.8207374133942,194.59955713718816,195.58267557017595,199.29280364257642,199.6345374784194,201.75566921805,199.8854623785434,197.4361815288766,199.13000081659177,198.70195057144502,201.3996279920479,,,,,,,,,,,,204.49903410172575,200.63558010593079,207.9493263052759,203.02182245553115,203.55984286734113,202.39893222195224,202.5749871959227,203.77396253319745,205.5662586728358,200.1630718345681,205.84941478720498,202.40394712766746,201.16465887679766,209.96206036766125,204.0497882032234,209.05566450569933,203.74121751832882,209.56149041424592,202.91548859094618,206.6976797609456,203.50664016251142,207.94071035363183,202.2384060874278,,,,,,,,,,,,,206.75303099714745,208.96904800400262,211.84281996722234,211.79945621227583,207.9243509382941,208.07383266107834,209.07500965606488,205.45002105192657,205.21459111891065,203.75215209135428,203.8645997024684,201.7622324308871
231,2012-12-07 16:32:05+00:00,209.8382414352653,208.2589256679303,214.18655165902177,206.40562570920653,199.51882409942183,205.16461566795732,201.02049251915204,,,,,,,,,,,196.34043384077293,200.68267276751894,198.95473696673102,199.27343731019485,203.57264032163113,205.7084276020402,205.1501540199761,201.2666043419399,201.53949720698898,200.2842956927635,204.5880873904026,204.1295110373479,206.2044690491317,201.17737415527793,206.705998692233,201.6979532831759,200.71776797960433,200.08412531249434,199.3671688057924,202.8941576220231,203.57601060552946,201.728458970357,202.78635356600222,201.26711480732126,,,,,,,,,,,,203.24759045839932,209.66079295439232,208.14908192217277,210.9800411994089,208.94693118705342,210.24155799694933,209.8781345447421,210.5777740464562,209.22904060328185,207.5155576828207,213.22972348329054,208.8824885944037,211.82906725383253,211.7302854020702,210.6660544298933,213.16830648115888,207.63874707513153,212.32607594565255,206.08427360725244,210.35705249446482,206.22799401026194,212.1589984603351,201.5183082083133,,,,,,,,,,
232,2012-12-23 16:32:13+00:00,,,,215.45065040689323,219.19383101263003,219.184405217676,214.47638037297824,214.72395805864767,208.49008456032502,210.5507951931402,208.16686755288765,208.32314597473783,202.80977739941656,204.4428267134368,207.17074244205733,209.3822602372706,206.67963054591846,207.29953149157043,203.61288132868987,210.07342839789405,210.15531869895156,212.25066105844283,212.81550974773754,212.19708682662295,209.0983296151824,211.43330682996586,211.3149766453155,210.98913277102835,,,,,,,,,,,,219.4776041912051,214.27628728997885,218.0797700650471,216.73465173510976,214.58045141553893,215.84361497180842,213.523805388898,212.35722790599792,213.9511203796003,213.0042980129639,213.8499614910218,215.9762807561689,211.83376533197784,215.3939700605903,214.42740617683484,218.9342569601662,214.89268351512746,223.86801543418824,219.3708884644995,221.9269404773797,217.40419614999334,220.4313302210549,219.6167472098955,,,,,,,,,,,,221.542944640663,221.71932926491638,223.929388786771,224.1088113332563,222.39301756255813,222.57219422612548,221.82503064717199,224.6388731635222,221.46455077347147,221.6796980296557,219.07506388148101,216.52762018657322
233,2013-01-08 16:32:14+00:00,,,,,,223.28448219482948,220.11007955999074,218.45256372808547,213.04817391981356,213.77304792952407,211.25241960051187,212.13989589998616,207.7384845380985,212.25082799450877,210.5632574363786,212.63409272737303,211.7371211559192,212.69305107147238,207.1093143600668,210.80600685992863,211.87131392604863,210.61941904293928,211.25918330616494,212.79890517276527,213.44802456705062,211.8988198180316,213.54002486860105,214.88260898493303,209.88692443799516,205.97661685771428,,,,,,,,,,,218.51843128401538,218.81141040276557,217.5865270408475,213.71682600571845,213.895083576551,213.63934111222798,213.37851405118911,213.26736915532865,216.1656431079202,215.3695699642222,218.97554673406353,217.00400362783537,217.72943059233276,222.71431832630714,216.58190662111468,222.92726055880485,216.59847235335312,219.22618732397586,216.7235924615295,220.9771975726292,216.68722474819333,223.24554611298672,223.28378886181693,227.63678041665332,,,,,,,,,,,227.5854745465493,228.81590917700555,227.9893246311653,226.51388785838023,226.32095034106632,224.44449977163993,225.8742235495504,224.6715842695135,222.07362355383174,222.14514607339032,226.04406871524117
234,2013-01-24 16:32:16+00:00,231.65442536825003,225.46307196933975,229.3397161082153,,,,,,,,,,,222.16835218176425,218.57904969105232,218.55314736214154,212.8353707334214,212.2915509009751,210.40264992313973,215.38228694594477,219.58064314305742,224.7251494216623,223.74841478397144,223.87157472873773,220.14557370142737,223.56534705961923,220.31153716533382,221.7927131188321,220.97915730896784,219.50164224554274,218.00277507392607,215.77456602349395,216.43220422403758,217.31929476074725,218.0350122641818,216.58706483083333,216.4486682696256,,,,,,,,,,,,218.35034528294867,217.2590734395455,221.06537200298715,218.1800060290007,218.53661131177324,220.6178842499742,224.6428098830645,223.16991577947496,222.7680448048689,221.25290555884277,221.44017203328954,226.61055981787513,224.0892960613478,228.15587590361875,222.76467970536885,225.19820892717524,220.69954744739385,225.7062180882021,226.16119831922146,230.25047007613477,226.8999683919451,226.90624535233223,229.46510660829293,230.68599185140792,,,,,,,,,,,225.13575697447516,222.75246631474323,224.02260233494187
235,2013-02-09 16:32:17+00:00,235.82268585388,231.29583658276542,238.33800630329608,232.1885377735569,233.4225903787814,227.9726383267693,230.88771654572062,,,,,,,,,,,220.1719006114091,221.73368594270943,222.67659196347657,223.24023927504564,222.526442073828,226.049353638183,228.01213571203198,222.53739377352719,222.54397717247355,220.68424509014787,219.0052352679503,223.35065199402288,221.0200049439625,219.8502676271052,219.76603070945941,218.40376017960398,221.6553022771821,215.98771208146962,221.7417250573414,216.05672091181992,223.85209951153783,221.07008507218785,221.987385069813,210.20540808012382,,,,,,,,,,,,224.42675417038785,225.42579131000733,223.0594033129435,224.56348220825527,221.83169423405852,227.37510185202862,224.13294427534217,225.31282387071613,224.87572187958696,226.1353088455346,226.5234167875126,225.30845455656993,232.21142351136845,224.93784040370912,231.10723000168952,230.87180012516947,228.21242332171101,233.18505626985723,231.3452479949828,235.05330138933428,227.2685350237399,230.67773073820976,229.85211939191802,,,,,,,,,,
236,2013-02-25 16:32:13+00:00,235.7203692345516,,,,,,,,,,,,223.53493668066878,226.09264269291506,223.86128955196367,222.2662479234863,221.90591179655053,220.4724626673839,221.37227121736024,223.7455143919828,225.0799214995427,226.35707310785347,225.41496217610236,227.0923997069704,220.9565250598884,221.42492753689558,222.34094061914843,221.64204356010978,221.99777332169847,217.71828064211377,221.08735661421986,220.63176995477139,221.06286609647378,217.83000298304813,222.08535658101522,207.76380864919014,,,,,,,,,,,,222.06770788180674,223.97144750115527,222.4213214438284,223.47930093520037,222.4724297039914,225.33910260845335,223.32033790408843,225.20878896994316,223.89944912577928,224.3291437282317,228.55280421914,223.9933053126223,228.50245778551766,225.90422193191057,230.4876406402968,227.76767056030428,228.95645383592156,227.44053916195492,225.37782839159996,225.75841221557835,227.43493673619733,234.49852445026778,228.13903700418246,,,,,,,,,,,,232.61758299266012,229.28750521442643,224.91567871590797,224.19818339321642
237,2013-04-14 16:32:04+00:00,,,,,,,,,180.49774722502207,193.89951050119018,193.3586182173057,191.71340416471568,187.77066959963247,189.3964269686499,179.74034644296395,191.09449107876046,187.18226056182183,189.2583171945821,190.6171752510144,188.55204213936202,188.71781993512488,194.0445149173852,185.11408114625078,192.2206615713359,192.76118134451747,182.9346161700709,188.21365833779447,188.14980794537536,185.78630285714593,188.96272850803734,192.70316249352038,173.74442890714892,,,,,,,,,,,,196.35620363906892,190.49736973697748,189.17227827431617,194.63815811801874,193.08222991688922,197.10952755562795,188.97258797454268,187.1236328064579,194.82247721170864,195.65288249153352,196.7565935229947,193.84521600004913,198.87769829124815,193.30609331611075,197.03913735680592,195.7879637636054,200.75947210409703,189.67015717546434,198.86010157382782,190.77039399528542,197.57602299259787,198.23822376327809,196.28029137466956,,,,,,,,,,,,203.33645189174337,203.563631821922,202.39273242261493,200.7744617960816,196.23323289422052,199.8619413994418,198.938669714383,194.1614543288001
238,2013-04-30 16:31:59+00:00,194.68357114990283,195.36023214885927,190.36900035678067,195.4999299996522,191.005750080619,193.30304529670855,192.66537593605224,188.8476799635231,,,,,,,,,,,187.02009866647057,184.56806061233965,191.30314452993522,189.45764905343665,189.58639635241613,177.86506395553434,188.49146002184932,188.69345467437225,188.57592811502536,188.0928692309495,189.37356872888287,184.51392220146667,187.90923670628067,188.92544066840637,186.99042379416485,185.45731467839815,185.11831497260522,186.88254766209837,187.9734524139129,180.88709525259088,180.55755158002492,176.33148035830553,183.15474391157275,185.3653776752703,,,,,,,,,,,,197.74467437961383,195.89162211849955,197.15367168762634,194.17229848298808,194.52981787077078,191.6676754341394,191.8164107225501,193.6570553940688,194.38589821276972,194.41569322347252,194.41766577541296,193.17052661390036,191.81719178734215,193.8860800043516,196.13795035210237,199.27146972585615,198.43098282054785,193.28822812301644,198.43401647444804,201.98029966689833,200.04012009858033,191.620239738014,196.23982412147242,,,,,,,,,
239,2013-05-16 16:31:57+00:00,204.02904438139353,200.3346241357006,194.22186837756504,177.71557466476182,198.42047173468853,204.10728070004694,199.66625482070887,,,,,,,,,,,189.47220182435024,190.8420550184904,189.9777296745985,191.58262228236984,197.56720355290665,195.3768785816583,193.5806773024866,184.30071545325202,188.0951636436905,193.15665063121335,190.96899034782626,191.83719610113238,198.07328163078128,188.1024567092295,194.94292591857618,190.6935422428492,193.60595506960314,189.76034993381148,190.89903070988015,194.67188499744242,187.52423548209444,189.8927444796494,187.5794875628686,193.23643499447692,182.71818265672533,,,,,,,,,,,201.76363225858344,196.33400553136724,199.79159069015316,196.23789477763285,198.74034039954364,198.8338175356015,201.28682949943595,198.1133834459152,201.81732010240188,201.97441398645168,199.71135962570463,202.95248991591512,198.97841235311978,198.38102908414933,198.38652637611938,205.96736143718883,201.34299086575834,205.8816117242729,200.35285366330447,203.34966395781817,203.95283804342174,200.10838499974008,200.59857412631123,,,,,,,,,,
240,2013-06-17 16:31:44+00:00,177.94380939638194,177.7394164898744,175.7514423139263,176.43642837535336,173.3841895658781,169.95368346918556,167.74204962279973,162.61848165049,166.98512137668894,161.15099276013925,,,,,,,,,,,164.93520018794925,164.8793917825138,172.4365101247006,170.04506755032628,174.29820707557394,171.0392064849337,167.63103891516602,170.64657227899443,171.89292250617592,167.79505812594616,168.52469357701307,181.78655990553338,171.80239025039808,169.53974802597867,171.274029968509,172.73600192308157,175.01932679834877,168.20964732799723,170.49506683507244,169.3997690488905,168.72493084503094,176.61725814710007,171.67111725607361,176.5046888605919,,,,,,,,,,,,176.8859520315802,177.8100411614009,182.34503525912433,178.3336390700386,178.36292294454353,175.9946432428638,180.12376331613427,181.34571110607067,183.88166043101265,175.99457339708215,183.72621194634058,184.87588639618062,172.89810957949007,173.99105558738583,175.57045703220354,180.03820069648572,178.9753254676724,172.9986687002693,175.14569793112386,175.1317143246199,178.22186763698647,179.74729269932686,177.659053259206,,,,,,,
241,2013-07-27 16:38:04+00:00,160.65118854416184,158.62471415746177,156.07832085387926,167.6122194677103,168.24685740982017,159.2821936705226,164.21738200846914,150.3520809180491,157.71213828308103,165.10420949365377,160.063666510061,156.05567647875506,148.14649483469452,155.7359312153424,165.6121169222285,162.5031785751484,151.5116536707438,143.06315180215037,171.65963988539858,160.58748606644923,159.3896921395669,165.78131377696923,158.92396569192076,162.17245370878388,160.17655464399797,171.9788705519995,154.26047839261037,170.15548761352386,157.59771431831436,173.85513311467068,165.84088225279098,163.59917420108937,153.53481425591767,166.74973956387663,172.507038431368,165.12752589674628,172.31823612979832,164.4197088230291,164.68529332179716,160.57856318384393,170.20796490297866,167.1855692624303,167.3179956074438,169.18760715997513,171.98619485147853,156.41901015020537,174.0649982537499,175.3355869326787,170.66571179841017,171.51005776487935,175.12292140539842,168.63721647327245,178.96112345192736,168.97348376169097,179.9513907382048,174.2219726682312,175.89927314822353,177.1283740618563,179.36009163555178,184.18732262025847,168.8110219464958,184.06088951326709,184.09273851532603,182.41186398117517,180.5648809215314,185.4066105373102,184.29506636309407,167.11295072078985,182.06215311692307,181.75616296906378,181.56707304903895,180.18676161120013,179.3061699825079,174.14714104076728,175.89421065730113,183.60995563842812,173.2967782172032,174.6011465984715,184.91536779416896,182.124202333308,172.84164784202076,178.61977205797368,177.52323313370178,176.01511321437246,172.757727446563
242,2013-08-28 16:38:07+00:00,175.93322130050817,167.8112052449747,171.71172602361202,161.7689659170517,163.81637204937041,169.00623276044703,169.51696485006855,166.1388347338287,161.8324533571555,158.64990518195845,160.04752263604453,159.93844255787872,162.8756027929534,162.15563629572608,165.73324751016617,167.8534969929815,167.77520637102765,167.7001786293391,163.10144050538554,154.84703498028534,168.30903324879733,164.65468553856,167.30594746756688,166.38995252491839,163.34972032157515,168.4224184183078,173.29746520949075,170.7253605117833,165.33100482241383,166.08288291580553,166.27527704884565,168.072805618951,168.19652783034138,168.6577834474779,163.84152198056577,168.41587302209777,169.38858625210793,172.09984365006622,169.00023373446874,167.5841952994087,168.11029690863978,169.02324678867447,166.09373541928176,170.84238786927926,174.01856348874588,168.24483400492662,172.8814745315418,171.2136280222985,176.57932080132568,171.82644496782433,170.09148543455785,170.11455074365483,175.53018858449963,178.09726575360162,175.14268507636052,179.06345267286096,178.99441802695068,181.83968319328517,178.89995455431057,174.43607299389637,181.67118483339144,172.8282157315177,175.87480885567484,184.52054104285506,181.38090940833024,181.01818628530805,177.06666553646554,178.57086394433762,177.1438247163135,174.68268584749615,184.4688665460204,179.18425390659866,176.34781790457964,172.1018134754117,177.85797068506656,180.54009318881822,180.1648999691629,178.50272173214285,178.4908857507074,172.55702487888425,172.532144066197,179.2213384602849,179.17942189210734,178.87638460632903,174.62268359882538
243,2013-09-05 16:31:37+00:00,206.57407890134053,194.2210476712885,190.49897473010424,,186.41129176978626,188.535159679974,197.6028664243171,195.59444678355266,182.1021184918276,184.35853013122025,181.18723046611277,,,,,,,,,,,,,190.6695736414222,,198.49544401437467,195.31249702750463,206.54541856665804,201.20451504087728,189.63327958364022,197.34478452546927,194.18926366965874,201.42706060738615,196.65139379112318,196.64105285644092,194.82899191170617,192.68131173200172,207.44652383975034,202.75021369897885,187.18363369182362,201.5769945855448,195.1896724690047,202.10032085768216,200.77841016776395,199.36100526528503,201.66545546395665,198.80543971152264,,,,,,,,,,,,214.60743058519603,,,,,,,,,184.70990078380612,183.31973233192764,180.23439391057764,202.4453896295414,207.879271208779,203.58263845100655,202.30565960509517,199.42597928308479,207.8764650054379,205.12270558826344,206.20798643380644,207.51954581327928,198.18914021964986,,,,,
244,2013-10-15 16:37:56+00:00,177.65205028629398,182.17526069268203,178.86815108116917,163.53696650944,186.7342565531723,174.24297358270573,176.52356746706155,181.18256272476768,156.46019533368556,175.134302318548,171.53857293887452,177.01115202757603,159.6224297700005,170.56509639820555,173.15201180218298,164.32806168970296,171.66282982852258,181.55612436789224,178.49438646822423,169.79902774908717,173.56903111067314,174.43879051694196,183.33801452623905,179.29272255692203,169.66114776806845,182.0148264882068,182.01415117004248,176.89015418071145,186.89272455119507,174.85068399081467,186.7840193389497,176.50431166799189,176.5184068044735,183.52893115253875,180.48591732040614,176.7477968825475,181.02597204102545,178.84260149394274,180.84874176338002,176.37837155385446,176.95738027000027,181.01691434777388,174.97191156782347,182.15619865863573,176.92551906064872,180.88013851304092,178.51102996629731,179.7911998794411,181.35659491514264,178.76051929011754,177.67697801928065,186.14986916345566,189.86550246652135,184.96751533192142,181.3261235702378,184.70661809350375,192.548904934849,183.62283267190412,189.2398371179247,178.97588933191858,188.3730259230787,186.5857074848194,182.71673520123153,184.21646362961243,188.2440973842172,191.64999788773227,188.58429353058864,188.3806784558482,188.20305522494314,188.35144586704408,184.68995421798488,191.42925935078725,188.43569693423618,187.20669262485794,184.7157265468924,190.52145871244394,184.91075876511266,182.54302270136156,193.57217999642904,183.98816812540124,186.0033102976653,181.70397417007314,185.81591200894744,185.07487710564627,183.49013301197095
245,2013-10-31 16:37:48+00:00,184.2664338324836,188.29482972935853,184.67334035199588,175.59620755191827,188.8873213697612,176.59922605867808,176.41503649915933,173.91229068631665,169.99441713342802,169.0910267266476,178.16989401150227,181.81293418161061,170.16670021641323,176.2475691453804,179.75628426784036,179.37863034011465,176.79141692911003,185.05234933029539,185.45566037960626,175.88263347989027,177.4870448002864,187.318138569079,186.3129776706073,192.53823189255263,170.7155234431441,191.44273111650847,184.93039390097783,184.82613154105522,193.78689653430644,180.05971061261252,190.3625901663051,182.08154037778735,181.86666844328457,191.48817592343403,184.10780046862638,188.70738388719425,184.74998422466962,188.51738866037118,187.7045883361269,182.57985327101744,189.75489038730836,188.46103547796218,184.84749276685042,184.26649096060413,184.75243773434954,191.92631697938998,184.219332663918,186.59594148981353,192.14857335520833,185.79904008979477,185.45875117177633,190.72136881733758,196.61110491963657,190.27379165043732,189.68448577734523,194.95843294944294,194.5362199917231,188.07392538038556,196.90438993803735,197.70177506859827,197.52303742091016,197.37064022517956,191.92384925892512,196.9605057781744,198.74875671815187,196.96270040688694,196.4481850054347,196.0642011654553,199.18241321427757,193.47012603408095,197.17826446664986,194.09858887174317,192.2575268607678,194.4266335878647,192.94160380035612,196.85623381257915,190.5705376531714,190.73734078602112,188.34761957666797,190.38943222972782,189.47632208144822,189.99928733868188,190.59537517110348,187.70976752196788,192.9773863938069
246,2013-11-16 16:37:46+00:00,199.7111458739576,209.7549747261169,194.10698334166867,193.79753548488875,197.25893569960064,198.817069512325,199.57071229646968,187.5712664520602,189.75919113736003,191.00542464276194,194.81632762931966,192.73902322061966,192.11923047464816,202.18517780593723,187.6612537779468,193.5837310371189,198.26461990977978,195.30460093742155,190.4953282041436,190.0434976265187,196.55821544781372,199.28426401962017,202.2075940263649,196.39528507298076,200.39537091580385,198.68750290995493,203.5024031903894,206.25888049566828,203.41548846637824,201.7958673402537,206.64385497166427,201.44750263376656,200.55595177249705,203.81824046918595,205.47405528673167,199.2020394109767,205.85725598264784,199.95215264472634,200.8068252130081,204.01594009222626,202.86509044001517,204.5492818446428,202.82807806398483,202.4303336364682,206.56494033558386,205.1677678071256,206.70793469708562,205.4285021797639,204.47569133092293,206.14745570073802,205.06452244863632,210.05341921884306,207.38263139423665,207.2009839742348,211.70063300792887,206.37951062912583,209.51530633150767,208.41040179683515,208.37781528842018,213.26140078382988,208.99761048020505,211.43028381629043,209.59316780578595,208.0904098102352,209.76814844034064,208.3732809578947,212.4741735002621,212.79487373318244,210.53294324907037,213.92443403803645,211.43809297252338,213.43637204127288,213.60548693638071,212.8644533937095,215.19801821574166,209.42901454282656,214.116514299059,211.10038214921065,213.5505277676328,210.23097739330515,210.1318407199249,211.8431840965028,209.82887293691235,212.54514554030678,209.27330497756654
247,2013-11-24 16:32:19+00:00,203.0906744025299,211.35204481067214,,,,,,,,,,,200.27756169007867,202.72704396246408,199.79201550146516,200.49225657961904,201.9707384244694,203.72053308954688,202.8949464470158,192.02120284116714,202.2170975944481,202.4725578446779,205.75403645647987,204.57318139029007,201.1715578716331,203.18252750216996,202.87000379753184,205.44175571306675,206.24424848464236,201.37971477430764,209.26040182186927,202.23278577507847,203.81060199870552,204.4873215364465,201.04888847169943,199.79545546160577,,,,,,,,,,,,205.93939432373753,207.1022170868553,208.00059460290666,206.41615034814743,209.87490399699104,209.0016493535195,211.98551312728264,211.25421939583362,212.3522179299817,207.48783383917365,211.41197778991196,212.51491109217818,211.50282762233564,213.17223874840906,213.3496298526707,216.86356553925873,211.28600557784915,215.13730566878834,211.13533323775536,215.42757704836706,213.49539490960174,218.207645330348,214.84748806908556,219.011662430707,,,,,,,,,,,211.61593044699597,207.95775912650961,207.1502553222359,206.11948437554443
248,2013-12-02 16:37:42+00:00,207.72028593241427,210.08438776025875,202.2780542667959,200.2821498245997,196.06436927911085,206.3692058616645,205.15314632521424,192.6661478042033,199.44710809062977,202.005894862164,199.5876563594193,201.49185474838433,198.6572735425361,207.5120542260457,205.3764867703096,202.02672054306584,201.1851301660608,200.53200730678702,203.52192354460894,201.78852480806154,200.90911452998424,203.24688919087117,206.7610162741579,205.53269413724377,202.81657693243636,202.3132597567103,205.5767631395041,205.4703643729073,211.32575801826943,209.47663379445814,209.7231196122328,207.6280755607264,204.91214857933252,208.38529502000634,208.63578528124052,204.74658587897116,204.0949044220487,203.34941170540782,208.17411856010116,211.01460061635936,210.4583542298874,211.81272132244783,206.23021404995436,205.91903632641427,210.07190236298027,204.8906651584672,209.79938258805117,208.22354919968163,212.60485121917816,212.38986027522017,209.6136013575717,211.6279320785946,208.2477843424423,210.00579842483174,212.28918840768944,209.46652431720406,214.28264137942983,212.97899556545096,216.5163912542787,215.84278289514756,216.0367322335254,218.34563819068913,211.35044424428537,214.29426788973083,212.23000577730502,213.79116456562616,216.08852357744794,214.4179471895703,217.499219588811,214.75891417093533,215.07092497136057,214.86095137253182,215.8814525375731,214.59321107455528,215.1693565004684,213.04828493543133,215.66086666801638,214.5898177404277,214.1109866668522,217.03355305654384,213.43288613971256,216.49980324807277,216.06713709647804,215.66428835583739,211.32129735680456
249,2013-12-18 16:37:33+00:00,219.2060562054229,214.45466945469732,209.2279074181078,209.92442794645953,207.36424753572518,204.39496766340426,209.5615279892925,208.18452391620517,204.79968615040912,206.14725057338669,206.37706468532983,214.89079212372891,212.3307751760061,214.6003731515143,216.07988362224518,214.3510243209867,212.25937646051935,209.73293875596727,211.7764791570308,212.4959396939275,209.51944971613983,214.91985447695797,213.34003314608378,214.77823545186382,214.7392256813745,214.38251320725087,218.6341640874818,214.00619140828434,214.41949549901165,215.87872981365447,217.9703764029446,219.49262051370167,215.22099751991368,213.84449244798813,214.085612023946,212.755834365646,215.6171396627786,213.57064456921682,212.9124924100769,216.33990114956833,219.46627238185448,220.4175018205586,214.50238056620265,215.2276264815323,213.6621176652721,214.12141257544096,220.38813430574578,216.72780254002265,220.05138255146537,216.38562094856033,212.37318030482524,211.85730927353526,213.08870086631813,212.69600299401625,216.534214503806,213.94045917160264,218.78668292547076,215.89894070378173,219.85025427736542,219.83921010358944,213.6363394270533,218.39123166790674,218.55017526097376,218.4899774235834,218.98534280247262,215.8614539190017,221.1132098077036,217.94449410122468,223.0799017471301,224.05881060187193,219.67414708980732,223.37168589727813,221.4735660062822,220.69199087855984,221.21589393867637,218.02160715446965,221.98003694720015,219.95313236859513,219.8638702508936,217.82995126611024,221.98824727156418,218.37440029433614,220.69145067481384,215.39144025715143,218.15355351323325
250,2013-12-26 16:32:29+00:00,230.02680785546227,228.42646422550288,217.44220507655166,229.6893915442783,223.00304282290847,220.44286376433365,226.87059620354634,221.94566791158366,224.8895791066448,215.53402045895464,224.03791382966128,217.1726158218737,216.92687100855596,224.26460819865952,219.3035199639484,220.84345612881785,211.71279142339068,,,,,,,,,,,,223.9801721360985,231.25026499890848,228.70548756459937,228.72296776864496,221.79406389570815,222.06601542372744,221.49684080570853,228.23468375698783,225.04288724121344,227.8688076031062,222.2961079112741,221.6334356055832,226.82391887824042,224.18393401946193,226.1302926589342,225.24035307532577,224.42517306854884,223.17061086323096,224.13011192957066,225.60498610676203,227.48822353109276,226.0186064266675,225.26326106073955,,,,,,,,,,,,232.1938860284216,228.20880176901446,229.54287815665302,228.71806331941792,230.2311027213987,230.45570773069136,234.72308452013786,232.14561530581528,236.4034923049902,228.9055497528331,233.28728945768282,231.47404304011675,231.97841114185033,232.123904936861,232.44919287846432,231.49579092444188,230.28778374529523,228.100629825598,229.39727428202616,225.3421919736334,227.8560693845548,222.0012407298084,
251,2014-01-03 16:37:27+00:00,228.0235448970393,217.29053605137446,219.8925675724953,221.75342015488312,219.42623672770324,220.46094870066722,218.2693796676166,219.1365373407072,217.95084431876893,216.5476719934451,217.82267630353806,214.72215518909246,219.89185791997792,216.55872430363814,215.68492766202706,217.00413126188366,212.72919020377873,212.31634764402747,212.68142489263272,211.7510294337017,215.72875304358197,215.983499092531,219.92050454997093,219.8432799069147,212.75824053147826,217.94427471599695,217.7324521688775,222.26082009010963,220.8361941487592,217.05738058032458,219.28635189862706,215.79969074998726,220.31342920691114,217.93942236266477,215.94166133667608,216.75477061191185,217.26237610942908,221.39697714269442,219.8424521438892,218.38450584452218,223.16216299080602,220.9788445592477,220.42232424268346,222.92397064954244,223.61442826616334,221.39587542796647,222.7130440040093,222.87024191215,222.63943196693455,222.61391856037264,222.60570016673944,223.1982049215717,223.44645934498948,224.18709124177602,223.59780036814854,227.53954984565706,225.77808158118864,227.30168467246472,227.7983291215393,226.82429839036598,227.38407397005454,225.3861596832188,225.00106005415822,225.41184715276742,227.84047268339032,227.2961838424449,223.58056528082733,228.15524250343873,225.10009101814677,227.0725922015462,228.81191873737785,227.20658713246266,229.3429793088582,225.16688324082904,227.24082215837788,229.19564964869264,228.3188082533274,231.11829590711406,228.89660743547645,225.52710961956652,226.34118045688803,226.41213590153205,223.45678072688239,223.79685085104015,224.2714690212616
252,2014-01-11 16:32:34+00:00,234.86049048351342,232.51658597264736,229.41465024363248,230.14600834906062,236.9159289908397,231.1133702600082,229.74833128036173,226.41986255265022,228.49413169680054,223.84052325856203,226.18253258952447,228.41342172473892,226.6652485177537,224.63501594269,222.0416719898531,,,,,,,,,,,222.95394522864837,221.55883820340148,228.6935762649382,231.20154654778588,232.94647125559092,231.00528576428073,233.98782752084685,226.25093334308414,231.97233435805967,223.72010364962725,230.73252564526751,229.12422357695874,226.68281951097657,229.33446010185122,232.273154164468,230.41494940139933,227.35774790924592,224.67191842707717,226.72100138258799,227.20455161823327,225.45950864868988,225.12032068061754,227.41471342814805,225.8862905522248,,,,,,,,,,,,226.05365932279187,229.95933857556213,233.84722242939603,232.28980309429772,233.50928054745805,234.98302431948468,238.39780060722524,237.13105894578754,239.61616211911132,235.90308949189148,235.10704893789077,232.5976126330592,234.21182934962496,236.56270600759228,233.42219246880228,237.34564601085765,225.7563590185617,233.00714555920183,232.03006203498555,234.09191847047947,228.87718629858563,231.1768019272671,230.96556060751521,,
253,2014-01-19 16:37:13+00:00,235.8604094996741,236.15388619328496,232.08772269028012,234.14177788370188,232.2852963278875,234.4335858919019,234.4512264776082,231.10770609850223,231.9437822276044,232.072227811275,227.13502246832044,227.44158449110907,227.06471217876648,226.63708145076203,230.31307800841594,224.34448395253315,223.03583737092407,219.7547640866087,220.4192039763307,223.23194825917207,227.0136505079934,227.44558313753203,227.40066227753675,229.57201816709056,224.87351980311266,226.42395251555863,228.98924103657635,220.51202120253714,227.37211091480864,225.5809196036421,227.12223380089426,225.8480395628046,220.97724601612748,222.1616484207359,217.72093019067594,222.32719602529534,224.46248313779765,218.5038268769325,226.128965650625,226.85312791164156,226.23797685473744,227.1052441090803,221.143439091844,224.14598080908553,225.8874529965458,227.10198520017894,225.54642733232168,227.37188140492395,225.65701184945854,229.00789600481852,222.76973588893506,224.29006046540368,226.10089643687817,227.14491248009784,224.13047144441484,223.5696214692869,227.94837805605428,226.55461308212742,232.01363311737072,228.25834212791787,227.71584799512215,225.68508519330683,230.55895299507245,229.35626061260143,229.84178150084315,227.85687808055084,230.13016764079978,229.23709886874573,232.78451370753837,230.13973560516789,236.11839750014352,231.49258919657208,236.37474809818343,231.91005246090057,236.13623384192763,236.24057937741264,232.933789132106,235.52071872928323,235.75117146276793,233.3986316422442,229.3621152724283,231.80319820532054,229.053550108317,226.02166640191228,223.34828954891262
254,2014-01-27 16:32:53+00:00,235.90859911357418,240.77085927772995,235.7871759795894,240.19866088608075,236.59788759096324,232.666039211333,,,,,,,,,,222.90268861561196,224.70747967148944,224.9637559718465,228.6793718774153,233.7924960497403,233.15746961823734,229.44268715958043,226.53488930228627,223.7293530184784,228.14084692362243,226.62205329751814,223.4636305805428,228.2954575562679,230.79406184753657,226.50151958577527,233.70018737213098,228.19112519015297,224.5401210058241,222.44954491493127,223.78470399181296,224.77620204274655,224.61434166588325,225.15001125518134,228.64129163541384,225.22120320558386,,,,,,,,,,,231.17142000798,227.82163878250736,225.77968588486564,226.03221279603008,229.27632402957923,232.31362637618685,226.43049344523553,227.88894820219977,224.93995406379057,227.3316487273486,230.95822866162524,233.13318501587545,234.12303282609653,231.91615264705482,234.6505139661821,232.72339143052196,236.29734719694176,233.90868660820476,236.3458799210668,238.31674222321536,236.2688155408563,236.42583216101755,238.35919788492444,233.53616801882,,,,,,,,,,,227.29550716184465
255,2014-02-04 16:37:06+00:00,225.5976266484385,221.82708024552684,227.69891534947996,226.65733063895445,224.93053711495608,221.98055287275653,218.01740255693574,223.38087160118988,223.70021469384866,218.46848982017215,219.56479145270228,217.32728420837896,215.85548776652348,214.63735368713694,212.04190029436907,213.72757225723308,211.12513845732315,213.97548024141656,216.2960814776966,211.45735673387304,217.42403055309592,217.25331927978164,217.10795654797727,216.90857840222242,213.88209776316964,216.97253727080613,216.90856504723806,220.08141935416657,220.077203919334,216.52434619152297,217.8490744369341,214.168098210494,217.07565454560176,217.70101965902757,215.47293089658038,215.2461736661864,214.39195963712174,217.47152207644365,217.61038763013818,214.0101412923121,217.47623566946717,213.7630840895454,216.6580578489962,218.37381348227268,213.64644199694862,217.24832702753415,214.47769726735442,220.0939701673778,216.99287374082044,216.33631047794492,219.30798618914156,214.46580465315697,217.01845800646538,216.12843239392953,218.14010155815404,221.85597498188113,218.49045150571672,221.31049991199086,219.42636643285198,220.5298915938513,221.45158137958603,220.17188315740336,221.9830620106655,218.50636407854094,218.33270699206312,219.95915634182393,221.2296087960605,223.97839157878218,220.94052987807453,221.05659463511537,221.55016619627716,221.6329076265806,223.6767028129308,222.7979695980124,223.8306984141934,222.0524886524663,219.83265434775583,225.91851186997343,223.36732949615484,221.11642125274884,224.09835633431513,221.11813057746863,221.94088463479653,219.51827438306032,216.49390609074533
256,2014-02-12 16:32:53+00:00,239.52829144955786,242.4324113959869,240.87527617354115,244.81472768038526,244.45745145479836,238.49391689975184,237.58590081788842,235.73857893866256,239.73981030302795,240.17616326761885,235.8582306652496,234.74272799090468,,,,,,,,,,,227.16436764554444,230.1901975329475,233.99968797341546,228.50120693755096,232.17538011127223,235.41618563047422,236.42059435821125,232.44467779754723,231.56141238720235,234.75696623548558,233.0353230912925,231.17036631410153,229.43595081292835,228.17274421595476,225.21592563767848,224.56834363067938,232.0028595600044,231.7177464126226,228.6988723835315,232.00775050440086,230.20512402146855,231.90124896522823,223.06442193302573,226.73896719588814,228.16649588090152,,,,,,,,,,,234.016752050372,234.03019864916376,230.5343338801687,232.43250790868248,230.95858742501593,237.53205784232,234.24424932104526,234.3638346587933,234.95026699073492,238.01730808656075,238.69625569067418,238.39331770170614,241.24432959764985,240.28828123333014,239.82143024623008,241.8240016779122,234.64065623823663,241.39711411220466,236.25179804601163,236.00974117747498,235.23071193734083,237.62488253944608,233.94734969551686,229.42536469436175,,,,
257,2014-02-28 16:32:48+00:00,237.75458037341488,242.6414420809292,239.81406807512704,239.04218581814186,238.07093999284606,231.39052224152164,232.05637266393268,226.91489157639398,230.5482297628943,227.5785844142735,227.98181536103917,221.92933052727523,222.0955954476535,215.36997216012293,,,,,,,,,,,,226.05966791594452,230.585378272191,226.44222646416696,228.8595963383171,225.54421356557137,226.23097520339536,226.7669005284652,222.5827697285438,224.87304508977613,223.43158504495227,225.8866435235355,221.26634910659126,223.5203020844068,223.68123283155631,222.40512340103214,224.8012446132147,223.95662966891493,224.65040299918232,223.4942806495661,226.11562747622756,223.5535405300618,228.27304560876982,210.3355959113677,,,,,,,,,,,,231.94471957018945,230.1789171575441,232.50129697489356,228.2657019108292,231.09869223701244,227.96489907367666,234.00331046097648,231.68609603599023,235.70288222266373,231.570697936695,237.01989540701717,230.20703411423463,232.00520293962165,230.57563035658902,232.19675547971053,231.4025765746643,229.95056108966696,228.53649464493412,229.13213391662075,227.27429120411878,225.4527201828812,226.98281842284092,219.65020795962357,,,
258,2014-03-08 16:36:38+00:00,226.88090046145933,225.233723112996,223.74546935455132,223.2564439597397,225.41850586205567,223.1176586860446,221.7959907854156,218.4571123550401,220.23043428096372,215.4541630373458,215.40591074136813,213.32971359313885,213.88488376901893,215.97525247333633,215.24023819433887,213.59214770205344,215.57786396794606,214.72201263018732,217.212471063021,213.92532000413556,211.79491853977854,215.7622704229015,214.26973860882703,214.87418659686278,216.7473844002986,212.25017070476278,217.18956583542337,218.98277960288718,217.2573509728093,217.43819739224801,211.52162677438207,215.2309909579292,213.41085658158173,215.73240921032775,213.92187050515926,210.94441960797968,216.54765879318123,219.40565130265097,216.77874446810586,214.2764556799,209.18198469311446,213.0240108617218,216.23117123390426,219.70087881787083,216.6373212553243,211.3563970261543,215.67134939070658,218.11750607580646,216.36572234235896,213.06777874246558,212.3748263368905,215.7398651540191,214.55264137436043,214.58234963037717,218.51336045907559,215.39186000985495,218.37168766568877,210.70020413033805,217.1097267605178,217.1374798321275,219.94233589175707,216.95599434504555,213.63900530284428,220.88908994174594,213.1786687892399,216.07184395900325,220.10868153271494,219.2489027336283,223.35724822809235,220.1125318399816,220.16449829164682,221.23265808381555,222.53499420852435,224.8703909125887,225.49261617077758,226.99629985090908,223.02826472829673,224.50106211725986,224.10584279532702,218.09076303462743,226.26948773804077,222.00585362684083,220.55613728098317,213.98218309753133,213.78539689555475
259,2014-03-16 16:32:57+00:00,,,,,,,,,,228.2703670295239,226.0905405608493,223.03091171853316,222.48169767256573,223.68075950983743,223.16085451892823,224.32471854785769,223.14881701823742,223.49611039375722,222.69596977502107,224.2186253212158,223.84967056743218,222.73003035686676,221.7843262023017,222.28672312023883,216.6464312734022,224.15633932493208,222.21170499697402,226.23357404326407,220.12201158328276,225.7879952226571,221.42916883967604,224.10135018914846,209.32271921793665,,,,,,,,,,,,221.75811637093423,221.22636375703524,221.81119359515014,224.46213639956198,225.70717407887227,226.61829158208636,227.62576753529856,226.99260621476574,224.03896371097406,220.90055323756516,220.74332425161236,220.85031252489125,225.69185511022033,225.80690240445162,229.16513256176043,228.31173413218207,227.65232095307027,227.2610559823646,224.99552597600558,230.05953091588398,226.05116785603738,230.75423787937552,228.65249020799132,233.45615065100452,,,,,,,,,,,227.86061753893046,224.47300517979377,227.9409422684014,223.05413855391058,224.77994901388698,219.7282183403611,221.44093143984165
260,2014-03-24 16:36:24+00:00,231.58479725846064,223.5485076392371,223.28798023368958,220.42226003935838,222.55499017969885,217.2647400987512,214.64309641882022,215.76560951402462,217.92919075904504,208.91264825080947,213.9545517390227,206.4576809267524,203.38118490702198,202.57909188019966,204.33713766402545,206.6001511436307,205.77442441485442,208.8008875383847,205.2296666372753,206.18764798780063,208.75171425856504,204.8972231044882,209.33917908102717,210.59656053307856,210.07659674478333,214.01070434988554,208.0438102831891,212.3708546938602,213.621569269754,214.52384445209486,210.55314073569477,207.7518879937107,207.03214692970482,207.7716266890469,210.74268743132146,206.8565939410739,208.73535119093162,206.82411374932698,207.56243636745182,211.06679279116148,207.72640638651268,206.23992046797912,207.7875806149635,205.5743234143565,206.3377108234511,207.63676216766413,207.05236944583802,208.48621309968405,207.6360571718143,207.61758842575304,210.2439507639753,208.73846284667525,212.45173388683904,211.28874194942,212.05962070835596,212.4341407996117,208.6755697964176,211.38766125940668,211.34115980154024,214.00626174423059,214.2640164966149,207.46825652098383,210.48391174066913,213.80712963338962,213.48816221220918,216.53457721371976,215.48433748557193,219.35147210170018,216.84050011717687,216.80869726615,216.1208114319646,215.5380335828346,221.62931667583035,225.56641885719677,226.7784604073993,221.04284721641113,219.42226122207154,222.6352742887301,216.03377462270262,215.32360173016542,217.7981016324679,221.55321288713668,222.24337734337928,213.12410283027435,212.18163080366202
261,2014-04-01 16:33:03+00:00,233.6855278619673,237.6485035678102,233.9754494382946,231.68265082941474,232.98925921037704,229.54149973494017,226.33804641289106,220.8595661471354,224.69510128626843,220.53475981136745,224.39608430567947,213.99348099629304,,,,,,,,,,,,221.38782021743086,225.90871584257496,221.93429803766583,226.3007790079982,223.0805810517385,223.68505175653192,221.26763212033896,224.91367273597743,221.80660999657658,220.8870138289218,223.66068902856355,220.06491189058204,221.51380157514063,219.51553538112722,222.56228509845724,222.254237016417,221.82984615515272,222.13674108793072,221.46144690184167,219.9914153786046,220.93558732901909,221.49470027282553,219.4202364737364,,,,,,,,,,,,224.54226906336675,224.06063577782174,227.65156245114972,228.76557292502838,225.84883939128332,227.2165605413759,227.19685059100289,223.28996073645567,226.78803076028862,228.3824526194095,228.9980181734062,228.76913552893086,226.69759405031613,224.7817497466745,226.1370331199401,227.67122372050284,228.84059909614203,227.19740645116403,226.7445934382688,223.13462577344356,227.11015017826443,226.72029859587187,222.46544067362507,,,,,
262,2014-04-09 16:36:11+00:00,234.583488866573,237.17662563830416,235.05844915827382,237.14767348382333,229.5871254380965,227.52238118909676,234.2793770679771,224.96968325688903,228.8516223582864,220.94956192106517,218.90695634337,226.87370418896214,216.6486032136251,222.7714709885177,215.29422398380763,215.4466014451461,221.90273651924207,216.21872562496765,217.76163338962027,214.94899740356422,214.558839634457,215.9382894051474,218.42473065613953,221.65749106311426,213.6619070397706,219.24945494246282,218.2687378094428,219.01460961504992,222.2711093423161,216.0558673454911,216.69364745278898,216.8258253530944,216.19059856307527,219.11188539086223,219.5184740186933,218.69932634524204,218.3227943562748,219.16608954753627,219.02610329190128,220.35253095814682,217.99062512288108,216.93396724637066,220.55822251202767,220.40881949631566,217.36408696291554,214.96203078649108,215.30634543749204,214.52575300910723,217.15877824099047,222.2782532425278,218.64136321683932,219.0009372045998,214.20839780758368,219.73368497007624,220.6123659524572,223.07145214968247,222.38713098613235,217.67131282886396,225.64546296783476,224.3729875825996,227.06100267168745,222.85540976825067,220.6470853970016,227.1149508588996,223.2909813743004,227.66724538349635,230.83854154034108,225.98323905200638,226.8466744083772,221.48730926236794,223.35070132830884,229.99149548662487,224.92238777363534,225.0551516784473,223.580623563999,226.626445765722,226.18701179188326,225.70182735935234,226.60772980016714,219.91887321712522,229.94154003910361,224.7596172939384,222.88290020937924,219.34776579893222,222.81883004196087
263,2014-04-17 16:33:11+00:00,,234.37092029825303,233.5748218302705,,232.55053701292186,228.151018301537,229.4713564151902,223.93643229837878,221.82150106542068,215.31695202337235,219.7221905083638,219.32149761340534,217.07281666831312,218.3010939824372,221.41158437148027,214.3936067714451,219.7061448847041,214.98543541472216,220.27730898931762,213.87665253278632,215.67286247878894,213.11262649818497,216.52819859759848,215.44580765063336,209.7095377765754,,,,,,,,,,,219.29390935968263,219.24672242967128,218.73192499628618,220.51530495293756,220.91579056319335,218.89996336574754,220.56184381884538,217.16647819774397,218.65717461448074,217.658500162726,218.06375181016605,217.91307226931292,222.09214838444558,218.0568955400415,216.6799729560557,218.16999190719096,214.67358293761228,218.13454729385876,216.2124991600784,218.20623788196664,216.4638677251699,216.1847287390192,216.66789964284854,221.89092213554193,,,,,,,,,,,,223.6126380766577,226.8038176205915,222.31680461894481,225.25026201404884,223.54182327568574,222.86608302816185,222.81758546932625,222.9002909358639,221.17646659938794,218.98205342442824,220.75631459775178,221.2320813307096,219.135305484425,217.99041274945463,215.20922307967928
264,2014-04-25 16:35:55+00:00,,210.97449919137372,209.29476437623305,,185.1815431250625,206.8339062688784,,191.4087065307143,201.31842052015318,195.64234900915812,159.32296062785343,184.00661118634795,189.47720077760908,158.69042108612905,152.63567902252697,,172.15130045847417,189.95153041078646,177.77488234341135,184.58599033433998,178.09486155791697,185.97404863993077,,,187.61191483503754,190.0907327840676,195.79589850954056,192.3811035138974,184.51086879078719,185.49400496105437,192.2736192392948,186.72861817372126,174.7892744812638,193.68944400794774,187.12097191388258,192.13376023362704,185.7172186161076,178.20539540151262,188.86425513728307,186.24535972372337,186.03162233928745,190.18251883536976,186.89182285632765,191.66881687956342,188.3219949626447,186.64556921009708,189.43775902590224,191.67157605355177,192.21345141202795,188.81131073395986,188.5870684769304,183.54655196913185,182.86483048370675,183.02152384594095,177.82524546954596,181.0042212443998,185.95892600940516,178.42022804576348,191.72195530474968,185.2617812508595,187.73972312856463,187.9315222782603,182.82262654308005,188.16143838282923,183.57879682884342,190.42449505462125,184.50198338349284,179.6689694547774,186.1838750254316,186.89452193618664,184.49062677919972,185.86524820553328,189.57457950801455,174.50136363529109,181.05432582562193,188.0954500967891,189.53246859024603,184.10932048887074,189.20670128053587,195.1840891092364,202.2620706186167,200.56212041331182,205.71244992385996,196.30379308224522,201.58459533341468
265,2014-05-19 16:33:26+00:00,210.16070567417438,203.11532037100625,202.71311511373108,199.47253165294612,,,,,,,,,,,,193.60889071676658,193.1207688605861,195.03096839701956,191.14628829976368,189.2275439148391,183.09961449320465,190.7681595849659,195.4434254617843,194.63656671944153,194.26125637069572,201.63594065001692,195.5448545176218,195.70785095784333,191.33278548228895,197.49646916902648,190.97395649066277,192.80064261653172,188.04730136335235,193.2250548554629,190.0447615589053,192.3862522608751,187.38282620300245,190.70159285985687,175.8462681148257,,,,,,,,,,,,193.01315856750807,197.63543671694765,196.95133875235453,199.9535508205308,197.03014866752804,199.4949010238489,196.6637249063311,196.5349544553095,196.77328083807626,194.9381799589184,197.70590792230576,196.253249877802,204.00666237041887,201.06749040033156,200.6749778324857,199.13540613990017,200.4349364786434,199.69615867672513,194.98869883406155,203.25457250572055,200.67146327698345,196.79801195244414,199.44601023858738,,,,,,,,,,,,199.63917842127938
266,2014-06-20 16:33:30+00:00,180.693409738547,189.54970197562852,,,,,,,,,,,,177.10302313678335,177.6294687557741,174.75901123397327,178.86460321401952,168.47150144824968,175.90493420953302,185.30303653335602,170.73156448576742,179.11738990787305,178.83385598061406,181.86019098596827,182.24036963515027,189.11486394304455,180.9453449501848,188.14470175415897,182.59419799001807,184.04612443749343,181.32708374131104,186.167387437882,183.57213343830716,181.04507921443428,180.72381533740824,172.18214843653666,,,,,,,,,,,,,184.00196885270367,186.9643848447418,183.84393557949187,188.1931340601646,189.91277079547453,190.1887983198744,187.6704774649254,187.67836058176496,188.84869562996752,184.6392792699815,193.23256119777466,191.26559622186565,190.75902052493885,182.73803314408244,181.69415009792357,194.1188395971401,186.34235980598686,187.62598394196087,183.91461946274,196.1688326333954,184.27235647244268,190.93070948642836,184.07519749085915,,,,,,,,,,,,186.74370983024932,186.20300363500843,188.160554151498
267,2014-07-22 16:33:39+00:00,196.74928254360032,199.52879618378844,198.542445530991,188.88865706408578,189.32861532470216,182.87663756305577,189.88839845351336,192.38237014659558,179.13789267454308,185.5923006712008,173.32049764081324,177.7054189155685,172.70892061847712,171.2041575416426,174.24585835358522,173.0851731169909,177.69295863505224,180.3010069315963,,,,,,,,,,,,188.05899993740798,186.1628477497745,184.2881305549658,188.302978674308,183.15288922320275,189.95636560722065,185.4043270627494,191.61709873352717,190.56950841219108,197.3569060040051,175.73356445707086,186.79002451144714,196.22804452665204,185.88993829232015,192.98356854535632,191.37154971536376,180.26599619614672,187.2054336881461,181.29175098745972,191.3236296411147,195.64508830854453,185.43137409753876,186.41166207521167,,,,,,,,,,,,197.17248565576105,191.11457901239436,199.15210269992204,191.63473077844682,191.66303458720938,199.1534931684043,203.93568468903942,197.34571614243035,191.8324675964268,189.76631540843283,193.5485309506198,194.3003079853894,186.29147053043613,190.76698624290003,189.35292449408,187.78529289450893,190.44935256257082,191.21541132386548,189.29089135038615,181.98307594447454,187.62037944336288,190.6953366384398
268,2014-07-30 16:36:02+00:00,194.607820319863,195.54863646923246,185.07151611578985,176.2909976587127,174.991180272086,177.8294833280936,186.79873933223172,182.28132859390027,171.88372419677282,181.54463241228186,170.6069856328011,176.70187473267902,173.92245593211354,166.8234992705015,168.42749375359818,172.10839293640973,175.93714072099374,180.64015932390663,164.0735177281639,171.65780849565783,181.34475913118362,175.07217302780995,171.36740464716416,177.99608006773306,180.8045190006854,171.76246221935438,178.7120465591627,177.57463677347334,178.58359642288755,185.14895944305655,179.75604134422213,183.6513333322142,183.50167603702297,180.09148046784196,179.08405343776957,181.53703620574828,181.12097687711108,184.84071260512752,176.55213798181566,173.73301439757824,172.06641198483752,184.01884823261543,177.46119656355822,179.665255269301,181.68448945346873,181.72662881106646,182.87424472954834,178.5629100092238,181.922090666304,185.48424865278167,181.2012935294074,177.40892112670977,189.07288225688077,183.59509961118167,189.71945363757368,187.3852551868203,185.25055502354334,192.13081255183474,188.56506489785716,194.64704454042285,186.85550655038435,198.6567657843061,194.32449136686844,191.96095328034528,189.17139059179428,189.2813733638777,193.6256624032368,185.57085269689819,194.64029914309015,195.83109730079053,192.11303695193624,189.75293447115408,185.76791962657197,191.72857790709782,190.59810166704762,190.17454398246088,184.5940194993835,197.3798014850146,191.13133266643672,191.4238520078,190.57459562794338,186.12718669176147,184.73607326137852,177.23549444135642,187.56894576641045
269,2014-08-07 16:33:44+00:00,211.4944423959762,205.58527893135954,205.62279353113445,201.19047576540527,195.60766435401476,194.07104438960368,198.04066424935723,199.4081328511346,189.9219712535509,196.7560186588604,190.46807048444822,188.73594911691217,185.1939973595164,,,,,,,,,,188.1304769309191,197.00830192829255,193.16973589931536,193.53025324987937,197.24220333792016,193.34653879127967,195.55466455923334,199.999125851071,195.41474263469468,197.44734783766447,196.0102311425023,200.2322853194762,196.64378381179205,196.6672017316165,198.36725779699452,197.55888301087296,198.03452080884279,189.20936956093837,196.11417217806792,201.45182657729728,197.78799497732888,199.97338777614664,198.65949740109698,196.04562727973698,187.97139856506445,,,,,,,,,,,,207.74744946575362,204.38418732513642,208.1029310034987,205.40641013988812,210.3677477160745,202.01427335997968,206.10751104614081,207.3632207985783,206.02485400066627,199.93860944781608,218.31581820727945,211.2356645874945,207.11476348501526,,,,,,,,,,,,,,
270,2014-08-15 16:36:09+00:00,194.8159918238934,186.56935896364575,183.33026862017036,188.61734677937332,167.0377040823079,183.19000274785913,181.89269889901342,181.51093898703783,166.3639154564991,180.8370287095721,175.95879052398683,166.7478355602558,178.17352895131032,170.16988772013022,170.6722124904392,178.45873024111143,168.98967560257148,178.6970452026,168.6897812648022,172.6269941447889,180.14013045300004,164.9921822823619,178.31757082626234,179.71973270344444,176.53556636421257,178.16808589100958,175.4028825406698,180.77657060549132,176.9780181974818,180.5003174422111,181.922908524868,182.2256917780348,174.7372756554216,186.69034783391504,182.47958362440488,180.15429578194266,181.65681999624775,179.66613114413923,171.28440863288492,176.17223141940357,179.01915567321834,180.9860921146835,171.1599975905566,184.2025067351734,175.87730835001435,179.3724009213364,182.8324865459984,177.69824004420047,182.1765524733201,177.93311833145603,183.86488434820242,183.2200112750153,179.61473702223896,186.08399754166896,183.289570329696,188.50151758082075,186.20772086502717,187.81755382954265,191.27810141060718,189.97896858094444,189.78355357269538,190.2876302995798,183.54887861740457,189.01132553521586,181.73567751067972,191.41382222489224,186.6882748091939,188.39501326054088,194.51210791602938,189.30857119640535,185.8359892463903,183.8962383570029,186.58362743448123,189.2521409084535,188.999843310693,187.35477403326752,182.38892509722052,187.53193082846767,185.78508207324262,190.58645999849938,193.93771820749294,189.3948290453149,188.4087312291881,185.58870460505779,184.24430098573194
271,2014-08-31 16:36:10+00:00,191.4646149234788,194.9163873735829,190.48873581085053,185.48690593824708,176.13172186352114,189.039744398812,187.9785464602488,189.05830696695313,170.94863962764634,186.35912570228274,183.56830161632388,174.77071059029637,178.61462048169466,170.42472893145973,175.34914532899035,179.81649001141727,179.70575484529093,183.87001808160937,178.18794444240012,176.04309816932357,187.92889649886482,174.7018394756516,181.13574648239236,176.86568707490858,186.36703700263263,182.6662726374355,179.1132893011702,191.50460623929303,178.58313943358047,186.59272201315162,187.59589666872952,184.5652257348014,183.67621124669262,187.61696829482705,185.65853482717108,188.11291438115194,181.3791481782599,186.42320637581093,180.9713930071992,178.14325066277553,188.47346483848662,183.16353913532657,178.30886920681797,186.6717815396333,184.55360879695235,186.57140127872924,182.11372580635606,187.1366323660667,183.67027501526516,185.84330548983735,187.4650322073871,186.00012238383303,192.15240065820552,187.81530788403177,188.09319582895893,195.25847764281218,191.57824077547446,197.82642909237384,192.5106965585636,197.61824945264317,192.32809514916386,189.25828823385845,197.30795921634183,194.1117265188844,194.77900652006946,185.4815236192327,195.4078771986064,187.3516218143552,190.9320500103496,196.00991106408281,194.9362280935182,199.5569383338314,192.75916450423966,192.5832580572773,192.2546291429078,194.67580189338236,198.36954842304272,195.00880706742527,196.3904977160817,193.03711724247103,196.8411992815031,193.76026695851925,188.44055966751438,194.66468186289939,186.86709936712705
272,2014-10-10 16:34:02+00:00,177.40468471529442,178.0839697518183,167.4932748202229,170.92848529400572,179.5802129172485,167.91708321556223,151.3427410538988,155.80885472376144,181.30709808207342,181.06803384018343,180.407972154854,172.16334917487745,170.61220319292516,170.64722326166606,173.86870763820335,176.08480011755952,175.533560675067,175.446066842894,175.9113635148134,158.09450835048062,177.00836583702917,177.0016425102768,178.47850946480114,177.0274527092149,,,,,,,,,,,,170.93325171090834,180.94473840537847,186.6374510788916,174.59552766029665,177.85552969621088,181.2273396547226,183.8553423652167,178.8235893686828,177.20914453613057,180.63210085265865,187.2048390729996,184.85168436277104,180.46682197027775,188.22851799694143,178.271426299316,184.44434022477543,183.09800062937245,186.74893229515183,183.71354700172998,188.91676760088538,178.6750152261668,189.5020606895226,176.12126447392632,190.9276778221456,,,,,,,,,,,,181.4111405626541,189.7962442278563,190.83666537860978,176.61176533520742,184.77137335634188,186.32729085498528,185.6182656875232,191.5782335916305,183.26266763724115,182.40645612138758,193.15614708897067,183.5127429646174,182.6235705418359,184.68148921613314,182.93505879222297
273,2014-10-26 16:34:11+00:00,194.43286838147654,202.85982137895536,193.27960148775406,192.0639472335652,201.94265121334362,188.92853760213106,164.06212504196466,185.46074730310082,196.0910754068159,195.08747734677536,192.29106451971407,172.09898116808318,,,,,,,,,,,,186.33658909223325,186.2141119477735,197.79294310943143,175.40203596725055,188.60026068412017,197.56861795940267,197.04847682245068,194.5074182902612,191.43614347599717,196.6266072519296,189.59856212002109,188.46284963877062,185.17607457761213,189.6059918437187,192.2031521317953,177.9223069310965,185.69799007820248,191.33807673711954,193.51199543770704,191.75345909153273,175.4674046580736,196.91508021331532,196.76427009164314,195.17049893441944,,,,,,,,,,,,205.4106922525961,193.11504715887529,203.3506296202803,203.88860732945625,201.3743532302257,199.10622144781203,199.3591378585046,195.5212788004817,192.49660932949433,201.72218359199337,203.0373620883422,203.1716345472468,191.80978034130982,200.89806284074027,196.75072650020283,184.7843780480426,198.70650414788773,204.30763650413186,202.64032199652954,206.67158593197553,195.44987103759314,196.14380886319051,194.8093136217766,,,,
274,2014-11-03 16:36:17+00:00,201.29771640317497,200.47957961217062,194.70508203388013,194.4014219392756,194.54601127905315,194.44954781904278,171.85454782877613,188.80672102152855,200.03269508603876,194.66741778193182,193.74661948833338,183.51007592393069,170.05498509145235,184.31084831039246,188.46870783506432,190.9208704632353,188.45987111958323,186.83460024996364,191.23818977441707,175.13232938376197,179.25561282709995,192.6095060402811,193.3945557724642,192.15783624390028,184.7642240791037,192.61046654219913,188.62823041194133,175.67287710704673,196.59121934688878,194.24278457464123,188.74128136337143,191.7094200098676,194.16781199114948,192.69128729007898,193.0605237425596,181.35303102187643,187.51356149726433,191.30505025680597,192.62014781552793,188.32616734767092,194.2161129670919,192.73838011283797,192.0773035376104,181.66321587376777,191.73050953013762,195.34000892403589,193.8620239810371,184.33544107388354,194.94753710106116,192.52942584278915,191.19592761825172,193.51862970467687,195.92696317190172,202.19293552679156,197.06259165655044,194.89810551958823,196.0529441744598,189.43294632528196,199.10781036649402,194.27856761598096,203.28870433529707,200.7907296411783,200.04223395826943,205.30833080898265,196.85050596076795,199.90721779639597,198.19822056450843,207.7101372185179,205.28823036129867,202.47809550402442,204.48892855284961,198.42385614108798,206.22899566276223,197.09359707398752,199.9893311886351,203.94235833848504,204.7478716455358,208.44001733930224,200.14816302621955,201.4423120657126,204.46394501191168,202.36548543943462,202.81494588260844,200.9045161487436,203.26798907341671
275,2014-11-19 16:36:15+00:00,213.94977635261756,213.80828107761167,204.93653220378266,211.99304294561847,211.2270469459885,202.5647149790092,196.32324439758483,204.00206432705022,203.9870976772686,202.89961779651767,196.273610973809,191.34422194531686,201.39284396279282,200.19897316223535,205.19790756368144,201.34122625532788,203.62267680985497,207.16962000480976,199.78265675389426,194.95123082415085,201.0930547969543,206.163954074252,203.50838023396872,199.06877008012316,205.37114791375072,205.68104194785064,195.59712677284276,206.72358852967344,204.49838047029053,204.60063531241428,202.34045212725795,202.5279259588456,205.46150595997642,203.9220005288918,206.06262283446907,202.0837855210003,205.3906838500862,207.8848016908641,202.54472034496007,208.72247570791208,205.14434513038069,201.66697114104804,202.25625739772423,204.88705966110786,208.63637514836523,207.21007587939567,202.15478500721787,206.99382791796654,206.04261046698014,207.88871383227817,206.0727889322616,206.8038822538942,211.5189771179062,212.63382523901458,215.84718399216783,212.62718030537653,212.77315674813948,215.46270669287173,213.90501019277806,217.26874783371773,213.74683768445155,216.9974509576082,213.66029085151303,214.45323619639083,214.59047616558246,216.16513869425424,215.37977729419592,215.32774160784166,219.69308430259363,215.71712678560488,214.00112696974455,215.8611088374337,213.32256532540777,217.33618427531155,214.50787059636485,218.1918469140302,217.24322844041055,215.77755391188865,217.73940928694938,215.22525028175903,216.07747535398778,212.43432876502033,214.81289971232377,212.98065405340816,212.0175427337349
276,2014-12-05 16:36:14+00:00,220.84859867490914,221.0497426125627,219.33452059803548,223.28429977637393,218.0326745285675,210.31572300822862,214.71840884790856,217.53594069704766,217.15513756131864,211.40731441227575,207.7877730094053,211.10292990336004,214.54552637227422,215.9542771681742,212.05399999213054,215.04151150058834,214.35395659597688,210.96311466309962,206.98668373673087,206.4126733407721,210.8912019107183,216.6531925699779,217.4836424983548,212.83183058793048,211.82674486559674,212.61637303387437,209.6391525525796,215.1047513550787,215.98532325052608,214.51840227221425,208.28359011005358,211.7538312550022,210.56199132903572,214.66792370778987,214.26697962990025,210.94927678035728,216.00369031467704,214.59583674111792,212.861541570237,213.3736195414233,214.7904014162264,215.2379559459782,214.69133245917268,212.3571503615498,214.49196799770553,214.04700333797402,212.6456333976616,217.1628430014376,215.36203773600894,219.07361050545708,214.83322306534401,217.8780908045098,215.23504964978284,218.51204270303677,224.09791126901868,220.8128864578126,226.44086743677124,224.14515011668337,223.67170274264097,222.88694467754362,221.69821051077287,224.72610155504137,220.99861446962024,224.3774194675809,229.92189142175005,230.82939007999286,230.5823850827015,230.20401076933652,230.24814490643058,227.42682617179747,231.4577502950381,226.9433172811159,229.16986321991845,229.8167867815412,229.63736833796767,228.7908782993206,222.90068375607956,225.80283627941466,230.83900384484903,232.39087321547422,228.29467650957244,227.23902384390001,226.48552941781023,220.731568287207,226.19779807824423
277,2014-12-13 16:34:32+00:00,236.5389314263469,229.46890223070324,232.05849065710805,229.99820974334736,227.65062758490885,223.6481563205688,226.83003690420153,222.9993265442747,224.61085687297071,219.1364297175988,225.10208746297627,219.73161417604842,226.35161670620715,225.38924207580683,226.7469856715538,223.87649086460863,222.4021519044988,214.0143698832973,219.34071874343994,215.7270258010358,,,,,,,,,,,,221.0001711187212,220.57775959774315,223.51045937106176,221.0538069573065,223.79527472389134,222.3916377798685,221.50799192100897,227.29757557658834,224.9208970145696,224.56354091138684,222.68582520792367,225.84176733108615,226.60354926829572,223.20464215186328,223.8567490285708,222.75395586219085,221.6696424913578,226.3722625595459,224.58612473082528,227.09654719909602,225.55202561100174,225.1837147012455,218.7800312068862,223.66803510194762,,,,,,,,,,,,233.95418929291927,236.37843031383213,231.6258039108131,233.3215404704464,231.43355269769836,237.73863783404775,230.05637559785384,234.0295487739054,231.82401266652207,230.10126312859688,233.62211085232235,231.89044799179314,234.56923586749272,234.2153080986428,233.76648977709095,228.0772921222493,229.59257016785168,223.20114068114654,225.02282694512368
278,2014-12-21 16:36:12+00:00,220.2785434329708,219.54069807395666,217.68677446343227,219.54801560555305,215.12574413976833,210.9117440422206,214.6945214614958,216.60825982963988,213.8470487242291,208.5262874003587,208.9593589985445,211.910820304935,211.25475063262576,206.26254655914312,208.04918474149898,204.66776592016896,204.25295905482432,205.61760526576097,210.60133899902178,207.99369589648862,207.30307514544646,209.85003613214386,210.4915402793281,210.9104629288551,206.8456255236272,211.0536672982867,212.11195679662586,211.38114750162387,211.94751844388617,207.54027515496549,207.96250390932067,207.64225708060488,207.25727649412264,208.23874062445913,209.35877786967504,205.57414996028766,208.6973029647384,207.46239446018663,208.87126040431832,210.98197318905292,208.03453481358468,207.8232785010605,212.27118790454188,213.0975264001925,212.44065237296388,208.67130955190066,207.4098050335502,208.56400454270042,210.78171393282,215.12364734756753,211.75029170849695,212.08414385197509,211.52188359135124,214.65198062282633,216.72533709870874,211.40204498399137,212.7174034913508,212.12367637129415,217.4222422062749,219.82353149855697,218.62141047727152,217.48178801237557,212.72181185477433,215.3404499913085,211.8648606696486,215.8105069475209,221.5276324701328,219.2359552394245,222.05433080285943,220.35527568822118,220.11031411443153,216.22531103842906,218.3414382978505,218.30739985716926,218.17293897693966,219.44343105024143,213.81243914912125,218.89235633948482,220.05259730319568,216.81450363763648,217.75834124180108,214.68672429323993,216.37743719531886,208.00886434299198,215.0124817943311
279,2014-12-29 16:34:35+00:00,228.1422370784182,222.30917916921962,225.81878702621304,220.608331004931,222.50057081140224,217.59871201678794,220.47845876768932,218.36148691948648,219.53473050066563,214.2997507337885,218.41141330872634,212.355807561088,214.1740106323376,212.86633958425563,209.2751564372439,209.35266824514997,200.01920588536717,,,,,,,,,,,220.54513790285506,218.34886828027993,213.58534584374277,216.23842886033162,215.52703066007064,213.55523589445306,217.3753211112736,216.17572513439558,215.2979999121009,213.97822901387497,215.32363621519858,216.1334358775856,218.24193724621114,214.02880959543202,214.18750357896516,214.85717763435636,217.15215670913676,214.38268955910348,213.3531523763162,215.35732365679402,219.58220706063446,218.66059965793823,218.27754209947796,219.87355606842664,222.1052067265333,,,,,,,,,,,222.36669756152085,226.7325512157641,226.0591807566907,228.51796572483156,227.30847096102326,225.81931411099498,224.2204579427027,222.48186141892447,224.26631435087256,219.18122193477205,223.9220776150261,224.90669404397153,224.24722290539705,224.11667953454491,221.74284571498032,224.4292342476924,218.9947241102084,225.77362844716913,219.45610461831583,222.60079557957974,217.98044215458515,216.73436540631195,
280,2015-01-06 16:36:08+00:00,232.2968964157757,230.3697814341333,229.1151375497783,230.70672529418542,230.6501972735692,228.29261975256918,228.43873401408277,228.1310861743732,224.80118107912804,224.93192843902196,221.97755794233558,220.26859919310292,227.88964220895073,221.97074345142477,222.83963793825453,216.65849603996816,215.98315576743943,220.40484280242794,222.05843041525435,226.16845453057778,222.15330063749985,222.90517393437347,224.95619410367476,221.85085315409137,222.92873765401106,223.7420234448326,220.67827316877091,223.48258311067897,219.10470115553557,219.88786009524318,219.03919461348772,218.81867092067273,218.9402199557736,220.36772583504808,221.30895688819652,217.9136454375594,220.92484625899328,221.27365256851368,217.88477846962738,224.50647956600682,221.43368070345733,221.0419673918882,224.1911402522178,219.91580407585587,221.21002370636918,221.11043494589381,217.05971869538624,218.81966707230546,220.28496901710128,221.00731093193,219.2234185566415,219.6697048344848,220.96479476521512,221.10961607338467,226.765202405144,223.62030543892462,222.93558872648399,223.5769207950867,217.6035734421245,224.38645469406543,223.13552832142108,226.00302457359612,225.7144725165807,226.59484868071237,229.690691350269,229.07091738695905,233.36003571232516,229.7310218679328,229.8486355628989,231.93418224493098,229.6712442314145,230.54768846254657,227.85436168085874,233.08384785839024,232.704296510088,231.62713675444496,234.20851340802608,232.77241034795634,234.92711431243586,229.9986805429505,233.15710637007012,228.48340828856422,227.41651288076588,225.89045946628522,224.30505680106006
281,2015-01-14 16:34:39+00:00,230.92351110954573,227.32011910944036,223.41853310585336,223.37590160677587,225.08996660587152,227.4612672049614,228.3710772495677,228.06555858959857,223.90383617628308,219.3408426559558,220.22730862305554,223.75739886893322,227.10192232601415,223.31715294738737,218.44487620320683,,,,,,,,,,,,216.50299154707923,215.34491613820853,217.14053482192864,216.36681220961026,216.7408599735128,213.20659158157267,219.65382870483307,222.37234074450942,217.11812200321086,220.60167512120196,217.0425056033178,221.347896544485,218.75795324752139,216.05008643939007,222.18192930526894,215.69838388042285,219.17978329203422,213.38019961209542,221.37798475694603,212.39102906622614,213.61896442877128,210.20843479102456,213.7150132878734,202.635163808392,,,,,,,,,,,,221.65488061397582,217.80332005568357,220.58904951555238,215.83739634365244,221.54868809470875,222.4110952831368,223.9195532450193,219.25845632659676,222.75820826138093,222.13055732808542,218.1895393161965,219.68563910155132,222.78470781361796,222.25220230925967,223.89690490733133,223.99023401554956,225.95939923538134,221.0879922741346,220.7977134623152,221.49923568573965,222.74094211895027,218.22716969976787,214.59907239387863,
282,2015-01-22 16:36:02+00:00,228.68794768430826,228.39019491174224,222.4988202920164,224.81022174415804,222.09465179541806,230.2187041153669,226.80088822061907,223.08680504407607,220.01200205854718,212.08378333531329,217.7920999718708,221.11377477149273,217.9775994557038,217.37367599110627,211.5739300607182,210.90695276237435,213.44940482901364,212.5012471945044,216.6700669477397,214.8451367608103,220.3356507287279,218.50721622558183,215.5604047454543,216.95567245136596,214.83637493636786,221.741495116571,219.36654873419363,219.3357211845866,219.64592083699512,214.02113042857945,216.51802782128019,213.35780617109498,214.19764732169722,218.67747738088116,216.54797519536442,217.25894227527712,220.3067323295432,214.87896021034493,216.79377363348664,215.53412054750737,214.79541228125635,211.97516864780815,216.0463002646619,217.83183964401474,218.99022264273515,218.82392893511002,217.84844068797798,217.6501694877142,219.62059430917787,217.70919859757004,218.80387085925315,214.58706362053948,214.7209391358428,220.18947500588547,219.28378691094298,222.88489458977938,222.82178764004482,223.21612592744594,225.65404161212405,223.50761783677103,224.95753384965252,218.8625427962188,225.4356320897619,224.16706358472362,228.80404125316352,226.5300267711732,225.9244804539103,227.24829117046812,226.29705928199644,228.77514191718703,224.68888892979749,225.9521335105164,228.5426331459716,225.58788913061045,228.91464771487796,223.41918387728577,225.6667426400246,225.02079925104115,229.85798304895522,228.11830725395112,229.01064202951557,226.8595296391087,222.48056256399735,223.24230029269688,218.53938649167566
283,2015-01-30 16:34:45+00:00,,,,,,,,,235.2828074352414,230.67240561628498,234.56000308819836,227.628067104693,230.56017922405132,224.70414622135775,233.14651150666995,226.70221659783022,232.18052681475803,236.94778154893817,231.77876181609724,239.89365044841912,237.9409810164156,234.3971755133554,230.30611783395318,231.64447709284798,238.53271985477775,236.83342929178562,238.37625519383565,236.98815418411368,234.7848415710211,234.7447886669351,230.61699388133894,231.34213467342948,,,,,,,,,,,,230.86641054930465,228.04938207162968,232.62456256854,226.1576454795502,227.4494543913897,230.09285630254692,235.22989187145336,232.1345256302688,235.37763085227027,237.38444477762127,232.89548468762604,233.05419670555338,233.48450455120422,233.67791266206189,230.3189206977574,240.32452038783617,237.74812882254923,235.98497117226336,235.8450547740681,235.72806731640534,235.34577586404453,238.6571932855345,235.53451018940544,,,,,,,,,,,,239.48048961209284,239.7070486892159,239.85051577611011,237.32115030411555,236.82708894592412,236.9867135146402,233.2998305201592,236.08529383945046
284,2015-02-07 16:35:59+00:00,239.97625526199397,240.41873423051817,234.2587965445004,231.2758827925211,239.43727097027923,233.7335921653488,236.57105585671275,236.63951059390078,230.9532328385025,231.241394033835,,,,218.24014934590355,222.41524660442334,219.56980751308234,222.84243439353318,226.99538811335424,229.22635607926892,229.4688410244843,225.2990624858337,228.0679134298559,225.9233751911633,220.1253201552154,227.76067163967122,226.40331854998485,226.0814335593305,228.2212621161594,227.92953115268668,224.57659688416774,220.80489813868255,219.84777597230325,217.90006755186337,221.19554041211526,225.1507699160219,222.208934371277,225.67227402173117,219.21391194244842,221.44510855403968,221.28200318054604,220.57860664842676,221.49907989018385,223.00934692321326,225.36496122061163,226.12007081385087,221.23189491526375,221.33133025876708,225.7351118554506,224.7457267614192,227.87120278810826,223.83779526362122,224.63825012190745,221.07488994307798,220.5480992402972,226.97757637261225,224.28503002517976,229.3707760014546,229.00392967603452,225.2659476521894,225.90966739988235,227.7735465254051,228.561191982642,223.74600172786958,225.25299436096387,225.11890995108953,219.64613095176531,223.91595674387327,226.00598279268746,231.67824982483393,230.13618911054692,227.16840317709648,232.7637178919474,230.69136029563012,229.25285363156536,230.94203311008107,230.40698876461866,231.67776994119075,228.31724104954637,234.56563191547647,231.62693088362263,228.61676470585437,223.68462290946974,227.5298565430263,227.6703521284724,226.14003330263736
285,2015-02-15 16:34:46+00:00,233.1428574895674,229.99511505241026,233.29076393050093,236.57302390614754,229.57997705976555,231.39221780558404,228.06884231354005,227.39682155926772,220.9626920991231,216.46724200507902,212.9002416396852,219.30621005401758,214.89976037711594,213.0412639735989,214.70111542491,212.81213120607188,,,,,,,,,,,218.19545634364036,220.44970840351723,220.67994410153605,223.6550165315953,216.40185669219036,213.72701821409962,217.6960120087732,217.6903204296834,222.94074706982715,218.12491187445073,216.02202080543444,220.20677536220325,220.19154687782148,218.30664301822407,213.28603273588382,215.0846304084859,217.39314745341625,217.764546639449,217.57011637781667,217.17822971998592,215.12499896980037,222.34740694129144,217.21905830045975,217.07167778370933,,,,,,,,,,,,224.37537006734476,223.83587489642562,223.42929571151794,225.34210577158996,226.3056374097331,227.39784476376155,226.33304422582864,229.1984936683641,226.43112055585397,224.4017316963751,224.43629669327444,226.19783329367363,225.27886761716832,229.0859324719239,224.8013627975978,221.97253812085205,223.36875817179293,227.97826234060093,223.57201255651714,228.2426672541396,224.34015817168327,219.58638521117263,214.1747946007688,
286,2015-02-23 16:35:53+00:00,230.07320953431434,224.50338966125764,219.52865393133993,223.76430208701154,219.2105393943872,223.9764656075502,221.77501360741655,219.0238001929341,218.43728469441294,211.24537894640144,213.00861002560907,206.54164142721186,207.97181045791118,207.05486197227643,200.45508524571412,209.5345042226401,206.56100526681084,203.49155395984246,211.98423328939026,209.24652362880556,213.1693656223273,212.65155279351586,209.69032436566903,213.99514570441713,208.78295209817907,215.11004182067342,211.65186368445578,213.14255200182566,216.58951614052623,206.24441090157615,209.96905464326701,208.56684437728262,210.2441567175917,215.34869687483325,210.87650738202905,212.32801178468782,211.9460299225803,207.77309458641105,210.15482903965295,207.88440352096694,207.65731557774484,206.2288217965948,210.41430595883054,211.2282390015642,210.45122951845738,211.81127538085929,210.53688631183704,209.50083855822837,212.47911079363269,210.97931877536743,214.05940006021075,209.73325134650457,211.45763543626745,212.13909312815048,213.70734323822532,216.89105933352585,214.7045513278502,217.66471700007872,220.3777058609969,218.1907004772429,219.8157525556434,215.93524271760148,216.39002001265206,217.82589164653493,216.91774739816907,218.81270158492538,216.45488947352402,217.08569989909313,220.00409589489044,217.58682329005006,219.54171683893009,219.44784288597646,219.43945532054983,221.56896922430982,217.47727444974697,219.0122159229494,217.6956189073234,223.7942182336794,219.16896124592785,218.7399483694278,223.7058820079508,219.46568674462438,221.5623849608547,218.25780018745948,219.60423485928524
287,2015-03-03 16:34:57+00:00,233.2317474772472,236.53859782194704,233.77485705686206,232.5828296648278,228.34059496225754,230.28276757884717,230.35264631861233,227.60964283654994,225.91156116189782,220.02782429392516,219.60238629766218,216.82443018279216,208.65584614045488,213.4642112620498,207.4960127541396,216.62114375622536,216.51739385502682,215.44943131510615,213.0458827592992,212.61330371539918,214.902890314322,209.93494729352318,215.10083721368602,209.96073808168518,,,,,,,,,,,217.8289541287577,215.7250029098193,214.29535702163437,211.02116520210444,213.8018517350983,214.7924606001389,216.44191105229902,213.64503819087975,218.38129655221093,215.776140775057,216.72795892464728,217.33912536843843,210.970603023632,213.31484131548365,210.95759274332636,214.8805368829261,213.4823388735444,216.757583929376,213.60782400629608,213.08763803835825,217.0253817493389,215.363096692569,220.21499865352644,220.37777904902185,,,,,,,,,,,,218.76105967497992,221.65609315796576,217.33206812577785,219.65829655594672,220.31777864356533,223.16174063122932,222.65083595951762,219.26795331359568,216.66629554418344,214.70539054481927,216.57655819225283,215.59663858512997,221.52387961640346,219.29174677047277,209.96987323778322,206.3489525255081
288,2015-03-11 16:35:42+00:00,223.30059326654595,223.16101802681638,219.05955326058842,211.7446213250482,217.4188179763398,214.6213795961698,213.4334323111631,215.0565201782547,210.5809728663034,208.262637177,205.7067052304002,204.72449484942968,206.50331261571606,203.60400198351059,204.42785084160167,198.79677460316782,201.29885643008237,206.64429777771983,203.84214111601472,206.5293521862755,202.84102502533418,201.66676199215783,204.71253875250184,201.95127388133346,201.3421580730583,200.63669196301933,197.49132483584205,207.24892319425888,207.01177912526902,203.96825700566842,202.42512689810735,194.4705206387727,203.24840717561972,203.54314258512014,206.20405249845982,204.68946836970372,205.7538369956596,205.91293981608922,199.73512438035186,203.3442054068898,194.68679936664543,198.42457530474115,205.04561060087553,202.6250462340481,206.5231188745688,201.414638090072,203.2705477055095,206.6824270688919,202.94345651792665,207.14475313859253,202.44516282852481,204.8575206107637,203.25682908322707,206.1508913952514,208.8079074295118,204.90112850731566,207.82078068140177,205.52680949692086,206.1924903702726,207.90100533463075,205.56926065731525,207.94326802043508,207.43049706903452,210.0243185934824,209.0955400121464,211.85698110682594,216.53788686827028,213.5054286024207,215.7744805962587,209.776193576665,213.77083186339064,210.5263225406445,210.98116725770043,213.89015144548935,210.30861887277595,215.01720081734578,213.53083440594594,216.96042137868315,216.19479436640472,215.19901346978736,217.73467215414098,212.09358658311652,210.6002828278714,209.57447049749914,207.47043321258062
289,2015-03-27 16:35:34+00:00,197.63439768864927,192.45078970675107,191.53217516699834,188.44111416459555,193.55623037506788,189.66709643149392,180.21753482583745,180.8788719791533,,176.17204001073472,,,,,164.91761571731772,179.49308599160958,176.4687855411663,179.66587610793178,180.74942795406315,171.09038446857627,,174.17358812822349,172.1231529619086,168.19215915609288,174.9851310120879,167.14960383204865,163.19624058670476,176.16981194425932,166.9221440823332,,176.12309510442356,180.69456642892314,179.86846237016985,184.9364446894863,183.14526811455076,177.95717488297817,182.3353388476861,180.4478671727847,173.96070786644702,172.24268238911577,180.57815205851173,171.60852724329385,183.85416908603943,178.94700324797532,185.51264299371658,182.83169863660038,177.03452679925934,177.91581042759648,173.76726967667418,176.5778047635428,178.3097336461577,178.5057013153514,184.42348658529838,182.2321179501653,180.32524730061002,183.05650136968507,178.03482046199622,186.85022815014742,184.2347853976315,183.2884341580229,184.75876600263507,182.5237557556361,188.00341905256707,182.97039572594267,189.98927179694547,187.5806489093112,187.16173697134718,,184.78929241164448,,,171.06806952369982,192.6797861011866,176.1418897713475,192.6437924263166,183.78144030976617,195.90309210338435,187.23243996400296,193.3579815432851,190.5799481232626,190.9677048684466,192.41555457812947,191.39495516857934,,
290,2015-04-04 16:35:12+00:00,,,,,,,,210.69985877313945,206.77673008160082,202.97455167894228,196.2020497665176,197.97477446240623,200.09118948007793,201.08542016453467,195.48714428556895,197.84082570000007,200.98192634351676,194.0255178546626,197.0556749166195,202.50131638428076,201.51136751956184,204.52663638760797,195.15944156021337,203.86050755696576,204.93101643388096,195.33212230732997,200.8578488132318,208.8239859339607,196.25122171410823,201.49575343346626,195.6383865743642,,,,,,,,,,,,202.84209978091266,204.52173944053294,195.5779291618915,196.31489584419325,201.0930877756052,195.97913349364745,194.11354278408143,196.19897658221558,203.3673951141195,199.57000617330553,205.21642661743715,201.648177119478,204.14347042047083,205.2362063143921,191.438099241706,207.50698467290712,201.3032552263068,201.66383034582717,199.4703013503845,199.63932002320936,202.16924753771565,202.04382161768302,194.08999181894646,,,,,,,,,,,,209.13916065550487,205.36637360558188,209.00428866835418,206.08150615372801,210.41683967035416,203.9882303241869,208.36950268867704,196.62351727366317,204.3706536227111
291,2015-04-12 16:35:28+00:00,206.69898657516023,196.6723244955046,205.58469488898606,194.50834054383742,189.9851852588712,200.51946180724133,201.3588085475209,200.0879343010379,195.71877834106772,193.9497421102039,174.68402084890684,187.03077259268971,188.88073989896193,186.6346114856607,184.98438555865664,187.1144697245191,186.44976684342956,183.52382651162196,191.1203866156988,194.19583055208298,189.91725375609658,192.1519737759172,179.81747522982286,189.27820951881287,196.77270261671077,184.23157106884915,194.562577425938,197.83808439775507,184.6316846200051,196.49799635883406,194.82806803713447,192.89103443765183,188.08261203159614,191.07573598981722,195.69107048926736,191.03922134900606,187.57733110044336,190.2994415867103,190.70090184551393,194.30826313977244,190.68111443617354,192.21126088063306,189.86094376328566,187.51470444956104,186.7582430870784,190.72736766849013,190.2221655017938,190.2950326028743,185.95726895949403,191.95291032483092,193.9728911085287,193.53254578938012,194.22210127778425,191.54281910566374,194.95778186328906,194.67003741337282,195.8724076250211,202.6928661846339,196.08352304067094,197.94297909298024,194.5909614774722,194.26497605494689,198.36745432689986,193.05698312095515,194.51668058474561,194.88012290807862,198.47676510844127,199.52702296133694,200.5117393411934,201.72325962421056,199.5638490737097,196.80193053365298,200.08805194939336,202.55360192665424,204.83257610532397,200.03414190132105,201.72846870401716,202.49802637535717,200.5808443144353,201.72434639802435,197.0114101463654,199.2422504605884,200.85894822193393,192.64238340744052,194.86482128773227
292,2015-04-20 16:35:18+00:00,,,,,,,,,,,,196.60938511769908,195.2567784081244,193.0093312474022,192.202736178592,191.03968700710828,190.07720705664752,196.7649036921937,195.57626388985517,192.86979630359343,191.11034660962343,189.2438365435782,193.01301277657387,197.23195678404218,195.28759022994967,189.4358917236322,202.01441536221267,195.33054996253435,196.0677358608961,196.51037287235235,198.93549515098323,196.90511678466936,192.13397491585383,196.0000820865502,185.75431071759226,,,,,,,,,,,,201.77079268143828,197.02305018732258,199.87696584193773,198.59981613113226,200.25942473576066,194.52420132336078,202.24588510604866,199.33725270948125,200.93944570101388,197.50935565057128,203.83112490673363,206.7531154762341,200.42770577651822,198.57430876432684,201.45684884055592,201.4197686585477,197.35177069726225,198.82802274741263,201.95567253391562,200.40323762934722,206.5983365687204,205.0030863636639,204.24894992175987,,,,,,,,,,,,,208.10018647831663,206.44912428930235,206.74522309484928,206.97365365517487
293,2015-05-06 16:35:25+00:00,186.1100531397733,183.88970688955243,180.14115033417187,177.87102554237487,180.38081600402404,174.49040967200432,169.88855573442433,176.8396378341019,168.1222571934627,176.4800117984268,177.82969031008858,169.60164455212896,161.6613982484176,168.8655958654223,165.41806828390935,,,,,,,,,,,,173.56929542794387,176.5980304374873,176.03940813719518,167.6023351143908,171.3444585557466,174.35137870029325,179.40648145085638,176.55303348507886,173.73245275979102,177.27438728652243,179.9425638141122,177.4635254961421,174.98539477751746,177.5800636918986,176.07451399364365,175.59587227295003,180.14797383213298,180.45215993503115,183.0775900034835,176.02132599164506,185.1650968816006,174.3208070121919,181.78099762517488,184.57478064697395,184.2371672570687,,,,,,,,,,,184.27402972122206,186.60447858688926,184.06691995067214,178.25996022653533,185.56801948064816,186.05413631074217,177.15566578070732,182.3723636049259,178.99437020661117,179.79376426324137,175.68199433608643,180.30047710209632,185.5670163659477,182.6018544123002,174.53137622142282,181.84969020488123,186.16131212816313,179.19053615991123,183.96456564971731,186.50653757178873,180.69925347862295,184.88275303569208,,
294,2015-06-07 16:35:39+00:00,187.0165776264195,187.44274049392288,188.65762279376764,,,,,,,,,,,179.09653726308926,172.06874777688418,170.91056949458218,170.81387995451007,181.00004171824233,187.6746559382058,179.65486773821826,169.1297184389198,180.86410137627576,178.7590049982972,176.5196840724695,174.98685507100055,180.97791931867394,179.12197083134114,182.45333849687566,176.07872614790517,185.8273973573594,185.98785983437506,183.7163459771127,180.40727716915336,191.89273267255302,183.38522728660843,187.2615778359477,178.06084838868247,,,,,,,,,,,,,190.68954614459173,193.80039604447228,193.472982412941,193.39666561517814,194.57091192357757,194.81442873022522,196.9225123228358,195.1458257867599,194.916518475946,190.81765460112607,192.09163691982513,194.79996233672327,190.6280385589619,191.7205185452447,192.90967651352042,189.8712379103824,186.17300799319975,186.42302052343598,189.66601129663522,188.0811669158373,190.8090165371634,184.4881177957758,194.32560355762195,,,,,,,,,,,187.4597870755743,181.96749572581993,184.26429803467815
295,2015-06-15 16:35:22+00:00,165.13357824880816,163.45459362213617,160.02730113859906,161.77870620585216,155.47962208164074,156.02472723496882,152.1195220541413,157.9757554833522,160.09583395225405,152.4383587078951,155.8900112010708,149.32146967021785,149.21185260106654,149.51803622952886,140.75195256655556,144.9059416913012,152.6735524178838,150.0794050740308,156.9546900696906,149.57274846133433,164.15595184244384,165.42754489254628,148.81224777648535,145.28254499499724,156.3458793175755,155.2085954774727,146.82397261803797,154.7420395419462,162.67815149969263,154.03167433943088,159.8671015609215,159.76776067493515,158.9814476448308,165.62027999319983,168.4563860044076,158.65187495824577,150.70893606505737,157.13252840159416,160.35426961765788,155.71815997086588,169.52526120764634,171.6205472291808,163.75048679851406,148.5895837295256,159.51131201682975,149.2541188655584,160.03468325288927,165.39179306720777,172.22988916864014,155.7109817787426,156.8078541879136,166.79026480373165,172.68925921879938,168.2640827838149,161.00606508487746,154.02737810535785,157.5219864792172,163.46819045938744,169.70123341124648,173.000861738545,167.14232410704764,163.8375866216555,169.9461318310248,174.9806005275684,175.96411523732777,169.0833114332893,155.76460613084268,169.85526013379402,168.29286340776625,164.62842334359465,171.62628012784023,173.36828326247308,164.6355870401529,169.04917906290595,174.28424836132265,175.76999586064534,161.93372548906822,160.96616389864977,164.98743934550205,173.03048878358481,172.3126988370068,170.76854183030446,163.74940260379483,160.1669415238121,163.23601373750702
296,2015-06-23 16:35:41+00:00,173.72484376161472,179.03883891501286,174.4975385084895,169.74390126928196,163.52295348547102,165.93721403693328,174.1581979118651,174.41561633648968,170.3785588558078,168.89465567189393,165.51922903962333,164.4625245803686,155.21192051564194,161.19679888227037,157.02755193890704,,,,,,,,,,,,167.2149313836276,167.17795382046666,182.62131020735083,176.59465095659502,166.74411249169526,181.58005700586037,180.20171953670047,170.35044467080297,188.73805726649843,173.55579289285325,168.7460687728538,171.46462333566345,174.2168231630261,165.5973374279512,184.68261941353313,184.052649126768,184.3328189624171,174.57388908483077,180.31585239368567,170.1381761389905,177.21414924805833,182.68332514954608,179.26780267857708,,,,,,,,,,,,185.96540934712164,174.74438782486737,191.74093827087555,189.5981223774351,191.26932053968505,181.3173199916666,178.79785923876406,180.67682459323063,185.94855818198343,180.3352246754515,177.5229864329231,184.4695199727315,171.76104935320885,186.6453046822595,187.7090055638841,181.80142291663765,174.29280960280005,167.561432930263,176.88328714993435,179.80221255670693,187.34593349863385,177.31434124484886,166.76847569099283,,
297,2015-07-01 16:35:28+00:00,173.34634163713113,178.71210339421242,176.10194652835605,169.16235651101834,159.99800616391457,163.903225367223,171.26608750089332,174.52486098886135,171.8384928956884,165.14682798991421,161.50038833290378,153.8417915158626,150.7295608464419,164.15835602234367,166.2342574079302,161.6564253967071,157.45405164293,155.49960892629335,164.2679077903297,169.23970912319928,175.272312416402,168.41185251556823,169.03302765036892,165.95940387332183,161.71616957968808,174.97147331340696,164.0506012855298,166.54321361265377,180.0899218331841,165.00395612265115,163.86855612693716,173.76530862183117,174.29087335971056,166.23343360459015,183.0454466097378,174.6473627960877,161.09810320111126,171.85394500002573,178.97061651066986,169.70175487948757,183.2657217050515,178.61763445869437,181.81668938846812,174.63015155402357,163.74804024642316,163.1217385067448,176.0655556874415,169.7987010401794,177.80575475538538,171.30071031281906,162.89289315318976,184.21985460070633,181.97906201811563,179.2111413148775,168.2936831776416,177.04304675633696,170.49422985521633,181.76729547159434,184.56982464340885,181.85691017932962,185.12263380358343,170.52051572266402,185.97655511140806,181.77663543336627,186.7979283452173,178.93601652457738,171.88428748225954,180.21120616883408,179.6706582744028,186.61753375562165,175.12956823069067,188.3052211054756,174.5001287080518,181.1291941970812,182.8447192860348,181.60140778305777,179.1009693708578,172.38287808842344,171.7718706734965,185.97145336734232,182.97053181071198,183.78975950013833,170.92223290509705,173.51614885136263,172.50754443024005
298,2015-07-25 16:35:50+00:00,178.27944937499024,183.78645105162047,183.1393141254889,179.31451475027157,175.5293728027698,171.161068886982,179.9036547450434,171.82330990158877,167.94199047986206,173.09872150463409,169.10904451917733,166.66893450951,154.33930595699755,165.14018790478374,171.87061929293853,163.82520956825476,,,,,,,,,,,,176.1730666238216,177.06853738638983,181.1362285743691,177.48962947284284,181.60092492127518,178.83729403292946,176.10127255886624,179.46835852011338,181.5681423012242,175.89389516412942,178.36669071914147,180.76589236651117,177.4688183472864,185.49348709775816,183.50585676733533,187.19226833542436,183.20952213491822,187.1439483721586,183.04501727813732,184.19005661925257,185.67197137582127,179.38653314491987,182.40778634034112,165.49668785760832,,,,,,,,,,,,191.3200646949726,192.41381103232337,190.1227148221707,191.90671640994807,192.77291041819586,189.28809249053515,190.75012658868758,184.7213546126796,191.8307906313666,187.11472272366544,182.16423041095157,186.76019989141824,187.82639569361464,186.49232747892387,180.85371195670604,177.29199743342613,187.72114431276935,176.90752353098077,184.3762048087248,179.06931376386098,180.08727009988448,177.31950902914505,
299,2015-08-02 16:35:42+00:00,173.66396898790128,174.45149393358,185.50021106019392,184.99265760361476,174.3194897630474,181.75074954359388,161.31846468630854,170.53824325211838,176.4083219914573,168.8376432631335,173.02613533189574,173.04032104463948,172.31374952424508,159.1944690354758,163.796332405653,176.01222957745077,175.87568899569143,172.17120109914893,168.08714387693422,163.89655991876748,176.37998122460453,174.60206071116946,174.07919277514793,171.22584317933755,174.85987598288062,178.5069802486393,175.8889744943014,173.79502210577044,178.95554502520326,171.642035773012,180.87923091789688,183.35993269770785,173.01265203886126,176.57668840571907,183.27557141541797,183.3078614594454,179.64426832224675,181.34681473776558,180.95555436256913,169.90736363934403,183.59125391946495,173.3341097379113,186.5654152894466,187.48339447271695,186.5017307395941,185.91338018279126,179.18377552626976,187.00767537291523,189.7871422770952,182.51494288381036,185.3964025275415,189.5502470316736,184.86299744202563,194.31470586033956,185.02389477705944,194.4723787826954,185.51857752445326,190.77165554882993,192.7102048270943,188.63903261695754,186.22187484836257,188.32396805250784,190.869097197801,191.26805761363994,188.54238556317688,192.66718721303496,190.19666777258752,192.14192123022747,188.54758375618974,190.39566667350414,187.7888488526038,192.48359182681537,189.18089441712192,189.02232403320875,194.26614176662054,193.49484763111943,194.55754884333197,192.78977895556056,192.63304224690995,195.02873438370943,193.0047006099095,191.7048842621162,188.80130180994914,189.94487546011763,187.5277285041291
300,2015-08-18 16:35:49+00:00,188.25838616871272,171.89432354016503,170.91607037532305,173.07341400265005,178.90231076596626,173.85244736964788,166.17355387301527,168.80514734263065,167.74980106812393,172.31120949611574,169.32181801304154,167.34641154121988,168.1123605816028,170.0545396836068,166.8094369813696,164.4908728648209,166.01415389825075,171.31999235187652,168.25246951817908,169.7984468806431,168.1402453315983,165.40254664478087,168.65477895562276,174.4062309925264,170.48019612415624,170.09597535617576,173.39066854129197,176.90710735691465,175.51338311950343,172.93413655192234,173.12690109773703,171.91311973921995,179.16731422729777,179.82591037901193,175.5869233858915,177.89535542161923,173.7792640695685,173.79576702353054,171.18106238978115,171.26965045051278,172.11290625252792,174.77887705415822,176.05142947497666,177.00624154549865,183.59320976183238,183.07584799082656,174.54076895484798,180.3815090205668,179.61836719397192,176.98246794837416,185.42484717112285,180.7457168110074,180.64132431627604,178.9493070871698,181.8262918445133,186.78204991770536,188.54645686820095,190.8941558516946,179.6828478641757,186.44538255540817,181.96507810040976,191.59689373094238,187.4529285363202,184.5847981017597,188.70954270023458,187.68056730637144,189.79047565208506,185.6845208559983,189.1174896735698,190.9124690331118,187.09020642922616,185.93687090091498,185.94998234663143,189.02286860566727,185.36063783425203,186.01417846428382,182.002851157449,182.60745801779268,188.24704052552826,187.33384074555437,188.33689634357074,183.9159746609842,184.795542996889,177.7715052220473,174.41258544261214
301,2015-09-27 16:36:03+00:00,,,,,,186.83446251611562,192.68392219350437,192.27606446822256,191.02280157608794,183.21399930400094,169.52124832240344,188.17624503354784,185.04815210365336,169.34387556795514,178.95576452825262,178.49715716637687,184.53040495110267,180.87147700121352,187.6454351619571,176.24636616754975,180.52937313684868,187.46787883677197,187.0699233098055,183.858541597346,182.44004072765415,179.65399766506755,192.96981864029752,183.2051870857416,189.74082549660562,189.9825660213644,,,,,,,,,,,,192.39803173108018,190.17881542249222,195.56006916009898,195.23743824071795,194.89132513027354,191.43019730236918,194.64323028783883,196.71464050745976,195.96238443978342,193.16946126986062,196.60043832888238,200.47431096153116,200.2986042960625,198.914292530116,196.22249258560336,200.38200646711354,196.15690173183813,198.73940547020123,198.84950550456605,201.01069449915474,194.0229447169489,198.9847798215172,191.15322035503348,,,,,,,,,,,,198.01163852388257,196.85195125337896,194.7470435925037,198.50543584813164,193.2490970425111,199.74538086561364,199.13839969749364,198.19332035397673,194.61365871390453,195.32368787759629
302,2015-10-05 16:36:06+00:00,187.0798789797255,181.58334128330156,178.04865396699842,183.45951423144288,167.96203868721582,175.19090065322632,183.1548371244364,171.73888276510007,174.502015884894,172.44943549236783,162.27807725838105,173.42879225717078,170.08279831808943,162.95389791901704,168.63533135878447,169.58566780931037,172.80967162814008,164.38347198732114,173.68585082001326,172.3549869302965,170.1060897246946,180.55705867290007,175.3873814152982,178.01094338977396,173.38085934370474,176.08229394592703,180.71709356012423,178.47316781998126,179.42270824143205,180.21632102966535,173.39299613957425,179.2943514444252,180.93887284600655,176.612696924738,180.42938589862825,179.94840640196787,183.60846092172594,178.819875900326,174.8276842159242,186.80699987764513,178.71617348058948,188.6182169149447,183.5375841632784,181.23077005267862,183.774075174956,179.12548476312958,180.85641153122276,192.45012707344344,184.75198098478435,187.70232009667225,183.27184008110643,185.79087936674281,187.73671005824147,185.83602761107568,189.79897410137494,184.6485494434022,187.4367043137995,182.9568774149665,185.83465457969595,192.91473386862324,185.99470261046096,190.67313230750986,187.96221951615283,188.55356588475075,192.2885549138562,193.91697409238458,197.07272873099237,190.78571011841606,192.49849060038878,187.5796946657454,192.57439147605402,185.8378379928516,189.37563694289747,195.1073804596721,188.5205717852903,194.19548211767884,188.04460828761128,188.1705115253743,186.9209568867209,184.824504904246,190.80032835849954,186.63138443436586,188.89532440803492,186.14021247069343,185.08589036498242
303,2015-10-13 16:36:15+00:00,186.83213398459094,184.179108508693,181.90938986773796,182.08138710237384,181.90333499351962,,192.59699783129298,179.80002008326537,,175.4656515841706,169.6559250618455,173.02438705730214,170.5212835531483,174.14275204280239,175.31322592171887,174.278930284713,170.3239259333099,173.0310645134656,170.83725662474524,172.63975238420758,175.7519249560462,160.02354350541484,,,,,,,,,,,186.35195474067862,184.8446532888819,183.4677682499369,183.47154199089766,184.81304461587465,183.821234673689,183.23523594349584,180.6694319305034,183.6936801128701,180.72180412338213,179.54731439740803,180.5770882320818,184.66798358957814,185.40562522764634,185.8020798229885,185.4863312399506,186.92698792395845,184.4412585239624,185.27316640596976,188.74782839074823,186.44751293185084,186.29799038502028,187.14438707776333,181.43042991085352,,,,,,,,,,,,188.4068391265708,192.36387299583828,191.7808198346643,191.3846098894481,187.6959441812273,188.17620384969786,186.97348052709938,188.66065931903321,187.66131453513822,189.9566733438557,191.3636003196065,191.2482088098695,188.98828063321508,190.64790156064203,187.42139418048694,186.79868603009805,184.3220022232582,185.20856316823355
304,2015-10-29 16:36:30+00:00,,,189.76864997297994,185.3471752050405,180.50357688162364,177.47553110847346,183.7778397661777,179.8650617452928,180.23982487018264,178.89796084528996,179.79624911064036,174.97887979083583,170.94330176390483,176.10719189169342,172.60649058969167,174.17067267812436,169.93345560973293,169.49153120840737,169.98073715430283,171.09753989108773,175.39220384243737,171.2791384473435,172.43368631897417,177.9084403276957,174.0264906819807,177.3139132887735,,,,,,,,,,,,179.88544283913905,175.67609066112888,181.06101781958336,181.9852884413876,185.7498312346961,184.09048753399063,182.82455788790344,182.2445978423181,184.5919469134482,183.93603927381608,185.67650787132615,184.02257241974104,181.49408715977796,190.99226680421935,180.66211853394674,187.44818816433263,186.99576948092238,184.90812035529703,184.10152929242122,182.31735451692032,185.958447843837,185.52860073832443,186.43490575262177,184.23502093420976,,,,,,,,,,,,187.39441865822033,191.15856080898624,186.67496460666737,187.0204752952891,185.46025118193032,184.88631483861684,189.16054478300998,184.4444021714825,190.10623497972068,185.42253622078053,184.44941459852183,180.3951968599613,180.88731541291202
305,2015-11-06 16:36:12+00:00,190.69038690600465,189.39718206602137,193.0496051638373,185.17831794221092,168.98742753729582,182.68346017529043,181.28809999265175,168.99838737217496,184.4851119319053,177.70510638098068,177.79370765070763,159.73819320839254,165.9168032369853,179.42772869504307,165.5263651190914,175.17476588508484,174.07315315467937,168.2542879357163,175.50715885859225,176.10267538216198,180.4446453664855,163.6880601647676,176.16476731731785,181.74236872673515,181.30911007869219,182.44427944319108,182.16345554104444,161.57037143495728,181.5256164556512,184.13341799618465,179.58366456354813,179.7755317980284,182.3736591081518,188.24980788888132,167.14318356668397,186.431932385318,184.6559165708557,183.3817270958907,174.9934000513292,186.5071248043861,186.84077294975276,188.7987728464923,172.82314784042862,182.00811646913175,184.97569735857522,186.37349945238145,186.9247836595005,177.3306105311798,183.59120073194185,188.2050726356889,186.17062702606043,186.43853085300572,180.06342249183052,188.00762691987035,187.7244650956075,188.69679939381743,187.84108042043587,188.16197363102825,181.26331666318822,185.91444694886934,191.01736219178724,191.82718647596036,189.0825440316402,191.8300618973552,189.45212329157687,187.96796049164337,190.22266827033118,194.33357147201278,193.26105131803652,187.43476051630313,193.17412134546518,191.5360452886745,196.0646541298909,186.31256160914617,190.58676682783243,192.10851118816714,190.51040504320983,192.23207593105735,183.2425911136728,189.138871565878,188.7465552655024,184.20245521272383,187.01761782656462,186.45330856918403,190.42024786205113
306,2015-11-14 16:36:47+00:00,194.47758527942293,,,,,,,,,,,171.068963594003,176.31461334606976,180.31306620266784,179.58687286114167,183.8837751709625,174.75294844548074,180.64990353735627,180.78959016884966,186.80326598238426,179.0936563186993,167.12931203866495,179.8240652949268,188.78855411147688,187.33363578285466,187.5586178048852,187.02694114933357,168.11051790812627,186.06882635264122,189.5741063279054,179.74622293357726,188.54234989710417,188.71559081324702,184.3908889487535,173.82116919056622,,,,,,,,,,,,197.02180707023106,194.22594218224407,194.85759178116118,194.07908690903756,188.43246183426703,193.63985143358371,197.32663644713355,195.39163631922796,197.16824693902103,192.29067634678205,191.71927942893436,189.05308821892055,191.5115017125781,198.14593489013453,191.89831982014658,197.24194141067846,192.01921975428746,194.80454871446673,190.7657122831908,197.64799064059238,193.2509057802158,200.63161891941184,196.5157422092245,194.3713730921196,,,,,,,,,,,197.67761176960687,192.54000560638156,191.58835322076936,188.40846054297515,190.51759577460015
307,2015-11-30 16:36:59+00:00,,,,,,,,196.11133510457014,193.72841918633858,192.30708358045655,188.48577516391794,178.11514801189412,187.81829552675063,187.80460098516346,187.68200102691824,188.2885129605387,186.73945207363784,190.20276500933784,187.0637997569358,190.5846308412671,186.93433100632245,182.24955138229745,193.2728457810668,194.54430661784812,192.56514916420315,195.1373212579303,196.33760045224798,189.38412677413203,194.71484829067404,198.13675675713836,185.64861868071074,,,,,,,,,,,,199.4972909654124,205.35695444946236,202.04907478405912,206.11200271475576,205.18880241501657,206.6239955210154,206.08025536779013,206.70299206924975,205.58194694651704,205.6636994039485,206.40461010369629,204.76252753233535,205.34931838630195,205.64503741148212,202.95716664936376,205.59264708396,205.81289539927525,206.05596031488375,202.51088580090357,206.31428244211963,205.4633906630761,209.92125250341564,203.55476371087042,205.76065512432152,,,,,,,,,,,204.2500034454834,205.4155588962691,205.93489068846057,205.60362815475798,208.0122679229662,205.6524672164718,205.70353563827814,202.1624422482828,202.09933886719486
308,2015-12-08 16:36:12+00:00,211.36854371620174,208.843707294538,205.26649944252517,211.2857159941106,197.01347371281415,197.03339698605325,202.9408517787046,196.49709568612798,197.6883147729536,197.38316485499445,192.09597232957762,193.32145919041926,195.67383062526707,192.69766816427372,195.1929352363776,192.63295442207374,196.16773239667282,193.46565869507037,194.5810068117238,196.74796514258048,192.08189489146477,196.44094930807753,198.19244838324164,199.48166751743747,200.24725845514078,199.62737253987038,201.16872581813675,196.42753368698698,203.25319567524738,206.6523670611772,200.8555842249138,206.27791352178014,203.2665973890424,201.91233711949639,206.28920763708996,199.34916422499498,203.99778300894172,200.22066512483138,200.44678721230608,208.75920685364972,205.1906275150583,207.9702037278693,204.82605699386545,204.90191405007872,209.40342237481048,204.3821518528709,205.16105036963722,205.8913691230257,206.2261430831855,211.47324312369216,204.91779846735466,209.50114823754058,210.28288052516154,207.3728646402157,209.86348488409146,208.27701796076803,210.53565753716802,212.5228546139126,207.11766356884425,213.00264290903084,210.4456700571438,213.89232547839055,210.98077881691376,210.77786748966247,213.3429592456345,214.23220667511092,214.84939991458504,213.88904407299233,218.81135074235246,212.52106620585715,211.65876820441946,217.71667371386033,214.7566536320692,211.33963632996074,207.4317787222878,213.41384771287562,215.1723682935144,215.3178284556259,214.54293495433572,209.8093596946917,213.4726379303181,213.80572819330416,212.77286836731184,209.5756930256993,211.54465731142938
309,2015-12-16 16:37:17+00:00,206.86728061017632,209.62391902742823,206.72122761403725,201.44914266916075,204.8178446457751,200.08919934937205,200.95939561637857,200.1842456810654,198.35054841662134,197.770240542735,190.22960193019435,196.01020607405945,192.97158941757021,195.24117427226196,192.35675322578484,191.0153650404403,,,,,,,,,,,202.1223146636901,203.76877484375515,204.32108696148518,203.71283391916344,202.30479731611348,204.86826086816933,203.175867917592,199.7722457010601,200.3804487193354,200.72890467428397,202.06205285163298,205.8225982634096,203.83805080302005,203.83840654766354,206.91508991438081,203.26530872658537,208.14029393413858,202.1325980471119,208.16332096866947,203.37881186022122,206.8729810506945,208.8161946741068,207.93730605690237,208.57837535028557,199.17070213310578,,,,,,,,,,,,214.67790071789372,212.3750222518103,213.28269183156635,211.71246874491544,210.9861099223225,212.12769013491857,214.3692597438254,209.61668528946245,212.34224700193766,209.87303763513125,211.71009005091736,211.03605815860567,211.631407185037,210.0287050890903,209.48671728437824,211.12761233081034,212.47255919905882,209.5479629738633,212.69118614078997,207.9439945835919,210.57557052348895,204.08374357838903,
310,2015-12-24 16:36:13+00:00,209.22835177613732,212.1377732474306,208.39443613077586,201.6736987182346,203.56484062494292,206.02727575176772,205.73537543441924,199.01791007761926,197.61906067704177,198.1600960711664,194.1869278230605,199.07827811493166,198.57234260701748,196.06159811970684,197.72319484974813,193.17739504333505,197.23007957531541,190.35311911076352,193.44457001542747,199.08001274463334,195.38881787555673,200.07824641200614,199.835806851968,201.50727689915456,202.69770364634232,198.74288767070425,203.4454921374207,201.7874469245846,202.2067549013773,207.39930376238837,202.69237544089972,206.59228722102486,200.15886808508554,204.53565779216072,204.5568385055225,201.3135898789849,203.9785886580947,202.69859588068746,205.82884304649664,209.88666854799303,203.77144873806932,206.55762626250092,202.24716310222317,202.43217361897132,208.45909334673135,203.99607093232922,206.26370305351824,207.10690735665304,206.3166948424519,211.02018393303354,206.831933821117,211.6878178689435,209.17267836691434,209.97622827677463,210.8054188130576,209.81794265329677,211.37524865926414,208.01802380400204,208.72601658618876,211.890630457536,209.05302314584793,212.77401480045947,209.60285758243168,207.4781266950909,210.2475096158251,211.56595360050048,218.50249490839394,214.24349706826277,217.73895859783408,213.4017966315375,213.55463016766126,215.9242449370664,211.73352373427488,216.06509291877876,216.31233132193444,215.54926992796763,214.32413660637948,212.4810020071655,216.23699625715372,212.59539319897206,215.1883755323483,213.35554154360784,213.08750459292898,214.71774407953075,210.9333375875707
311,2016-01-25 16:36:09+00:00,221.91522509693635,214.5251155500527,215.80283715453402,216.2115676472081,211.59362305467027,217.40560395455836,213.0793001007524,210.96365551110816,212.95593885978266,206.42849150081761,211.24515620873828,209.76521816282443,210.38013157013998,209.11558912753563,205.0797644032448,206.1771884126505,204.33708235774222,201.7322289231365,204.9149658503691,203.39697602336756,209.02192779554954,208.69844461450052,212.23540374669776,213.49431454499367,206.0643868371244,209.7202362655458,211.89394952144897,213.1602232301248,216.54876937085368,210.87827924631702,215.266605781196,212.381209713167,212.38790638810758,214.64304648042574,210.3718572497109,211.81607564216552,211.69274725753488,211.11997533972266,213.5937060050116,211.37603218976847,214.84347195934666,212.57687173146263,212.31184415298267,216.60955599172,212.81678989753772,215.8321393076599,214.08814060213638,216.59757261382734,216.82775787305744,214.50637977133184,215.70639503898477,216.37208040836634,217.16490404184913,218.17337648512827,215.22229002274722,216.64299684377863,215.3225847164075,213.12866908229196,217.15494561575719,217.32337524708274,217.81514880839043,217.01725418237214,214.90480943516118,217.04664285929172,212.50985767970522,217.25945530609286,215.8149253213255,215.4232594096356,220.7938804181025,218.7271394977167,221.30532273197437,218.79368598173954,221.11069831161936,221.19853025346166,218.75610457738415,221.7201855247339,221.04357270003294,226.04447438182024,221.24825177488324,222.27803303477413,220.32655380235087,219.87658280599123,222.89264813848868,220.73147859086262,219.81162969764432
312,2016-02-02 16:37:54+00:00,227.5856168486429,220.10651281525224,224.73492552137455,221.48154679919412,223.94588114937895,217.20122507919504,222.46427246338274,215.84487643923427,214.98578766052702,217.17540647376998,217.6111597795744,215.5331142518643,215.25986284127575,,,,,,,,,,219.2759630328904,218.171702959678,215.10281378531784,218.12303881894815,216.35825565979277,218.67560575052798,219.28008666505394,218.55831643913427,217.31884152538473,216.75728029398226,218.71792217258036,216.19644171364467,213.60132480512934,212.95681724278,212.10598974285836,216.1685471311758,217.04843539766154,212.40774833100787,215.71543995201267,215.0338056936146,219.74042604427265,215.6458388031104,217.1588148351286,213.42569854393435,207.36404136936738,,,,,,,,,,,,223.81423545342767,224.15851337709438,221.5827505892296,220.1354029107096,223.78742540912043,225.31541048307045,224.13531671989625,222.42390755121525,224.82601144117717,224.1413944682378,220.93170295876868,222.19101179258845,225.58419926080134,223.59560182423118,220.35232718400286,219.83565157715321,218.347630422162,222.18278474603923,220.30955288442564,221.1066132175974,220.40530238484914,217.70934209805912,,,,,
313,2016-02-10 16:36:04+00:00,242.53068450307384,241.48883492400356,245.151232511499,235.63457902564994,236.92820898457856,241.2004882846252,236.17569712064298,237.57363311953011,233.7637576677851,230.5780763080744,234.14770977012253,235.5057100846785,237.20050061521817,229.89855801904545,230.2810615161274,230.82710884405637,224.85580590767182,230.29350950936143,227.112981221602,228.83259383373436,230.13201372969732,231.18570987177313,238.4847507819308,235.25225169817438,232.1045757833816,233.09313877132118,234.8576584629169,238.583997088125,235.5125834535233,233.47754643808733,236.6695943380405,233.2443370942035,233.42627901569378,227.45469200573132,230.59837122168412,228.5308973298545,229.009421719562,233.16361153347881,229.92237738343746,231.86719006753214,232.64444255630036,232.64456899881927,232.35110904549342,229.98978845038667,232.89672691533758,233.38519383992144,229.78895190815143,232.92622111812273,230.44003134410937,229.655347015765,231.07069597796394,235.0021376765101,231.28447195376052,231.03539543458768,230.64986715254523,231.43751862498706,232.33290821324886,232.9814949548651,228.71326481822447,231.95983413088533,234.1229054132874,232.26665316940637,235.08081490513482,234.17533131396047,239.87805831844227,237.46474102509737,237.43978386648394,239.25296102489813,236.67157583778024,236.39805960843253,237.82770293704542,241.21838505169367,237.65027816939323,239.82613897083135,236.44638081411526,236.86377117790366,239.29915732692524,237.9766335434234,239.27240806671082,233.82420773182105,237.7996211259507,235.94201081680507,232.49435891398969,233.04631486222203,227.77540414532055
314,2016-02-18 16:37:57+00:00,,,,,,,,,233.77263071821594,233.10755137578565,232.5308254058805,234.87764399070548,228.51268998453418,226.94098370351088,227.33060389202413,224.60266783844307,224.02167814515053,219.22478350908096,217.51857685252256,219.72291413248624,223.50093389204002,219.38841262730008,225.59941672549644,224.35615496650996,221.88405364792382,225.6675082842972,227.75297297622845,222.76592469233702,228.91231326569613,222.56674743653042,225.2326558792814,,,,,,,,,,,,,227.29855325932456,225.5726948755827,226.93571008819669,223.42762991323013,225.77658282079287,224.29494120841494,223.25843652347703,226.7187510814399,225.56439982104138,231.68249738407187,228.45445284968517,228.1796258329354,230.94343714300635,226.84680808120208,228.04035831719804,228.43125046254752,228.09231428148965,227.66284356601847,230.1772282798299,227.2583881524522,227.97898111782888,224.55453872637625,229.11227917976595,,,,,,,,,,,,225.6207012008473,230.87061986612557,228.09697901159885,229.02212838764834,227.3124645054185,226.15577976976854,222.21169906353268,226.4462582172023
315,2016-02-26 16:35:58+00:00,242.5410094266539,240.83477687619407,239.54861352249998,235.8248856619708,231.21663140383725,237.48817965962138,233.82169128245505,230.47189883428132,226.20193898435596,225.05330008215776,231.34325254562162,228.21497156063342,225.38460487443558,223.5084355024367,220.8441449522627,221.6155519811471,219.42122541124508,218.1763770171123,220.0312827939947,215.2311075861907,225.40478006118846,225.72768360783652,224.3869527057427,223.09539780765544,219.48667879883862,225.60988176419195,226.28939884240052,223.85719764237425,224.55624623496053,224.70009126992343,222.00870426333162,222.34867695234573,221.32245649053687,222.07288545038247,217.42082527521524,223.4908484492692,221.0944309563995,221.74482208865854,222.73083542392072,220.22296117497035,225.80515527255127,221.30508419026842,221.1946889747587,222.2122852288324,217.429944374916,219.82651368271482,218.5552156942365,218.98946756242663,221.5553299696593,219.12169742217017,220.67670666504975,221.05636690132496,224.38114806650546,223.8496251421478,217.9938664757365,221.80513248147128,218.86826502904825,224.1648840658505,224.40577638166732,224.6213417895284,224.76646807282367,221.8796161015202,225.29735847321288,224.62028399602545,227.1309357507977,226.91695352715683,226.32377019010653,227.130478379855,223.86827610593616,228.38811190928598,224.72895630884676,227.90760528567512,226.8107934122421,222.71312731794936,224.24655802140342,221.54943715174397,226.69196180604823,226.55449240171583,228.12024256729848,226.22787427268318,222.57822048341924,225.3328313560599,222.51548364991984,224.0448315925198,220.22819311837904
316,2016-03-05 16:38:05+00:00,,,,,,,,230.86740129457453,229.148566362186,224.48104216946865,227.0224453612567,225.4685536399198,220.33972463030338,219.97728348099108,213.9862177737406,216.30994297600674,217.16686554603007,216.1441338261132,212.14072061612623,215.560773632299,215.90539840511656,215.08475530394566,221.91899399902948,219.99569099381443,220.45996380312744,223.81954120878055,226.13104926357607,221.65404078207834,224.75261499602848,223.49862066133193,,,,,,,,,,,,221.31561645485937,221.14130498748014,220.8943516015835,219.93912637923867,224.57475209214172,216.738936577689,219.08798294394722,216.96625867465707,220.20805803313152,223.86467620855126,220.19421233126116,221.54123671914016,226.93319266605698,221.65749806555175,220.93245494172066,218.9488805711215,221.53928581154122,219.7139231141876,224.00031302198641,218.58441575882642,214.22895205883907,219.0659382710237,223.2558389124282,,,,,,,,,,,,218.63959446581947,218.82182444948756,219.87685451534523,217.74329804305677,221.9734584798702,220.19391563375984,221.5252626038972,221.84732279893817,217.77025240707567,215.97922388177778
317,2016-03-13 16:35:55+00:00,214.31644754620993,210.55511104269422,207.58504247004709,205.48604281545514,205.96224656382515,210.4946164264621,205.07795372683043,205.43130110804267,198.81140429648687,198.27034424859048,195.33351852883712,193.77253658847107,197.1546955467683,193.27721801951859,195.4621938151613,196.31822332071522,190.93518715586018,193.42651416750977,193.07290556229364,192.91172997906048,192.7781984103243,194.98554384065918,199.00217987516626,196.36723186629152,196.19384565535051,200.90251495054605,200.33385705365222,198.23612625631446,197.09796284713005,195.6264018724597,198.7688393242961,194.34945818616606,197.83670001085315,195.629604476175,194.59839147954963,195.46219290493752,193.599008587914,193.7202391282985,192.876490425799,193.48485860404833,195.62953052922435,195.07185214995636,196.08163106766108,196.906738966071,197.99750015210256,197.59850858340022,195.03314620328965,196.77112940965668,196.4036957049291,194.2287209489975,197.54867672358927,196.99297667957052,198.79399560423633,196.51254816897276,197.47683407976504,199.49238187040405,193.88219112897357,199.18037868245963,197.91830824130943,197.15198434307533,200.63111134811115,199.12778537590773,200.22245932996728,201.01457915605673,200.64056804476056,202.85271500597045,202.35293355457077,204.43303427429257,204.08474655925852,202.30491415345904,205.25424729533293,205.7597805326215,206.90360329260602,204.39231343623217,207.80248941013107,206.91870083254946,207.4342057274356,208.54355633514984,205.6087928269641,208.23032123173564,206.30720984802113,208.1074071701339,201.7358369519383,203.3585337435355,204.43232325121866
318,2016-03-21 16:38:12+00:00,228.13858126121045,223.92906116376378,,,,,,,,,,,211.26648810844412,219.00601377426997,213.31862673103507,213.37907569835232,210.16158485071537,214.87072772708854,211.30688175993703,214.33062326821067,216.1823274116339,217.5092900800159,216.64809961138926,220.99057084260812,217.19804892606334,218.48734593839663,215.6850894592362,218.0703765545902,213.25831788350513,215.01166946393312,211.60241157980914,214.92017354411456,213.8680138401039,213.2363847021344,213.41187619558752,211.65113817195203,,,,,,,,,,,,220.3208443070573,218.02876989121825,219.12371603111296,215.85759315365115,220.98556934173075,218.81608733750465,219.79510331724325,214.4351340162785,222.3007751865735,220.2993571107335,221.43580661990143,225.36477502295799,217.6431056114855,220.9440390145986,221.7618312656431,218.07627614762362,220.8978064845985,221.56753490671207,224.49656860378582,224.73327180175323,225.43348826907845,225.88280262406283,224.25378423374562,,,,,,,,,,,,221.09077694412917,223.26914632982013,220.17492047808656,218.96372053133646
319,2016-03-29 16:35:45+00:00,206.37577606412526,209.81180404393584,202.70572112052483,210.24573000396143,197.56894490727765,205.8407820613429,206.12116598640998,196.77632655252052,199.24934568041502,195.4706552352766,197.76108706386245,187.28129114661087,195.20327981845577,196.43600893442283,190.1567191158601,198.4121790806308,196.77086680396494,188.42100226311143,192.6027466869578,192.8657386141592,198.16787122280422,189.7074742044417,203.60940508912728,194.5751531521307,197.39004836181886,198.71484388019658,198.60373742177822,197.4915412468978,193.39748625941226,193.52395500506933,195.23674517203375,197.71076388673754,195.09136604630427,194.7926344255344,194.458881243718,190.51218197425553,194.1325428858883,196.1545015403634,193.17794783454627,192.0648640370659,197.67761561908944,194.2069640680691,195.00905686240165,197.02404232766605,194.85911897402022,194.07523857864567,194.00750579135055,198.9169376459463,196.61032513589876,194.65927172514046,199.4115578910657,194.45814617601047,199.9755658356885,197.881386861658,197.15222416448296,198.94345297216108,197.78000303864184,200.19127651591776,198.62382363160438,198.323086930923,201.87348598088496,194.63700253225065,199.57655084080832,198.61250662695747,201.87134515844508,199.5520436925441,201.07320648165006,208.33017762610456,208.57680429849628,210.50707723059875,208.43661862858224,205.08600878679388,204.99425271936784,204.50958082568562,206.24869139321396,203.19348575121617,203.80371362214146,203.79934857921475,204.9801876284423,205.30507498879282,206.39075291487242,208.68524155990426,201.86936584154253,203.04132431941,202.21840997114955
320,2016-04-06 16:38:16+00:00,,,,,,,219.05558481988948,222.1760393012292,210.8394541374388,212.84040484195685,208.22426976959773,203.37721491115175,211.5807486546136,198.1971567369137,206.80812798921582,200.67098821911645,204.71219106054076,202.00885362603304,203.98933665742973,201.08847554420873,198.73981215273938,205.4410495783712,205.44394195125165,209.19262339567493,213.0118441538839,198.70605201055844,212.1684838863942,203.59686894526345,201.46269804998371,,,,,,,,,,,,197.62530489263366,204.55829266501522,207.2204373150118,205.79642037930927,209.54784640568803,206.51701091407597,203.7268033280045,198.6498785772285,205.315346028087,203.6977707817862,203.46843396923177,203.367661884369,203.9795152098979,208.27343420517582,199.6742828314397,205.849360548564,204.83849038180267,204.15597252144477,206.9404538096361,201.2035574059576,207.11567726916314,206.54052513779232,201.19612965852085,198.05894444380496,,,,,,,,,,,,209.29384020281884,212.97182156741263,210.94004475598402,210.44525548837967,209.19124505095112,207.39116162950145,210.662319227972,204.7375178045745,209.4842981120282,207.54968963819104
321,2016-04-14 16:35:40+00:00,206.5557593890991,213.13437988044842,196.40843440934358,195.48128002100813,199.1020884480548,199.03815079276995,204.25149460526086,202.74594071444906,195.65487241903244,191.51653562264326,184.28346778201748,184.62908172532136,192.0332087746458,181.08378668788052,186.58685703598053,188.63078699757014,190.35290777876492,191.45713535507846,191.52525914388735,185.2920892240039,186.74153265164594,190.26364464953284,191.6626438498364,197.12002770377154,194.91846302275667,184.9186823760376,190.60562090645007,192.7744602998916,187.5641202608681,192.6577613241404,175.6152986444857,194.1056174145125,192.47531450646022,182.89862530818786,192.49779104058575,188.19891759875648,184.46264253701426,189.52426617554386,190.42762354797995,191.15307720575606,181.30993368281167,192.20120984424761,189.98743117110186,189.01660429140034,193.26784567073156,194.42057393572264,182.3634271134211,192.58449728421004,186.26855201318344,193.1083390787139,185.01355250895725,192.4891078225408,195.67017987924888,190.93078134572445,193.92746979343295,189.4491873634634,192.3092077569689,195.62420795707519,193.63731599169947,193.44784080746248,193.35676472071782,197.33643529026946,192.24255595558594,193.6659638480417,196.54501609131464,192.83636282785682,196.89258584405718,195.09188513690543,200.7561740820497,206.26030044943934,198.7282860185752,204.2223221306836,201.8842665869373,201.28817604497206,203.20449683004813,205.27692378407684,205.49794241529804,200.8992452361244,202.25252254218296,196.96974850150193,202.67213936235532,200.58094996388493,198.72073745162405,202.02339348775752,196.18263586032282
322,2016-04-22 16:38:24+00:00,,,,,202.12299825468165,214.3044741043708,208.6149305326055,213.62787817632488,202.78758659003338,205.2198622416494,193.8859122809076,198.99018353688916,199.28475569508564,191.59934636178585,198.38892856826587,204.32527676336545,199.98159435855908,205.22070454218678,196.49910337806674,193.46613468359212,200.82242220366086,196.57200846536517,203.57085252183603,198.94928099343358,201.56250188571335,200.17206054584037,201.92189462418895,187.9240034331051,,,,,,,,,,,202.58247557176043,201.4805296017829,197.949479576319,202.59930722550024,201.65045060930365,199.8369286053729,201.7966630067836,202.22626514790792,194.38054357739895,206.82639173419614,201.95998542761092,202.76708235752892,201.13316868487956,202.69760772284312,206.8886454280773,201.4135405116388,203.44557715316046,204.830767526172,199.5285531465126,204.41570173068618,200.42269846055115,204.17986880774197,204.7390282644788,202.55755209265402,,,,,,,,,,,,207.64360693339128,211.26862254314412,208.01165671365771,207.96975038305135,208.66269082827947,208.5193675326394,206.47062320302246,211.25397635518766,206.10837374655665,204.27603279379207,200.01076876966164,206.09915249106479
323,2016-04-30 16:35:41+00:00,,,189.80933566460297,185.9855761394575,185.63514838252866,,,175.6095112042727,,177.39627434274098,160.67920018820507,,,,,,,,163.0449354585636,159.24785553181525,,,,,,172.52514861994865,,167.89706484457818,165.96535791013224,155.40509677222445,163.8135069383677,165.96908141862588,161.48894594939242,168.1870828545268,175.59309878542606,171.01150345113777,174.03264188997304,163.78536048195477,165.7282952310929,151.3279944097674,165.41649040807314,170.07772673517854,175.54319548543924,171.4396492236643,175.70056719174323,170.8565725762997,174.4036112299439,172.91992579645878,172.31380983968393,175.20557706316927,173.5873909382654,179.15082378233333,178.12655535766925,178.09038313761943,207.34657216363888,182.5322410464366,181.59972878046878,179.96860900505482,181.07470677537432,181.14207720400438,179.94505722046125,180.95397495441105,177.98240694216693,181.1270759731256,181.47821604125875,181.15824882293563,183.40296998669936,185.24742795656297,181.11652950461212,181.87799410496288,183.69873794212705,187.21000027770754,181.46092183013837,167.6024407513571,173.1483319776737,182.10261640043188,178.07424164562232,174.9058923546033,173.0899377306061,177.14624988178105,174.49471003930458,179.7202995015749,178.14312698762785,176.2364061355684,176.72592764975266
324,2016-05-08 16:38:28+00:00,211.27631388461936,215.2003608440302,212.34153956410114,209.85746928531125,203.67335520057748,,,,,,,,,,,,194.92241960749203,192.56140350114782,,,198.59661582542,199.12640510005764,197.3219163834843,195.92769076007252,197.94595214631408,193.14833163691964,198.49556214985378,191.83665781937242,194.16568757797737,,195.64688811699003,,,193.17668660880435,198.20894392636052,191.42779946451643,193.0629023551365,,193.23023221236616,,,,,,,,,,,,,193.09597350845,197.45869809766646,198.86847420533513,202.3198833714319,202.24033934174696,201.35641942697947,199.9986531053714,202.65678031397647,204.84641425959975,199.34505785434368,194.70576544498886,198.0796315491812,206.74533812425125,203.082246469119,197.46201361101274,197.25716092861492,204.78323693711198,201.32963706720693,203.47192976375754,207.1355915601775,197.38465744396473,203.85522728809664,195.16543645485118,,,,,,,,,,,
325,2016-05-24 16:38:32+00:00,,,,,,,,,200.33906342053595,201.8196955285011,,196.48792088613354,189.11689374680594,207.54743956539372,201.34209137040688,198.50659421257222,202.873325857255,186.813824493461,192.10817803501618,,205.82706510824102,187.7385489810564,203.07431173802354,197.0017979364733,201.89880678271015,197.07457921834518,195.0163759540002,195.64597273639978,203.94000412048533,,188.19744235222765,,,,,,,,,,,,,,196.2839914772396,,200.0619563729148,,194.58730777820793,206.42595151716273,205.1268763664422,206.7475737691113,206.95403309087894,197.1457292770961,208.05627971853406,208.54834754593753,202.8747438963092,197.90446214317146,211.02201873676077,207.4970082688982,195.0568453780483,205.29245681853962,203.24258697488023,209.30094814839356,198.46289694491816,210.26515963102491,206.35139090153163,,,,,,,,,,,,200.8360925188827,,207.0249133217083,,198.22539670401605,207.35160786673677,
326,2016-06-01 16:35:44+00:00,,178.66597062740553,180.19398501186603,,162.9616524019115,,,172.93513004422206,172.9415628802597,174.34686034857035,154.20704232745203,,,152.07812210301762,153.9904079255371,,162.66489080154923,155.65652255006566,155.29470631214681,166.1519199287285,160.90228927157798,160.48742189765818,,,177.5721552310485,167.16214784294405,154.72069392941484,167.70733583173745,171.11050168437552,147.17229415752055,166.89582222837745,174.0206126818711,166.3159353011294,162.95073838000283,172.96973674038102,170.92642361633887,170.71902210893398,164.41613930914446,165.83658419437623,158.2607682542938,167.2540590519862,172.29950511353712,170.23988485474456,165.66645832492594,170.34250726759217,171.5015135201958,171.01520210345024,174.36073158027622,170.48140781094145,175.4542295807555,174.29285931294342,170.53272462860758,176.3136933885662,174.8670366587797,184.14520980606306,175.14286817891966,175.76494727086043,180.20551752610825,177.7437857091699,185.18347489753398,179.93288893657956,177.74065871949097,178.88383962560704,176.5292433623972,177.75944424692963,181.56558668830093,180.678485147285,178.0057843237498,178.20785449288584,181.12025019024225,182.5739543105294,182.81858295208542,181.14686762151194,181.11529026259535,179.20500378016214,179.15613740803454,176.3384076359861,181.59412314136995,178.25044201567425,177.84753775718215,181.0925461661182,178.16885515998217,169.68171273002986,166.53071140914938,172.88479682539514
327,2016-06-09 16:38:37+00:00,,,,,,169.62992511194656,180.9314180828344,182.51363547106956,178.10814709570062,172.9748157769049,159.69438926156627,174.37190349697212,156.43525584243238,173.8200268558874,158.7380708304071,178.417601590974,175.68537572852293,162.92242781748885,168.19975311653658,173.0097191194603,162.73898540478703,181.5547419498262,166.79442157787972,175.29937738987147,164.42747636018672,159.8437811092931,164.84445914043187,181.08972735147432,167.99985143629613,,,,,,,,,,,,185.60812354833953,175.0242985140035,175.90214263996606,174.36410337299262,177.91571308513,186.22770441655,173.56051041881193,176.56878100422574,177.4201090943567,184.54780353269385,173.76672269300383,176.17174390809944,185.06455746166725,189.49739206393107,187.64881644470893,181.42550547021966,181.28040667567788,177.30568455182564,177.3154959964704,185.49972999211045,177.17952269438337,185.61534952600732,172.3183939720304,,,,,,,,,,,,177.17737599105644,186.97573814140387,172.8986688472253,186.65289240514798,177.53422252818487,184.01614870379552,174.27952015027256,183.42477403052152,176.84911737292666,174.91653198796345,170.9251110685185
328,2016-06-17 16:35:47+00:00,175.60904618756638,184.47076918680415,175.91112442078304,176.01133782914758,176.47564976917846,164.5197530587006,170.4978460938699,172.4964382912888,167.83369181172517,163.07058824485125,161.18156342391507,156.6849410123688,156.81652701380244,164.76585587180412,159.85780001951764,163.61081775318493,163.22525549800548,159.54052288410045,162.19737887116978,168.46391159268225,165.2741997731052,168.15562748251486,162.50684396256685,170.5735799075089,166.2942876322274,159.30944090378395,161.2013563773393,167.44487567906967,162.79146774345432,163.30873892918186,163.64881986130635,168.4909529136407,162.88354039926602,165.25103536844614,170.6506336609707,164.28873778958,166.6272985892558,157.45394890646568,161.2103643471267,164.19672830013408,165.19547603752298,164.94474098595379,168.25487464841072,162.61235662603266,166.98959494808915,166.35570144016827,172.18442581937583,168.76757375495635,170.18022504612048,176.18403230434492,171.65176614259667,171.90763369681034,174.8229533145818,177.1120971742321,172.9797272778263,171.44452076087532,173.5314478340992,173.35130160471155,176.6404611003084,176.48005367163492,176.02407207557923,173.92679915529,172.8858644119305,173.4237469769475,176.11319682645532,178.9695703682227,175.18105683644205,178.7978926261307,180.37438978309683,176.00377073949235,173.0933413571228,175.73592895019928,177.85042069857977,168.1307504077966,,,,,,,,,,,
329,2016-07-03 16:35:57+00:00,163.87298237720054,160.75026171771157,169.8048787838365,177.85687269967377,172.24659419050377,172.44420363870393,152.15919118360878,152.31833665602554,155.009957149682,155.849826582364,159.27849906308677,148.89322844783948,152.54527986127803,175.18824376201712,164.84615052668133,150.45444519113204,153.68213714188482,159.64694230379507,171.61492571175748,176.38911627299643,151.56089697402095,160.9133025568923,172.15991111159838,160.88058300819304,160.9610752242237,161.0160191395571,167.18542641949333,166.20935711014488,166.85827317606453,173.09508962343193,164.92129815936644,170.7379073975282,160.06164706542006,161.37020676244146,168.76797305834054,173.74663191173903,177.56002209764793,173.01142366927218,154.96242388790193,148.2285830986173,155.83420244715182,168.65628507930677,169.92388118834785,173.03899020743495,173.33766375722638,163.407094955486,147.7886406760345,162.69574023701352,184.29809898859372,159.4029532884528,160.297714524002,173.1582652871616,166.82021884216496,176.01326458919374,172.99915000050902,171.95127934730527,179.4509009780474,172.0056731031791,157.96102825836005,165.49461592534513,173.36855547928133,178.58519849086406,175.16842945094675,185.2060726073718,169.89321156450242,170.05014762912663,171.3524768144144,173.07852247205656,174.8299188695663,172.9015391287602,178.35609258216743,175.24963303680983,172.56524798633293,168.06484231030595,163.07045180769188,164.2224780383467,160.48942896845597,162.84215044164293,172.70401933122287,171.387960401978,170.86630892751472,173.8361405322107,167.9425730284352,157.38243094905823,167.34201724755349
330,2016-07-11 16:38:38+00:00,168.82706055176942,171.49649409722866,181.66399427851672,183.717146800998,,,,,,,,,,,175.1720846619248,159.25536027356586,158.03564993223324,168.19044706383156,178.74031869983378,184.95473453534342,162.5119507557342,171.21969102323254,179.87769370988764,176.64380965041963,169.4128306827243,165.63492675938954,171.00438646576401,175.37240790487914,173.63949200492374,181.43577944411308,175.72172101662744,171.4413747974732,168.16038574643434,173.547313481521,182.88098863588914,182.66730674422843,180.2033399900326,183.51321904384832,,,,,,,,,,,,167.9338798727029,168.92386870802653,178.60510695697198,180.19204171669617,185.42432596477917,186.62729751585942,176.67613367180275,189.21857927069283,175.13960838089307,167.7094454033444,167.18951756671171,183.97447961475572,187.944093409405,180.7160347554865,192.27357606031157,179.00461705735526,175.99360145965073,176.73485273296507,176.55655084210568,181.7009215783093,173.49314163355234,190.18265580266302,180.6639167947556,,,,,,,,,,,,161.86595264268297,175.83271301381072
331,2016-07-19 16:36:03+00:00,168.99696574122405,172.73283695148567,181.10218131674978,180.9551165310494,182.00515966687314,175.56178584716568,151.15170220484939,158.1490661621176,157.35586500287013,172.15644574232624,168.97423283662508,151.70878502495444,176.44230001749642,178.82674952805712,178.3222214314391,151.5621251170428,149.48218756865046,175.24969097959513,177.58366920193313,178.75674719612158,145.2837983002842,168.5354408993231,181.98838214657607,175.50128985531683,170.30609629946534,158.45203268159412,169.86237631133326,173.1747280332345,168.54146757659126,189.54625951067504,173.04408386814055,160.86250452643665,171.218691751639,178.59086386026777,182.17392128990195,184.97433765231037,183.78170062371635,183.70859729401909,164.7898570653665,145.69449072177457,164.25312081477,183.66044616737864,179.8385886746047,176.7974370793982,177.7981689004622,169.94172976283951,140.62563729617966,178.20875486662445,187.61285173040503,161.1450080233447,173.79275599305038,169.03080790479706,186.4131695973114,186.19889245261328,188.1818255511962,176.62324286767185,187.17506217893634,180.656169275891,163.02747929185415,163.0095099129502,183.03377791362848,180.68344186521492,179.652868334197,192.16218037803776,175.76105701482982,168.7355953649814,170.59520019224786,181.51786377651948,175.50411894652453,183.2509434919449,192.72065672735525,196.73877849066233,184.6368948339209,185.30797677502295,184.34466057166097,162.44769933021695,153.24358844316774,175.17006095528657,186.17031031445126,167.4693391673982,181.13209083830606,182.34199524284605,169.2285661594393,153.35629215304274,173.81702324656467
332,2016-07-27 16:38:41+00:00,176.55960957483833,181.6564254291894,190.40161598826847,185.03944309666454,189.8651330803213,185.91980480916425,,,,,,,,,,,,176.5144539904191,178.66457143149452,186.14747423460304,166.43275430043545,171.88645598889093,187.99757637817473,178.73328667557598,179.40998420349652,169.33421043907,177.61743670082473,186.13882439659398,177.2669624162583,190.72044054791056,183.92589132886684,176.71000234719816,173.74203377797053,183.31457161696108,183.58073706212096,185.95518764075487,178.85293803354423,186.08066586571036,182.51939272843242,163.7246571958576,,,,,,,,,,,,,,197.81424549845235,187.02479807297826,192.60522043588148,189.80066930101466,199.57967752301707,181.77359780094568,,,,,,,,,,187.8787748987819,185.5666465065904,192.70540250391997,183.2904769431432,188.84735414179616,181.56837615784474,,,,,,,,,,,
333,2016-09-21 16:36:19+00:00,190.15461570902664,189.73724257333484,175.38835177846968,181.47622133271156,186.95310431706034,186.5728510604647,164.08730809838016,172.7868210028593,166.94700031432674,179.94602339007355,176.89496982228863,177.84806565716053,173.9942306847381,180.56004065983774,174.10040311762666,158.33474795997216,184.5072118102866,182.63622771494863,184.53604586432394,167.83300044290147,179.4738943170092,188.7073518026503,187.60762529027917,172.48926233523932,173.561868442588,185.77079386817263,191.27351825488685,179.6740122424533,193.7974022897132,177.13060885433035,188.65690782449047,183.18451248904483,190.25639353508683,184.61431508609434,190.1114744695533,184.15668672491628,182.6970215808684,186.82045846008475,184.46135721465848,183.24993328816277,174.7356972810229,188.98081162036397,182.807488601532,175.8164920585367,187.9493725128966,183.72354199402932,190.5611834005209,189.47421237150724,192.58311943791705,186.42782685483343,187.2196552998849,195.40088357520824,189.5184330013109,191.60909072880048,194.95081943654372,188.33150944547282,189.43376382290973,187.86869052074533,198.35762636978532,196.40043649776516,196.5824587472728,200.8920186193935,197.09430665213623,197.68795916705548,195.6125943222016,197.27131122837005,193.51099086244062,196.83778067831227,199.92435330533607,196.62644831060703,198.89157633904085,193.12578035564425,194.3481506492042,194.20034476008388,192.541524683476,189.11357597878475,192.5072349424591,195.5126106649102,196.05433283037488,196.39776533041896,187.50241101588765,191.83438821387435,189.4175811003044,186.047221796359,187.51602796430632
334,2016-09-29 16:38:50+00:00,,,,,,192.4329340628131,176.61769634811878,176.23093945184277,176.67041209413,176.30765407828946,179.27652721309187,174.16992488463788,177.89822600882852,177.15272689308634,183.327404907811,165.42394693841732,179.59405477552139,177.92428432260752,187.87940858727455,179.1831081155172,179.00143321518973,182.49647783394448,182.72104246165117,189.4810469644993,179.8157474330023,186.4102468463009,183.15034172074428,186.56603765655905,181.15490158809328,184.16935996293964,,,,,,,,,,,183.75176024012427,185.2338272659844,192.02989156454768,188.41914306537393,186.74912773422324,186.53990831743343,188.94815932387215,188.93767173599028,194.16919594397572,191.47078897905521,190.96278173134567,194.0527867530781,195.39151106305442,192.00392654870714,195.08609993075353,187.068625422171,189.31740972089685,188.57011219259476,194.40791799649955,186.1711054659453,195.69850221458356,192.60119643424053,192.100311975333,191.06725273128419,,,,,,,,,,,189.36401818960968,190.67112010318914,195.28779962033033,191.02545849959276,194.57181865444662,186.91087060826425,190.98791422049143,187.2463623568418,188.8667779885913,185.96441407731467,185.32676505274875
335,2016-10-07 16:36:22+00:00,188.88146805089272,181.68908211311364,193.76401082663665,174.95613947466475,175.8085587234673,185.56249550186408,184.86576652167372,161.36239985584393,186.8214034684897,162.25150119421696,176.95964044478552,165.4906827750811,177.42166092580567,164.86262003287578,181.29029084976492,164.26509522383915,178.26188566754564,167.81687607507718,187.43938567873218,180.96957478583553,175.2837887132547,172.96569788348702,184.48016399576227,190.5389317772745,182.0831636593334,174.29645808179112,186.73083322921994,182.56050144384795,192.34411892018312,177.77080102963765,187.50758713226588,180.95346059711613,186.12945085127586,189.50361000712172,181.01733135823017,180.57305758006314,187.27966125471985,178.06400729424573,190.75399784292372,187.14715437992336,175.2971851122831,185.99063478209985,178.59635593908703,185.28835034919004,180.01377881694307,184.56424907499948,184.99506085892003,186.7110503334064,194.62558376376688,185.4373845498523,188.13432856152514,179.47896131068612,187.57299422358648,194.17681652512672,190.9789508160127,190.89024671025678,204.10542714133177,189.99796977265962,,,,,,,,,,,,190.0009739020008,189.61783694196995,186.05724793042398,183.08980437561831,172.75338506240612,174.9222836097738,166.90755768169606,167.97935645550976,176.12508306559093,178.0438326017431,176.97452633817738,174.59385383784215,163.52306696520426,163.69970747917833,,
336,2016-10-15 16:38:49+00:00,,,,,,,,,,185.90061589288223,182.9341404323206,181.63307706827902,188.48390883335284,179.4204078844767,188.86818933428862,179.94639786163722,187.44094182385487,181.88745231511132,196.47073784836604,192.03214597878738,193.34695947273016,189.2294059632791,192.4587952733315,196.79849457189567,191.32454884628964,190.82944990555995,185.771527516343,191.73439164480195,197.2974047255855,192.0711398753714,193.2369754073814,188.53880036123087,195.04570985451,190.31387509178478,,,,,,,,,,,,192.22167642626002,193.7582631827381,196.51660278192256,201.42546031067764,198.46690284580092,198.95083985640002,196.74875847675762,197.162146845551,199.65277182828294,197.51665218564307,199.29015831724467,199.48653562019436,198.91329638069584,194.2811476217867,195.00015701240315,193.45977286649205,200.9674270508779,194.73647882282765,198.2349741731256,198.12137011208625,195.73813656074282,195.90737534453635,190.5866120738859,,,,,,,,,,,197.06019067221908,193.67774159579912,192.7918024158009,191.30029349462964,192.06235327081853,191.2483604948041,192.15074742190006
337,2016-10-23 16:36:26+00:00,187.75209262012476,192.30567963424406,189.93922073466263,200.3387099739203,180.15375720267357,190.09061390144598,186.89702659574525,184.81221127451266,174.1797100040284,185.42505117663384,176.1071288057761,174.82968653101264,182.22160893830196,182.93363288364176,177.44526170933932,180.3666119459471,181.4155801984213,181.60186216754153,186.00815693249405,186.20066207872796,186.87548170879288,185.22094710914547,187.6369600283835,193.43612756201125,191.62115740570204,190.36506373550617,186.70702745224406,187.3134723289321,196.16659915697136,194.89495606170166,186.95415735285798,190.80266795028405,191.86355897745696,191.63323774950462,195.80903444797912,188.5006290979967,192.50373805127083,193.84735585591113,192.83922537232004,193.71017664098656,191.27399529531147,197.79244220322238,190.28451965394217,186.52084823259312,191.82627004327048,187.76168593542246,195.29860212566905,193.61091803384454,199.13877453889555,194.14555866561685,194.20879380274496,195.72605533211996,190.1853112618162,195.97144290721812,196.27033934006525,195.15074882659067,196.88441432929488,200.33536110575702,201.42210612811292,199.56355000545082,197.25771477827078,200.56226836759163,196.95210347939204,197.72541803110244,198.58712416044068,196.5427540017753,199.36458084580687,193.98362966478413,198.4809886341173,197.98258326031967,196.9411871051407,202.88955636146457,199.779034739943,200.5915304574124,198.61375607387845,202.78013157827473,205.0271600604251,200.35608182553054,201.33166121877375,194.94030466341334,197.9892044672747,192.9141673275891,194.79043970644824,190.55725283100602,189.28180093513035
338,2016-10-31 16:38:45+00:00,,,,,,,211.55499999697247,210.299954516433,196.1152000923792,204.85678424459869,195.48248417495716,195.34350547342626,204.24520156928017,195.22721576343588,202.9621434083553,198.28090840764915,203.25768856320866,205.50125312625988,202.12173698619014,205.74319461399756,208.60233208216798,204.30984364522575,204.96472917060584,212.63631331486422,214.07405525563266,212.4786118613522,206.37774390305268,209.49683370099538,215.80532335758676,208.9366418829729,,,,,,,,,,,,217.3270914358979,211.8658056461211,208.89189279693278,210.51661008821262,213.59640423072375,215.31037854759117,216.6408383846812,214.06854703321878,218.29768596696695,220.38718550061506,215.7809948098731,210.4543887901104,214.63226024150708,215.8043516567759,215.00270455203378,215.84994243319693,219.3967676389213,218.54947708571336,221.7857243575158,218.99579387681655,222.49916184957013,221.5940642768564,218.4291087291119,,,,,,,,,,,,223.33854876762183,223.09672109113285,222.75066167553697,218.58943300214614,220.29448165345082,212.93203363871595,214.22775867507534,209.38686254005765,212.63305208355996,207.57579815800787
339,2016-11-08 16:36:24+00:00,199.74477018586697,195.87628589146587,197.38937392009353,198.20359733677319,193.48118435369196,195.5184575698495,193.05186253912666,194.78024123862915,176.65010786665928,195.51837940487493,179.49668216643067,184.9074040931396,187.4934538171251,183.86934430853628,191.0845794952299,187.84816926977982,185.450567352437,192.12101858817988,189.19183931212217,192.00012908305723,189.82562662744965,194.2640787539501,198.28913482645135,198.20297790774197,199.0573951509911,195.1529189720901,191.75070511471566,197.83148918908452,194.8375327036428,198.28668516075868,197.9755229574124,196.32198139188796,199.93925561653705,196.15866694141937,198.84343951671923,195.14245363752653,197.0590840780526,199.13020079025253,197.10011270889248,202.94500360802152,198.25527663265603,198.95198859845914,198.36528928794206,192.58034426144144,194.16257200337037,198.37805461710553,195.83598566083342,202.15849528264863,197.92129945771597,200.6862855108104,200.73749673640873,196.91856203274136,199.2627371884983,195.5585783860641,202.35936772928892,204.15865763660068,200.67519955285718,205.18957862879492,200.14779137416411,202.3484678828354,203.9792343802401,202.14372982515027,206.81571358779271,202.13428395232685,205.66268375026033,205.58909154171624,204.94230285186825,206.6409775681301,206.05948165651188,211.56810391922136,209.74383865442118,211.30925661780276,206.9627238163377,205.5036263195722,210.93245140361716,210.2240583276548,216.81813126704918,211.2612170539404,208.93624579390277,204.35464394393207,200.21253665907258,202.72466580212327,198.02268158409947,199.22924519528098,197.48674481366342
340,2016-11-16 16:38:37+00:00,225.74023380748898,212.75716771880963,208.79245145912972,214.27231742273523,219.7785271253109,215.70488790350365,208.7600089779128,223.66827435532846,187.5837608513029,208.2500126997553,186.81552213274634,196.6654815738226,,,,,,,,,,,208.09390460826063,213.10505644758615,216.96045535951728,224.15562783273717,216.73671925767988,210.8474267889173,213.36407659733163,212.81103811798835,221.94590863513986,209.81448506131898,211.4645865010399,211.93470223940759,212.12140647167809,221.797246031248,219.5663245914537,213.56356583869595,212.74084601383714,216.89877570941533,213.56285920782724,219.8835376822179,225.93186937840483,207.6993680033725,212.1474701452337,215.93392564141345,209.2399129222189,,,,,,,,,,,,229.55364492451187,231.11781638211957,231.4904186583342,232.50693700132632,232.2855258324807,231.42328434153083,229.4735718232052,226.85874195458163,230.14396138871078,225.97764052584674,232.78307396574976,229.55399407796187,230.38131189585292,230.67882019756635,228.98226028161594,230.76972919987554,231.6032401511519,228.88265415978879,231.22715072105544,232.54516531620516,233.2698207978269,226.8706153110366,224.29521738526745,,,,
341,2016-11-24 16:36:25+00:00,214.4772148995296,211.87222232774607,212.35372047049793,214.6926013935983,212.69308027826446,207.4064006622816,211.4360400686123,213.985878929632,195.07366067501596,205.21461843434201,196.43153266339337,200.68003062722454,202.13481623724866,197.56644406376216,208.1758557132628,204.8043227424588,204.56562206417837,206.15626749738814,204.4919162659306,207.97636787613217,204.73342588393115,212.70004821668587,216.83644235218688,214.50702935480155,217.47139078642468,218.9553576058358,214.0645567758944,213.51425488162516,213.50450921941223,217.35934264618277,216.7319817747168,213.74909877266015,218.4601440205609,218.14368158449375,221.61247997914745,219.04362546919057,215.52764951242298,224.42492969625616,218.10433580562417,222.6343737696877,225.11443690207483,220.55542385936425,221.50117702841362,217.79207595375146,220.22029968129974,226.41540002328477,222.66957230653173,228.62473625390012,224.14460666987554,222.25914722810853,224.85284930194803,227.60861517087238,225.33972410357467,221.68357187533985,227.44437108049036,225.32579590531108,227.61885932643054,231.11206359357055,228.0575947546247,231.00627850425414,231.2087997508486,229.18973098284917,232.15710341899396,229.13126593196074,232.74478906352897,232.300558762419,230.05015960799813,233.47357589812364,233.15429045229334,233.44062943160438,233.01010728425987,228.77469505976214,236.32350698668955,231.93917426086773,238.22916531450406,236.36000836438518,237.1958127684649,231.83394695859394,232.62358849468097,234.14887485774707,226.57537996000679,223.43020741683952,226.33718889042774,228.4474850548587,229.1809720080095
342,2016-12-02 16:38:35+00:00,212.77159600082388,212.52852220955182,210.65712785356297,206.26381190330946,207.60666139143993,211.23496283938383,209.3098532367808,204.80936262137,205.1397298732958,203.5049090920164,199.9337197623487,197.46516893628817,194.82224703176226,197.72600962129795,200.3622446144308,,,,,,,,,,208.87370914706472,208.78410946919203,211.70551673040347,211.8326080672135,212.9530901079904,210.80292160763298,214.240662872826,210.71626849440813,209.21438209841168,209.6438888489017,211.14084878318727,212.9960255648476,213.81233115799674,209.04680302562662,214.45740115911713,209.3455303971589,217.51786469118855,211.3749952745847,213.59115824429122,207.2962998853779,210.3284986428023,210.53412682729035,209.04870545557833,215.46788148106015,204.3542257665235,,,,,,,,,,,217.66459863048186,223.17328014635703,224.00338635888315,222.5633150650258,223.8971451531757,221.76289368400987,222.13619550498552,222.05665619873494,220.92516978665086,217.42670721312786,221.6240687973819,217.23268817808082,221.23506824667467,221.8186910998992,221.2791591613225,225.05846539614222,220.64623099077053,223.81052602220896,220.84484234702327,221.73042270141295,216.6271128455902,220.24101286341096,213.18969078450812,216.77865871040717,,
343,2016-12-10 16:36:22+00:00,219.9601308924786,217.61394713174658,221.92361211144893,219.7346738614824,222.82318798605638,218.5913605136843,214.12519308724248,219.88128505408338,214.94123156722952,210.44256946856916,211.8022013878421,208.25386454181415,206.67389949783666,204.7008423568763,206.68586635319372,206.75205789510906,210.49782081345774,215.17040424407435,208.96404521803208,212.1906177025812,213.321760401144,215.67837059590573,220.3145797364742,214.69500986695996,222.88079482501948,220.97152098025563,214.60954996088321,219.93592569797832,215.64872066899974,218.37297543492198,215.02445613349738,220.92947703830976,219.9714305642451,216.5117256291026,216.19092971949107,220.76091922914603,219.5686062127639,222.9820876652402,219.57357311763474,220.73876110222054,222.77030798952842,219.34314396665408,221.45801441457417,218.09206538002908,221.37713814805846,219.93135572115284,219.75696396687476,223.1742827884991,221.85841573970853,218.0483359258833,224.49458652490432,220.36624078545697,223.8108945128961,220.95957982286683,220.44362391777327,226.23839895937627,225.74925902382415,232.0125775888072,227.9442616515763,227.441679826466,229.06712162385188,228.8107175052781,232.42294083642378,228.664983864284,227.42594993333125,229.48224799554376,229.3257749929231,229.45463552446543,232.67016883836263,231.62116118092266,229.43033296235166,227.90577031224004,232.5523441536713,233.39692240722638,236.10871114263293,233.0771471164363,232.26535320768522,235.71574387446094,232.8876158665176,227.8395867907803,222.70027853780715,225.48818625166507,223.5559493664949,220.93387345236377,221.64629897985918
344,2016-12-18 16:38:30+00:00,220.65191817307397,221.80977979440308,216.89076377427864,215.62871313890219,213.46911838174515,211.73230171610868,209.01760646624632,211.385185788994,211.61845515252836,208.3024045697816,208.37238791570212,203.79459161012625,207.32074912474002,205.70210783497149,204.02282496335846,204.6599280091236,207.33151827368064,210.83689242155774,209.252505663348,208.5090429746089,208.72131101827821,210.94953181970823,212.5622996050345,215.6410616061453,209.4983681155802,,,,,,,,,,,214.78056546069507,218.73845921662488,220.73830180242592,220.39781638607275,217.63162126571814,216.49831869620076,214.33301519536283,216.76847304445823,213.89806129894848,218.92228008500655,221.0713335480489,217.8519669299301,217.68040146239133,223.43161696882035,218.06562700609433,222.87121920697854,217.26486123180823,221.19070502909616,217.66204060197612,220.21286549002193,221.29702740386853,221.5026106114027,225.6543502457234,211.78114419887092,,,,,,,,,,,226.03643016795405,225.25469585864442,227.56382842164788,225.9425516935808,224.39135236775311,226.7780438619058,228.56074484659436,229.2065494144675,233.20594054808134,230.36841763431875,227.1711413449795,222.91728118073098,219.2170461886933,220.2289507432594,218.97731273308725,219.4704178449357
345,2016-12-26 16:36:19+00:00,217.66816788368757,217.65166935331936,214.1786516560383,216.02982810116555,218.70176484132406,215.0132634131726,215.1606684983529,217.9454076042889,215.14117475865083,210.93589359746005,204.72094347169258,204.61981059197996,210.2733640583831,208.14737499638272,206.43309677625865,209.96782597317548,208.97746454042414,212.25521418512415,206.69441773565012,210.68917606146704,210.07303880129007,213.02064971776832,215.60614532911347,212.77649028772242,215.52036538174357,213.59110631998897,213.29261594988202,217.05038867641093,212.0481550463495,215.2745823023573,216.77189133687892,215.064520035474,217.31180439840307,212.30765884447595,215.07727997663036,215.7166934510648,215.99719565600046,218.73930096592332,217.45286826038375,220.55684520859313,220.6607605458223,218.54467344914227,218.9560333362249,214.17872810288742,213.50041863336338,214.02468571983673,212.09713652889192,216.6703951845503,216.14831524655244,217.68638488056715,216.65920557427367,219.37918986703735,221.99809982229584,214.78704634148593,214.9066530645516,210.82544810031882,219.81928222628088,223.62009972651487,219.15460991556537,224.09627173104093,218.67979701534864,219.14899982020896,219.0008950641274,222.59086199381727,228.50218341381338,221.35616076246842,227.93894218282205,223.15122965795285,224.09210018880938,230.34961016507572,230.0200108985157,232.2296656737664,223.87289745888287,227.14983973282358,225.7253913602549,228.82050121768933,230.55861745041773,228.5403691888019,230.2718887716258,222.03199865414385,225.32970093881372,218.181911222075,218.3225807356843,219.5551344204224,215.6739789843852
346,2017-01-03 16:38:21+00:00,234.74101866283493,227.41198301119377,230.5361079388969,226.71732435493425,225.98480513605944,225.11035871349733,229.23646377405325,230.59775583670447,,,,,,,,,,,224.06782702916277,226.75104321731033,223.69189580942597,228.39592287301704,225.23747235629565,227.10182302881364,223.80364560371638,225.1295218239803,225.4123514334239,224.52535895517354,228.06704904321478,227.61714558943106,227.00595789510288,230.79550838332588,226.96801745395086,227.11931801239737,222.43409782165017,224.37246365915192,226.93621269917352,224.69163026750593,226.3088022153595,221.7460989496806,226.30599513496148,219.40023537902317,,,,,,,,,,,228.79877168053454,228.61355046360768,225.24266906776873,226.73175141193943,232.9389180519818,232.97507422289007,236.90611688511322,236.0584989856912,237.56841435337458,236.5757177936361,237.75707510995318,232.8371710447775,236.7384618539706,234.88490189048096,233.9607744501108,237.85225035555783,233.5560049938885,236.50279103283415,230.27029006624565,232.48252752166488,228.91142012505682,234.2214237354642,231.33146988928885,,,,,,,,,,
347,2017-01-11 16:36:15+00:00,222.61824881069933,224.13330667115147,224.91249401222245,222.3441725257689,222.48253633274336,228.34987411914653,224.92639486767612,222.38290858611128,223.98683801711186,216.94920818849866,219.3532364329062,212.48839423071112,216.00411207041745,214.60966357335954,219.35014697746135,219.35355992643647,218.26211249034986,220.070214561534,217.79155813664195,215.98621570463766,215.64477251117734,214.73747101338816,217.66258577611111,220.65742453267185,218.58891295006805,222.33648917111205,218.6962181668559,220.24390832288483,217.7944647287713,218.38417946726932,220.36869554913432,216.82580732498343,218.9105786654789,216.45420073335637,218.07562770832425,218.4904799800068,217.13667373421555,219.17338477072406,218.79315737370945,218.76189146436548,219.28784708840394,216.4983742190389,219.25861146512446,215.74517937282454,218.47771820679526,218.52304698823056,215.45999168371011,220.2563563879955,219.50117711447916,220.08686754384345,220.46682849811992,220.30638121480254,223.42292844399597,219.18885590205778,219.3698714651573,219.2854280423,219.23913908923018,224.61147934918537,224.70535068267722,225.37645479822945,221.43764357204128,228.3555258637518,228.156649798245,223.95650923577887,226.74311500752404,224.1650213155611,222.46268458373174,225.21039938247085,228.19213005601674,231.60727855305083,226.63949967504846,224.33451559621474,223.54792457633854,228.96526678677137,230.6686766131082,229.60945947998292,232.57700137032248,226.71557395397554,228.44659961293468,222.43655394534554,221.4604723234972,223.33951193575734,220.30839207598908,225.4920672701497,223.65748237762176
348,2017-01-27 16:36:09+00:00,227.8851301487146,222.2923738764119,223.28930741640193,220.69399797889338,225.70218823395246,224.36699858253274,217.7812874670872,224.6291474218123,220.54285832588658,220.8735780599008,217.75808723396818,215.4709453985333,218.03713482801862,216.49731302131147,216.73118818874516,215.9137564238734,214.0603437214742,218.25632373204172,216.65281845260654,216.31992852821776,218.3415794327378,214.55263824980184,219.63967298326637,220.1531199435095,219.32368850697696,220.10539573000517,217.6918000551521,219.71684485768483,219.87317220102668,217.94258083829052,219.05240760265525,215.89905950827008,218.21352722062414,213.20633254053962,218.05631753856,222.21586606309683,217.3495105741634,219.9007961078001,218.33541851422297,218.62895897024572,222.82336397213604,218.0063239924828,220.38029738697816,217.43614154816726,220.07116824960798,219.5624956292739,216.2845693715203,219.0580284612245,219.07513970694706,219.4612616380673,221.04225043306587,218.0210413195256,219.22232248540575,214.77759922284264,215.9108102746776,222.3119924585336,218.70911108251096,218.93728501838038,218.16493640541603,222.38860155055127,225.20048048216094,224.9677394905006,225.1672080611078,223.18412078381286,225.04005553968648,223.51448888759467,224.16293861060836,227.12543298879936,226.71735852351156,231.8532233406678,227.630835097459,229.41889231325018,229.18136287526607,229.01867021920566,230.87968669727857,229.5499978275202,228.82370673282986,223.63629837248038,228.09633871144544,227.36028479582814,225.01986798943935,223.21565114606125,220.37138126826557,222.7730228208573,223.13374509419597
349,2017-02-04 16:38:04+00:00,,231.82726146689663,231.3669754792317,231.58867371776287,228.97924011849742,230.8327613314221,230.21781610812934,227.5538701022142,226.0516052696643,224.18226921997973,226.34471282695182,222.78327329581742,223.86250248074083,224.20804345657183,220.34994582942272,221.4768462537455,227.41547315552575,223.91342682220247,227.0426887373684,220.51301761273785,221.5560706252197,215.61250992916453,220.12309636673405,221.97632865690198,226.0590878117554,219.35690209994266,,,,,,,,,,,,221.93796198560472,220.4696178124339,222.5743240472741,226.11609334901252,224.6217547984463,225.06174110427244,222.84369056822703,221.54863526421343,220.4881638301307,219.87294916663242,227.30559968917854,221.6136854774554,221.7785695705708,221.97248172836476,222.06985976669986,227.07986820330282,221.51877291187506,226.94839198107096,223.55177028444888,228.26000420623112,227.39003639570566,227.01592196228623,215.09469144528506,,,,,,,,,,,230.6629279966267,230.76209361920826,229.32330367068815,228.86400559171025,228.45928889502355,229.43880126650626,231.74093333432705,231.54838523227264,230.49850034214987,228.27340917829844,226.75270941726512,222.5068012729819,219.12739862006111,219.88820075471276,217.7845014107072
350,2017-02-12 16:36:02+00:00,230.94077335911643,225.7913931644037,226.99968237499226,225.33867930360555,222.84927831442255,228.5834747903502,223.93160953712058,224.77346067000863,223.7173467484956,218.65241107088337,224.41778926766798,219.1299477897047,215.89800636660556,216.7012814444604,217.64327984030137,219.38065917167043,219.90736264752815,217.15247962005347,216.5837154708173,212.9804977922953,217.65032900339818,217.8168846464997,219.10307325235433,221.94337558204143,215.63580987005776,219.25088772165472,222.52668969240548,220.17465280118654,218.78337414530682,212.94305727529243,221.37947473682448,219.23715828704522,215.4107667744206,216.11841667262865,210.45977812048508,220.24369575459335,218.66984803925052,216.31899099721252,219.46026446562828,218.66780787627607,219.65248326929796,221.97256991662317,217.6069453401844,218.69721810290682,215.02297288079933,216.8272419138916,214.18574504291152,219.93542324308342,218.391451383987,215.64593970278852,216.12930483142776,216.91321849614835,217.35187016939983,219.15457702610365,217.10812748673644,221.47137858486968,217.89674806662023,225.61567778683164,225.3683275546807,229.61411884213518,232.32669283372135,227.71889910881606,227.6606801105599,221.8382808141931,224.2229475888311,225.79893460740195,227.81062897422686,228.90083700726385,228.57969586462684,228.24994986807417,225.50900952626344,228.0554272796575,226.88027880485393,229.32464932728644,230.57544261637173,228.90691178532515,230.42614499669887,226.83726645640866,231.5874512397998,228.16936779298268,224.58928391176386,225.8948898318983,222.3646010332514,222.41686963239798,221.61529196224885
351,2017-02-20 16:38:05+00:00,197.34665017267656,,,,,,,,223.4326442115283,218.30721476041114,219.0330055026805,210.23807087783914,213.22600883424926,216.48277738972416,217.95808675971912,217.89183802867214,218.224083560319,211.80619488829515,212.90487696851724,215.92299694642222,213.14097663562157,,,,,,,,,,,,219.43031444479936,214.8337857607263,216.83953162966932,213.9449545629801,216.54745229583864,214.24066719546087,219.03008838229857,216.87729382920307,217.18094685498528,213.7073733712135,206.01929639887254,210.435941776822,212.6587606704095,217.3600677536763,212.3712239141508,,,,,,,,,,,,,,,,,,,,220.7809006610242,218.78465326221223,226.62513337509336,222.72929064764162,,232.89003030775285,236.0474325348827,,,,,,,,214.32450409686638,211.98178385784027,199.80945717900556,,
352,2017-02-28 16:35:56+00:00,223.1877299838403,219.38452323801926,221.6594593662063,222.74611166235277,220.4535315669093,223.1288523270859,226.11384425638644,221.2600358356761,222.13226823678556,218.57501955284314,214.25903135013493,213.25710669780818,207.414883070114,210.85635315745466,213.9347202801136,211.5014583127345,216.57577562275668,211.02497609073038,211.33201391844943,212.02881674630044,210.86795181529124,215.1905358055977,212.28752679445523,210.89118558711607,210.97396799857,213.73687135034078,219.59695462929386,212.91407416509492,214.1645802564335,210.87492232071963,210.34101118451065,213.34322338475357,212.27315841081506,212.45868851492827,209.0274898324418,210.39314934305048,216.847665350255,212.26907788848308,212.27597037785608,216.2150182566193,212.95282640342333,217.31556890270917,212.20519732090563,209.2703054510325,214.0128620248334,206.1423192691335,210.8672411135177,210.2055604848524,210.2302980684061,210.99175003635554,211.31735615255934,213.5184476307363,210.18990561759912,211.62360970446395,211.56937050246893,210.16580842949708,214.18648396533038,216.99684300276937,217.95143281457246,223.36012829020228,217.8983357673758,221.09026482470153,213.96547338277838,219.05820404198218,219.29631906459633,218.13786280189157,221.6532358551138,215.50079116203167,224.05380286635773,222.4577658401592,223.3401976476697,221.65245732728113,219.02685839573908,221.47244903396364,220.93122695531218,224.45829267975557,220.77054043213627,225.59694801437044,223.47218168522485,219.34602010278053,222.07983284741744,214.66712081340376,214.8924756894866,212.5167954975064,214.5158247821908
353,2017-03-08 16:38:13+00:00,235.5933651604951,236.00529552320572,232.6364859397084,233.80959051640383,232.91361276161234,231.05389608560583,230.57757775194233,231.55775753272772,227.73281546202412,228.60560222458446,223.36817779770865,223.18504661685589,216.5782978449147,222.51015366112222,217.1449835899373,,,,,,,,,,,,221.29285919540712,221.56537177355418,218.69588504293674,220.9650263470104,223.62606656231978,224.71446819342952,221.7741740404602,221.4688939260637,219.88118988416733,224.11794520032,219.18381653267875,218.18309001290535,222.55223134593007,221.57434860132034,224.35776651926676,223.9773684834287,222.59151726526576,217.9995066787073,221.22777404848577,218.63129683838503,217.94271844816262,218.06325671039494,217.67387814319696,,,,,,,,,,,,226.03859407978317,226.23350202526757,227.4018828566824,226.759646369373,223.64440383990728,223.9827778436878,222.67456725761966,226.47678473758376,230.126298229704,224.4761266931861,224.17137957518042,224.3675833073842,222.71255491364502,229.35504474557524,224.98856167401468,225.90526287541587,222.47176290410314,229.68249928292101,227.182261034568,222.65367731819134,219.81235044306953,219.42202839800876,219.28343344928945,,
354,2017-03-16 16:35:47+00:00,233.52414497133816,229.28907347153566,233.14797213621236,230.9244157220561,224.81193211118145,230.83760386922927,225.4415319455232,226.82492642605243,228.89050962528964,222.17853346734518,222.68559074019785,220.24549414799176,220.38819298320075,220.5467288777978,219.85755207153474,221.76093451535942,218.81515029980528,218.25101938753113,220.7018474158781,215.94039934158448,220.09832249863723,219.79169087920414,222.92077204277345,222.45452984606757,216.54149531312333,221.11100463602259,221.1589245577859,220.87035999799457,218.30168076022292,215.1849097253244,219.57710794076914,216.13666222183147,214.65784469729815,215.25897233615095,213.90609266030907,218.7309389590209,216.34565602622487,215.64822870949052,219.13153400613007,217.40588142204848,222.2137034014427,218.84898955567178,217.42416171136,217.89717498334915,215.74751947062455,218.47029317813374,214.04321102491548,218.3820724917926,219.64416806031684,215.76509654572226,219.34072914255486,217.9808095394305,218.0936852021304,217.91731057421734,217.0367795163951,219.34315172616834,219.00067985599645,222.6845530616907,221.26364215145273,223.43869391875714,225.37709911059292,220.56057816805838,226.52994734789198,225.43959627413727,226.00494760735117,227.9196889664541,225.49341446365543,228.01024979598876,226.19080296029017,228.1423402705658,223.99135162679585,227.0569033437613,227.66170576787053,226.3562857527658,230.0752831268654,225.45459164346522,231.62019276460396,,,232.20791269123288,229.02638803096764,240.16175499924114,223.68465682893472,221.16697405120345,222.0353034515223
355,2017-03-24 16:38:18+00:00,235.01923585387203,,,,,,,,,,,,211.33771469715646,213.47352523141907,213.14497686008758,212.1279393206561,212.96053530082398,212.089288845636,212.71587106203415,212.62655617395464,211.15733929565172,214.75094129435004,212.3601145843625,212.60006344124034,215.75000115807262,217.26408344275828,212.95921126397687,218.96107623985793,213.19299630239547,215.5563546882178,213.96798212368472,214.298826239152,214.59355578045725,206.2440741488159,210.98717614891635,194.19900753564397,,,,,,,,,,,,216.08031226607602,213.65992429880808,213.3593698157563,211.5489372688667,215.52994265823818,212.03053950739078,214.11746361412858,211.19564363735626,217.5025233042806,214.69640931669664,223.7641946101075,219.61908609049425,220.46643895444802,219.30468794714912,220.95506078514592,217.11484323271034,216.42057811016178,218.16649899012216,215.7184423993322,215.28514436908327,218.2535130697136,222.6779200564089,218.96153569782746,,,,,,,,,,,213.6387566511992,211.94784553215473,210.06081159519792,208.7085404305922,208.75878628143818
356,2017-04-01 16:35:39+00:00,213.50139205854327,213.9391414417007,215.46371910637038,209.23916884749,211.38441310333164,209.53310734554515,207.67246558356482,212.44651336330782,205.86846397979969,204.46640635370088,201.93383590652905,197.5902569917897,200.276158696001,194.33413373952914,197.67175711500093,212.66132688659349,200.2360305561999,201.67569838625997,192.4379639351237,198.60155670997415,196.2251885144861,197.02617097688164,200.4088880114111,201.59152333953088,204.89840243816906,204.8486103099227,203.9556179774511,201.2618591428081,197.8258758708453,199.12929219104933,200.545941459479,200.51293685295812,201.74417015335453,194.11662800915263,201.14026817036682,200.3733005501702,202.42682620937893,202.20865212100307,201.6612491232449,203.72084612616112,202.96270693140826,201.44231393462968,206.18008037648758,199.73283757181358,203.97803241345247,198.52429066593456,202.5361718764152,205.22563613086933,200.18706651441715,201.28282834262893,201.18598148927447,202.57053706008335,203.20026990282946,199.6081574410774,200.47234192204309,201.74032604000774,202.1639700538418,205.8766336511054,205.0347526551241,209.14038509315313,203.27743087832766,204.3696455052889,204.56132296204512,204.78689576901118,208.7673125605636,202.13970518687466,202.13891464885285,203.5462597898396,206.09215512774455,209.65053636267186,204.88421713876608,204.7692272798086,205.4709045240316,206.5047200546187,206.6331131030488,205.92953607559164,209.56249142360682,210.12555236080107,210.75251110376965,203.2796092184679,203.27068411149438,199.73419188229192,198.78983268872008,200.1656289026067,199.79543371904987
357,2017-04-09 16:38:23+00:00,,,,,,,,,,216.0274535497733,208.3457787495802,213.8691004130938,212.49662034160716,208.30800523869206,207.65747563723858,207.2079275540684,205.4555132357679,209.05791601349694,202.85686565252854,203.6755099871256,201.48960977399898,208.97231619159353,207.123071005172,208.91820449265745,208.98410373730695,213.18295900767546,209.24560092522438,211.53512075673075,207.03665525389448,208.58202316247522,206.27946842456288,205.78895052964955,207.8130812293074,,,,,,,,,,,,207.32103484458932,207.3499765258578,207.35824814065225,207.43533803154253,205.11649344980898,205.07773727482157,204.49511565327725,201.68480886245888,205.78661801936929,200.07439602105435,204.6833486597006,209.11670890272774,206.6527769981878,214.31241719436136,213.28343775429207,216.5080137149075,206.78349780994728,216.02807057690433,209.79339084949524,217.88901687743558,210.31115118093365,209.14149069140973,206.4914735442448,211.1022325797392,,,,,,,,,,,213.11484917091153,205.24509620126244,205.84362719320572,199.73889017362447,203.85906774213598,200.2911560156265,202.59427346968855
358,2017-04-17 16:35:30+00:00,211.34089824994925,202.10369555868385,204.97688030503872,206.24474470226346,200.91014873738297,203.9412584466731,204.35066710058436,202.5122168063905,197.96120513516965,193.1622619528096,191.17206751973876,191.7576185859497,190.78337800232023,192.73220853191836,189.8366396638056,184.75505260936328,187.82957831063936,190.7078066919901,193.45486715653894,194.18008539919097,190.9568905552872,198.45757220042069,193.70609998895083,196.76832136086668,197.43565303113542,193.82976934882777,195.7984041569621,194.1483999937007,194.13445342395107,190.92848902672742,192.79358933367175,190.35642343857407,193.67030593766523,194.52038089426816,188.87694416862783,192.4338318951002,197.25982309383065,194.08191033354538,198.2699975108054,196.09388009128577,197.10912856823532,200.08953816023163,196.07294735768687,196.29106323581794,191.71908517727016,192.09284288949704,193.44710083479512,195.6014250831619,198.44711550005823,193.27337898775997,196.12139219480954,194.6036500580606,198.53323746271525,196.4461884325169,194.09062711521014,199.2435904324359,190.5063838472468,199.85367224828792,203.74735838476678,198.84070471205018,199.3776324632676,195.58845750606935,195.706768240022,200.39576762562157,200.2746231275494,198.49537224890258,199.59636461683053,201.46794261902727,200.08465960328337,195.5593572191363,194.85447878258486,199.38804542119897,199.72401484276006,198.11514202989903,197.0671130220679,203.82081878559265,202.37586101126908,204.22397252370095,199.77432010884033,196.77760442466106,195.14540656261588,194.51602039815236,196.87331215317877,194.22757755178654,192.66263275979477
359,2017-05-03 16:35:22+00:00,194.99539851810184,196.81923871042707,199.01128968292807,189.07227075283203,190.0811587618984,189.76195631264827,189.54529386899486,192.12148187641884,181.97444644931016,190.09719335324962,182.3390506377327,178.238595449245,181.78979623834616,178.58799809637412,175.7110861034719,187.7832742333361,185.09064595783713,184.08010247233693,180.90069448328927,178.36223382971792,190.12274450075725,183.45911632859054,186.5237133456621,179.4052052235612,187.22264084230883,185.85370573249574,187.47497264456197,184.42457865998955,178.05832222726892,185.6843963793362,187.69040154114515,178.33446955612402,185.78255804129338,185.5657312682606,189.60874342509553,187.0370788043097,191.84091863217986,195.42342708347454,189.17355854384476,191.94347170086152,194.03568992565982,192.49173047179787,192.7460971092461,187.79921188898754,188.48488099193185,181.74366027397812,189.2723254426063,194.95981464773064,195.26597507408925,185.43167135868197,188.13980252444208,192.5025700840786,194.4022883715689,197.20900197121335,194.84041119941534,195.2528623612482,192.06719857050186,194.01495701417275,196.0206963094645,193.37098596630668,196.52142656582794,196.6902377846472,190.06541381389292,192.28371894151894,192.6451878647845,188.48712540331488,197.24775063189193,192.4054635777661,194.8272771292719,194.01926312999004,193.80831690326048,193.101581962805,190.26867898224597,197.08706325678608,190.96135173246705,195.81208461047885,196.0205238762444,189.58499921861832,190.264503669222,192.5488810663996,190.2162904864087,188.60729601186185,187.4136118996334,188.03106958706874,184.29101736154274
360,2017-06-04 16:35:43+00:00,199.92052473718454,196.91544224012551,199.68864934245812,198.56164240855864,196.32254940550342,177.5424039973307,186.92679007564894,194.15373868614367,185.07823841836023,185.31266613087524,184.18447612139207,186.52779664309122,178.85004413732332,178.74208540841454,185.5844358695609,180.78874679417817,178.82082794928175,187.8541882471414,176.98127877129318,183.2475142920853,189.1310309403236,177.51347460473926,181.9181196174385,184.28317550877404,180.29428399195328,178.10830996033195,180.59342547383696,190.5196103183464,178.1496711350952,179.77684448007653,185.4513166719508,182.90581259441552,175.69002659690895,189.3491681028895,187.088298505163,179.18461222945962,185.00942002294568,195.4328522789402,188.26463191459828,189.0501967738006,192.63988629250633,187.3130626476187,183.37689369547502,185.31067149755083,185.5961539315578,178.36882978627474,183.71153221960802,193.7737765207268,184.99391290605536,191.64215235588054,187.48210461716104,184.83935694535793,193.26172622433626,185.09166449893598,191.8087642853243,184.49488760750344,192.1334829973185,191.77426239038112,190.50748139465958,196.85480611846123,194.09741476004476,192.20293804052295,185.99507062940037,195.89430548051345,191.77101671159141,188.95239997746452,190.77302527279534,194.7422278504029,193.15716673811983,195.41395188774553,189.23990832802693,192.7428261178414,193.7471651951612,192.14734183887822,193.72933946842886,188.11618747815695,197.45373022696018,188.8229313853523,191.52884936226542,192.42477921588232,183.0116584914088,185.64152155675427,182.0502816873274,183.43284158365685,174.36800379273885
361,2017-06-28 16:38:44+00:00,,,,192.29547559277526,188.8578494465094,185.63590647100082,181.16435878911645,190.77542559974316,175.31197861392585,173.38452674146404,175.67333575788993,183.90075472274106,175.98753780478728,171.93835789963563,182.07057294183824,169.19195431874755,180.00021246855755,178.1571072627149,177.7437809487844,184.76353736946714,178.57327526907716,181.05688811312842,181.9617718425118,173.32276738993644,171.2208775280196,182.39747265329072,181.97100564876644,,,,,,,,,,,,176.962118631644,188.3185202636786,189.18343143439577,183.5145968966473,188.70783952462594,179.82282874325804,180.88885011124242,189.83197340977358,187.4626402379303,187.07616888597332,191.4809995941142,185.48698856560728,187.27668235932282,180.25279907287378,188.54323549699478,184.46810233971237,186.08642296940624,181.9850619941768,190.3764491147726,183.3583392575674,188.77810153034872,181.4544771936657,181.1810068460502,182.85190446731482,,,,,,,,,,,183.10259327737353,188.5958524729348,190.3838024621369,186.49511306513244,184.12584166009543,189.03096560980822,191.72193564469765,184.69218344257277,187.20883885544464,181.6211123122559,178.35636240835427,183.0239670906917,178.534250082677
362,2017-08-31 16:38:41+00:00,,,,,,,,,185.658234906711,185.06619966875337,181.5646872183166,176.91572789618843,173.88522523627918,174.24099434436013,174.41557047107167,175.05216705364543,179.72728007108572,181.97417629931692,185.1030571730253,182.3728563914333,180.42346044787794,180.2712459949655,185.28803711934816,179.37518861903843,181.20900332316083,179.02085555245606,183.96748187108403,188.01904392931576,186.32826829204848,184.363773123503,187.8297380601313,182.62360021660535,,,,,,,,,,,,180.58261794414443,182.5818716809715,175.7468213696162,186.7458486556917,179.08851926137092,186.1502422907467,189.25392768298147,194.34327912668056,189.52413473176418,190.613827043421,190.49622976185444,193.49897895543143,189.5645980903122,192.4954115137985,197.95480448752286,192.4811727652578,194.40648585994006,188.00104865171596,187.06980456610114,188.13586149729866,191.43914893035594,192.9807440192115,192.60970350076448,,,,,,,,,,,,192.8429435172498,187.4892539003861,186.9639831535493,187.5968545426888,187.787173954562,182.24922926925112,183.80433558809872,181.7029437963832
363,2017-09-16 16:38:39+00:00,,,,,,,182.3511587582446,176.8776704600361,179.445045910313,173.59408757558643,172.7395145359306,173.76413262794694,174.32829101214065,173.0881489215891,177.1139890047874,170.3069820753875,171.29473318289138,177.14481410354534,178.37017210064013,182.3396809110982,177.94484315743375,171.89624471812283,179.1041406062201,178.2666428097177,181.71005208952585,174.43730634638047,176.79916748302628,177.94304379236812,178.4875064043295,182.2922786941959,169.12256870156952,,,,,,,,,,,182.83446758188614,182.12168636511694,181.24589100753118,180.1463917953833,176.44246236257155,182.78721606943932,185.4052524850254,179.92441765592682,186.6695943584543,180.51798636514036,184.66347787549472,176.7132429597429,187.74666379286495,181.57046447918313,192.28302152800788,192.28354747596114,187.51515218115554,182.07481951374123,188.65455675892744,189.56143997937667,181.03436080713985,183.24859093988036,181.01405325452538,185.55402998977075,,,,,,,,,,,,180.39250413249002,181.56911475271602,177.53256199014038,174.44759543911258,176.41278825305682,179.48220142562658,170.92716771373898,180.3576053375145,186.70559809136432
364,2017-09-24 16:36:16+00:00,190.008642641538,180.60276854938797,196.17174777381123,173.70035249992958,178.40808876638997,182.86195820248523,178.72967305597916,169.08467389832578,174.59036546823853,166.74994357077992,166.46240373601438,169.54979097857444,170.69792876037076,170.5068455648522,166.9794818408134,169.2177180305041,164.44482548089724,161.78019887130228,173.23469537153375,175.5391834964752,165.5472252811272,161.11222352288908,,173.99832445185478,170.15472709546054,173.88874227598052,168.61269282555602,166.6554195006617,182.98760722262375,173.00275972434972,165.10418645717823,181.8438026080932,183.37017579015998,178.57827337323096,175.6631518086072,173.97395635563174,178.48583367157264,176.47532313752606,186.24423063770465,186.5065467343914,175.68611168024592,177.55203087489167,173.0651311975369,183.41887638593215,182.84732580370678,164.89033660696322,183.39953150304234,174.234117700075,185.32572804480452,176.7502696160811,176.5964327568344,179.26597618969168,174.817745718613,192.43997104059446,184.56605824134826,187.83233767708504,189.41188290971508,178.94550110694507,186.14096267425498,193.065906671831,191.74703968703182,185.69904587507042,177.99391697430661,184.25460591074818,188.38693036708628,,,,184.77060656864307,,,,,,,,181.68844654312045,161.58558661388045,169.04666899303948,157.76986952920294,184.60864961791873,187.388182529734,177.33623150150552,190.84150066299924,176.36990603652256
365,2017-10-18 16:38:43+00:00,214.08695332990365,202.53577698403478,194.3319818589865,203.82557075154926,187.1560105970275,,,,,,,,,,,188.85081668168988,197.32486934700123,186.68201462027494,187.48926050943194,183.6779641344753,190.99227288220445,193.38967555216516,189.8673760924712,178.8408983236781,179.50430461290716,193.07037031842597,182.07958379751562,189.712674187284,190.03972281477883,195.57945788275651,190.90128122765574,198.28140206820902,182.05277182096606,187.52387566527008,192.04043045105325,192.9805148718029,198.20386986701607,189.46576995366226,188.5356542367348,192.12647659815238,,,,,,,,,,,198.33699414702085,192.96064150308072,197.63182390786818,205.7903845503891,193.06679153526022,198.2344325955374,200.91991774060514,202.8295321002691,199.37318862326615,199.40472947332705,186.68503768511235,197.48061717903383,194.51656834140243,200.72589943736438,202.2630579928632,206.33841133100182,191.847647091602,198.22794822294838,197.46884964440179,205.4677197007422,200.0721251122241,202.0181557609417,182.67472559702108,,,,,,,,,,,,178.13811794686248
366,2017-10-26 16:36:23+00:00,198.65645790622062,183.68059790523756,200.8687450613765,186.3785406286314,190.0800854991802,198.06678589129888,174.95693129951155,175.92924078060992,181.56435455847736,183.80509354349886,187.25633289580372,167.92315170068002,166.71598202521272,180.45052952859692,180.08852874144938,184.88150763046656,186.564359415985,168.12888297505663,168.8889012407961,184.81430355286324,176.59869204353708,185.28061537819798,182.09822404886128,165.31289970922094,186.3186305775347,173.37170404850144,182.8185505053795,178.70966875383613,186.76854107355092,184.15505688909101,186.07693674048116,178.2198561355732,162.9753944549783,191.07088569880378,185.79607743217855,190.44733107401294,179.70749211691094,170.46322904615664,193.98714299768895,188.38672765489105,192.46155157614908,179.31459466190705,174.76595925303366,194.02007629965334,190.75361675335543,167.2759328376403,186.00557737770893,189.29270970974412,191.73288315144902,189.9813043013486,176.68443514156374,184.40165838907853,192.07502097773317,178.39865456306174,187.67692656354797,194.22524761348237,194.62888630759127,188.29331168082945,189.11123333586738,178.24787374334358,195.5309700531753,188.56823535850043,190.58026695645466,192.41520686008778,192.7023046487531,181.41638645170983,192.80594579046422,188.16500791547298,192.88199819824578,191.43118996491785,188.8147597658307,178.66622162803398,190.25322401006702,191.72183366107726,186.64863848173871,188.7773473449882,186.78148513465356,176.70230735402444,184.98555819377987,184.99440920951696,190.36806696811783,183.29492256765985,181.01432836495204,180.0101818162009,183.13083124463196
367,2017-11-03 16:38:42+00:00,,,,,,204.90781217876423,192.8057848173292,174.62390907877932,198.46014875273863,195.98201797619757,191.48640776214515,179.0660280792248,173.7128494972055,185.93245447661562,187.65171420603198,193.6687132736012,192.44505541598727,182.63818121033742,176.55617044393944,199.94556502553067,186.69187234388482,199.1721487544411,195.21730473867416,175.4213776589523,195.89602371928672,187.9743982950142,194.93375277394833,186.9040057718584,191.54120042094334,191.47364230141338,,,,,,,,,,,198.57251755632606,196.07958820477725,185.16443934433227,201.12305135122548,200.31026896285138,180.9333956676303,192.231839087856,198.16278959300155,195.37509335357717,201.0321778408178,188.0137395111678,197.18202079193634,206.09745697019454,189.4432147917246,208.02130095187158,196.6637706111349,206.90631676010804,199.34393180246636,202.14838158063137,195.1979763897784,208.7317717788606,194.45469931461656,204.52462215909554,197.9598568043594,202.5786091421911,,,,,,,,,,199.68571659759667,201.18385735169727,199.66846221673646,196.88898088797043,188.340011595536,193.98546719499498,203.13853286048757,194.9209318322854,195.69981056384913,181.95423597349506,199.37067543279088
368,2017-11-11 16:36:21+00:00,192.53060620072364,186.96471186731316,198.7406852063099,194.40777033706303,197.5292045221386,198.58848128353532,179.38134376686673,181.0186544620438,186.90739413789302,187.48994908447793,183.8742101936605,172.7229653175622,174.15421246251717,184.52095566695957,181.3447051159841,182.6828680631693,180.02791134684077,172.791522733907,172.42123524456534,181.06184899263064,187.02136231673958,187.0666531439758,182.06482623877076,180.13218964723725,184.99847583758418,184.47847499286362,177.62862707725634,181.10442291169295,185.8398250661393,183.47216313139452,184.6279519249443,179.91351638070242,180.1248611446043,189.12132619579077,187.16980162102539,188.26924280286383,181.27715523163042,177.7447147666266,189.96289862984509,190.49259942723683,188.22135711495002,182.14379761199112,176.87949388824924,180.67907082204997,181.32807570363764,175.65446610201099,181.39690987450635,183.72236754981645,187.6437833592784,186.63672004519535,187.17829682165754,185.7796852703828,183.54892548810642,190.06685391659946,190.051181974083,191.85559321297254,190.87280328230537,185.23363662187316,186.82721041427075,186.30703408791936,189.79996327837205,193.76445114968504,187.40567532405205,189.28407172206087,186.10581947153318,189.15122661646774,187.50994000926673,191.85601507977987,195.42374246644175,188.30247193777848,190.2628832364925,187.02718274275384,188.43897407003,189.95465931234463,188.88360935912743,188.82028421226798,184.62412516029758,183.13469368131757,179.92296788276747,180.06247101710198,180.1933506429164,178.3963398691623,182.2685169125177,183.90500735558524,186.67738006409218
369,2017-11-19 16:38:39+00:00,209.0305362799462,209.46632559484644,202.70399412378993,212.33722112746017,195.67624838152904,198.3769983455969,193.78407411179882,203.7309697449136,198.7881046165491,195.12505551984563,188.1898728042358,189.4084857931386,193.65281293777522,189.6720809098166,191.21791449103551,183.13213609107103,,,,,,,,,,196.89445596380585,194.51333433474454,198.99221676159854,197.96367832798285,192.30222925422527,192.10082045684658,192.9525882087504,202.17803084604319,203.60187503770732,190.5433980057777,197.21175466517482,200.10965775234337,196.6469238075989,196.6238832374541,199.83419582094396,197.0426261363401,198.94048366983168,195.5062111297343,196.7583687964964,198.65256795745654,199.429705042838,194.1582460523384,206.85601789563063,193.03442212942545,199.64909244621293,203.20402916812174,,,,,,,,,,205.29877947946017,211.1840121977891,202.07120822887774,204.3290405209926,201.87017752245717,204.75789733273163,199.61870133688328,207.76559625957142,199.57046733945654,202.10047663127506,201.52792651511913,197.011281761576,203.30545282063292,205.80426311159317,203.74928622520906,203.5000322491428,194.6590890931927,200.73271337896227,198.08335952758117,201.35950492416274,204.41128840383385,191.2981602290566,194.7076635299511,,
370,2017-11-27 16:36:14+00:00,214.577321549343,213.99768067167642,211.34068624800963,226.40418767426846,198.10180556932897,198.36205738170844,209.35907944762144,205.3619135379175,207.9088660125721,192.35273881500768,192.21732392257354,204.15230844619865,196.95354973511647,196.63844914038316,197.71486661136151,190.07244635577987,189.12978381533856,194.32553708008615,210.35373926563537,191.5565218407059,192.635092349332,194.616104940938,201.0942280402492,196.12116742528707,208.70806426724386,205.65071707709785,199.2046864301597,201.76865363514622,200.26044388502117,193.48856059291188,193.65136409491214,207.18961070469908,205.48449079200853,208.08955005510308,189.29741513803302,206.35285335114995,210.46238829669204,197.17178449980668,207.06029400429435,203.2077199484707,205.36173855213684,200.23546595684763,197.46296599971112,204.0019779447328,207.06660974165248,202.95611351484553,209.19622682287664,203.59707530972804,201.1072261826447,199.14555455546474,202.22988421974827,212.31182293051717,209.11277189894028,211.6300009323029,202.03113303790647,206.88906286069977,216.39277092398314,211.80157796202528,207.2301249064734,209.3845076328524,215.5235537263617,213.9320072677683,212.5531678476497,216.22360711050652,214.1377529202287,206.48086225829184,215.16827814164284,218.33747511796693,214.92874571145396,214.40396403506153,216.30472248949005,199.2879342354275,217.99851313130387,211.80201514333223,217.06299001595357,214.00531674355219,210.36949503376653,213.75891827326112,208.5763077030304,214.3162299872679,213.85829285901002,201.99681888141762,206.13473109139227,205.874691636106,208.38211013866757
371,2017-12-05 16:38:32+00:00,214.95026291698574,209.64902670529068,214.40435453914424,209.43746396953946,203.09695330194302,198.34817040298057,204.013653819066,199.21914825782892,196.54892949166492,,,,,,,,,,200.61002553227098,197.3335476499119,197.60498273523336,199.3130321341771,197.8328244525963,197.70960214488798,200.0863996631447,202.8979411990008,201.54881323679191,201.90951728136562,196.79597479857387,198.26308438368767,195.71078101988854,202.15171078071103,201.01713039459366,205.40975628783673,196.81270562309174,203.38442397701604,201.20130900099974,199.4741955228634,205.75092018019384,206.0726550384492,203.34368153594352,199.30407613785522,202.4305908698314,213.87980034135552,,,,,,,,,,207.26417639260745,208.3356388123152,208.19466502219606,208.56424467755124,206.56922449943625,208.63871609223855,207.82419508709097,209.0815641610796,213.24202701342534,211.69716064325416,208.94028661817848,209.0657749380889,209.15935965393075,208.89388550469738,213.70248857806914,213.86835815665978,213.67223672665196,204.87845882389362,210.45302625476953,211.33030714444408,214.2546965715028,212.5323452789512,213.69986539245775,209.58676555706012,,,,,,,,
372,2017-12-13 16:36:15+00:00,215.3148320450748,217.83509821223834,221.43496082874245,220.524074910094,213.03509552138468,213.92509424069527,211.5364663084863,211.00866661969073,205.82196350245195,208.74773038627816,205.43334507221473,208.72053602603287,200.46326947135412,202.82015345936608,205.2928475872311,195.9457840454995,199.6985135457533,200.7085964133657,203.808568302313,201.89021971112277,198.28078204210263,202.85519004519435,207.603810220171,203.17889253530714,206.45962644591572,200.32407954645552,201.02128595880518,198.37867936279483,198.33024440478385,205.06729070040396,202.12423217370804,203.10985795774738,204.74692353519342,203.17185293591027,205.3613451969507,203.21599135808952,201.80015363498794,202.0225243455755,201.45028379268842,207.00716826297582,205.129811657994,201.58480667941768,203.3609470083659,203.26928946989133,206.56200701002294,201.60440575147803,199.64808037252357,203.5304927336516,200.75296363122982,207.9917518799364,205.81078726657884,200.89891130156937,207.31051284502237,203.64897139748197,208.22772776655162,211.22649377629688,207.8673574623743,209.9575069974397,204.71069439248313,208.83918049889795,206.60841073275674,207.76253222354072,210.08116941526592,202.66819731503907,207.47003193727974,206.54560351285164,208.77717068444932,214.94964414876256,216.30244038210625,216.29909749266128,211.45012837163688,213.8279222299481,211.47649003468618,213.6426836077861,213.01157415915074,211.60653298103875,213.05883805369902,209.03684479132025,212.6103673889868,207.4781361086718,210.3682930669419,205.98629345332836,210.30209980685308,209.2664949701175,206.2897244720801
373,2017-12-21 16:38:22+00:00,,,222.54175561927684,218.53668827899355,212.5573393543877,216.84032505801287,208.15216951585327,210.49142783779268,211.35777163044878,202.2526523969326,206.69659186377805,204.60142553747272,200.67980072404677,206.25188361845815,202.56083315896538,202.96824785970048,198.27165081114347,197.94443829547268,199.71174895382202,199.73919905205736,202.38844531217637,208.1102600282304,208.51263599497887,210.60313633508565,206.43494024030275,210.06528528982568,203.97486164359748,,,,,,,,,,,209.8845900312952,205.86599891317624,210.85062292154097,204.8385037742902,208.7514120921544,206.97765349501924,209.93546268964374,209.13140882765876,208.62987144209578,209.0912270295543,210.3551439891137,210.68661517619853,211.70090861479247,210.0398793091195,210.88751560917316,213.35597910409527,214.8538116831062,211.305127905299,212.47824943940307,213.26920708278698,216.30512979669732,212.31926073579723,216.48442968027595,213.42455932236086,219.52767732544064,,,,,,,,,,,219.94635424298679,219.57561087962344,218.62836867053028,217.14473034200302,215.39304010032996,218.27079034947946,216.5427114431244,215.78509601007076,217.98638836808954,217.16868237526938,217.0082091319233,210.65545549548148,214.40178495240895
374,2017-12-29 16:36:15+00:00,223.04434223140444,223.99498821986222,225.59687915379664,226.4523929385022,224.09940583722602,216.47412059875714,219.5719041205159,208.0694630316383,216.22526534682413,211.4441343269936,206.45967666724184,208.8811119076023,203.8968949409048,205.3273819987287,206.32905315937867,203.73729373668598,203.8107452733313,204.11107891087428,202.74934307517736,210.9081798925095,207.50751018533808,207.866334544368,207.548196369072,210.73708849810592,213.32058064841596,208.5122228459056,205.70138427382713,208.3486540474857,203.76685370478123,209.63368680355552,206.26415161115364,208.53989361229821,209.8951426788119,208.53962619898505,212.4284715093977,203.29290513551675,209.82273103066635,210.64199467817988,209.5024821203553,213.8896954673922,208.3092520005857,210.60559504600664,209.27247391747343,207.96171135112056,210.361334313431,207.16216163672715,211.49457553955284,213.20690719544268,211.73756286104805,210.9809909440454,209.34388524775653,210.583449770235,213.5039999450931,214.25596561657443,221.76465489265914,218.02088246613476,212.60697494915803,217.2839189742764,217.17557862925054,220.36476876670565,219.88656102716334,218.4109329226967,213.9165284643475,217.53564858600603,220.18442223439354,220.37329020941274,218.3694124119904,219.74380474292,215.64927669768565,217.6131128081368,217.93224248758264,217.02288964769468,220.73642954815793,218.04341123054428,219.01668407599675,217.89355721705147,217.6016619212018,219.85125036317243,217.72136109770923,219.49712016097638,216.8497383953484,221.92089128143533,212.92598550802586,217.1759033101447,213.954917970087
375,2018-01-06 16:38:10+00:00,230.42793061961902,228.5431953644549,230.14085418397497,225.38283595231832,223.43785138045362,223.9411218852696,226.11877656439535,217.1037836367681,221.36380138558465,213.01920888065862,213.79601689049824,208.85540059148894,208.28142459846876,212.11212199661665,206.4421589859389,210.62283094739487,206.84264337370283,209.68726527811694,219.19435410314534,,,,,,,,,,,214.20487725788513,214.09781910867562,211.10376823330841,213.34051007547382,212.09331735779097,214.31664621378874,214.83699532414903,211.45352587131762,213.13847368739582,210.79075617530887,215.7176390263807,215.54768749345234,212.31431549490898,213.76456822306832,211.01569438740555,216.15747450094256,212.7287193801033,216.33349911705264,215.44809144425926,214.75217744763745,215.76739931781825,217.26209285414004,218.42887148989072,217.70853351280095,,,,,,,,,,,,220.6168095730921,223.60596437316025,222.67600692120237,225.15829598444967,224.15129042351793,227.24230176984202,224.06976390466025,224.60646932697114,222.95418636642796,225.99127874348747,230.5141218049286,226.20882723026315,227.0381088536768,225.28761032326318,226.6488267453905,222.2311772278221,224.5386869943928,220.84902868682107,223.73408913424842,218.44543599736934,220.7229162111143
376,2018-01-14 16:36:08+00:00,238.25590801748322,239.65178997323017,236.09056945665088,236.4236419564073,229.0492474635463,230.52391010854458,232.69192625943964,224.1456289854513,223.12581667565865,220.69803911686154,217.86592126416286,220.36529394719628,212.5795596141783,217.33979257463264,216.61761302225878,218.07334376031912,218.45855130690356,213.40400332819792,216.22776374195598,221.40802942921627,217.9714264774522,220.65706050359108,217.98487766485158,219.20486234937562,220.32918064834882,222.33452468567972,223.17606089255946,219.84441375582352,215.70605620311866,219.21274051244575,221.94746087983853,222.25475815699994,219.6409814978138,219.3866977447579,224.8185647854749,222.83424883569757,222.8901679215133,222.26718345522607,222.7548808497813,225.41812681491956,226.0306477342921,224.01142900326872,222.2052475617404,219.77342872948864,224.31501198144477,221.22629515149936,223.27677159480658,224.89110152807294,222.80181383551763,228.46054965203967,225.77630655584636,226.3232652817381,230.11429917348434,225.27129025341517,225.07215294973602,220.3094393669922,224.72306944634727,233.26205781418213,226.831318355114,230.3539351281828,227.54321339481524,229.97338571283885,232.20456681848145,226.05476312521668,226.79730791190977,224.9109235001306,226.90537052965394,234.1047920217614,227.52347772793345,227.7540768553092,225.82886429432602,232.4037885474345,233.41428717274312,235.42280916755362,237.83126718624465,232.02639720427246,233.47615877312535,232.34161317678203,234.0503127506975,230.5220709605896,229.10310573015994,228.64394965272646,226.403393299443,232.09434130412856,228.31366248866323
377,2018-01-22 16:37:56+00:00,235.1553225049868,238.66236195449383,239.90631765631403,235.05992575769622,231.7575528054572,231.72290807986434,231.32881156340883,225.74373120262044,225.87107974669735,221.6164023686641,222.532815068084,223.28129671202572,,,,,,,,,,,222.66470674468795,220.36807483192246,217.22728100075545,220.2918258800293,218.21667739727803,216.89799195265954,216.29139787075965,213.04154371437284,216.00133878709002,216.51231781771523,220.33516132808072,223.08241719771863,217.28054506529517,219.9936694500235,215.72181610963565,216.30069012082973,218.02291296170958,218.39277054844624,221.13981004046602,212.98640200336632,215.49825075234142,211.6164375205325,220.2367304164114,207.23391733158107,,,,,,,,,,,,222.10805959974653,227.7860811778629,226.46052548936132,231.0527330045583,226.859589813404,227.73603775848252,222.06806422204465,223.94523167658807,220.3533075728988,226.99082062464677,223.08861956399906,226.44146744879507,228.47184535868607,225.94329676346106,228.92505505852134,223.3262423302802,228.05344360857853,223.4273647154719,225.22135537120352,229.10743046120498,227.1670557977172,222.74174356939415,,,,,,
378,2018-02-07 16:37:40+00:00,,,,,,,,229.7284591775128,229.64947480111255,221.7557223826133,221.87707045357013,220.6779401452925,213.72716960837766,217.70882103550423,215.80213312938616,214.11922587207374,212.89935719470583,220.84623200687832,215.81518784586436,220.329015733785,218.79863236294568,221.22126724825424,218.23482697817127,218.44814151513657,216.39644981710535,217.40490631793085,215.42266295584514,215.42392554599977,211.78695783138386,212.46193855482477,,,,,,,,,,,,,217.02926497231442,217.7244747388097,218.88203104487096,218.13405260973155,217.43143806466225,220.33762480678055,218.15979752720284,220.66993091958457,219.82227443743443,215.9241357837893,217.92765387096213,221.4721637386686,223.31445935864312,220.7644597432071,222.27300435776664,223.13401655276664,224.46305232343076,225.5336863249254,223.08036986686398,224.7386576991365,221.4813642200021,224.1071007518901,223.56292158271944,,,,,,,,,,,225.23450488811773,225.0844772958934,225.24979330594854,227.97338181842423,224.78213275747694,223.39563376867002,219.2071015965262,222.0390447595935,220.9939345548405,219.31699412832666
379,2018-02-15 16:35:53+00:00,235.57014884146625,232.51919802458067,235.59334550695277,233.79272675091818,230.5576350104632,233.5336002413528,231.45590959805827,225.61886093460518,226.082093057786,224.40343567281943,222.35723452337547,221.24005994246517,217.17594584022095,216.86564492337664,215.17587016447825,217.85758511231836,216.6325073031075,216.89441236796827,218.66259665600342,215.44441176542622,218.81786258216093,220.98315731185573,221.36545959290112,221.25895532939128,215.0793787867421,214.63547849496072,210.13574855852113,209.14129025154097,214.9931134700963,213.37441643206282,215.10978568550428,217.51834138483673,216.51101195706943,218.78539892729017,212.84423004289036,215.35127155426576,218.31065648159537,217.43066972901028,223.10581685428102,216.14321178201422,218.31367578407284,215.88258640896456,214.53543625341635,215.80833238275238,212.5555875840637,212.8689691298666,210.77554816748847,213.10017006321723,217.9296399061579,216.32392984940608,221.72225582180363,215.4512692001189,222.3445395558884,223.59873184172082,222.58055545094632,226.65757793843923,220.75377997402515,223.19001404318217,223.8719999729222,225.17229543820017,230.13558215479776,226.52642215855477,229.8918566737893,225.19937452503683,227.54419943072625,228.12426602556633,227.28374719985754,228.8051894023321,226.83639598457435,233.309668028049,227.05750733148963,230.67412244302858,229.59993508333787,228.8100491281184,231.06476908169142,226.05213412033012,231.3878158150286,224.28991180121236,228.668543859135,225.27906296822704,228.50013650515496,224.67200641693591,225.2647721904094,225.65303337707303,223.84037669775458
380,2018-02-23 16:37:31+00:00,232.0996969137314,236.01870336104415,230.53977140752158,234.31601903966123,227.43795942274284,228.80189232909032,223.71217860650574,223.17689036793004,218.64405285892047,218.9061801915698,220.9453959650196,216.57733230984178,,,,,,,,,,,219.9834214759981,213.14941201523638,217.80580159391133,215.1754623315254,218.02084039933362,215.0530554408266,216.03922024621116,210.12080089885927,212.96484636621355,214.69484774830642,216.09183066545089,217.6397925412406,215.11607420003435,215.4812037662778,215.27142006360563,220.11849156793733,218.03304054647518,220.83254805969932,215.5538045082443,213.53229190732225,211.7873185088488,209.41101253952306,207.24611404013564,202.3223743784473,,,,,,,,,,,,223.10942573963607,224.93821190591177,226.1233341044529,220.27823884932363,223.88658710149213,215.04738039533729,218.4157531961021,216.73234482292466,221.99004669473916,225.10010411119407,224.48159409631248,227.1523734957233,220.84587646547328,219.6183551041271,220.8144316297093,219.6240060662648,220.93443499908005,219.90926721125246,221.46630767626564,216.73886386174243,223.384188988543,221.23418136684634,219.5714073702858,,,,,
381,2018-03-03 16:35:46+00:00,224.69244684520675,226.09564043939037,221.7548921794576,223.72410633856015,224.98853677436665,215.56293427619678,223.20440035007815,219.33198380472808,211.8640855887276,217.04542511867467,211.5731599179136,208.95505668444162,208.22742071943995,204.12948626294417,208.03443562085653,198.53221956527292,210.27109925245298,204.55141386658514,207.99583840765186,206.82973526978932,207.62260692913918,205.14150620488044,209.5345020193182,205.82724422530978,208.84338736077612,205.74754495715845,207.41797991992672,204.5313559469618,203.76315744527713,205.91688150028577,203.46142113773783,206.1737252412734,208.15049427519574,206.92307298058216,207.22960182480602,202.90101089129303,208.25439398419613,207.18783982142833,204.83529745276576,208.7460459665025,203.777172919796,205.70155704640365,206.76437075448706,204.9195570788754,207.1533192243832,205.040176937503,206.10687575870966,208.697939277518,206.7588254505511,209.42436438544,206.86973524424658,210.12796229565603,207.2850792302959,215.8327968902697,215.54974453819045,215.09974877940846,216.58757005041167,214.09992503249876,217.8923323651318,215.30795037836376,214.98382129792301,216.96334477964928,214.54924360380252,216.81043477442358,213.21108891095886,217.25984251385484,218.14276446408184,219.3016311883359,219.51667065097806,215.29599284446712,218.85521755770304,218.03711920303107,219.53760700848719,217.43823693046826,217.39896927802832,217.73885724003665,216.47909861393984,220.72081454778046,219.4667834135288,220.6142496602237,218.6352909732929,216.70312173217184,213.5984126536429,213.737172106004,214.38373980476123
382,2018-03-11 16:37:20+00:00,,,,,,,221.8065723890106,221.2753424858906,219.91438744309394,216.5329038727968,218.05608169118523,210.4931604316931,202.55439065053397,205.63848519579514,210.98109648275738,212.7681726512075,208.58688284296014,214.23935759852887,214.0414804486704,215.5674441586477,209.36917416241064,214.93972718720053,214.61267817204933,212.32598188368812,211.62470674113735,214.16847126899395,207.70048113586708,206.71421327374424,206.6987013229124,206.30706274649654,,,,,,,,,,,,215.30905015339792,213.29719586820934,211.97473957636822,215.31713892301298,208.42397215237898,212.6373877183609,210.5451943862841,213.59223472058963,213.44001019754793,211.5030410018299,215.1969188074126,217.26227415977445,216.9656692767842,215.29676298155238,216.09177107427317,218.54390258116135,216.20172228920697,213.6064702858263,212.59362114599918,217.07157506263638,221.62222786044424,222.47553460481225,214.86771836784058,,,,,,,,,,,,221.011917651098,219.85311976909716,221.6074831555443,218.6845163579444,222.14844366085055,219.83333289996824,215.794334750088,211.2994873923012,214.68305412424982,210.85217611000013
383,2018-03-27 16:37:07+00:00,227.7612324162994,229.82989146231614,224.83686033983798,232.36765855081435,223.36524024819317,228.51475830403774,224.23912906093813,224.29639977691957,219.6207482948988,220.5195615250452,217.54486047716503,214.2381606592283,210.4016930970073,209.6188670956743,207.8899166824706,210.7760051143792,208.51363935443658,212.8494230560996,209.83455498549057,213.05303712766252,209.84620585424642,208.49533580750634,,,,,,,,,,,217.3911677832037,214.27112368122513,214.72303640112807,207.21776199562365,215.22485872709817,210.92213643655356,215.78650560594207,210.84568971931878,213.71536838525864,208.61851811252097,213.94256157012586,209.1506506384001,206.17813628178624,208.25317291614,204.7316413275094,210.6803502140898,210.80312634074164,210.3816154285739,209.32318244767643,211.83511306529152,211.05024345038711,215.45697609468604,207.20328141333695,,,,,,,,,,,,,223.23609096044393,223.5908263354208,219.64306090125837,223.4743890472738,216.86583236484364,224.80334806196382,222.11418320036245,219.7984117872081,215.89979029826762,218.19160394090284,221.0471082690143,220.91244657204902,222.37642320564623,218.93149355754605,213.01731872590045,216.4572056350918,215.1123986123684,207.98871146998567
384,2018-04-04 16:35:30+00:00,208.47505048803436,209.7624727814999,208.66660148196726,198.26375161074543,203.91965194637393,202.4157457003719,196.95427125723808,204.97997082930624,197.7185541740532,194.88192601380936,190.25886861610812,188.35140729957524,189.9910919649734,187.3914071116782,190.35526284379142,189.35837055325288,188.7608137273842,189.02306585383107,187.5192123305964,190.524818198622,185.2970914151323,184.28539756121077,193.09459770656406,188.87890108854538,194.73087500963476,189.0640811871638,190.02705159230007,193.0012838666849,190.6120598193379,188.97636796925073,191.0338751397322,191.39136079828936,194.71338883704937,190.41690739929925,189.18254983960858,188.2284305069838,191.26727054723375,189.73704397116023,187.16606818673137,190.32739147532507,187.995731188016,185.3436235432476,190.33655906249848,185.2226492608659,190.63382622964056,187.86467300514792,184.3759297703451,190.52771115492905,188.89916240558958,189.02089021942305,189.86577227526098,188.98267314037625,191.74060480374408,190.0359604771377,192.77618777146128,193.80418657421376,196.52277997400046,198.41784836705656,195.10820836520926,196.79926799379612,197.4868800184178,198.94309535127417,202.98254719911557,196.46129254903335,202.38476744939456,200.27672083823109,205.10304164344433,204.12293776765225,204.4687804107025,204.6799634005957,200.98162808679234,203.36032286882488,202.26802690642347,203.90777621382526,203.9155887284791,201.29181533900336,207.24909444316083,203.9072296619252,206.82370394210895,202.0121142689794,203.57875479167828,196.82028718880207,197.238966679761,199.1487509464503,195.55034787053674
385,2018-04-12 16:36:52+00:00,216.57168945730157,216.9238783382276,213.8074463795651,215.00642564518847,215.89253427225873,,,,,,,,,,,195.2363234243656,202.97134745773207,199.4233956949716,197.12423058460027,188.53525647712704,194.1449541341202,198.83879194765024,190.67174816797348,196.4249785389853,198.94440005801323,204.272802011669,202.62466947471086,197.61951728465655,198.4362519505359,200.75026352336442,198.3879299713612,198.96898864389854,198.94961240404805,200.30665282461564,192.60166252903664,201.0937734831524,203.20114612007768,200.81682487356687,192.30508306152436,,,,,,,,,,,,201.55931778138654,205.1673976946122,200.9434238576645,204.4899525604232,202.16326526543952,205.0222243162649,204.03950215610828,207.3545121542613,207.8094099478094,203.67693934843072,207.1168178323333,208.4879518119597,209.649230952205,202.69437739034407,207.91860600005202,202.71618290222278,210.9167836495142,206.76449537193594,204.54190310960698,207.67771368661673,205.40382137709136,207.0162590928406,192.32345552066303,,,,,,,,,,,,204.7241993051231
386,2018-04-20 16:35:20+00:00,214.6800631439991,215.43182082646663,214.0525250685654,214.46903823397827,211.756027639531,212.57210543306618,206.99023434871845,208.72442441004398,210.22392790341684,204.68682703133305,198.18943270172957,197.94657773785195,195.52905451153546,198.0358442731191,196.61899046696323,194.42822409650094,195.85154269502146,195.6826376804981,197.40469722660538,189.50155786258077,198.11692430208097,196.26630291477002,192.20039799642583,196.20716500644602,195.53413961967902,198.70581889749883,195.9656401055505,195.96710735165945,198.3551569365283,195.29676155025174,196.80132860327407,199.47383608398056,198.18282244735957,200.5808664612496,196.29562037064653,195.58245858519578,199.88552882783972,196.56733558405196,201.15104800060908,198.06101171524773,199.00604929733356,196.97251181798774,193.7542589957411,196.9748697736731,193.21813246159513,195.52216747016226,198.57138713653637,197.06751669341003,195.96229128680787,194.7232342309131,195.39097097768035,200.01919262848156,197.1452423957635,200.79235257567223,201.05584266746752,199.9887314324549,201.8685086508164,201.3921129412452,205.3747053720507,202.84962627268837,202.32087721656535,206.30929353983294,203.7080407944525,204.0345535020437,203.24987907202734,209.11665328023324,211.400506250681,209.30682244004134,215.18096945528947,213.00599653537634,213.78892222254294,208.61807490826948,213.14984879590273,212.2036104059869,213.15761026721106,213.87583968989418,212.9342607911591,215.44147768532432,209.9832490505182,212.26870622251462,206.85234961124686,204.950956200397,207.88431807959864,204.8496432007197,205.27548159985284
387,2018-04-28 16:36:35+00:00,,,,,,,,,,,206.11143061077846,200.87389512309946,197.95492930754705,194.59184127148995,200.1421978305261,196.14919685431022,198.08998676597966,192.83023052373866,200.12856584278668,194.60715759286396,199.21281433522694,205.49795055842816,197.10148374422974,200.84450105551582,204.00447021575687,200.13010984848543,201.40409052498498,193.7304491908164,198.91921584106922,192.7801613690473,201.90679103527717,191.59936080333864,203.12900226203354,193.18065023888002,,,,,,,,,,,,198.4514724720856,201.247845987427,198.6879159296846,206.62240977419927,199.42486437378125,201.81936041599099,201.6981070899028,204.3458078867267,202.80478044206714,201.80375680654728,200.8858729235827,204.06432030753612,206.79355887181018,206.60124025452427,208.02297799189708,199.75803039968528,204.2952215372463,206.48927505636786,196.9515978523659,207.70319942660902,205.82085188763847,211.94724161427777,184.0551931051405,,,,,,,,,,,,207.50355949658353,206.26854849196508,202.65790716143934,200.8481340688236,203.4079944715391,200.02884995452055
388,2018-05-14 16:36:18+00:00,,,,209.7946541792678,203.24514678615418,203.43740199680667,200.82955122131037,197.15946889424825,193.25137144528895,199.54014898834444,198.24605804530552,,188.79911695184254,187.7650082051984,194.22818294297284,193.66147535849424,190.31061502177994,185.02216353317405,184.82390594585175,185.18146882681435,188.605573552598,189.52959355222384,187.29537876648726,193.81093346608623,195.42303130244497,191.67787459374642,188.8768429420979,,,,,,,,,,,,196.7748522674646,190.77851544642954,194.7716473924546,187.6761934275508,196.78999335152548,189.0824590038497,191.76555183900254,187.49269177621034,188.25298947524706,190.46019479845603,193.61969810865673,193.53839178012794,188.66904644162278,192.13161521253724,194.72687888372843,197.79468906278376,191.18838979480321,195.6711158244114,194.92163172210888,194.97940399586872,199.12060736541932,198.7487975718607,201.4856377266015,,,,,,,,,,,,206.168493170113,208.40525550343392,207.2702200407493,204.55283093803126,203.3794577026987,202.5662416949041,202.5833542185952,199.39830609975084,198.43546657173536,193.2948154727352,199.1722470945659,197.41647718348963,194.12115835343144
389,2018-05-22 16:35:00+00:00,173.3290052531966,177.41533076572398,171.90081417667054,174.05938569338971,176.0875559916863,169.6577393989156,168.48164420848366,168.94454230482555,162.76428165155284,169.3781005100854,161.74968229692718,159.52436720184295,,156.9760596649711,156.31137365703748,156.0610608039832,163.38726515037024,162.17685022690603,162.76982052396113,163.74126324191147,159.0875979827422,165.02851473002383,157.6240445436252,156.99377095521274,170.3866943863826,164.90479756581084,161.81258623727928,162.09512150336477,165.09759290996286,151.77992236729682,161.87536938548527,170.21658079071628,167.49922360408553,163.5935792495282,168.10070523764546,164.63549384454947,168.1172182158434,159.51211575526838,168.1307731613955,169.39977282650787,163.71372563082568,173.21972188256092,171.19122090171945,167.15773291138143,170.7031826457272,165.73921227328918,171.83842490727346,168.48827900474362,170.01132927021416,167.89226389838058,164.90075090176865,171.91904059368957,170.40182735854327,173.20787513342918,174.66985453232178,173.83063408330784,177.06286021905942,174.89322336848036,172.75602019296502,175.0831713160863,172.81456757117536,171.49733824210762,171.14725173533304,176.492013145548,176.4651824515109,176.08021720914164,176.73239991766505,164.47520879876245,171.45394470529968,174.46519739515188,163.10778709190828,131.29491393578337,,169.56013545552167,173.14538433613905,161.60224659524522,167.6317764714351,167.36070294536094,175.89536941994504,171.1774609217211,169.02883667313364,163.7300692838832,166.65683682790947,167.5058146863771,165.17457522435484
390,2018-07-25 16:35:19+00:00,179.03646485714586,178.19649374487815,167.25908466961735,173.96161238888172,178.75082481360505,172.08523931333693,169.89660441291016,164.56263421875752,166.49513405816225,166.46020820531004,160.2418588207202,159.2789632814839,157.44030403168168,159.75766591788297,155.21117592118534,157.76605065456937,164.91659218004838,162.75959052815756,161.5810210407633,164.53899038177875,160.1554895307973,170.453012406747,166.69402467130243,157.14002619073233,158.6915574668005,162.38992445624933,164.348530036968,163.43480993963783,166.93256871246635,165.43428836315434,162.5345108084257,165.94385263559093,163.5481477942405,167.74643020574715,170.0622582849911,167.8502867091082,169.91795956912364,166.95544913367647,166.84218775390045,169.69144965394847,167.484068916603,166.64426047411882,163.75904584261406,165.71957960460054,163.9732676358738,166.46753781716254,172.28925847599908,169.36359403488365,169.71237632894625,170.20845783943187,174.77977752081622,175.4118970863234,174.76962829186408,177.67398882002988,176.58033736677658,175.9640508524557,174.03642854450112,172.17050467744806,174.69121512775425,174.47556325620945,179.81552004266666,177.1914275253715,177.23343516830516,181.28738372602805,177.210990129858,175.1050397804961,177.16754027110758,181.02505454473484,174.06980741294217,177.71109489995936,170.86531467588202,170.72732710715235,173.24682110791744,173.93038930585635,178.8626790691296,170.6328651261895,173.9563984577578,170.9104685694875,172.75686336711513,173.47305124232207,172.45083570251217,174.48010034804278,170.40339916718318,177.29906072330104,173.04947049377574
391,2018-08-18 16:34:35+00:00,187.35413167338112,186.33662767004154,192.73607598396845,196.70169567721553,192.24000738159262,183.88306653280628,181.83032812633076,185.69941098690532,184.3282981847876,180.49108956406565,177.2003126206174,177.28529833848899,174.97010101790428,,,,,,,,,,,,184.33095411132126,187.63209640258933,182.90225321073183,187.8210966207462,181.8142250485897,185.3449448333752,177.10721737942123,185.39673328336912,186.08561863017445,185.48435352571502,183.66491211208105,191.5710466623297,184.97265478027026,189.16848152235877,191.6940299348573,186.68457171926573,184.0234745694829,181.18959029550012,181.85017988696936,184.80668638349877,183.82810838440287,177.99269364519782,181.94356648189586,,,,,,,,,,,,,196.90767844819214,195.2538368601486,193.0044576567024,202.27286997992624,193.74847949921377,195.53966538677687,192.93111856327567,199.73939814057113,196.23293047716484,189.47375626366215,189.46017555816047,192.27846266402378,192.23466248291786,189.8179390700889,197.31257938075368,188.92398553462644,184.71100521086743,186.22450595872166,191.69726822867975,185.84677425563166,186.29223702984038,187.66531821880204,,,,
392,2018-08-26 16:35:36+00:00,174.27218031233608,177.34566790787406,174.68860682292936,189.52111764751987,187.85284263852412,178.0793592349524,171.77581169417653,164.7709044773108,178.04995741644865,175.68798832411773,168.3430866611423,165.59816385020423,163.5944536448242,164.88694817085252,167.19180789919557,162.99410868586065,177.58039396743968,171.4673514531009,168.8244689516955,171.29508257865334,173.01052365979447,172.9221415375947,175.50763454232728,171.8816097607864,174.66181024360736,172.7485658625385,170.7987073788687,179.15722293135175,174.67936749040354,174.476792530825,167.7115716434577,175.6862942687203,180.6599769964983,180.65987425730583,176.66707353558334,173.35324894131367,174.10614080257557,169.88674845636694,181.94396645639728,185.0612906559355,171.30528132847436,171.44687487177106,172.3974947304382,168.1012026979293,187.5797046738197,169.78167173683065,173.4911927559449,181.84124038158137,173.64421764654122,179.5811906322615,172.44620399527423,173.50228122772847,178.16140937457413,179.3781781406528,187.89450619544067,177.74227150241134,198.2238549689079,182.3172030233922,195.8945903203338,189.42370006110482,189.96365442625293,189.63440838753237,183.77063978685428,196.2862262946597,181.72398654990636,184.50081496487135,192.25391939408237,193.1362169377826,185.96576119142276,176.97274301830456,189.63804431759243,180.04518316334477,180.99533432287987,195.36958853036242,186.2633815066366,184.0209386890598,180.43831770609893,188.61444865205496,182.80736551732582,182.3496990833423,176.77641966978968,185.25953975702427,189.1356533386634,175.7917333488089,179.73631623411677
393,2018-09-03 16:34:15+00:00,175.38006197330478,163.81419358484985,174.39669984289847,187.1348362335045,188.2188884487705,188.59817057647766,171.76070386298792,163.0223392563452,170.11215955076247,169.78579726949604,173.90952390712437,163.25631481913888,162.54151246056045,167.10516695798222,163.2305760588632,164.05274410460424,178.3498331736223,167.0011449750058,,,,,,,,,,,,176.11018915567192,177.03100898251324,173.25782304026103,180.1444023154291,185.25940349200008,177.72976154125067,175.57036303194533,176.91550689003415,172.715370335607,181.97894894570928,182.22670643765392,177.5619998589215,172.86909619428042,161.4864843740232,171.27873245244993,186.13972738445239,172.69940451707242,172.64100302008796,182.54557014258125,182.4703252854084,174.72743411974488,175.33583562927137,167.16903354590568,,,,,,,,,,,,192.22251335031797,183.74101640249634,182.53691251937494,183.98017575602645,189.75552540343577,183.275433940901,179.39098603014347,176.848657369653,184.3978066559294,175.84622183837016,188.9271009582132,184.8805945400584,180.57938166252487,177.82638375796418,180.4302103692891,179.55372290243565,178.91676184819306,175.7978432626862,185.5028798397448,178.3613762147173,181.34822303676518,172.96642057151573
394,2018-09-11 16:35:41+00:00,,,,,,,,,,,,,,,,,168.44302174433352,169.79107533371757,154.9046342020161,166.0224109565399,168.70613443697107,167.36708710777643,167.56246324719692,167.19370268134637,171.90176104206884,170.02592536327603,165.2057164578591,170.68971681571853,175.3524471099667,163.4321889709421,172.65324084654128,171.54122291156068,175.15812692705907,176.31379731296363,170.099745559039,168.45070215478924,174.96884176373055,162.54308501619377,179.1412146427286,170.2403765396052,171.00032948947847,168.27535666724444,160.71555442514162,172.7860165730455,177.12233179893389,171.6154271089584,169.25680156585042,173.86934502364738,165.93227338997931,176.53534339034428,182.015008633486,172.46220735962115,185.17857631944315,182.317192176906,181.76542185990797,180.52685781395792,185.86815744124803,185.3711652313154,183.14841087361827,189.01618637803074,181.35431790705547,187.74025934644433,181.04954176057785,183.6466582830085,188.79956102862712,178.37997498270735,186.67496413484946,179.91306142294155,179.68813487778917,185.82281115709205,176.4893133738171,186.56755055775378,180.6864738600149,182.23314339341283,181.1156600294726,172.20077601375925,181.94337875482597,172.63214862568108,184.6227813839465,180.86475361023457,182.5819803419203,179.04970019075785,176.43850682496787,178.07354312854386,178.71192288556205
395,2018-09-27 16:35:47+00:00,184.10522788020972,168.25839743480685,182.72860558146286,190.94925113718259,186.8290457641042,170.7661888370492,184.3765340677687,177.78200366464353,170.06111107913497,177.90849624237657,178.98984222555353,179.54646993910396,159.34791395978033,179.5554075206809,162.24734918481545,158.23799933175007,180.66684771571738,169.6381584818353,163.5607031918431,177.14311985795982,170.47250052131216,179.64374608885,161.8302400270607,171.96750242722695,186.44972975796492,178.4811546690598,170.99714559046205,170.0754083719005,174.20807092840752,176.32980847477185,162.42085882865126,183.0145977029861,185.9936387942691,171.9562997596396,179.4139095812478,180.0279960974934,174.06494334333846,177.59743564863024,181.71011310486043,180.3423440357158,178.8246533212535,164.80931533399527,173.67870185607055,186.58698514355194,189.87257615785592,173.3599558595044,180.36991510830185,180.2827114710678,172.1845894728994,177.29581202411075,172.8644971095505,183.19804562362935,188.9079203531234,184.6315625870547,186.89183570644005,179.1621281554296,195.28508301523786,178.58290727728968,193.5421070004808,197.45366574527836,193.9626732182946,190.89621266927222,181.73504453435237,189.65240695088315,192.64792096971743,187.8527692212189,183.345616355979,185.05375330233227,186.49167624060988,184.5976305151594,184.29880239967872,186.8015520580536,193.53819893301628,191.8085564796987,184.4696954402323,190.1193449883156,182.08762529652182,187.66484356587503,177.08070913211054,191.46352241339022,182.47397152890332,180.66052238977272,182.53113247651376,173.85649975712832,182.3834375219362
396,2018-10-13 16:35:54+00:00,189.7664502189632,170.56914711131,186.68091829442926,184.05491147676162,186.61683545563807,179.531681855094,181.11242749005572,184.8162611923786,165.6145965326359,180.07650489261513,179.9930703646352,176.26397535571505,174.20571996238414,164.06282266165434,167.5959717796119,160.4241783654199,175.81066775472894,171.96671966836473,170.9059210566664,170.77600743114388,176.10229809170713,180.77450257477025,170.7792557587848,175.51740423042773,185.77250891237964,178.69861749530955,177.17629594740404,181.44932161512168,172.83212784790197,176.28817083436635,182.53082059034617,181.71816902023534,186.52709208965243,176.0074289344978,178.6310158775756,178.88412687559105,181.00151678323053,177.03038840792067,178.1233316256624,181.47532774503824,183.7668613480819,178.5484683686276,178.40218223341773,180.0180199157055,184.65439574855512,186.22194985575544,179.51122906312713,184.80638652488642,178.524680166489,184.94524893721888,173.4127243711658,178.03272543598584,187.67751807179317,179.9089127856927,186.78136802288867,187.58169375157996,184.18300796678477,190.48332163481652,186.65171121886468,190.30335761134074,189.2114247162717,188.4344423652112,191.78266727133393,179.54895624269483,187.9340229177677,189.3746797959737,187.51994913702413,187.12043312553521,187.03976583220978,186.4892564431582,187.13779949998323,191.0471678040854,187.41743452481373,191.0627709852872,188.99497943721843,186.25531142267926,189.13047801530564,189.69113513364115,189.7713584895018,183.8685325623795,189.3295421928082,187.09839782770342,187.11531926810412,181.2709383699537,184.3402742088463
397,2018-10-21 16:33:08+00:00,,,,176.00575704236962,,,,,156.46767463000117,164.00303373951877,169.319726956294,159.04777486604752,153.79760171224672,,,,,,,,,,,,175.58305500786153,168.01508548628684,165.88924335234148,172.2070583564376,169.81539531672308,173.62406397074517,167.3243563524793,,,,167.17972359308058,165.19243221154173,162.78723263963673,171.91213155647816,,,,153.02360725372782,172.51403988881407,174.58324472579804,180.24922651530946,169.67546018031507,176.00819360890702,171.4260720245662,,,,,,,,,,,,181.71542814840245,181.4288337730772,,,179.78336005377733,183.73252994928077,180.66062389513706,177.24854318352897,,,,,,,,,,,,,,,,,,
398,2018-10-29 16:35:59+00:00,163.3977119303388,181.3145758498851,191.92975358943093,191.25063491060678,185.03017651311546,185.01121145367483,177.4802404212829,162.3406266887322,178.06188413291557,181.2475576400286,180.60764522599487,172.691893050827,175.17790050750486,159.33049631950428,168.2448697161214,169.31429513527365,172.1849092741495,175.36306770466433,169.65818178188556,174.20455408097655,176.92506527885948,178.55363625123476,180.11127168179775,184.70639139734055,182.09008227065317,180.47327628341003,179.50943456391587,169.6641298998905,182.18179521202282,183.31265447926478,178.33093290289548,184.87783609052778,178.49196204874164,184.63979102157296,177.8390808572756,173.13200800046056,181.9827591187542,181.11303495088237,182.78551771469367,177.87647400605462,172.18527992877773,180.40338639618722,180.337327965994,186.95810405100445,179.16378040418255,183.0338175234731,180.7335679856782,182.41511683350504,185.61434919326132,183.3481239790613,182.04879196908723,182.69459770487828,184.79669156831628,190.74451008183178,188.445117637121,181.8853519194073,186.90507730104105,190.09718091605606,193.38652550035363,190.2191034728067,189.30799724251955,193.92548191202178,181.35623314713308,193.34322933958458,190.60472226730724,188.26040482244053,184.47488305344837,184.2953405482992,187.68009844823214,187.91684413287294,187.1141518984482,189.56613042442746,184.09608678911007,188.2275757144206,184.54201029332802,185.77375915939865,186.91638326822215,187.36402555514903,186.29889565511635,188.59638167586755,190.51106514247067,184.50625795555948,187.5751134170734,183.7493579022123,181.06076261130067
399,2018-11-14 16:36:01+00:00,186.4085597647898,198.3195546523449,205.758508193712,204.71880245835507,201.04502881642057,195.7317577140735,189.01319652299182,172.722293446215,192.75918195470436,194.38693830847086,189.4347153541015,181.25917823152037,186.15619111645321,170.58213599275018,183.06140478102014,190.91001153494955,182.6979881041062,189.36406598373566,189.52072709135732,184.06895448854843,188.29703803646782,192.88333867333597,193.23163485921194,198.26355780552922,193.07020521150534,190.45549077577067,183.58987302893817,182.99451685643382,195.46217677853247,191.28314579544028,191.90667715679317,192.37832294905127,195.6495863602786,197.7509870250293,190.069074860332,192.43275457217575,192.5930695479905,195.28581293364147,197.76744476301184,195.03654589128033,187.4367695320022,192.2664388976166,194.82036233144083,199.48876120858765,192.3702737331123,195.57950780253765,191.06200833961157,196.02961157827846,196.95147790565704,194.06461635154633,197.2229582052562,197.27119914383096,197.81867281464685,201.6998429235383,196.51313592675592,201.24667820287937,198.8536609095137,198.69948697391345,201.43704831537258,198.28878676894766,204.27756668133924,198.2182771458382,196.49446830242945,199.29903285571575,199.36639783915314,200.56769302011304,197.13072532123752,199.64254247262997,199.3512064434773,199.98679806438534,196.73285710122323,198.84344145577273,199.6222408707493,200.47398251620433,197.97801552733213,200.19985471252264,200.81547185188586,201.48348264840854,200.97501542871777,198.8551864999607,201.99381710093863,196.830300349454,199.07787365444028,195.3100847166033,196.76872051175062
400,2018-11-22 16:32:24+00:00,201.55631175432967,206.91967027664097,206.28456199262737,207.0139088556533,203.7225205902309,205.5602535334746,197.03301619445566,185.86973007268588,197.36574475894062,200.28549037092108,190.4389565404603,192.98615297006916,190.29599780499473,173.95137852862928,197.73297918568002,186.85527101016933,200.5837770156119,187.13774228974708,198.6412525184759,,,,,,,,,,200.38860352966904,201.62286631122572,196.51307454314252,201.9500943620555,202.82367952941325,200.44166984651827,199.4476910236165,199.4169780249729,200.3206970651102,198.16970836085008,200.13891598245598,196.89364796791932,201.99762864293245,202.7279054844025,199.66161721122157,201.4500746959261,201.8984368726043,195.18896813377037,199.03467704396243,200.69723934703583,200.28480046542967,199.2317961284365,203.46502486240863,198.52829679735655,199.28944080700035,,,,,,,,,,,211.76251435925516,208.73385449902207,208.8479987902227,206.53060703650198,208.9723975004484,207.2063146163231,210.01021954987138,207.68948225689374,208.74373236261195,203.39295759174883,205.21433148309472,204.30589537844773,205.08809096844067,201.5075300637541,206.30765060611316,205.3507070913698,202.5901755404329,205.48696348492308,198.70927712665176,205.48398988218955,199.09940230689165,199.77376528935946
401,2018-12-08 16:31:59+00:00,201.91119059667972,208.9512861013573,202.1929021631105,201.43952122711647,199.979835972231,202.72215366611948,199.90575461587528,191.69317710159737,196.86918906866111,197.85855156148926,201.46220706222533,188.33574633289163,196.4991583962011,189.4093272721263,196.69627468190117,191.66764535375614,192.60627170731019,194.379973780311,192.06429687494034,196.91306015435026,193.7148531868379,198.0208716795326,197.11643619697705,,,,,,,,,,,199.78166752545127,197.3663430635029,201.4543184610386,199.68516357127993,197.28044700127407,197.81021016482504,201.89363215717444,201.40473152205846,201.0991004608362,199.50881370659573,197.31200988755495,204.18655046836648,200.08654859650926,198.425385589548,202.4698516456136,199.09503933313272,202.8899280901917,200.83598907775524,197.8057176370466,201.0755388653942,201.4838641196538,202.07216750243344,200.7927641065861,202.1310213029757,,,,,,,,,,,,211.73009882595125,204.49200489542062,208.19795944790985,205.29277457885343,205.7716173278821,209.63808341704947,204.63262086310476,207.1136964370287,202.17026795623875,206.45156084184563,201.169413823894,208.31880529857486,200.80149929122922,206.84232549672967,203.98322855997117,197.03438391238035,201.87022840067038
402,2018-12-16 16:35:57+00:00,207.16813298721874,208.96130374148416,210.34553725157704,210.8861104291809,204.08043193463115,211.03757675338304,209.88603528441288,202.56238285610667,202.1985278056117,198.4094230950789,203.55949864914425,190.4217238534974,198.79189190061456,196.20330155789557,195.36299540777787,199.68490501611228,194.72537873803097,196.05815562957983,197.16391874254228,196.67283132504141,195.60757732730437,202.18807617548262,200.18064552796227,201.9966253272064,199.37199426142857,200.37435589354655,198.01177802579414,201.038999801428,197.063277647364,195.80666740239462,200.29973472609075,198.92970371338666,198.18607957055556,200.7697218786614,194.75472580599475,199.58612657392356,195.61167181298856,201.96415948231262,203.1317388573651,200.6800676810754,204.23646810469228,200.1209845580706,196.16409973521147,196.43707294993706,196.73843953493494,195.8208433357248,195.4688907838598,197.70788386201733,202.04918907350748,201.47820914577076,206.307421181355,201.3244032057256,201.2304976612477,207.8277194521905,201.57497986746597,210.09948175118512,206.34911881294215,205.78296335403908,204.17573253237285,212.0507003488745,211.16443644497127,209.10962627204145,211.6578181272363,206.89390831678068,206.8343611651529,206.60423899826267,207.6943843694474,211.82279536433512,208.88740227419285,212.89540914557045,207.2392572645263,207.73278753876312,204.3197344354268,206.01895717348373,207.54763888670792,204.882138058114,207.66524923261716,201.91597462078244,208.8957921887646,201.5890702450318,207.53082276442618,207.77820836508624,203.6813530344456,204.6251831455089,203.33636365226533
403,2018-12-24 16:31:32+00:00,212.27972505918444,,,,,,,,,,,200.74634000176718,205.0998022184159,198.2219774818367,204.4112580411998,202.23344789547414,203.79155996320662,203.49394421874595,200.16242034496085,205.30433479510634,198.99473404727684,207.79460638549162,205.16059374528342,204.98650652632773,208.11636823659703,208.4199148708878,213.0745196711291,210.87129392496044,206.0149250668885,204.60421510645085,206.3521202935755,207.93773770383103,201.58913888039308,207.71156756492815,203.72693059740345,,,,,,,,,,,,207.40293150664525,208.38373237953445,207.141976111044,209.84082156164038,211.47551639261994,209.69540693899623,210.8467952155321,210.10982904165758,208.81584528302926,210.04899939879908,211.55584655654295,211.2686235516543,215.03944740558097,213.84875002580867,215.62319120281228,213.48993470144086,219.76906444867382,214.80550715382435,210.0397052857043,214.67072389151738,209.47518463384392,212.0343780906967,206.40615454947198,,,,,,,,,,,213.38232017644737,212.43959399611867,210.66817671660513,208.75715395988817,211.27531966710575,205.5661837640686
404,2019-01-01 16:35:57+00:00,208.39363953224935,206.38122740914528,206.72894082812454,210.98394474360262,205.85204482966577,204.2774688101276,200.91997234529123,201.44723004264412,200.55974658682038,195.07699780183887,196.4811448347566,197.26707530153715,191.44594900598094,196.281808973979,190.14718633670938,193.65727529153472,192.21089754235257,194.59353627137938,196.27887402565128,193.3494597805458,197.89952943737802,197.9723849320152,195.74847034641562,199.17860460482993,193.19962824104428,195.5336051725173,192.47914472555712,192.48302384909698,196.184566620759,193.54776928635488,195.69565005267535,197.8851444696119,194.64205952800987,196.0238088580317,193.47694366538107,194.50357970848134,195.23432641776816,194.73881521078212,200.8349163132729,197.86996539872345,199.0561659994909,195.9195338948971,191.55296813265065,198.53721470298862,193.3086180730455,197.20123134974207,193.78526544180755,196.2387656932279,201.96505006900583,197.74503479258266,200.51717204263144,196.41923060566293,200.00429147359623,201.30329330627822,199.0948276190934,203.62834093747287,201.97330622673448,207.14512551045343,204.9813098245264,206.5163389656341,208.3416042021117,205.36217556008768,210.8509509709109,205.5780829476511,209.13758877012958,207.35062574212444,206.64899358296523,211.20254606261423,207.88526960550033,211.27950883770538,206.1310748629073,208.79259838174332,204.8711479850775,207.45770671858438,206.68088548332503,207.6479963214176,208.14366275592846,205.11924133204383,208.37234672509135,204.5678115205661,206.21475969831084,202.8736104162965,204.91453089835824,204.34991123078404,199.3759269045042
405,2019-01-25 16:30:31+00:00,232.60350432588285,235.29693420066866,231.61675580943194,228.8252592585661,226.9629134258577,224.7780517620415,,,,,,,,,,219.069605995684,220.71801535349422,220.39398416831116,220.4596225430809,220.98054073089293,221.43788940289204,225.76350926895134,226.28440800548543,222.87051399968757,222.39817045508354,220.3970667757228,219.78747624476463,220.78835345929375,222.93938947299125,223.20249832017575,218.43561324415722,225.75430159959288,222.59136836509373,221.23154882524904,218.1117954706126,220.10544302622895,221.0077140791526,220.86961761759002,224.07726026585073,220.4130291341712,,,,,,,,,,,223.08510151009907,220.98051828072622,222.5281158927546,224.88635774299482,225.44943110739177,223.72641896680665,225.9373221989634,227.78800982019746,228.72146595859726,227.1949057643027,228.94038959301002,228.25193091085256,228.47300251696765,226.79726241697014,226.63521540660355,229.64250911707086,229.98750526943567,231.1549960406078,227.7899336665555,230.17869138627748,226.69105365370507,229.21591197136803,226.96946003696453,229.3473853173849,,,,,,,,,,,222.0056466046873
406,2019-02-02 16:35:51+00:00,223.7796925619778,224.9232527200378,221.67999705206142,222.30142955809063,218.20614572924288,217.74725570015053,219.7425116076955,217.28244905219773,216.66395313928544,211.04744837180678,208.11013148065823,206.65733587227524,207.3184371015765,209.02136322354576,206.52625112979928,203.8582051326613,202.5772569118532,206.3400348556688,208.38110560565616,207.81092183487326,208.42694427167362,213.16629738742859,211.47611895960327,212.03672268228758,209.05643312314325,209.5654792348399,206.58068869860622,206.166751622497,211.82902364990755,209.40958932765906,207.8464895962972,208.84871491830947,207.4462960333025,208.06435312294775,207.166583456381,205.18196098141905,209.7034202808036,212.49927582475405,216.03703286093273,215.34752172132806,212.85305297361018,210.32127667327583,211.37377457792374,210.1161894674553,208.5288302284288,212.40285119260852,208.26859966993527,211.08435789153936,207.2432991711207,209.38593518602474,212.9063469401638,208.66385463032887,217.16665809210943,212.2097055290846,216.75165727942195,216.85019012396884,216.31339790360497,221.07095503182794,218.045339819498,222.51314565335028,220.70947911920518,222.13405631465363,220.57823456845702,216.8958250201475,218.76878632016135,217.90319878771007,222.00182315213405,217.6369226876497,219.1008048686099,217.1792216324111,219.37605391671102,218.3023177507651,215.599079700167,219.48387051143078,218.9018629407341,218.13503074381052,215.91926199950825,216.9848623382297,218.11060874274406,219.6786048736754,222.02409528842708,217.31960292969748,214.9569738770101,215.34003238685298,212.39835812157074
407,2019-02-10 16:30:02+00:00,229.65583169473396,227.93512370926442,225.45202148211055,225.83916524772457,217.63668442559074,219.40890253959424,219.52083094258003,216.34545786192567,215.69693966117413,212.23488996062656,215.3839850249139,205.7290764124796,210.97922414464088,,,,,,,,,,,213.91628631625377,213.31555419816158,212.28076349153858,210.4714723419717,213.17190231566997,212.88583657659467,211.07051940350578,211.17001707357807,211.7406241690892,204.92692226980432,200.7723533587089,204.0499434096769,209.17787379454185,210.05150581372882,214.52981671231632,212.57632873848937,213.4815065672062,211.23662676374295,210.0976184176868,210.39811470125602,210.3980139004624,205.96619292591615,202.97743956141107,194.8856933056658,,,,,,,,,,,,214.5429763643683,219.95755862771927,217.95005116121348,220.3419019971291,220.03664091007295,219.9305184355141,215.76359709096334,212.36425427736722,214.9210251548283,214.81980362652104,221.6910463637409,223.5933341355392,219.62161978106764,217.9743405324052,215.81387277561413,215.58647780152413,215.21641086765806,217.45264002632905,217.95199161098986,216.93064249885902,217.3285427525655,218.7318950794017,,,,,
408,2019-02-18 16:35:48+00:00,229.93577862218484,231.06016623279652,229.16105287536197,227.5721597869834,223.849732941055,223.02788733576338,225.0122632246465,220.99810873573108,223.25391828603418,216.675632149665,219.18681693668893,215.3474600722547,212.81923171688197,217.4312572913208,216.43573634625352,216.282835409061,213.21834907696368,213.597297190587,217.9987419717528,217.94725868471073,216.28211301286956,219.50503084030353,215.5817694238285,217.4529189143479,213.0549394194424,210.93256316050278,213.72957703775643,214.48667242687821,213.63026502629035,210.05923775785277,208.664275975742,212.57479720440503,211.025623150251,212.41046568660457,213.9356462012439,211.21823383288398,214.50099115575063,212.86771463554237,212.23118719026002,216.34706338250106,212.35193730471397,215.51160049904948,215.75788277399343,214.74395977198628,215.853494059342,213.15507399659512,210.4433752793405,213.9442759321515,216.84883336239128,214.55064634587595,216.144634194742,217.28326614874604,219.95784781405848,219.31440080955122,218.79071348096718,222.06259577199825,220.62566196263742,226.6352253504904,219.60016046016085,220.6713321414616,221.60646350504183,224.73935620575372,224.80821931483348,221.53654955852886,233.5374995840805,,,,,,,,,,,,,,,,,,,,
409,2019-02-26 16:29:33+00:00,234.38219798225384,230.43602863818165,230.01535097641545,231.80891339284577,227.1625361301407,229.09174118928672,226.11077372382744,225.3112062692997,220.84414499134462,219.5976924684824,219.7031570519193,216.58258824599085,216.6508313932556,222.13621455006287,218.77732016983802,,,,,,,,,,,219.4707303952153,217.14964631686973,222.1724078991507,216.87343359434,219.3561132251217,216.8268901433625,219.09488800720968,216.05940144521267,221.44945235217577,217.616032826682,221.98897059024597,223.18694928182882,219.4056139393921,214.1454464418835,219.09395205203924,216.20961245924457,213.51299922329125,209.47678765737527,216.9999423931002,212.2047705476125,216.83557288688738,214.16276383272503,216.84651847510293,207.1726790643928,,,,,,,,,,,,225.06751014873123,227.650968018818,224.02753060962598,223.9089349274075,225.88817004113665,224.98909328279552,225.45146539757394,220.53425745936678,223.2121128650119,220.4336852766645,226.21203101684773,223.46264074904695,222.4378934955755,222.44687697394104,219.7208181991929,221.96486790338818,217.14184989978932,226.13018183803652,219.82911756625717,221.8543093643068,224.68461995299486,219.66391751453392,225.72398337959208,,
410,2019-03-06 16:35:44+00:00,239.09125419743825,240.12329015972,236.9612987516148,234.74003705062975,236.02768109564366,232.05517824308325,232.1519653297698,231.41839231918453,229.86711803698432,232.80193934666332,224.4193075841366,222.87121569997723,225.7233653922648,225.8740217705079,228.65699107002078,222.84404079087108,222.5409322630044,224.57057653976221,223.59184283696408,228.48592842543053,223.3654170518485,223.27941585506352,227.8279843243794,224.71267925902976,225.29640006323365,221.2521501866077,221.01098383285688,223.60484935799855,220.8277735906055,223.12195552746223,221.52296493757498,219.98337073322935,219.89495642122296,216.33911183820533,221.57283744755293,221.11151879705395,220.72176287335208,221.1574490979407,219.0160298290215,223.89493089402174,223.51086785880133,221.7182210463906,220.6414166258122,219.13022597429722,223.78658493298116,219.051977542015,219.52716463920356,219.80706356948008,218.63179933908987,220.8168838727869,220.86408057452786,223.937675499106,222.98090467551668,225.55326562293652,224.59546199838525,225.1010666082829,225.27551356680547,225.65630221622735,229.46650454131517,227.42211411987904,230.02491564829265,229.60076981207456,227.61881768206933,230.74399160623048,226.31041090399464,227.15120833585462,227.38113930224043,227.6097175740779,225.1850461838308,224.5182522972381,225.34428027834784,224.75551828950123,228.0296285663198,226.62511205937756,224.69266378305832,226.89063206408707,226.35067278669425,229.49800491999085,224.69530736210132,225.42425761692476,226.34716784697974,226.05193335707938,224.75343768801122,219.11921754366074,222.45014327809523
411,2019-03-14 16:29:03+00:00,224.04924486141553,219.73524092887183,219.8300900701843,219.21070824367214,216.63357529900983,214.5072088729895,210.26230081817212,210.6705252949153,204.75987945067004,,,,,,,,,,200.80022556990997,203.39944457721828,202.53718719533197,202.26160687035824,211.92709177822417,205.96921098071027,203.6520168460411,197.4955553440623,201.42694282166963,200.74484112794096,196.3966261400932,199.6605551995289,201.44784967412718,201.9260220953677,206.40985659643064,201.65636560079298,204.88303652777253,197.93344498233054,203.3979307228612,198.92754633714995,202.72322782310394,203.08700870658984,199.71635097550694,196.42268743032477,192.91792773256702,,,,,,,,,,,206.8326133782436,205.66573952411,210.72306250292897,207.6433069895927,208.66035462454698,208.88031791560294,210.9395629567165,208.27096526843536,207.01389448141,208.06976370307933,207.10271971362417,206.95776172743967,205.61691973142965,206.0916025022181,202.25719054285915,205.73353091352138,205.8625421498293,207.30225280711866,205.87357626767076,206.43306040028412,205.88154265768998,209.66255477562407,202.74151446283003,,,,,,,,,
412,2019-03-22 16:35:39+00:00,228.9855345549098,228.1128627521589,229.31128425598843,226.00231399405152,222.44155200336945,224.82920394145438,219.22829717687554,221.45524945404745,217.68697406512308,215.2602396189439,214.20922772013054,210.83493857163552,211.52678636021113,211.3631864131171,211.85436557292945,213.91701303792541,211.68172860398408,212.62073386307046,212.36891886700548,211.19399029006283,214.95963019574802,213.25072509048405,216.00033282323153,213.3515966696958,209.4411273630093,209.7433384691947,209.7531368117117,209.570288853496,206.92143488814776,208.30173011946533,213.28098312531068,209.08201294904663,211.05793488823656,209.84743927864662,209.57825359307674,210.81806642386482,208.0139729074146,211.53307377716376,209.40271722577344,211.74480877219162,211.54092883542947,207.72277229454977,211.39533651831132,208.8594804628247,210.7674622337172,209.0899828945473,205.87205893210293,210.64489553456028,208.6734842446716,207.6419365989531,210.10185721576468,209.37709231113294,215.28426241991681,212.6751231947671,216.33397441924328,217.1900243048151,218.92582085839786,221.59060394420902,217.08693950778962,220.3093711191265,219.01751185585567,221.0706932318208,220.92192442449596,220.4681686615425,219.76420813066667,217.49926747457994,222.29867001456455,222.56711906947893,225.00566218262287,220.52736976446542,219.422223851017,223.21609880995652,220.4303149675522,224.28366147432675,220.84762072746165,220.86543408052694,221.02090950241302,221.7972477046514,222.08243539042547,216.17887520487858,220.12876936651648,215.7702659968892,219.81978868309218,212.91110228739547,213.01282955697636
413,2019-03-30 16:28:30+00:00,210.94123004451149,221.70858486976982,217.0303369045831,212.2391441974096,218.6892436922162,209.02001368953592,212.81371753350095,,,,,,,,,,,209.15519233767833,206.37566228575426,206.0378486147511,204.81712814164348,209.02468779680993,199.85882106458237,200.1657034039516,206.69198392156693,199.0102483305144,201.46184433838607,202.70396529569499,205.67769022852607,201.2391679397319,199.65495430725142,202.32506502764068,195.73050820525697,195.75729423024717,197.23797690439883,203.044179205177,201.2048998405533,202.25411921712202,199.54001601807926,199.42380443792615,200.86407944842966,,,,,,,,,,,202.88074086031048,199.52625686794687,205.10306281015386,206.9316283026742,207.50879074573146,206.96758125751265,210.51850881510475,207.88581774007957,207.22416814586634,209.5899832658055,207.1930028372697,213.9007989475714,203.61127353062722,203.89992862658215,205.3457288705714,204.10473828438597,209.27133981473915,205.2436128187941,205.6110733701856,206.5085132540384,211.6510379490593,207.25465977174593,206.06447346714438,,,,,,,,,,,
414,2019-04-07 16:35:35+00:00,218.06558569975996,226.84620298328713,224.15741843215622,221.81145010860686,221.5768722578533,218.95241374720115,219.97023628876298,214.20642627969545,210.54142318228008,211.61502546208078,209.89099168939072,210.21034850513587,208.36055679397967,205.5155169624129,211.0505598171242,205.844084314135,212.0485454965373,209.14961052275424,206.7736928567547,211.7229100330724,210.02804827304556,211.67426821372877,212.25720258855355,209.0408855458634,207.4159274337309,204.33533333374788,209.50623778935937,209.56020568375877,202.87016873161014,208.41344346505701,207.60483327170311,207.86135425881088,205.58684028689382,204.4001420856103,205.8668726186961,201.69874174921492,205.7009865843418,202.07297139560694,205.49589236186503,207.71174211438108,205.31155962881152,208.0790186966584,207.01749423256325,204.2816446867382,207.39775964538916,202.68749720783245,202.21100287261456,200.55371105494845,201.44143220235776,206.28611410863198,204.26776227615056,206.6927387287735,205.5154345709066,206.21992070843595,211.7321108429457,206.54774781663028,209.93004828340324,208.2172913943465,210.0418058720062,212.01632105346823,212.1620521853518,215.719523885011,213.65229290535274,212.25578752049398,211.86599485441667,211.5303829789424,215.0633899241699,212.35460913100368,210.69854735290818,212.99932130887115,211.49595330838187,216.68324191553495,215.13682251695337,215.7557962148859,212.74172708831998,214.1272692765994,215.0956776233603,211.4307022763126,213.67088529137177,211.40948561418517,214.99414191014796,214.2374755951155,212.68885021843644,212.81614257356568,209.29940935067108
415,2019-04-15 16:27:56+00:00,221.26230977844884,225.91749068523242,219.87970941237407,224.0328091297052,220.3949739732461,216.15756823793382,217.5254961555357,209.8886602827148,213.33084956118023,206.8419907348139,203.97824102981352,205.53983961420656,203.26746978071196,202.42229091664075,204.2112294095566,,,,,,,,,,,202.8791226757873,204.18189927553732,199.92655674811607,205.1735876983923,202.2251233497634,200.18757540542137,201.37366452170983,202.11201360980604,201.47453859763078,204.57600645887032,200.36810906395203,203.97110562683505,202.66950267772143,202.07849318864575,206.7172041182027,205.55772695295957,204.01989515723022,202.58041315238967,200.43469590039746,201.02181410770766,201.00641061406188,199.38132363097694,199.0470451849793,197.27175329458356,,,,,,,,,,,209.60507051830237,207.8382580779481,207.32177549981367,207.9226523445623,207.42297843140477,206.6288103939836,211.52873502810016,204.99347796120855,209.0412982603294,204.8427927770841,212.47112111209273,210.57631548971293,209.80099986442386,213.20149778544896,206.16176455062597,212.24276735404538,207.6631646642124,209.56004721104816,204.81464985622114,208.02751086439844,202.60962896033573,206.37087101707982,197.2845801661839,,,
416,2019-04-23 16:35:29+00:00,212.96233604410497,214.4764844232911,215.17718507792299,207.90912944708242,209.87058645236183,210.1407363685731,201.65050021539562,209.15836699735544,200.23523343033693,198.45769953177657,198.97205491417847,196.94648518358318,199.6034971164236,189.31851521197822,199.4758755156455,197.60954558828735,193.38668795023017,201.39468608168875,193.7249386479757,199.60395894237377,198.47489059372091,198.7609048036313,202.42532146645596,194.42466287486718,198.71853555117082,197.1946764698286,196.09550125388472,197.55241311233283,196.64489527977327,197.69978989700277,193.64519604742486,193.74256686647078,194.9812255753912,193.56886303526997,194.67322831343807,193.91573503535815,193.8938418687763,195.90408541581135,193.3569429225653,196.3950214377402,199.28119052395303,193.98845579192448,197.09926584661926,193.8287048611182,194.7814553640915,194.05015368565734,192.1940773039394,194.32043526768362,194.8818670490481,192.90054915074333,197.24533550405542,194.05122102866247,197.74695251547485,195.87066341034208,197.1660908784856,198.18511101733637,196.57657220081418,201.03755909086496,197.00897895218506,197.86680741399164,201.9990061811065,200.07754626200446,202.63112236236032,201.402961429788,200.08663833863355,202.88003173200397,198.8744715701404,201.68215285706393,200.380366269196,200.2683532993907,201.49077903225893,200.18154700090426,206.42337662455276,203.37834038384275,204.93210977628496,205.45303900506772,204.64820564786606,205.49352992634172,204.11647424010684,207.40863573023645,203.7669859145088,206.88692296844962,204.40285022537554,201.7992802458157,202.6745279468412
417,2019-05-01 16:27:21+00:00,,,,,,,,,,,,,,197.67105440506185,195.6724845949649,197.47241405474307,197.30473739280464,192.25331473018062,200.74333799273327,207.48404032929173,208.79155984223823,209.95873535012404,199.20195706529458,189.37664368435148,202.92945738857878,196.6773033808711,192.59027566403594,195.6278935655661,200.16868435494303,204.51156801619473,195.28414698276686,194.81252523376665,,,,,,,,,,,,201.643585293826,202.1529675693036,199.4447402211082,202.5191147841741,198.47698516894897,200.45832488608013,201.0361723014584,203.59256306276248,199.35288284762808,201.82863250916816,204.3202676456478,204.28173439888624,205.34495443599513,200.60649242916094,205.01191377935365,203.6234088530065,205.96516814928043,206.92038388610658,203.56760313213783,204.67672204812573,201.084263286777,204.59363074624153,202.83164729990293,,,,,,,,,,,,206.0260492644823,204.85794973314768,207.112525405268,206.79105487546494,205.91580450948112,201.9304213966356,200.41707209406215,201.27750429291643
418,2019-05-09 16:35:35+00:00,203.46509367207238,207.9285520528216,205.67578870518503,205.41910003749376,198.130390107972,200.0799418241212,201.51947135642948,189.06553712977163,195.11621594487923,194.7624496357686,187.98352611006334,190.18433118374853,186.90600679273612,191.20751923905235,184.87411295597317,186.47267495109844,193.5275753655427,186.39990080806663,189.34386596679033,193.4408601576881,187.48690572884183,193.44897483124996,187.83588696645455,194.54356363065222,188.7313229443386,187.41192383939168,190.9740120938803,183.80322310656902,187.8418126934006,189.91462863134453,183.9737720819465,190.38299499501684,183.16581514171278,186.98189963294885,187.8430735357979,186.62918515084235,191.0358835016502,185.71897017067943,189.2355744456147,186.74496859187718,188.65800517919283,188.17059029042625,183.82558949377852,186.62284622197595,189.12623569197962,185.31201598066428,190.20870465549777,185.25680081740933,187.89628421981183,188.1019330376781,186.37234797465032,191.71295471811993,188.15196740449935,190.5683520074115,191.22076821318777,190.86177997406534,191.696498048251,191.59989854056303,192.61030990523216,193.9530433918087,192.9215723940047,191.70087510326076,195.74177114305047,198.7899388746253,196.00850599212058,196.62393184907117,195.7209779383288,198.65967385255604,200.2159795029943,199.96298132574188,201.9915215127622,201.84609924508533,203.46098646707523,201.41549611256133,199.52059565910443,202.06649314810798,198.48835656636217,201.06848269844986,200.88219294127865,199.31967848112154,198.51614493241,197.07152775075556,201.30242103932918,195.16794006249026,197.49523626855736
419,2019-06-10 16:35:52+00:00,181.45119870139226,177.25317426954132,158.8276401210732,146.63101326731623,173.47649418862235,159.84675386960515,131.23014145623765,148.13105126105043,160.40117158034514,158.29073886423657,150.01509176090997,149.9208692487823,160.16245215981667,160.94571936290453,146.9153438622036,148.96244456487722,140.2434250864868,156.23463333042324,165.30267000496772,163.0362547425911,151.75574682203512,141.2798749950553,152.2041583089848,159.15980327226836,140.97673618731176,,,,,,,,154.19434893985,154.0236234948449,163.38076158531868,170.201133983635,,159.15703589771897,172.90774615580952,153.0991842856997,168.03645729413034,164.61257094891798,156.91194882485453,164.9104711017568,162.9459524513232,,141.71326615862492,161.88198337170738,166.903276271347,173.89145252734465,166.96063195105594,163.4681953435649,,165.23198874235177,165.01959009419855,159.96452729871734,171.81561309901358,170.86566626266278,174.95052508852066,157.1215369287922,166.97336626311937,162.72219081617726,179.36655120369653,175.8222793661236,173.12550568602816,176.65355242646945,172.8283169065602,158.15280325865234,169.33127320078646,176.92436322146136,173.7607423425201,159.18130456656584,165.66694053372572,172.32645932339798,168.89555000259466,155.22560944578396,173.21209378328334,175.48821898974023,174.54215316094482,176.12014399810317,179.77149666163007,170.71521707905853,160.4818898780608,173.07416882986993,171.07913971911321
420,2019-06-18 16:25:34+00:00,,,,,,,150.8441254836804,174.6961718580171,186.13252767263248,186.24282862764554,174.5975837252654,162.82086923379046,183.47688286719642,175.7576880096659,172.2204448856874,162.47304904949436,153.28139637462945,170.31844671163532,179.27231567619933,182.24777072950482,174.26379242944,159.14936490544127,174.77038891694045,172.66900341256084,164.77241702390384,166.49929322388536,180.53499954050875,183.89649019595646,180.3300313205543,186.1457284402472,185.78367732031958,,,,,,,,,,,180.5624407433464,169.50349072433588,180.75040292010638,187.88028797839067,188.12550523261356,160.51004469543432,185.01184557168807,172.89169151373068,187.0318118507759,185.33833274314628,186.44882580185376,186.31484238947866,169.95122922706133,188.08282841572125,170.40298704243668,179.35302408613617,187.97527465195125,184.8453448210856,180.43876562336948,173.92283591328294,168.62786336233563,185.0929699874724,185.50185236417917,,,,,,,,,,,182.54087535459246,172.0592579171649,184.11657189176879,189.6753264421617,178.69437552246637,183.26741382933497,193.28960971076663,188.8628357597899,172.29545325544686,175.4666877693104,187.87957233237216
421,2019-06-26 16:35:58+00:00,171.06118333997085,187.19029326663343,169.8942058587734,147.519206831163,177.83510517151402,175.24785301715414,134.92892709709398,157.58312510820713,176.925143168659,175.98611928732703,157.60537107910378,157.81947401770205,168.12813637228044,163.26670906188778,160.47648440796814,153.043518111181,133.1530131604326,159.7133651454575,175.95322205590364,160.26183862764282,162.54328335393538,157.5420156364272,153.67913971076644,167.01009271045675,153.1628263465664,160.04840790552993,182.5319177312207,,,178.37214490710764,,171.2323525897414,163.82693325087678,168.40891555498467,166.578750674391,168.51754085267265,,160.24772747077967,170.60815761092252,162.94248910912742,163.94734624392856,171.64151300483056,162.64445259789113,172.54513906845511,177.96061716268105,164.10135910704312,157.92747716003774,166.80586534677172,170.6441166951412,177.72324592313308,173.62765305269096,175.14911176259997,168.44009679049347,167.9061516109403,169.98838549649867,168.14622526507083,179.38706450885059,176.22458934359207,176.23059795395883,174.45141541906818,157.92722333737083,170.93042466933906,176.57640570440404,173.79083810367996,180.8776719406637,185.90202127823395,195.71043617058166,183.78267388542628,177.2392006766734,183.13008057237283,186.29155263059675,180.04322313426297,172.32837079141112,178.32157392204064,178.24020999187397,168.76286964884852,182.42478761630784,,,178.43015852486565,184.99250157784428,178.74715248025677,197.68492913000878,177.08535136310502,175.77289825421292
422,2019-07-04 16:24:58+00:00,186.84390268065357,189.26131722324865,184.41769926218032,165.68317059998517,193.04398159109604,191.05381352264607,,,,,,,,,,171.57749940759965,159.3795419101179,178.358958791319,186.35133918879998,178.1908976192416,181.802785164518,169.71157123916726,175.19708565479038,179.96871592604094,173.66368416973344,180.03849086088866,182.21340015504038,182.79724271073044,185.37393143808615,185.6672627131454,186.93453415954778,177.89856337551157,182.2485339817487,176.92134268567025,180.50795616721896,187.0554404574844,176.16440344631422,180.81928976555574,189.21555287677984,175.97176297906,,,,,,,,,,,194.35306742511318,192.55831278229206,186.2298178229093,186.15621547517014,180.77590172765423,187.69595642621013,191.82974281745973,192.6715105565025,186.16492893379265,191.7141667959488,191.75187323711472,185.6958227427743,188.45041258778681,194.32819432852475,194.11622627305223,189.55908548682876,192.61268419714594,185.28632284657476,191.1390321560997,184.6599182846763,194.4444685564464,187.2461068894889,188.73222454398717,178.9324885907475,,,,,,,,,,,192.24804845362956
423,2019-07-12 16:36:01+00:00,168.36752198215942,178.84427434095588,177.1003249806982,162.19073411059475,180.37901343880026,180.90975226768842,156.82248411876432,161.64261938331953,175.70858216407112,177.24626647215206,171.82449744754854,156.7598709321604,169.01336262492137,167.3917442173917,152.57615921106043,167.24357849630115,150.42447992147652,154.25362183744716,171.16737973172198,160.55887269454342,158.91603480486222,161.17086343206054,157.929187474611,165.63327037545676,167.95701600694295,165.16313972352654,172.7904113856208,168.91767191203164,164.93794642397137,177.29919277242,164.66951902408036,171.19589609567865,171.23976693475583,175.58422929365307,164.44371679953545,170.34253790598515,166.83320554716968,170.5383168468091,171.81132783651626,176.9649694273338,175.42182245679945,165.5231735629393,179.6377133591989,177.81976664392033,165.93683190970572,166.29840522563774,161.21060835071586,169.3703775695324,170.92742294018657,177.58352877257778,176.26807259676636,172.15225594982746,175.38637430828055,175.38016807739345,177.58822110287934,173.2245368336252,179.08597281476284,181.9356593522652,178.30510854812064,175.97476954938858,186.35756659661308,184.81969778936732,178.90992674259945,176.72479859136646,180.80786586264975,184.74207114997992,185.93925295876107,185.7740860087369,183.928680864534,183.94316578385124,188.35800647321418,183.07019947731408,182.15404442018894,182.4554976136977,182.10109193925427,178.46611877476644,178.5113687732203,176.58691232669432,179.82950590830453,183.63808644674086,185.2183203348881,172.50908486164667,177.646020701053,180.91166341444193,176.12512771338223
424,2019-07-20 16:24:20+00:00,176.62032618250905,182.2817890154936,184.99320046948958,167.88977481382398,183.01658780140366,192.5208017810392,176.08654351791378,153.9087808254086,177.95537237821924,174.69115219861553,181.63249207284485,173.73020701934408,165.0991454774023,184.9534079751191,170.38503173595677,,,,,,,,,,,182.19556782946557,170.91115167013504,185.07013728156437,180.08800354770852,173.3697361051879,185.35680983421986,177.80408059795957,175.92567708207818,171.673079794022,184.18404473705334,170.84266180907707,188.4801958979844,179.46513277128253,182.33927747132677,172.01640898478524,187.72006670856481,183.61881394612644,166.77069046233117,188.24217658650701,178.98259608568418,185.65713333735846,174.4077903762883,183.98746401059842,184.75330749193228,,,,,,,,,,,,187.0467737809809,187.03672984824186,193.6044534593412,182.3773593648145,195.22933467446305,182.3828210868567,196.3541736705457,184.12403918830177,195.17456568014066,184.18103907510297,191.774066667538,180.84168069178003,190.5208199021994,180.34957829085067,189.63751737641303,184.9133341993471,184.39546253781998,188.8122037546218,176.86998524212174,192.9933906223671,182.93145433969198,185.40637706178765,,,
425,2019-07-28 16:36:06+00:00,181.70140046016695,178.84917812950164,180.81316438811928,169.00214739449413,180.1561192785493,192.2213447405421,175.3256921912552,160.05428035909296,167.85833634718654,169.3566890674502,179.54978109600614,173.10156097514766,159.78544140775634,169.94205983623397,167.84296987430804,165.02412437558854,172.07968125227512,150.2868414386457,169.0506365908626,174.34917456299314,170.9956145789056,161.65864664706282,173.1798060076958,170.12376551317442,166.9045404889983,173.30431108158308,164.75293965413766,176.78013623734898,173.88683748715158,177.27783746241022,171.86815514617365,179.4979271384555,174.03414197400696,173.52419796733864,172.93366411973358,173.74814113685397,174.99878736402843,180.35275929012815,177.46828232076686,166.25518044315442,172.1555726736778,180.8729816968339,171.5287880284862,168.12152688848118,179.301129975575,172.4398851249872,172.10636716872602,173.07464675346205,180.1591068651481,177.46607061807805,174.93174236223086,186.85671840632074,181.50944607014662,181.37524323161125,187.88919564014947,188.14778448545502,186.31639247237118,191.15729504796553,192.1144741053094,182.72837798385797,187.65284471602143,184.62937590718366,183.10273718855075,184.05042609198736,187.00530046681484,184.68197338132475,187.40151531970338,190.01895517047527,191.2145472918822,187.6633883562095,190.70292973629319,187.06661359021098,189.03113014729308,187.49495016411294,190.2282256652844,188.3514283490107,185.72067978071004,177.50999556297734,183.62076397274586,186.66574682667064,186.65937546401855,183.90448091334363,184.09588395756543,186.94120567690027,182.17095839765375
426,2019-08-05 16:23:41+00:00,,,,,,,,173.09519837995862,174.22445269235865,184.83948648978082,183.30702173622078,181.37109413316253,168.1146351911431,169.8110568798799,180.77427359199527,170.92955582584355,181.52287489356618,166.31724989434093,174.2704220786025,183.20930647633253,182.82334341390055,175.5850050498943,185.38714157235336,177.2000341462115,179.46071382389866,182.1257669560138,178.90482963343237,180.7031768112696,185.02907868339895,183.32112303631638,181.94299372779142,180.79790869520926,185.573728374684,,,,,,,,,,,176.786950965549,187.49921129468726,185.83334259238694,181.27262136884127,187.26526800572287,189.860731814393,187.9110281054462,184.2782525524305,193.9763669630798,187.39729183256068,182.33929552806094,190.27334000630387,193.7891303129099,189.77910367241802,192.06797889956542,192.305876463533,192.99202910255616,189.2949959719499,188.160789030256,185.9882678076333,184.11480688557538,191.41967404521793,186.8708068027308,,,,,,,,,,,,189.03999011827787,188.72287859968583,190.5207367154323,192.2889583053958,188.4154121595684,184.36932213136132,189.40308217973666,183.7443638983959
427,2019-08-13 16:36:12+00:00,183.30448354191677,177.7880135975661,183.8150434060705,173.56408823087511,169.87042397154323,189.75572675750675,178.21221267576823,167.20825974105333,166.49608555000225,170.65760139094584,172.50472444030663,173.9205647590084,170.0845372725098,164.62875704258795,169.22151660846967,170.2654986777234,167.7231759446817,168.32648974933818,166.12237852595715,169.90011677498703,173.857764907695,169.96414552566904,176.17521641271705,170.17526358643573,169.71894373824813,174.29974016868726,174.28026155643377,170.080544747158,171.66063775918664,179.1988044700095,180.62172363604566,173.61928890612185,180.11990602362897,177.3504869635413,173.95446103726252,179.4363045620626,175.85476841131444,173.97139335569997,177.05741308515942,173.0683733053717,172.5496512365924,177.63997796435444,179.45935902546213,177.48093294317692,172.88608480181284,177.08217373192988,176.65874689675528,178.10077813670506,,,,,,185.45972357526625,185.770632489374,188.79668829705358,188.95791059598932,192.1445373718082,189.87685570974156,192.67373302959274,185.76805863954885,187.60647391508613,185.85950706238415,190.07617427046495,192.47018514311708,189.00132879305988,195.01195914566048,185.73619364573742,189.8354798801506,192.7839432167849,190.1093365477909,190.135160404755,186.9181268343176,191.3954662164263,191.76830825479294,184.601510808683,184.73692070245238,186.9700337103698,186.9624370728871,188.75159512667324,187.20819184302965,185.9862799168418,181.87615837403712,186.63391139428805,183.4758131885625
428,2019-08-29 16:36:16+00:00,181.71778029825967,180.15529943481118,170.56144572745754,172.47781520541093,186.26648461760325,176.20245034226863,180.82671635231787,178.94664054114781,167.5414355115036,176.3905533491045,172.15599814918392,171.83326586529358,165.11771202055192,167.06518535465358,170.0852765854048,169.4375426395512,170.51699053467306,173.5091259023464,166.365330262378,177.90459360004638,173.0696438315745,180.20600851132934,178.19947015165693,172.74727750062598,171.45564846710397,173.2529813624495,170.62629372326384,175.97322612774522,176.39753756544664,175.31282282162672,178.62238854621282,179.81804941202734,176.41191076334414,174.62166982374555,174.60235681119758,167.0851509303236,177.88944997137048,176.7548314593023,171.3358014829406,183.71704128205596,174.01789999371465,174.2180042511555,176.86397583014983,173.94470193032134,180.75730594406588,174.95763517125837,178.32060551594415,177.89687199419456,177.8086044118346,184.45822855169382,185.9359842079181,189.73479311269406,179.76428748968976,190.31289310858978,190.3399149262455,182.5957492635548,192.24062822124867,187.40670944856453,188.21031808664316,182.45818740380415,187.3623795550126,181.79692669908394,184.2247567901023,187.12636588907358,190.0693947643454,191.42399887986522,183.87780532646923,187.66147381650327,186.4810062123766,192.18311105966262,193.21386685564835,185.68777228205238,187.62041763577702,188.16541708731353,189.00146798814802,189.87665357140122,187.36052752447304,187.79311620951444,187.61014976970608,183.83498016903454,183.78352894946883,187.1005345964111,184.1675792222354,186.60912934341346,183.2762410206756
429,2019-09-06 16:22:20+00:00,183.56308657794114,191.1580104561591,180.2799283157886,180.53197123221386,191.38815303709336,186.94116575736012,183.912730574576,188.5511724168601,168.59068254114112,183.7025296665206,185.453715803887,173.26916349171816,167.8665511957223,173.68610982136528,178.90322118398194,,,,,,,,,,,190.90769846827922,179.84495468717228,185.8331617196959,186.17010622444525,185.06204631828734,183.36008668170035,189.97138967893608,174.01498906255074,190.27285411514697,180.42554530625029,188.53254043828048,190.688590154129,190.53256506488617,177.39356232493864,190.62513035071572,185.69575031317805,179.78601977982805,181.15448453304765,185.50304351798104,177.0705745058735,176.7803987805319,182.81119346356766,183.83642420741776,184.56532805803556,,,,,,,,,,,,192.81431112844626,194.84294983593676,196.68576094135395,196.29387010669424,194.73068902279144,194.64454931380402,193.23908339316182,191.681502705825,192.94955172631757,190.99329450423636,196.3071279825756,192.9200595201022,187.66256822669413,195.0182999422881,190.34932700489094,191.17036781646257,185.4917058260704,190.91675807970796,189.2358775914126,186.82332939725447,182.29484382329582,182.89295505879974,,,
430,2019-09-22 16:21:37+00:00,200.03114310365,193.0777773211843,189.67625552695827,190.8643115637785,196.93679453822898,193.40685797226857,194.71089333455478,188.52480197357195,179.0049725144459,193.6155247731892,191.97934869031883,187.46238882570657,182.1278427158703,186.02162079030742,184.45436516297974,192.1199548486133,184.67863540650012,181.89117502292135,185.80190236006132,196.08915210919193,190.756177032817,,,,,,,,,,,198.18031242042105,189.8210763877766,198.2627225780139,193.14961379315258,200.34160685244512,202.8089896856855,196.38197360105175,188.28862957763073,198.4266318238614,195.5016826748011,195.61242258741936,195.06585020008703,194.47557203331542,187.05948909752453,193.53751677051423,188.9580943179294,193.879178435271,189.39085528251152,198.06002243915918,195.68242368231472,199.02992458338414,195.462163951408,202.13803647800776,198.72200806646305,,,,,,,,,,,,203.29184255414566,203.48679456932962,203.74159878491355,206.71082207306173,202.3859077450758,201.65645764126992,198.5644502211934,202.49001553338127,201.75130440509585,202.9799325876494,201.3331412641057,202.17151098503632,200.90432772305653,200.10987999311627,201.63551471675999,203.29520165118328,198.4871272870939,205.49341497828215,200.26451781877694
431,2019-10-16 16:36:28+00:00,,,,,,,,,,,,,,127.81220797828246,157.94253530585277,166.48480413789602,153.45606937521265,151.24071450629881,163.85812136486376,161.8825466121087,155.30008858002722,152.21995377869814,156.0168174349341,160.4971655952508,167.83841893288474,167.25356698712096,167.66462999412727,153.1877634598499,169.46463445779,162.073382541889,173.49981043893706,163.9505102973163,147.19513819348055,175.52561671684546,165.20050434669375,174.81276832761847,165.40344557818736,173.74605852421945,176.51142989518698,169.01872277938037,174.3121280588598,167.6260433464311,153.92479730889363,158.12376013872998,170.6850107353301,151.17403514441716,173.11538138801643,179.84023506561218,174.65421182685938,167.58490367079537,166.6582519360722,173.68304506721307,171.35374720344953,185.31553720193946,177.9001722795283,166.5916303640742,179.7597295021854,181.95094684424348,172.99129993454778,174.73682451842404,192.33249251597698,188.05109995218703,181.34872625586476,178.03738590586963,172.80951032997308,178.08125761220492,184.4646414648633,170.86116083569192,232.27773740279034,204.79516788970076,182.2535157346605,161.8342510769458,177.8360774119399,174.72845685946834,180.38319602938745,176.31756199399268,179.53176855596428,184.8735375565572,179.78632513868348,165.4606541353208,161.66907537861468,176.38638176612747,,,165.98793628651123
432,2019-11-01 16:36:28+00:00,186.35279973883814,181.5352868761954,177.00417776192265,190.95001348557062,189.10245222651318,184.06748537277443,185.3056108375111,182.62616378836447,193.96168686615533,163.95379383314454,180.56079679384024,176.35750933027293,190.2447444777039,164.19708731012932,174.8533986044511,183.6099056315656,162.97732389068756,192.1021647934168,178.27154152166239,186.16594583950467,179.89783558372503,173.33638103981437,171.60985000626246,191.93281684538314,189.2286656620529,183.1956622750999,175.04851138615973,180.0302071757159,179.6210798081543,179.3424978915482,180.76188198563787,190.95902270775971,170.58184034926813,183.23249877731797,186.05369362210453,188.30539197842361,190.03489665325665,167.52514218451125,193.6393093193056,173.45177142610137,188.05450270252913,181.89727719110445,174.34268213907865,183.130548626244,191.378916797537,166.5778351318755,189.9689311882186,185.973081275241,184.24295730739365,176.89104941282775,192.7561996477834,178.15084350977745,191.66789637822293,194.72033010639373,183.0099531010542,187.9376306260994,183.26541427611866,194.82527361236063,183.07531232875604,183.4677446040571,201.02534895747945,184.70559264595482,199.49044853565752,186.17573225784662,182.06827886279635,196.87867507822065,193.34797175473534,179.6457187358234,194.7204337091626,198.91949745685096,186.6365275143976,190.46005005226456,191.63684570885604,185.64726759124673,184.28739931733733,190.303012148478,184.1637341622435,183.18591384615326,186.14082662407293,191.4400807100148,185.4758661798299,194.4893123486009,185.0199129604916,189.10505521451938,175.58094949168262
433,2019-11-09 16:19:34+00:00,,,,,,,,,195.46360908356294,167.47652666072293,188.30314093746006,185.98399133228713,184.8493557999279,175.02067684802182,177.61452806358292,187.8477795360519,168.21997365176142,194.29445167179432,183.68471317985703,187.02641075565538,183.86743274792013,175.85276193242527,182.60812867307303,192.58998833137633,197.06431901471723,192.79021956643479,182.39496220843117,175.19121628203115,188.1469847438523,181.75938514098146,186.53593076475076,188.68469150072713,182.73381372694007,,,,,,,,,,184.41442317676024,191.79263324792322,194.2746654848354,179.22697314503537,192.21467627658967,194.18179854508733,191.5745458052418,185.10726725928023,195.92291362312682,189.3450293845075,199.34733140903884,199.7458172903396,194.9114524297385,201.54576427993925,190.2832875976014,202.64360874171382,192.26350563652895,194.93516016378854,203.0583706370353,192.8983316260334,204.95741273988676,188.81918897681675,191.0859136219254,196.5613524174219,,,,,,,,,,,,197.7477050370174,194.64826366435767,196.0070635709943,193.74706274063183,198.09284722690677,194.92055062286968,196.0657226460624,185.43130346512513
434,2019-11-17 16:36:25+00:00,199.79107110704226,184.9559391921411,193.5588068358288,200.35358086185403,197.17691711311838,189.02325940544807,189.97698206330878,195.15755576761137,197.96542569529785,167.49394360391145,185.58502852804224,185.99070486843317,189.06498285403978,182.5634723900044,182.4068560338931,194.30580721897348,173.1551929576238,192.3587005774529,188.9706358461289,191.21044162209307,195.8408079626135,181.8852311959733,187.3926464619679,191.0598251215394,192.21733447799232,199.72812465104354,194.27412792080796,182.334079691918,190.96171841270012,186.70561440155188,187.76153912739616,188.27087884100933,187.78025865077967,188.28990274302404,188.94532428153244,198.3917577826794,195.96160328937196,183.7872969516969,196.45935249316094,183.798348860627,197.34276451608048,188.40020811840188,187.30152197119656,196.1909043256071,196.00841516679642,190.79880534033668,190.0390011649118,196.77650357291114,200.10669088732374,189.11147740639524,201.7329264374559,193.70647984069888,201.8874760509581,203.99233251384135,202.63845926948454,205.38120888831094,198.27148046078383,204.3388212416825,198.29566539632427,201.04869241781626,208.82836092097938,202.67023972019834,210.12328695216038,202.57208426845065,198.59681736616102,204.39977717091276,204.969069532621,199.96164180476646,204.65358809601702,205.24136264257308,198.96559057646232,201.42553067191432,202.42712783153883,194.56015668034536,201.30021214805703,202.39404816374656,206.46341915306346,206.75477129856046,203.08693035473527,201.30674220014728,201.0303609999245,204.25679528521104,199.2849513940231,205.13201856307631,196.41080105960617
435,2019-11-25 16:18:49+00:00,203.97937169601983,187.45302002577017,208.5575168211873,203.24978745337512,207.54790974060558,195.31294981010234,201.77288551186115,198.52428412700013,197.77903282867203,179.5687983229693,189.10388493652036,189.9654494793858,192.94799392493493,186.90168956839747,192.09189457304797,,,,,,,,,,,201.65984038959107,199.74015562027358,188.10095525763654,197.77263903947588,189.41644042986414,192.64911202113788,198.54298485930227,188.71917401315267,194.66385159530125,196.42813084246566,203.75913109809713,200.24804165330937,191.26168760949642,200.95627245817354,193.03766322840968,199.44738313416565,202.79311779712745,191.67633423497423,195.98231368392914,197.53856923916547,197.02156497183012,199.21122379304398,200.0269047492232,198.69401192511853,,,,,,,,,,,205.83300511687392,206.23634845512376,208.62786118883395,207.73680578392674,203.20112136107963,201.86939584205976,206.7930215346996,205.77284402502377,206.00658743838363,206.29474703606886,204.68256480480707,202.91667270808375,202.79511007329106,206.8443979694874,201.56522772091841,208.56690842570325,203.34032455775494,206.44014815721098,199.76012747840727,203.72281570335113,202.75387296280203,202.28656191532798,201.4558309858851,,,
436,2019-12-03 16:36:24+00:00,205.88668701242847,191.39831355713503,198.32077830354257,203.22693244866292,196.1229997124324,195.95911503509427,198.30748309387704,192.85163274953044,195.80591398023586,183.15350332355882,183.5240873510691,187.82469624478526,186.14158859991548,188.30110684537144,182.42291673001867,192.2381868334546,177.58103753560343,189.7831639782927,191.70895967762303,190.93445933648485,191.12181759343014,189.09333940894362,187.413470508296,197.2376450776086,192.55361501767402,196.3476620844998,195.41345209932055,185.9912841292846,194.07869658276186,189.41219605961942,191.38626804457422,196.789628665516,189.31930279867242,190.99170246379379,190.03592189081928,193.48995423801836,195.2028039026203,185.3857725236476,195.0233856249094,189.56099190509337,195.8313438962412,193.97264928691646,190.23361428394583,197.01923137240638,196.5844902486468,193.3936016775665,197.96609311515425,192.95600786230096,197.55232850899966,193.79536575018892,197.99452518090908,200.25165593837608,198.23549528489733,204.77073528433465,200.80937573730685,204.35943333679722,199.28506006874917,203.08094763187563,203.2928301220325,202.1024095503137,209.55363514234915,205.08538090255178,207.9709426792445,203.14396281418,201.80875882664478,203.8553054650368,204.07766386240297,205.99222686936633,202.14888447829873,207.36221197400752,202.0710403680672,200.9360793398626,203.59561246706994,203.09294126580727,204.4464271182269,201.26482142864387,205.9129543297354,205.88549605584376,203.65832025551032,203.98952821813722,205.15853839235896,204.3510037482971,200.5373844930061,204.68708597594878,200.38100465913132
437,2019-12-11 16:18:01+00:00,214.63552668813483,203.46690424470972,211.89570171295247,208.1009716097067,209.71331558960955,199.56561744679507,204.8413055222597,201.47053043790544,205.05855163397084,197.3943586690162,194.08043389305516,198.7975036551375,196.81782932706477,196.419437554927,198.15124080157764,205.25360456469258,194.34943070129046,206.49701151290114,199.0090018221488,199.68115890768382,203.37287614397894,198.69994662542288,205.7308073999464,206.65586886470228,,,,,,,,,,203.70880065025275,203.84345817341674,207.19745384314606,204.46630475607463,203.32652382628663,202.30539329065667,206.64212728417522,204.30111934663805,206.32514985138567,200.1705503836619,204.74123642484804,207.97639505441336,207.0974484832352,205.53915239399683,207.7668580499323,202.1582887580345,208.4498085596052,204.14750848108213,208.53987901506966,203.42150327780874,207.61397912341636,209.3353207887248,210.04393846424435,207.11088462523253,207.05425055608845,,,,,,,,,,,214.43195765129374,210.71765909327289,210.98121318171334,208.89510824530046,212.82523207821808,209.5148742796737,209.33414319324734,206.06730684032547,208.70815226020366,212.0922195966967,212.0382164225617,208.5769242487939,208.59254550428463,208.77055334910878,204.8195441560171,208.14539892262238,205.69278115759363
438,2020-01-04 16:36:17+00:00,221.25113552827113,222.36559372251654,217.41347822963442,217.31505939325868,213.6183835271354,212.98027611999876,214.43187306232102,215.63765603239577,210.1771362914157,205.1633613288584,205.15230776745634,205.8683351778933,206.02727612937383,205.0798910729338,207.4231236611009,204.05585620151365,208.08152295131507,209.18702364537234,208.68821969604534,209.94109136979077,208.06187300268755,210.87542842523945,207.15003498184214,210.76619094438436,207.5482457592864,203.51175506555475,205.16463695122488,202.07631000772827,206.86083447461024,206.67111300971666,207.05882385577874,208.02549905528207,202.76896865094446,212.56632464878254,209.4252329650631,210.93044476094806,211.24965558345846,209.26770540379513,213.1792278045233,207.6814226400249,205.4300602662394,211.9327608278338,204.77915989736042,211.4976236573806,211.60847863963068,210.04752137490962,210.37689479895306,208.40213084956378,211.60013439965454,211.62473078900976,213.85856121340498,212.32030757770875,213.6368354664631,213.3765219207053,211.83172578107983,219.71769062206417,217.1591638891218,221.6189165539553,219.86347100303857,220.71315693497226,220.874790272013,215.53669218109368,217.80212218604018,213.8734312372413,217.13617311339422,221.62520881530736,221.28449841236042,218.86886907041713,224.32055863366776,219.4219165602929,212.1568445996032,213.42582262965854,222.28204468490225,218.82906745588033,218.75367972986825,217.75293902351345,216.38813278597516,213.82758475737214,216.82940082725435,217.78221522869688,220.32178280399262,220.89360062277805,216.84363035207903,217.39020238530955,214.93849938928602
439,2020-01-28 16:15:36+00:00,222.6910494793858,221.66481656804868,217.59508113630946,214.26951222650192,209.58371152237987,217.5427670529415,209.75936757196354,215.99899311328556,,,,,,,,,,211.3268686303323,207.73785440703037,209.1516304407773,207.45181712487124,209.3173255743351,200.60444353187307,209.22195406766244,205.37744413619853,210.052610169035,205.7348267566898,205.29631581040323,206.30874331388105,202.505264918321,207.6115265315634,205.8099993365919,200.6569398900566,205.514140895657,206.94662346587626,205.00986779588638,208.39391140107057,208.4993431175622,208.9301800471468,206.72365727164646,204.69326947584645,204.56490042309014,,,,,,,,,,,206.73776486893271,208.69864630699993,209.92799088054187,207.930525072152,210.36944642277618,211.5032344609613,211.67705319292193,212.23927787627417,216.2046685968629,210.9928874101239,213.24370430630086,213.39599833867516,211.67578023014175,210.45700723705636,213.81585163894349,215.303845007495,215.25622491973039,213.9482772908809,208.69103588163543,213.46624351960614,208.58419786292058,212.38032514029695,202.25334100984605,,,,,,,,,,
440,2020-02-05 16:36:08+00:00,226.1746871325172,221.95832762922888,226.86230239435562,215.650469899462,219.83100893318866,218.53080667076034,215.40769757724988,216.4429166136754,212.45442394743102,215.2334334536922,213.94165775477333,207.6720364903882,209.8023322864962,205.75106204577904,208.16809586723434,210.45309749689525,210.48696139167131,209.9672659880161,207.09524164820957,210.98456702706343,208.77093446678165,209.86852211543786,209.2878513366042,204.23187373531476,207.59936501950787,206.88346589995368,209.0806709967282,208.63967476322964,201.92161897553623,206.32786720210623,205.15162390664284,208.53702040736798,206.75413969731125,204.45391325389963,210.74450215075788,209.46882645682214,210.44042568965082,213.139776346456,209.98015768950856,208.50090339155415,208.79765605073845,210.17731055828187,208.93536657501664,210.39591690884265,214.12544699535917,208.70176773520203,212.28332846501837,209.4030396655102,208.17618399210775,209.62955047591666,209.8175310324144,213.38329166358457,214.41637989847376,214.98197917844018,213.29823157716683,212.36168667933424,218.7623131343272,217.17227917515984,218.81980059886047,216.88573619420706,224.4310116869429,223.0228019955808,219.1077616758779,219.97671830586316,216.76326946281995,218.6532395019051,217.19157632947267,216.1984364067547,219.68455891595752,218.72433635211058,220.7025879275294,219.7925659096036,219.87672090976102,215.4643680933681,219.5352951341067,218.59270005380378,219.33472188562976,217.58840228643516,213.82009817168682,219.09191537460683,215.94780859582724,216.4802129158363,215.32429060400884,213.7149205630635,215.69082323469283
441,2020-02-21 16:36:05+00:00,230.3388925683355,227.68929230531825,226.95902288158936,228.69673800346467,222.02619778393196,222.67087809161683,222.39444054195158,221.21330853451997,223.24137462403465,216.30428108167044,215.65013653717997,215.18886158907637,210.06673124709772,214.06255926019534,212.5450526326465,215.4350707382193,214.90035690564739,215.2826737488746,218.15133184690262,213.88807589739574,215.76195994712032,216.28801176953337,211.4993715997242,216.13072060566506,211.24207625210258,213.76514409308547,212.50163702494672,209.04562540767566,212.6482450773503,212.5096681056257,211.05382234593228,208.3303125341246,208.67907957781696,214.77759031438893,213.8176900565896,214.1419957622419,215.11821423831046,214.60496177668892,217.76463523255072,212.85174546972664,213.2310482313121,212.56706817899476,211.87720319681065,216.61522602708797,212.15482483262383,213.4904423898846,211.01618713417082,207.336875561898,209.15878754520483,211.29037292671845,214.00603374275065,214.9284711131709,212.2998515999146,217.35701486749124,218.79931914745762,218.87826080857658,217.42102569293655,214.88269945874418,218.48600755960513,220.8536952799324,227.8934189104418,222.74584864031067,223.44037745390187,223.09715972951037,221.57299651708774,222.61114487145358,220.40044393523468,223.5836086703286,223.17223016661234,219.59651651287027,222.0798358400234,219.7430236841114,222.85523559870038,217.62657417466153,224.76128549662693,223.66142565351652,222.20631921523935,222.68252557403528,219.04358010165905,222.02274977418904,217.62061113886972,221.08518800173442,216.916900150966,215.14305877309897,219.25510207003398
442,2020-02-29 16:13:56+00:00,236.0520508602244,229.56344835689256,227.26337629832972,225.8508415247927,223.98583530115005,226.7726786605571,225.42563500742952,227.49758645184394,221.02368792885218,225.0999020009211,219.91067069232264,220.67007301466785,214.49376527554585,217.59435866579415,213.95872069476718,215.9106888884793,210.4677007520292,211.4388066729087,213.05098739825294,214.36971123376034,,,,,,,,,,211.2336267915988,210.07536426930528,210.36765623917688,206.27351490794814,210.00200528113376,210.61388040665977,216.32300743324558,214.75957593734842,215.71071325916137,215.00041731444023,213.89799350165646,211.12494330079795,211.0544174316281,207.7216126598709,213.36253450854164,208.5673403579808,210.4918283673398,206.46062645646245,210.94621016999588,209.92562958397048,213.17328337397055,211.0651673179247,213.04286558670228,211.1036893286808,209.6114112837467,,,,,,,,,,218.1002203476018,216.70805574538701,216.89862745044928,216.87033601954255,220.7185332963529,220.42711336790344,217.92028064109275,213.482688742581,215.70210514073142,215.01933703244634,217.03732030953785,221.19988864736274,217.45250964385434,211.89424950464888,215.48660145220578,213.7384905081124,217.8100951647305,211.04911237251895,214.52414135777676,211.48096862653466,212.70068274302668,212.73884523508144
443,2020-03-08 16:35:59+00:00,233.3078167598511,233.7344216477127,228.99363037182914,232.38713062631513,225.81208078961018,226.86243936172485,228.50630783979307,225.6828444127618,225.81354729505253,221.4973505850268,223.81455414299987,220.49407796023453,214.76324754770172,216.29692734630706,212.9842926715045,219.3372543108398,219.55967183251886,216.0236724380721,221.12249508436224,215.60442766470484,217.37656628003577,220.48682830895584,220.1750196440778,216.97783474685866,214.63068121085587,215.42247469931564,215.19704852100668,211.2610589485816,210.0117726284348,210.87729650431154,209.86857849070444,212.42020069045927,208.15451632109384,212.52061662508166,214.8585184135334,212.4176758865007,215.49878009942975,217.56161443884,218.44066080588092,213.09798993472387,210.83625113484058,211.53753997668983,205.48950525251283,209.90369275052535,205.33811022475862,205.26852808599662,210.18680709060266,205.6493530443078,210.6600606912733,208.14327830392128,212.04737942281253,215.43024460914188,208.27919005076754,211.208021601656,211.92806319622355,210.97075161268478,216.25618368199306,214.3373150321418,217.21539973475248,214.07189910950174,222.22686606462509,217.76735405232776,214.30198435784263,222.52376540541476,216.88728341274455,217.62462671095608,220.6320669973845,223.27658212829283,225.57557960593945,219.3701530700569,220.95288500705945,217.2316542197178,219.66672099573321,216.94836913270913,217.51369670409096,224.0634720193266,216.80079661815915,220.2884793672767,217.10317210219932,220.00328450902543,215.42340259652383,216.16212491994864,214.9113511999603,218.0660704339634,219.61500066855987
444,2020-03-16 16:13:04+00:00,206.2614432312054,210.60632809156212,211.1027091744622,210.27822578357743,207.01838174322336,206.9378848770115,191.39851377253197,,,,,,,,,,,191.56963451039678,197.9375785919353,194.89465230803,192.32506026826388,199.15682354073155,191.55217261200121,195.47280404670758,193.68526324459933,192.48506993286674,189.9438679132533,186.82861307131333,186.5717607678757,188.14979171471066,188.03299030886623,187.9279334570524,187.0041917485122,190.62971563956404,189.64620517073905,193.88817686717695,192.0736375761015,191.17823185014035,185.89674446538447,186.68220776045655,186.33291612300096,,,,,,,,,,,197.3736341099443,199.9493704493712,194.0575387256748,196.15493442828662,193.60550171336874,197.3900985964202,199.8677315438503,198.919723775356,201.13549251560931,203.77935992465135,197.92273624837173,194.46530921903306,191.97545613584253,197.2601984935123,192.9305258864543,199.38416945116458,197.0068761137308,198.4094137235872,198.7611393808264,196.7107113875737,198.84713547691493,196.79905786401434,198.6173863267686,,,,,,,,,,,188.55514080290988
445,2020-03-24 16:35:51+00:00,206.45512605763872,204.82028927156352,204.99561918132247,205.46764600520774,188.1909355566068,203.4383353382643,196.03286285045618,190.323320993743,193.71307401978484,190.82437562157085,188.40389258931035,191.5411894448759,181.90040767993816,190.08260534260856,178.01290305285718,191.77082176443042,183.87450871023213,185.94109517445523,193.1732924053203,182.18949714236285,192.2969989138406,192.31432849039308,179.47633228832615,194.96572698723244,183.66117576412955,191.56637882525177,185.5028462989165,181.09887746931525,189.4724110417772,179.3401165804831,186.9943208882356,189.65503062413464,179.24565742376168,192.0264062073143,190.59247380975594,185.8302918403801,183.96906125916354,192.97080935698807,195.5436940480511,184.21835913326066,188.98546399988996,187.87723398610945,179.24922539466382,194.39274528426589,186.41414705412242,190.84026850339745,184.54720717058478,189.71517853067704,182.9186223611292,187.5720886488174,191.02832003048755,186.5909489492942,188.8477641823666,193.4484054076614,183.5470157451507,194.6633692877053,194.35875298225062,196.8254162746901,191.81650660423648,200.03716732630846,187.30125182753386,196.06150046896084,188.35991808062437,184.4917859932651,196.96973455581355,196.8942540867388,195.04496543704164,193.7401837797949,203.55593432745923,197.31528607338322,200.3204462579837,193.559129704126,201.13535354495806,196.11668015682224,196.68985308476425,201.12479160441956,198.36540542047524,199.30927808669932,193.88595527442556,200.3152620906493,195.7482196895514,195.24445574468436,192.2624501392722,190.66377996247297,189.46658075197814
446,2020-04-01 16:12:10+00:00,204.05869403383474,210.90009645737243,196.74356412435546,205.89127272230354,199.3138530996786,,,,,,,,,,,182.77043988160867,181.8819855195411,185.6050144425039,188.66450923583037,183.6118205921175,183.3065828533488,186.10082649744115,186.05672612090183,189.40165495113,177.2913829800803,183.72508125164956,178.03430276965395,174.4426226519918,172.22297622213594,180.64256812675285,182.64943944826373,179.14407637862777,179.26136013094856,183.10699754767046,182.34688299546957,185.41239386689864,189.5375346780781,189.47522751532554,187.41552884571811,185.50067583587818,,,,,,,,,,,189.9364564520684,184.1012851935904,190.47978202589903,187.78811154128306,189.53241222540095,187.2300307460001,191.29073004793437,190.20871372133854,189.2293656774553,189.7997471310398,188.34506609337936,185.16469740451384,191.67996146265372,189.5597373494462,194.9464796596111,188.83838305200516,194.5377568323033,194.61605327929524,197.209974994933,197.46529429540286,189.96878684432266,194.57948443891334,194.57338921556433,,,,,,,,,,,,186.42134414762583
447,2020-04-09 16:35:43+00:00,189.91720515890657,197.26181868952258,186.07232957596167,193.34081108331947,189.9874639353916,186.18480654662315,185.82607718532395,190.28259356498398,182.17835399145312,172.6629677897554,181.7040238299897,170.04939329071198,174.63033743818625,178.77589579747595,175.68509882104266,175.02277854690666,172.8456381808514,174.4364258031901,177.66317395172766,176.81840777141588,169.99891641682115,175.06556851799965,181.2511645237007,181.33948185208294,173.54570286459142,175.98324181848432,175.69523534728935,175.48016610730804,169.39999168287684,173.53019863218086,178.74805179495118,180.00188233374465,174.1098321736574,181.5872440627627,179.31254387337916,174.53586153664557,181.04293628657837,174.63128951593163,182.91864377974122,174.47056076791645,179.3135471704063,178.37300146684402,174.98182169249532,181.03213636732346,180.63301417975288,181.67143471118553,175.42999049166983,179.96234699288263,182.47920221728577,176.86966350695587,177.48337308805657,176.32391645942712,178.29468491036232,181.90602085678464,183.64336284690518,179.68249476036286,185.5309885014956,181.71847205441566,183.8259982970808,185.8924956078341,186.56368191501443,185.5639889540318,184.9237845779738,186.58536472297519,185.81831213615436,183.30575794538052,189.1346152666785,185.26658311280633,189.18833072092366,190.08800179298674,187.39160517196208,192.144355805319,189.7936088955301,192.08417259114074,188.90150590937068,190.27643915093537,184.46336170401,191.92717121457434,190.24050507688528,189.99074559718235,189.48231985793558,190.1307024690035,189.76915646432002,185.82247546363985,183.7485082795534
448,2020-04-25 16:35:36+00:00,193.94992057822864,197.78741051942183,189.15710048366188,191.62167498744756,195.4706117291654,188.62667630080853,186.61871667064472,195.9477252822114,182.64496083859234,181.5055430977458,181.00000007044295,175.39565710596722,180.3689543361219,181.02989145424883,175.9393172639604,178.76736507225823,177.0497824943381,176.17816053438563,181.67693176239624,176.51991681823853,178.38649419574855,179.99451471593792,183.06917304265426,182.01586541584797,179.1783725474586,181.8893656917646,178.77443287456796,182.38272129301356,177.64077379779872,177.16116873472572,185.1160689475559,174.8376907864628,176.6541587571194,180.03019876228566,183.11538344770818,182.029492507594,180.9353716023306,186.0946679851565,185.20217446269922,180.0911166836189,188.3791111620274,177.0565071305732,184.834433238415,182.466139966763,185.3399521408481,178.77715944065847,183.33284655191122,188.00512255709,188.76735793616362,183.69018449329494,189.45690401963677,182.95420456937654,184.37471948140333,188.30869190257985,187.35881806247806,190.39535298925097,187.2429615090547,190.4781641621258,185.72316636332775,183.54495935204088,192.13967039441945,188.16823433221953,191.8528697175937,189.99728625855352,189.8487138563672,188.84626499873352,188.7235298469585,191.42292862572677,194.4684043284442,189.50798217664422,192.96913657977098,190.29214811935913,193.4024456481375,193.85334933556823,187.5013234520523,190.0372522534756,187.96706271358272,192.60773018113264,193.3609899256256,190.2904699191345,191.90897584245005,187.58390714958767,186.56447509174927,187.1940746536421,189.28868206749
449,2020-05-03 16:10:17+00:00,,,,198.18771874478986,200.2636852858081,193.65330644528942,194.13992957225437,197.07839078397228,187.54087925934988,178.58136738989316,185.81850415899385,184.3414776868566,184.49936572345743,183.65816057350094,178.55700680094236,181.58558836472372,181.15172218698905,184.7051432412282,186.46477783889145,182.19248453765238,184.49559467413792,182.46308666705062,188.06613871225002,178.39027125884576,183.70401184232927,186.9961584553127,188.74922902354183,188.796161693129,,,,,,,,,,,192.97249292264283,186.29770512744457,192.09881455233838,183.82466997292522,188.57906291960362,185.20131753982255,190.81972387782042,173.41590056480123,188.55250254079743,188.19478118148155,188.03319439219825,189.75926409351854,192.5358953560954,192.77163504389873,189.8234415691078,187.6055972336511,197.3680818446912,188.30308205912496,191.5387833013459,195.30077524522562,198.25724078894694,191.8755764703485,192.54403317194766,182.8624947741663,,,,,,,,,,,197.78928313386962,199.60048237793706,196.20051468263483,196.94211866931602,197.76671603503013,197.21092778974318,194.93062609819535,193.79723368517608,192.73376909122715,193.65542305192525,189.30818409935574,194.64322074204364,189.952045866596
450,2020-05-11 16:35:29+00:00,190.2768893586194,189.46869509903692,187.68365098197552,183.9613508401534,184.99424405897776,185.9450126716556,181.5238924397467,188.69991624606297,184.41583808314894,172.40071553994392,178.00413694284347,176.62454709092736,182.6390456879064,176.77933810325152,175.6794657120318,176.32212791008737,175.35764437730316,175.72109831912812,180.2125531919666,173.70035192337963,175.37102336556575,176.49566978500505,180.95122483001785,171.5770952920787,174.18588269909966,181.33549400308414,179.39942055942456,180.84405691946858,179.7800168539418,180.78409588526853,181.4542138904011,182.85082761210631,175.60697765479685,187.7131356589702,184.2957611153211,184.73173551073873,182.40383908380556,183.58154043561402,189.5176030197708,180.6007602017444,186.23537239678444,181.70564858033381,184.49280044318803,181.25152166568887,179.10492704789914,181.02928565199932,181.99567901714667,184.70973020146056,183.21137046515582,179.9180134877937,186.19794735309088,184.63967823509654,182.63112955007676,182.8261020831735,182.90401460514903,185.99239978114204,184.05848156199662,182.67786828230413,186.65840639705857,182.7317387981951,191.43435121532585,187.25251709104148,187.6321752184911,186.41426677288953,183.1613573014791,186.48965015512496,188.17596558336064,185.34461482162862,187.74969801968447,185.7224145146871,186.9593550322085,189.1133092397289,191.69442741631173,188.81423915295693,187.68013263136598,189.4436846849472,193.93811208411256,196.66844744729403,193.59343251546773,192.04355336449592,191.30194783918634,192.5680772121986,189.5903631493224,188.25344115735166,186.59239129270196
451,2020-05-19 16:09:18+00:00,,,,,,,,,192.53157957037413,188.143877561196,190.34482216183085,190.59449270814878,188.15957297739595,182.9872202772862,182.67489067098302,188.77316997575065,184.28914055866704,184.6892106389464,186.6307063560261,181.86937156057462,188.2967008323131,189.07802232284592,184.96458998056121,186.1379252338086,186.88013618174574,187.4333767143644,183.55593182034968,183.68226098957464,177.77868678499732,187.42018907540293,182.4528771231653,186.08815319930147,177.1351985244285,,,,,,,,,,,188.51779753861405,189.5114017025218,188.50227212982196,188.2346532937631,190.02941418957315,192.6522880884267,186.9405575995436,190.2221013167677,191.32556881941463,190.64748817229693,195.35124288094133,196.45323634445936,195.6267562229802,193.8182056150062,193.09730717217576,193.17213602752463,193.48471017694996,191.32241666646016,191.75638221779676,190.4400265381574,194.2912269043267,192.03445274532197,192.71566981958307,,,,,,,,,,,,200.98525683016538,199.3056187072312,200.04873968316838,198.110025369768,199.0694184981867,196.1274061069788,193.8930021480488,188.9660456341887
452,2020-06-12 16:35:42+00:00,165.18150025435588,165.75021219110872,178.0739943642164,167.27956362099252,163.76932797214414,166.52044893610542,175.36364414729536,167.75122511052882,174.39000370735573,170.59379366577352,153.13695286765653,151.19515234418088,162.71850887498033,159.0543196375644,153.54902743273027,159.61902897219042,154.34642263430825,149.6279954328376,162.9045804096898,154.8975640956448,158.32457070244737,163.58047028844436,166.31992096215896,155.18763778637322,165.9358807508324,165.3317344785226,167.95260874574413,169.1348280783559,169.7231500011178,163.68087845010763,166.7091663718459,160.52426225906413,163.807563101044,172.02549460191517,171.43054545527923,170.7257476064675,153.49619897467863,157.18090977289307,166.99791703189092,168.79652320099814,159.86714746640922,171.04601994269274,172.00495635921806,168.50997874846874,176.57052555714446,161.47748930342325,165.44400089347928,174.31293352885828,170.38686762394323,167.06031072951708,172.82854667893974,169.94533617779723,168.1258293608977,164.96704574424274,172.54307659440587,175.51188791769508,178.08095090892652,172.03708393415894,170.28719516325827,173.49363853674473,176.86710469332976,180.17294042014638,176.59125010255664,178.90332452860065,173.4112734264835,169.2601140507791,175.0840144213903,173.73318410148207,179.5853635425457,164.45841729680964,179.25362830706314,181.19668529551905,171.02184036299334,177.49630159127705,174.58209022849306,177.94313706013688,180.52102322355702,176.5851027229357,166.2469929493633,177.0285533942828,179.82338274589057,174.96864485531196,167.7190145464899,163.403863095192,174.5656749383198
453,2020-08-31 16:36:14+00:00,181.56024377591785,181.85742615189366,173.02354596783357,180.0711970444322,174.58105093090143,172.57471483688076,172.43410319962632,177.2891160917093,171.93933340319393,172.6539286606594,164.57780520782217,165.2512029897859,167.46531943968995,164.0909490545765,167.70001258426845,170.40313978731274,172.78341975689517,173.6158252413196,170.88700948264304,166.73374442489342,176.13482214515167,176.29113487885064,173.92809957678426,169.42382254406505,177.01691195518976,179.168541192175,168.8887376853154,175.46991231431542,180.48610963103587,171.84613813520957,177.04815253539084,174.5179117646204,175.27707927778653,183.16050703668262,177.7636163677434,186.47687424434102,175.0825875865315,175.51324312210434,181.75555094297636,183.10741973711586,181.52155077870162,177.78537956675075,174.7723327397482,176.89939949375656,183.79962050927077,184.79816722446412,177.83202910095838,174.76652328809723,180.853629431838,175.17433386520324,178.03830915842246,177.4100005106704,186.42952009563737,187.28489894549392,182.96766829988275,182.5922034519881,181.68884122716076,191.67993236102356,187.19307509494274,195.86329870906002,190.23141516531857,186.28468542639814,181.3328793693816,192.06846619286517,189.13013014413485,188.2930415175173,190.1587498280531,192.51959419457415,186.08556943353582,188.74998838406515,184.96592367409204,186.33795658649737,188.98247181253384,188.3327845979233,186.38749795647362,186.5860651148585,186.04133635245228,186.0408407298184,189.7002597070177,183.11925521013583,183.8319001601881,188.35399785212462,183.22838038276012,186.42675869197444,179.60854507601462
454,2020-09-08 16:02:25+00:00,188.8633356173605,193.47444719373647,186.21509001935397,189.896454696639,182.1484386545534,184.12584638043538,177.7189120015197,184.27668605282136,175.22121189099025,178.5831935451121,174.68910953602312,168.50078669120379,173.44525874399335,169.4570048483857,176.43906024814802,169.6961185208002,175.66321030044548,167.4155801692389,184.00225794429556,168.1313413368293,170.36534941458754,180.4226151151294,179.81216315657772,173.05437921391754,187.74312739787405,,,,,,,,,,184.20583027653873,185.16797858319222,180.56789569584814,177.34889911048933,182.24801488601372,184.88214799598606,186.58285610146052,176.40728247714588,183.61016509029926,173.63981676862798,185.70559157440147,188.82736839381914,186.14612447010046,174.99340478907456,186.27309255653327,182.852486901209,186.8882856628749,179.50406568383326,188.86241954805232,190.36092266140784,191.46978362933592,189.8509933246214,180.6460840003479,189.5526231317504,,,,,,,,,,,192.81810511276043,184.5021948541833,186.71032778757814,190.63316276405388,185.81598072594022,191.4709505167785,185.31821809695586,185.03169779290627,187.3383010734607,185.237630361325,189.634802507214,187.5476675133041,191.69186933585016,185.2235810030829,184.8548861709792,184.1024233026666,179.32774115766082
455,2020-10-02 16:36:24+00:00,192.49010184650112,193.08486967020264,191.32494964233592,195.2448550111852,187.4648092190164,187.18131749653594,185.94289534511594,183.59728822710775,185.01632575441246,180.98644242687055,182.77195699294222,178.87820353286378,174.8126436966062,178.95685672333605,179.6915274446283,177.3082686992519,179.1270408440566,181.40981295087238,184.55349727660476,178.92110075240168,182.96608092580848,186.47446453027533,184.05957752768253,189.99434441364528,184.0723380578976,183.48998970693083,188.82891277777514,182.15306007162093,184.35930576512752,181.1705462753884,185.1467606578321,189.46445668498671,184.95562404957172,190.76395403330787,189.96249707266654,183.21327457144457,187.318419638389,183.21833010449947,187.99261302569246,189.66760655708887,187.86279371442376,186.4945078853229,186.24270360619272,188.44719422451374,186.90793077855147,184.87367671592114,190.84295782496554,188.48215003102848,189.21016721898243,189.31164996666914,188.5195473155452,188.1742777862284,189.66600644392423,192.6317810163262,190.7890095595111,192.26552142054695,195.05805766966665,193.68776852977942,196.73080703942293,195.24219760803035,191.14003070401574,195.05112666573928,193.34211622976497,197.49285816710272,196.85890846681082,192.18310735298851,197.8575672531606,195.95635146285534,195.12881011766189,190.19905771800757,193.4277425211271,198.16439415415144,194.0982724485608,196.96656633071188,195.24462664050935,198.36223308980382,198.4143800884781,197.08660380626029,198.55969621338318,194.93979613453598,196.39137792596358,191.49876047308658,192.84267306439213,191.38129479257856,195.41377908386832
456,2020-10-18 16:36:25+00:00,194.03786510003712,197.50307988175004,190.27859585342637,195.62457212454711,177.84844223013587,189.29058098209853,189.9283345237667,184.17273222608688,185.09081833660795,184.32806106971844,184.94288417718255,172.64177078937894,179.6238610879862,175.56915704579106,185.50826898306502,174.10604944477015,180.50058908202888,188.10180291909,172.62433806928036,188.11900545341916,184.50720914158353,174.2961536922383,190.21275733988523,187.38117829347527,183.9156614749997,188.4297125874469,189.82616801459005,176.677854286576,184.5160207725633,188.63569940996123,182.79495778855295,184.16217822874296,180.38290490909503,179.5867461257095,186.2409991144712,188.95621718897704,188.81915560282232,184.5855976205382,186.5054668206505,187.35693667850367,184.55827289839294,186.37821476402456,189.7318015847561,180.68297081285817,181.22028984485274,187.72146213985533,186.94710314121681,189.03175504042605,183.52941181999546,187.24200350803554,187.55117747501941,184.8161716929656,187.21883037584774,191.28961502278892,191.64402521539853,192.70288766305018,189.98272744750753,194.03074805281756,192.90729147742977,198.25250979581597,194.20674620813935,193.9370078643705,196.3492250393862,194.53722928240254,195.1656540130487,192.79418341520912,198.11660092102804,199.80036131911862,198.09703406525713,197.38337255873094,197.12074860015036,195.90688200212003,194.48156308596649,194.09614430281715,198.2440604133514,197.135796864694,196.52978381714368,189.03344405838868,191.4609016213339,193.39828731706257,193.8085460696049,195.2267532778808,189.4331706960764,189.67068490502575,186.16004549143491
457,2020-10-26 15:59:18+00:00,192.349440742226,191.6857312804221,193.33955723859918,193.99512460257512,187.30694474586602,188.63879419904532,189.87418631022612,186.44533382470937,180.872261404699,187.7797461344076,189.11352701363646,175.26098910402968,182.7646851128565,177.60221590732615,183.53021025532937,173.8443673188004,179.19920063233647,,,,,,,,,,,179.22609009190361,191.51200918064015,189.87452332045868,193.18673176903837,194.3791321455796,188.4931615838499,187.742691086846,190.46584727120415,195.31341584956522,190.23911466267668,188.37712630102956,192.66192429240613,192.1795747658253,188.91586722614258,186.05512994307003,190.18892158177857,185.4690230491506,186.86546061078246,186.272078335428,192.21704945920834,180.60183279159025,190.66198334731575,188.14546153477207,191.8395171146396,184.97017946445985,,,,,,,,,,,190.6904627796297,195.20629965786495,196.56237876238598,193.52064134514717,194.63968456996798,198.92192218542655,198.26665557457352,195.15070281451258,193.29824852773413,191.78464188735194,198.14997488410538,191.4513226457458,196.9228335557823,193.501145756327,196.43312693420023,194.6534664880139,188.1372688934194,189.4052287938242,194.46571381261265,189.58699959630965,191.21266060398005,188.0325825261146,184.88093913897765
458,2020-11-19 16:36:23+00:00,204.503844136647,207.11326306731485,200.14837126375662,198.60807258866316,202.42738810306437,197.75333156285348,190.7892851109232,196.00596471148768,192.59313678868716,197.38210507865318,187.57747031173813,195.57929148724656,191.51898222082727,192.65125789917187,192.28799230451625,188.89462096335157,193.9694227927604,192.31253565322635,195.8046019367005,193.262603212705,191.31539210601397,195.90870123753632,195.58011668173248,195.11373412189855,197.5700899134352,,,,,187.36082900139309,181.52613743825188,176.00493602312847,185.03485065034164,184.346227187649,197.54578102041083,192.03067597920995,191.2260369969242,196.59594199849312,193.19165020887314,196.70105033253,193.96566095867746,193.51898429698727,186.98098869245024,174.247454528456,175.3229350903852,175.99401358264606,171.21038556283045,,,,,,,173.98333509121565,181.94275954849405,180.3382228690285,176.56578667202663,180.94721158679044,189.62747574480636,194.49397934692752,183.41771526663152,178.928715324158,190.16761841598773,200.57976063679624,200.73189717687467,201.4093021965055,201.66499890431794,198.46538926754707,202.78421366259664,201.19500938864687,201.92841814260507,201.3996724387153,199.82851212226717,205.05629756939297,198.77174093737113,198.34889605049474,196.4744911373722,204.397160824867,206.38533997230883,197.2972162016953,197.98590812671654,195.90628870380095,195.0361201450309,191.23100824669655,196.2027177180052
459,2020-11-27 15:57:05+00:00,,,,,207.4519361448364,200.26276071358694,199.23175547294193,204.40000154005924,194.79247194325504,196.14778007381327,191.90128850615326,196.98525879635613,197.76230410912913,194.76441111173057,188.83648367013458,191.24494133108422,199.0429862387802,189.64394010884928,202.96518107472986,186.653732879895,199.96109853953482,191.82613481520613,197.2665582739566,198.18519788553732,198.59702559398187,191.4291814462577,187.57113253238603,196.9487868623081,192.42854102462144,,,,,,,,,,,193.84772544799154,199.39836446626728,195.44268760781526,193.26861593206388,198.54581167723865,197.74732526947417,191.40213626227597,193.93311092858025,202.8963603909956,194.33049220721801,199.83372609476444,198.26838164676312,199.08981899483973,198.61734004604656,200.8482798227153,200.75050231169897,196.78673617356725,201.55768859315302,203.92494495205645,196.7751034475091,207.96677940604496,198.16687738465254,202.76130362483195,190.83120364740014,,,,,,,,,,,202.42735890301145,201.310701111592,201.1948554202817,206.88548755306596,205.74659822638355,205.72288214122625,196.24214468349007,200.9322852742222,200.61823905928864,196.55608651009527,201.11635576916305,192.13247410944913
460,2020-12-13 15:55:54+00:00,,,,,,,200.67275760229958,199.51744577750446,197.5498257278323,193.66033380834438,195.67539588355802,194.44212816333146,195.6860413916816,192.93599075329476,191.72302114579267,188.10942984458083,192.32264418277106,185.748439049139,193.0460970427691,195.5806043243342,194.29069816753747,198.15433798006353,197.70779769398467,198.7689645393623,188.0145064589615,194.79936636082516,190.6443313434442,193.08160583341478,190.31575098238068,199.04484375613436,194.17059777245564,201.37967663620486,,,,,,,,,,197.9949234149335,194.1207273870403,199.9218047466538,194.72690410837706,199.08529825941508,194.4967453899392,196.15413352823853,193.88507751411538,198.72619533598805,195.147483405157,193.3837306207417,195.44016675602796,197.18039852356762,203.2646726441368,205.41325399008343,201.56174002475507,202.41648492149451,203.76549149590517,204.3995243735957,198.99122229891177,198.60688496729935,194.43139039460758,201.4530671189431,197.0986802874671,,,,,,,,,,,199.73983638634417,200.95592622427407,196.58450682533672,198.8672080513051,197.11185321295105,199.68048323637123,196.84367290697602,198.8777371776211,194.5785207344016,194.87625506495817
461,2020-12-29 15:54:44+00:00,222.03337905340285,220.5757294215669,218.45113749385393,212.4200319222996,217.22890639492212,213.68730591186136,214.63913639317767,213.56828166376832,210.44635924271856,209.85140369261399,211.91513553649872,206.50228199471283,207.56483583945047,206.5644233157922,205.157052495534,204.07746282361245,203.3500408929764,203.95719392976977,222.05667503172103,,,,,,,,,,,211.50599383538096,210.03206577209133,211.09660812058937,208.9387116641581,211.62478421948586,210.45734748601484,210.40818458914967,211.27606374737562,214.97771185831866,214.80790751659282,210.66320771688612,213.5591318751214,211.56679387316208,211.3528096814537,211.52225831723328,211.4639257618472,203.48945738659944,204.33651558485192,208.42296191468026,207.49027032848787,208.94577360120311,208.96640319125257,209.50111842547116,,,,,,,,,,,,218.2640956176297,220.24132534096387,217.28432288472322,219.33054306138894,216.1364176432043,219.00199479927176,216.7568205083561,218.2744118021007,217.57495090213396,215.8302689709295,218.85884777221392,213.05454650317805,214.00108045648338,213.11205069524397,217.87975986479154,211.6214044803645,213.7573099812865,212.67855040016605,213.70119932055746,210.20094081330018,209.8752401428675,208.4448594701453
462,2021-01-06 16:36:19+00:00,210.53157762881486,214.92439133246418,215.13935250034646,210.6312569450685,205.01953109679428,207.9442007174804,209.28288287918645,203.88137861128723,207.86884183939392,206.7943010012541,201.8580640862946,200.86575878546392,196.5387740731063,202.07761342286332,205.5240585217216,197.30650229017533,195.61113530752638,205.55257877548092,199.9134483905643,207.81895436858838,206.3137392713574,207.31628359985473,207.25289487843906,205.71668117223038,204.90400036183524,203.6675167704514,207.98370329952414,203.89355854559034,199.3105414726354,205.4590327155846,203.9076575689308,207.0320021870602,200.51219397371028,206.4172249855266,209.19989779544616,199.0776933974141,208.29724830544203,206.44578362472242,207.60016990433382,201.29022525499562,207.2846988655358,206.5801035393359,202.29894603162046,205.49326432887622,209.35328194206048,201.21404040885636,202.4668863108556,206.7854098694581,205.62959711865307,207.41711626327316,202.25103321746292,204.8535970128982,208.02148614841852,202.40771930144953,211.9480931956382,209.99375650216163,216.58142916197974,210.42066912833732,214.86380148549222,211.9261406122866,210.6625210911692,211.7325413477385,213.7381836766963,215.56176974057084,209.41795883626804,215.0517431807372,210.0655391199626,214.58683512312868,213.20726982575567,243.867945161354,,,218.33480180917638,212.57198606678043,213.51276253271521,213.86885140969207,209.04065839065024,215.23111590613024,210.91718698679978,214.5475210137703,,,,,217.8587099900666
463,2021-01-22 16:36:13+00:00,216.28757949196665,216.2056648881425,216.3561413760229,216.88405886838146,215.48599754333455,211.82689992531755,210.39534617994434,212.2720652012076,207.99511295224838,211.84438388029122,206.71653104115313,205.45444718022202,205.55495678803842,202.87828836846455,203.67207789945408,203.98255964892755,201.57650930268272,204.31257450767382,200.32561064883052,207.57334598643791,205.34611173718753,206.47870534631113,211.31963209480256,205.85242288501513,206.31456596001811,204.84019527127947,204.1021472534864,206.4315181197881,201.9153532339981,203.7407539691365,196.86435760280264,197.91018692285874,198.70273097047107,200.18127226686855,206.2335631459713,205.35942942570387,202.2350128205536,205.6237029001622,202.56634991398653,203.66028700601254,201.7623688516654,204.26860228106767,205.4703930990231,202.87823999270933,206.72005249720968,203.2536656009824,205.2509837000053,204.45039441025665,208.17518440062915,208.7600036533968,203.72994588369818,207.07307875910504,204.01099309664602,210.1789382984428,208.79008652459464,209.758815618612,209.6864478777918,207.59710510700248,212.48338638617972,207.57152110913214,210.72138175407133,210.22319235108085,210.3844481526848,209.85013526315961,209.74779305244454,212.96123072685566,211.30564910067756,216.74653206787653,217.7871615281478,214.78067597803948,214.4377764696515,213.73693213868603,214.92929503615733,210.02068657135356,210.81255469934916,207.63926118090149,212.66135019030452,214.97048857011302,211.58361366759024,213.1163609705031,207.50058473988162,208.3911701140047,205.94217479427024,204.83511907634238,206.7853265083757
464,2021-01-30 15:52:27+00:00,,,,,,,,,222.36568175027398,217.92297828240177,220.44603623983076,216.44656015264619,211.957971873402,214.05954606582284,209.18676150042208,214.91920216129546,212.88849282794786,218.0759139745866,209.62469821578617,217.63710747748357,216.85315457859056,215.83489131393142,216.00276342712726,215.50244052028526,213.0696336153893,212.21079035719103,209.95681842318453,211.83041066505837,210.43335202881246,209.16397965854227,210.20143134015592,210.0226568889089,208.10488923238015,,,,,,,,,,212.74400575926848,210.05494159615773,215.18171877190912,211.2548782572245,213.3410522137313,211.96756718732397,212.822713036375,208.19794707389204,211.66780467882532,210.08246397264756,215.50463882365236,209.8871376024533,216.0482176438899,216.43807062423176,217.0713536743971,218.80679361674166,214.33256023477776,216.26450269742423,215.97173592106805,217.23221483222244,216.2106488580783,215.02854434706688,218.0438903858435,212.6907628683133,222.53066397882992,,,,,,,,,,,222.88124175900495,218.25596939744494,219.15642804104786,217.29753784019155,217.90970253171216,216.94154711872355,216.54210520655627,213.23411552509847
465,2021-02-07 16:36:11+00:00,224.93096671520317,225.11331252491777,227.8014922755683,221.2094885857764,220.37806498488382,220.32419479026973,222.44443769556096,214.91734431714707,211.18490268947158,215.4101207638341,217.2562712403396,209.6488796167082,211.54849053377686,208.13642047455207,209.53001643093629,207.97669649892563,207.43505863327303,213.34563226308728,205.49649766871195,209.68041983640734,209.09435320300724,211.9948504161075,214.86459649829007,209.7505202024692,210.73548429369734,209.91866126967932,204.7059969660771,208.37179474685496,208.1393963716078,207.06150770225662,203.8567115151509,206.17416358204815,210.208045555826,205.2224391937467,212.2695148681345,210.01761308897792,207.56008460313944,210.79259024977364,207.00461414808836,207.5247424604545,204.86047651865098,206.57334045058454,204.08556974520553,207.21550409827927,207.86089613889916,203.7082011612127,203.98133713994918,209.124331118592,206.17403856265992,207.10028153560683,206.8338776139678,209.4847587257422,209.7693381572251,207.9825158668434,215.2608696149187,211.71319730720248,212.29708971716,212.15837172026852,215.6146938169207,214.62906624563547,212.16534035029647,217.28853816658977,213.79209492420964,215.08402953466674,214.85610822382733,215.04287729419502,219.56109699867244,218.19617182872838,219.30973402513422,216.40950023243306,216.9379548186644,216.25831464029005,216.4937088044844,215.87768494678312,216.20205412171563,219.9905981882748,218.37636503233935,218.68573841556778,217.1692410716814,214.53920111071426,217.1788838479554,209.19646674120455,213.86025625306374,214.70807499250455,214.34422004833374
466,2021-02-15 15:51:16+00:00,,,,,,,,213.2066666891653,218.8471164359117,214.53936044557307,212.64275049106828,209.36019238387343,207.53474617375355,210.57049175903268,205.72220205399933,207.04720568795554,202.45417262983622,210.33586809685025,207.71524380500384,210.46109932894467,208.56398174454006,211.6766723686042,208.93955598378994,210.64105567581504,206.19634258575635,208.26148576947315,204.3596843622788,207.79623882759654,204.9818439801768,207.1776936058241,203.5405015959392,199.52917401403053,,,,,,,,,,208.90890558303576,207.66301007252088,207.05143663475673,209.66182487713908,204.21240481203054,207.4508265909849,206.2784635311771,207.00552909282322,205.1060418170206,207.5870885637029,207.04370029011073,211.13725431910063,208.81600231127237,209.12324298356606,211.15290824503532,208.00345542947082,209.82588863147083,207.88266814342882,213.71770915235638,213.76330271286162,215.79863448432116,214.21234633845054,215.00387259125688,211.85825440605484,213.01447234108804,,,,,,,,,,217.8896099663736,216.15646235606985,216.10461845472653,210.78094421012173,211.89914097305657,213.61532210090627,213.5523328161084,212.00275057011615,212.36519004713608,208.4839250555314
467,2021-03-03 15:50:02+00:00,,,226.7378441022914,227.6366569444935,226.96943563364596,222.42949471705904,223.4581088716014,221.65473678979242,223.63269740346578,222.7525518077449,216.08872370211705,216.62695209436848,210.93078136404796,214.21649630269587,210.21315509940572,210.63688414602228,210.63269090872893,216.29521871650928,216.34864304614587,217.72278050126093,212.8683892354059,213.82998930842467,212.91232276542053,215.48667150418552,209.1797143914336,213.91890237968505,207.86110636355133,,,,,,,,,,209.19555514467498,210.19673710641345,208.84255936658872,208.82648065080767,208.80525883168417,205.5175028502181,209.0655927783533,203.3048227798403,208.3918503414795,204.61523086968282,205.85463484630034,206.36898868692393,208.31207699722825,207.53098391478227,204.6039731113466,207.13028543140112,207.47472575445224,212.53528404876403,209.20314186339715,212.82861675755353,210.1504498013861,212.52304595064746,212.12223804691507,214.76811416427927,215.08999739641104,220.21167586320288,,,,,,,,,,213.76685136568958,212.64529056289155,213.66163892342465,211.9845023940338,213.476571695958,214.5235024909,216.75613268842667,215.70526251699877,215.19928432828365,212.07433373722353,213.57524064143794,213.5833674984446,212.62783634710667,210.92766377680445
468,2021-03-11 16:35:58+00:00,220.8938257485183,221.9251159247809,219.12936236140476,222.2243108073836,220.25846046300848,213.89967645491336,218.16835143499748,215.86579874917848,216.59718812669698,212.53994446042904,206.20416384610445,210.2521311776514,207.65649826271374,208.16501194096813,206.39580733320426,205.8582960401511,209.31136385020474,207.15838345352694,209.31085504554818,208.12987761347463,209.4538952996448,211.30506660242636,207.20244656963663,207.78491808194644,206.39672685686995,203.99796823111726,205.41292342731893,203.75328439590876,203.78872314535286,204.75431739238516,201.50480535597276,204.5284451160733,201.35485960027455,205.18019384785475,205.8018441654326,204.79993666203885,208.0590066810534,202.90606601476375,204.22161224501838,199.1874970383947,202.04313927434103,204.7690440140084,201.08640361039485,203.96625309808,201.27547848115162,200.440140377444,203.85374541214026,201.68974681547243,203.76498230047906,201.82933711848224,204.56652958098255,207.88624542460147,207.15442921543624,210.74821900067167,208.41098389788925,210.86075090164547,211.29628029177232,211.51338952485614,212.3500304022226,210.1507632944574,214.32074889101287,212.99663729740718,210.23395746632113,209.48654697287677,208.94216963807585,214.59152045746796,211.17975795865257,216.3775446020909,214.0272883662818,215.3406433277821,214.64489416000842,212.313971870313,214.97752112600494,212.12903166220931,212.34404613971273,211.27844857796444,214.67267592782616,218.2026005651454,214.59994617944622,213.30422893796293,205.7539087052142,211.20740891600263,207.61577016429945,213.5200914524311,209.9935340737018
469,2021-03-27 16:35:52+00:00,222.35482066157155,223.61555198730025,222.5882457907427,216.45273790322096,221.38265178709958,218.8705208706054,216.41531891198625,216.44841390754286,211.41079637394168,213.4904909117742,211.8681917053097,203.79481012135662,209.3691306307606,203.47903324834957,201.5439089201788,204.25808753093148,209.01421016857464,209.59637966282847,206.05289675524287,209.1166298156603,207.08901883333792,205.29158906122095,212.9557266590835,202.41421433306303,206.9468182754444,198.8726900674408,201.81715926639302,201.39070159859895,201.47396305240053,204.11559781705122,198.88513670050318,198.23098586010107,198.48921413480772,197.2536176679712,200.3714216265591,200.41367264120998,202.22411963486556,198.2304062120952,198.5242781954684,200.44702547253925,198.47312374042198,200.88332554574168,198.57536947631488,194.96441900419273,195.53346507452395,194.36422316557656,194.77040091101884,196.21711938920487,189.4451433791343,195.63788958389608,194.64568860180324,194.2829561248807,199.29460421581913,196.81188882981334,202.47336002685702,201.73718448950666,200.94364723761646,200.03128646300607,202.4599422733422,204.1279436341097,202.98374409808721,204.0769171359852,207.1227094714764,207.2480696573583,208.37497848437553,207.39020645839827,211.27361456519105,208.37500499953873,211.2786374251498,210.37352522712462,208.81202405741632,209.65784502813693,204.4204313298868,205.21795292856999,204.7198367970376,213.58127862137374,211.81668073503866,207.8460896881884,208.10823808498913,207.01637258977024,209.9268383067653,206.27524234658344,206.73803462600216,206.4750750065962,204.96374474346462
470,2021-04-04 15:47:28+00:00,,,,,,,,,,,199.88531482672866,199.44859850459278,195.6968772552485,196.90570534800193,197.25038508134048,197.67354065349994,199.16716593557706,198.19180458772186,200.10531806033427,198.23633187266122,199.91221035963324,197.4518184510152,197.16323981684602,195.94409262104725,193.56464700745377,196.7492695136735,194.4153002440343,192.2090512795096,195.31958438470437,199.00292218706247,195.15367524843603,192.68367783982103,188.401779372268,195.0987877592916,,,,,,,,,,,194.29332255437458,194.32217214361296,193.43594146965935,194.39427512388937,193.5210360371917,191.05555118500163,193.46680557086333,191.7864407535302,197.6193705480873,194.02294125296706,195.7510928803644,198.26718652821648,198.27934384637817,199.7852436531969,199.08850107420307,201.99945223716944,197.7014776831655,198.3780909364754,200.22918068965143,198.81675922149864,199.68121743357116,197.25871498326632,199.5225215570702,200.96577204046613,,,,,,,,,,200.17503334106308,196.40973044298988,199.0838130212932,198.57942921006313,199.4380229606379,197.27388097503206,191.58986697539032,192.5928982221648
471,2021-04-12 16:35:47+00:00,219.28643814107005,224.49846900059487,222.80720871916697,217.60854890709393,220.37597603363122,212.5794743081741,217.52863148654504,214.15026350539824,212.46800752069637,210.1714963548592,208.9440128994553,208.97805178053176,206.68118192547257,203.1560125028471,205.38985261002543,203.9510974405367,208.93984817641058,203.72800539392563,205.59436130417706,208.7010933185477,201.16194759347616,207.3503381416441,208.98667129900193,203.05540574740974,205.7706371102465,199.36385140281493,207.2450139855652,203.60224942893024,201.48729561056123,204.50244607099032,203.6382212917833,202.17213766374772,203.29686121287494,204.15065316682745,207.24909567891848,202.99530987878026,204.36253314409282,205.88960731737933,202.64425752659366,207.66193651858117,204.02034441130627,208.0857337497921,204.1241722901509,199.13613514875078,203.18622758384964,199.37207889523157,199.26493626548086,204.69153328669273,197.1108495684804,204.41298225737827,199.735851462387,202.07576349406202,205.48911127432208,205.38841966116547,209.13563268804222,205.58518824523986,208.6647514096829,208.09870158809386,206.87907163225765,210.67362796577845,208.53292765823073,206.17760969110094,206.79755925071905,206.74966769746692,210.22303182262448,208.34722897499884,207.87923387708742,209.32528461161195,207.41140669895046,206.9207729712479,204.74154066441184,208.49512839855552,210.72411480999625,207.2262428552345,211.17083106981093,207.35228818409567,213.99808629665873,211.6177850931367,211.69822902359826,215.2528550487042,212.97059982723277,213.42847014594128,206.27634659919747,209.6871218726862,203.50693528013994
472,2021-04-20 15:46:08+00:00,206.36171772391558,207.5613303443874,201.9572510498424,204.50854083231695,198.15189804163418,199.1040115671293,196.4823081925762,197.0989758981961,186.6003315336115,192.97439468196512,192.44002420393267,193.27170662059754,183.5330427788474,188.5345244270968,171.8569327347555,175.62430012649165,192.440322465518,189.3378841634878,190.20711998449943,189.84254526388298,,,,,,,,,,,188.49299168962668,186.07591046148372,187.96993528736442,185.70031996634162,187.6792191884169,183.18031348130137,190.98387672440367,187.07315933843626,190.69532750732563,191.96593827183807,192.68926157483395,197.5576061747916,187.78045865454646,184.33211574629775,187.2688579280411,186.6305480108514,189.90673020921594,184.94305925832884,183.9874533590417,185.94364616670268,189.25850453819342,186.1570392064542,186.49853503163783,181.8872089023372,,,,,,,,,,,191.06222327308706,187.7592302173911,191.5231281124426,189.9032921063296,190.07576252024074,189.37197506937446,192.05605659721053,190.27551759593268,192.48391810995085,189.0305206943654,193.54209344698108,197.7380768602956,193.82201285221325,192.86909818990213,190.17745261666218,190.70761273577065,190.286721470724,185.80477260582714,186.60802004054176,186.77100195324294,187.25490418639498
473,2021-05-14 16:35:39+00:00,162.26609252656496,175.49188852687692,157.39481090307848,162.41917514696817,173.76728567870234,164.95447914348293,172.04612757416163,146.01549174417445,159.3449947534865,162.03661785016425,163.53243942281378,144.78864742565878,144.60393860981185,160.63230810387842,156.0257284144411,154.28588654904345,156.92518524840486,164.89103132950794,164.9419024718629,166.26653295896728,154.2289968178645,162.5852963494325,156.84609802291038,156.15735144098474,167.87266036180986,158.66842188934976,164.90559461219578,153.81147210787282,163.32953341010213,161.5239940625281,161.05786613265192,165.90044628278343,157.31548276308877,159.27694156044626,172.61231771839218,165.7449444862618,163.31655307244813,160.83245495480352,164.53434006159137,155.1818429810181,164.83802812209086,152.38002522091656,167.83080482922077,168.77211632351043,169.77119067836983,157.87190975869368,162.55378752021562,168.77992840987255,158.2928291275912,176.85260842593146,161.60360704463608,172.4493522761793,169.97666933791425,155.8237575546452,176.71793850168655,170.59674003928313,165.49891077488618,173.33456407216167,160.80245545933508,160.51034052235437,170.69676098460977,163.03575014860127,167.96567916355247,156.2318581205062,170.60305831672807,161.88097910017788,170.62485504716008,161.99306677075083,161.49234874661698,171.78144748433286,161.72059508754168,163.2802218840319,173.68418441318317,166.97975210662065,172.01951114456452,159.79807371129328,168.89605103052563,173.48013504653133,163.15555687426732,166.67633965921877,157.13721770882725,160.80744832944092,162.16514949198069,166.37022581419006,161.88142289500107
474,2021-05-30 16:35:49+00:00,162.9450292983288,166.38445788864246,166.0616812748961,162.53824453380568,159.71231451211136,157.55349625487844,153.79159534417693,155.1586445510248,159.96769746560852,157.16509483408208,151.99260096919915,145.45875766782717,152.75093074773054,144.9030443200582,145.96870226517805,151.98497575421234,150.6502986628639,153.3205760732178,153.36034388528444,152.9575634464748,155.5034896308579,150.70221426420534,153.90829792700944,158.91295844510745,155.38561753308804,154.93480900945053,153.5449950673799,159.23589355425895,156.89047894367528,160.3581881570201,165.4637555438156,162.54374265125162,158.38969482874853,151.50045412529988,151.54569451083705,170.6415247865008,163.04504113238693,159.2583749835834,160.59292105504306,157.6671470940027,156.96638217223594,160.27992198444065,159.73448339965756,157.08543316422742,154.69108061915531,163.0151683719501,153.2939068050751,158.3426036571501,164.63885911471294,171.68450266156674,,,170.78319017664046,160.233749373101,161.1235535411396,161.3917473044153,159.68326001736136,155.47325022719397,176.60245134942247,160.45402343147924,158.23485191589836,169.460722283456,174.4657650737799,168.9435995749008,153.0816640860557,175.94409184914701,162.1366737559453,159.74001453774918,156.73846348439713,,,171.28162434976645,152.62821255638886,166.95659601238023,177.80252978523444,168.85311345907087,149.9867562966316,151.17756201804949,167.76726560097276,165.58982380139213,164.571088706795,156.32681115611555,,165.35318465669513,156.69574854146705
475,2021-07-09 15:39:26+00:00,,,,,,,,,,171.8349055288273,154.1889905173232,165.30604857922853,166.8319920885038,180.6388988357857,175.6417537485729,168.35127188849273,170.88773360038408,174.61278561926693,155.5339494910322,159.15258943554466,175.63383841631227,173.41880428793337,181.18399594450818,178.0469405025966,147.65717639133535,159.31422155201963,182.93970176083874,166.03359477771096,184.78583590744708,177.693212126607,166.88354626084305,151.56545784477106,180.1402937670868,185.3889164997125,177.3883907927038,,,,,,,,,,184.72093506578403,178.33759264252097,177.66059098590412,147.37455881501157,185.46646221213302,175.82008037184025,175.97284108705153,177.87378782412745,187.41040058663762,180.95720617699723,176.94318119378246,179.38918796817057,166.4435217688914,181.57395354228802,189.55054027190766,173.97479648299768,181.82966817464302,178.84471571000216,172.84120949442743,183.5118311938864,181.79432383647023,184.7003295007048,177.9560463819985,,,,,,,,,,,,184.0782855270972,185.16925640824857,172.46951790896233,160.5282690659932,174.24410495385723,177.5661477816604,176.9800482034193
476,2021-08-02 16:36:09+00:00,149.05625771393096,157.45525418374416,161.57953422995865,174.12315497799574,170.71395419622152,151.64398341767907,132.83248825627422,149.4705483206212,159.13584103969194,166.87925199012443,154.6664856298535,156.16689520615702,142.86925179491104,140.54240973685492,141.84489772207795,142.7199077260248,151.41702954844396,156.9329986133471,155.7459679724082,153.06504693128815,146.79902701934273,143.52410516599377,160.4520357890229,151.08093453835593,161.3223697505315,156.85259468358072,169.6847910684821,148.25289834433386,152.81668276207517,155.594344344738,163.8734585662294,168.3979176044579,159.11860434942557,167.98279378810508,167.4811329746559,151.70785993790582,158.599492781239,150.03039923344505,159.90368974529596,155.6548099568476,159.6563078167749,166.67867990986747,161.59005593512438,155.0794087988207,147.28973465868643,157.36503345204136,150.54963456956114,152.27390793747725,155.5627180467816,159.42852428721804,162.7672326339796,168.01253784275127,166.34067327851167,157.42610032729493,161.46588543262754,158.45019511388847,160.50018559724742,154.9294358146285,160.08451195275111,169.92271604969437,173.23139597330135,169.67012987561793,155.52035857875765,174.01483068808596,171.4743680868699,181.32402409969956,157.88174142194453,157.8459696232145,171.93912367077104,164.07542944067757,164.5458693251564,170.91997138526153,173.87153446963526,171.8689031672595,167.14427603673167,158.6342635203673,164.16072256478282,164.60572192678526,176.53370327221728,164.40574140340576,162.81583274134175,161.66259311583346,169.22770209841468,164.39897304161752,155.25651172510632
477,2021-08-18 16:36:14+00:00,148.32141392294147,146.26112311887394,156.4712555833469,151.66954226000377,164.2225352226812,149.43051599650573,122.34239439563333,134.5269094373632,157.3882540388601,154.37134681834115,140.34596979246172,143.45883243462578,140.23466237177385,136.21565691794353,132.80981928791473,135.9122762865558,147.32949922662846,151.3342815640295,145.3857960952129,151.21788856871615,147.6872436644913,144.0309971419662,155.49004568907952,155.86550067195256,155.84712250157688,152.15285367604272,160.48183041536635,148.38079781213557,142.03957306216685,154.4894411914092,153.16823107503683,149.82541939650662,150.50975164288587,154.85540562834072,157.89212061964068,154.4695678829664,148.58139780044618,138.7525723330015,151.30356882950568,156.60887911864947,158.56506569153515,158.3177656433443,159.9064376336406,155.83729274848397,145.36168555713655,143.61579557687764,145.21505554377015,130.8082457440021,150.41687676960603,145.52920695469658,155.47168780791807,160.45548850792105,157.24006608295934,151.03199575683078,157.9030109782681,156.1182418722506,156.39327036811946,151.8371167128808,161.04282345727904,159.6435723814784,155.51779186531826,158.71366395472117,147.39742133538147,150.8939991609216,155.93848577780125,163.1756434301598,152.4656957863083,159.57853399443073,153.30333761803246,162.9604683038497,169.4022377094852,168.21351565787066,166.24629498693005,162.61978176064326,154.06208627486836,144.58529913125028,162.08754686815925,168.06953817569266,170.06111165540725,167.53162939335658,153.5149430310291,156.95527083594584,165.21774459602818,159.16970830614645,153.54144819687073
478,2021-08-26 15:35:15+00:00,170.46171234119714,172.32908287709216,179.92754345049508,174.51586246125908,173.37605429185027,165.32838278525196,169.08175651140414,168.76393996567023,164.78818757893927,166.01777077534095,163.9640680743526,163.90486810500005,152.43170262715248,156.50934592160547,161.22891999138986,161.46867192581266,157.55565031366382,160.44996124623137,161.35918275852896,,,,,,,,,,,173.20638397136156,170.29550255270402,173.9428902814161,170.79080767897426,173.25672154534016,168.00203218430372,173.64753188528425,168.14068728748651,173.90897529349326,170.05602129942352,172.7403454217574,170.98606440148586,172.62125266811432,170.8183293177991,174.38767172782343,166.94927179505,177.2763535494841,168.6286079403304,175.24327522939177,180.60637388017955,182.37965359087366,172.56705541235306,174.13323362391898,171.17576750053735,170.8382873226363,,,,,,,,,,174.91356041721923,178.04272035588446,173.5662970955583,187.04565070299162,182.28300521134298,183.59210206505978,185.69113805664574,186.25408444434248,183.50160794407094,176.02626883072162,178.0000967681676,,177.78473920137037,,191.95039678674524,178.5183725655425,174.0546490007807,180.72140850922565,176.14891561618194,168.80566515669094,172.18281109182385,171.76833585081732
479,2021-09-19 16:36:22+00:00,145.7590768760166,136.42527570956898,154.05309114307866,148.94670601651754,130.73673729506382,132.94791769000852,147.0544921675968,155.0886811272701,160.00583301268597,152.38948228150176,149.45526897230224,134.21770992638125,130.05827928676752,129.400878935337,135.33163094774372,152.7951763875515,149.0542004920975,146.60747965762485,133.71601948979585,119.64326071110399,143.03577042017935,154.7176734440324,162.7314041696592,158.06362289592693,147.53398551538592,147.0170387973869,139.96023039262104,139.8747077072744,161.88541003911615,166.13437858809627,163.31141221992357,160.1203352793131,158.2497819474578,138.96561401523115,134.80838664941598,145.35551140426296,166.14323303970625,155.46357006415252,142.02823607792035,159.88256041203073,163.0796163847964,148.03090805222854,143.2403292248775,134.76869061398824,131.91002882950022,155.37716028804297,163.5046428213368,159.87178324408032,154.97628715881024,153.5043090742932,162.80048848429195,151.64818392548833,154.15513375444792,158.98647040840498,153.08664571222968,141.03256482576967,158.24637134727416,153.45448564797218,172.4699460708473,155.97164105869072,158.06750267740728,161.60555297154048,173.5372151052685,164.0937345635429,166.4255699290765,165.31658532327396,167.94035651346135,155.9661500785835,168.95942149452452,169.987558231977,169.99907449212532,170.14415579898034,164.98228780904952,159.29256876618322,169.6093260345998,166.15616644736338,165.19341969254899,161.06479082895046,163.22684854353244,149.57874744980415,150.30260063063326,163.53644124466769,166.66652579662656,154.72519245128225,161.85679604552053
480,2021-09-27 15:32:25+00:00,174.54906411314585,,,,,,,,,,,149.36460969661897,145.81778656311883,144.78749254870138,162.93474220399088,169.02453054277618,170.17126651902572,163.68927056210273,152.97770310812285,135.91500449794538,161.62174765926224,172.79031102719088,175.63788907572217,171.2696553595575,175.70529136415578,161.9765498872229,147.41867336381188,161.11205065248683,181.6695538739565,182.8143455071211,182.3304323857118,174.69606678650268,176.20219172362576,167.26172879137692,144.64019725549898,159.7782196966903,179.98262325487352,,,,,,,,,,178.08982763779613,177.911981890145,175.01190910644445,160.3403471148251,174.61595453130542,172.3789397026434,176.0296462608911,162.96933197779035,171.6779986347644,165.51695218279738,172.3212165678999,168.88472344990177,187.53145140654837,171.11168405078598,177.93835472068318,172.80260786515223,182.9029603573474,177.2688347392489,179.33846532388648,175.70974254093196,177.2755839531494,170.619300449371,172.29432653149263,179.29074094041133,,,,,,,,,,161.3075272292549,144.56275319079376,173.67203307563187,176.3537658668607,171.67984167517392,157.68678357520298
481,2021-10-05 16:36:28+00:00,178.83775357747098,144.2166032530608,185.5138708593096,195.69603482672946,163.21757838707398,144.26081425974738,178.1126125130466,167.1108243277222,186.23851591612453,174.32192125406792,173.47516440087634,171.79232907829953,138.23605564595115,135.0887955672668,161.65445008179208,168.9906466293929,171.66782642989503,164.23536792187875,166.4937654170311,132.03497995881864,158.78261025144377,180.20557256001777,171.8699167306543,170.44390843348532,176.9250764491279,172.30618602418778,152.57858947488705,158.09643096945751,185.5478989597125,180.8587749086034,175.17691967129974,172.8206684446101,183.58557906129002,166.6980814250074,150.4867482120231,157.62248037563876,190.66425791628734,173.19078498878474,168.02935186750642,168.3954403117782,175.37343099332008,173.60806821096358,173.05552262475692,164.36834097653266,129.24551958811173,168.35171467171517,178.08154878459604,184.1760486392322,176.99544538270848,171.44364863494334,165.17574792748243,185.3229454794545,175.25962567315057,171.03390711053808,186.42500031010186,173.92212557723275,164.09342298406523,171.86044433221966,192.02573730251666,172.4000178939173,164.54643494922158,179.95235640829605,182.56402797369014,184.27964982505634,179.7460418942683,176.95070963910703,178.71338213324518,173.1328174363855,182.4216490239032,187.88089196530382,174.32240569168076,193.29960821960012,188.37012952962655,178.83532332730218,164.35721296577825,183.3346043971292,189.30054240687966,177.24102849260734,177.94128459464605,176.32098489308902,153.4459281027605,182.55381087243387,176.7589395872702,176.8589583196173,163.77465000438
482,2021-10-29 15:29:33+00:00,180.8794441549851,184.70319487962865,168.67858895540977,166.46099365344827,170.05911293930507,181.37947708226545,178.27626573931036,179.80915857995444,163.45219522354955,163.70016274446786,166.5301498205746,154.83665377966125,162.61048385503366,160.72226365904567,,,,,,,,,,173.59147380427822,167.48593422184297,168.24174021819508,183.6590636000072,186.2850495520674,188.79208369415974,175.33612379919037,175.40908165403366,170.71952681755818,180.33242605044495,183.400258427418,181.3164619587778,167.83781494928218,179.2415031120803,183.86563741714826,184.85632483756658,178.1865328945061,160.31783144015284,165.33696870970778,176.65989403227917,170.45992515413258,162.35353029364157,167.90219546480742,173.91515390128035,171.82786441001744,188.2510713804726,,,,,,,,,191.72010493247845,,,,186.6826170984279,181.6948999701704,190.56824544266726,196.09388898869295,187.76508151559307,189.08260163253814,186.11341082964594,188.9234458189112,200.6277320702215,189.03469880461836,181.37044672111196,188.50139041488268,193.3909677174356,189.8280122526775,180.63711379019986,182.8472182734753,191.9939567163921,183.90855164947627,186.04195517826815,175.9649553710681,,,,
483,2021-11-06 16:36:29+00:00,198.34951053365882,200.39232502819928,182.98075531108614,188.56504879783174,196.70476178549688,190.98914143669458,190.68295068951645,199.53196786695497,182.47614514071057,179.41646152188935,179.77387138775762,183.08353227890012,181.75091858935522,186.1889940402975,192.64191804817145,175.9237800122565,173.1066312077035,180.45338845654086,187.93093097669006,188.0845327102267,187.8979756665577,191.3137992424321,170.63821168196444,192.1512396688896,174.18171870754966,189.9817647602318,194.32825037995408,199.61868796050754,201.47435430697962,197.2653727590562,183.47358749782057,193.0540244961385,199.4588521621274,188.59995768237852,201.34667437446345,183.01835078433163,198.99166271290383,192.66216161550662,198.0627506213347,191.40331081707356,177.33261805781254,194.17675454867208,194.95003844921786,179.5092266605224,195.69392951692777,197.48829129664824,200.55892381449854,194.93129449830522,196.62124886903072,197.81929520966426,201.06680528856893,196.31042492342974,189.60146224134186,199.91082548166193,196.56045331831908,194.17898533342031,204.63276389178432,202.43967931261588,190.60248662506106,211.07734091508613,202.63681146785734,200.45255159010836,199.27044059748906,205.36345411187992,205.77856652641853,203.20524837806326,191.88599401194494,203.468620584104,208.72687361693616,204.48595160748062,198.12877280337776,196.4315444767043,199.61571636589,208.31908410066012,204.78697740434927,187.76882600332104,203.852355962099,210.69583956146766,200.9529102202141,190.59153333380206,198.64215497080525,201.7871776472045,181.63488718529274,197.30945635402716,189.7582290230845
484,2021-11-14 15:28:01+00:00,,,,,,,201.62267849582253,203.28443960300658,180.68602294866932,187.8165288458104,183.0460761699207,190.76270065305093,186.3361339964097,195.21330670029633,189.8385768726875,180.4318016235188,178.82330936751833,191.89838868809298,188.16928466154658,189.4912786469075,197.5665515989289,190.47634637124884,182.93867597788744,184.59318055543662,190.90782236900296,193.78405803573673,195.50012068833422,201.75544948511111,200.21194301925692,200.64467245056417,181.09354114007758,204.33955877502353,,,,,,,,,,198.10462274004612,195.6958466878846,184.71346525575558,199.50704653058352,204.6834923545477,203.58607833145481,202.36760405335076,198.8872195330808,202.0784908207931,199.5741744416916,205.4196940884902,199.0888851511174,199.24717745362656,200.47056278750276,205.39485674449284,205.43681258955002,206.5850969880673,204.64084411922158,204.91081612668046,200.90584584598724,205.42566496330312,202.91095983603722,207.6436088604081,202.12573616346097,202.6767774851343,,,,,,,,,,200.1065614617634,205.77499629289437,204.1209216573332,203.20102570806404,198.80309978077503,203.98108555419375,202.15554579219543,195.2888557165148,195.47775706426424,195.8385155256233
485,2021-11-30 15:26:29+00:00,210.91594775367994,201.6791804058239,176.48100716077192,209.75589333325036,214.76431694027156,200.5682552961783,209.68694117368153,197.15140777033116,178.9776274681961,189.06434425413772,191.97850295703273,196.77790010199828,202.24328643311983,191.7073458728832,,,,,,,,,,,209.25562362239475,196.25732520960773,211.52535851906583,211.3979026269581,210.86456430510523,192.94441468143768,207.2712131563249,205.50172093883006,217.04396191575444,215.0075152668516,207.62698900344552,206.18538866849943,208.88340314864172,210.16946093708017,204.54516295680546,185.2684970735043,210.14434242747066,207.95431464310954,202.98807221111656,204.3751303130397,209.8021512074465,207.03218810189878,210.651871701087,209.91184205774195,208.32481498784506,,,,,,,,,,,219.94075694900687,215.86622770067208,220.10202008367767,220.4397391477308,222.64589409827863,215.77322331703073,218.5587449870484,221.85033051203192,217.5747415777831,221.66785363945635,220.05280407480367,212.8308522980134,218.0131723894973,222.7193840836607,205.88537739739638,219.4703208396944,217.99033214350385,220.70764921386143,212.0670368608667,213.5804868188512,211.40494022247918,204.64698773527397,194.02918681863054,,,
486,2021-12-08 16:36:26+00:00,199.96275774207004,198.93342881630537,182.14278936017178,200.08011688650535,206.1693851433792,195.2972746215159,199.82455794528477,199.05152332153898,180.5837789808395,192.76524676231884,192.24609240874076,194.3002931794456,198.96357794343936,188.3072080553734,192.40872256382124,179.45429363102608,192.5264800806298,193.05635501942805,188.01762582702185,195.41167741248893,191.45265082407354,190.78623672924795,184.97787764978807,194.31535438095426,198.0758640288277,203.45086626583225,204.50245416648673,206.4993385345978,198.85212442658184,197.86698483173075,201.19481164694918,203.64369035251912,209.57082343788392,203.82694326785406,203.69545666148292,205.1924151490249,202.03192952527388,203.89917614676364,,,,,,,,,,,,,,217.38407950718414,218.5454200471716,212.59931766456702,217.06053476590722,207.84107953478662,210.29593392293526,210.1385686337349,207.94574352365424,217.0372909742891,210.9648912092863,215.67995211132134,215.59366313920032,215.1390174014691,217.14972821505523,211.8495925043344,214.3855763121377,211.53336752682128,215.40927825130177,212.98904554669718,217.84351988179947,223.28873174747184,211.05480071573243,214.59249617534357,210.77080129768535,211.5596734393004,210.62781438915846,212.96474882571937,212.9207558681352,210.20484594455473,208.11321788169172,209.93599127298057,208.02342924568853,206.10763611456247,201.69497057857728
487,2021-12-16 15:24:58+00:00,215.4083150062983,195.69979126971768,208.30022956813815,207.38744233890975,211.3643887871436,201.92309632234856,204.42745968179173,201.01092812062447,193.15490392746912,198.45428171863136,194.53425477233515,198.70636039869626,195.4482228103169,,,,,,,,,,,211.59974739746895,209.45616019511618,215.10249799506545,210.26099228064297,216.4981137639875,207.94598176962444,206.67432764194305,206.74613389739721,206.96690223354773,210.6664204037985,208.37384169138454,214.46384975385521,209.16551775492673,210.06301117146273,211.20546589667364,200.42342810985025,209.47533834578587,206.20516479291126,209.79002506597283,209.11803062121732,209.22969164055405,211.80655343527502,212.62069177887182,206.37862825061575,214.2060679156749,,,,,,,,,,216.55380011983092,217.3226080990907,219.8965832091204,221.79611575753856,223.1167280276386,220.70575683296488,222.4123704078476,218.5133207667531,217.4024510007653,213.2590358682871,215.02059144310599,217.5826150721463,215.43503014172947,220.10838773520874,214.21430911359428,216.522155954835,219.152386777636,213.64639259251396,226.19623957518962,212.48031945080973,217.1101948376971,211.04976873910564,214.2281899962264,203.61296560109395,,,,
488,2021-12-16 16:36:21+00:00,223.41233634083895,205.11270512902982,208.75124483691562,213.62706144062642,214.46633244125317,209.80618086571252,210.5808949522847,212.6656809017761,196.70985253953788,209.28088925778678,206.78916590306721,202.19596865358076,207.41863825528634,201.20438716960584,201.2086132737277,195.56378472019276,200.29943457211078,209.49450633114108,199.45688833991588,204.5135210421259,208.6123989203942,199.29155065425255,206.39527406505619,210.34628686439578,213.7968855136862,214.29368780696936,211.86491742706218,216.97448669811783,211.4209950826008,216.11523174377007,218.38392926184306,213.68379841266997,220.56569307713752,213.42505603493274,218.86221265111635,218.41076978146955,212.99767363477244,216.4083993214018,202.05649050897284,214.75732317307464,217.7647089919559,214.92361141100142,218.46821663061942,210.87784908782973,219.17410402076476,217.99776702745828,214.92508640204383,221.2180607509564,213.88284420214356,222.37668821555053,210.86931830393743,215.35079137983683,218.60971456471373,215.9040199582549,225.55560921840214,218.50334482591845,223.73135053990643,229.21596543426548,220.88935804517595,224.27186537702286,223.91542555678348,229.7006651005361,229.11351828137393,225.95265755406484,224.58919233129154,219.83757594978604,218.6973846490553,222.61667815113125,227.92963380977622,220.93120391056272,224.57829639000423,219.62863131703088,218.54845118352517,222.7507468444744,223.91982257461925,229.6059106697741,224.71025269527388,224.81532045755537,217.5089070492293,222.1540975323127,218.11986958069454,221.4832244568827,221.50958815393474,215.86202918777164,213.62290657745027
489,2021-12-24 16:36:22+00:00,212.2705547875802,200.49248275476884,214.73266363623026,217.88052176837758,215.67171870209444,214.2901283320716,217.18301220604724,206.09144523597539,195.42924561078814,205.65524796839324,211.81158784045232,209.40202927519582,214.03260724049017,211.64040199939632,199.76536645619427,210.11266821993675,212.01680802547685,209.80125132506728,209.31239008092948,213.33974921931912,209.5575586998968,195.81773487148826,210.37832702837136,225.57195897883133,218.83529292007898,219.86378760032696,226.12302942882218,219.48435030070237,206.77905096314436,221.91676334744818,228.21596926094924,230.30458484085938,225.49809798454027,225.0962602334195,225.8443864434865,218.65907960354798,217.39963600973869,213.49594091860425,207.80864733508966,215.03213678363613,216.07755751841398,222.26365162413018,226.7548238750994,225.32209252365732,227.70762500922743,221.7225324581695,227.3801234265522,220.42385924152788,219.89529470364147,221.10699909970333,219.08025887982006,216.91076277634573,222.47390118457838,221.98276523297133,225.6215468714727,228.7930153905347,224.63508359938479,227.51043111069998,227.19113579058336,230.9147743111349,231.35563283893376,230.0698204683464,230.90426767971374,231.67521079594297,229.81083092948475,230.02920021036377,229.3553535247119,231.36130949914235,233.72019667289922,232.35893891115475,229.04083102830324,233.04997832157807,234.2050872209024,230.56295748156057,228.0328080470597,233.57242884518016,233.08704929279804,232.05772076627386,233.26129911240042,228.8948121382032,232.31147533406465,224.96586981556825,229.0299889461435,222.26899492107933,224.0106880699777
490,2022-01-01 16:36:22+00:00,218.50708237064103,212.62693119696578,223.62473882548048,214.4613191015809,218.85637992805823,214.19431212194178,216.08977708546405,207.78236513057877,203.09109806392414,210.18867328153468,216.4484066942538,213.9320785376156,211.87391199840874,207.3242256607925,205.68819282953302,211.6640369915277,216.0701154087581,214.07254474903536,214.85962649417922,213.44416626750584,208.27048900938604,208.7097042117514,216.7228256752399,223.3896144296317,224.29447484298495,222.63166443547587,221.00513416188107,222.8460985547854,223.76631604415152,225.6066508091764,223.62209265893094,223.7818817118823,225.1336438268726,226.83204091945694,229.00400591562325,225.4899603060757,222.08209196133953,217.49523928972806,210.21164797557395,214.12609672898287,219.0245666634136,229.71826705179797,221.73233849986568,225.86412823033103,229.50513107136445,224.10321067849358,223.89451202642152,222.97905462508007,223.20810625211558,222.7249670449981,220.0945950195809,222.44872216089877,226.4463760167371,226.42090157378297,226.36687670497145,229.46623502128935,233.57144866077863,233.3952855908603,230.1571614518932,229.32640480100517,223.36192180689457,231.91850546874318,231.58131455476354,226.97719544531472,228.9144618187108,225.75217562536457,233.17665363561426,232.78040473752282,235.77348209787223,236.072667511261,231.47395944115098,233.84202788336185,230.70798552875243,229.64379014743398,236.21678709581195,232.51018205121164,234.1624500183377,231.60409393779216,229.1651301098465,230.04550102872383,229.9168819622361,228.48875443316487,226.47641714177072,226.9709657187501,222.5167791923611
491,2022-01-09 16:36:19+00:00,213.62956146527168,213.16920668765312,217.96259969558912,220.91940252373655,217.0375307491077,214.75819678372295,209.01788918255255,211.72560257490133,209.4023009177403,210.30456867928066,216.12306007310048,210.74833718066088,212.52752127442085,210.86899894348338,205.23916137576015,207.986827083145,209.22326469238052,211.1074347447503,209.99311211131848,205.17856926875206,212.39694109389407,210.37100004114941,217.44473189159538,222.6942477435077,219.60977239052306,221.66440567892198,224.03262892367368,222.0737466046928,224.3455873330037,219.39902501477007,225.07783442325223,225.22211714243255,223.5121206107866,226.12073976653127,221.36528554893002,221.130668421334,218.97660817711338,217.93747063684776,219.74651614556663,218.46093950067902,221.3387134898031,222.7097485128079,222.91384936160463,228.12215769501032,222.55493248559026,226.60324856458303,224.40820309213154,221.09555286394425,223.6023383562182,219.31818557934346,222.7476535675396,222.67617175014564,227.9811422285808,228.62906249982066,224.4696087136573,231.33235161669444,228.1253456419228,228.29626440159367,228.5040409106067,230.7633973114086,234.31800025753662,229.58427734660964,230.99580445321254,228.47509758843586,232.55344317781814,230.45184959907232,230.8489709780369,231.3727350269852,229.12306316160914,232.13743026178332,227.984727097034,231.75154500426856,233.86260604768043,233.29202694979404,233.51460887592094,230.51213302618584,233.3502446076306,230.03218369324813,231.45210611501201,228.60547879413798,230.47615260519729,227.91913750975533,226.2803748440953,226.8107220826682,224.93036063796217
492,2022-01-17 16:36:20+00:00,230.14554193666223,236.0918831526622,233.18119119291106,234.59976756981573,232.9720310814743,230.88620129006628,232.8910553905395,231.08987398425774,234.56239597707622,236.358996435907,234.14180113170818,230.89477507321752,229.50974480154213,230.98088256465505,232.05877309043038,231.19799777181527,232.93461331653234,232.12961311799467,228.56156553534598,229.11089093339527,233.73018112782933,231.79963477977532,236.0970000831985,238.1618178923677,237.90732087086803,235.85705822445382,238.77208436618918,242.27872881343583,243.23143615786967,240.86462228362848,240.92826844689912,237.78021119392017,240.39160358389856,242.1109959935917,238.11393189441384,238.72842999415417,236.86166940972046,238.62413871550342,238.31305712032304,238.26846284115348,236.68227680263357,237.22789337382434,236.19422808844595,234.22771763999384,238.4346091993126,238.49455899104103,236.6609946930509,232.13877768848332,235.8518837033264,235.70053218629823,234.61823013476447,239.37237678592837,237.01234218214847,239.01447235324503,238.0901601771014,241.44419676440995,242.0239854738708,241.39159787481339,245.0677453402061,240.51865296679944,242.90311410487658,243.22067997623793,244.71973144992322,245.32184898993188,240.0882819078728,243.124924556417,241.11035664451902,243.99372481053348,245.71930219159304,244.3359191428651,245.203639509584,246.3097436527204,246.94730314995385,242.23655320802428,245.74373801250593,244.19116013321874,243.71199264907116,240.63297532023935,240.68274538873132,242.42222980002788,238.99328613675578,240.78312621822613,235.78755169643836,237.70208197795142,230.1633586221315
493,2022-01-25 16:36:14+00:00,227.19424371272038,224.24836842644862,227.96525205327586,230.15655725694475,226.70718969967504,224.88512876459254,226.97806751452472,224.735700717855,219.04938302723014,224.01930950374037,221.204381532089,218.54206172583352,218.40764360185267,219.5752484692545,224.41146516311267,221.96260613517535,222.2297301748203,215.7498854849799,215.20753004367896,222.97200708299786,224.83142882840792,228.57296479333414,225.99183638510794,224.96862085722142,228.62595645036598,228.7528354015731,231.9412710550139,231.9934089343811,233.37947269579064,235.57876811798508,232.3928812080447,236.9132771814872,232.893385765875,233.14666867815967,237.06482620338082,230.19855971402887,229.63577805351048,224.04033209143986,228.05981128834858,229.15654612521234,228.16979537469078,230.51058038589503,229.55393788403072,228.96132455672517,234.13478110203602,232.37723705744574,230.76273694691537,229.64954631374277,230.100915087542,231.8371730052938,231.16621021172713,232.20257283291915,232.24247933275794,234.82758553911563,234.6695912709266,235.6449465586319,236.2272015714301,235.19021196457464,236.6118921054955,233.53736945613278,237.8924558195132,238.16113308933168,239.44902346109802,239.66087190658524,235.14723161695778,234.47884953226628,234.5894524703347,237.09821164971598,234.03902556671255,238.31072181873543,239.03776522485072,238.18663227713276,241.0533242139189,236.45023825227477,236.60899310686202,238.9608765612308,239.89103696903842,235.129045424544,236.51818496608942,236.327538601227,236.90330160313042,233.915972284565,232.31843480114887,231.41655506221252,230.24973098699434
494,2022-02-02 16:36:21+00:00,225.3885798894105,232.85251933790025,229.1846729537998,230.96130240053284,226.62819055911126,220.78020512951966,228.72930271330125,223.1873339366385,225.96630303646697,226.00556838863722,216.79409317790515,222.63291769365875,218.27215520315187,222.6252491749025,225.11353997945855,218.1468174183843,220.18164894297578,216.84103880037426,224.9551673839738,223.40109614376294,218.9202034251137,227.05044485209203,228.24341830315353,231.94363755798136,230.60333587493807,223.33751693029993,232.5991317184527,230.21436244514715,228.65981684182302,232.03473975674947,229.98808949485644,233.92597774877427,230.60031035969885,233.09753553807175,231.82589305913893,228.00237223916594,228.81666773498807,228.23925106904633,230.66804565894236,232.4846003409102,226.28689774223213,230.74561384890393,230.12788536943938,231.3484594382491,232.83657254983603,227.18774323142065,227.38161702724358,223.19869487386995,227.29744575897732,226.64515028704307,227.17133824411522,230.73335567702327,226.83350419217672,233.51720930656919,231.40189022591656,231.56293489762777,233.8759937157575,232.5807108162219,237.16085478984488,231.1703160510401,235.94541476814,236.65413614894362,233.8690652406305,236.10485653869273,228.64774435672817,233.15785060674352,235.36489467717158,236.9474612000001,238.21906105324425,234.41614163530593,236.89389875444184,233.39865655483382,238.68110309860268,240.65677566793786,239.68082467458143,239.59719928715353,238.08256677577694,235.37702035765275,235.88270989784658,233.7571292497379,236.2829549910163,231.9981638439343,229.2662075410631,230.16564725807976,224.13521311022396
495,2022-02-10 16:36:11+00:00,226.0599628421339,224.4904375649882,233.79151937044512,225.1045370613688,226.10273987594084,229.15649518189375,227.16219300430942,221.3493607102537,221.37257658852076,221.03990447789215,219.59174919898442,218.1402528523091,219.0051865582884,214.85329646855726,213.01481818172664,215.51390450833966,216.00992776677617,219.56507607016832,220.65519283546385,217.39989479930932,219.04102774739093,220.95116219041998,227.32211321572655,228.43123163084795,228.7216002466073,229.51649529998357,228.4756412673649,229.57742747969814,228.88109603859382,228.6851837566185,229.97200887087044,230.61380956060827,230.7262116037931,230.29192649153555,228.31168819289383,226.33313636676155,224.24922576241394,225.76715329448183,227.59073207813242,226.68976197166236,226.72797766065037,218.86305504185773,223.90035863357966,224.88930135114822,223.92761670305083,229.51605511873163,224.3518506259951,225.3834598476223,221.54619421293293,220.3846692119084,222.10198414840502,221.85343451143027,231.2104469956433,232.01598459137543,229.37416779995328,232.64308052289874,229.39015075046515,232.93853667041773,230.73096377180389,232.96757346342,234.33956314810604,230.70056213427637,234.36032615828475,229.4229737803923,231.91143805662085,231.91173558835723,228.33025689783855,226.3923422722288,229.25815849393612,232.30134361180586,232.9677065207483,238.42475270951815,236.87564413195685,235.9366821121565,238.64954701749167,234.76319637768475,238.30487301114974,231.39321582413558,227.45985501059684,229.82273869055302,230.13762979661232,226.15217234376644,224.98474436327314,229.46779531869194,227.37365167899586
496,2022-02-18 16:36:14+00:00,228.25849918306008,230.634902265267,224.45170911391003,228.5237083815355,229.75324842524788,228.9007190166677,221.53823020128834,227.05912763002664,225.01203044763923,232.66553606732845,216.23641697192653,227.24211298519836,232.99560626413665,220.02164442522985,225.73161672295623,215.70345904385704,218.17756784957646,218.56434975208182,215.35467203310867,221.59930248807018,215.16544474815535,220.2000449413562,226.43655941738112,219.8859395504596,229.77122897962286,223.87362542043957,233.87697133969357,231.57865805536645,226.72226986414154,227.63209839500382,221.99944961803237,228.88424947465128,234.34487027178835,228.68449378605175,234.35598212851048,217.6253924374295,230.90021620134485,220.73433133139852,219.73487325612516,229.51632892870057,222.66016324077464,232.3857656338609,225.07820180780598,227.6697288555555,229.92808872097714,222.5586330306504,226.7634761547993,220.1378289438666,223.82586130301752,223.88611780210442,227.3869610001136,228.93246677684064,221.40146939373972,226.8989152697124,228.1159659234405,228.96955970225028,233.601124180212,229.49929711185843,233.6851327406169,229.9837806678367,230.21738313192117,232.43035010786818,231.70945855349964,230.6285079747032,227.737996157317,233.70864328541433,234.94924386239924,235.0941455028998,231.19454268548557,232.20002350020863,228.79654537393216,232.43218960334153,226.3828641262628,232.15315227359469,234.4241434587244,234.31083663477125,235.37638766486165,234.62854819459628,232.2214121589482,233.48669425588952,228.04802625465257,231.7427913258584,224.45249690881963,227.70114271366356,223.45865741345986
497,2022-02-26 16:36:06+00:00,235.79688433625068,241.5283940654272,233.62666654008214,240.14229523909458,238.67756796634558,234.7760765227754,239.40865435708673,229.76801733798604,233.13107754936652,227.61933260538456,231.40960526830958,229.8657546135436,222.98928030295048,228.03901201331556,223.12577300980666,225.76119388596697,231.57159198015788,227.10903182887438,227.1590555492547,223.57286970896416,226.31912808471716,231.84235915536203,224.4902236137126,231.26952746905192,233.83631268250244,231.25068147430738,233.03824779621243,228.4311114026506,233.05950211109322,236.0532528914429,232.56353342217005,236.27174531085603,231.64096191481937,233.70185970273127,235.3804056562322,232.69865946256306,237.43189246459588,227.6141940239631,234.15025753329198,235.2642636983493,235.42095219794493,239.02968107584897,232.02163011091676,233.84170820431913,234.98677397224793,230.94694397171767,234.70802738293665,228.61553828443377,234.66097798906566,227.98675930742166,231.48983620041759,235.51700296359255,233.26424057190115,239.56920368464472,231.9597302095818,242.10962027370266,243.94408344578304,237.15546879529978,236.7670467527859,237.5940396737993,239.69485525100336,241.1386377029593,241.4490583118534,237.21287672178224,236.72574810873647,240.8464964713309,238.29418352827224,238.84588261260274,240.76033574819414,241.33796763186476,240.59456586241484,241.44026625870185,242.02157595569582,240.2862775836403,242.27261391819115,241.97875607238024,243.143557463949,243.9943630400287,235.47263757822796,236.4816946362612,238.83926953890045,236.97181081621886,236.90710119715806,228.3741509719006,231.0690602775237
498,2022-03-06 16:36:06+00:00,230.7045461926842,233.43420058078172,237.55903924074994,228.7557505178783,236.5093568078668,231.79894793005352,230.98270053558036,234.58096054383537,225.1557252150859,230.77325571775881,232.5702772672987,224.5347958054134,230.8448401375646,220.58561632756337,221.53035355725703,224.06615899546733,225.4136237842982,228.9116196644833,223.11913587285025,227.50127819167247,224.94140681321613,225.82682112049042,235.4254594689585,228.9690771433238,233.60652887123746,231.64570021867874,227.7311510143008,231.35348272497677,228.82269152559078,232.9593622803741,236.54303165792118,230.093850783936,233.2007771088008,225.2192992495377,229.66778180694985,230.8103130433867,228.81650118511791,233.58696932505939,223.91418078877973,231.17632179467816,230.17194701891273,229.71705915402154,233.15041485757052,227.69339314695324,235.21177455901363,227.79786417294875,227.02977613942548,227.44617142464162,227.01004241318117,227.91624726418453,226.0378031833495,229.75840126735002,231.4206061616275,230.52073964778558,231.83621628301927,230.40946109169388,233.7327698777111,235.6951837237948,230.72828292624618,236.70351663710457,236.2889835008721,238.8851639021703,233.87051420154896,237.88952246427982,226.8524062567635,233.8526474190631,231.508015479172,235.12185475348008,239.07964843023723,236.2368784650344,238.9827258275096,231.70379702192662,233.84609315154873,237.9956105950249,237.15948950459972,239.04757442340753,237.0578803185451,234.38216522423295,229.81058885872758,231.84150366646594,231.9918798219773,233.8509281729947,229.93661513205518,230.20864644846915,228.69316262363546
499,2022-03-14 16:36:01+00:00,234.68489326456174,230.34925067669906,237.08404032042571,239.82211102255116,235.49568085196722,232.38528020214827,234.67118500767745,235.06998025179882,228.2736213347908,231.5153128533484,230.4887782880969,226.19523950691416,225.50588195134347,225.4115087053067,224.8296999249752,226.9009834529749,229.411018502845,231.69811661190792,228.78980445683888,219.31297076778608,225.2118925990169,228.99292342616837,231.49313898825292,231.96780810523018,231.50290739896406,232.44811753466064,236.09853626409827,232.43774857083994,230.16778441933874,227.7272884658843,232.60949136760203,233.72238830165122,231.6660517481475,231.1615157739614,226.00349504553364,231.79383572706595,232.12395334501596,230.34078665678092,231.47350044115936,224.3956198147754,232.46394502777773,230.72979916106434,228.68454688940352,230.20438213995456,227.22540477526792,228.34314203234274,222.9431474986207,224.82399344124374,225.34272346310615,225.18229763018041,228.08743236633467,223.15071199974142,226.45440056614729,228.86304400020524,231.37251054616002,235.67796729633338,229.8636895876245,237.99527501453636,233.2342024054869,232.80382366673257,235.39555538466936,228.18785398866336,237.22069133719688,230.16701477977674,231.77205317526972,234.29601477542295,230.5967163152575,227.40058901681996,230.20474227857045,233.55196698410174,237.25464895486343,236.311720421177,232.18394810273543,234.99164046610127,234.81769585439372,235.90784444666687,234.5291012096155,233.36695498743134,231.56218794841138,233.82174891495336,232.50014425130007,226.8629440719012,228.33906797125337,223.93193557900983,227.78457702184048
500,2022-03-22 16:36:03+00:00,234.02528991818022,235.12382393562496,234.1008923531655,236.4050395665065,,,,,,,,,,,,221.1863259791435,225.91140087349737,220.61029684882232,226.99271533121566,227.29935570885004,225.61263607399604,227.6881720283873,225.9697922209657,232.9819859575784,231.04708157278904,231.25054811911315,231.01180962207314,232.42004184259477,234.19904383816998,231.92588189860817,235.3666885830946,229.76269069464811,233.69132657131328,231.28624288527905,230.3427522394753,231.8372434382978,232.79374323966772,221.35555761056855,229.49283684132456,230.3648942513587,231.7071294802788,231.93741854963585,228.50477467897977,228.97782164786418,229.43373771907252,229.5730499996505,,,,,,,,,,,,,,,241.06290738655858,237.40375637960494,239.64871032288235,238.2597128644086,232.8888073746331,235.5545419899785,229.95221772047674,233.93989716049322,237.94570937542827,235.82649382004496,236.76526378995862,231.79590282623607,240.08148660885016,234.69681030337708,236.1900698444216,238.44874943358045,236.6293656767188,237.99051438304218,233.08073209213828,235.16571831207034,234.26227557418804,230.05620413193077,229.51473216688655,227.84189375409107,227.33332717182492
501,2022-03-30 16:35:49+00:00,238.89073676644392,237.8521576805126,233.67849840610754,237.61064617087166,231.026888727642,230.56484810826507,234.4146321503104,229.82019251786576,226.68007415709693,225.9012387036586,226.13931425697243,226.21882411797657,220.00279580850957,223.41174064826674,221.5104048272699,225.88002013804768,222.05444716906266,214.08900328983881,226.76081487192386,225.31958200358392,228.20822756666985,,,,,,,,,,,229.95874459325483,226.62429165857102,233.62966990508468,229.8436532257496,228.57089151536584,229.67489211125644,222.26234181708207,221.35877730564312,222.57201107264459,227.30992233067948,228.39900819298845,224.79364613190737,227.8973469287314,222.99010635416846,224.79209110385185,226.926726513009,222.7488884955975,221.6872503029337,218.9923271977727,,,,,,,,,,230.2395293043202,230.79376245831594,230.2921833387093,230.45675491659682,230.29315521073596,228.2734109404872,229.98874876429383,231.21026193431874,232.68655665212697,232.2670932264151,233.70539604639313,231.55994518667993,229.96592804166326,238.30771257562992,234.0866887227934,233.5352226943336,230.62439535748186,232.18781429485577,232.93410672360415,232.6067099393802,233.63779512051084,231.24371046854708,228.56483980959175,230.46128749548313,224.37241762670592,226.94241333391668
502,2022-04-15 16:35:55+00:00,222.2058066601824,231.68120406545307,227.85037845084716,222.35252436404826,226.79070109797232,220.0046221975784,216.22534596213123,219.66500504526852,211.5340800584658,209.41474558079284,212.77895508686518,209.95410135857236,208.2342842970149,198.64560733244605,212.04910467455787,211.5117212169299,202.96090728200525,215.48282540254553,207.58913036283448,214.496321063326,219.28134717726095,209.81857525706135,214.8559009892535,214.81953329628337,221.97186900794694,212.74116154306728,212.01099934946566,216.63260171354233,216.23632441013868,219.17215960872565,217.41686544372317,213.03822574065615,220.37126701720408,220.704419201962,218.7211781415044,218.75127064484775,213.69902283501617,217.20327920375388,210.35324839381718,212.01780393916368,212.64111614393715,209.41620068809857,216.27761770495368,212.42286035398826,215.30103853031582,221.49581923005536,216.18199872553956,218.85020928491673,212.52722525422897,213.63355168680826,212.0174675374161,213.04244308689795,216.4275319372243,211.59545223131272,216.87312514804879,216.63800999848624,219.60935640145996,219.23167842497705,215.411043814104,212.97995534774444,223.50506276236078,219.8295293742439,226.5634000925462,220.574653555861,222.16794563361097,221.37422392514253,219.60795702993425,225.19100946424695,228.66672786815175,228.5210374214083,224.34362335688894,221.35447205025272,222.70527216776975,228.4025631296854,221.94478652365092,224.61565137803223,218.30198013833433,217.96779048281613,218.84246834461274,221.3400555278066,223.853998975146,218.90181810976486,219.66186042154123,215.0263115663084,215.10153581993058
503,2022-04-23 16:35:50+00:00,216.48616076909184,213.98536597773085,211.8484799906221,214.37466064416535,213.50104441807517,,,,,,,,,,,,,,,,,,,,,,,,,,,,,,,,,,,202.94185536851066,199.77151824645327,203.73416195631063,207.21450359449807,207.5092833953993,211.51198375106526,210.16862648460375,,,,,,,,,,,,,,,,,,,,,211.42520309077094,207.40250446851778,204.6151795251718,213.4852276834279,215.8185897189782,210.4779664267564,217.70134308457892,212.72023626584917,208.13468783109687,206.0163971761033,211.4862251847635,217.30934038724516,209.54643750713288,210.34903262943945,210.4064934705431,213.43413528141272,205.95154069461535,203.46175441872973,209.62402186861664
504,2022-05-17 16:36:01+00:00,194.39125172727876,205.49218912110706,198.53006453086306,191.95604333387632,199.71390217737314,192.12136683777092,196.4502112146585,197.1082364905641,193.02084666222365,191.53442071556265,184.99844851033092,187.98398089679793,188.899211826179,183.47176457196792,185.77497216602856,180.9970828155402,183.85210442286723,190.16329458242708,185.967382102935,185.48428221258203,180.27002357636448,189.93888499731526,195.6108562693296,189.6433727040543,189.69539106877224,183.7290391489969,190.8034329535477,197.88289983637497,194.9636633128301,182.58496578199265,186.38693637514336,187.80913505000672,195.98460875211669,194.07786289681036,195.38772741732407,184.38855466911605,199.4607326591224,196.42879248895412,193.24163880754887,194.95456303211216,185.41287052492558,179.9067051690594,199.03141156895978,193.6237902157401,195.35559295348168,205.32880114367833,196.35056940797094,191.85238378961446,197.338530583381,188.8524409255914,193.9654106853861,192.2430770840425,194.03245700587112,194.52697476411296,199.14218579407313,199.907956078908,201.02239633096877,205.83294267202476,196.74274430779622,198.0122567356362,206.2137730512431,188.67141381008412,205.30822475325348,198.48430322009895,202.27189310084927,195.00665038139525,193.52378926550688,199.38737154488948,195.8289903765413,203.5550328101681,209.22459674599165,196.2059468937556,199.61783517610849,202.37857924950637,195.7928796219707,197.876739735578,197.61647442285968,207.2294384221923,200.79175185982922,197.08478292299841,202.31073419639682,194.64798277725055,191.04683468639357,190.85047861496716,196.78640467385023
505,2022-07-04 16:36:19+00:00,197.53270069874284,189.28954310627898,192.54295101310336,198.35172575538158,200.00469235825116,191.9510728439434,171.68350667003654,196.07014093429595,196.9636976539574,185.76111787306237,178.63511519732532,191.65458097025373,189.87111748582709,187.18365960883582,183.29033998251168,190.99267216543174,181.91949980328272,178.15716284775115,191.57403543520618,186.41746509252087,183.4119800889655,183.98029547181247,193.75441945124925,190.84273673079292,189.49264451294184,187.3354957488834,196.52126396533166,193.79190142376055,192.55897342812972,197.0667917371661,198.28366603487618,197.64388858534505,190.9841304624692,192.59885957302748,194.54341894058163,197.61859450719723,189.08406085225377,195.7651267565042,193.68936466646284,187.48038810469527,198.47248353238683,193.35346548708307,189.65862451982792,190.41875552815173,191.82251045501718,198.60027583906898,191.1948336527046,193.48379663666898,191.2697010914152,189.18677971340333,196.1325162345703,195.09766340346218,190.0915294110109,198.12510486291126,194.68262665849196,197.98791473828106,207.6691032320729,201.2609018963238,193.2196671913519,192.6306153287396,202.10657705211094,195.10592852864923,197.6346865087938,204.14580574736036,198.34696303708358,202.45479062575325,195.40018909391065,203.60381709828022,206.96635826001713,193.37428740675,175.30125246427352,,171.39975286454705,189.53649904159533,187.3357556856632,194.84614009923823,188.95151152538276,174.72086319565932,189.06159282061964,177.6611152502107,193.0702528618322,194.66669222631882,195.57854248438508,199.8840782993075,190.58364599986572
506,2022-08-13 16:36:16+00:00,201.38652134666052,187.86343495490524,194.74974355237887,200.51866000877166,203.26767549309585,191.29851729753202,188.55592928734924,179.12237500132343,197.74198472883663,185.1779716662049,184.4564511569588,187.84852747153636,173.98279792842584,180.46222276836275,194.21854281439278,187.93067849234657,190.2338108555954,180.10179711080946,190.18773128124812,196.0409533298412,185.49228082941076,193.44456455223792,203.21442778792272,196.55174940944715,199.21138359313596,183.3794387437798,200.79984692836004,199.49337439230487,203.07791539988514,202.50045798541473,192.96413685506377,204.51019192311267,199.91366598616398,198.03744818108984,209.11437857828506,199.76596916704005,196.7867972416805,191.7809382863706,194.26140390654552,201.94172247167486,197.8269799029582,198.3329744176075,205.1041762407358,200.06900732075974,208.50494343911407,205.45078866054143,205.46473269811628,204.1997700068216,203.70052265747168,210.23855371466163,204.28440394363838,212.49240374591594,,,,,,,,,,,203.30114576229047,198.8308139951195,208.7367088822397,210.0842038820318,212.8366319455274,208.24943056034968,206.15867519515177,208.46387495405455,209.96710017210177,207.32014857380122,209.20010638514447,207.09404511846589,209.7170753716301,208.1049816362229,,,,212.71251159038323,224.59999096963014,213.57784019089294,199.48769477236758,207.12671504049197,208.73701055446952
507,2022-09-06 16:36:39+00:00,188.0353214366243,178.1287378488493,184.343384680482,187.46519349137472,175.9995076586315,189.2394188040229,188.42387671663482,183.19805643585855,175.71452980551655,179.3950771185899,178.9845962801987,171.7044912367892,174.50070603316064,176.6719976322661,184.14374915943316,185.70924423050204,170.6400561763882,171.30897667063243,172.19637396357956,180.7582430451032,187.86858743099964,185.3365209943981,184.4449686787314,187.55961722423615,184.3396634572564,196.02822239915184,190.46393308966347,197.11980105714807,198.36610811523292,191.1674640458851,195.06308972388678,194.77912713857344,190.85524080253384,202.8984881168469,189.73344253303864,200.0601172549448,189.44819272560198,182.5343613049796,190.27416488670565,195.28877238120205,187.37412379596304,182.94871975887676,188.0503225716508,191.57947761164885,193.01296813502196,188.50137542062382,187.9825509438457,190.77911109599188,187.67457129082462,186.3223922186104,190.22237527218843,184.72870720537892,182.2655498152893,188.0117354745897,184.90280747252285,183.95647038645453,188.5704970137488,196.3682073267983,190.99013355061768,189.3932647495311,190.93174718339884,189.0665757787493,186.37147330392852,187.20442498134327,190.3876047143966,193.19094022576851,195.75344023242153,194.8777021280374,200.2843775554237,196.8245099139441,194.4992013702179,200.0933487414538,199.53880201887523,195.2870770349438,193.89500124621784,191.96144821779447,193.97785059116802,193.67696100281117,189.04543170634648,192.3200849607883,194.54570065352567,189.35459894080475,195.0427329483854,191.3715229449529,189.95142982544596
508,2022-09-14 16:36:22+00:00,194.5710675018828,190.39830912980935,188.9688999480772,185.0375759341078,181.31838204908854,185.73292984722198,189.9892688910966,190.7897235430642,181.62984727201265,181.57141880274364,181.0433635299557,176.68619024816272,174.38632480373658,185.38151405172547,187.86794782554094,180.96568423880814,175.60783704301878,183.02699859159193,185.51132831176608,187.66821785906652,182.89207940572723,186.81912601096707,193.18713077432216,183.66644332640797,187.530507614173,187.84355517936578,191.76529107195776,194.45530080907608,189.18868692126506,193.73502362393475,183.25671904848738,191.51019376741016,194.25034922635137,193.74412905803612,195.66897604217635,191.82185852416697,187.38514129654206,192.52978181656133,190.72853106467488,193.53080306233647,189.42496915928714,186.08339945165582,192.73201671639202,189.69637148513632,198.69669390244945,191.0752742197241,190.23341374580951,188.46718590114196,188.11742826940528,195.05741486377622,192.37578417376895,191.98597371407746,190.33333485368667,187.82635407498088,199.80612360994957,195.3082051665127,194.301995858158,196.55102764258763,197.60161704451903,198.48848283700812,199.2919262683355,197.48166659335428,198.96050356068903,198.8426730789932,195.95733074222665,193.72193194276016,198.12390781619095,197.52910559131186,195.38883637698822,196.01498748059555,189.07853533977186,194.65227867297776,196.58148675915868,196.1350127746464,194.53721451137753,197.820857955516,194.86299536323295,197.1021521306284,199.6254865771067,197.87093123776017,194.78634555861038,195.51753680009847,193.71234564400285,189.19440122275395,191.7183015679955
509,2022-09-22 16:36:44+00:00,188.95412551645413,187.93353298869937,190.20829191472035,188.40517128147206,185.1627184311904,188.4347827838289,187.65476526007365,192.22240285240696,189.6707654243637,179.49284383332906,179.2406190313955,174.24689569802524,174.2191824602909,180.99207999983952,180.81581237407934,180.65118484195102,183.02584951052089,181.6868110302379,182.8814892497236,182.62973845456708,192.3298491039635,187.77742707204123,192.12136733613048,187.31483037939483,184.82503403255336,191.09662669289997,190.608324726934,195.42044807170186,196.74004885593047,198.96576099444854,198.66528155959648,195.39792388074187,198.00872432684343,198.82538535583768,196.62990091600673,200.4044769999347,193.06921504679974,193.95423084056492,198.59006460694923,194.16177485742932,199.01712902286005,194.9772840641197,189.7762363246581,196.66620058499734,193.50131566527818,192.4457948533607,189.81207000799066,190.28985033508954,187.55178990412895,186.82976743818097,192.1845513545652,198.9883696738188,196.1324208452237,199.05597135862837,188.33660393300016,195.47499466501134,194.62114249974675,198.70175708443412,198.46591926242894,197.84645927036385,198.28159250598043,194.36845980384265,194.35191376931627,199.11350942407935,196.99499810424447,195.1342406716919,196.30596410891772,198.20645126123992,198.6855312432985,199.88556676295875,203.30456499232292,197.82015349375925,199.51109418461397,199.99511336633753,196.05555010758866,199.39313646051733,193.8777017646249,199.7690543521881,196.9743446602403,195.1142634367129,196.96885425812417,190.61027661831395,189.66145557996254,191.2868345585929,190.96895767391226
510,2022-09-30 16:36:26+00:00,206.3745772438537,200.947759115211,200.0199675513551,196.98114493629063,190.1170673923038,213.59444346962027,207.00798093387075,188.7703585350087,198.6376645582669,204.16313070293546,176.9896199195455,194.98998841759737,181.50750279074447,197.02687103498627,198.7239589040908,185.84799123519406,193.96226964045906,192.57735760452906,190.42434793686226,196.09133812793297,193.83240456901913,203.04089860310202,195.76382432828592,193.407234911147,196.95825635496715,203.72460943825527,192.6207373144465,208.37983730163708,207.31938238974823,204.00599132088428,203.14259124777726,196.41047385409715,207.26581000678297,210.31991158001605,202.15690461016234,199.1627396425178,197.99625635052732,204.45446905579036,205.63354016719194,206.38237280276041,196.75268307298765,199.86294035895799,196.23280482626487,202.57783304038654,209.8618175303529,192.30669841138712,203.16628532121237,211.49151423561986,194.0872593232813,204.36216840969968,196.85869132086353,209.97715855206397,202.1576786421537,202.31474373576552,195.6603669289452,207.8738297320549,203.653977498706,206.87571822080164,196.64039924439984,209.1566477853102,202.98982364262122,216.47483147741968,202.86903066924333,208.6184591098438,198.85365745162474,206.27034212416356,195.03410900087505,207.58430867965444,210.61949381065045,205.643911621774,206.70787056503988,200.39867855638232,212.86590730363724,209.26062215629443,208.9503723280757,207.68410354966184,204.53715896267244,202.998457725885,207.37933016107112,198.0605656461989,206.98935221522962,200.21325081053715,200.62220575811293,195.53265546666248,202.22654715402098
511,2022-10-16 16:36:31+00:00,190.15243720607756,195.37238942905657,192.06096417018372,190.33762072433396,194.78269386013986,196.50283219667895,192.30897659331376,182.15151439629773,192.2702116069881,192.91781389642944,184.6089733834979,184.55046880049835,189.12861788999393,187.73463940837914,179.68238237567755,184.39832967132952,187.27456553380023,183.45287541620777,190.20439573283784,193.09525300739645,192.009164378382,183.2099352688589,187.20196547871072,192.7020160212775,194.31614046290278,188.12313322190855,197.80026834764806,201.66832528161146,194.90765629766048,186.52992224785427,191.13827165808922,199.0837307653616,206.14613116479936,196.19387281072673,190.5563902369914,191.02163070031025,199.41273176363288,200.45492067541116,196.75206050368857,183.34622846230903,189.63170409943567,198.52368665821055,200.36522085809517,198.05777783021134,192.03521748893445,190.20328351218808,202.9703920173831,183.46091308534992,194.25048723862972,198.75405809968535,198.72926870849895,198.98469562894584,176.18129308109374,197.32573614738948,202.44052443302053,193.30702588324905,197.08393846180073,202.1183887296723,194.90147674736744,197.3089376374926,202.20879270931175,205.43863853927354,193.41863457399688,197.3054163333653,202.24722326681993,197.21959189682218,203.63587832096962,197.99303735395623,198.97956014898116,195.10774642031083,202.53349860805002,202.80486384647563,195.375253962727,204.99673943061197,206.0508432254418,196.18504667696945,200.35224573813568,196.65371987213345,200.33994273576974,191.7122963655886,201.26390295128235,191.86553053966242,194.71827195736648,198.8270395146418,186.39688967307188
512,2022-10-24 16:36:41+00:00,195.97568513357444,198.84063996503494,197.364211818219,199.6234267343527,197.56613652852943,199.6143736070782,193.4407406212245,184.32426253557387,193.40771160565498,190.34237964881277,187.81146146170366,192.67858277089016,189.00337316188165,191.26979024749102,181.82996144914648,186.5815756883519,189.95939291934076,190.02683641773856,194.96406863576073,197.39522383378403,192.2593608537261,187.99701462104954,186.98485774456014,193.22109238657316,193.2128773260718,192.00483622532175,201.88202982635244,202.8685682113342,195.42457196980354,198.3276924488652,197.24716510636415,203.81354145031617,207.53077316200705,198.6183013243011,196.60718888476148,198.2671058141595,205.87738738883039,205.5880833755839,198.57531471380543,191.92493101226157,195.86896059205702,201.90757562673448,201.0903746252181,197.82050883202245,195.48671681853432,195.40783418825816,197.90547313415854,191.1002047583301,197.70631161929617,201.34371141688592,196.79961317588732,195.27120862041963,194.32203676257396,200.44594336270765,199.7276670633571,198.6741831495135,200.57199636420174,198.3538195406981,201.80973946935768,206.05701053724226,203.08654443211265,200.53677351994287,197.30010810143827,202.44291075850066,204.4141040925543,202.4569564665548,203.02422461068537,201.98872505313696,201.76862104113812,205.8626323590011,202.16365175970313,203.70263677078052,206.57163493821628,206.48880722622053,204.18606300593115,199.0628401203477,204.89631296223646,201.92352857953085,204.10457846932198,203.748521241401,202.20004220530168,200.9719272089638,199.61364839634362,200.74874184242998,191.58636676260906
513,2022-11-01 16:36:30+00:00,208.22904036770913,204.60018157781897,199.753405116506,203.15773303398325,203.24798311833416,197.73590109589847,203.77521126213458,194.85642413599876,196.13124109457144,189.07432963569002,191.534355668902,192.65877990103607,186.13149507075286,192.0084462850867,192.63498431652965,200.15741608910812,200.34926717459464,192.08386337866915,196.92607151992613,194.4378850028416,202.16898744339608,191.87203363837162,196.70042225274307,201.82096333412176,207.37355717291751,205.91911373188785,200.6035491008615,200.1687587298172,208.54487361548078,208.2429751409525,206.76998595777195,203.34447490565213,202.85807124169912,207.50188451423952,208.79284358585238,209.14468665115473,204.1208224433215,206.89071367900945,208.3100831570611,202.9858528671531,197.90518224279035,204.1051277232199,203.1413650454664,208.2695724633255,197.80456602130076,200.11866712797948,207.52264865284073,200.70769281603177,200.44881247324315,201.32162747601333,209.20704855433817,208.29091613097518,206.4800793309213,209.91365519948636,205.1776283890303,204.10860840199436,208.430707098521,210.78286599563927,215.05508202599137,209.54330190819536,212.17235212194603,201.98829731248875,211.43819260830463,205.0561680940531,207.06058480582357,210.7205420908672,206.1775616065618,205.16219402988477,207.5613067684137,213.81166725350164,209.28085340566165,209.58748857775257,216.7965203011254,212.61404741533897,214.08855908987286,201.43860414107826,209.73914308992255,216.44134771169928,205.18764572460864,207.19425093883595,204.5819294448919,207.42881830512715,206.05919792056622,209.81078938884423,194.309345643223
514,2022-11-17 16:36:33+00:00,212.24756545170433,208.34743018011102,197.51487633237235,208.70944064579572,202.5369273185287,216.959847040122,212.0125707760776,210.09570177357298,199.0904465820948,210.7547214989161,211.5813204471025,197.51244716042802,199.09753659593747,198.9645101837726,206.98790309858566,213.7634804513031,202.28006172703994,195.80943083857542,205.43069133724094,204.20851469622437,197.75475650678638,204.29170224500612,213.4992074917272,219.91852977876945,210.13777360153517,201.71037404893966,208.3344893850615,220.77713507800328,214.3510800529856,206.98022393472505,206.5070159544079,215.73298613284217,217.67796161549214,219.32280155891075,205.9538730728353,215.03995800477247,216.49712865797204,221.77770735951393,210.70880020779248,213.10498103364472,210.78012484090416,209.35826908840465,219.19517672879428,201.873161548846,211.75148453342857,217.15653704208552,215.1639659217781,204.70685157588488,205.4819960883964,218.5464889517324,222.90351586620247,205.35052485763595,223.54593473918757,212.87975724099633,215.16949442970403,211.94659160658358,223.8751828779292,226.52207913601464,217.94932218905961,226.90920362160796,214.07046435812975,218.5900151554002,214.02895966352816,221.14980391862366,225.825204702242,219.98542752406746,213.58508900143664,224.0890930830951,210.76822363778416,228.6304447254783,225.93230427184614,226.37624116024023,222.08028031797787,222.4699446238546,219.8439477684765,219.75996415560107,219.89360206664458,218.46333800830678,214.39281794710183,220.91648360516152,216.41477470075654,220.52348503983313,215.03910370831127,217.1668594736707,216.85381512473936
515,2022-11-25 16:36:38+00:00,199.51783625271898,203.9131076467098,206.64249028809908,198.25671155505563,198.01568452496602,205.80514195497784,202.78780349327,198.55509851154454,191.51204149206976,203.90933744669843,197.26757186331292,195.66288077596357,196.13646936485895,200.00408063257748,199.15663132283285,195.52219443348426,198.14285818657785,199.13764251775027,199.3612818080559,198.4247534618143,199.3134638627466,199.67243698952169,198.08578445336232,199.03854165393918,200.03118196140866,203.18449961364186,206.04665133149595,207.88195784166996,203.13404575365897,205.6033658797093,206.7942357714394,208.3212621123263,210.2771653993061,206.43164703120638,207.7413659090028,209.44905903759155,206.51650568683095,209.54226578802783,204.2345235808264,202.53068883202786,200.1317336385698,200.3941372360317,208.57328415396609,195.30264640528284,201.64270176586135,204.07621309898659,202.86745328455714,208.5565380285992,202.5485802602533,206.02458494890882,206.89113142029618,208.7851741049982,209.62756584757213,204.95500759564425,209.29124745102717,206.53024866066045,210.0430451073946,213.22596805601282,208.8623853921249,214.0817361801483,207.80009230790154,212.18633209390143,207.7783133477304,209.8911614537684,209.66084784895557,208.74651701630827,205.43048651366487,207.8230527867841,211.48489716331522,211.7167082940002,214.4401218035277,209.20149667038655,210.13020989304158,210.49901242146018,211.8519895630617,214.86102579546514,209.33830938141418,213.36608095603967,208.20609491771032,210.64650727190428,205.70095271396966,204.60045511076953,201.16394029726575,201.39810735193896,203.71517143230912
516,2022-12-03 16:36:30+00:00,213.36831657561393,212.9322590680105,208.30088502437323,212.5416868689552,208.09656806470025,214.86480770304124,215.2822055635215,205.25710366461618,204.6046485825489,217.24210069944652,207.4565389892518,195.7488770355874,203.31306537255136,198.99470960998693,210.4285660992338,211.1866187286786,209.36209637297253,208.6881586831463,201.73553061926265,212.922913598137,198.9034389000076,210.1824398829087,214.926768416048,200.8658446356399,213.3615938258728,212.71241892319608,208.48093129533714,223.71014385330972,206.0067851549722,222.88805585360151,217.36035270150245,213.7668016259978,219.7812459702022,208.11713836009554,218.12949350886743,221.4367571596134,215.63065729934084,220.84675439883372,216.6856631780762,217.81100406264505,220.5594900859404,215.6469434760155,217.87910044130913,216.27218916200255,215.40759654200258,203.34368396365562,218.87452864220154,210.39712086716924,211.99060503429988,216.3823007023926,213.4506201625087,219.38671393479453,221.23681191752107,216.12537768947055,226.29467053875496,213.42348012780778,221.46859504998915,223.92736867075237,223.87001981919448,228.10271562880172,219.77980587822523,226.7125662707329,215.01832239701076,222.13655963897162,226.87181839059326,222.0080208537765,224.86751425558012,222.3696878682626,225.75547178965,218.40765341889184,224.0009117172637,220.60455479359553,223.54985140107996,226.18286185531426,220.75903255839907,227.70044589987393,220.3057380254574,223.72000369601807,220.52687404953483,219.72103076112074,218.9672384589629,221.98398963745836,221.7693712963992,215.8976194220741,218.21638938494394
517,2022-12-11 16:36:36+00:00,212.91276823045004,217.32616871295463,216.81350402886505,214.58957766695556,204.41926715884088,216.71026355677668,216.67691947276845,205.74195867618175,202.22872206871003,218.58035590524312,211.7092416236133,201.28535268241666,205.17565171278548,205.05609185215133,213.45603927249735,209.9778533951134,209.49690665558703,211.45746457114228,210.82247222087227,211.11825161890354,210.81874943912928,209.8596683247345,215.98182174713622,206.20403815492188,213.3399993468244,214.4649142301506,212.17357457980324,220.47865255066782,208.7347941316185,219.4071990725992,215.71693537640266,211.94029596913566,221.7185331987763,208.80694866810688,220.44760825825819,217.85006109558168,210.98754613860675,213.23437519195235,221.09025491687115,216.2149003762405,218.24033808334002,216.46471186816805,211.56733370145238,220.28424379126568,217.79643696428172,214.28590747428095,220.6302938879085,214.80115431227446,216.41170653920787,219.26300738171406,217.4184459496754,216.3957500509119,222.68952963883157,217.23570140625299,223.48607260791178,219.37602038509024,219.34795377704242,223.11874990800115,220.71929719544576,223.22333940394222,229.50734137254173,229.40395518182424,221.3366405441538,216.93752867115046,226.7932570049667,227.11408409200413,219.36679808003325,225.92152438161585,221.21133243255,220.32617737452253,222.15922265388525,226.30463056427456,222.7253044613183,224.11996950256054,225.6235413905123,223.27056190664587,225.98056948443096,219.78906861715362,226.90201358399088,222.5743627937382,224.9907350909553,226.53813636165512,225.26804802273358,213.5424103025918,221.27141651403167
518,2022-12-19 16:36:30+00:00,217.96259401537088,215.42983012187216,220.86508714996305,215.70667648519856,202.2251696969151,224.40677064503296,211.91339843431143,212.151677588192,204.7882753172477,213.34543729313626,213.04807706833418,203.1789355601437,205.1522906786102,205.7038538559258,207.76418318819373,209.98302953731596,205.60055034289505,212.2353036688191,213.4915909109332,206.99408943992302,213.88010084498836,211.70700140024354,215.99915494725727,218.32952704494497,212.76171138424178,215.62494226632563,214.07149293236986,222.9867384013515,222.13701502820123,218.28246111201526,224.2544286265611,214.6370657954966,230.03042904503465,222.30170487977142,221.4623839311186,223.7267222390279,216.53130866811728,225.85089710862331,222.17735764199014,217.94398268722398,223.65500506827772,212.51102418059327,216.5611678046376,215.00169410372305,214.40641054061385,220.28330051456345,214.20836736885082,219.99521101524647,217.55768955615196,219.91220711313917,221.25184914575433,217.40238393132483,225.33228216512032,219.69207437224307,222.53872808597256,224.51528117970744,224.02096789657452,226.67248702183605,219.95822913344097,225.5268288145664,224.04727212157425,223.3344444660139,224.14971681076224,223.8192328127745,225.45481347031387,223.85032871858886,223.74778436044298,226.1091091651268,225.18698344003974,230.21287126612907,225.18559831198377,226.06795380111834,226.26476373438751,227.48250684370578,227.82782083569873,225.4650309364315,224.83939754612365,227.12725493977297,223.12105947837662,222.95892980767204,222.0329607985065,224.9291507690645,223.1316641383395,222.20789579038993,223.37834371272425
519,2022-12-27 16:36:29+00:00,221.85490256041,217.07467864833768,215.6893674340485,215.32446828958743,211.725797824641,218.37828504128228,214.88947228647424,210.88188910578353,218.05409269577186,215.61117294122207,211.9094955808342,214.11242433661587,209.02769517905588,212.13993863820488,210.62401933622542,211.46642635627236,211.68939515212327,210.8484708919734,215.23721182635293,211.9287683837449,212.14444439272546,216.63638824728199,211.139480210587,221.10137667856083,212.37592306427237,215.4695137151351,219.72126940194286,218.32139615185287,224.64742799420839,223.14479035680736,215.540279740929,222.54187722370622,217.5142561597395,223.68262412714094,220.79348599325482,219.57101547031246,221.44114240756846,217.15342465841277,221.85725187919886,218.0516656758122,216.72823237799776,221.0251866574369,211.59627422983917,211.38117064075658,213.3842585042435,213.42243359770228,219.0417059695192,215.13218999855883,218.2830691111666,215.4529131852721,219.19803307993598,221.0283461464441,218.0841685511076,220.34663480559783,217.42186097811125,220.24569655530414,222.00120774684027,222.84493421246734,222.58792532919244,221.08055044626926,224.22233688111325,225.7114469286157,225.15213360688142,224.94004167498557,224.2400237427731,228.16680703292,223.14473562033376,226.28340057870054,222.66775263174623,226.49118120407823,226.9318324339893,224.4195176403421,225.83386746772564,225.63607733748242,227.68998685496163,223.49359301359195,225.10890233898732,225.95688539481574,225.0936284994158,225.14073524419905,225.03856818132147,220.87964862782133,222.20667142820315,221.30240089093837,219.0776352623425
520,2023-01-04 16:36:32+00:00,222.62621322994582,220.3638316875071,219.68969746658007,215.79415338582882,226.7872107467717,222.41325982108788,210.39338854827577,221.55199473703118,217.72755262881728,213.80130815084962,219.18965456975423,209.42889723392318,211.72204870283443,206.50508640017947,213.44465280624416,214.97088252254974,210.77697316444923,213.80790793768583,215.1540540615353,214.8532594433968,218.0241108159604,207.7117300699459,217.28777208578302,220.55277422210492,217.40887802990122,222.81452065101305,215.5882468176822,218.90155495323242,223.96773052525344,217.40410299756812,223.7538479699829,218.2882856080551,224.6976992267413,220.3303396503107,221.14687143554605,223.62981217766844,217.39798569333288,221.8833851595829,222.1904737757645,219.67043024776265,220.29788959863302,217.44822327940375,220.1894766363827,215.97663445899045,218.50866596904967,222.47329108108417,219.1715277296951,219.92924335860366,216.4659563328386,222.51720900491708,228.44672882012028,222.85281430610647,226.87099501890273,218.67577653673808,224.7086614500353,224.11405302027447,225.65086190425725,229.26862691286132,220.48485618311648,226.81611806440165,221.82818034914317,222.33259434531456,223.72744918665504,220.27720837878266,233.41693068805742,219.26097554305105,227.0435076374678,224.83760900485566,228.64379560281398,229.86066455487966,224.92194335051556,225.7534890238853,222.98539176052242,230.00670612075936,227.5838420372664,225.4154481207532,225.7580266535868,225.68515122862857,224.78894451657732,221.79127193806877,218.48356975484347,220.93389661593267,217.96848364498757,219.52202485494539,224.07770999313462
521,2023-01-12 16:36:26+00:00,218.59326545453865,214.05228120664796,220.47574309335684,219.01993908723307,212.51179347051797,221.6820870374566,213.53708550984467,214.59100013540436,217.48811678854307,211.8692340923999,214.35534406368373,215.47647656973962,207.92979176324835,206.85126481873942,218.04565232846784,212.92176448362684,211.04304782390662,210.3996598065276,216.49737018559895,212.27093031733733,214.15879258534707,209.71296489455386,220.3207688111577,216.91192656246795,214.1016371329444,218.37922696895617,213.10367798491814,215.05839745604806,217.47394332046176,215.12552609018886,216.33630271332274,211.1485968397903,213.59195752930088,215.2334063769079,216.26337542717255,219.06519975714164,215.27826829624203,220.86208728866126,218.07898404565384,215.5301843544928,220.75712046151466,212.58380711132406,218.47543743459988,216.0821184828608,214.87282916967007,218.32664872431292,212.26136664089682,218.53258776146873,213.5147278317874,218.0208671267318,223.9932373406366,216.69671342271843,219.982301996537,217.56219364241758,221.14399152245923,223.84896119280734,220.3399870332587,226.0163058412781,218.46565132220888,224.4756596637255,220.57846762600045,218.98053443752048,226.8469980322411,217.4580663286098,220.64904277538693,220.1852914498904,220.6147274999151,225.0904861451888,222.72302658080804,226.41891667685465,222.66797919181283,228.23163700782595,221.37625096397142,225.2537333966291,223.29875021741884,223.38785918882687,227.66068948310726,220.473586118483,226.24131664385766,221.92625523465773,227.50564060143938,226.45057324258534,220.3437261356228,219.28471182562436,220.92433021196854
522,2023-01-20 16:36:21+00:00,219.24046185367712,215.4763956230563,220.80454229959992,229.27203782627933,218.8709401862724,223.04775764123167,217.54252788786619,220.62130882869113,217.62269099475714,213.5696626488802,220.7618782490275,214.62371950290546,212.30038362728817,214.59377229261625,209.70443981138538,212.30981778974098,214.550739881001,214.44959875154964,218.54594944663427,209.86667567070484,219.15376085798553,217.33060590994037,219.3233682182853,220.8273457349221,212.76077099064116,222.3093303401934,220.1542820769977,219.9272467983686,224.44539490633042,216.43821602055422,224.45493698171035,224.1565920952626,224.93816837208234,224.36964665109977,215.74380708116368,224.24510025319913,215.87713522131637,223.5709179577118,226.92492843695882,218.78970627312734,223.24677823747103,217.14707235400175,221.34485066703328,217.3842167333153,215.9394711703834,221.52306662999516,217.02069150531284,221.1834201453283,214.96184301573697,220.64523728936382,221.19797721944687,223.4330709167455,222.1936560152143,218.84615375441467,225.08151063981308,221.97506899677424,228.62576412285216,225.25414592593714,223.69217851667585,225.11119132452183,223.87894858097602,226.38864862041996,223.2020367935011,227.52199612535097,227.14584512270162,227.03413888577143,228.0437307100621,224.1865083289461,226.6142605275234,222.59007605189205,227.34051640201847,226.43262305802313,227.60399323272603,227.9588575064653,225.05105878097285,227.6328512105258,223.2042041847694,225.43193041382298,221.99432318317872,227.21672707814565,227.19180404416318,226.1320391277839,224.97698980992914,220.7978311031266,225.8979482328039
523,2023-01-28 16:36:27+00:00,226.52072798539112,219.3919612104299,224.83580652085385,225.71183230813378,220.94872680216315,225.65589745471587,220.6943497983047,219.25522460394063,220.30600507907292,217.38693529756,217.31799734059462,214.976408042387,212.4041221614687,212.016764505163,213.17757416131855,216.1974667745463,210.69116360832797,212.60507878519545,213.16377947041534,212.87579422735644,215.0786603449034,214.42101096518803,221.3452164690129,220.98914455661276,218.61564372354874,220.4809666875015,217.76859217764297,217.60975420824508,219.6466854924298,217.66946420696482,219.3872146464663,217.1750805894474,220.4980584882879,223.21833475780716,221.63594242922156,221.7344161637221,220.741476069377,225.00628913354487,221.58798967319052,219.05329507211493,222.70623893626018,218.35509660647506,220.05345213369014,215.5605620861694,219.25510361162617,221.11209766798007,215.90899204192922,220.4784672918731,215.47466219092934,219.47214622913094,225.74807874639697,218.45093303509617,220.10250846304572,216.28910604571712,221.41560601683597,225.08931287367736,221.75017815981727,225.92275210711267,221.95585831204244,224.2327336741685,221.6876822877094,218.85849781358237,221.637717216714,222.033512814376,222.04125466386637,221.51633330111216,222.11423685275702,226.69947527743952,228.24671273538002,225.0840473166444,224.4717312747944,227.52575956577897,226.5199715783001,226.5012818279243,222.2708014794128,226.92526025947532,221.35952374177774,223.137144078136,221.26384097514259,222.43991661590434,226.4322287598992,218.73647671244976,223.01082343338368,221.06380114001658,222.62254221335002
524,2023-02-05 16:36:35+00:00,234.67772758761993,238.31257253973024,226.53679752488333,237.48413288053987,229.42985413577412,229.65649760372972,235.52720831604282,226.2768812390766,233.01255779527335,229.3264757155177,220.05789894228008,226.1191129048416,220.7028654058554,223.0977607085717,224.892771287098,220.86026010262447,223.09630198715422,220.01740534002897,226.20211185168398,227.22663489198132,218.2848166712618,227.38581450376745,228.52141256180505,228.56829529169923,230.60675747777407,223.7361404997331,231.7941209423162,220.27148030494854,226.58049921045296,231.2789394707099,225.072961230356,232.05935011485457,228.34759471651827,228.8861621001045,229.42119747724826,224.83785888063557,226.3345102917193,223.8785012266319,229.87585782545654,233.05849200908267,228.2335723782511,232.30593815110947,222.30156254963987,224.28964799582053,222.29134341373194,221.62363667594406,222.65078603168186,218.4580545617839,222.0322825179888,218.92495462678113,226.32084540825403,229.30590941263176,223.90728932279416,230.46536106739777,227.0776737964556,225.7183948173752,230.44700527247457,227.67716403290453,231.6681616478445,226.71891172271586,236.39664755480854,231.6947460939369,232.11220960385953,233.53235367202277,231.91350784523655,240.0505436858301,232.24004618751994,231.2058455972858,235.14375807921556,233.46738094078353,228.4656696545274,233.27654526020567,230.12116633059614,232.83701463615898,233.88920105611197,234.09960458961535,235.78429805594138,230.74817060841937,233.97776818632101,227.24027202952934,230.25729695148738,231.40681956951457,226.35043691211467,227.71475492951583,221.92240002137316
525,2023-02-13 16:36:22+00:00,231.9465624165383,223.10068328396835,226.46082907810313,230.04251178290377,224.76618621004326,224.8885127540561,232.36380864454625,223.46076545991986,226.83675182758523,219.59151155607952,219.16593229151297,218.3202034152954,213.44391931439768,216.22965967508034,214.67182278755362,214.58213279160063,215.24154252331894,217.56330026347547,217.10347885104142,217.55269481667972,220.0445035086777,226.66349091822372,223.0346366136981,221.91129182130916,218.27898515725974,222.62587373581744,216.23758208176528,221.92137323322274,222.68345672995994,219.59900040302216,222.4996924893553,215.2574388540363,218.4843886057097,223.47690602367013,219.08693210581743,223.3951161954256,216.67363225003996,222.47849627921042,225.85259163367195,221.33931427021926,224.08648769424505,216.65043226304448,221.73282994708796,219.0935435335141,217.49286301269913,216.46113656066177,213.5989771844551,218.7091748569416,216.2670630392875,219.30558690931002,224.4323784009841,215.28950133779986,222.58148890805452,217.29361241717066,224.6166245272163,227.03050459007312,217.53034061422466,228.32803529770086,221.0823830813041,226.7889674956453,224.1732868448097,223.7307897123385,226.39591197495918,219.16765744360129,226.04931493967672,223.6138800598291,224.91895580548302,229.4594943273656,226.53562570099757,226.31072236490542,226.14343396012072,227.4498337857686,229.00477054702878,229.20694058903143,223.479566848663,227.46443985543016,221.77238033120707,227.87807542573935,223.67691794154135,221.41905085001437,226.09732029185665,220.1377784584204,228.4914885286439,221.0059730762009,223.85830425171704
526,2023-02-21 16:36:24+00:00,225.5264059791086,222.46387006787631,227.6425416876435,224.15052893465847,225.40644332955364,222.45969817652045,223.31882526912477,224.12236110162843,221.89038527628105,224.34974199157426,217.30629710262644,217.167893470279,217.22669684482545,214.61849451132065,216.23027369144512,210.7979139641653,213.85043298634113,214.14598849595677,215.2522614019096,216.81914799173092,213.59506297645441,219.0054438451935,216.49418502854311,218.30751636633653,217.28752657392494,215.40128320425845,218.23196980916381,220.4026265795277,220.72989459003028,221.42235896417694,217.33420055587632,221.05320671055756,219.6207981926217,220.55099789845224,220.90295773398586,216.23302333713335,220.7931782973228,218.9000223099325,218.19375220388878,216.37018931933827,219.05593686358344,219.7905738895295,217.9787297255713,215.87168750587085,216.5101976704074,216.75406241916727,215.0382552066367,215.4607277170272,217.41990061393895,218.7660447277476,218.92410790168833,216.8988487165769,219.47901225349023,220.91055424996665,221.79194880433397,220.32370077038937,222.20271621265425,226.5995580640162,219.82150987765885,224.17996662298253,223.20842052431217,223.90896454039748,228.33321291559665,222.66782008339217,223.71535080763152,223.70195732112666,224.79108363509744,223.1677488501409,224.29451063434882,226.99613066646276,221.7642324224577,227.29014618079003,229.18427070775587,227.22938203733796,227.86521631494242,219.75133662251196,228.72423489265506,223.654402191225,226.83327433307107,224.5222404011228,225.4881408975659,225.61280293350376,222.42570176591946,221.47080036221726,219.58795684744396
527,2023-03-01 16:36:08+00:00,221.79262686190486,219.21713051970087,223.09640013919096,220.00131893830206,221.7294317979691,220.61576634583398,220.0697426639745,221.83309442358194,223.01892056692404,221.49726159839386,215.43512524043973,217.21391259770778,212.37887227294013,211.37821140031832,209.2194141393349,220.06625146145365,218.18025507609966,213.9442973564084,207.3914577807995,208.2534622343661,,,,,,,,,213.35523744776233,215.60862022701954,219.08079162066966,220.63724572487638,218.83740270126717,212.42779553861232,216.7817053298941,211.96474765107646,216.22523423841668,221.95941724822035,213.21353178716666,216.91407672118248,209.44051808037472,217.2633611687127,216.1771501389774,212.45196091888027,215.9786166798772,206.41966827241492,214.67950211055717,214.6975700292436,209.1939072245293,210.33492337297704,210.88152587138254,214.70051295485922,209.54690075573708,213.376641339521,215.48675709730514,210.89822789718534,221.87943941127804,216.64874517711593,217.2082731486994,221.04488660124485,215.70601633617704,223.87607878843258,219.16955773558283,216.81951052411736,217.06984180138454,219.52728162276156,218.29047205398277,220.75061965698,220.64505973010446,222.43897831994846,218.81547154245612,218.32167238024638,222.07391741760696,227.88318146684927,222.11787556619893,222.03119486480034,217.1727528132728,222.41707015156953,219.85373518476467,216.9538548297281,217.8038318975258,220.1391826474193,211.19188931408354,215.9383683111104,210.77117115780734
528,2023-03-17 16:36:01+00:00,217.96642429085475,223.5405437674385,224.7235787023789,217.41203096187664,219.6606006152216,216.21784112178295,215.4667230542237,217.40886854258804,215.0742310649672,216.59049365281746,216.22894166082324,209.67573526610022,213.7628975611598,203.31443161852854,208.71742474930872,210.73506346425697,208.6195280590014,210.85260136236002,210.8221494017728,210.68835857044763,212.67932077701738,206.74410880551181,210.310445390394,207.91678161189816,212.1825449853639,211.74753466561862,209.7907913745897,,,,,,,,,,,,,,,,,,,,,,,,,,,,,,,,,,,,,,,,,,,220.94289645355352,,,,,,,,,,,,,,,
529,2023-03-25 16:36:07+00:00,226.6227960985807,225.6249999926034,223.03266279776662,225.2801436748518,224.48371142265066,221.3389517739886,224.7217894472469,220.7067708550849,222.50258535025145,219.5965891333579,219.07032795411826,217.08117668917126,213.62939550027863,209.1386256626966,212.00407137242144,212.78604517835595,211.34898661323757,211.11666114152416,218.07456225091238,211.54386150961184,214.5853492597781,218.67919672950464,215.3535406364502,216.24869319225533,215.60292656726722,214.18520296478582,215.14800328236146,218.37501471498433,220.0047720335212,213.65102661242096,217.70824312064178,218.63868661267927,217.51752924125293,221.65999081304523,216.70273190624488,215.17393675268622,217.32453532627125,216.10311514206217,218.85585915449477,212.7780388494358,217.1337374038519,214.2872639310254,215.61209737162986,219.72502560284687,215.25278893406588,218.98784009803597,213.4077827757942,214.96936273838045,212.69910550906067,213.71710889148474,220.12110507798766,212.49488740188647,218.8911385618392,217.41932331685925,218.66879908258218,220.6408879493834,217.67688838954365,223.43527453387298,222.46328307521665,220.2448173678967,228.16883407295995,221.87939517816812,225.64039741867288,219.22658581751332,222.56732082437304,223.98721964259522,221.8130829496529,224.70107987888542,220.96770941521913,227.22507154200167,222.76025558734463,227.10527551184975,230.5970094261434,223.43250419868204,228.1595359945828,224.04629751010012,227.5847960700563,224.655141018375,227.8182733307935,223.1175617737165,224.64942841444451,222.9896309353811,220.27982054969874,219.75258095377893,216.7513560844205
530,2023-04-02 16:35:50+00:00,223.2439770250956,220.58070321517906,225.24577423309154,222.10127336887206,220.04342775307177,224.46346317769388,217.29132311030085,223.59066387937008,221.02097068445624,215.378877552476,220.0296059555421,210.3652743949503,211.5197716177184,209.5679755350193,207.42728235606432,211.92368552921337,209.28713124761714,213.70695730903765,213.68818547840627,209.40187473795194,215.99449419032365,213.54943922663,215.98909054457118,213.09320497431628,213.27679369839979,217.4013239127157,213.4636786847373,216.18937300103292,219.15365366933966,215.28455442312736,219.0191309910616,214.7153631126767,218.68493819954037,219.87622286532832,215.97840252625903,218.64101067719145,215.04344114536087,217.07192479571563,216.60932523540163,214.97001316921245,218.74055473995068,212.3537721958266,214.88877645038463,212.53963806308641,212.79393799836623,216.6350390083391,210.1980588101299,215.12081069355455,212.5259554820383,213.19426945561776,212.57098881612444,215.0583639583894,216.7459539461022,216.60147384891894,218.3685526654229,222.42971561758634,222.53030095582506,221.32398683979073,218.70712817217122,221.53733532774132,223.8339000911537,224.40680270405477,222.52237890948746,223.266652311177,218.80801256916217,226.26958957921,224.32383140624333,223.10085248583533,224.06979901828316,221.07938822625192,224.40370149017164,221.93324930803868,222.58504380476597,225.8159170866838,220.05355254752502,224.06947497993264,220.91287127375958,224.53005283469463,222.0633605996989,221.71252461960975,224.39148437727266,221.71895660450434,221.27134376408537,217.43395079890485,220.00040482291257
531,2023-04-10 16:35:59+00:00,226.25136876925296,227.09929833231558,219.08326970338902,220.3512822872564,222.94669501490625,219.68907165739193,222.87582309046832,218.23740112275993,221.43086701071607,222.03133377025915,213.65239437877062,218.71211240236306,212.64250599139822,215.31106058237128,216.11030957383187,212.04988680205827,216.82517120760514,212.07518495149674,216.81094871202407,214.01191167058622,214.23310396109306,218.67321952910964,211.57185206314503,217.08166792542448,220.07258243443437,216.26536047176742,218.4745925363041,214.93789227911725,222.64180396929936,220.18507956106578,216.191551231896,217.19999958519205,216.1752893741378,217.6061623726966,214.87122089618435,215.30169545248987,216.23998855906936,213.25667719581273,212.27104384199453,213.19498108305282,214.7810516868716,213.2863305392894,212.03024505582394,213.1370001491215,211.0274106468123,212.66547116637975,210.8338528012199,212.34460835571733,212.69741055361217,210.22802677165237,209.84123156696265,211.9333539590921,212.0593706687539,215.9283138603268,216.7342598152894,220.12809569005623,218.34568506322483,218.4886728578745,220.11012774964937,221.20092183490337,221.04376218503342,221.76545762390796,223.5061661789927,219.53561294508012,220.16269480284427,221.86066947074914,223.4954958803776,215.20277072523785,219.46138883372362,220.61342612976864,223.11593020164122,225.9014625065734,221.57957073813424,224.46344797673626,221.8329892697585,222.71998090288758,225.14077648911294,224.15117741782302,224.82444628998167,220.33410991041808,226.06317999149394,220.6687448522786,222.27090957024248,222.19050080339932,221.90356295129268
532,2023-04-18 16:35:36+00:00,219.89496412769918,219.14698094618785,221.48148482937228,214.03912564925565,222.9398210782281,223.29079682102622,212.3718693497175,217.23010824572398,213.84520432980733,211.5644255400867,210.82451064137337,205.9219798975213,210.3581206030755,208.92003559003047,205.72819070864887,208.83693524736475,204.08393473127768,202.85711397380317,209.0975763772562,209.19245924050205,213.91575339420518,209.0146513909599,210.33311355490036,211.97463778318394,213.22104528670832,215.91727747692667,205.79115011277318,209.51762781658545,210.7043205817866,213.08658344072308,211.94680212410043,210.18269180142474,216.0352922775609,210.6030829562499,209.7743891343158,215.67064703261852,207.96254055582156,214.95570123201787,209.86955704069126,212.29233397471435,211.58902359513564,208.27013111031314,208.82570855371233,205.12363514431615,204.7835798866986,205.96236274586136,207.28913255710825,205.62783909021996,206.56809498785884,206.01904951358972,208.4423520465878,209.92117088185827,207.59180659565607,209.02101853969629,206.25989789157484,211.5759242465204,214.15938287395966,214.4010864468808,214.76970957168965,212.70444921492918,214.64995567205273,216.5795365547133,218.68972229575667,215.1599529400763,213.21170820061772,218.47904053705395,212.9028967411549,214.61296210349232,210.10205625217998,212.39954764579,215.84772179089708,218.40945755919165,218.45726598769375,216.14042099350974,219.07445997652349,213.63238394754237,220.31950176686482,221.40786399396998,216.6826046646875,213.39746117953916,214.52311233787844,215.01686119452643,210.88899139186995,212.63502224774084,210.0542258308525
533,2023-05-04 16:35:31+00:00,210.43644406118366,207.92966554721005,212.83267731796602,210.44783668346128,210.3621540429103,202.61994333251297,207.6967680545816,209.00958500795755,204.66565069104163,204.03914932249396,206.52891829811674,200.81452219044954,205.55367122591423,195.51663431914582,199.29872781580522,202.14215339241255,197.86540903781392,200.503864310418,199.4737955374106,200.25440281495057,198.6051831943883,201.65988323387424,206.0183271830147,200.0020695625251,204.74532071611083,204.60139414645576,203.8513683626685,204.2270856289217,202.15988307415898,208.4455025725702,207.05919536328415,203.88682239106663,205.1705526398201,200.3860369584229,204.13253876754553,204.91341621812043,200.45430103737067,203.59631170088528,201.9518361767834,201.57898737719248,204.08295754991087,198.7420027645561,203.05414353809232,199.14149742719636,199.9406994230589,194.0653211604728,196.58396442787458,199.75805885695576,198.19978631271394,198.5985660347648,194.89426622685681,197.99680056675345,200.7101325560344,201.9002480656531,201.2863914444022,206.77721749116316,200.16975825574573,207.1210420276752,202.7615793376292,205.49788984189416,209.83763358529632,205.2731231047645,210.92319039151224,206.74911510905793,204.20624062271628,206.82873340007865,202.03184001132652,209.0701911325605,205.61464730394053,212.3844337827826,211.19185609624625,207.31805464962943,211.30377124891513,204.8972335688628,211.12744227289713,205.72260759980097,208.8975417008805,213.85944273359627,208.36807057776068,207.95776681635658,206.1793527411735,203.99398480727422,205.24928336896312,204.11053239162717,205.6265964025002
534,2023-05-12 16:35:43+00:00,184.83989271935104,198.75032332457866,191.0063296132104,185.63120383244285,186.98695143611462,194.11633607870795,189.82939442468793,190.25689112645256,188.55941573791915,188.99536291058632,185.5709571541634,181.77215387082452,183.30906510803345,180.42085769580405,183.75635352433537,182.41589050448334,185.58343885914854,181.0079719562823,187.5202719823714,183.63902158903656,176.8237540085616,185.27428104759142,186.501162054738,186.1529764325719,193.11053248700833,183.34601871244433,188.25665032327586,187.289850572099,189.4561515999075,183.5525290668929,191.70438393334516,191.39901508686486,186.38158630373428,187.30747421142271,195.0201108824741,188.0893732284181,190.20720961387275,186.54751224020737,192.40319463947895,191.60261396720537,187.46831062626947,192.034486003933,190.11216301979346,188.60668880045105,,,,,,,,,,,,,,,,,,,186.05730863057408,192.7292517343351,194.02988593223785,192.28332893110593,191.80433496703836,187.5095534761903,196.55232728902956,199.75332514238661,197.66688024189256,199.36350913627462,193.0088228497185,197.2372849417382,192.75160116441296,193.969651703622,196.7507941316549,192.59965172143714,196.71962757324954,189.15474690852116,190.99052277105625,185.38054335718854,188.66233038840474,191.47360299738028,189.08499389805547
535,2023-05-28 16:35:33+00:00,175.20939619032873,181.88112764090843,180.18068897918468,177.1358395848076,165.66625514050625,180.1792350522728,173.46460754143268,170.68751798671101,164.7271458362733,169.1628911820648,166.099418786885,166.36511417080894,159.27301025325272,162.78939472748203,169.62287704106885,153.80148811962093,162.86887507732155,172.53074891866885,177.01334330650403,165.59105457849523,160.65707356987616,165.6151281446529,164.04367757400723,172.67709324285775,159.0639672790199,165.36529539967748,171.61656329440703,176.09593593275835,168.9313582493921,162.644403437501,179.2900857551421,172.41186574680478,175.921188335228,168.6980208315705,180.72324847879415,184.0891023221802,173.14673565609655,172.12422771012032,174.81808453039523,179.12873873392476,173.76708079266,178.2847651302233,178.51125117754964,171.1058183574838,181.91195500286202,171.05736801792625,170.09802069619667,181.5520698985772,173.2679003033429,172.75011223625094,179.04001753847106,185.83754556128574,181.2727271715214,168.68646377657296,178.96007381233372,176.2650197909441,174.43288093462067,180.03219097124577,174.84044589898127,167.75861255531134,175.30042458389192,179.63838098136745,173.2803658570206,181.74950377796569,179.05120994194374,183.5131456416637,179.86337373810602,178.8563829957368,173.97509577656135,163.84238821817956,185.69041360385492,175.8996364703692,173.32988252130477,182.3999061714798,184.91078777987923,184.67058540837888,181.2002044164184,182.15116085303288,182.26605167311064,185.18113883861474,184.75815450723294,187.3532867655765,182.23338678151524,182.77116475894235,189.59540962985756
536,2023-06-21 16:35:33+00:00,,,,,,,,176.80810412566723,162.34056148816728,161.81503215604502,,,,,,,,,,,,,,,,,,,,,,,,,,,,,,,,,,,,,,,,,,,,,,,,,,,,,,,,,,,,,,,,,,,,184.2513456141524,192.46434017432446,,,,,,
537,2023-07-07 16:35:45+00:00,184.37078108271294,174.29201188493047,179.29643914931043,181.23205286416746,174.67890715888325,173.40461829812733,167.74163882486297,173.86465726413294,166.17804921168147,165.43322087952882,169.9778002676236,170.62355728902875,171.38177764566012,175.18729943920985,171.37984954573534,172.1029141347257,170.2711214552491,166.8070368516002,169.96154958915756,165.22923021594423,166.0667191318667,164.86424164244372,175.81972178326478,180.80942096539073,177.09238767136773,179.45222976067262,177.90472574030082,181.63883022688935,181.12421601545017,176.3237365483728,179.67111142823498,182.2016680039919,176.54166012637114,179.28738240123326,176.81482670164402,177.45585866424787,184.29072616526554,179.78240507192055,180.3899908704947,176.44798041807533,181.08439673092167,177.7100694351658,177.86433601141263,180.36321268415023,173.89193306120418,174.94091387194766,182.29484523776884,179.32119342724033,184.7977828638393,180.22637177910323,177.6074360261222,172.89192203418492,186.38687318875984,188.40133432676282,181.6743186186459,174.39059892685714,182.10042860174113,183.05230105504157,186.02097076456974,182.67364663459873,179.03431102427538,182.39241527213417,180.34317549029242,183.34850849038185,190.20252830581612,182.25148509940973,184.32665653264255,176.62675702670995,180.87461879912914,184.5359661182797,182.7780095469042,182.47433414243022,174.14491485903878,172.69662285697885,175.26136819390604,182.2842798650931,184.23219512823593,177.12117723444487,180.89911324555413,180.10095277668754,181.45813883087416,180.36620401904563,185.4982475953282,179.78309991379666,180.30974051017435
538,2023-07-23 16:35:49+00:00,192.9843254769776,185.3687722487995,171.75454857220976,171.76080722933392,177.16418018869854,163.40490593586,180.5870994396187,186.05433267783047,166.68094005747815,161.39561748574118,178.74437794900996,166.19665932623346,171.11538484159345,167.46805327103448,175.5904375399795,181.78882631000093,176.86462589699832,174.41762546564559,151.85811314416486,186.40435634012087,181.94413936473643,168.25519501487028,173.49879508448345,169.58691068046508,187.1822868841744,189.49590025917996,169.62716131035975,198.46532025231286,189.02994130964137,174.546118265859,178.00270709960378,185.60744765219502,199.07242793204574,189.85742897907437,176.2782122643914,176.1957105246983,175.07598805645,198.54240598530967,189.31178833716336,174.18127133371226,193.20327116187562,192.55341897634688,165.72556751484632,185.94943546143136,191.40747249840354,179.5178095416188,173.38913156829804,169.64576981659602,189.78291340007715,198.2384116090698,191.969224521817,162.65963451936176,182.19408912306795,200.9275607591838,196.41032614124964,189.81352093772952,161.24605397768,194.50333516034334,200.55039981351024,195.04909081661285,193.61156640666266,188.79573287185443,188.8943073044874,178.59247603700933,191.56491170568933,201.3763508513345,197.6743866334364,194.15726008143096,172.79348765901958,199.29865063998201,194.20959495496362,187.3809637146752,193.92222061305287,179.67748167934332,181.9440232393559,192.49551923135817,198.14439172163705,192.1421735782674,193.64904353263464,178.26217409491252,188.89380410946947,176.90327802243357,194.95009981716743,193.50451725676243,178.16447274603138
539,2023-07-31 16:35:46+00:00,200.35048192851792,204.08919634391108,191.97130835443542,187.82177721267888,191.03268266129106,177.3551832438612,196.5896041505205,192.46124510348636,185.18914853467717,168.7551958426343,185.10661986373646,184.01958803212182,177.8840558351711,174.4382134576021,188.06397755852322,187.32428628976575,195.2412982926501,183.93137263726638,156.1876416907037,200.12576682447815,187.62612656412685,186.29519961899274,180.60558827374652,179.06219501190566,206.81748739128108,197.2707377864233,190.75582393716317,204.68747400935007,200.829863039574,185.8501739518507,182.159076350314,199.83465295125285,199.99857674312878,199.9149420319164,198.20352677224932,179.224951673486,194.18041924168762,207.5739454741465,200.7904844830513,184.7133919524908,197.47608084246517,203.13905357907063,180.11685458671752,197.19390006865,201.65898076066821,194.33020023879362,185.98710031591204,177.57906666381118,195.00336867610707,203.70933629964594,199.18606365613252,174.07590848193308,197.33314185208343,208.79772610386482,206.80028359302705,199.9365530870789,174.97773753208466,206.3742448312958,206.23570404461682,206.80052252896033,207.1129546201487,207.53648561676053,200.01202495589044,177.79567534778693,206.2211463108217,207.29001713856005,211.8670264636712,203.3528069277976,192.62085880704998,209.2531796362539,203.39363530213953,201.83333436806046,203.0397629373528,202.9323025925297,188.9741275766717,202.08847730121775,211.86754079028645,203.38208506697353,206.0700950856743,189.7018554494688,197.6210876530837,183.01263506687118,201.8080327714987,202.64224073211605,194.05140591760576
540,2023-08-08 16:35:56+00:00,193.4368262119216,192.22434634065175,189.33478651888854,181.20434832593617,189.01180255485838,176.640875752897,187.92226458473513,186.31732622157898,180.10828103355368,179.19873880940125,176.42970796728724,177.3842426824512,176.16575619918896,170.37535270310414,180.13901243458903,180.04139433325838,186.3421829073366,183.05367234558227,169.8886391883199,183.55707529622256,183.50828491763377,182.17532531542486,181.58095001282348,172.2432741816575,197.41713731803162,191.45261023501376,184.57254856801762,194.0534937697266,190.4287655127338,188.93348137551732,182.0088552324103,187.7435194909553,189.30308115743063,188.04215236962267,195.26032897183327,190.23000598175838,177.1447693195727,201.65242829044846,191.55402327338726,183.56179267907063,193.91081257154542,188.58762844025375,188.3435099126345,188.0435782856919,189.97145091321076,189.21675566476264,184.19924050559942,179.71135732484484,183.53477044748695,192.06111810643847,194.11087292556215,182.99630417722753,185.34196041714154,192.07263323499612,198.9434403719161,195.5033324900401,191.4813522908835,196.53347974562314,192.923539953152,200.17121486115795,200.69951513227286,194.6556132805786,196.97061357391715,192.62228037395474,191.88539056943262,198.03210879359813,198.5619418105559,191.5711127531254,191.46415324150857,197.66262075916202,194.40692792614283,200.59426040898293,194.258285369412,196.9830092118188,192.74009918820732,192.78804421988468,196.8416500004504,195.80951711826063,192.54698269323515,188.69426980574357,189.12076774050593,186.67928382350115,192.49959876148807,190.7766494827771,189.39914308820212
541,2023-08-16 16:35:51+00:00,,,,,,181.91000864399876,158.23457749790447,171.12498705215395,169.6695095580311,,,,,,,,,,,,,,,,,,,,,,,182.09765260977454,177.40990325190018,179.07518737361093,189.07095095203624,191.05038717908764,188.39055354429593,181.46277038249804,192.05773035860838,193.22536082080475,184.83860405602823,181.58987336626632,190.78632428711074,185.44486191107455,182.1858859542819,175.78807727389304,183.22549176401554,195.19887197643482,183.95502193950315,182.37953669845163,186.90651083570208,193.25712784971324,195.23208205591015,176.98120825833385,194.00700595168084,200.9366187846113,197.14039253622695,194.19099651354017,181.76366245549076,184.8668629656079,197.03787569741942,198.18513783981916,201.58091634208114,188.5750017520292,196.92799293412332,188.96779837340534,193.42662642589642,201.62511315756188,194.4206315310029,195.14183504946035,186.40600394684932,195.7333831539301,198.29626058078108,195.5646203597074,197.25803379048688,194.1515857758716,195.02557605609042,190.43581706858154,197.13677939816455,192.48747746132415,193.5539361915063,186.8107934301916,187.70541662244923,186.3761945163291,183.26391374199014
542,2023-08-24 16:36:04+00:00,,,,,,,,169.70492865197429,168.8181535801608,164.67757143444345,164.00713603276643,168.04535272688418,,,,,,,,,,,,,,,,,,,,179.5561286104787,184.8884241964314,179.9682541124771,187.62359368489675,180.29715794617016,186.8886828173696,184.95304842430525,179.22018178988517,183.34703580519604,183.80719266962438,181.11051119941996,184.4814675219799,173.91246106059938,171.44518055458568,178.75933676637706,188.5848216861939,182.64046293230612,175.90926191047905,197.6295790612846,179.6084883217124,181.03175039708066,187.3208136979596,187.8774307960849,183.28715302411348,187.40393758761832,189.76270877126254,194.46821729507798,195.1205335647217,193.26903816143727,184.58892388083933,190.59729821203288,193.77134059144672,192.64872273994274,193.57246678890473,196.63609431595978,192.69620152612933,197.80923877882006,191.86803554101684,190.9166052082405,193.1989667720347,194.95824449510596,191.4533398243737,186.13943458968836,184.85925890387938,196.00183796630475,190.6841744113051,191.37017123857026,191.52255029103267,188.1437256595947,186.87085179745517,181.49775930375557,183.11738678386862,182.96809322861094,184.32948049915097
543,2023-09-01 16:36:02+00:00,181.33379404734976,171.18556434505163,189.0790729699643,183.17499934464396,169.3150992813681,183.32584652572498,174.81493898773928,181.9198566518077,175.05814995187293,168.76614490939158,168.0107541114232,173.16712386543762,168.83259264847175,180.50693181030695,172.2342782395961,180.34078398208143,171.03655108968678,172.64678864981485,175.90804169827112,179.9892508861912,178.46276166330998,179.81789073925336,184.2227999649211,179.10918631849714,174.55565605432164,182.65879957294,190.41758436025822,185.16064098062154,187.14320027254072,172.32151381293718,190.4411944079384,182.5445388500738,183.35791668098253,187.32754244315865,186.57436052693052,192.17883224505547,183.50898126299,176.40887308453475,184.93552656761474,185.91902635252106,191.72649972692068,186.27269094743102,180.53695007340372,186.14469754819015,178.4378060262471,188.02207656122337,189.03781009198346,190.98315786174143,180.23428252028233,187.29072914163564,190.33361430667642,174.2921801642083,193.482411614939,192.78821704730268,186.58912842398223,189.04074551988973,187.95510789448412,194.31333691535218,187.83546254872837,189.00965594101407,192.2002397715214,185.46733166814624,191.95619360804417,191.60318897468113,186.79013953196815,193.34529087484182,186.34167571714184,194.3437890286659,185.70300957711302,185.1097256642484,183.16263508386714,190.12488665461288,190.4671944369509,189.64244981301837,190.2788105743368,190.2112500438121,192.57572173737478,188.94978880107894,187.2897254717705,187.87493210942284,188.9826771728315,182.27321225871512,185.28651002452702,176.0941278329402,182.5685059446528
544,2023-09-09 16:36:05+00:00,192.54533397462504,183.3677740670054,182.35129192675964,195.07372140417,188.9874649262129,170.168053119701,189.07282298298406,180.0757963080287,182.17649285058332,182.30651456610855,179.17823003027576,173.37247330760204,173.14976348817729,184.49249833302486,170.11006693864684,191.89427126674664,182.0624862372169,179.73259456170473,173.8987489163422,173.107054354867,190.99767113790983,178.18003700146016,187.7802307035125,192.44618841520804,194.05569021788023,183.06038570347818,179.6559562493398,188.3790696543396,196.96372407871854,184.23769887775057,193.84639695169207,187.16714648479694,198.79597344703518,184.37208882454382,188.30638675438652,193.72271560847093,195.94537527992873,192.9675944611914,188.93592787960108,188.12429114168683,198.37433772384622,186.79981546799846,193.05013951018833,191.6314023899505,185.15008611301587,188.72658453790612,180.8826416966441,197.6999937458848,189.76437764242075,186.8235068897377,194.12155467571597,193.8143505708316,182.99215772122318,192.9507226052512,192.4611745976183,179.71187628130957,194.77071163328282,194.2721448345892,191.4341554768626,201.1246794479624,198.73827335225238,190.61537181301838,192.22421169137104,193.99316368446085,197.99037937987822,196.6246618747753,202.6194240014008,186.77949157709918,200.85615718956714,198.18489661802215,197.1438336020265,191.16164502298835,195.17441627099424,201.24691754830707,194.70219230402063,199.06276838141792,201.05296119321739,186.222107420308,198.18864083862636,192.16960470273239,199.43633320840252,184.989239212353,191.38019198015752,192.65873380797672,184.94216521455047
545,2023-09-17 16:36:10+00:00,,,,,,,,,,,,,,,,,,,,,,,,,,,,,,,,,,,,,,,,,,,,,,,,,,,,,,,,,,,,,,,,,,,,,,,196.78916267592032,196.61083507531123,193.7974570441203,,,,,,,,,,,,
546,2023-09-25 16:36:11+00:00,190.59436168316643,194.78186739115355,185.19438097774895,198.97391997001995,194.35419588073233,184.870026063284,185.71523396711933,189.26799169116623,176.35976260507425,177.23175793670862,189.13991237738944,178.7625951198826,173.62859047149743,178.85664467189707,196.8526364978774,181.26376699515282,192.99249467268976,174.9393768633592,188.57691754787376,184.7388103836634,185.43258866461673,185.3455382036554,197.31008912215165,198.075940982846,199.12447523888926,195.83803746271553,189.50077019679316,182.9222352176733,203.67582024846425,186.30493429037793,202.79973990644328,190.7500811896309,202.49527633758686,192.02987619360562,200.3472294054701,199.22073683984306,206.07523375464973,196.31755031229932,199.94458445535804,195.36635556394006,196.53779841513835,204.7010957712344,187.5450379630173,201.82346262492916,200.95097223074822,199.07008506953414,179.74489385748433,195.57054563135796,201.37573228876406,192.23146878979856,202.27077012488522,189.6184625532013,208.04194903290028,186.11552425267368,199.8864677007982,202.7065382836962,195.50710912120016,204.5522219971922,204.48192674542594,206.82504104112397,209.6232064875382,199.8701482288193,206.180879436857,200.11687167822112,212.13638715587751,207.96335947369974,207.9484794448502,207.49098690563224,198.8841259456093,210.6406777309896,202.6509334252528,206.11967040413873,198.92892913414818,208.41776425867934,208.27968082025103,201.12898582828944,199.43372573926456,199.14151733408164,201.31481136643757,194.01962156106362,207.2213074603378,201.9384925639684,194.3339119923416,204.32490685539696,199.98507903400153
547,2023-10-03 16:36:10+00:00,187.9873552411674,192.03885874119558,187.04855717661985,189.26416016650404,179.5279337564677,181.2747725217625,176.35840523898142,187.4174573712444,177.33652902237407,183.65911366967848,177.69327945619636,177.7275756802493,172.14592013064785,178.77717182368693,185.1899647044566,181.41032144070772,189.77320833862487,178.45058135949776,183.79583017337953,183.53044452023525,176.57674830568126,187.16991533669355,188.81946405767886,189.5795311867535,190.07616585450359,189.64327672829674,188.7075846901713,175.52234476220116,196.47093407892046,187.62385963637948,191.45762782692233,191.72977909210348,185.58544082018133,190.482415104139,190.16598437738656,193.36682928334463,197.06569389363403,193.98508846157947,187.77406899010913,191.8821720899829,191.07122117962152,196.9442232821805,187.98003441901906,193.54513872153535,191.858624295012,194.35629046858335,190.14381179005136,183.30753405993983,193.99567253116257,190.49770180051283,191.34575365600548,194.17679142215164,196.2163817868375,194.90381922532637,194.910675422211,194.49562135928315,193.56640240184194,198.38769729645787,201.0630230321493,195.99228278037285,200.8003358912663,200.4760210430785,198.53347362030453,203.27625489124674,194.85054052040024,202.3502890896594,196.6342703593594,197.96821549415438,196.1439125484654,199.61511568600872,197.72830319918617,197.2568619438012,200.93420663013455,198.1024870330264,197.51943754322932,199.0625208090341,196.564348328637,200.88958201609168,197.17324523497413,196.69723183934437,195.49565076181682,197.58895975920126,192.05589796825868,191.90272943298524,193.31243881891515
548,2023-10-19 16:36:20+00:00,196.84756855241557,202.26919368481674,199.86223896182116,195.64084440400237,198.02383853352018,187.57151990459639,199.62818567740956,189.5001270897053,190.33415195144894,189.35138101495667,190.2400340372209,184.01534049350872,191.85004524545786,185.7045839991471,194.14061884576734,184.855066612048,191.74607365455387,190.69421724766858,188.96131485664986,189.6200137611318,194.6175997926444,193.97989761028234,197.05491447324087,188.2537314271622,198.70270718730194,200.65051863467394,199.31455382596923,203.94408472154336,193.1341802095247,201.45197771193406,205.06925692056953,194.69911879218162,206.1661202108884,197.2532017290281,203.34604046292702,207.48053661623942,192.6469800023717,208.43661332735883,199.47604913179092,203.3466108581818,197.90035528832814,200.98253944582297,200.49539696598382,196.16111877406334,199.75021468295728,198.9307401562566,199.70879622301405,205.4849919640353,198.3511773240921,197.53556357475819,197.17184710971586,203.13313272717411,207.03912603055068,204.9046992640058,209.57430953005905,201.93690695853616,210.6136588224789,204.70245461732748,209.92439205807509,203.94617146981653,207.31386013945325,202.357238353653,210.20756168258316,213.05485748949044,214.5408732788302,211.1358439048082,209.20822762829343,208.2915041334488,208.94866396139136,208.96877250220564,205.24835030126619,207.05719948230478,213.142359340565,208.56592060699975,208.23021433303475,210.13931204279152,208.14106829139246,208.9306347682292,204.4078722023474,205.92752222152166,204.54450298256506,204.20638374983602,204.04197892007318,202.6534348903561,203.29461892488837
549,2023-10-27 16:36:17+00:00,204.23419064196497,192.1509842702473,208.6268005269622,203.1457058175968,,,,,,,,,,,,,,,,,,,,,,,,,,,211.25590740870456,204.80037527599552,206.98038565994946,205.81986806680194,197.23213798385206,206.96715707264738,207.7862967339644,217.07116014657223,201.13865194732304,200.62889221982357,200.1243108022786,203.62709277791038,206.09650878632795,200.7005170667874,204.08593166846407,208.12740973959498,205.8834675530694,201.88094379493964,206.32374801946992,201.2329264451236,208.31735011762936,208.897764080777,197.31945575223511,197.26731970637272,200.75402225848828,206.92419940890008,207.18155453570122,206.0409626831771,215.0564884155072,208.38325029136527,205.68420697169145,198.61225904210224,195.8015294324461,207.14696733049664,203.07169097950373,198.9454178416348,183.46473786862737,,185.79470997017836,,178.59909030837733,193.09270541261424,189.73449699675643,201.6829925444884,199.79064663651488,198.12633190192548,200.7239959062616,201.64258153695297,201.88532168046027,206.04841955888728,207.4087556050274,202.43133506271468,203.5915063220112,194.3024117437298,202.13066416406724
550,2023-11-12 16:36:14+00:00,209.41994042092108,211.11187777023682,214.20759717378647,203.93665737401955,212.04071633455558,197.80614204799562,200.45852705658044,210.9910109712108,196.6510329204724,204.44487952699794,190.76824932532017,197.7700791860705,200.30459218171154,198.7955780854799,202.78900795858505,209.84337404924378,187.67050069334596,206.70989193095724,194.81550086014698,204.4673766313276,206.67773431438292,199.78364159329627,211.89006854058664,209.1839665581331,204.91984869984765,207.78920193218593,200.82068082052473,215.69042409250204,212.8551927492347,203.2677226633008,222.70300338214304,204.7999481992537,216.4765829055973,210.11203370401242,208.97714662286106,213.88978158365077,211.72354857332536,201.90517218014543,215.00777757441256,208.20278947557298,218.61896827703143,207.3448422032009,200.84538669303322,210.42493782668512,207.7771613063943,211.4870560230979,207.71544811260947,199.5274563956999,211.00371391448388,215.46587600760398,216.50013683915134,205.89780168336802,214.09262024833146,214.46296034518193,216.39546271788618,216.0563684037225,215.40174273385028,214.7759196008987,214.8722148948875,215.90448262079963,217.42091583603846,209.98132474966485,214.46452503920867,220.20166676206475,216.338736131786,220.30225178054255,220.97637912820653,217.1455029313534,217.537967532166,219.86577635079604,220.69817135890096,211.67957181317612,215.62922763228983,213.61331245585365,214.20852802887273,222.57966833591863,215.61375814679897,221.95220686907896,213.64886354809272,215.31528947442473,212.1889558853766,215.62075098728954,214.82542550894183,214.77223481465754,208.95454937076858
551,2023-12-14 16:36:16+00:00,215.72304113279068,217.31085491044445,218.54757486374336,219.75312509550497,214.0101595584016,219.1299032806383,215.23891166804015,211.22586571802205,211.48456524859535,213.9482739869644,213.0164490558142,212.00797372228087,207.3197221757369,208.90722539373573,212.64296760397062,210.57754579661886,209.72917425955492,211.78554975230642,215.82999944200762,213.67377524600604,210.46230501718486,216.26881556268538,223.99874657474228,219.44840223880723,215.8913347836641,214.47491332438605,224.3127337893336,226.08086186277754,221.6916493840112,227.91620152440137,220.51776100043514,225.16290519745147,222.54555509717412,217.061967837833,217.39460646236205,216.72887581420048,223.6798902987299,218.04468784165482,217.45603333768346,223.0165589535889,217.77891862700216,215.0296467910726,220.93525554059897,213.51328860367192,214.417400608282,216.486128324362,215.74026239112794,216.87238487297833,219.92319481514133,220.88987989297138,220.9031114838337,217.23343197960548,220.2355850346062,219.57853156739046,220.9909415928891,223.64716967531103,219.6976315039587,225.85894849745975,,,,,,,,,,,,,,,,,,,,,,,,,,,
552,2023-12-30 16:36:14+00:00,228.24789184249542,226.7020701950164,222.90876250979414,228.54333980622567,220.52258587953378,230.26650181781662,224.4862802173443,222.83319271565125,221.36056765141797,220.492102158934,220.17009079820093,221.11040025808506,217.51922083090386,219.50147241710258,214.2505809137107,217.42627944263643,220.47415956691202,217.27434880935283,220.29354408282373,218.58267170016325,220.28284379316597,223.9506125581093,219.4301057121447,224.5370741832023,226.20209292011998,224.88756202375163,229.70733995684557,234.3711639016104,234.45767919356848,231.7567946117877,230.311571441271,229.36724341163125,229.49469981124074,227.2067227495273,225.75688913132615,227.0609098688503,231.01613976781744,231.1754998622058,227.24534624993515,226.19265310875642,226.3827008902897,224.9222651632447,222.51958331215346,223.46575011945504,221.34360955143956,222.37171846744727,224.83801013074586,229.01152407961706,228.12164348416715,224.75216219308808,226.18141629772703,229.46329082375667,229.40121696194655,233.48535090475133,226.4466286239773,231.17320315790238,231.96497174929382,230.2180097146394,235.2521230158468,227.85805390407666,233.06838612835395,232.35241182809582,232.2229596820299,233.9157851510926,231.13857402231014,236.0058516712379,232.81968379885942,234.21146457156658,234.29273906093394,234.83897554301498,235.37930746583908,232.9365838051382,232.03619821883615,233.74310501612314,237.04947643216485,233.1879182963135,233.38639895918817,234.9614847785311,234.535707429809,234.3795155488586,233.14347640304615,233.69210270376632,230.84015159172674,230.94458003223053,229.38600382773
553,2024-01-07 16:36:19+00:00,220.24296972547003,220.999522466672,221.92301812513526,216.0358511873076,219.6416200984719,213.12566813422148,214.36970507631025,214.6237957980163,208.16366003769562,210.37764516654445,209.64732832429823,212.93535246956966,208.8184822075434,208.25629515005878,207.46148414022957,205.93216180889175,208.23215555449968,212.48750228097677,214.14021678102716,212.1171814448573,211.97378711455323,213.76721890951595,214.13635712852528,213.78443533413835,213.05592554235471,217.484419582718,220.86568954742634,217.36230964409697,223.95667898215453,220.68220409721542,222.85233650983315,221.7848771217774,220.9916813993739,223.04351453618204,220.53002241962474,220.83720426068157,221.13933495433741,221.37903178840102,219.3615349221961,216.09413584055864,220.33993977236636,216.77148026732561,213.1969684807945,212.33358901342956,213.5835132041465,212.80112208978716,217.6194647652707,218.8163632601035,220.0075579726876,221.17944462089272,219.03566083955988,220.0901569049838,221.47107614890066,221.75696910868996,224.50848583296357,222.8007913281441,223.5479288284538,218.54289696257396,223.64180842590122,226.134522836264,223.65873182890718,226.43511613308684,219.93942755848357,229.45036934374397,228.55385730153952,227.56859589355648,227.01924895755565,223.1227403038588,228.2509961670473,228.69108147965795,225.68866823105753,226.38748327622181,224.16234342728512,225.69295369973176,222.26051103697753,226.888866386299,221.763654876677,225.81216874317056,221.80825441626402,223.2094137893266,223.02336340690732,223.83069266016506,224.17247076318125,219.31151790209117,224.51884797792337
554,2024-01-15 16:36:12+00:00,215.615546161013,213.41489115208222,216.30400238270735,212.93619770722816,211.3780048809473,213.61131764691973,208.45591001435452,210.89792154026176,209.32264191848446,210.4873176254918,210.72293917892057,209.81362600789552,205.1317236139879,203.91963361276308,206.16149488463583,206.19562308136375,208.54166431104815,206.74974994350666,207.37546668961886,207.84103705654087,209.87144416434472,206.8930734400499,209.3027538110188,210.82749328585942,211.9916617759349,213.49833325708343,216.99764985985408,217.56890940701786,218.34182637726542,217.35280781915557,216.51299760510477,216.17738144615544,215.87319734352897,215.15528205304665,216.09357340215874,215.86424409501447,218.18756013931346,217.43532054828964,215.07958468438437,213.93595820156978,214.10272484475107,209.94945954419182,211.11346082044966,211.2025186534684,212.30537702706565,214.64416078937967,212.8510269165408,214.79289783329122,214.48253252445573,215.10824658800684,219.1155092876737,214.92022398843463,219.37781348492555,217.014588774312,219.94179041011964,221.21706504703823,217.4463585253844,223.1897653776049,220.72582990481118,222.94163821769223,220.81305365482706,221.04306756230199,223.16813394275874,219.3982123383233,224.71260826500952,223.33387173165755,223.20081241448162,226.57809028711176,222.07241100220108,226.71398437099694,222.91912446624758,223.73160407697932,223.90460190879253,222.2976048316643,222.48354452052106,219.7620771771103,219.5235294037635,219.47531931381081,224.03966432407802,223.5165601382332,221.31390470665937,221.44599139986244,219.8539198338587,220.1893116184988,217.4253421231438
555,2024-01-23 16:36:17+00:00,230.12931734014612,232.5102699466244,228.47219773848363,225.17864763336658,226.0187787336992,225.25061165709414,225.59105890975405,220.54688480356313,223.55542372275326,222.16367072558478,221.47430592559962,223.17467968858915,216.05478645694373,219.62551821229448,223.45268621118103,218.95638486480675,221.95408628562112,217.8989023300775,225.45452819391554,225.44080477490203,222.1748306078335,226.1253716287893,223.1373845427911,226.81774567459792,229.25804827532934,227.93182141727897,231.0013875730222,227.67524872655014,232.5270630580023,234.5481358578832,229.4533645309755,234.95127364485967,226.6724484601816,233.2425156194608,236.16384608079503,225.76336076464534,233.23220263546486,223.77413489161714,227.45800058626256,226.34015278936897,224.9203708960938,225.4592970589842,222.1460248539918,228.35042500187996,224.93298372131272,230.28140471390716,232.33283775383688,223.41657744929142,226.20775967566888,225.8860225608418,228.81893613431467,230.84232214179664,228.13466335137778,230.27964078954238,229.21789475180475,232.27672075563132,233.06201455983611,233.17117833983838,234.29940148174904,230.966440890178,235.02886286291996,233.87706055152051,233.31286650763894,235.42156756754935,234.09331259220542,235.23650449494409,235.63839523105725,235.92111897019146,240.53395969035745,238.70306666989538,237.90324484709114,235.51258363499684,231.50689961792904,232.9913081053434,233.1293850608024,233.49949655316857,232.25534560075337,231.0724402766297,232.81539874934683,228.61197308814891,230.52485294289215,229.87609492544178,231.05260481261178,225.62101307862915,230.27072887263506
556,2024-01-31 16:36:08+00:00,235.22134175850036,236.03151717792278,231.60561908708127,235.47914280150408,234.39573067158048,230.6325688060667,233.09428079256492,229.86099000357115,232.8461964958413,231.82324411414535,226.18363978372852,228.49986892695776,226.95794344359794,224.8228702935955,228.93562089754496,223.57171456668982,230.43758751682336,226.5114736129085,227.87250282621469,227.81589829745806,225.70932554577334,230.72805053061163,230.99275301861894,228.6955055824072,234.6467494744653,228.7323386245357,231.50187613614366,233.98609859370984,231.82027627935102,236.03468095442426,233.57594267234424,233.70312039302783,233.88757189737413,232.2368887813469,234.18614218038195,228.6307892411438,233.9027005840851,234.45165992499705,225.04840886234575,227.81602392324777,224.1290985000514,225.29669119726154,222.08758627699314,228.4266445287196,228.8928282619293,225.4633950693798,227.61950313339972,227.51892136638023,232.72482295760597,230.8906461648466,229.97859666149557,231.89111759108908,229.11082933287693,230.97564973344927,233.69551290898292,230.72078928321292,229.57425966387365,230.376838371845,231.38451123470628,235.74286597804186,232.20799027137576,233.17760108874606,232.63444443161703,227.3799547605718,233.8640421785964,236.15244319908274,236.9290862846329,239.63067572252945,234.6289779370618,238.90837618331128,238.96927235418184,237.35897514071635,237.00129660482176,234.15749371647567,236.14037979114002,230.39451668518663,236.52446175458434,234.52468505801582,237.58185399063288,235.76366041983357,234.50130658098814,235.81948893925585,230.8243961069056,233.33970960575593,227.6534233228095
557,2024-02-08 16:36:23+00:00,236.5376485224446,233.7110635983948,231.4371286388784,236.2692388751057,227.7234531094696,229.87356090215218,230.79082510248597,222.85827079577618,231.62151501129648,229.78893368983628,230.4615360249942,226.6135243037096,221.92799480976106,224.0605424012477,218.8633585453387,224.4157661324349,229.30818993899962,223.3797973083713,226.7528005895087,221.10196059853266,225.07281240570472,229.46341204296982,226.08810877804603,229.75332245826564,232.76202198702106,232.2138654636987,228.5250728960418,229.6214285664094,231.78307610768272,230.9504962593361,232.7639612583013,232.9550421389426,227.2109936275979,230.9763523512712,227.68425873233952,226.22004353546328,229.34075274513225,228.92877899991413,231.09748970335744,223.101562005357,228.17507776432973,223.81389442803314,226.57857105916383,224.4205211100459,219.66918614219088,223.21826458881,223.98288739404657,228.03695722637224,227.8546542258582,223.55372396662665,231.05745613423113,224.67435769074672,231.77477043150574,233.75124861669357,227.65909106473939,234.38715609606504,228.82366478638468,232.38947497804372,233.08806740679034,229.2006306598546,233.6463779413032,228.50729513703587,234.81691292658735,232.4011345790126,237.44942986070606,240.235739884699,231.68443497358288,239.77021922476607,232.21397427257372,234.28767365976745,237.21870782963916,235.58956190786313,234.84705456036215,231.89300069098232,231.47051065734388,234.4345034814759,232.29539044414773,235.19614083034188,231.71768080961482,227.23670238759277,231.3591311212907,224.65520418546737,229.17743794017065,221.41512877360623,226.48180133840856
558,2024-02-24 16:36:10+00:00,230.88710093619176,226.89968139699468,225.5100723104943,228.68914390831722,227.6037227044186,223.67568994357507,227.2168742776456,223.23595461865716,225.24167562992892,223.3594508733969,218.37325892378567,219.442901453792,217.37287509037972,217.6569144840643,215.27858259335576,213.67943735430413,215.81843183226485,218.08921506239437,219.0885384815589,219.99535017180852,216.95033210505153,216.11592860311004,225.07261029298,222.4972937157287,220.58056500208244,218.2131121957061,224.8903118940445,223.66737840239,222.201853739321,225.78075389254565,224.02288770651978,229.97553013235103,225.9186196746931,224.29610936644772,224.9878154695333,219.00931213539096,221.56375901328659,222.73461880676697,224.50488324851293,227.1751474906821,221.44255639887047,221.02571172157724,219.05021397418116,217.99029694572278,219.01665341289123,220.04137817362954,223.9330292982724,217.7624585930846,219.2225187373071,220.47810106665133,223.47216790646632,224.22275200621323,222.20633961862495,224.04463183040207,226.9177645020668,226.9970862005878,231.5982404130207,228.2669990169867,228.09988926069022,224.71598578228657,222.0071872847379,226.8212492415067,228.68035748799986,228.89962172789453,228.36410702933136,229.80721760058813,231.38939256150033,232.16943258208929,230.8503718570608,230.70485159284337,226.45934982099098,226.73821408728207,221.24490739450113,228.75072392769437,227.05861779602424,228.16491340812553,230.88132045933912,227.7026841976081,230.9907515619759,224.6804492947301,230.3619120706337,221.75958644743773,227.9383509868628,220.82867844320802,223.75622521537022
559,2024-03-03 16:36:00+00:00,,,,,,214.96356070645956,212.01799136390446,213.1436378436465,210.13213457884692,210.08160369921424,211.5106066809093,210.58533857122015,209.0045151835804,210.84522044928403,205.5728043041925,205.29903391599473,203.54515888019915,206.2501933927393,201.99580093135057,205.12591439126086,204.8862620387532,208.49027428253865,213.08758252533272,215.0155536958131,211.83664236658774,212.90284429460607,211.02008218354368,213.32942653502099,213.6063743463195,216.69214577000383,216.95025147514343,210.6570123499379,213.83260095098657,209.72046450520872,211.4239936831929,207.1105330298794,210.05574057896516,216.4710769178993,213.29307694920462,212.8320200811565,212.93879920732707,210.5390800517969,205.92603151903626,202.75230278018796,208.07696294586242,204.04541980990996,209.19465819583476,207.3097379996425,203.19559833344167,214.19964372868282,206.66945790780167,213.86525300033654,212.99811310156755,212.7404254566891,211.77541735684974,207.24920373667356,211.5231617335972,214.20036044651943,214.67468262767193,215.60884043369765,211.25114671647853,214.57184680091493,217.7086504266199,220.60097287230343,220.9894205205198,218.01020501991684,215.64799194647077,217.33858190280128,220.7312499829189,219.54653943056644,219.6573382354063,218.49642969248228,217.3220261517791,215.60214833604266,215.21774612555762,215.58811727167046,216.64188900323705,214.5394652568312,212.8242310400986,212.4608664362565,209.30235584360017,208.131477285146,209.65730547031993,206.74104464268703,205.533539925014
560,2024-03-11 16:36:15+00:00,234.27727728628608,233.90085556642313,233.24559583633507,231.7310641289573,228.32593956036683,230.97641271137374,229.21338636455334,223.3649131743589,224.2846135175258,225.9061404201316,225.94778305448375,225.36308043033313,219.08707803243644,219.07866406389954,225.17677723880846,220.34974695909,223.18506366661023,220.39439278374786,225.80751468348865,224.87540723333962,224.76101888726268,225.67461820377395,226.2701513919669,230.3982152958489,228.64357316648332,228.37970072517155,226.93698425839688,231.85036128590417,229.0319653269786,231.61471909640176,232.15116246687015,229.26178512587973,229.78938488387203,227.97793340530717,226.995272206303,224.11884387799907,227.65038063688675,229.2260738851906,227.35010765285867,225.93404290591965,224.88120962276997,225.93789370593893,222.494228246609,224.59993684803229,220.6072270887082,224.10875215752938,225.87333805660697,223.18388257529753,225.46997361576766,219.14229706497122,227.7647312988472,229.11130215207245,224.9258852581537,229.8875073412857,229.32357556170763,230.8379867899225,229.43725026438773,230.19376459159164,236.11050058726437,228.9597622941742,234.492990809502,227.97722021821224,233.31026367992848,237.35388723120175,231.2156916858857,236.93778996679032,230.72279022645608,236.48233434326875,235.54549135729818,234.6602655195253,239.0065663053039,232.85692696240017,234.8646480041125,233.07106613052963,235.93818976152244,234.36249443774872,232.75014414441313,235.19729009093638,232.2760196760743,228.15527663356983,229.5158872937274,229.13618676184709,229.94472409416335,229.66751943167355,225.08788011913896
561,2024-03-19 16:35:51+00:00,214.02251524108493,218.81579986262983,219.2772493528464,215.71115764030128,212.9746203686788,213.37737649701182,214.86208009223037,211.82473863872028,208.32891640046705,214.18631523612734,,,,,,,,,,208.27543617478727,,,,,,,,,,,,,,,,,,202.022965464459,203.3913710661273,212.46984813668846,207.94163969116522,203.87666174412553,202.1667615197635,199.2986579241993,203.80968557383534,201.73573097864914,208.57567904223887,203.76753114884778,206.59493513408012,210.25854120389272,206.80186690446402,211.69982280597532,212.09250082751723,213.31387409481056,212.63289139943532,209.845432691232,217.99763688232065,216.1373691714312,214.9933493107099,212.00816547658218,208.4982348380637,211.75033447695913,214.86863347653474,216.88525751931311,219.16877350828122,220.10860167423203,215.71393774990713,218.07159685511687,216.96139643520962,221.48087496737335,221.43320629752216,215.4708410397278,221.66380245888513,219.23615356482782,218.84434663670828,212.88105983958943,215.36429825625683,213.99333872760315,209.91804944632497,212.489718563559,208.02825074959267,208.94036438440446,209.72556515550616,212.7943376113727,212.44487516591732
562,2024-03-27 16:36:07+00:00,228.03614342952815,230.65001855065194,221.82706318851083,222.23842709517868,228.955563586654,221.86193926937315,226.60786860182873,223.41219021452343,223.22373167592767,224.96851941230304,215.38561827431974,223.6779617044378,219.22517555862822,217.86403404285718,215.45435277789812,213.33178570184768,217.87894375333585,213.21128336945083,217.83197490421966,223.57484457201994,215.04397614502454,220.72191875192416,220.6482550127052,224.96535476742673,218.6468982887319,217.74170257780258,223.4093534780444,221.47508625001524,220.34943219186854,227.18864107851377,219.65277421117327,225.00436498267962,222.81009848059793,223.39388221775832,225.52856759325624,218.65546937909141,229.02186443619536,223.61751935343128,224.49485555579366,221.46263467654754,219.89937134932936,221.84154722490604,213.5494877765692,217.007746672026,214.07083996745595,216.0549671372988,214.24340032915254,216.6962426607621,220.4980064127005,223.13533541313413,224.06879877103975,225.1660189387246,222.40067438291615,222.0231402983481,219.69099037277388,224.89040682933967,226.87707616638082,225.10257051752396,222.89852856596042,224.05987492971542,223.17046711968243,226.1835019087978,228.66645411831084,230.09155248551403,231.42742222346308,227.95904079616227,231.88688367147458,226.95494139417426,230.3856165284263,231.03049462938378,223.68427900595006,229.85860654382165,227.2165381296483,230.7048367559212,229.0055863112206,227.2861027566009,235.18516479664302,227.00252493322395,231.66620267048347,222.53290982313686,227.46166946100973,222.97578530668994,223.485692347933,225.12871204896967,219.08534371284082
563,2024-04-12 16:36:00+00:00,222.52435314924912,215.31928046204786,217.61393052594775,218.62110947404733,215.4167478438912,217.56358248507587,215.321375340347,215.48899639528722,216.18666286559565,217.55869574867523,211.72411928909094,210.36748880340403,211.86105397845594,207.276338004126,203.67521297200014,209.5562210267152,209.36187746049612,207.9666208968758,209.31796562250324,209.10759092020075,204.53475872881162,206.26088535506506,212.5096639233823,215.210857789849,209.7808810481576,212.49361286099688,212.97636140671784,213.3975810336294,213.49392030937972,212.2429171646592,215.52826815533265,212.93237763137518,209.42042389083153,209.30748761419758,209.1927370297637,213.36532622112662,214.65743498633617,213.26459776869086,212.20841671302452,213.90022368236976,212.77231564743707,206.93640802613305,209.49457046590493,204.03186787608158,205.92253582745306,207.1749574260259,205.42172157230803,207.186768395679,209.56217222737806,211.587631964088,210.89694654761135,210.9184489298918,214.42864684316572,212.0707142216524,213.33309680435872,213.55366039823326,214.0294051332982,218.19752588386945,215.14124937709542,220.72332292920652,217.49068316145062,218.54322629917579,223.12688078886234,219.47475891512002,224.28514278168817,219.78748691657808,222.86840677666044,223.62481214009108,224.14534228316325,224.80611002133304,218.31670434115296,222.00019145060543,222.55100398367168,223.18516704954166,222.0431504866946,219.36934513760875,222.87194606634776,221.08110511533624,220.57007574316282,216.47412319836513,218.31453675594122,218.9035017981911,220.0094449816009,220.93301716785285,217.32304883040857
564,2024-04-28 16:35:42+00:00,,,,,,,,,,,,,,,,,,,,,,,,,,,,,,,,,,,,,,,,,,,,,,,,,,,,,,,,,,,,,,,,,,,,,,,,,,,,,,,,,204.3830764463905,199.58814583427292,207.8816209912679,206.78005502497436,203.06846365423988
565,2024-05-06 16:35:23+00:00,202.43084294576556,215.76282210398523,211.64607135750924,209.35623472906576,205.35759701612054,197.54994543243598,207.6609354158392,194.5007567319421,191.30969071282914,198.40556820066374,203.716275552574,195.30261878020534,187.0504049291164,200.27184576301036,184.6443674540222,191.87229146573677,199.34773224655444,196.87308403340083,199.20059054959503,194.6036459765124,197.56305216932026,206.7642721180777,198.45617854481387,200.94418589871216,195.49693234151835,191.13643017205536,191.74257383490635,197.88947077193677,206.71962586167666,200.8836929147568,200.69496931190784,204.39794662039034,199.08463988883958,201.9952413616988,200.45768768726242,205.33745000352755,202.9974620173047,200.7786546257768,204.07177166037735,208.6639304125972,205.00298439322836,196.43858720882088,200.72200843262522,204.2039656038348,195.27564443967,197.97803209503763,202.48607973039807,202.04893930193475,204.30439394647087,201.17675511464736,204.3921320870892,198.14888782917092,201.68582785078397,205.4619019167943,202.39050462660336,210.795621355915,206.71605752108047,205.80625932602342,211.73038872078544,206.0666479389852,211.11423681009538,207.33818439929672,212.87319541460565,210.3726271195432,207.5279080332079,213.8663248673508,210.11338035718842,207.71026858901567,214.45172279582064,211.82877068297472,212.39946377390007,207.83155299858657,207.9289193178111,211.66693211571547,204.4967872232244,203.28530378669453,208.05492596495776,207.29457314192584,205.8482944166344,202.2242765089975,205.43495693340276,204.9671481181882,204.7224740087385,202.44543632665201,199.35827477601381
566,2024-05-22 16:35:10+00:00,200.311703999869,199.9270433591953,193.38245662088366,194.40530806305927,189.5268873380604,189.7707990601198,196.98497298644202,188.69805989172906,191.6538655883211,190.427622901685,189.05570252089345,188.435703624933,184.43765958656581,190.96287044196356,192.15735793200042,193.3148290827206,193.81394213306257,183.67783663773096,189.83365595902947,187.20940686482945,183.93635743867392,189.11678421210635,187.8216173704324,196.61487077107975,198.56728736510217,193.38959736299012,201.03016989401095,192.07500688946783,197.35987691510067,198.99479643268154,194.41173926888422,196.08996150982202,193.54227616553734,194.87046152758396,200.14668158235833,195.2241850751262,202.60031662819264,193.35888924401664,196.11574075701517,193.90365103919578,191.97838879565498,197.96239742431067,193.78460038171352,201.69151243838792,199.05282822053726,195.81881416137364,198.08569029284308,193.50178127603516,191.76759363203075,196.38246542411548,201.08873948189395,198.6380370041126,195.93019258544555,201.23959431082514,197.57310272372055,199.55937666419948,205.62877398887858,202.2351694858284,206.1252046162555,200.54552681439483,202.85975693942018,207.024148475152,205.77472265921833,212.54389204996758,204.70267579644306,206.86414831651862,209.29728555803013,209.36702721460043,207.19770787823037,209.37877653715304,206.03743701001966,207.52827682242474,201.59117062853176,201.57683741634312,203.36537084444942,202.05352308614835,207.34032679635814,198.43425547156028,204.20362553122519,197.73851136899333,198.66859488682985,199.91112232074448,199.21137144775372,203.9540403930708,198.61531049966084
567,2024-05-30 16:35:27+00:00,184.33400564565662,188.91675965985178,176.73267963145693,187.07819485965726,184.9036519309262,189.09670938458768,188.84407916264038,175.41003956942654,178.4399784783484,177.4537179551137,181.38484146207264,180.97666018949258,172.17398936282626,181.4627807598958,175.19802173590654,176.25111183919608,181.1694993083592,171.1262454504581,183.63635540539013,182.8359448434923,171.24904968831862,186.31854011161212,183.03500722918483,186.66177413347725,178.341906462838,189.2960143299593,173.39626072640397,183.74211084410214,190.9351159287357,181.6307395834048,185.49484214334902,192.0701048836422,191.75619470329528,186.23535857227154,191.94425574945004,191.3475217571071,174.91407325135862,189.10989721373016,188.93103356045353,180.60806432017588,192.83403674889337,186.32943370603311,188.8567299676796,186.74835815921446,180.26345542180223,172.23100772499245,181.83245468923033,184.40327672581222,184.02852120235605,179.0269962969279,191.3505469207228,181.78049089158824,188.66777533303764,191.22475902137737,177.85054065164758,192.7309164334907,189.82681937389933,193.37371389252516,186.41550649518763,189.77990725818265,195.0853075344028,191.37509824360595,195.88650494257135,187.98848254147015,201.9443911199895,201.31586601706147,197.57904263041996,201.54910208398826,193.45608797769015,202.54266374081723,200.66188047771996,197.5768567941599,196.41747653392795,198.80324954999074,192.9042695827915,199.37052851785768,198.2680427801957,198.02252236708776,186.6287167535224,197.2209049609975,193.51281415454818,190.8385150612722,191.52239729511138,193.07711031497703,191.37543773745622
568,2024-07-09 16:35:28+00:00,194.97203816455163,180.40041866426685,184.89046696491948,191.00010098287123,170.67904602825647,190.22932054965577,193.80160566019796,185.55857505956953,186.34308138331977,180.37850915916545,176.5451877457646,190.0006749023799,188.4923733288587,167.17194775197197,185.65648450481697,172.9206293060205,187.93403912591347,180.58631327914065,181.21098012742874,176.29550671054088,175.9547922680777,183.06794574498562,181.09447284659083,185.32490649968634,191.74136065313996,184.91044522169148,191.08119838667835,192.44144732544595,189.19665957458594,189.36770039417323,185.64069451977673,196.16017625987348,189.63852125455276,194.14679002438857,183.1876007294744,184.98068585199914,196.7251442778605,179.38095160355965,190.55390865971978,185.92797260895608,185.44411999946203,194.04511838047085,195.31756181824798,177.53689016227568,186.32104481715044,191.8564920404921,189.12831024462835,184.89553726767372,193.39490844809967,190.80269789944748,188.17767168249907,192.52689380719045,187.75753436323006,193.63029751528006,188.43116692994283,194.76830949352833,180.2266686633271,194.343263559803,204.43682410155984,190.38399653502887,198.71682940527924,191.18417877995438,202.90166521190204,190.28855266703545,194.86066288813822,196.1638510054517,191.7020492158241,204.6316558024824,195.36086031500577,200.06343146976297,193.42408780416827,195.09638438139154,197.40044346176916,195.11539388685856,193.60290164490837,194.35306785269836,194.1105572792592,197.15238093993597,197.61293178667157,193.76158260718665,193.20071798843645,198.98648162585673,194.46024951206263,179.80518833903437,191.88258465620208
569,2024-07-17 16:35:32+00:00,199.4680694792234,181.6848234603543,183.95922786738686,188.71611349006787,173.97426276944392,191.11857206838835,188.39352813393742,174.94318456497876,182.51811045813457,175.10275751865305,174.0872858141475,180.03229543860158,180.19463325796454,160.39168317663058,176.0439918319197,173.6169742304015,176.66951112996938,179.0473914963187,174.60600486484137,179.64780082420748,171.98211859091145,178.51761312119987,179.5063090869051,177.53701594363304,188.834516876848,186.66203981554008,181.81060267388807,185.9287534275928,191.3606493606562,189.3606968716261,184.6827084215237,190.91562453653142,190.19358810737577,195.58606732236467,185.3223027912669,186.03283370577478,192.59598531833234,178.88564045325757,193.72142094313324,177.55187836998812,181.1106657139698,189.1237513722636,188.20038966254742,169.832147979085,187.87320342347243,190.03241283762955,171.3245849544604,174.29277926565584,181.52714898647292,191.92524271735067,192.44396188922855,192.38897245540596,182.55234206770768,184.42534689365277,182.547009488487,194.54246000347064,185.13032286903007,188.49729540000993,188.25964785308497,180.9994682417782,188.34007521451636,188.02511075506885,198.9778682185027,184.05123685661835,188.16479162657566,187.55311290849988,191.16261339838206,207.31652870906458,194.27697920955364,200.14578160076545,191.0853510000764,198.52630182904917,202.28534028853858,197.90087940640143,194.34941343775307,194.95416287257274,187.29848677201753,195.95369137749339,187.52976458852228,190.76593663374308,184.52447756657781,191.89196215405784,189.84878953019768,181.64175921636462,189.18772259724415
570,2024-07-25 16:35:42+00:00,184.02114336689797,174.8741916581341,174.67863761154206,181.58360087768457,170.6102346814282,186.4982199149688,183.84199667233543,170.20902298463943,182.74732346415044,173.0320174328547,172.44210880857523,187.34838925651727,175.42138441388326,167.03852914646154,167.2396569735296,173.77523603726232,178.32049274852992,172.63993098137695,172.03547621898545,179.42054282608055,167.88006773900102,181.16486436043806,173.92029494141903,182.31791678483944,183.29926409023588,176.09830133066404,183.1381201199354,177.57068898812648,188.10539906669308,181.34552700281822,181.49990574021345,191.23757810578434,178.83278716705445,188.72911862384325,187.55715451173094,177.6533384542727,194.52513369543254,178.63504857511208,177.427511043139,180.62324024239132,182.44696120879917,189.68181519194314,180.4653437607532,169.01827691028257,190.79940059112923,181.77178061190355,179.04078160225532,186.03710549401652,179.1220895482116,186.12442658290354,191.52843409874868,191.25333831131474,181.14037407783053,190.1686529442194,189.42110765257968,189.42102823859707,177.261045596748,192.13737854983307,189.79759913133339,186.76551307224,187.92334827474983,195.19120940585958,193.8728032671643,184.29825124517836,190.323820039154,186.93398696142813,190.4765981388886,196.16621904794567,187.78796875336312,196.4648551607365,184.7405627740286,190.34711483755987,194.80750434915709,190.42001093948187,190.71510513999908,187.8726253279543,189.9475825622745,187.34842089818548,189.1596211433416,192.6463789808394,188.4100820572697,193.35717870289312,188.91191920260763,184.45399040235668,183.50727011132335
571,2024-09-03 16:35:48+00:00,198.1906220580391,204.5210656403739,190.10435473096786,190.4642993539341,207.42514604101513,193.23294717750062,191.04245507799035,199.64960057135337,199.10824897012003,189.45565006738804,190.18215965909937,190.07900083602456,201.35148502391363,192.75966371682975,196.60488318729716,186.56723171084982,187.10767633132033,189.68357256378346,185.20833997671573,202.74802106643799,192.8268813319801,201.44633342367237,206.83391355729708,196.21172423460777,202.2496977713787,186.26921904236835,201.31090813777726,201.06938909045152,202.385128555941,206.26156348817872,193.0892250839675,206.41684466988713,203.6475093005388,205.79725493833678,206.93897790962052,202.462624184183,206.11366141825798,209.83766691916287,204.2357699715158,201.7150216442641,204.78330517841482,207.39951913717508,,,,,,,,,,,,,,,,,,,,214.54491751260775,206.80506901670086,208.62026502896913,205.1755934118552,211.53347938264332,218.86985935913646,207.99655879131444,216.40024812181892,210.94386498691418,205.6402225334813,213.1179298774952,215.97936809312606,212.3271030661016,212.50600202613796,210.11785540017658,209.94183077897134,208.18414603448176,214.22710477060238,211.29779526286063,212.27882860953414,210.51388071989427,207.22453672393843,209.4560432038813,205.6024703355053
572,2024-09-19 16:35:53+00:00,196.49273653998864,194.9267313062568,192.3423950296604,188.498933622514,190.84787103842731,194.34934928006663,191.8929907491542,183.25474152400167,,,,,,,,,,191.03722084323425,185.82636700182493,187.846953786428,192.79424851269718,192.98509880562366,193.03406647210952,193.10774042016922,188.19498076024954,195.110427293448,194.0936762169746,199.454970581105,193.4896020048091,198.14253713675052,197.41309132959722,197.868563363845,197.3705012472373,199.62558250807749,195.9437505543208,201.0714042836337,,,,,,,,,198.77462612622531,197.89080665202346,197.8326109967245,199.04134360526837,198.98758207281352,200.3566061357586,201.19130960875614,201.45610188421088,200.59667247625697,202.6630175597517,199.03541823260434,203.6583157589061,200.77551474183184,,,,,,,,,,,,,,,,,,,,,,,,,,,,
573,2024-09-27 16:35:55+00:00,160.94969421904693,189.79940900359725,187.3728536434556,189.83948407472894,188.1073067362078,192.6109201871179,197.03540601797005,181.07733465041994,182.4034206072423,178.07461022867014,168.6578641137037,176.99067848377874,182.68939035429685,182.0765344564991,176.13127465237284,179.42651969568334,177.0956457116428,176.93326146261265,189.59633429378545,186.2231041725304,179.06923409528744,185.5216082743956,186.24302401244336,184.5271910035561,181.6979291020552,183.44045809273533,188.64056300703444,186.56893973397052,189.7220334818129,183.680676154851,195.20503244610686,195.60148781227997,193.5746966976786,189.82425249505118,204.5389342982728,,,,,,,,,,,,,,,,,,,,,,,,,,,,,,,,,,,,,,,,,,,,,,,,,,180.1575521442738
574,2024-10-13 16:36:06+00:00,196.64470271276758,198.65850837057957,197.62272369470838,199.96489431728537,197.2379098539753,189.35423148409825,191.90781094927564,188.99349106280837,189.9984307838543,190.4220299040525,183.8963958984306,189.35480841004895,185.42501492399686,189.17549580253527,187.08918760309126,187.8938987987934,186.3310273213423,181.52683101730523,186.33494587242308,192.23839747248869,193.91668087979934,192.1696079846021,194.8808890334483,189.37039029009887,188.3585633234539,194.60204161044177,195.9828152278719,189.4831471715726,190.78642788276173,197.53514745036728,196.6978514528616,197.14673111566165,195.96745312322295,195.67285928311352,196.76754090357952,197.45322733428196,194.81843348719858,197.78158046302224,201.15243479170775,201.39359963050973,198.8161101276231,196.45333276597583,196.36652834443422,200.4156401647155,197.97365826151523,192.61444579823052,191.47441585857322,193.27254994666524,190.38254780745208,198.45741019201776,200.91520608776298,195.6055718995393,196.63091166345768,194.30764003367744,199.288798613522,202.15915559498995,201.23778364975325,202.75623414913062,199.2416146950295,203.52183167182048,202.44594963796217,201.30903661475952,201.9572800306832,200.6664072533082,202.35485707222,200.39513386232872,202.2891661370559,204.52973487096787,200.61036206783632,204.73965903278946,202.4331002363386,200.2305311228274,203.56928714541715,201.43505039947823,202.99264729536102,199.71942993043191,198.52616028934483,199.0907517961266,195.62326084625576,201.2131262439996,195.98283774495906,195.5947705320713,200.83477404459327,197.81830675420517,197.27485580420947
575,2024-10-29 16:36:03+00:00,197.903405138445,201.29792387299173,204.99264809833554,209.882152973755,209.55195407017516,197.97306469820427,188.7218460039382,200.11729281354923,201.47327697164712,203.31900760250002,197.69116722846357,185.04737904830765,204.35017795083698,190.3371390581536,195.08023073195312,197.14315713190982,198.31485795610934,198.4664435255004,188.50817364447485,207.76451797326914,196.6329893867321,198.82939227202687,201.7034892555997,203.6320006187658,195.05702604898178,201.6378948213284,208.46487062565149,194.3327574111463,196.81426367067854,206.22790258422324,210.62992483317788,199.7382937267386,205.41483767079112,204.46612355283344,211.04316137252619,199.14398026716057,209.61230723155873,205.0914153527518,203.13845042539694,211.11872372691064,195.39615418026264,206.8889647706201,217.23467162599152,200.51232517330916,209.0963693713909,196.76321837601228,201.83767596782857,201.6241746197624,204.83035061723777,198.37004774550238,200.37056057938773,210.45784242337174,195.26617533924698,204.8894379926764,204.42184742235858,206.92446671196552,206.00251852841564,206.4708367117516,207.6242247016655,207.65915339184457,205.77696075803792,212.19313225049882,209.8057343807148,212.0654348676941,207.19259834147826,209.77571993644415,210.6964749664397,211.43398413949788,210.49080075446975,212.66574194841274,210.23941793202567,210.22926275637388,207.92358612026976,207.2426859186118,207.06851225714496,213.70931573056473,209.11751184867376,210.37529244290073,207.2340584059061,210.10927250855246,205.60309874989917,207.09370402592776,201.65347783389043,202.6500276609633,205.22463374717032
576,2024-11-06 16:36:11+00:00,199.81989833120437,194.46500550248646,200.95163036866992,198.0572161745273,197.36132783755806,186.68168797702816,192.59158396464665,193.9826946263745,190.7387571228872,190.09083940554228,184.81122451850268,186.20103119216807,192.79336381777912,186.16462000410593,194.02177935396077,188.6613697977549,193.6986035671368,187.47106964753402,188.82495978148694,194.76462424276548,189.13812665493782,193.39172187620417,200.30898762559897,192.6412135967577,192.97241439352507,195.49404119655333,195.52515339121356,188.8784490839493,199.17370348894963,197.60257875004305,202.3895645381525,193.02785661111528,201.37281969796032,200.70983052517815,199.28636486058758,196.39601066032782,198.88522807272832,198.6367889556467,198.12260331573353,200.34126225965142,203.31776109860004,200.15878065886437,199.79987701131637,195.50877883795562,193.86836547384624,198.7269896076209,197.05525259406312,203.86317511521747,196.595127965055,194.05273263627845,202.45552458677633,194.81061046973372,206.0641033296936,204.39676240238487,203.65001868224775,197.6305687811456,198.14016436157107,208.9758080283293,203.73174261889253,201.57985297432495,206.66158179866636,202.8619262748079,207.45838288695816,206.99507060335532,206.29196550370335,207.87809824738383,200.2603759848285,205.654236890754,203.8338273350336,206.544036832644,210.69632698785992,200.7605676912748,209.7614676891455,200.80526985335848,209.5108171093109,206.88031219632026,206.4295371231599,206.60753153887177,203.57547160827954,203.4994908744615,200.90620430528833,199.91288634950027,200.38804391224426,200.0189545523701,202.29861701862413
577,2024-11-14 16:36:02+00:00,203.95967425100108,211.96230174086622,209.19590371192393,208.37547992030392,200.5650977563521,195.85512454395038,207.62262078540718,206.8627207747118,202.81987894100322,201.31651311651657,190.4113270455199,200.2847907551474,189.44601143383014,198.75295559134102,199.323470617165,198.55686266161152,196.6870889507657,193.4231888246644,203.17484283540543,202.12545277542569,200.5091820723446,201.86023245740571,208.84108501468492,206.4190795421608,201.42249842593608,206.72255921189307,207.7956152205204,193.94085994322916,206.75247815367518,209.90271294060656,210.62157554780333,205.9009665905224,205.12208789110522,210.82751294439302,202.87225484280415,215.16164930588573,207.37740937444727,210.575644217504,208.56816830110316,206.81435951761185,214.0840544307453,208.0714859712091,210.82776518054266,204.21799390400585,212.088366143624,208.03626747601257,209.73518808195618,214.57093577600875,198.3785887703037,218.13115344797973,207.71504270270597,216.90796948851957,218.42288242080892,212.075662775642,211.40717583143189,212.59378781457414,215.04419479332557,214.608701228141,214.81529396694486,218.94868071758432,214.60783717655946,220.373768868534,210.08361733429723,221.844356963181,216.60631560491387,214.42309747639814,213.59186044805867,216.01780038261006,215.5251686783382,213.25583045478774,220.65795961078757,210.9791117086891,216.72370537669295,218.83285130277122,218.69687038704478,217.07049594673987,213.85018906188685,212.57079739675385,217.12507860673978,215.27835354554594,211.54535211459432,218.51509541693162,210.00204558319743,205.30893844687554,208.88716095003676
578,2024-11-22 16:36:19+00:00,204.91390164121833,213.75562894895072,209.63456606182,208.91062367472364,205.04800976016332,195.46292788916963,203.23930834983318,209.80704709586087,202.87903475049248,207.136137936625,190.88835630678685,204.15672548684483,199.47953188304902,196.7668798832001,204.1803404789356,195.68371130605593,202.30631026432033,198.89919607178598,199.40449078806256,204.80971002027184,200.06928223158292,204.3597496959041,212.16719094542415,207.26382112625777,201.11034762922532,204.20702770312232,210.04169197658229,206.03158236556357,204.82904083060998,209.02057626992428,212.37006435789277,206.80224808531636,210.5031639070794,209.07214095296268,206.8388271908945,207.82877286081447,209.27479085451128,212.89951703741292,207.09250694678389,212.9018130560377,210.1602937749791,209.28130637079346,213.1804220353622,205.01372587580676,211.46116314996445,205.78629166091687,204.69430755398474,209.01732900412455,202.36264479581018,209.4327858243621,207.3812658269647,209.76852271378135,212.84637366454544,209.99907635137595,213.8514488554759,207.81104227214718,212.54906942706086,210.5828418446753,208.92607777423632,210.50386478826078,211.96685358092503,215.92227159510344,212.06761246607684,215.65599678411576,214.96049329640812,214.3661240735318,215.9067506877499,212.46109625917643,210.6276628802032,210.2983683313463,210.50709547614966,214.13618524418604,217.031636206642,210.75317498870567,215.2808926097623,213.9581414347272,214.5750709764484,213.55069611711122,213.3975409670369,216.15498294157516,209.43964166785764,213.72389324052506,209.83470347618174,208.1089425603836,207.61993786101883
579,2024-11-30 16:36:16+00:00,214.71074334551662,214.42946791008407,214.38008630199738,213.27573849873852,212.58551877289415,207.24950159769307,209.82164289875607,210.64590156228326,218.07078067287978,205.54609697241406,208.57245471690518,210.0703095079459,209.463533656212,207.3905887928908,202.2336558187175,205.9703784219179,211.50522643489006,208.18596866246372,207.80797424119638,204.71233618120806,210.49934183851585,211.53234432841958,210.10164950448416,212.35402064219815,210.39919224405878,207.01708443626399,213.0846078546163,214.93442230951953,218.68972242848028,208.89919540186744,221.25593173985402,223.46606601503754,206.99016804187724,215.4324604361533,211.9398074402074,217.36469827636313,223.35075750103152,216.25390673717237,217.23637585232885,216.96361674746638,214.26240533683054,221.87324790238063,212.85935731181405,214.7427329283864,211.0302247051065,214.67273530793926,214.52267361885478,209.49587209898718,212.99044530015038,214.41767624170063,213.65932839888467,220.69284186097678,211.34486916322373,219.20233058905922,221.59211841914816,212.38745318818337,222.5051490964195,216.97823999114897,219.50277715278827,215.74834471395636,214.65375940957733,222.32874801516047,221.57310147386616,220.18786543236604,226.65639856883018,214.53928044906468,223.53142884559549,214.23192494051318,218.0778094989409,215.29729739458185,219.89130185730477,223.02164955301842,220.20662299407462,222.5306048818636,216.65669894408254,221.35177294255953,221.35949722494618,223.05164397911796,220.35159998194996,217.56022199642277,217.72003041163052,216.77111085368506,211.7930475262774,217.7899246290158,217.20558922605403
580,2024-12-08 16:36:10+00:00,214.33181567076605,214.78717675309196,220.90642810483044,212.96866205790275,211.57932971159693,210.1509196078204,209.35978729484057,216.13320561752423,206.2192078879361,205.83159004852556,208.51891952670437,204.4066905576136,202.7377372836411,204.5645280798745,200.80188061235876,205.36494993329572,201.98033241071622,203.68868465035703,207.32161066456965,211.53855085706303,209.83514177747233,205.14042471055132,215.52753646404912,212.16289824417538,207.64140252061563,218.0110588507114,212.76275934326742,215.1138664737072,207.51746475221867,216.56643865758562,219.19358627108247,211.16457430555286,217.9758433807122,220.09946624598618,214.69520980077147,220.33759486161946,212.396265289387,213.16522113448025,216.39558035836544,221.08602620647233,222.8686669025213,211.68522246861167,214.4541221405529,212.86265548516897,218.77504422942417,215.3996351026448,211.18626395127038,210.9183294391065,207.00874092583516,216.558164019186,211.11556666788073,217.79275915858196,215.99135578211605,212.04242325468184,221.58365966068234,214.8351925194218,219.20997023180416,214.21602787471593,217.4153143868634,223.45775538583925,217.1601920999801,224.5608789235347,219.39421158852434,218.8761171375333,222.8996369516445,219.12084700747968,221.56670921184036,220.2027353718869,226.79960939272166,220.9035753995149,221.88795209751171,222.66074945844744,221.45065210443335,219.06999694991794,219.5345376958759,227.10629381092664,220.03416065699375,218.15968313754908,220.9991743657702,218.00534454172976,218.88921949443528,215.65293464824867,221.37704952837282,211.1190835945071,218.70408654272995
581,2024-12-16 16:36:06+00:00,222.0043542965782,217.02664585264583,218.78118173755539,217.81226406053776,209.61818827537957,216.9619271181468,218.38340949144037,211.58924345632062,216.39516153373458,209.647621497902,212.07345552909183,218.6701876273141,208.09016434144002,212.69821488808782,208.7471505269335,209.89941561165247,210.72003240983832,207.04512742802797,209.70237573681138,216.39260807946528,211.6433855754347,217.8915518247975,208.72858492556313,210.32563514328018,212.2389453165102,212.9065873840595,215.23127862608976,212.76725485340086,220.24239333754002,216.54709260172226,215.52170972894336,224.69401351949924,211.82138498776672,222.25380710566685,224.01789131943727,217.407692896301,224.75941639098883,215.29803649332518,220.7934757789205,219.29489720918573,218.2209914490977,222.409014576782,213.6437991652018,216.98412756907894,214.1388096436384,218.29565350338285,214.6700139238344,215.1449247467271,210.8958467807856,214.26822565497275,219.87568709187468,222.42723415540493,217.68768083218382,214.1765899325619,217.94968383747755,220.93301931911654,218.66603095342927,219.59016537471095,223.56420219805528,222.67862332244576,226.2324785469768,218.6042581399093,224.54001562681213,223.65533785478277,222.43537140168638,222.04685554249002,222.99047401492038,222.8371977038182,221.45253156211993,223.94734943339307,224.69576461803916,223.80184446993295,225.61664738164166,224.76067137295456,225.34306963730972,221.47175762606935,225.01419544020902,222.75760999284154,222.5360881057371,222.74406805065217,224.80202729163727,218.98077273108197,221.3593280327325,214.47171739060042,218.90522873907108
582,2025-01-09 16:36:11+00:00,225.82721893629753,223.89855022579025,231.48568148856242,220.8197490621893,226.11823425272704,225.76178290448271,218.52378867996717,223.43940265767142,221.3319220943353,217.07375711768876,222.15808693660813,214.2442904904125,215.20583826008823,218.2911124717468,219.24535499845211,216.07511075837047,209.80445863477397,216.52562871322192,215.28807492632498,218.54866114663665,221.89179253810164,220.97230136293905,219.1418500511758,222.26446437339337,222.47861191432128,226.55169329182584,223.16238398675648,221.9119825102364,221.16575528970137,226.29197466868405,227.36288674711693,220.44293278445343,223.58147940599557,223.56243344115921,225.47686507730396,227.20500915649765,222.7200019657036,228.79195102516317,226.4245690030328,225.13566998316557,225.18709872685034,221.7594950449826,225.0964960193524,224.73850195261818,223.62595063471963,221.70822596476026,219.32892913392325,223.25288166205726,217.38759613008247,223.7875977947917,223.20842740772724,224.58261286952504,230.29876260766656,221.2908701088678,231.00515202454042,226.37410441877444,229.05681765965375,229.5325645567311,226.83903977782424,228.81942418198727,224.99124609183278,229.4285829423339,227.721620105759,225.5741087681272,231.41283003602288,226.32101625131364,233.4782959702484,235.26858025514423,230.68099813570825,235.047661035575,233.4746506383164,233.55146511911425,231.57407676550923,233.93004899419256,230.37328211573097,232.436143641899,228.67623987715334,232.00203117341786,228.4352204776044,229.6429344339314,231.48826780273254,226.35605114571158,229.86991862770864,224.05834694739255,227.56599185089897
583,2025-01-17 16:36:09+00:00,227.4936890968566,231.76669386913238,238.37818197619487,227.54118130757993,233.3355509548806,226.1318742538139,228.2162589825867,227.46420122573107,223.70777729444808,226.3898422115757,223.44740101131754,224.6557377650712,225.36530576049861,219.91093715022714,221.74765027236816,218.36277556018769,225.17166224323168,223.05858706736504,220.46491736918966,232.0450014230026,223.03775148744924,225.7079372257978,230.06278103023038,223.5025535115096,229.20137307050874,225.03595961452163,230.06747532936578,233.59015762564252,229.01007649028776,232.91649698788223,234.81875860447823,233.060737019711,239.80000810285335,235.9388593092989,238.73989948043769,234.43188021315186,233.60021667991134,235.57141067689219,233.41780580093143,236.01110865949897,234.24982890650296,232.827998466392,233.75144724567934,228.9638309951062,232.65809070385444,230.54309923595554,232.4372589245283,229.42672227003408,228.76026803756895,230.51092820903625,233.31791879922247,237.97147689322128,239.40624600882077,235.67897334458962,241.55325702074384,236.91593281364533,239.43648241212736,240.30520244022233,238.3009056560049,237.5979003690532,238.0337900676563,237.9749955370055,238.76633138170467,234.80269716978455,231.7390307689334,234.15036517680093,236.17172565178473,236.57262432503208,236.390363676671,237.61079239712242,239.20868473657882,234.818412439599,241.38996244313643,235.01529840211498,238.2205304475576,240.6631777174176,237.98347715712055,237.70888890300347,235.8917343745833,238.51888207200318,233.9590630148865,240.6720706440638,234.2693819666627,233.87280300655297,230.86893564176438
584,2025-01-25 16:36:15+00:00,240.79203078122808,238.81505637390944,235.41606188434784,247.31487584897025,245.57958738070457,236.26922946695692,241.07906524218546,236.75913191785108,242.44084123053526,243.4635240588013,234.9678008245497,239.81420883878022,235.54469838528627,236.08092449203642,232.0556695065943,232.715452002074,236.3638212476372,227.13029308144036,234.85435790832443,238.3098842421608,231.74297081212407,238.73767192878373,232.87917871514108,236.626300241841,235.9358193517239,233.23911733792386,236.94497387776696,235.33958443609075,245.28326625176632,242.56337000133863,236.16921764599377,239.04281070439575,243.63145779705863,242.84669413264461,246.09639855259275,243.96591473924943,242.98831969807665,241.6022565455597,243.03097214817004,243.81747462620385,239.69341686201793,239.1197748355679,233.74281897962405,235.5084609284875,238.41155076395097,234.76365824028355,239.27815668200824,229.75377765518496,233.42939670535,231.53854987267619,239.9928692798053,241.33128125008258,235.37015595358966,240.47992826341087,237.65453441845506,240.95144956383595,242.57246911188642,239.28963019904384,241.70795872140422,236.37331351722352,243.40412956945804,239.77480422562783,241.76415798157868,245.35297721666527,240.22840713987952,245.77858715882397,240.43826751483962,246.72613507281534,243.08691436067977,241.45999315321257,249.054220683117,242.72162419493228,246.93536674164525,241.77996342457126,244.5915354900081,247.09327837708275,245.28632725414008,246.988260568192,244.3400737940987,247.1820182101355,242.60658149967546,239.1988493020592,246.39248040492842,241.42884023166792,236.35941823875953
585,2025-02-02 16:36:09+00:00,225.20708654605718,231.59442846029216,224.55488722487812,225.2853757902723,226.43218003283982,224.8675395417896,226.15939453593998,223.8266699258213,221.31347688791124,225.5130443599282,223.51656133160031,227.0159694136752,227.69519970281095,217.64895316669862,218.42422381335302,218.97826404650294,220.74206123519514,225.3358330298276,217.83748986726914,214.33988984413003,225.93190875334165,219.42670955143754,227.7116710368555,220.75275459578552,227.44364241694927,225.61237911388355,227.27804737859077,231.3273995975162,222.08237084643625,229.80057565789733,229.18813206668304,227.51295961796023,234.03285809251605,224.84331117868442,232.78768200276673,228.53452560487943,227.39279440615738,224.75505287095675,224.4382374581697,230.9528732829014,228.76583368326837,225.112467681425,232.05205834559916,224.4270905303457,225.75235589922994,225.62998238988445,225.74071064354115,224.30610331527575,225.50672430015015,220.25452599371636,224.91124241276873,226.127462410363,224.31712082599833,227.2751346309022,224.92459753477812,228.08950135574605,227.33747840395674,,,,,,,,,,,,,,,,,,,,,,,,,,,,
586,2025-02-10 16:36:14+00:00,228.44858429886088,220.40301912407304,226.8065629191065,227.8892571201209,221.69952472123987,227.80517541178386,221.17738640352923,218.69954020437999,217.1586862447813,220.30378655159623,221.65912374678493,220.26941828819926,219.82773951398633,213.95938042629345,220.0258445079515,216.57919445187613,213.440902191765,221.20575977127643,223.8849263929973,214.55202060689973,219.1193281081847,215.42384041204275,222.81851508942677,221.44890736292635,224.31803371552604,220.43740717462347,228.50744709178008,224.8688017075241,227.60209402001882,224.11018393215542,230.46521103985614,229.57124479210304,231.3197154854686,229.09830384594343,224.5596253066466,226.00138047898085,230.54926060359375,225.69646534473665,229.96593014883814,228.13501246325353,226.0904558786127,218.92923725709483,224.84742493604747,220.31944432267522,224.7976466788874,223.3513733615534,219.41089195042787,226.1489897252175,218.73503268948932,224.59839264409302,228.17228671825634,223.32413401257682,228.395925931424,222.93383138860034,228.99043836314618,229.2229190942182,228.5052055689617,232.7831081427253,222.7225963217775,233.2945789423287,231.3304227026901,230.4151902084328,232.77712588119948,225.10211601225643,231.82102400591592,228.2448708530666,231.0732182331366,234.63572323475282,230.6768450488503,235.4028760198155,229.14520194604083,232.45531179046318,235.8618907193473,233.39458033765877,233.64567818487282,229.98569051602155,231.36802685875585,226.0674122563399,230.864458520518,229.88838075642698,230.48129387389196,232.17939244820874,230.91217659337752,224.59010614794232,229.27644054281603
587,2025-02-18 16:36:03+00:00,222.13490380320093,218.1665834595202,220.520599151672,221.22126604270562,217.50233710308532,220.721241069085,223.21937925911257,213.71811964911055,215.42297344451157,219.41455505574626,214.64982337353814,214.1602269220226,213.4425509039265,218.7078355559705,215.27406174766983,213.88821750295756,215.01393452478897,209.71590009765004,214.48582655188852,217.5633625621147,214.93883675068264,215.99876575935068,216.19377165052322,219.05324433132242,221.23388635352535,217.4014221677721,219.90033409787443,220.7164284949476,219.4840439252505,225.61217621054917,220.22945402805118,225.18910432506462,222.17258163732103,218.9822873118899,222.60303825422068,220.92643067659,227.70229270889,227.76415347213555,226.37208038854325,224.92690136041895,221.49829689173478,223.63885178098684,219.3997891857962,219.7230853494178,218.44215914734175,220.21753352942346,216.47328736506861,218.29376185788126,215.30782256544674,216.71001417037556,219.83773950259197,218.50272996451696,221.1280947262006,217.36592652644313,224.80164330124083,224.25432084081604,222.75951985517372,227.25890057830995,220.65239219334975,225.44712608743018,222.13395757509613,229.5653540649632,253.6080100604808,222.47476439444395,228.80565956531115,225.52952083019304,226.91808279212358,227.1391688795482,224.292304636452,227.83248490140502,221.67615418576952,225.94677041765488,225.83450709662344,225.51019221790511,226.51428286207337,224.86631992090983,226.86250714509598,223.02772601234278,224.6473271499871,223.17988457222287,225.13507367936114,223.2345522138881,225.42187105236252,219.5031168812913,223.55732697783478
588,2025-02-26 16:36:09+00:00,236.99344017168949,229.98777430757465,227.8045765941843,235.948239704274,223.1094670227096,229.54609385126582,227.207363906546,225.59481032796234,228.83415737110582,215.40045771873366,230.87825344823327,225.87612109486628,220.6680244559102,219.8771296684438,213.8699698253905,220.26803575421934,225.30880031586472,217.40651317621015,222.8869168477845,219.19228486823482,227.09782698883984,228.73794458352313,221.60656091316602,219.26300865093683,217.73905067546002,222.03935947565853,225.64913400307375,222.5355751173064,230.46911689136303,233.74290472238852,238.09437826257528,228.68078671524248,226.59958908145452,232.08531290322017,226.30406249266557,228.7272841781906,230.27400545369503,233.14813604402755,230.81766905337722,220.32810322364998,227.3131371157625,222.8111268343112,227.86002067405244,230.94914703399652,221.30156535750953,222.49104531296325,216.54919884943843,225.11794603841372,227.50819748134575,224.35464359870093,227.0135306731533,220.1768030834009,228.47481240457432,225.8639218690286,228.35568762192364,232.98996302977548,225.28558135662945,234.59492222791118,232.09452888629542,235.58676677820026,229.32149618199912,229.05274063320036,234.32815058659511,228.50677972487523,235.0909041194741,232.74227408627593,231.06304206737286,230.62629509671794,225.87583009934804,237.90353195580187,231.13873406783074,235.5315631828908,234.68916076251955,232.06085913912148,235.37701267942134,229.3884070084709,229.97879697645334,228.27609468332238,229.64807261380665,232.20807381192435,230.86892851853656,228.85478570280344,228.98285467840796,224.68450398965072,226.42820963693788
589,2025-03-06 16:35:56+00:00,215.75648926508745,217.122207153048,218.93859508307364,217.68203763283233,215.0537862858084,214.82738719586555,212.21691736923967,214.4675584360357,214.09838082949702,207.2035782134688,209.94759670634056,210.331171338772,207.92404447562566,207.92346205549705,202.2538215226827,205.7419692839071,211.32451141779083,208.714859360609,209.63584463848633,208.0758585397847,204.61814831075026,209.20409367152664,212.17783714698183,211.99046904942895,211.72123620604987,212.84184678009882,213.82175232034234,214.2754120263856,218.4914385007828,217.60059723170613,219.81886558887834,217.09943479055096,217.47089998693625,221.60238726027967,218.86302098157853,222.14941030118365,224.6544756678437,216.70042201804176,218.5424046864899,216.15172357541513,215.45012204958266,215.70369429705835,217.72247859917178,215.28909723607154,214.33439134046432,212.7223352531791,210.30192370825034,212.52150267859494,213.91169390667278,216.3797961027033,211.2143404945909,213.4150503520675,214.73788713334682,218.67001462318552,221.39543053967273,217.4442128114236,217.62036269736907,220.1289118499238,220.03054147312008,220.44932486224593,217.9447478365631,223.46436209695239,223.67651784435293,220.35848950043288,225.8057936285859,220.8663121702637,223.099579165006,218.66513083075608,227.8622653863768,226.96935710192406,223.3500190628869,223.57154553211836,220.84034998311415,226.0009592926502,221.4517386571777,224.38528072659904,221.12286908410792,220.8418846185042,219.730785271162,219.73485458871664,216.9046540127491,220.40757397867588,222.3478136985384,222.7067200638323,221.14136752327
590,2025-03-22 16:35:46+00:00,217.75881121943448,214.801815590347,216.70765034819382,219.4072837026792,217.3621376867427,211.34564082187174,211.29705849909092,212.9191732354306,216.46369750978366,208.7877487258219,210.77440802652382,205.86781897759295,202.98837842397546,204.77394939242427,201.37631645296028,201.29678478343,201.6573809436157,205.51401696065219,211.48305480784995,206.9134429936444,209.77551291423183,212.31001469010434,213.42103805418162,220.78404582959098,209.33748972209904,214.5914781090974,220.12862746579822,215.03153698892618,219.16419703601872,212.93007118303856,222.76431432485927,217.35116430404003,217.51066254112786,222.37441091796452,214.46678443795062,218.27630615462473,219.7745598337979,215.11028271174675,214.99383906765127,213.11977269694532,217.86451845841623,214.41507032218487,219.45493633330074,216.30592745492586,214.59607172313267,209.7542082280473,209.4964938648568,210.7599958641201,215.30020943964263,212.5280784879727,211.9520661180541,213.72073455762956,208.7034443713259,215.5223981336006,211.37833448765983,216.72315874737777,219.45463157146443,210.6303155567776,215.6018693024548,210.77172223099492,212.50257472357785,215.47181303489805,215.0774482731633,218.78149398497976,215.59606675174274,219.83250501157332,215.54299323578826,215.56580077850566,219.34736169007846,216.87511272865396,222.53015731006744,218.6748883666311,224.18936850577487,223.44670509132825,225.25894977725991,226.63916159356253,219.57260773121635,220.34142247254687,215.7005864026751,224.49404166840577,217.6104863537751,218.12926519972046,223.11018185762933,217.45599931133458,220.0248577534565
591,2025-03-30 16:35:55+00:00,214.26916325461545,210.96027080313158,211.8146356623853,208.68308534475102,209.75013220227777,213.78389888769738,203.2036216012199,208.25179910669056,206.62663176759398,204.93752369652458,202.1395847028553,196.5675771891065,195.8094752095465,200.50728751617126,199.70866862834822,204.40770330521428,199.66181718620984,201.2546402514542,,,,198.21984956005903,207.26183626263892,209.7262702799626,206.02105055757792,206.43244547560744,206.3937681448659,208.6085943107183,212.94857572693374,204.6209664485254,217.96496988026817,,,220.86742807629304,207.11274180935527,213.50620566004784,211.6501285026138,214.20560240462635,214.83645498737835,210.59873060547832,218.58059907444715,206.62569113800654,214.0831649780453,214.13477697454226,209.48709402593425,211.18635065042855,204.9897328855184,211.9973440578547,206.21219835232642,212.7287671441897,214.21778878551325,209.92124031529727,210.6000463461364,209.41101391600813,212.90464916264227,213.08502267748256,210.51711046373524,214.6534464728355,210.32311797039912,208.4639587630992,214.20152278285224,212.04804385581357,220.1666322675023,216.3732171071104,215.38572401129395,214.05693046993312,212.3851188593776,216.15689518827614,219.13998439637945,215.68263186364638,217.0235212491604,212.85299750743607,214.40858218888428,216.05688472036783,216.16998119376322,217.26971609828524,215.51864131820818,216.75087252695886,214.07427093951523,215.57229439073495,214.8194571127447,217.34451606739455,214.67494492047473,215.46507979543128,214.64525946710418
592,2025-04-07 16:35:42+00:00,211.4914121627256,209.6629556248663,206.0185897909933,217.15296566117829,207.92802231092978,216.3930726464548,209.193811831423,203.5688034992544,208.50084109240757,208.93759906279683,199.3199579813949,206.62866046433993,200.2557789228814,200.31508127357733,196.0621221296205,204.49869575701774,204.11820916099637,197.30673177477524,204.6720125692129,209.33488822206877,200.8282220342678,205.44141932031874,204.58520531962938,209.60342202372496,205.34141479713202,206.85009137842712,207.36851325257243,213.02226101177678,208.15326575524742,210.5357929066451,212.00399495027872,208.50585439437702,217.49071313432023,210.8664795538079,215.26537546606795,211.01906981937182,212.43958052003538,207.87601601556136,212.9895391839874,210.72385206769314,210.1378267095968,211.46296182810394,204.97838524678485,212.76326924085723,210.0469036198338,205.57004498374923,213.78368586945626,207.07797921868698,209.87138250087054,208.58824893246302,211.16801287483577,210.39375011625248,211.11643664635307,212.04720570800433,211.87711735258017,212.31585796012337,218.4214937485721,212.55354540418932,216.31984401434642,213.85363898215817,217.05162687245664,215.054018182952,213.38608356124968,216.92763303983722,215.7765625258845,214.72802553332357,219.40861233946669,218.8444191146208,219.45691101063935,215.11336785548255,216.88762511000326,214.21631116418635,219.8408884205403,214.41837326436814,218.1336029473979,218.41958199470994,215.6052164449135,209.8886509455877,216.87041090127644,215.38209011759466,215.60793779408374,213.43059594949642,208.86625437202915,213.2186339232821,209.4549298848163
593,2025-04-15 16:35:56+00:00,215.97438244140636,206.9704610342318,198.9343193769496,206.85792663470752,198.2073055256575,206.892278857124,200.73356746154113,200.3765488500377,195.2010943221291,204.02361186279836,202.18779385103386,194.61560266329462,189.2523179695884,189.2731708135568,188.08637213804764,198.02227672641808,193.7395564339805,191.36008590067894,200.27184949325013,199.40544861080016,195.3964996762345,197.55114140971926,200.17392041000573,199.2539116751607,200.66121663733296,199.79025759805495,196.4210120536573,205.8617444146985,199.53361351636815,202.07267258734916,209.31170562104512,197.93802130990707,206.04387134491532,203.87910854360575,204.0196083971751,199.39995438150132,204.09491981134062,203.52843553979497,206.96839908943176,206.58484005299053,210.04241178504518,199.7350334847385,198.05313794279232,203.50155262223274,199.94828961869936,203.50220092028758,203.9909371952753,203.0364042014416,202.78967572317566,207.20233198197548,202.2693650377608,206.74488087878154,202.68854151682294,205.05558012660853,208.0659339411143,208.19534141348163,206.14835404590062,209.39565478235326,208.9002283908542,203.29928366692894,205.8228178174878,204.68648950900032,206.11431279706088,208.5688835449819,202.72182831964076,205.93161035094144,200.01617964745893,207.94867470755347,209.69156803895623,208.5569542451695,215.96753188109983,206.98994222005138,211.2099979417776,207.17562512606912,211.96399100934588,213.71690424489196,206.37528921243006,212.89805235905624,208.71088916302796,209.00994499750013,204.64290794632402,208.67236552447454,210.32497643326184,208.427630564546,205.56715706959722
594,2025-04-23 16:35:28+00:00,,,,,,,,,,,191.99305694579027,192.54001631141392,184.13521076024895,184.97695846709985,181.23963141614894,188.74716985112158,185.64344739744067,182.298511532418,191.15361032576638,191.84639171097461,192.60174244371825,196.72632397150232,193.8396402976402,190.1742242096651,197.6757431956609,189.67959578666296,193.15157193168437,196.72060323807722,197.56519281765176,200.02594379447734,200.20572829517502,195.5605499764746,203.14509848152198,202.9608600682584,203.38570496054777,196.08354690623628,205.47335575316373,203.4402305084189,205.2191070958591,197.28054314615258,199.39241376890485,200.85984068046616,198.08472649149888,202.01535075437152,195.89923362482105,194.11863804696748,196.5618690502715,193.54461152554154,199.53211968887024,200.57955727140418,200.30581623972898,204.447536649945,199.92740783597586,199.01534593436182,200.21347906234826,201.47782368848505,200.10189081447615,201.15729567029075,200.3925414648071,203.27750996176823,200.3639338139306,200.83389818015687,202.47025550304207,206.04632958880669,204.48665528275023,201.10038962884695,204.8581154832531,209.61030195276385,207.70593544547464,207.64757382398753,210.21749226008166,206.16563346078303,206.89213653683834,203.6349740119116,207.93021421153895,209.4105489391742,207.6132350337936,204.31176238814263,204.46084202371915,207.10322973933944,203.3980525394418,207.0623880350885,205.32501351537036,204.6837263592275,207.17101304880458
595,2025-05-01 16:35:48+00:00,176.35215591582747,178.28837665011642,187.85155335157683,180.77287844998293,186.8064291212476,183.25276148592076,182.24323721157185,181.1572229606753,180.01800762016097,182.8390013312673,182.92351177410063,170.99626374240745,168.3958084309546,176.83119415658672,179.2954144101506,175.41833402592295,179.5857353358485,175.38293255995995,177.5969014952241,169.8285995796483,161.23650092531614,173.47872280486683,176.4375332257586,182.86221549512658,187.5010844192658,185.75632813457457,184.18546074853293,187.84828132892778,183.5113187920403,185.08060596125495,183.47870786633695,184.8946089055438,188.31370165464932,187.23736186633624,190.3571759470993,186.21151046948714,187.17352701340718,182.17495989040077,186.90730933905917,187.8376570065175,183.10850153286543,184.98666668713466,188.11685594982424,189.01176506401384,193.02487500270018,188.76657960506918,188.27446268266849,191.3833526975852,191.1309500072802,195.1534264558934,191.88104139867482,192.90703479550547,190.7637040713028,193.2380829947051,198.2812068193897,196.4028519092739,194.742252478838,194.6600957726506,192.9391900764506,195.46961854925945,193.42092265611643,196.98531698984658,196.3687899572342,192.83240754519682,194.41802977403427,194.44608629985476,195.538174019367,196.48546673161584,191.26448086041876,196.6209083681587,186.67923620018243,193.93627865088953,193.67484147707864,189.42739025674842,194.7767739897452,189.42903383801536,195.52597941669225,193.00943395001357,195.35065355758422,195.12648730878638,192.17466816114194,195.79050601855096,187.3955154773186,189.48779887181098,186.92618373482816
