,dates,usa_CA_0070-0000,usa_CA_0070-0001,usa_CA_0070-0002,usa_CA_0070-0003,usa_CA_0070-0004,usa_CA_0070-0005,usa_CA_0070-0006,usa_CA_0070-0007,usa_CA_0070-0008,usa_CA_0070-0009,usa_CA_0070-0010,usa_CA_0070-0011,usa_CA_0070-0012,usa_CA_0070-0013,usa_CA_0070-0014
0,1984-04-18 18:01:41+00:00,,,,,,,,,,,,,,,
1,1984-05-04 18:01:45+00:00,192.51112060451726,204.14105425123034,201.0191367980822,191.3380223744898,200.7340591807348,199.78572071857374,207.61593823118707,198.63948580482554,204.30320014011795,195.04442569563986,188.06482708783207,194.27731551711088,198.80437028072885,200.43173018179232,197.3882389744245
2,1984-06-14 17:56:37+00:00,192.85644282822787,210.92709059674718,212.66282488067782,207.13527633385434,215.57979313453228,219.53349456817898,222.64958979924774,214.6934353481104,203.362912048537,198.27973629029992,195.7323991891107,200.4714036073213,202.1518165080467,210.31477923638718,214.63728657728453
3,1984-11-21 17:58:12+00:00,184.21945767338394,188.5002959545252,189.81436325001135,180.23091072803084,197.13594892036008,208.4375720210228,205.0391077266164,194.08790297005706,194.77209981397658,180.92011042850635,178.82766863222972,174.63734234682647,173.01640696764912,182.10129678459856,184.3756670356526
4,1984-12-14 18:04:35+00:00,216.63856805530904,213.7392112692732,204.61932229181656,200.81273857238628,210.77336523411867,223.37301872435705,221.07916113220335,208.71129086059057,210.94079433987022,204.17292508453923,196.72285966533215,192.61146236211368,201.2032627339568,213.97614148377346,212.6584874632264
5,1984-12-30 18:04:44+00:00,,,,218.96007745443688,222.93765433463525,230.60860750121464,229.31169223677983,221.84460828521478,210.3699144094242,211.7243577695741,212.63609146563488,208.94949146783551,214.2615892144397,224.40709123921206,222.98375314323346
6,1985-01-15 18:04:51+00:00,,,,,,,,,,,,,,,
7,1985-02-25 17:58:46+00:00,212.26829374789781,212.00595682112834,206.76527967546593,194.94669547757206,200.03452956805654,203.79839814653116,204.5130456440732,197.89726399895173,198.25289820362482,198.63060579105434,192.81423759447998,213.39021292459796,215.82295449134529,221.43404966169314,217.77564718565816
8,1985-03-29 17:58:42+00:00,220.1764406289421,215.63339025010566,212.82824265342657,201.91135564187414,206.64175551297245,209.98557084973743,212.9839800622487,203.30136575666342,209.8867324162855,203.04494523275605,205.07764945978448,220.11550238596152,221.63296435142905,221.56075360633895,214.1751352080911
9,1985-09-21 17:57:31+00:00,,,,,208.62026134632976,217.88544516866574,227.17058381821857,222.5658880038996,207.06884898730272,200.30265770836212,193.10171373937624,189.97126991708177,190.76867024728688,204.48028897491383,205.9532711149086
10,1985-12-10 17:56:22+00:00,201.0289068257701,204.0633979412849,195.59981114143648,191.54675337040516,204.2263555042457,219.05064750520646,216.09201824768095,199.99402257476115,198.5274301385928,195.47731054553304,192.89279405982037,187.33603182868842,190.98336299714276,200.32481707571117,202.08211603646578
11,1986-01-27 17:55:26+00:00,200.75632697649985,199.19430169371373,201.5275113346251,194.79118277459463,209.83120935023317,217.7743901117246,208.3811314020279,203.56777353036057,202.91281933697155,200.2499106847157,192.33894655153034,192.06159265476043,196.78490871110233,204.4024413008914,201.3752316105639
12,1986-04-17 17:53:42+00:00,215.5747799501898,207.84648498386426,198.1734562296623,192.51162753648663,197.78981204798882,220.2694677801412,218.21639560547493,209.52763133491686,211.68945561577692,210.99637916802072,209.1324324624403,211.27446124170575,221.3020954238698,224.44752591930876,218.66305966002054
13,1986-06-20 17:51:54+00:00,194.4413545375289,201.8931801742428,196.46058291843474,190.38155839888023,200.35889826661014,207.08885199976305,214.55489552558518,213.68692381691838,200.2913193401414,195.74273595277842,193.0186553011522,197.52505857931237,205.18128040708547,212.48528901000236,216.13423125580096
14,1986-07-22 17:50:49+00:00,188.96784030268518,189.09273196345296,185.49593463585654,173.64336278249834,197.0542248445571,208.06620786466743,213.48032076168195,207.98687099260118,194.34585741141265,183.16733848824725,181.28663445526013,182.5431602125404,189.27564899187774,208.8083503682103,209.96419458688285
15,1986-08-23 17:49:39+00:00,201.7795936572446,200.47229414055124,196.27674867540952,194.2557006323377,202.5982135832005,213.0287538360812,224.10822798520147,219.12947237445917,201.55611723998598,192.4008266860888,192.1705703866057,205.11588691601082,210.6146797459922,224.9542600476849,220.44671718904561
16,1986-11-11 17:46:55+00:00,205.04782891018095,206.28790233058177,212.84494360329114,205.91349111722266,220.26923262493688,230.5356648522348,232.53100375447627,222.88478291079147,210.17276247993792,210.01889983199595,206.0571078896968,209.85491965499241,217.54726510636164,223.33202119950744,215.32285130546617
17,1986-11-27 17:46:36+00:00,204.23740334906995,207.3882150235815,207.39391181069334,201.64289004230756,230.1601916479064,241.3327544749073,246.2355161914594,235.8371868648713,220.50848505481383,205.0873759329816,210.15729436914592,210.92084828189002,221.11913814015463,228.22810325922197,229.65518769448676
18,1987-01-05 17:53:57+00:00,,,,,,,,,201.99267993621334,193.06961953678046,192.95605428474005,196.44246692683154,202.76861948956548,203.43508320865664,203.49046737573434
19,1987-01-14 17:48:01+00:00,190.8198949610952,197.0073704860309,198.02253247446515,188.95702052110303,201.75270047353825,216.94459470617437,212.5567157014584,205.10890734123592,204.84054057270282,197.27869134553885,196.07487547810214,194.29547403794845,200.9524425485612,204.63487659830798,202.13487056312246
20,1987-01-21 17:54:24+00:00,220.39159293727226,217.94607023112818,213.4495310936523,206.81762621458995,209.05058685218654,216.2833690328227,215.28385463272608,212.01316232251685,209.31683125407406,201.27709350274017,206.27569715463176,210.54198007215768,218.2508943526774,223.8226990439137,223.04722344159205
21,1987-02-06 17:54:58+00:00,215.23434772898642,217.71518456785745,209.0719318001894,203.88345157061613,208.79209306804256,218.18808283057587,217.52204638246084,213.59561064010938,212.23094784454707,206.7795066677169,209.7056038366302,216.70613431424576,219.39843427678306,224.37073229523875,216.00016745469728
22,1987-03-03 17:49:45+00:00,,,,,,,,,,,,,,,
23,1987-03-19 17:50:21+00:00,207.65743669517036,212.4999280902956,201.00915502759884,191.8004868886049,196.38404392264144,207.94186273027617,200.2773177067948,196.94607875088258,201.76981150093965,194.84009318949416,195.74470962003647,198.2668095652082,201.1850587229265,204.6054204059929,200.93639440916087
24,1987-03-26 17:56:47+00:00,,,,,,,,,,,,,,,
25,1987-04-04 17:50:55+00:00,224.59779692052072,221.4769804585508,209.53051932590293,205.03564863504147,205.38245553372482,219.34315143426417,215.2338773199155,212.7226975268896,209.5064805719142,208.66174442479667,208.00001891269653,207.65729046445855,214.2454773456003,216.610051093731,215.47283925792354
26,1987-04-20 17:51:26+00:00,228.38929761101846,216.06741553806953,213.56122784097332,201.69282635690112,211.86892371119694,219.44812236741927,221.76659546260532,218.77055121425468,221.8845709192273,230.2825182870034,218.46905354947418,218.10388696183045,219.09507679691694,227.98958122604418,220.82110481337446
27,1987-05-22 17:52:20+00:00,207.13918532387115,203.06148488986815,201.08759982693394,196.55463326428463,206.24717369312177,217.8325114562502,220.71302449549495,216.4415436231958,202.9640777967757,206.5160571751985,207.58378226620871,196.76032489647076,201.8710013739566,213.0091266457483,213.65905125082847
28,1987-07-25 17:53:44+00:00,207.6136049777012,203.34315432053347,204.91033909504898,196.1092614565504,207.48533261160213,219.22547851450435,229.6222151414948,217.39243000455116,200.45640197375292,198.2954662890172,197.8103259972993,195.96740321993826,194.0159068313082,212.30940955648296,214.99050085132782
29,1987-08-01 18:00:08+00:00,197.51223481482612,202.31737159189962,201.28068439270953,197.67965176210592,210.97815513760602,216.20546377432473,214.71793101515757,211.01212269830683,199.98501590486637,198.4853273487921,196.41271124731696,193.9244843432677,196.24228965620307,199.66922712700864,207.2037190576773
30,1987-08-17 18:00:37+00:00,187.45131449036813,187.0694527698459,192.66804233277125,193.44915553890092,202.18263848675468,213.75111699877277,223.79692041996964,219.4415802140055,208.46994957508167,188.08766264793513,183.3081005159881,178.94900710823683,187.0592695108304,190.9126319977624,198.58952669539562
31,1987-09-02 18:01:03+00:00,197.0016192973843,192.42064363734113,194.98331485965792,189.4237662256507,206.98197729680248,219.1065037589696,229.24578262107298,226.97130432552996,207.32383539795975,198.34978697840717,198.14424706164976,185.62740043717284,186.86409818724263,211.2337508883591,215.2707498447371
32,1987-09-11 17:55:06+00:00,178.39170202792104,176.75071751938353,183.5739777913676,182.55616248681866,200.1844506891543,209.86579588776837,218.25777435366152,213.49988926954285,191.8047307931499,186.077168526706,179.03825162293268,184.56716085071122,184.4151010509028,201.19413731344468,202.95044890705097
33,1987-09-18 18:01:26+00:00,183.56702472277647,187.50180000893832,188.76590881164418,188.14294793431856,202.5361281241691,220.27151358887465,231.26718459371037,224.3481094188637,209.59880777651085,197.25798060848535,194.12909584728902,189.71387453935415,185.6338587563075,202.23069327131105,210.52337269067112
34,1987-10-13 17:55:45+00:00,178.73589281272348,185.41212764770387,185.7277577243082,177.2826224944112,207.53078634846236,215.61588120418168,228.97556492818364,219.335982288918,199.0453152829715,198.32303031601097,187.72959814429367,183.99681903248728,186.29383699880555,202.9372246185563,209.67179151245153
35,1988-04-06 17:58:25+00:00,208.5610085745623,201.33398242810864,196.10517059416145,189.6725189839337,191.91716430849618,209.97477880703744,212.53258655553603,207.67685310096533,205.80254020655846,203.18966603988744,205.42888860678877,201.28177356674257,201.40086440559077,202.72522473066533,199.78096854789442
36,1988-04-22 17:58:29+00:00,200.05190048355175,199.4351749690901,190.27107465657895,178.8748601660345,197.55104368416295,208.18699680447315,209.0247171964899,205.41145854225874,209.5594777424511,203.06923904737613,204.2682770829651,192.44430487035504,192.5553112268576,196.16926701458817,190.75099518102814
37,1988-05-08 17:58:39+00:00,228.92676195030256,224.731312725598,215.11975560984155,215.339968597881,216.93233152475466,221.63230797199094,223.97983501617261,220.70882364847154,224.3734351045854,229.99213689093105,222.79580171880787,214.20535363923454,216.67441524974294,213.72273895514746,205.90616419917947
38,1988-06-09 17:58:51+00:00,208.69339910577972,207.29324488765093,209.84287241926683,203.44752058205108,212.0607672768154,218.09336726853726,220.70985201357757,211.90675307065243,212.10045012518893,204.92187090114686,207.51026478752345,206.32541333528852,205.90299948097436,211.27984508680277,215.70550991427837
39,1988-06-25 17:58:57+00:00,203.62482629812766,197.9414966653472,195.5495272733865,188.2064037068082,199.313182439534,208.75126750399505,217.11434006824987,212.26625433696114,203.29453284049484,198.18730903863369,193.74291353608433,187.79309035262577,191.11220150712595,202.04246203988794,205.6016349673659
40,1988-08-12 17:59:02+00:00,202.61644562948473,197.46926259656647,194.16235303448286,191.74338132546126,206.82612173923064,218.157567800361,225.0809114750523,220.5863351268403,204.38903430944708,198.23895837699428,196.5698397681254,199.20318616956285,203.28868830836618,210.58346746454936,214.65546394780006
41,1988-08-28 17:59:07+00:00,188.3289494290945,190.85303138943812,193.67816880941606,180.54953891116733,197.06770650103175,210.07440374657057,216.5636978555453,211.44044071404664,196.86835555908127,193.21352228663017,191.17708612429055,184.41464168548453,191.23479632225286,201.8911173351599,206.2122818425106
42,1988-09-13 17:59:04+00:00,181.7548702984267,185.1400553690599,187.21913389720487,172.43305187837552,196.8092560695301,209.54181926197217,213.86093774483317,210.04949864972406,201.54017313833592,199.6958098911382,197.47222968065978,191.1140358681015,190.7007276648263,205.1118973658081,211.4308044685834
43,1988-10-15 17:58:53+00:00,184.32830287865502,181.6959082507243,184.36553942446034,180.25566809600684,197.87689557717778,213.01511246460674,215.3173865685658,215.25046787798755,197.71459749609696,189.01043368160506,186.9595615755157,181.27602816331117,181.21292970652496,200.89820702824866,209.34801131505162
44,1989-01-19 17:58:19+00:00,199.12803650110644,200.44614332724268,199.63795246830574,193.06826807997476,201.60705357173254,213.46018428161324,209.423803392735,208.36507007242875,203.55154431969888,195.46332794996118,190.84428364141112,189.9132643732949,192.44635643106022,195.16342509182843,193.23109154303
45,1989-05-11 17:57:19+00:00,217.14689369628434,208.97024552049209,204.6261319558954,198.90784930387548,207.77212055381435,217.5943517025146,225.22773750551445,223.9009176646657,217.98323681069692,211.8240766240259,214.29671806005757,208.9067582292492,205.814822171287,208.7617765892814,212.11357523403956
46,1989-05-27 17:56:40+00:00,221.84793145622172,217.93763547388613,211.93126657824214,206.64272707753221,207.37892158396875,221.05763216956322,220.33918949792707,212.8527019037744,212.56978090006328,212.92144932706202,217.05417645383318,212.17595652709093,211.55067036967537,211.94958575173334,212.8179556100553
47,1989-06-12 17:56:42+00:00,209.81646735296425,214.55488445745442,208.73139707531953,202.23185417839127,214.6115904992289,223.57232946485055,231.44969895509638,227.9883069885268,218.7445618816152,208.88972559631242,214.58405224453907,206.22850236398267,202.84693322040744,207.61603198837236,213.5405860116949
48,1989-06-28 17:56:27+00:00,199.11843509444122,196.21963059741304,195.86351558998132,189.67674644626146,200.98039860429964,220.23692498714223,233.3000606405226,222.85790994831632,206.7984171196029,202.14954964756677,202.44231938974065,196.52148587790583,185.4435459895942,197.73777323763358,213.01950506926542
49,1989-07-14 17:55:43+00:00,196.73885424116548,186.6461674102428,187.6432642627829,184.14350800820796,207.13454470148238,215.97750865673876,224.97210789639084,220.13766709370486,208.1237456409583,197.63911427083588,197.16191598166074,190.09951676480483,190.67506443204496,203.76332242135078,219.26581708496184
50,1989-08-31 17:54:41+00:00,187.086434851643,180.32805894141524,190.6739415519387,185.60432341350804,202.76450769808693,212.79343836727642,225.966567304295,222.28872345478015,203.40019032902666,198.98383809111652,193.1081184119709,186.77449047777964,181.43422385744606,199.5017793371063,205.50874016883114
51,1989-10-18 17:53:41+00:00,185.19479657605078,189.10646928073297,191.4562037337436,190.3103632719811,203.4611391874477,222.01857150958585,228.57057401783993,226.35495152294584,203.4054259467498,197.5356617772117,192.62092463581308,186.035112314817,187.73747735587563,203.37321200124512,214.9020365248013
52,1989-11-03 17:53:01+00:00,192.14061596521321,180.98885010442382,190.64845959703098,180.32593067382925,197.8854635671909,214.46227773050893,224.520629327405,220.12045327128504,203.310323229837,199.84761223878877,195.19959121051932,191.03718120216718,190.400354462062,201.94030819261272,200.9710093835401
53,1989-11-19 17:52:44+00:00,187.69771924960315,190.02894045310845,187.9755192130478,189.27084279844343,206.4530210711586,222.2234734861206,226.5957611052531,227.7584486176985,206.20611788424992,197.10813926803513,194.34604516161295,192.84056645174547,195.60012304057864,204.08011123540263,216.05162586004514
54,1990-01-22 17:50:35+00:00,199.82109053624356,203.28158444226307,195.3928314743509,191.09910340753925,206.48433125175205,218.7543494927204,216.79378746056457,204.7484658839914,207.73237745353163,199.65670044133338,194.26583269911112,195.98276206094815,198.6900745513285,198.80328215290507,200.18896660000468
55,1990-02-23 17:49:34+00:00,192.96624373023656,200.4098049649574,195.6386279869606,192.08685351702968,203.82706849584883,210.73696474663112,210.38125157888425,203.42789693102958,202.18830232099882,193.60343948350044,190.63817674279363,194.76118733273472,194.14372138586737,200.43192870072286,196.7958662926681
56,1990-06-15 17:48:52+00:00,216.8482052022353,212.8421276296845,217.65122645730037,218.25710200615833,219.91187727574004,231.99494627198612,233.54087683281602,229.81458394347817,217.83134457768546,219.90362695495946,219.48069480745602,210.45086954536401,208.68578860717002,215.85174609509116,220.51980667629127
57,1990-09-03 17:48:33+00:00,198.36438761926536,196.65753819593215,198.81335194253535,194.1843188808001,210.4458098619871,217.7766271801344,226.31482810504622,228.92503036856777,203.05024190401772,197.5379591099425,197.47734083978148,202.4414511855195,201.25880089240712,210.71517259408654,207.57997499836083
58,1990-10-05 17:47:53+00:00,172.17812207182703,173.48978620897236,180.48739564532826,175.21225181954372,192.52242071687238,206.79398404424214,217.36015672975026,211.7319376930975,192.41603218493503,179.25815473910748,174.75736661840733,167.41404276185975,179.36058649391236,190.8453157919114,193.74648045603863
59,1990-10-21 17:47:52+00:00,183.85966918892507,188.64319372580624,199.4992220649832,193.09239463675596,211.7790460934247,226.6316489861578,226.26268457184844,219.88511726340295,203.44652541722257,203.81232141838066,198.4186159983205,188.24368162486627,193.2943038798715,200.7767140412973,205.21857817873382
60,1991-03-30 17:50:19+00:00,193.74249145466706,196.2334450443782,192.8959705345805,176.53275806813383,200.842300185738,203.70386639718208,203.4756430019827,186.92932079337967,194.80197547013623,194.38403670976956,195.1595928393951,189.83403832640354,185.9272911918021,196.4105453524279,189.03846866654192
61,1991-04-15 17:50:40+00:00,193.72759934550663,201.88426446060333,194.260046412357,187.8462030515604,194.23392700468224,198.3392753558818,197.07144303843054,183.71047850281144,187.37405446161912,178.45835593093108,183.08527227757696,190.46413815508436,189.80722526406498,192.23690324078274,187.20700328194613
62,1991-05-17 17:50:46+00:00,203.42604974890327,206.86691022900138,203.95528129634386,195.11147012898658,203.63049665785513,202.78491974358178,209.26893019658962,204.46267629342728,206.2935465199746,201.78262655228718,196.9818106965113,197.03984320063205,202.57699303164577,203.91414656044208,204.77291195617317
63,1991-06-02 17:51:27+00:00,196.28102458235225,202.29213620848392,,,,,,,,,,,,,
64,1991-08-05 17:51:50+00:00,,,,,200.9699348087588,221.18193603116418,229.18687317531862,225.13499579871745,209.47987925812492,195.6268351230733,200.15567502816384,197.20886330766717,196.84452980761642,210.0973961727783,216.78937528705785
65,1991-09-22 17:52:17+00:00,,,,,203.66691120311486,219.76773030394415,225.91694742518618,219.79279966289067,199.28441534102018,182.7306878292968,192.77788887121588,192.80537623111462,195.50789709793906,199.22694920922385,209.9683773918726
66,1991-10-24 17:52:49+00:00,165.10095874731252,168.3109874502484,184.7960411603224,180.42449528831128,202.85428312001554,210.83648238826834,220.43965816480815,219.21889127238543,197.49543764434014,185.90166631574266,185.46104007387441,169.83522956336412,174.84318575860854,187.89956911812072,192.9972955347958
67,1991-11-25 17:53:01+00:00,183.99261942752884,181.2324200519907,182.74302157339906,173.20901012172322,196.82341019100892,209.6444151999213,205.98260529001317,198.94553295869346,181.12573057219112,179.49288571502007,179.18601743138373,185.15235540244848,190.93618810279497,194.36693133912834,187.75025744095308
68,1991-12-11 17:53:12+00:00,,173.02779688978748,,,187.36653201647442,195.58886826246862,188.5891215712016,180.12520969328705,170.7843320458461,164.69135411679642,160.2071036259008,159.03630093092715,157.07269829018458,156.15775495570819,161.18287128560507
69,1991-12-27 17:52:40+00:00,208.0641346019196,212.21811637286157,206.82177626576515,195.61411770717336,212.720750920324,221.68721444551392,216.60497371130734,213.5564751985268,210.93365400664257,196.9257978362775,201.15315012154775,206.32768657756353,208.11540008181177,203.11760307966097,198.57317234032053
70,1992-01-12 17:52:35+00:00,195.74385702894892,199.9209837210251,196.0433921895691,190.95106257809627,208.9077761830821,219.20888231654493,212.40490061701163,198.3451892156151,199.63087014637853,194.06324685133134,190.68031300774538,191.06114248984596,196.21658803767394,201.69222877898275,201.09579930590405
71,1992-02-13 17:52:25+00:00,,,,,,,,,,,,,,,
72,1992-03-16 17:52:31+00:00,179.01967473426743,178.2018626770813,176.77375900998544,170.2476127190931,192.363049062022,198.70680968580422,196.0295283208995,186.11132604607124,192.9870611911466,182.72757749638438,179.75693174730048,175.5849008753128,191.53163391497253,198.60198030588197,192.80198604860504
73,1992-07-06 17:51:26+00:00,208.2462078538533,207.45394861123964,203.19993230417498,197.82821993299578,208.32500109214305,219.6195865248829,229.59741385758934,222.62485718571207,200.70417878452392,195.55235749278057,192.4256246211271,200.52179469534497,200.6893867147923,206.10359708286734,214.94368841743614
74,1992-08-23 17:50:45+00:00,191.08043897872886,193.887717980162,195.30648481547453,191.79723583497662,207.24797964156582,225.53516332450937,232.68505852329275,223.53326251406097,203.97048684019012,195.34065264019952,192.9645469388459,197.21555306210905,195.23172097346045,203.79953168800944,206.34644961590897
75,1992-09-24 17:50:14+00:00,182.43662321899052,183.23515865820178,186.31805419493753,187.8370961412805,209.48048467854946,216.05563073311072,225.7328481229465,219.0796346355695,203.184146567121,195.12516534039634,190.48048255408054,182.15743765205426,193.68423845001786,202.33425859207182,205.39120270893858
76,1992-11-11 17:49:46+00:00,189.72388536924572,192.10569045737827,192.3014524110189,188.97300784787544,203.23992213903705,220.85808669151749,218.969161258685,208.86419387450695,193.32026132898602,181.15273096913575,183.782228485475,187.59065517052326,194.3795363681,204.16782800021306,194.18380951265732
77,1992-11-27 17:49:48+00:00,177.7077819296092,183.394885265411,178.22091741206108,168.15608414406432,196.15322841452132,218.13084211382062,215.21713833585594,201.29807229365235,181.81997741306142,178.19311343377893,178.82718284303684,182.0341789754142,183.43037658795777,195.37439366385723,187.18319148124402
78,1992-12-13 17:49:37+00:00,184.1292321655617,181.61515440049692,177.58735325034235,188.38586156766667,200.85083458028237,218.95008305573654,210.8235483418564,205.67150342536462,200.36706978425767,192.36260024395028,186.75450815615926,170.63618908488934,180.40046818325553,182.73000565953595,179.22445578041692
79,1993-01-30 17:50:31+00:00,187.2394621579964,191.4781766392505,186.4819093532584,180.37417471656062,198.2267689543158,204.51419236455067,194.01014464464004,191.63398639757884,196.19935226620333,184.07943626581203,190.28363047639476,189.05930018627603,185.72659207846203,188.7646284737017,186.486947015889
80,1993-03-19 17:50:30+00:00,199.30059312536716,202.35504416877086,196.4512756112024,187.7232967455995,193.94199045086376,210.24403164098487,211.2754346542232,201.9849798358518,201.65277423657946,195.19246424403926,199.59137384582476,195.6584794072141,198.55462111860265,206.72486298603917,201.08512127837554
81,1993-04-04 17:50:34+00:00,190.57262172685674,188.83484863886372,181.8038198514688,173.7624859694036,187.51151927339214,202.11110469295267,202.27680987687108,184.11690142561366,186.0720146984033,181.19708537237983,181.32477631851202,182.7935540447142,188.58602558992044,195.299453621952,191.3441546223774
82,1993-04-20 17:51:07+00:00,194.88165471730457,201.93825070328552,196.4254874520313,192.36477379045823,200.15415797053888,206.78779582502395,201.05266025069736,194.23637865127733,196.15717453023979,189.21721375644964,193.0701885036754,195.4939080079663,196.10601225028216,204.19120583238754,204.2883325379015
83,1993-06-07 17:50:52+00:00,195.1242978742933,200.7756547252208,192.314106289265,184.5466041962634,197.54477542163937,204.8644358648817,210.73216849802589,198.62812585302265,198.73121822110608,190.11833892968838,186.16621358328035,183.71650195759747,195.45642726011482,201.39016628874236,198.16138318139906
84,1993-06-23 17:50:48+00:00,192.44862613738002,199.49116803069023,192.2974844086891,192.91086782310313,206.76791626006627,213.76986058747488,218.6947665430028,208.66398082697162,198.11903675682083,194.93679113666786,189.17591313780952,186.24666686738675,194.4805862692843,200.58123237120876,195.41982781605304
85,1993-08-26 17:51:06+00:00,180.8692401612542,183.766697767856,184.93001386997997,179.25567219171006,197.60341893789186,209.0932467430098,221.38489325019833,219.2561235402564,197.13510439677654,187.50158504517793,184.64368934469394,174.45199630009446,179.92017744508775,193.977709190126,205.5555082594229
86,1993-09-27 17:50:36+00:00,179.89946817759784,182.66040857774527,185.2581720136659,189.16212704592715,201.9180623134681,221.5586351857535,240.5471309787883,230.4058031134876,216.13151727281917,205.83122354288002,200.7311249823985,187.24085257765284,191.95742073855774,211.0829591499114,217.11579479069007
87,1993-10-29 17:50:26+00:00,170.931102991837,173.73015376238175,189.81142000323098,181.45066266340183,200.8171964796614,215.68873688218798,224.31579260032737,219.03874819520237,199.66588610814244,194.61003492546763,187.79594943860448,174.50319365917989,184.32942487236164,196.4406427326869,205.3025301386278
88,1993-11-14 17:50:41+00:00,185.70149484634203,169.36696112214884,183.1004728487472,173.13614311283334,189.43046563001263,199.2047327613735,212.92845777318615,197.12162821740492,175.60620634807003,167.60762069411982,168.11616143596933,138.88244982822494,162.04804267589353,172.98558019474416,163.27292812870525
89,1993-11-30 17:50:37+00:00,170.12097747575189,154.9405278402868,169.30363602726146,163.4351251970785,190.897281614476,206.81363229774956,209.5011888833086,205.82937844124217,182.64831047433444,173.02962469793192,177.70510314120315,166.13167246443805,176.1609161397848,179.96943767830973,186.65960432697574
90,1993-12-16 17:50:31+00:00,168.93008470435925,165.10852557705624,175.6301194043615,176.81497572547173,190.41979074639755,203.00485055998234,201.77149589642502,186.99870878205485,196.90539054494187,182.7715269975737,181.86584200947738,166.6859233599477,171.06212766632865,180.35445459448067,173.69669560889386
91,1994-01-01 17:49:55+00:00,,,,,194.62497527791746,210.3117456432548,206.20134362648378,189.728994699498,186.71543789695926,187.85711131126436,179.08345080598878,173.74406382504338,175.38504849921236,181.45089517383104,181.1304051105248
92,1994-02-18 17:49:18+00:00,191.39948479118146,195.74010989541074,187.87030962700717,183.34482923556266,203.73613094042867,212.77843267095543,206.54151221484935,197.61449236501002,205.11393166028253,192.28787216884098,192.2085913712637,177.14937552913867,189.8630916266701,195.93544504235007,193.55281582739025
93,1994-03-22 17:48:50+00:00,205.20535332852444,205.620714943849,202.85620342245682,196.95077040900514,207.20759430400813,213.3942043005431,218.99371099275433,203.67412770163907,201.43381858420332,194.60205240523496,194.16457726664447,197.7976913224866,207.19641975895968,215.84354262766573,211.25401763489316
94,1994-04-23 17:48:15+00:00,190.89492248434556,192.86868965764893,185.66212499079546,184.47659516317094,198.12699157503954,203.43704231470525,210.29482234216914,200.45478200409113,196.9856039419298,189.44186074042685,184.7644522558905,187.7500296750184,191.10682770193858,200.54172347960474,200.7136877403306
95,1994-06-26 17:46:59+00:00,191.24751443343737,195.9319266222671,198.96961907925032,182.7343474590162,211.58496322519204,214.7673586150429,229.98837711395362,218.11210320586605,204.5228252164851,191.0318834321119,194.95433648009418,191.06512784934617,190.09590395594765,199.86472004491907,202.24645953804395
96,1994-08-13 17:45:41+00:00,193.1324526102777,190.53722195936837,203.78122032748598,192.75866134148697,202.5205493539599,223.17821716357307,229.8954553235237,221.7313648133288,208.19334068251254,197.0840732382762,201.27389336475147,193.01623486872649,200.83840107482536,208.63313088597846,202.52918361676177
97,1994-08-29 17:45:41+00:00,190.038797209408,191.2741167010658,197.1372524146389,195.6778772657474,217.47764063132487,223.2714417409596,234.2671992657029,228.08015891399185,209.22087043267416,201.45658212112284,197.98704427699937,189.7691641835691,198.5063880681954,205.2834018880476,205.81555416035508
98,1994-09-14 17:45:17+00:00,208.0796883891856,210.84572999448994,208.52982262828996,203.03722005597757,219.4948704983325,228.3836926965024,232.5132832735439,221.5975149402084,204.48551323299185,201.28231520927147,199.40358961073997,198.09222047642214,200.14110576727512,211.3095239783773,210.2166370860318
99,1994-09-30 17:44:26+00:00,202.59208545174715,209.60329777530941,204.80179699965473,210.82645636858211,215.17515499065107,225.3774997300351,230.72222855612515,224.95640862561726,206.0447210584976,199.854846084154,195.46894205454552,195.1143363997704,203.5434629166187,209.07747031149518,206.48982292494716
100,1994-10-16 17:44:20+00:00,194.80085558297105,201.1660372162675,197.67942775989337,187.94759654117018,212.32992245783134,221.06263324556036,231.85564667432482,212.9655761409408,201.27012320403324,200.03444703260544,195.3319184765843,187.8500074002443,190.34523809585144,196.8904388394079,195.8779356439248
101,1994-11-01 17:43:23+00:00,193.38355222981295,200.0933995613015,199.8152376083238,193.48716827311253,210.75540022905773,221.53507801945483,232.05369870940368,221.33181968665306,205.22712234500176,197.36734395490302,198.0931213388858,192.47201374315506,198.7044448237458,197.54716748200696,197.74038034658167
102,1994-11-17 17:43:14+00:00,191.06365157762153,190.84520576075585,190.1257373892313,188.9123658108316,199.88769877538408,205.93638484629616,204.35451702752613,206.3023074656382,198.06970063884458,190.13627018740613,183.19695288623194,172.26597947524746,181.63849471770806,183.6054274083038,183.02600683653287
103,1994-12-19 17:42:13+00:00,177.07820148094055,179.53015580084116,178.66567996352717,166.76627347824075,193.68870023768062,195.67346107119843,194.88087568982968,179.92623255901947,176.35931482686158,174.846476000343,177.0010640908485,172.12032934072076,181.383040351567,180.85432902039028,181.82493153343347
104,1995-01-20 17:40:42+00:00,,185.33741744564833,176.75392101923353,178.63360445545453,189.96737417474216,194.40280623715586,198.188931933378,190.84195514955852,202.6612711925225,196.86694968951326,192.50239742624854,189.05030143488239,194.37322808478348,185.10364556348918,187.50259072895793
105,1995-02-05 17:40:04+00:00,205.28439528096882,202.05946309522852,191.81213394804954,188.66451014383443,203.61944209613995,205.7627208979161,207.65622337240197,198.64016974637818,198.61735722595458,191.0722368571485,192.24492702679464,195.31163920604138,199.4953306065956,208.79874232977346,206.55895268859365
106,1995-03-25 17:38:07+00:00,214.26488624408188,207.58359562431434,205.72284027934552,196.86780348928795,207.4229825980142,217.6098323473696,219.71152332174196,209.98650901583517,211.87304682693772,206.6785148810581,207.15443871236863,209.10376547935977,220.66534200251823,223.7197832972892,221.639292792753
107,1995-05-12 17:36:03+00:00,194.3630581262941,197.96861560042564,185.9707734160487,188.21273890984327,194.90090038701226,205.0580022573958,207.66274185577686,205.77474255406236,199.32050456277966,189.20950363779752,188.4193625668628,185.21080886275112,203.78518531896174,209.46760950607995,205.08536480114844
108,1995-09-01 17:30:56+00:00,,,,199.18298086358703,205.2143166027805,216.64916553171724,227.5469847964846,222.7695546532882,210.0476018008154,197.6433049064547,191.3759185741804,192.0887834933178,196.8505774869013,204.7573326335803,206.7673551363407
109,1995-10-19 17:28:51+00:00,189.7523164963407,192.1093986419463,186.48286459762443,184.19500967704641,204.0050347389735,217.07498291501688,225.99750357773104,214.72120735135138,200.36643747617236,188.62837352364684,194.79453490384563,187.39810504612495,183.92244775494464,197.21895584834112,209.99284543195586
110,1995-11-04 17:27:51+00:00,195.22436046981355,199.18907732804195,193.38866758539302,189.91650038445817,206.0210377731436,218.0693609681606,228.09752485679212,219.72469853577988,201.7715746352429,197.76304008816828,191.07763925616445,186.34223219186205,193.21081302769554,203.6662912542576,210.757544971885
111,1995-11-27 17:34:21+00:00,192.37262420300777,196.63163272358162,194.21621055711037,190.50165698211268,206.60795602677064,216.3601961809979,218.87120132518203,217.82252994245115,206.74578040399183,192.04860704913523,191.52408763586658,182.2834487498679,195.55335001846035,201.90510892612036,204.07054965052896
112,1995-12-06 17:28:44+00:00,177.86357255871332,177.16712629509612,183.79989100263663,175.62054758315296,196.4327688340586,205.25946987733067,210.46806889606188,,,193.75173958054938,179.2435755694923,165.3598572540998,176.77409112601833,178.494717629596,183.53650504808766
113,1995-12-22 17:29:56+00:00,177.00704084467287,170.71510911180877,180.15645219882225,174.9700804578593,186.9479397921864,199.08726678296944,190.18659165471243,188.29018172031283,192.6113232250398,187.5227227536642,184.4918414371403,168.9991952075582,180.31300853867307,184.96566088151778,180.8307011809399
114,1996-02-24 17:34:48+00:00,207.8536182535683,203.1600676530008,195.68765417675834,187.88651683381835,196.61257980928235,211.76495665972993,208.0841892600904,201.8665832319485,201.04836387969644,197.58087316406574,202.51525416338364,205.20684717573266,213.71421801361927,210.59182459210012,204.48096977014927
115,1996-03-02 17:41:03+00:00,200.07323980766793,200.77059574843932,187.3200772271433,183.12507830058314,199.05502902959142,203.88371279176636,198.65010391279327,201.96444992892117,202.08971615479092,187.46398673229533,198.33108055099825,199.82721118022044,206.29371129094102,202.21183515757184,203.6502103490103
116,1996-03-11 17:35:28+00:00,205.57329701332256,206.71249097172037,200.46682070503843,192.48135232962107,202.9783458325119,215.71956955398946,217.86988885210488,207.86610467397713,213.8345528169771,206.8644049304187,200.99432224668578,206.18028067958926,208.43034718935715,215.74041387473068,210.39221253609605
117,1996-03-27 17:36:53+00:00,214.3705055388205,212.60752330641338,205.4934448553858,195.0483817876654,204.4280034430372,212.8421577515398,217.36182769685178,202.08636840163769,209.518139181251,201.80572160466875,201.25529021270776,203.0804270628771,207.89273375762122,222.55961503277706,216.01483695270215
118,1996-04-03 17:43:06+00:00,,,,,,194.0628702162965,190.3933328907826,194.10290258001947,191.86874226972873,181.25129116060202,183.93667408696214,185.34800862060428,193.5738383080937,193.2956928041014,193.64723428348697
119,1996-04-12 17:37:53+00:00,211.98067792237006,211.32270477653043,210.02721465752282,197.1766103535004,208.5775329308801,211.84304559750822,215.84939496523592,206.8962667308716,211.2267610931169,204.3011403438539,204.3227701644376,202.36589129004943,209.367285396872,211.24320303695458,214.67177671310486
120,1996-04-19 17:44:05+00:00,,,,,,,,197.25142941171333,200.06438132259657,190.9319602726667,190.3441716316277,187.3224402585138,193.76593359745925,198.56436645916727,189.13762575371234
121,1996-05-21 17:45:57+00:00,196.60273367884173,192.96424970261444,188.6384338450615,192.60859873130408,200.86606045162864,211.3924294242462,212.99160857220107,207.68781992565044,203.83693527570526,201.28783473267342,191.39333350477142,189.29434598488538,191.51113824472355,194.40048126294909,200.59275493119515
122,1996-06-22 17:47:43+00:00,197.20791645235147,211.41212425280975,202.5564841559485,201.82503631938474,206.87982377425902,219.27631876787763,225.17082937643528,215.6521066945673,211.8157111483428,210.16550721482957,202.87590601098407,204.42086770970946,201.2679431268148,203.39284912623373,215.09576546649663
123,1996-07-01 17:42:00+00:00,192.00217589467564,188.14131565958888,187.15661286135077,182.4633169134045,186.07858569331083,201.3028885204912,205.5441866072559,206.1014471723625,193.8577107443344,183.49198942855756,180.44492794654462,181.5097949683327,185.71204672751122,191.11122009979266,195.8073326929456
124,1996-07-24 17:49:24+00:00,193.65402985211762,185.17440485855002,182.9181847534307,173.23904260960956,193.48394187740138,208.3926749066008,224.4222360814548,223.35273531977248,212.7173793689386,195.07378287375022,191.8422713681364,175.96591764642176,186.36689996830322,194.74031267613907,203.28945147309884
125,1996-08-25 17:51:05+00:00,190.5226766862379,181.76828107562812,185.4982207796437,181.92842743762196,195.8456965352427,215.41464132731357,229.96682768948864,225.98106366032886,209.0573307643714,195.89687249830868,193.36067945692736,185.1275743752537,182.9614226711983,193.03712610668464,202.9136968553101
126,1996-09-10 17:51:59+00:00,189.8750432565836,183.78320128123102,181.07276384117523,183.3858679411398,206.77966164343565,221.15463974868106,231.41271301951122,227.73102716889713,213.68949235353816,200.21195092740405,193.95675456734938,185.3407115189551,178.5681918815797,192.14417970937194,214.57990767596692
127,1996-09-19 17:46:41+00:00,190.27114186367027,191.96510173376146,188.23271813748073,188.33786864236336,204.02615233072208,210.96075811460608,222.2263950062801,212.3271997047807,199.01824077228986,192.39224506226503,195.31507759533963,192.47039304247085,186.58098442575945,195.72499904815237,207.12420945105953
128,1996-10-12 17:53:41+00:00,187.53217259479555,175.73315724034552,176.42985423669654,183.22518575308868,195.17248301338446,206.36980325013354,230.1219679470358,225.8071954849769,207.13386165585933,195.72813628553627,194.17496182599993,186.18234162123426,183.92204111743325,195.2231802147659,202.85370098616448
129,1996-10-21 17:47:57+00:00,198.1512648746911,189.55413925291518,195.40339557374963,198.40103904983943,214.52975926463384,232.28201827931832,233.79123716339922,224.29216994723038,214.12940430292417,202.34432941343115,210.009930960261,206.73794349022367,194.20697245610546,211.28629010175044,220.1832310122743
130,1996-11-06 17:48:44+00:00,196.0602662929287,193.92875085446633,196.53470484529925,194.57585493599746,210.6071009601315,216.68540660685227,223.39747379040014,227.9292302078353,209.49665967020238,205.85510503516872,200.16449028207631,193.23687763104638,193.37649096192803,202.5871715127033,205.92895192195886
131,1996-11-22 17:49:28+00:00,190.12944227029124,185.58232815472815,184.23115284514859,175.72079845204087,196.9250057700599,212.3603339116887,208.14181126604842,192.21809176678028,188.9413573148156,183.162427998643,183.0077469230325,174.92012227965725,180.28799080380557,180.65735685668852,186.76153300506658
132,1996-11-29 17:56:00+00:00,197.97182847337135,199.00230095768035,195.26305475848906,195.42949925298717,207.0340000848604,214.32276520897702,220.98633819876795,209.21118768583392,201.9061235776861,198.93210994050492,192.03715133560326,190.05377605930622,188.48067847782835,194.53894539221977,198.31672398068088
133,1996-12-08 17:50:14+00:00,194.24943360985804,196.81328719640987,197.0838718938214,193.05354717734292,202.3248541865059,220.59898789651749,220.58692521453438,206.85592284473722,204.92189600580195,197.6737788967614,197.34253479458351,189.49850622121266,190.5583096850272,187.50233128912944,185.10905467983224
134,1996-12-15 17:56:45+00:00,194.38748287241194,206.52895651119303,209.5535209554293,201.96221399836247,211.91387291552724,223.76635781940365,215.88137080198828,203.7690671345154,202.67912859457016,199.42573827532038,203.29948553062616,196.53034297026687,195.06937936824693,200.77580306045752,203.99871207522523
135,1997-01-09 17:51:45+00:00,187.94394663063105,183.78024660646827,183.0487673779338,178.65583981828325,201.03797574363034,209.98823951115574,203.902432244335,196.8131122822531,197.74133311854948,192.93409745026935,193.17845664023326,182.28031829526475,180.54643377445555,186.16766866136737,186.63894202962126
136,1997-01-16 17:58:15+00:00,212.33342185698058,212.87104434297464,205.21460534473007,191.93102443248603,213.4809661622456,224.17526958001008,215.43501556937872,206.1403231785918,209.92714268820905,209.5122588877008,209.93538861613257,206.69680007549925,209.9474312646554,211.36203722508526,207.38307957150693
137,1997-02-01 17:58:59+00:00,,,,186.29334228355822,200.05639829744123,209.1952987483263,205.26454013460068,202.17997334249966,207.12205918956556,199.68066604665373,195.9834801737165,191.90667131604886,197.48003781652426,198.1883776243398,196.3141595345113
138,1997-02-17 17:59:40+00:00,,,,189.65571329095425,202.32834697780854,,,,,197.16722022063465,195.80740696344822,207.56876129530184,206.82692819508082,202.21607989297974,198.43610452360718
139,1997-02-26 17:54:15+00:00,189.8865818989449,190.66869891288758,183.80157512984746,172.9654847268504,186.42042114248713,193.1975322691895,185.97497769955208,187.8230584412958,194.9825516980602,179.8885660567937,182.92620635150786,182.48661130887257,189.38004778993707,188.06087238803357,189.63620739451224
140,1997-03-05 18:00:19+00:00,206.84545289809856,213.8161433648399,201.1790220904644,193.44785327340998,197.49737162920528,217.25390097178973,209.3013647955337,207.0628351199794,208.56794485729847,206.31362381501847,205.11834260839606,208.2829881329771,210.81226987639369,208.46192041720616,201.56572313141038
141,1997-04-06 18:01:31+00:00,187.60754111990929,186.09652904240357,185.8904673898124,176.79955397143112,189.82075850731684,195.00748286537635,196.43067820793948,190.06324230409655,187.53818321892015,177.62906909124274,180.35770989766124,183.17923119386296,195.47581536271997,196.69292376831146,200.1920431281443
142,1997-04-15 17:55:39+00:00,207.83261504625824,204.86285766219945,198.5836881982498,190.51024098571781,204.75434329000052,211.92666431600082,220.45432734127178,213.21301527237927,210.76443073289812,202.02500738071092,202.5846501738506,203.0193863344802,206.65820551712773,209.19537117143517,209.1151448815442
143,1997-04-22 18:02:05+00:00,187.51142492143256,185.2041282365976,180.23090928245585,179.70736583222924,189.51385454725857,197.18955035000414,197.8510144663706,185.025585623988,192.35326820871322,182.05244939993372,176.89920284947075,166.18237656317422,175.44792103865606,176.33218778999986,171.071509276168
144,1997-05-01 17:56:13+00:00,207.6715074310291,206.9941254878238,198.91377278983924,192.69023810033423,209.36725511216247,212.70647738457365,215.41319863057367,206.7592910985279,212.68594440907,209.69887920388467,200.7232616883361,207.07242764727067,210.45820331023225,207.81485890714555,198.38096089122416
145,1997-07-04 17:58:50+00:00,198.73923238569134,200.11834915422648,201.0632186518338,191.90941925113603,206.18523292813774,210.29170311270929,214.22374096456335,207.28580129810035,193.2676676794587,195.3173043296848,192.68122931170717,192.78654851599663,191.79404557491705,194.57998126922965,191.29619807742253
146,1997-08-05 17:59:55+00:00,176.12901814148,193.16414654839537,192.87584490720474,188.1581509701424,201.75681796775785,213.20400854685525,215.1715946708075,205.68267550244332,186.50541344678862,176.6183562492219,186.06094928914573,183.32560737043903,176.0692339222706,193.34807589552292,204.1451048920054
147,1997-08-21 18:00:01+00:00,,,,,197.406849965712,209.3141730352334,214.8900438373147,226.91003208593503,198.22824162490593,195.8987703982679,196.00323637314324,186.52233654182072,185.87925389186597,193.47154062563993,203.9655512869083
148,1997-08-28 18:06:24+00:00,188.48322415217518,189.11139062232618,188.733263574412,192.62750349929118,202.29174202934456,215.32398893433668,227.9924963861261,214.87838035160797,199.50605352388837,197.1742231171339,192.08036711961478,184.22582128733305,184.73314399259783,189.41228994540302,204.30408564694008
149,1997-09-13 18:06:52+00:00,194.82399128959463,195.3840807600538,191.12100130618444,195.13032022789724,204.9815860534304,219.83303207309964,222.7678999718454,214.6024452486826,200.48506625266538,192.3454143083584,198.93910024058192,189.99581666724438,190.19780431165384,191.32239599124233,193.53714097801952
150,1997-10-08 18:01:24+00:00,183.08349882958896,180.40296839635266,187.65429389150864,189.16147305914015,198.32378277469013,210.4478526032652,211.88034533551357,203.18975358052228,196.5951923265062,194.095289937866,189.13423577185443,180.8481443186763,177.80631568478643,189.1807385324365,191.3776636131778
151,1997-10-15 18:07:45+00:00,184.80382980087685,188.34474952861524,195.58729705861003,198.21061578322613,213.9894164985384,218.34146407787668,223.54160121955204,209.15923399192437,208.96984365576697,200.7804476581922,197.1034272794886,189.65006379671019,185.81024263366004,193.1477567380081,192.33826520451066
152,1997-10-24 18:01:50+00:00,180.2688431191948,187.78116950380198,182.74674557658358,169.38972193280222,201.09256811599815,211.72960917566363,217.87609106491294,205.42433216283723,198.7129127977399,193.34737953608442,186.80557923666623,170.38226742730575,179.80617072458432,182.36823889761504,185.30797752383046
153,1997-10-31 18:08:12+00:00,184.2514762164002,187.41211512155212,190.573396110148,188.89948123390715,202.60392909013171,220.72929471351634,221.12122473606144,209.34572003265455,207.60757766878226,202.05071085725746,197.46247589076467,182.95293269384075,186.61297794159174,195.28192528316384,198.16085839948238
154,1997-12-11 18:03:01+00:00,197.85100017253285,192.8047589572804,187.99840058723228,199.58696138231278,212.64326517423592,221.96475115201991,214.77002575160387,205.50702349601022,207.51281495307757,205.81940831357224,206.35255185761093,194.56216117915807,198.10539449553679,199.0220738235974,200.81717416163985
155,1997-12-27 18:03:47+00:00,198.69772143581486,196.246845310631,194.60655432814775,189.04707613040347,197.44708240757063,202.22117895225654,201.47620849818153,191.85520905646962,189.8915495557893,193.9418542923762,193.4906517448011,185.929946139778,188.8363248777091,186.85786194824024,191.33214180440578
156,1998-01-12 18:03:45+00:00,184.26393619868793,189.9829120765019,,,196.3252678045484,196.98297390356436,199.70186486355902,189.081112006622,193.99048109167592,186.57617441184323,183.34146518178085,171.87151554451304,174.4594417190355,183.98090468504233,
157,1998-01-19 18:10:04+00:00,194.0409172992829,195.0616486373775,185.06663034743647,181.55822779024567,193.8321020976167,202.14598971484406,194.96237176702925,187.56919870293737,193.2280067064242,194.72816653339265,179.6791757943093,184.81679289462386,187.32257944320054,185.89693251140437,183.56497270200884
158,1998-01-28 18:04:06+00:00,176.15563183636078,168.8835799072191,183.54221439564566,172.30317829553292,180.42450490713063,191.62903849445541,191.68665272519928,188.05364316105184,196.45529655265534,194.17971178740657,183.2727540220455,171.1396759570796,178.1145814255288,184.4482772279834,189.00458308577888
159,1998-02-04 18:10:26+00:00,177.35457284656613,183.47853947663967,175.65242912686506,170.44194543804144,177.42732045714098,188.3222412892896,191.39154814338167,197.1476690461078,200.64718162009189,195.66023716615882,185.7208913972476,168.69069890042528,181.0900558230593,188.1319728787001,185.18448404551134
160,1998-02-13 18:04:26+00:00,167.03410734071042,161.72735882052316,179.84840296326942,176.50468811177342,180.50819964714418,187.817175820143,191.36560865876402,184.02922034459556,190.04878241364952,187.7401079960443,182.5258330489656,178.35083527208252,180.59189055683277,183.99090749594217,186.42686589055444
161,1998-03-01 18:04:42+00:00,192.96088555722523,190.74824395758463,189.90927878292328,183.81529330253863,191.06713870168898,203.30441973494942,200.9244070320834,197.74820407521264,201.80377603837863,193.36499196420317,194.59473615966306,193.84895196025815,191.13037509456436,197.22360176376532,191.26269305397216
162,1998-03-08 18:11:00+00:00,205.99546182430583,203.19209198813905,193.08288384950288,185.92444083117732,198.97262509343676,206.98838514028523,206.71741536599734,198.2625610387808,205.57187383455746,201.84807888503383,200.6540185152294,201.70362084381844,201.22854479614853,204.23142586316175,199.9466318626246
163,1998-03-24 18:11:14+00:00,196.082242991037,194.28073895769126,183.89240117333532,177.7025316956614,184.37047255571252,199.26147228081277,200.53242844660713,191.20958295672335,200.659786523532,194.57480694602373,191.4440363375361,195.696128628257,207.4516629516163,207.75454964528745,204.1920865839504
164,1998-04-09 18:11:25+00:00,201.01822743059248,198.77198377267575,189.44219667220995,186.6118611209797,195.88890068244672,202.65231081373366,206.15047550942234,195.8745280022904,201.84889707374236,194.43762563976168,191.79392684257004,195.3626595969707,200.2589597307631,204.60321303983346,204.2740129682066
165,1998-04-18 18:05:21+00:00,216.50790021127673,215.54383588260478,196.664051118438,200.99492050178463,212.69913655024538,215.680199457684,221.57962472000202,210.8444425710726,212.74154128577672,213.29134591575155,212.64105918288902,219.26624967806896,220.15983468192823,225.31914204470382,216.78166830717947
166,1998-05-11 18:11:53+00:00,186.87313521632785,183.33139605870244,175.49573130405753,170.35677501037947,173.79820772594076,200.9568715044461,197.5096296890839,189.09159234562344,183.41872908032994,174.06741122363167,181.5160093959046,183.05380824411674,185.92522463866248,188.91491978216277,194.30579985752698
167,1998-05-20 18:05:50+00:00,209.09001863062662,207.21481713600627,196.70297535640205,187.31044170197302,205.16934803242782,213.6364191579617,219.85261015294503,208.41182799653603,211.59192982054986,206.30933991931172,201.63899821843813,201.2194083774766,207.3545411651221,216.4091864394711,215.23583081487584
168,1998-06-05 18:06:30+00:00,193.90959665006568,201.05329043819017,195.26136438095108,181.44225154177155,196.16452528290571,202.3878261544907,215.24700775409377,212.83747437988,203.4099270995102,198.40251798871176,196.84303137795274,189.07607836705824,193.49306730993783,202.59044589704746,216.13445506371897
169,1998-07-07 18:06:54+00:00,185.96215770291388,178.67359039642395,185.64934527998355,179.64054156720837,197.20262804541932,208.98292964398502,219.00847463470842,208.61776952626548,199.55936872432736,196.77072621872958,185.17051022805225,191.6107243015128,200.07668770861224,204.44840965555647,206.99612600496212
170,1998-08-08 18:06:43+00:00,180.6335266257259,171.1549241528743,182.4000924812229,176.11625681598989,179.57757999668536,203.04248065111355,218.90086015738922,220.928011397044,208.63507197121623,198.10190979287822,196.97038753211018,189.26735439136672,179.03289637759474,199.69938956872062,215.6265088833373
171,1998-08-31 18:13:10+00:00,,,,,,,,,,,,,,,
172,1998-09-25 18:07:09+00:00,176.58677779032155,171.18897128787717,180.35776510278694,179.18638177733203,188.37054305035423,197.12999914295798,212.65104894821155,221.30776290145764,206.29109478489983,206.30354077478478,186.2869277046512,184.5366633240227,189.3234535027089,208.6499940289077,209.42418869135898
173,1998-10-11 18:07:09+00:00,188.2123757802719,176.9845257363384,188.80174722112773,185.69929242601663,195.18857398459843,208.74308480408186,220.35734401650188,215.62072062940416,198.50446896472994,195.8446118629646,191.5964746157611,193.40024605493662,190.2328079138794,200.56356523905583,212.90365681732538
174,1998-10-18 18:13:20+00:00,191.95521179996385,185.63210186258243,194.60132549223033,192.4562510458989,196.99234380117122,215.9915341991653,228.71494861250386,211.074206553269,205.0603218800357,200.90641064517135,190.60537039533585,195.48940226870826,192.62896511638849,207.068224169129,220.6472787069314
175,1998-10-27 18:07:36+00:00,192.93872089129763,176.79285386954203,184.30461533449812,179.2783561242241,194.26087519237166,205.5998516837488,216.15889919923475,216.7314550474585,203.61510464973702,198.74165037148813,190.86532366557094,184.86564262527162,191.6251815348711,201.52196571656842,207.4758389225745
176,1998-11-03 18:13:24+00:00,,,181.60123326259404,182.29513306370254,196.40009176856785,206.25932685500564,205.12327026561536,212.99966867188544,210.62219444900643,206.30638678673898,194.4003182739207,188.69936741981388,198.58621428711086,208.0968052146557,207.43852638635994
177,1998-11-12 18:07:20+00:00,202.67377919200987,214.05607918565124,202.50816213679832,197.31476824653635,216.09170752035175,227.68905370117614,228.73832763898656,218.65925231615432,208.72146881153682,206.46345800228073,205.29572935563442,207.74339000393178,205.5832291933997,214.598089363389,218.42065791530945
178,1998-12-05 18:13:27+00:00,,,,,,,,,,,,168.88108799403892,187.24166527905697,186.59007578404118,182.028708137761
179,1998-12-14 18:07:15+00:00,202.0582575693074,207.19733074076265,203.35013148389356,193.73050489381495,205.1822887214992,215.52392502930775,209.86182407228688,200.88130467971106,204.44514123387654,197.7084352139997,191.94040576376585,194.08439254599267,204.0757895954742,205.7947180104768,199.72575719565856
180,1999-01-15 18:07:18+00:00,191.22102607565836,189.69834380581966,184.03042701233926,166.8030353910305,192.45343765152822,200.90123169234153,206.42625822888166,184.86729388023474,194.14544116089542,191.70650682647891,181.5114277781641,186.69760635560647,193.22961232217176,192.17534657259324,197.44185449891916
181,1999-03-20 18:07:15+00:00,194.30052069414137,195.33617415037054,187.98637496949556,182.2680181176099,194.56945493191526,217.51618306657394,204.97637451022786,197.63937019896653,201.06199360070386,195.43577866294225,192.47489998716333,194.61752095873442,199.70686293698776,202.16624372620387,199.36039912348988
182,1999-05-07 18:06:57+00:00,221.72382384807293,214.53544691051002,211.38648616811128,198.70596313376674,206.16634497497768,209.42854984061506,217.1042683447816,210.50117703469522,212.60010370990344,209.83574751119988,204.49298668737754,205.29815336959604,203.59154020374197,205.6418079935694,201.71829656491738
183,1999-06-08 18:06:18+00:00,206.52349492920482,204.1053961459875,194.56405681835895,192.59173617509254,202.40982191707758,219.38153058889068,221.2665401852617,210.8235278462895,210.25443544490588,203.32673247159926,211.43533053711792,202.32270709096656,195.19296244085513,201.42751818487386,206.86507898224517
184,1999-07-18 18:21:07+00:00,199.73368938328917,193.66074498382648,195.01220035852938,191.81856013458645,206.1056202949028,218.45217789240576,234.1071430077444,224.00740731116736,209.8294340856323,204.21497029953142,202.5466233991449,195.0238168709347,191.8727223868791,208.5049906835687,216.4925329794622
185,1999-08-03 18:21:14+00:00,202.84141735253604,204.30539051469103,194.31022987066365,192.41259251811584,209.57192753355406,218.21397555340542,230.16462429754347,221.15975066707307,214.34937095044137,204.44076261390762,198.68413441536927,202.19729948223636,199.2294059663359,205.42163439262794,211.5242819735717
186,1999-08-27 18:05:40+00:00,,,,,194.44988467839158,222.68806751068885,219.37111557352586,213.80339111428918,201.06274602579973,194.10586393312065,189.7403102696554,190.01760060329502,193.56120349584978,193.17544615370338,187.45229686358465
187,1999-09-12 18:05:08+00:00,192.49563433657295,199.62868608363289,194.01323559735397,188.30643458153443,197.55050483027412,201.39220488795786,208.70615156490834,207.11900431568262,192.93306459614456,196.3443079616757,195.77959481108365,186.2801297534043,188.05690741259593,194.47622451768595,205.49951226693383
188,1999-09-20 18:21:14+00:00,197.13034249891084,196.70154640869458,187.89984815613485,190.29682719333573,205.23790791462312,217.06362272260668,225.27933602408038,218.2351718877594,205.45828719519056,197.03865818098078,190.9642339267961,195.8286840061535,202.7429269509476,205.6091180120403,211.1260448334197
189,1999-10-06 18:21:22+00:00,203.93911179327867,194.21410623987134,192.11873358469626,194.08161951852637,206.42417482450242,220.34512091812158,228.41510713002168,223.2485248596069,208.5289837336603,203.43576250261233,199.4896852890939,196.46757068349308,190.71587716284122,204.5346946448566,213.7466114075395
190,1999-10-14 18:05:21+00:00,177.6355905086547,172.2679908055839,175.78922522124293,169.4470273269402,179.4281182714759,202.8437332583532,221.10898169119758,211.3665140688508,195.1332252939523,182.07549428627476,185.77542225530033,183.03699111976647,179.55001500490064,188.3418638429055,193.7705219330466
191,1999-10-22 18:21:34+00:00,184.79781000513614,183.90129564757632,182.53437405350616,181.68651236291592,197.35252845367697,210.0058479657298,220.92241530011677,220.4164021197863,202.69160191854513,189.95186519698592,191.6908047621497,184.54672585133034,178.70048779119463,190.0549012638665,204.83318575876365
192,1999-10-30 18:04:36+00:00,192.63263921836977,191.85628793434955,192.1138821910065,193.27365060725066,202.37804118649862,223.64457895539232,233.07485383824974,222.66015310428855,213.2390310453032,209.92592523675472,196.72911252589273,187.52217218849006,191.87364917720285,195.19893407516423,219.5577950672163
193,1999-11-15 18:03:59+00:00,192.26719508440533,183.81627965205448,186.19642172169267,188.82595555283487,205.83549951530188,219.92378413150288,220.66966834411198,215.07441066229333,204.72707109866727,198.04469490033537,193.95987919601794,195.2748023370668,188.355776176936,198.71523323527077,198.18028353176925
194,1999-11-23 18:21:05+00:00,186.8601418171025,179.35780643716006,184.0843027488902,192.0784344977081,204.72970230684797,221.08152814835375,220.7653518290167,213.36314268189545,203.05408900190554,200.33723893474166,198.91635386242905,185.37858042356646,186.41773983298646,191.3962604543426,189.63264793188984
195,1999-12-09 18:21:15+00:00,,181.00406169295098,178.40865532933566,173.35292274466394,194.66946197730422,206.4782286597112,202.41958457811754,186.80995791855497,188.89824483924275,186.052748011029,180.40856623722675,171.96865962252042,166.965714782774,173.5561551999577,179.28351591819882
196,1999-12-17 18:03:27+00:00,212.85978051363017,216.56305685032362,211.45775941112885,206.09247365765995,215.40146922945672,224.34663015075694,221.52058533400904,212.7416615321008,212.09304892579954,211.70745886546302,208.08177504396753,203.9823701909646,200.53177759039926,199.9254935890561,197.89145906580742
197,2000-01-02 18:03:25+00:00,203.2081128959577,203.6056433617863,198.0890437911695,192.9286693566801,203.56224895358946,216.04439963117122,216.19112303350684,204.2734086314446,206.56520553858292,200.98532437977894,194.68478564822823,187.36973848951158,190.9185328982121,190.4025772433741,190.92357549333337
198,2000-01-10 18:21:10+00:00,192.0906130464067,201.592337122971,192.1288553927164,188.85315501305433,202.07432056573634,210.4921364776332,210.69207484604746,204.8061781557297,201.99611070735799,197.4197040237221,193.0193716700186,178.93827934475644,183.0312499040433,184.37422320083994,189.49973359970667
199,2000-01-26 18:21:08+00:00,211.96093387111785,209.6275754198407,201.8327333107294,198.265626237606,203.51555308949838,214.24836291456683,215.04036570862087,201.05998697097658,201.96143298471242,203.28240093664044,195.7171289083668,198.30634898257642,192.27723233658503,198.79040145986747,199.22697689143362
200,2000-02-03 18:02:58+00:00,193.25179685389733,193.21244084635623,188.9088401023036,186.15359017191398,194.39095188237968,200.0125265569411,206.39307787506763,181.08267068539706,188.98793477451784,194.02191929244486,183.32246036652987,192.80290798747308,193.0046329358516,192.57357360306804,185.83588009457284
201,2000-02-19 18:02:26+00:00,170.61162798557118,177.09857422670024,177.462855218913,173.82162801929104,186.0020178072524,197.88899276020342,191.08100708195354,181.34579876852086,187.47846421181563,184.15260882331492,179.4465411550769,171.75178672622235,175.8389111279956,176.79714367811272,180.8351746918095
202,2000-03-30 18:20:51+00:00,211.21852572547004,205.27617077308693,193.19688997196914,185.74364376865077,198.4686919654412,207.69958201938505,210.15568860686218,203.86861944340458,208.91869062472045,205.20157211834342,202.9274454742217,201.3999269070205,206.70533350853015,204.89915780670466,207.24932673059968
203,2000-04-15 18:20:37+00:00,199.13340013650426,200.16310406482313,190.67221841248244,184.05479827311436,198.1876345994917,206.45303655570154,204.0717430436702,195.2583033999467,205.08985625373816,201.88656811143795,193.6190942878684,194.6528023499722,199.68844929607212,204.59416312355512,211.82290316648897
204,2000-05-01 18:20:36+00:00,199.46389041074673,192.10111666254727,189.83540357139273,185.66828287486135,198.9506277246946,203.54217423761386,205.91973205254973,194.4884996796295,199.34614402373614,192.31575251815977,193.53274318457582,195.53712185676028,199.23496909329543,199.15581558513753,191.73933213584752
205,2000-05-09 18:04:00+00:00,215.95125675589787,212.2473674838089,206.7171803302825,198.1996141744956,205.08059680177172,214.50755091109653,217.79023901332525,212.397520786308,213.03839828011968,211.33639850284135,207.23782755046983,207.37627381063754,206.7336551570627,207.77562589684854,218.91347128701938
206,2000-05-17 18:20:25+00:00,185.77013287021464,189.1937418252636,186.34682227164876,181.04085812515763,186.07698645474548,197.76833249580073,198.7588811967942,192.20696216124276,196.84624206518032,188.84313338238837,189.8396217400781,178.73034182113395,186.5422094332497,187.8254316236599,193.90528799384455
207,2000-06-02 18:20:13+00:00,184.812035916124,186.0428986027025,180.50065304870625,179.22424132903421,191.3870146002253,204.3678545481967,204.0710292863503,191.41441198811464,190.02271003319035,186.27323294538303,182.32593161597453,178.7279017341562,192.7386615975692,201.53080197851767,209.61050010220916
208,2000-06-26 18:05:22+00:00,201.46221085233324,198.86585978951103,196.1312899654351,187.65128581049248,199.79612243600423,207.92384508192868,216.45779741077857,209.29225833982798,197.61123048138634,195.777974000953,192.56177265929495,205.3459407469102,208.60713660453575,218.9871195074008,222.5200084669487
209,2000-07-04 18:19:56+00:00,193.1583380049203,192.0858619699839,188.3758168892748,186.5722223635095,199.31827804343283,207.8090196194843,212.8919896626332,204.94812322631242,198.09418051613568,196.7616775228737,195.99718817701753,195.28425065817544,195.522784233964,205.60035761539976,210.2216235914956
210,2000-07-20 18:19:42+00:00,191.2083433660291,198.00847961520512,185.60385957395664,186.33276947208185,196.48393143081222,208.45777098140627,208.14301506425699,208.6193445287728,201.27591864480848,192.5223477845833,194.44628585114583,194.48222708706885,193.28190908185525,194.86632943689955,201.83461442288268
211,2000-08-05 18:19:50+00:00,197.4695590148632,193.71681718946866,187.8195255462512,183.29326280019353,203.26709994281703,208.61798472440663,224.1393162198299,217.22016300828562,200.93867035228217,198.09155019023405,198.05688159473613,195.3235679474696,189.9171812624884,208.43574442686656,214.18019885873105
212,2000-08-21 18:19:20+00:00,191.89433557767074,189.47239915949024,187.66966078415348,183.90550487133368,199.3067632498565,211.5904935867841,214.7578907078195,212.56543644800757,206.14145107619163,189.53741610541223,202.04510491443403,186.41342396932544,184.12233819971902,200.46428080677555,213.68797084686383
213,2000-09-06 18:19:05+00:00,195.2149743664421,193.12577495140374,190.19150043508782,190.8213551756293,204.6603720568957,217.60082489510341,225.83563274687268,220.24239965935064,204.6198160655872,203.26159683472667,200.74711541937234,195.02953033658576,198.62197411752004,209.88123553800688,212.9174834493991
214,2000-09-14 18:06:57+00:00,,,,,188.4604367937102,199.62381039303312,207.59380812975866,207.18629445545406,189.6996039049875,180.81239508014914,187.36615906719612,187.75087447415154,183.26860680086043,195.00444313822453,200.27896554359137
215,2000-10-24 18:18:35+00:00,197.40264453140244,196.97001736152635,195.69619914045873,199.2953956958508,210.36298631372972,223.53871179320416,228.1889263420648,217.40705080334033,203.28523337496682,203.1175255591927,202.43593807112393,203.14951402100056,204.92735948974155,209.4110221006918,210.02051700967667
216,2000-11-01 18:07:06+00:00,191.15825475703815,189.75928577651348,187.2900938084167,182.725641008792,199.65999602200395,210.24770929419276,203.64026054156366,210.8170133279122,212.58386087916884,201.77930495451068,198.4063014803425,188.02853988504438,193.02917662291514,191.10309403723284,193.6857350685392
217,2000-11-09 18:19:02+00:00,194.55619167939486,190.12434184255068,191.12747932611757,187.04584885395565,199.7629873454872,208.54648626492988,210.65197408081465,205.17084292830896,197.5569676967857,194.17851571972804,188.3612299987454,187.18767128413987,193.0749005348937,198.90832084337484,195.33539376491944
218,2000-11-17 18:07:22+00:00,204.56702495277472,204.76907194478173,201.16277879419746,194.88901226320058,210.58810377389975,216.32480369225928,215.85041121890947,214.57097241740775,207.75352494948908,192.20729818888339,206.8231903827184,197.98025054074637,199.98656093452712,199.39194643411815,201.0765226885881
219,2000-11-25 18:18:40+00:00,183.6729638792047,180.60349857440056,189.85574619883533,182.26717432565985,202.19117464750877,208.72682623946304,210.41836345889135,194.64563514015387,197.39388936225617,194.22528426469518,191.19129356388868,182.82678847173042,188.63592652117205,191.40954677195344,184.0962653383466
220,2000-12-19 18:07:54+00:00,212.9568223600406,215.58438784759738,210.3327681790968,213.87659357403692,219.49198122376384,229.07525954043567,220.72155727131036,215.42954545571865,210.7987620443597,213.94523694903057,210.21853163418163,210.29471021081423,207.05627999275407,206.04178561684324,211.90125207616882
221,2000-12-27 18:18:46+00:00,184.15626270099426,183.83313587138062,178.32975642586155,173.76856868610346,191.34304303389956,205.1199315899753,199.70599943250392,195.0286491764404,198.62232924552077,187.2913684846638,186.6069036161096,176.08513288261804,176.8641442275324,181.91090971745587,186.26844594616455
222,2001-01-04 18:08:00+00:00,215.6619446589524,208.4972800642356,201.5256698630797,198.41613024151906,213.87489216756944,222.9805678719901,213.7369540640495,206.84484038187202,211.4932648923054,207.59859490876133,201.39315913657154,199.45252857671187,210.42989721218962,211.61353235078272,208.03988159894948
223,2001-01-20 18:08:13+00:00,198.5988733285032,195.2018593662316,185.2392191319527,181.93020140743982,198.100211148519,212.58923564037772,208.53493607835605,201.36228608976484,206.0679319440563,202.04722726806676,202.06820567759718,195.05779865103415,199.07501534959684,196.08877923957877,196.0054292512197
224,2001-01-28 18:18:50+00:00,180.31716382010018,185.52575825980367,181.58062124499767,177.8515891642005,,186.29095560790574,,,,,,,170.2173452738617,193.48020487496717,168.38610387699356
225,2001-02-05 18:08:20+00:00,191.35744568209043,189.26426872129008,184.78068691080438,175.53529233721287,186.1489073690603,198.10013679482148,202.33601942981522,194.54828911537044,204.21430815377212,200.51639228777663,195.72697647934615,186.93455287652307,191.72075319877922,188.6251563156536,191.02053756837324
226,2001-02-21 18:08:48+00:00,183.19408777338344,177.99223397226547,177.79258093654977,172.79515626452348,179.2185390916896,191.9629402957337,186.81203201659343,198.45574297588172,198.30171684721026,187.918274037309,191.49900742692392,180.45472960077893,183.72350208836605,188.86356270467948,183.84025690129715
227,2001-03-01 18:18:39+00:00,202.79986230015703,198.72417096564197,189.48721977046858,187.3647013230525,195.44451198683993,206.39753732677713,203.0651179663036,198.0442526895871,200.34585508433696,195.78814816703598,196.70836845401584,192.68417675682545,196.79403956220153,199.24944782791235,201.50600369958119
228,2001-03-17 18:18:58+00:00,219.39617815034984,209.43173501504987,193.49462289746575,188.60713126177407,202.2435973516686,213.23988745809356,213.8674634742984,208.79296422697874,206.11266591798181,210.3487093002501,215.39214486334646,207.69529207680574,209.40761002098455,215.92677220279984,204.8545681499867
229,2001-04-02 18:18:48+00:00,216.32447997166713,201.12605851660533,202.16650429581046,196.434255846969,202.10132786223457,211.6043058100697,213.02399884975975,216.06210319780564,212.79003995114374,218.03322954829434,216.85991692826678,206.32551370610042,204.50043567831943,215.4786463936265,216.30733321254718
230,2001-04-10 18:08:13+00:00,198.24934492634566,190.79156861656668,186.90141118846958,186.00664062423314,191.68414306776464,200.8706475549684,204.08805510286405,195.9503217938717,198.43144448839436,194.0725908475176,191.28266373092998,187.03448433201783,187.8707045277098,194.7263641731559,197.1710645159017
231,2001-04-17 18:14:29+00:00,,208.84081537708505,200.8923438601817,191.82710075029053,201.86053278570358,210.89254282033886,208.28422458688704,213.41601536700057,210.33137137228758,203.50922771952193,216.95884962160264,211.13983170450834,216.8769568185378,213.62158007987983,213.88665510474988
232,2001-05-04 18:18:23+00:00,205.74090500953548,197.52655127689633,196.9624131851986,189.14502211322474,199.9470021699959,207.06767716412648,209.0884693320201,199.92444236088875,203.0642664774806,202.61942698880063,198.2944741368703,198.1550823740875,198.41351935002797,206.6906921116044,208.46021412915306
233,2001-06-29 18:08:40+00:00,199.4104684974132,191.4615616145311,189.46761667254202,191.22488438454167,199.26814898592363,211.71255282631301,216.65687257669845,208.45042586640332,209.27128343588322,197.75172067142216,205.95274081748101,198.34874289829037,198.61819113702063,209.71163745256135,219.4400727217846
234,2001-07-31 18:09:03+00:00,174.7688204110701,192.91875008413444,184.8755384506162,183.22778874425188,194.1744476182302,208.82130723591658,213.97423087407526,211.6423133098947,192.0248063120997,191.36026494180493,196.51370208492676,187.70624444669596,191.47834597891475,196.89843000010612,208.78330381442265
235,2001-08-24 18:17:06+00:00,188.2070474036291,184.1934926930707,184.14283910199498,182.5913718828392,203.95473520931077,209.0346484921989,217.30986653660298,213.82467990585036,203.7940804172528,202.75225096137478,191.59023138508672,190.9753881586721,197.17570606898641,202.58265641415497,204.16517239409063
236,2001-09-17 18:08:47+00:00,177.39855450324893,162.78009291249634,181.58985203788885,170.7000469801788,186.45348094256883,196.10560278890262,203.17615132619554,189.41281347892385,176.54126529718707,170.86659958110025,179.5220441171307,185.1111218038834,189.4223480649016,194.86815693747428,194.58619417525864
237,2001-09-25 18:16:46+00:00,,,,,201.09369815897008,209.21877695653478,229.30505978930663,217.98407940720116,203.16787784734603,204.62348779606612,197.42576520608176,189.1379515006132,191.02184658254896,207.77652082764916,209.2756718150181
238,2001-11-20 18:08:13+00:00,,134.50703491397056,157.45963181866472,,178.97059354467945,192.50737817196602,190.62176338694843,181.42718870321113,179.0169477064759,165.42817647640567,173.59180420403703,,157.59170456398635,164.19284346092624,171.93369899651074
239,2001-12-06 18:07:48+00:00,182.90063970499688,181.6050814440078,178.678092843373,185.67429962436418,194.4723887430751,210.95090017119628,204.8076903376542,,,,,,,,
240,2001-12-22 18:08:07+00:00,191.7455645204373,191.83754394792572,179.9375976982292,169.38627570009294,193.91138377720932,194.7966455985485,202.2209371652786,187.5791000214998,192.75937660254348,196.6646115544284,189.73712787826975,189.15567319742428,187.1414713472589,181.36758509886613,178.85587212156463
241,2002-01-07 18:07:45+00:00,167.2557294548463,181.16230362780396,179.12066456387106,166.90078826711397,193.66806566001026,204.98222625764276,196.40925370485525,184.73523683569363,195.8666554676896,187.29241963881577,194.16378470037256,184.99453571680885,178.5855560053916,176.94386490783268,178.36446100405988
242,2002-01-23 18:07:17+00:00,209.20906871986935,210.27918112003118,199.21760303484143,195.12666405950847,207.01646456351205,214.7377155778667,208.6174480114493,203.38793271251745,211.35141028566326,205.73306395886667,206.46190499638143,206.57584462321245,204.15120452842237,210.95690411404635,204.74931118876324
243,2002-01-31 18:17:08+00:00,197.3677354991034,188.62936746163066,186.80614029178895,180.73960182842296,197.59089088057962,199.3292227106286,201.0380326723353,187.31012008821804,188.9841596825185,195.22404494362232,182.38073036061215,175.5674838933029,184.08973750214713,183.28796040720485,186.8037327993655
244,2002-02-08 18:06:59+00:00,199.6105105600288,191.59005913052206,192.94934730855306,189.56565176612037,197.7059849893796,207.02296791637934,202.17374982285628,200.58562162632364,203.52062386121546,199.92888133600957,196.98972463342247,193.07470679730608,199.41537953823317,198.6498360476183,190.00117934428437
245,2002-02-24 18:07:02+00:00,195.03638207255761,194.3011545605139,189.84708737864565,176.1052290617589,191.99968182832959,198.38899236458425,195.26952015073857,187.45197753483575,190.37397818660784,185.93419136102776,190.04671585980515,192.7910852713042,196.49002085932528,196.82159644758286,191.50202840273482
246,2002-03-04 18:17:39+00:00,205.35171763312047,205.61587985761662,198.45244557666848,189.66569856321928,204.0411862997144,208.3299050151906,215.66321146236683,208.17404248423233,205.32335481540073,203.55915248433607,202.15939169158906,202.9387283061136,207.2659419948409,212.1602421928229,209.95326940168172
247,2002-03-20 18:17:05+00:00,217.96183155818088,216.2316302424625,206.53095128583493,201.82319870546218,206.48736273574406,216.50547265373697,217.79101574475072,213.80555296930743,211.5153332705732,212.7866922797399,213.49945205808092,212.39939475016834,207.69421783312725,210.73065994948382,207.94886100174472
248,2002-04-21 18:17:29+00:00,217.6207754261493,219.6034122050214,210.7971036709854,203.81858981904492,208.0204437920975,215.5279227804897,217.6121590847079,209.68941091046997,215.04910816475643,216.27393963313907,215.97487698987078,208.71582530976377,206.25305172725368,210.52286073820252,201.61093539244754
249,2002-05-23 18:17:24+00:00,208.66467539569402,206.98084343628727,201.12953450217395,199.65779925610477,205.21000418558003,211.1124740954474,216.63822776287134,209.52266008807692,204.50668787295916,204.08230448990804,202.2593178702843,199.45555829247294,204.68000660073952,205.36409649331446,200.21666629772517
250,2002-06-16 18:04:29+00:00,206.47606910389248,201.24899791004867,197.91056976710382,192.24513342757032,201.9941272035138,210.00296969745904,212.823444013903,209.95687864165671,207.2274386970644,208.15538683646554,195.92909812792715,203.98985051259217,203.82940173064137,210.20899822283658,206.41879330830415
251,2002-06-24 18:16:46+00:00,189.94365901829303,191.59346211565304,198.16254671531317,192.67378222234248,202.36402499265074,210.3788580937349,213.7089752232253,198.36251639710278,198.49143622058182,196.94978655179395,199.112457574423,196.6008568864186,189.2249021493469,189.0925566208479,194.6585873473348
252,2002-07-26 18:16:34+00:00,187.6171553612546,188.1753332269912,186.78994511981915,185.2596685495514,195.5967676661264,204.7409281258733,208.63134469700304,202.67779366099563,201.192759920558,190.33224531011712,189.20027138244401,178.15525597069325,182.28194545174875,185.69377136250176,192.734952023738
253,2002-08-11 18:16:30+00:00,192.92715738600486,186.7608571867495,186.4466861187666,181.46263861918533,202.20464988198054,209.93033470472733,216.35911718671184,207.36644650506918,191.29801513495357,192.26945450309535,183.26530785145707,184.39457730133077,183.68753414989624,192.78293544235893,194.39200467699214
254,2002-09-04 18:02:26+00:00,173.67163465963154,167.80911803325,184.50491904059382,177.02521463401257,196.36335693599432,209.8606974497839,216.0573705195091,,,,,,,,
255,2002-10-06 18:01:35+00:00,181.11453738054038,180.2220322275637,184.95669118865214,188.6541593510865,192.00750846932903,211.4028609491462,224.58356539776162,218.40136252166323,206.10404364044823,208.3402581626339,205.58844669798611,190.3098067872836,188.74657944986632,194.7933247918873,202.88561638068268
256,2002-11-15 18:16:18+00:00,199.47662359630775,197.28128235686665,202.32701578934018,201.3609147869603,209.70825417232936,217.55611619567685,208.84120428778434,208.63736067980562,204.9837066207438,202.9762859107277,197.60804629213504,191.7117091194835,187.79294562230837,192.2873921491598,190.08374565341586
257,2002-12-01 18:16:35+00:00,200.50747302656129,200.88769445944206,194.35520539100594,189.55415911400058,204.07680659865161,208.42776720780898,209.67173538042056,203.26373999663997,203.89539589228082,203.36703449969048,195.62549406910153,188.6319433399973,188.2413701442918,191.80666682791633,193.04200827827663
258,2002-12-25 18:00:14+00:00,187.46537536838355,186.5454369384348,192.92664221785196,189.28690500957433,197.2459609438227,202.3478002807671,202.3768128922626,195.98104049821623,203.54831383333914,200.25153866976328,195.33719776589373,190.81409518145094,184.7617087622566,186.4407343390573,192.85066457567967
259,2003-01-02 18:17:04+00:00,182.842246992016,174.86808438924353,183.82130464662177,177.4543811278649,185.68442533422615,194.8634385471484,197.4856244577904,190.3778581998189,191.9213802543245,190.91635606506213,186.60348860896312,180.21980146077152,185.30471822832817,187.65369531357126,189.3632806914484
260,2003-01-17 18:06:56+00:00,,,,,,,,,,,,,,,
261,2003-01-18 18:17:11+00:00,189.4810375004238,184.6828424331605,187.1123541215856,179.85369072065805,187.07107853888203,199.55006421748817,196.21135088572797,195.47338010544212,199.59179182047413,194.58458177206228,190.6391308375542,181.82437932587536,183.85460323196577,185.47357400493217,200.93858413479808
262,2003-01-26 18:00:56+00:00,213.2530511879512,200.22259676709172,191.37323417839247,180.28862244773296,198.82884620278756,213.68521977487202,208.20372787261894,210.36666362670434,214.67472934793426,210.02622608365914,205.3929329403914,197.46133221737216,200.34363883800143,201.4551994178927,193.8789574533565
263,2003-02-02 18:07:17+00:00,,,,,,,,187.79292009493378,185.53010153158922,172.9061709280449,180.19849768639682,174.6707317813109,177.8658540205724,186.64024307908488,186.3259208418449
264,2003-02-03 18:17:19+00:00,185.93190209617137,184.6427553377242,185.86002515582942,173.70799414437067,185.34424549623657,188.48172460660382,195.3742726623275,188.02875712924634,193.56915161853823,198.1195377972631,191.26886253624724,182.82513544845295,186.19728789214656,189.42699728099285,184.5452952986921
265,2003-02-18 18:07:38+00:00,,,152.04113100289734,,,,,,,,,,,,171.91955106863236
266,2003-02-19 18:17:00+00:00,191.76822300003204,182.47147306735386,183.94825585561324,173.90827157635712,184.50098309089805,191.57319567326851,192.7464791479034,190.51864791697778,201.3703399027862,190.47875879480495,180.3172234429738,170.10384371670781,178.88620689962084,187.13282833953156,190.2500984965572
267,2003-03-06 18:08:06+00:00,191.55459636178404,191.28996365852194,184.1105983177778,178.32165911231266,192.79935016970842,197.71296852906448,202.3382513134799,189.30934624485735,198.38530505428983,187.0811272496189,189.9723102384507,192.95472737641276,194.622953395732,191.9719819676496,187.68839764740898
268,2003-03-07 18:17:28+00:00,196.87113066715682,197.70683695758714,192.20466036079148,184.00095861229494,200.97273483072004,204.50647241489924,204.93297614862246,194.94675733822422,201.70747964480827,201.8678278503638,194.5325818443864,199.7637165514404,201.45560288641383,196.6443952473171,197.52221640967468
269,2003-03-22 18:08:26+00:00,203.83670996824546,196.51935474864055,182.75087682767298,178.28046407664783,187.23785318729244,201.16375771893115,202.5928256190734,199.31588125081768,201.98408963394562,201.90560441425006,197.8980839038708,195.76395735494432,195.65311090531037,196.31541101027952,192.44393378872172
270,2003-03-31 18:02:31+00:00,203.3162215201755,196.45555725761503,195.44619280679967,185.12588347638496,188.8024426040219,198.4836821787224,202.92761215115377,195.54508335859157,198.20145384995084,190.17310384600745,196.17808970375506,190.48557333957936,189.76851825847626,193.11299136055277,184.05505811765846
271,2003-04-07 18:08:54+00:00,214.3144025965347,212.2909108517661,199.1485847270875,191.56813884255553,203.48855317655838,,,,215.2539130290833,202.93081437731755,201.02253897907508,205.52376918349685,204.44688227076827,205.3022800618506,199.20681025644666
272,2003-04-08 18:17:29+00:00,212.25379070255497,210.5848317457884,199.9215337671095,196.90525347393748,206.43387154306356,211.6084190781599,215.97376118920255,208.79284582746905,209.05955866346764,210.3360948114735,218.00886070654786,212.91121374394442,215.87688969272995,213.63314261394694,203.4289352251601
273,2003-04-16 18:02:57+00:00,182.97813459025207,184.37069251847709,179.6960215171646,177.20065779381477,183.14005578585426,189.95472985790116,192.24747283839667,188.15672408369932,194.83979261578588,185.79756619196084,191.55732612739195,183.46468384985644,182.67441676460277,187.095009018874,184.7284709870519
274,2003-04-23 18:09:17+00:00,,,,,,231.1406281415628,214.30326599199014,210.426971520522,221.04918466763309,216.41923300098907,212.92020192963486,209.45241707574286,208.85962497472656,206.80642934824576,202.66862860032518
275,2003-04-24 18:17:04+00:00,218.01432143990706,207.14320431316364,191.53034210339,198.99004229979096,204.5494422982481,208.56546894667267,206.7682133728244,202.60336957938352,214.6569695606396,210.51699096302605,210.3068489455179,203.79810306727347,206.73772367700232,202.98480496502293,197.50447114541723
276,2003-05-09 18:09:37+00:00,,,,,,,,,,,,,,,
277,2003-05-10 18:17:28+00:00,221.5863193720208,207.6139974776765,197.56564664220917,199.9637675305229,205.2362842265217,211.66046202579753,208.08820849493236,203.3230175020978,209.07039448451098,213.08682856581066,210.50695145799313,208.39581742397706,206.43690560877252,203.21828157800724,195.25383503426778
278,2003-07-05 18:04:34+00:00,199.2429930794739,195.36030198270274,191.8671220665576,181.01042964419162,196.81191805403108,203.93995098692528,212.84693033260336,210.3101714216024,200.45021690515588,201.64472342496992,202.4330024818591,194.12712189779236,190.97902433718332,198.6431527945403,201.38986333623689
279,2003-08-06 18:05:09+00:00,180.4780400275169,179.44510724594443,180.76053683666203,166.53134683841705,186.4450331786523,201.20700428366197,207.14596047911323,213.34797821950394,203.90378347201576,199.1069542065616,206.4576102349061,184.5540230553479,186.05279402237983,202.71900583323406,208.67750961280618
280,2003-08-14 18:16:44+00:00,,,,,193.11714762091114,205.5295849788937,207.170700903368,205.25639732306198,199.25710154045242,195.60298125529138,195.39225265599146,183.40727365844964,180.40882797969005,191.69579168801843,194.6635480010155
281,2003-08-22 18:05:26+00:00,,,,,195.36191946513117,207.18106313159385,208.48841821481068,203.50738468488737,199.00710311671182,198.19584614177575,199.01184048915155,186.83542216045154,190.52506568115757,195.0186607493104,200.26684089963084
282,2003-08-29 18:11:44+00:00,,,,,,,,,,,,,,,
283,2003-08-30 18:17:04+00:00,,,,176.77765775058606,194.42324858293063,195.82404550219576,202.70292425089121,193.98657419830946,184.5743723671288,,,,,,
284,2003-09-07 18:05:42+00:00,189.0594671863189,183.41133696000918,185.95115867140544,176.10765638660274,196.589621008221,209.27769946950562,218.8631041191747,209.6766743228939,196.5892513981143,198.2647915650561,193.04139778964336,191.30972054104345,194.49307082161803,193.6721589091133,202.77022597263166
285,2003-09-23 18:05:57+00:00,188.86005376875713,181.91207785293784,182.6332554089596,181.63036230775262,193.12983305171667,204.08929237831927,208.3038525625734,204.88726310864396,199.29299813985,195.87548535136872,186.23519640524205,182.5685972199064,185.08570670786088,186.3983551188251,190.40225030357433
286,2003-10-01 18:16:30+00:00,180.69543842529168,180.38112796251477,183.79426487634987,179.42290679712795,185.34942235091737,,,,,,,,183.72556933163963,190.61121422272316,195.47454647106832
287,2003-10-17 18:16:57+00:00,,,,,198.61631794184532,194.9447647878809,,,,,,,,200.2127755140428,199.6154989242047
288,2003-11-01 18:12:31+00:00,194.83638390368552,191.46296775859406,191.18305826124165,189.0617727660493,202.56365136515498,216.06946802851007,217.1690782270768,208.66938402138965,201.86719147747525,200.1729952801993,198.8460924458659,190.40903996546248,192.25051104186144,198.45944499169224,203.13766848290769
289,2003-11-02 18:16:44+00:00,,,190.78637283174723,190.9967823923937,202.76378174585426,214.19433955668813,219.14596898330262,211.73202756300307,203.49500543231233,202.58941308884204,194.06066387111983,188.2411283830516,194.76023497816368,201.46952291697357,208.86219483459723
290,2003-11-10 18:06:29+00:00,180.9690550046476,176.13517483584963,179.9432289473668,178.37228154087512,189.87673343526637,200.35790880450242,208.1709586720691,200.4894784004076,197.62625025035587,194.50056484102276,193.00975354351903,173.11170451118943,184.35755398043088,185.8063684538697,185.78883322536262
291,2003-11-18 18:16:57+00:00,,,,,,221.43735829041964,225.6885376594372,216.02593327259132,206.27514297777714,207.17743332937943,208.51414051234025,203.75382847477283,202.52338350738788,207.01227195660357,208.2871424957914
292,2003-11-26 18:06:48+00:00,175.09819754603384,177.0373496970716,187.2719750836577,179.9371078640079,189.69204728119976,194.61937010856488,194.93392943686672,190.369193860599,192.68993528010049,184.89177617202148,187.86748723664996,172.23771539314328,174.48980183139906,186.16667657476378,193.08653556215324
293,2003-12-04 18:17:01+00:00,,,,,,,209.04875845305077,195.311044605301,202.71401267910977,201.01339040709453,194.624808396055,186.37128013655206,188.2882773414806,188.1371419346314,187.52779573925642
294,2003-12-28 18:07:04+00:00,189.70576177222216,184.74879785821122,190.25911371844157,192.84438865181096,205.38955121559673,208.38014785301658,202.03614437197717,199.66012216503094,205.8308340550493,199.84868165961083,193.7789450273719,187.2353872647376,186.89039716221723,193.9264373997525,190.17131871889268
295,2004-01-13 18:07:06+00:00,190.02258713564868,182.63927967829557,185.9154796492143,177.90176739205876,194.02712619509765,202.89256294707587,201.14571808474744,193.85709956944874,197.51031617691626,194.89795022489096,192.61721222357363,184.08052150644025,187.36276095792928,191.18020143133492,193.71537724701574
296,2004-01-21 18:17:44+00:00,,170.62906932698587,177.05803339872665,176.5855631948428,177.8648560614224,192.78039294379346,194.32423577614693,187.39676087695798,184.72021829102368,183.61055165729152,189.66783971816628,181.10672876736692,182.84034520408693,188.7250171501442,189.88706347787598
297,2004-01-29 18:07:10+00:00,208.5273857022164,204.4973546153361,196.04703577443473,193.99859139008402,206.65941917500587,212.76423351451461,206.9407887319718,205.87537994967127,209.70865653043086,205.98895852552315,203.94812509447746,205.85905128982478,208.39338428164083,206.1607384038939,201.40814784357153
298,2004-02-05 18:13:22+00:00,,,,,,,,205.72013627579892,203.75638579216394,194.98965028170903,197.933647002484,194.42311168972162,189.89757764450286,193.64454994400677,193.3004352046308
299,2004-02-06 18:17:50+00:00,189.23927866441548,178.8892096534654,182.4051460162845,174.98190143025448,188.6276896041016,195.34603427948323,197.85728191398488,192.3648715285,201.49725874412545,192.4851593660927,183.00798728564496,176.36902558928034,180.15079815390231,,
300,2004-02-14 18:07:14+00:00,211.86413511480526,207.19608675655113,197.5359854484584,191.3249528418263,198.25548403568303,212.9190217063312,210.92786550820875,212.18727527638703,213.78683177837846,212.2383311543385,205.41501002400707,200.85371836826334,201.5804705829816,204.8910278533928,200.73966673252534
301,2004-03-08 18:13:33+00:00,,,,,,197.6525352518906,,,,,,,190.02908527720325,186.63392535448122,185.98475083630967
302,2004-03-09 18:17:33+00:00,196.04357352961497,200.74013415815267,190.9662822702646,189.90491708370982,193.02725619270512,206.10634473023163,202.18511921796107,192.68965787450304,201.7354173803446,187.5548450712875,197.88892662549756,189.08810074700398,195.88908366056143,197.2260750833692,193.921447234581
303,2004-03-25 18:17:36+00:00,,,,175.46418324526115,187.98884836109414,200.0479282025832,199.57294304414182,189.76489139137124,199.70342390597034,190.01504786023816,186.74923124599,184.09640734075597,191.40801687209785,196.45898066968385,194.07351003228317
304,2004-04-02 18:07:37+00:00,192.7010591628237,189.73929188269244,184.3422084575486,177.03552105635464,190.38225545989903,196.6406100756755,197.13537874897744,189.3209029704091,193.54938848189073,189.78983879791792,189.1169587030496,185.3066327149491,186.35344880983564,192.28041968248303,189.59304221367358
305,2004-04-25 18:14:30+00:00,209.43081984590174,202.61301057078396,200.0698632351687,190.93287642816244,200.6801664233949,207.3762008676972,208.63219378684352,206.38108335166635,207.18652207129725,208.15350770239704,212.07641516034863,207.8787435233004,205.76608308135997,201.60515551558018,204.0339554743359
306,2004-04-26 18:17:28+00:00,,,,,,208.25629745250296,215.54694503927317,214.1225635763806,211.1267366286295,216.05543272805457,202.51695858867396,200.74050568332018,201.1743815430341,203.54240583993595,201.08442857938144
307,2004-05-04 18:08:34+00:00,188.2449834241849,180.18059815752022,183.81600080215043,172.42597692755248,179.7081806497318,187.00660686453494,194.3480658332629,200.7153561052499,199.42162423777012,196.75471033889323,190.3706052903579,183.17357108763886,183.80200430957163,189.14951305681421,193.77968805126824
308,2004-05-12 18:17:31+00:00,218.53165545376976,208.4811230226158,200.7634827097043,191.24950669907042,203.74853818641157,212.52022208437322,218.64251547640717,213.11965849219303,215.54266968235544,216.62835297326288,213.7993826656609,205.645057901362,201.1888409391984,207.85374078708384,209.7527610726715
309,2004-05-20 18:09:02+00:00,181.30260875040193,182.89358029435454,173.92218616256886,167.4185476989561,172.9619338014885,194.23903546733453,203.49849719966423,193.99701377510667,194.48924595332272,193.0279620051416,189.98721820719476,177.05353466884225,180.2741309516,185.06489957791695,192.4631819910034
310,2004-06-13 18:17:21+00:00,199.72785469759523,196.84099936966896,189.74784402752766,188.36040440238807,198.7864507465987,207.51731988751473,213.74939928412954,210.29405866455954,205.1419026182482,202.61643776994117,199.0675750887658,192.55100957629534,196.38318152820904,198.3771117378978,203.8865989765107
311,2004-07-15 18:17:42+00:00,197.70254656624655,196.60308312412693,190.1727102948015,188.15051732942845,199.02330860686095,208.56173196997736,216.95994947505852,205.7334779552746,195.59829962443757,195.58517930057224,192.98555152721394,192.96624602322692,193.72207470897058,202.99289736018753,206.57846050136448
312,2004-08-08 18:11:09+00:00,197.94624662342133,198.82350983630727,189.72831480084838,188.47067539862414,199.28175210546442,208.93150215467287,214.1831276113366,215.87650705680784,207.5992096165311,205.1210066817917,208.06519275771467,193.90945182312987,198.1596781968391,202.93128462702697,207.91909923504187
313,2004-08-24 18:11:36+00:00,195.4514885487108,196.64179264798213,191.7814957348299,190.87932955857636,199.22229081589526,212.34179406005813,217.90904203013517,220.3696802759577,204.86344900447727,203.31914445437081,199.12560026259,183.1249848655321,185.2686265591233,209.24200154939433,207.08305747289853
314,2004-09-01 18:17:04+00:00,186.49444222778823,185.10423653297272,186.63706350838686,184.14030288442783,195.0223498603208,205.04685139105237,201.0025574634971,,,,,,,,194.43147485344838
315,2004-09-09 18:12:01+00:00,188.52360578248363,186.57301150700482,188.67946066939209,177.2135845687197,196.11080157785355,206.31326230642398,215.5233093917899,210.72789623319318,200.3488510603956,197.59426343461482,198.74942908319377,184.65980068031587,178.48617754272922,190.1004132635178,200.25633798627524
316,2004-09-16 18:18:23+00:00,,,172.29483780820826,169.67046835524252,182.4180672042097,193.08074101356834,202.27204194658583,196.63551359233753,185.48582115473621,182.19598268362148,185.19799654554703,166.46983669440624,177.93557367960116,183.48057636840295,185.3914457967195
317,2004-10-02 18:18:43+00:00,188.54262074690067,177.7514479819479,178.81118465398362,180.88327719389048,186.92288766859235,200.87832063891227,206.59116732396149,197.26428471337977,196.74312218214786,191.04977696235943,188.8206927540321,174.89277446358085,176.16490309375754,182.00256246398817,188.91650314915424
318,2004-10-11 18:12:44+00:00,183.95388602962922,185.01521265860634,185.06255718256364,186.21249537215482,197.0808240773788,207.02844896614943,212.77536421625132,204.64181511636747,201.85950823840324,194.05531529532794,194.5118491337963,183.3881808099115,184.55637585342294,191.89578645238487,203.03304814311542
319,2004-11-03 18:19:24+00:00,192.60837686357593,186.22844179908836,186.8002611301443,178.82397250240217,192.69835491371265,207.45069644900101,211.67998854755132,205.64310040069748,196.7596895870077,193.5922975666702,192.77800677725617,190.9780898539521,196.51369845333755,194.14017681556095,197.57159675953267
320,2004-11-04 18:17:13+00:00,,,185.50667433173192,183.50040417773198,198.37737821156384,209.33279420987938,209.78658663537368,203.94391903209313,196.5026672320757,189.72540108169522,192.2849182113002,179.9119328561542,185.56107926418815,192.10675818500246,193.3836531259893
321,2004-11-12 18:13:21+00:00,185.04152549597777,180.77647872185264,185.27187291222083,177.6336869400538,196.30643586555072,203.46655449351005,204.20049676678815,193.68960626240226,199.32820662013702,196.2854266692778,187.3096630978732,180.3726514483077,187.29957080029186,191.86707237246532,195.36406145456579
322,2004-11-19 18:19:37+00:00,198.54689115905757,204.8208267011122,195.8797762498545,189.72371920932463,204.21005815256956,217.53753647654494,218.55729900945613,206.55196335046313,197.7914055358933,200.03222263759545,197.8751266027575,200.96505924866995,199.4794941329925,202.0673743835377,200.2861620501737
323,2004-11-20 18:17:43+00:00,,,191.479577146961,188.45213116719088,205.01170912614032,210.5407589616965,215.1889328014921,205.7381117904303,199.25017839796232,202.01930066146696,193.86783245971208,193.37744090824293,196.0513083446843,194.01840604477064,194.82227310805806
324,2004-11-28 18:13:41+00:00,183.12618684722725,184.92647646606426,187.44672458484584,180.77648211769923,194.03761510499584,207.09423201996754,203.31020463988796,202.07024796215646,201.00550049072027,187.72077570644134,199.69774772419203,187.96796550816617,186.72147258375233,187.67532045413128,191.3755958200345
325,2004-12-14 18:14:01+00:00,179.69976203993696,172.52020468907335,173.52934471805827,173.62102714104216,187.43141560815167,199.6881727039572,194.84235283055273,183.99760396054415,187.15831668089706,181.71299184134583,180.43765381545802,169.2652888241106,176.24218706603205,181.27274289397627,186.15039133119507
326,2004-12-21 18:20:19+00:00,,,,,,,,,,,,,,,
327,2005-01-06 18:20:30+00:00,,,,,,,,,,,,,,,
328,2005-01-15 18:14:26+00:00,201.66953295688347,195.73275574657833,196.86234019207433,193.80205142727954,206.75958040720468,215.3923817448242,209.7871764861217,211.9807548516642,211.82359909347187,204.43389194289358,206.5597503140849,204.79039273261895,199.51883140378885,210.92594108383267,206.67426826182168
329,2005-01-31 18:14:38+00:00,201.04085599079562,196.8703195304094,191.75677025319848,192.75455871113786,203.140142386218,213.70792719408502,210.72797442191813,207.53646092333037,206.22864703690354,198.9350489307552,200.22195820591065,198.214230789748,196.66536113879772,202.15621204133967,202.55880371572812
330,2005-02-08 18:18:16+00:00,184.89247781474137,181.93301038822509,186.18412332368308,186.05592943813969,186.36897777758196,200.26799327663474,198.11329163332485,189.94826177151174,196.89281981740328,189.93466299066046,,,,,
331,2005-02-24 18:18:23+00:00,176.12157234109577,169.65117701711608,176.1082463971304,,,,,,,,,,180.9547513983341,187.99293548133633,190.71621590044214
332,2005-03-04 18:15:09+00:00,208.38602463321263,200.0932661610933,187.90731669762528,195.4318615254989,208.38462496733436,215.92766829470378,217.07963059058432,212.2993241850163,212.7338389915076,213.3956442968683,204.79292082486683,194.16929996268618,200.07169951779824,206.36252951288043,
333,2005-03-28 18:18:24+00:00,188.2558695434454,183.3513050643274,178.23012287935262,176.31916169319453,188.40122091467236,190.4956356890413,,,,,,,,,180.60841785811533
334,2005-04-05 18:15:26+00:00,210.04792359419423,200.83338190010164,195.1841612123792,193.45521187923316,201.32735410961587,208.92825021744136,207.89657792533143,201.30642772519943,207.24449052578555,200.05939927881607,197.42817820729,194.40325516956676,203.6859867940549,204.80335590478427,201.47308660640064
335,2005-04-12 18:21:37+00:00,190.45128006129778,191.70395373053762,187.22474819368028,175.13451587017437,,,,,,,,,,,
336,2005-04-13 18:18:18+00:00,201.4564659625139,204.34132337129967,203.07287330000378,189.42305163575224,201.6987592192741,205.11268630229483,207.60937484630307,192.0449519861702,202.34937526966996,201.16434338380827,200.18785161311337,201.26599794398726,,,
337,2005-04-21 18:15:29+00:00,191.79713396481114,193.6661829108092,187.87044327666837,190.34662376640773,200.2201414586679,203.16716153349432,199.8586517188172,193.7099251238424,200.0276429197336,196.70354861349466,192.7147733480402,188.71940183500837,193.67928272125928,193.76748553845178,188.88076131056556
338,2005-04-28 18:21:41+00:00,,,,,,,,181.92115003029647,191.34740927736743,172.91688530104665,186.16665924273497,165.0191003007597,174.83106804383118,176.82394536367892,177.20841201553426
339,2005-04-29 18:18:18+00:00,211.12130729608313,204.5821074598727,203.38596498095893,191.46434307779424,205.01574074548682,208.61461517471167,214.88593851221526,209.84514121624514,215.35682024700526,207.2035845511601,206.80918332517444,197.72057092618113,198.63399222882128,203.2957149377644,205.962555052286
340,2005-05-07 18:15:34+00:00,188.14944213465452,185.01197439062156,181.52069349115663,169.80020060576356,191.7346268460997,197.8185777450918,198.16563389502727,189.33942022122704,191.05581756996412,182.13593172640554,187.27154715579917,181.4982041120574,179.6930449415826,185.37370427122187,184.41767866985256
341,2005-05-14 18:21:47+00:00,215.5501677688557,212.24924835935022,203.06852015122053,197.049160338874,203.07288788076264,210.35292573009949,209.25670435246872,201.6259734766072,205.94792914900134,201.06630732644362,204.1597280792266,204.65431413641542,205.67064987494405,205.8104738409312,199.2497228948385
342,2005-05-31 18:18:17+00:00,214.25685809920233,213.07691088950835,207.71750403626334,202.97276654158097,,,,,,,,,211.62406457492466,213.72609268013002,211.68309660126135
343,2005-06-08 18:15:49+00:00,190.85581941593261,188.68120907522555,183.20129455431731,180.2806592736735,192.79036623615357,197.7630256104665,194.84927874259512,185.41001421128266,192.75558943527722,192.4266006020484,190.3793473430326,182.50643829674146,185.05744871791887,186.0442590614291,183.65113265279678
344,2005-06-24 18:15:55+00:00,198.99552127665032,198.59873768652471,185.76522138531362,184.81857083942276,194.73008484877795,196.64295442740587,200.20721333820302,184.79538961780355,201.8771503640599,199.71744532275991,191.7372051656784,187.6072901486437,193.81358251975814,188.01615735644123,190.79014328316032
345,2005-07-26 18:16:13+00:00,194.76868071587802,190.78147342848416,188.54602959770156,185.0967842361462,192.56781671190177,207.31737540848266,213.3894346606857,215.52124899635902,201.0494401363377,194.1922502139226,189.79658516582936,181.12468104239173,182.86680834114995,197.79811938600255,202.0179646881055
346,2005-08-19 18:17:38+00:00,183.56439336139474,185.4711550940335,191.30732543550607,185.97866251795705,193.52074988623377,208.384340465826,212.31744298274484,213.66911914028412,201.33700151257142,191.08972534313907,191.4991233476107,180.62486558955842,,,
347,2005-08-27 18:16:25+00:00,190.06639907720614,192.40408353179933,189.67116601074525,183.34762374533926,196.46912737000582,211.2199976336131,215.4637869272002,207.9086901913846,207.09609143963382,195.22013840482308,194.77786425933414,182.8918237166995,186.93611253083623,192.85140280067856,204.05243399628807
348,2005-09-04 18:17:53+00:00,193.0556338314158,191.25158814393026,185.46533871754616,185.87526747863058,199.15017851500352,,,,,,,,190.11819374150875,207.15762820683665,209.42257161673592
349,2005-09-12 18:16:27+00:00,191.69097237331812,184.55627262448746,179.91324214011414,190.85138077279072,206.41341731000875,215.86000841276666,221.03381010449255,216.3705165261602,198.62020451187934,201.56881083684374,199.475365717074,188.00067330641392,189.87369217078276,195.88366415899097,199.2690782508638
350,2005-09-28 18:16:25+00:00,191.03312218558182,187.92867606072133,189.55741748688612,182.69584697970572,196.1170550894945,206.39018051254084,219.62564876094592,224.7785228086742,209.6710155613001,206.5544997927952,204.63382931139756,194.29110988103616,186.91782961255686,202.13718477429026,210.44351848909452
351,2005-10-06 18:17:43+00:00,192.5117583976156,185.79798672263203,195.98923807943652,191.6155782314579,203.12470004893237,213.6126253294192,223.5946049912748,216.89862098697094,203.10463782763367,199.90807266958424,201.9273667716635,190.54007438943128,,,
352,2005-10-14 18:16:21+00:00,199.30566058431504,196.6784356683488,193.70568094370395,190.60073790545772,200.45461500792683,214.6011464116143,218.57219894763864,210.9567470517497,203.71577972659802,205.99439442098023,208.0368585767907,196.2611612210241,197.59368314038068,205.72718366115976,210.8272229649648
353,2005-10-30 18:16:21+00:00,192.59272545269246,191.8732769638267,190.72022060604087,187.8771781686582,202.4342175718822,215.99393915673147,222.00153578995833,207.88180005497105,199.05430971357453,201.56847989314002,198.733064826837,191.411400536673,192.73716284426695,191.7490587026315,198.44287623566686
354,2005-11-07 18:17:45+00:00,183.8773726473035,175.47668435863676,178.7124946897627,174.41655800296286,194.91592357765478,205.49514525417064,207.96173443573795,204.8282749755999,,,,,,,186.81066410256733
355,2005-12-25 18:18:01+00:00,,,,189.63380002304015,201.39436571266424,209.13672094624332,210.66992926342482,202.90819653895062,205.7777512476406,204.0887160425123,200.89931847883918,195.80980338242,191.0014241847199,187.22984150239154,198.86191696186535
356,2006-01-09 18:24:11+00:00,201.07580130680077,196.1278340545761,187.05323606144947,191.19311744018052,203.15913575806195,209.36913189957482,208.02663934956863,201.06680503351743,211.58497888018405,204.43307270576904,203.20075959273578,197.06212160178626,195.68425756743693,199.8422722365191,191.4099773965533
357,2006-01-10 18:18:10+00:00,,195.481985142712,190.0526001297082,186.48937787782896,198.77346414745907,209.25239880458267,201.1879643340596,206.3103576950564,206.38182062264332,205.33715885526126,201.6305327098284,198.3670085806536,193.35194683069017,200.94436759681713,194.6325455201189
358,2006-01-25 18:24:33+00:00,207.41810463032692,208.1411867169179,193.81481392471284,185.82078765132076,196.46844969350195,210.95503575857782,202.22272580132199,197.82793115341926,211.74442481250549,209.39642010587448,204.55927205133875,198.68101964429877,195.6102414888412,193.05306000846113,193.95212926995353
359,2006-02-10 18:24:56+00:00,190.16932095888401,187.70133804778914,184.4751533539619,171.3767868383161,190.96802203399685,192.99624027102226,194.193350057339,182.921146081727,195.2224601247573,192.1294380490126,188.97132636718254,182.2549301347795,185.88591642491923,183.51973868154238,186.80398314382958
360,2006-02-11 18:18:22+00:00,187.45185001584048,183.86882964290385,181.0807802082007,172.42541481113417,185.44709600877354,194.6243352968994,189.8440802822785,202.2800991807008,199.81930507259395,189.42205719540112,,,,,
361,2006-02-19 18:18:57+00:00,204.18444353332598,205.2407394005861,201.23245300497658,188.634570503609,201.53890872761758,210.05990125501353,205.6650620304145,198.18802496283104,204.16882091538,204.9439031381557,197.33618550452888,200.72802691308692,206.79574019629246,201.93240008598832,197.0028124033552
362,2006-03-07 18:19:18+00:00,216.3838732106928,210.25597677427254,198.64790273552205,190.50414848237446,202.7232976513573,206.9232109813869,206.49373751210305,210.43724461192608,215.06852559964977,213.35273058758685,204.25657395773604,200.37414235372918,201.17837088673303,198.77389373113576,196.63441898716889
363,2006-03-14 18:25:38+00:00,193.61397207978757,195.31253833986017,188.28832373852407,180.25627715223814,190.7854487099726,201.57437478726496,199.15614935407172,181.64500461453088,181.52593350791938,182.36908755450145,192.03261511045244,182.36172012214715,179.6832408052332,183.1529712478372,181.0633176135868
364,2006-03-15 18:18:26+00:00,189.83235425221716,191.90570702420575,183.1911501631588,177.43751517949443,184.4028186430092,189.38312530177882,189.89828353718315,183.51737584003303,193.0359492200576,189.0251223175342,189.73878945026053,180.2091061821658,181.28006174475306,183.78811690203503,179.8780883829879
365,2006-04-08 18:19:55+00:00,203.15064262549146,194.65559771123299,179.13165978811992,171.66109868953765,193.4381412451748,196.093374351632,198.5338363601332,198.62892378033678,202.83421594704464,196.3405756002164,196.78706006960041,187.51943843348178,192.53924616105377,193.10814394995384,184.65735006531696
366,2006-04-16 18:18:20+00:00,197.00533209653852,,,,,,,,197.9404106572238,,196.1193066270348,183.19858255114536,192.38114172219707,192.46151087785722,190.2672078509888
367,2006-04-24 18:20:09+00:00,209.72633969817906,206.40908449834433,189.5307888736914,183.85040100938232,198.4541518128144,200.43150716808645,201.86136729494064,189.10919754985946,201.20315082812948,202.4044115714333,203.7441399561401,195.99223670197355,203.12217129302692,203.60434041099475,198.13339209177445
368,2006-06-03 18:18:22+00:00,204.83869720029526,199.89030864647896,185.30307609035617,180.89087797266916,190.43619495378636,192.59518662197445,,,,,,,,202.36028258183532,199.9570738980443
369,2006-07-05 18:18:36+00:00,,183.63739193129877,183.27333708387135,179.06521826963865,190.8398626831983,203.00278896100758,208.63117159631042,202.19155633537113,199.90009709865737,202.9079954541063,193.22280772718534,181.53005637851345,183.40421298883672,191.80569814011136,194.83057394242616
370,2006-07-13 18:21:21+00:00,202.29665536264625,195.72057591638603,189.01545086303565,189.5783835966706,190.8340078335715,202.8597036638447,208.78368635463363,200.6220383380243,197.40457411441767,197.9001312208256,200.56321758208594,190.12499435001416,190.33070067296057,196.0493685017491,196.28084622507413
371,2006-07-21 18:18:03+00:00,,,,,178.53944266372565,200.2690138360332,205.38986641113772,203.29320669526825,194.50984379125725,193.1630164566351,194.7084155262097,182.30333542695746,,,
372,2006-08-05 18:27:49+00:00,,,,,,,,,,,,,170.00934734262364,182.8468046916537,191.93246057483253
373,2006-08-06 18:18:24+00:00,,,,177.86576581471797,185.59670841741823,200.86667140533234,208.57321643202044,198.9906554671512,195.42612318845508,194.02269481208737,190.5286774581338,180.65493208583098,181.00021233293666,187.98049275379998,201.23206355841234
374,2006-08-14 18:21:44+00:00,190.9545653513075,182.10539271323032,180.7321906837206,175.7684129895413,185.63137828074514,201.38980016724526,206.9782772410715,204.96161919171522,194.82243950385663,197.36940396318903,189.00317449005095,181.43784457738266,189.20384473671106,190.73744541300667,196.18998945806004
375,2006-08-21 18:28:00+00:00,,,,,,,,,,,,,,,
376,2006-08-22 18:18:22+00:00,187.221840591894,172.87201233968005,,,,,,,,,,177.42382953665467,183.3029076496212,188.97341395380147,193.10438840268245
377,2006-09-06 18:28:11+00:00,,,,,,,,,,,,,,184.8595380967084,183.5830983333147
378,2006-09-15 18:22:07+00:00,184.10316122117052,177.75192966241937,178.20022218139405,174.45332519646212,188.19554480338144,207.09251690310987,210.33175272154182,208.7426750302048,200.972989061947,196.04156485531766,198.3781344543272,175.10966220069446,176.38991826098822,184.57346119693608,193.63767690647265
379,2006-09-23 18:17:48+00:00,176.89244325954556,162.5646314900549,181.6866749328035,172.31652530144885,177.79803390500604,192.92339303672875,203.7296214464785,192.1648982201889,193.29902630582566,188.48804391654372,183.181042219382,173.69186304295874,173.28388032329826,189.6906855983824,192.94361072351563
380,2006-10-08 18:28:35+00:00,,,,,,,,,,,,,,,
381,2006-10-17 18:22:30+00:00,188.15106172589148,181.06382886087442,181.26783826615707,173.74458674517825,189.12963671864614,202.77658376231682,208.13999331007756,207.62044741866197,200.1141698355035,197.93389465166456,192.35530859992326,183.81906055958672,184.99079336797595,191.49014924245498,190.12732144901491
382,2006-11-02 18:22:40+00:00,187.58514960917847,189.36594194392075,185.39042981175314,179.92448841132665,192.33345356796008,209.65840920314716,214.37502774214374,206.1910305193765,201.91432776940144,201.6687372079366,201.7033228938359,185.68082833096815,187.90581766350667,198.64617070752746,208.02800127214226
383,2006-11-10 18:18:36+00:00,185.34822732239195,173.55085469224719,182.36063163590376,183.60768449069673,191.71733878858367,207.3157356230737,209.35040341040423,202.5272477796342,198.85020280681374,190.27964913415786,197.84281318715472,187.6802141188745,,,
384,2006-11-18 18:22:48+00:00,185.50533392947554,178.90410647109536,178.8322009090744,173.53767917817638,198.91598724392136,208.39934587066767,207.60929589964306,197.6036895409589,199.45084194057372,200.32226857537535,195.5527886317204,188.19419906641977,189.64797782906118,189.90064398362526,185.97913688871128
385,2006-11-26 18:18:22+00:00,185.8899233119617,180.4127820549035,184.4075817249224,185.17003926121473,197.17417118971736,209.30151123675773,204.2546760125352,195.20207278072036,201.3087299261874,201.880027801643,191.84343276870214,,,,
386,2006-12-04 18:22:55+00:00,181.82785297823142,180.43189311595725,186.48340639044093,176.15919314128232,197.84137510965084,210.3504872013129,216.16066794993526,202.82543512858996,203.67756908499476,203.17421136907052,203.3382981814774,188.54536611463337,196.42432526081984,194.7878523874175,194.12017873024155
387,2006-12-12 18:18:53+00:00,196.16724131517748,186.85704419838788,186.35385583434663,183.89197996160587,203.27551383224363,210.49258554761516,209.79145967758603,200.3761534134328,204.88313697861435,198.55286519966597,201.1090856838339,196.57349139373423,196.7057193757171,189.2618979179502,188.2070249659301
388,2006-12-20 18:23:02+00:00,179.8551040713589,169.29370280618545,177.08880363559473,180.09757054531272,191.83150845996832,199.71403362590164,190.84906867586216,192.77850492967067,198.7371151653593,190.20994910837908,190.3728811178538,173.98296157415876,186.87997956534073,192.85260208767943,190.04123397676312
389,2006-12-28 18:18:56+00:00,203.61553587006657,202.0558536562166,192.7750346780635,191.8052588133027,199.46745668230136,211.68956914602205,205.58350320354236,199.79443197470732,204.82666303950737,204.0317957078214,203.26641032195613,196.02231456108626,,,
390,2007-01-05 18:23:08+00:00,183.04215708175087,173.72053209135407,175.61811999777177,165.71375869430366,176.7617205825498,187.44787847223867,189.06448647743855,183.7339158098131,194.66462578675493,192.86319504624566,186.87750704653195,164.49111561662943,174.91010092086123,186.09127588241677,179.81817420208426
391,2007-01-13 18:18:56+00:00,206.0786969674021,212.14215037741343,,,,,,,,,,202.09788190278178,198.71301851107268,202.26662688111304,194.2133448240788
392,2007-01-21 18:23:14+00:00,186.46967995395164,187.9900630422784,185.33077076838134,177.4181466996419,190.64873261614866,200.88581574674936,197.6368563220023,194.81728195766692,197.3807917196121,193.4930643440158,191.0386696121348,171.6149030718983,178.90684871199537,179.81872032375657,182.08791899703664
393,2007-02-06 18:23:18+00:00,196.9282799697719,191.49038845931858,177.12314605706956,173.60507964897266,193.55002081531472,200.09132569218866,198.17021390493704,190.00963879263236,199.57404506248065,199.83309007813568,193.9869527216486,183.3372585500973,188.41057575951442,190.69932437495174,189.9635504070138
394,2007-02-14 18:19:09+00:00,203.06108699702588,197.14674504214076,185.71645164395431,185.9802266064099,192.2759972076264,205.34202506692287,200.57606255695913,197.4706221561325,206.8793557378051,204.9491636359823,200.650181823737,,,,
395,2007-03-02 18:18:49+00:00,199.11142189382343,192.72350967597404,185.88101574721153,184.81894571386067,190.3141730988196,198.73399966019943,202.81492240225612,190.79552150992163,201.91577738214852,195.25564767599388,198.24471593965785,188.77916222374904,186.1883970663132,184.96240065968232,
396,2007-04-03 18:18:52+00:00,187.496861034623,188.0052175664069,181.87653171521993,173.7769982973951,179.42332129090187,193.2881236793957,192.53049438744475,186.82253456284278,192.9251072600831,183.51292446153843,184.02484473603317,174.28559463514586,176.87387324578407,177.25702281860487,176.2915169103761
397,2007-04-11 18:23:08+00:00,205.16560102151365,201.95681711497465,192.25240051715696,182.45802265674064,196.60128090836474,205.86729985961944,205.3802437124556,200.5992564070999,207.800232278417,200.40247962042798,204.53994733812453,196.347555245803,189.54222680089777,188.594881776425,194.8295274036284
398,2007-04-19 18:18:49+00:00,,191.3449819023748,182.93651851463068,186.0136868589461,187.48443103967736,195.91401214295337,194.09746597232814,189.3053139264627,198.43659831153315,196.9222701399949,193.7170441804775,186.08842469470622,187.87758379261163,191.91528027928786,186.10673708111324
399,2007-04-27 18:23:01+00:00,203.58651220838829,197.01772270210594,189.42000169563616,186.49766448728633,196.2113746156507,205.0221121082061,201.65569673521657,194.098419978074,204.16694208849455,202.6088750148881,198.91119800358905,195.27441874035344,191.61702523454687,199.04401536643383,188.68974521642807
400,2007-05-05 18:18:45+00:00,201.829127495641,195.98461422102295,183.01781865338054,182.00429197590324,190.24951169740058,198.53816195003503,190.37527547906524,181.31511304817573,185.3058052575076,188.15901999144066,196.53273862467861,180.86133583154106,181.80859206676573,183.03373195414858,179.98229519714226
401,2007-05-13 18:22:51+00:00,196.72666430471057,203.94519441260243,188.7729959946266,184.32859776694937,192.91895122978792,200.09580968341055,199.32388987337683,191.8198017206465,201.67131308738243,202.860172518715,205.6344861966408,190.17414109200348,191.7952506707157,188.5416995325946,191.9111748125081
402,2007-06-06 18:18:35+00:00,205.42374187693895,195.0902945782209,182.58509213862072,176.707183017942,189.0273279681835,197.1523656635199,202.6579197733975,195.54114114121967,209.013063995069,203.52307579165517,190.83161038138786,180.14355683598376,181.14246858430303,,
403,2007-06-21 18:28:27+00:00,,,,,,,,,,,,,,,
404,2007-07-08 18:18:33+00:00,199.63010649605786,198.35558957687726,193.13934291001527,186.29194925336014,197.39953646693073,207.09960688754225,213.6337270741775,202.45716522604178,201.9780545699372,203.54967648139652,204.36222152865955,193.91117532109007,,,
405,2007-08-08 18:27:56+00:00,193.03643976352828,193.51357856413438,179.93524978193807,172.37486619598994,193.12994287206587,201.51665171854216,200.64421058562473,201.1189278017757,195.98496515797774,192.20640720471698,187.0893656404255,185.46639619344052,179.64221948544161,182.32126342304423,181.54257293554022
406,2007-08-09 18:18:24+00:00,,,,,,202.37566371992517,202.72362846568092,191.8855611025332,201.6052448271596,199.85431944531877,192.4245600722615,184.08613835419533,184.63775138219253,186.95448400067045,188.7008696651037
407,2007-08-17 18:21:39+00:00,189.50973323788895,197.1335678788513,184.56549364463604,181.7124120356679,185.9299253188551,201.65058820015284,202.78642602938987,199.67010961718105,199.433060902757,197.85938720013752,199.27039085357703,183.93661907935288,186.88159695795127,185.6088679649688,183.74398427275673
408,2007-08-25 18:18:17+00:00,,,,,196.31330024319817,207.8105294741373,211.6529815963617,205.21510011931014,194.31873280427524,203.07861389192968,190.928780928678,,,,
409,2007-09-02 18:21:30+00:00,189.60692200499912,184.53901078397737,182.7255697371001,173.60264681737488,176.89636684600032,191.62493902572197,194.48481145006753,186.26761039156506,192.84267399860667,188.93510522511886,180.57166333542096,176.27900529146967,174.25144844032812,182.45362027629614,184.8172974663089
410,2007-09-09 18:27:38+00:00,190.18769679399026,195.9868206879678,192.83101300297062,182.93620960174604,193.4506285567262,206.98165974907215,210.72199177361088,200.4330849523854,197.88737223138727,194.74870789119453,199.98937685316912,189.50039654045617,185.5908941282442,186.43131357208895,188.35328030604887
411,2007-09-10 18:18:09+00:00,,187.38546077730223,185.06641770279936,179.39442340848666,187.1006491473426,199.23409718416622,203.30371789184025,194.54605305787072,201.51078928754922,204.55500320468127,199.1695683020948,176.75444114753975,184.2031250063228,188.1528781429251,189.33453946716583
412,2007-09-18 18:21:23+00:00,194.45765587659486,190.33043570621072,179.14714631358146,172.72192129638447,188.19078307772241,194.2121964161758,198.40084573454322,193.67341939862055,190.6238966732788,197.36918398944783,184.3112000475769,181.20229295643867,177.58948223523623,185.28900589613858,183.4019477408133
413,2007-09-25 18:27:31+00:00,,,,179.02621066633031,188.3021518388395,199.8602756888666,209.58809402162677,205.74004952150045,196.5672070513462,191.12641030489908,192.53964411010725,187.783565064985,,,
414,2007-10-04 18:21:14+00:00,187.13238052439272,183.2147925212912,182.05961908523045,180.15393488959262,196.68697614856973,209.0899343611349,215.70250944696394,210.47642569917292,195.13455441849572,200.08850161398595,194.51396522746984,179.04408180863788,179.19274007841483,190.83835295985511,194.02138513570625
415,2007-10-12 18:18:05+00:00,,,,178.0129962693949,187.80299707473839,201.024508350551,202.8328552971432,196.4872147116262,199.54500001999705,185.3621798774659,191.83810193102443,179.9372459485333,179.88963457315936,185.16413202413153,188.20569309391516
416,2007-10-19 18:24:21+00:00,,,,,,,,,,,,,,,
417,2007-10-28 18:18:16+00:00,181.3505087009175,180.26350507902816,183.40377448765474,176.7879943688862,182.69741346910783,193.53363224241713,191.63513358819134,188.2760938437272,193.17928049319025,192.10550390324488,197.17825210941947,179.4094634022256,,,
418,2007-11-13 18:18:26+00:00,190.23131581269536,189.11426403890653,187.74351264792887,181.91057608422938,187.90379330912293,200.51471909821757,208.5771762019971,197.03687341485966,203.85266874118497,203.39033801838985,200.652161152008,181.57724730263203,182.7252895748848,188.4242807770104,191.36135252182862
419,2007-12-15 18:18:38+00:00,198.26477607745915,190.59185749412597,193.43454657025896,188.1522342532025,191.69136893385803,201.42536906361187,200.10289319763376,191.94443596285288,204.2360921331887,204.60135966122758,196.1388537540235,191.28997458163207,185.50959768500866,185.53981263494202,
420,2007-12-31 18:18:40+00:00,199.7002414098897,200.6127241347216,190.77071214724702,183.9316697370441,200.25622102209854,206.5064297810992,200.2305264911675,203.30849130425264,204.72006501178095,204.35605111110922,198.15334208748465,197.03764408442203,188.5468533982456,186.5857010506843,
421,2008-01-16 18:18:41+00:00,207.95501522511066,207.5667541739981,194.70273994294507,190.33115726355075,203.47472951734676,,,,,,,,,201.37057038022994,197.06687918867635
422,2008-02-01 18:18:39+00:00,,,186.46634936165793,181.30056281561997,191.543323801435,204.1447875111299,203.52773830592156,198.72059711391705,204.849876995994,205.63419978466686,205.81175256972915,195.3006810664112,182.58742504379939,184.35223117313288,185.70175595020345
423,2008-02-09 18:19:02+00:00,186.52437169558317,175.72543879190675,173.41169884902638,174.25979575193267,186.60494380037306,202.2705065787306,201.2858194758363,196.53370714750434,197.34406434370308,196.40460613995296,195.16283298718997,184.840361803073,179.9395095275122,193.0671717408341,185.81811914811703
424,2008-02-16 18:25:05+00:00,,,,185.028919220554,200.25325799450817,207.03570386004748,210.54916241003485,203.91092251495184,211.85126255785957,212.87038807249462,211.4936744279696,209.73922561070572,,,
425,2008-02-17 18:18:36+00:00,202.18747498436426,192.3616984773115,184.01737471358564,183.1862953204004,195.17784556881446,205.14004687913274,200.79409874723302,202.41145772808994,205.5239594732315,201.9565475985214,206.19752191970548,198.05703537416318,188.25567678255524,,
426,2008-02-25 18:18:44+00:00,190.73945847027505,189.93766601622514,183.0107196026765,176.94515045394266,184.8022988240413,195.92174863124987,198.37279918465225,195.5053337087873,198.8162531225692,189.30565175493598,193.0444718678985,183.45250695601231,182.7572562612875,184.89411451502056,180.91945708017494
427,2008-03-03 18:24:46+00:00,,,,,,,,,,,,,,,
428,2008-03-04 18:18:30+00:00,195.06338156864888,190.25270833506642,181.8195055239298,177.7159504439745,187.61676079237805,196.7946859493336,195.52539997072026,190.34295598047237,203.76999725847668,200.2341472129034,196.58589998126263,,,,
429,2008-03-11 18:24:38+00:00,,,,,,,,,,,,,,,
430,2008-03-20 18:18:28+00:00,,,,178.4296936179602,182.11091507035775,193.35613559168544,199.7424578777323,186.51586588296402,196.64904210501925,191.4863218524153,191.96282182498788,181.10005040841048,181.02353108013455,192.61445652160023,186.27323208085534
431,2008-03-28 18:18:03+00:00,210.9068256609534,200.76567333195152,184.43305056901485,184.9071084091002,194.94924222808575,203.29502084537546,200.37329299521264,196.8852566374083,208.1837353072674,200.85448144559712,197.6530919197957,189.39855630039648,199.6984708808334,200.5676069206222,195.30859110178645
432,2008-04-13 18:17:40+00:00,222.82230761665306,209.36391470831882,203.77548100752682,195.21719402883045,202.94496857813525,211.66009063928755,207.98282731295907,210.85726819331978,224.64685237229665,227.86728673248254,214.81150128958046,211.3979966012057,201.04096497780228,200.28820863324563,198.92967244110224
433,2008-04-21 18:18:26+00:00,190.28493569127812,186.80325658356654,,,,,,,,,,178.49989887027385,180.8996461089411,183.87313205737937,182.27764584612575
434,2008-04-29 18:17:15+00:00,207.83631135686886,201.44169091161098,192.21261147335565,187.9225755735262,197.96493937701325,200.23778000883306,203.26822414365196,200.31176093859443,209.2980124111164,207.8285388476997,201.90421502004364,198.19284768567394,196.55276444916095,194.8490224271955,193.64125706589755
435,2008-05-15 18:16:50+00:00,190.70127581553203,184.497442481123,175.62588866948687,165.2623976736556,189.73071375226985,195.70420088239095,195.435722454068,189.66972559975312,199.09708190172424,200.57651364937442,198.21567631273564,185.25183952627458,183.8782002957763,184.83746670019298,180.9337834942932
436,2008-05-31 18:16:24+00:00,199.19278195390436,189.17195691895125,178.4296108548781,180.76353639910957,190.89664882346645,198.55779063158536,202.33953066727446,200.74873928113652,201.07124256563316,199.43644518896707,196.79673376039455,190.699431528163,185.9373772188574,189.4936474317731,188.75846740714078
437,2008-06-24 18:17:58+00:00,200.82614734770152,197.42141587033083,185.88991991818094,177.15968890461872,191.44009994397766,198.890656861678,205.21802710543557,203.6097955687694,200.14236343309352,201.66555358837172,200.27955107290092,193.09457154645224,181.80745579048948,192.468857926393,196.8842571350392
438,2008-07-02 18:15:31+00:00,184.18161342281508,175.49221618800127,173.4252286312114,164.4628198766258,183.03629789254362,191.74327777990294,196.99155341070352,188.7163888819124,189.05891713366665,192.42991941930862,195.37169126907247,184.28288861259898,176.59284184610914,183.03756754423537,183.88141304578795
439,2008-07-26 18:17:36+00:00,195.82471844490175,192.15983764620515,189.6079497661576,181.57027053791398,189.75122811449467,202.28347332016097,213.3912849497523,211.69466695151746,207.07342404701006,203.01875793537465,199.95794159244787,184.9143112180368,185.0281911591021,,
440,2008-08-11 18:17:30+00:00,,,,,184.70437726240033,202.67244555795446,210.6267385228042,204.21330996854977,192.4473295981258,194.58145327964917,187.67401758219512,181.74964073508107,177.29411013041798,184.39854452208826,197.3296921956191
441,2008-09-20 18:13:14+00:00,172.04391912487552,168.15934898944028,179.45259059160094,166.99972592956243,180.0684785672763,197.79974711755315,201.32896629991464,194.16691398762399,186.26221160563836,191.98035622266022,185.79106781208887,169.1968068854447,172.9706219395884,180.19749757744052,181.10283692213156
442,2008-10-06 18:12:43+00:00,182.85412661324426,173.90178238579676,176.83731893542932,170.11652440235164,180.72502498587545,195.14685100167225,202.409323652255,187.00992686004815,190.44592277926148,195.13380833591845,189.2791738877286,172.32387010926126,176.69022077633485,180.52427527800555,185.02980591839054
443,2008-10-14 18:16:59+00:00,182.89017415002337,179.52005305368962,181.3784017867883,182.010914375165,186.37664458540453,199.99455561120675,208.35377769641784,199.42458491417125,199.88557723077795,202.08137576277073,195.27694031459941,184.71850590928875,169.39711431720934,,
444,2008-10-21 18:23:17+00:00,,,,,,,,,,,,176.54225165006432,176.621720134221,174.85820183531177,178.2514807665779
445,2008-10-22 18:12:10+00:00,184.85786181039123,184.94254506190515,179.33202026690032,176.3815741970731,186.9732764558113,197.01516151894123,204.9997366040439,198.47135707568583,201.9108223858768,203.58343499726965,203.84030165272128,189.66166781347079,184.35258987352722,189.1097484992647,192.76244282628153
446,2008-11-06 18:23:33+00:00,,,,,,,,,,,218.8155790566911,,,,
447,2008-11-07 18:11:38+00:00,193.0747238308718,180.35713249563372,181.16527940735378,180.76234018661663,192.85790545996454,201.1602980359978,210.76298541325397,205.41714614845944,207.74761991377105,208.2726520427731,194.3305589838029,188.21607333585976,185.89898435258277,193.69016496813313,189.5656543893641
448,2008-11-14 18:17:45+00:00,179.6874294594967,177.16075792080807,182.13705014010895,171.5981126350307,179.0437181536529,189.5502002949195,194.51367247897076,186.7209222655671,192.60963687004346,193.95524364767783,182.72489406327588,174.50012382713325,178.6965285052936,198.4696898426203,187.34481558865116
449,2008-11-15 18:17:29+00:00,179.6448550280969,170.006335009985,181.41997175510926,176.31169868189215,175.42885163807867,196.92359175698476,193.62985154113383,190.52359596731606,186.72377653124985,181.2128751379518,180.77748052665677,,,,
450,2009-01-09 18:24:10+00:00,,,,,,,212.82557244972674,205.38110373520666,204.6471487571942,206.65329976529983,208.4794273776373,211.02488735955558,203.8675851784102,189.71433700643996,185.20299322238503
451,2009-01-10 18:13:16+00:00,185.30087387594466,179.94476844682646,182.32551757672923,174.28063797657427,189.67623492792933,203.13492623897855,204.171552804032,194.214887848692,201.18733655539884,198.10884325502298,188.2757008565774,182.72067868088385,180.80609342394854,185.513478919396,182.17597882015303
452,2009-01-17 18:19:38+00:00,198.93931686732142,201.105217498107,190.85162038910323,191.96146355629173,207.7142172536357,216.32563793283936,220.08309444196047,215.41141999411514,209.9938699715509,210.2139620535662,209.18840408093982,203.65541367057506,203.49442778135568,205.82325476165613,196.48624735313095
453,2009-01-18 18:18:03+00:00,204.3826834487412,206.1411119121126,195.4614066617146,192.3930100646938,207.2592021932041,219.62078421788198,216.3049584438802,212.40463220699067,209.53868346311017,207.594013700766,207.5063275144248,203.21826397935234,189.0110136453036,,
454,2009-01-25 18:24:15+00:00,182.5160360267633,180.15272246055008,174.62819788620664,,,,,,,,,,,,
455,2009-01-26 18:13:42+00:00,177.80902460223473,167.2024163883771,175.60853463472068,167.71604747824426,177.15455533997516,191.55535601187069,189.78667306084415,183.16781208218697,194.5838845000528,188.06943725708066,181.84222489756002,164.74413098618408,164.5211297927355,183.74114837361589,182.91032813617437
456,2009-02-02 18:20:04+00:00,214.20739230829844,206.30157096057815,202.22980331955304,196.72642931057302,211.66735202659396,221.82209161933076,216.34986184214608,207.97477574368548,214.04191736670623,214.9685441282649,214.98446796599916,212.01818094269714,,211.38940283864713,195.40155079611165
457,2009-02-03 18:18:07+00:00,218.0607883647454,206.50541592199562,202.32160551660476,,,,,,,,,,,209.670732156541,202.08243982147312
458,2009-02-10 18:24:22+00:00,203.89693157460613,196.8424109592811,184.2828356783881,178.01839099983243,176.34959585793877,189.3318901626737,191.7134047687258,187.47057278622447,188.68807729065935,183.09004856672362,187.10209207652375,173.08466855656627,163.58699768954614,,
459,2009-02-11 18:14:07+00:00,174.16926915561322,168.84617079867223,178.58491845934427,172.4082926908168,174.60871023778458,190.15816318326858,194.32099612249755,192.05666796276824,191.628090192993,192.83309794826806,181.9455447846272,164.35819209107683,167.19817579226486,177.4359555741493,182.4606476926529
460,2009-02-18 18:20:28+00:00,206.85697481891867,202.96719586186737,190.64818870184027,177.851754570136,197.87518886988101,204.58610288908505,203.9058397239349,198.2359366285643,210.96823097240596,205.21484083413324,211.16261428812805,194.2792134648266,191.49704746206993,194.3585841555202,191.45555563827764
461,2009-02-19 18:18:17+00:00,178.86739312078865,,,,,,,200.49958877765937,206.72423615539037,,197.90514824002852,192.8216775941314,189.27585351979127,189.8140475585383,188.1349693623859
462,2009-02-27 18:14:30+00:00,183.15228616699574,172.5109154111631,170.26892160572953,160.21345368407964,178.8179282306665,183.39574058073276,188.24080029498708,178.24684829311798,187.3992142292307,179.88422561596087,180.57437138175706,162.8588511542893,166.17085400437506,171.42135405398915,173.67851919692907
463,2009-03-06 18:20:51+00:00,205.37743730616288,201.80086583787136,193.1251731411425,192.05662138470962,203.84504002861215,208.9270780535,207.22416941860786,205.69091884395837,212.42674554306853,212.23760779476862,208.92560643819178,206.80557300695904,203.0654966303328,200.57888804623744,194.21146413884162
464,2009-03-07 18:18:25+00:00,202.49015707973308,187.63014050152165,,,,,,,,,203.7828486043994,195.86801956974074,193.60731248374773,190.51481829838866,189.7772056508328
465,2009-03-15 18:14:52+00:00,186.00137401018577,190.64418545406707,,,180.96387552482253,197.96004254138018,,,,,,,181.58550394324322,183.11929160720595,180.16790057132565
466,2009-03-22 18:21:13+00:00,198.6219179601719,193.06562468464745,182.91208794137094,183.72984626909485,196.53009513021914,201.1083814356334,200.24903368692486,197.05336582046277,200.27078640583414,195.18607982508527,196.35240851039632,184.36470086624718,187.77847355758186,189.7662378867401,187.20511751291662
467,2009-03-23 18:18:33+00:00,192.12135297907548,186.05243228841553,178.41028036145642,181.48594224716362,187.06323844754542,199.9562922497222,195.94063537328645,195.32531704947905,202.04116332313043,195.80820972858334,192.31281465570058,183.91453413973974,177.2163805416693,,
468,2009-03-31 18:15:13+00:00,198.92096627291033,201.08322955952121,192.11263926583013,191.49477073663536,202.53704093748007,204.21600494398115,205.14258429919101,200.2113281141258,204.76622227649892,205.27280344865002,204.49675420611743,197.4010801831411,196.6507218678649,193.00969953647189,192.1618252630872
469,2009-04-07 18:21:33+00:00,188.38555602205165,186.94116691048458,183.27948049016433,180.46592088729605,188.20945887699907,199.1273484493843,198.69533055731995,186.68928722554875,194.32772647120336,194.60228402397843,194.53347684936344,178.92048605436278,180.88025332002775,183.4645944546931,181.7419991440271
470,2009-04-08 18:18:38+00:00,186.40433331327426,185.91937763215412,180.24117453032525,177.60241837474732,184.04288555958533,193.68624950149143,190.12004019948398,,,,,,,,182.4608998925841
471,2009-04-16 18:15:33+00:00,210.04013325028438,205.2821324196167,194.2928104480382,192.96796232374533,196.33242228751908,206.62980012993287,203.84961022235365,199.39501049860155,211.8486510755122,207.74745094815123,205.97353689174525,194.2922826167121,192.25357014249454,197.83198734464708,192.79884177125766
472,2009-06-27 18:18:43+00:00,,,,,,207.86770807573487,209.16919104058024,205.94605018010557,200.27154177199168,200.4733681765742,195.907103106171,188.47388215289442,184.05379733064444,193.7474443465989,201.4019188889202
473,2009-07-05 18:17:01+00:00,180.81335895411758,180.77846588348763,174.9013037275784,172.63234456098138,181.25426379921652,195.08628149495763,198.5835935745327,190.51716542138809,198.98374220070207,197.0662546401768,188.6150652817838,176.14813040362242,180.55753141509743,183.43316003278443,181.84950101286546
474,2009-07-13 18:18:40+00:00,,201.62378418475674,187.3994990793156,187.73110897275433,196.56600831413,207.5387511039047,214.63565098842662,214.26331728378716,202.94110446438162,203.63077166589852,203.3027542894409,190.71836531034972,184.8481456692725,198.66594734780546,211.59157809836807
475,2009-07-21 18:17:16+00:00,182.98239344176685,173.79891645426068,180.41413983722168,178.22428585576858,194.33700184113633,199.99690821389265,210.01456049722995,207.5117354664738,195.24618008053827,200.0755370095855,189.23409950918602,181.31328903301113,178.15087025307875,187.0997974815132,186.14054513631947
476,2009-08-06 18:17:31+00:00,181.06147731721518,169.3166955777813,170.2592986733626,171.44591914065703,188.09006650104578,199.35896080989355,205.62217752811927,199.51452465098177,196.36591770295658,194.51881906631854,197.6251998190058,183.61709605178365,177.1506416790254,184.17780750876477,183.9018191572702
477,2009-08-14 18:18:30+00:00,174.30112120760293,184.26148400858528,182.0553144249007,183.6002567128162,191.59154813668562,206.41901656326905,209.25845487797517,209.22247688294618,202.39515187835738,199.54311063783211,191.36264711800106,175.97902610368422,179.50970996333473,,
478,2009-08-29 18:24:02+00:00,,,,,,,,,,,,,,,
479,2009-08-30 18:18:30+00:00,181.81634771117564,180.13422769764736,186.40767148678964,184.00364259305707,187.2987059841135,204.7340240507808,210.12759670729602,210.22184631767794,200.13598848187272,199.63209163388782,198.52351198039656,182.18398074095927,171.18906370660622,,
480,2009-09-07 18:17:59+00:00,182.10602294827612,170.47899966370898,185.12713435621097,178.67385533648462,185.06591168898058,198.00269684611294,201.06316173332695,203.02309445816886,188.92512930139088,195.45173276689422,188.15385712818232,173.40229514791002,175.06766280217326,183.73399833096695,186.42978468914407
481,2009-09-30 18:24:27+00:00,,,,,,,,,,,,,,,
482,2009-10-01 18:18:27+00:00,199.7828575930512,188.93063512522218,190.02006189501526,192.35089258136097,205.10296601731068,210.53652877914774,215.7586711588536,208.38937935519195,203.76313048353893,204.61740858040446,202.7845152826021,194.45121240329453,,,
483,2009-10-08 18:24:31+00:00,199.5296155004565,191.49732263102732,199.22441090163397,201.28972503657926,197.77179497216522,199.91280288761246,202.3639728872216,190.8364678174632,195.81189041635218,199.57571775964504,194.09503762862366,183.2671718308095,186.48118535954626,,
484,2009-10-16 18:24:37+00:00,,,,,,,,,,,,,,,183.30583485627548
485,2009-10-17 18:18:30+00:00,185.13078234729804,176.29556797019313,187.83399876025138,188.93585550205285,193.52748975530807,204.39223203620128,204.68666308451182,195.83671744304803,193.1880178222238,187.80321781216873,206.2194842623756,189.05898971800576,187.21586847827473,195.56132055662556,
486,2009-10-24 18:24:48+00:00,197.6775405424363,191.06117025849164,192.14069957577544,192.89270232044265,202.93493738101935,211.0153098855248,,,,,,,,,
487,2009-10-25 18:18:31+00:00,187.86932357408324,178.78168513033614,174.67162558898116,177.7341868466586,192.96881624181128,200.3977077363558,190.44596490103018,196.66824621106895,197.4146710002194,191.62337576481397,192.4038052666149,165.82384618839757,173.07132789557258,176.11188781029625,179.66487835740665
488,2009-11-01 18:24:46+00:00,,,,,,,,,,,,,,,
489,2009-11-02 18:18:46+00:00,183.5814835321567,183.242880692035,186.59736113704713,183.6908243148448,196.41572635128887,204.66936090257758,199.13442603768053,203.75481970045269,201.30479814342903,200.8473186324498,196.72309068557044,189.33099000366278,183.51418480842136,194.76596638597135,189.31921632292915
490,2009-11-10 18:18:39+00:00,199.43264780229106,197.96282398678323,193.6361630552592,192.3033278119782,201.6045448132174,209.14963759395292,206.6983672003015,197.27786322010368,208.5991648588536,206.2085199208332,200.0398974685504,198.1885299477084,193.73255592129678,192.00273597227945,185.6443666002395
491,2009-11-17 18:24:52+00:00,187.81230455675097,186.80599438534819,184.62601133099997,191.1215940132204,196.52019902015525,,,,,,,,,,
492,2009-11-18 18:18:59+00:00,180.35742317818347,183.0464802386951,184.4100477707343,183.09165586940583,191.2400903590521,196.28754053109364,191.84336064965586,191.5979147750789,197.4753262105522,196.19371024344673,189.49751553627576,175.91876299195698,176.48555874200315,184.03020720362184,187.614153991708
493,2009-11-25 18:25:15+00:00,,,,,,,,,,,,,194.4942970893791,193.0492962406337,193.16812366402172
494,2009-11-26 18:18:46+00:00,200.54561555906514,198.33973817350886,194.62942324181674,191.48748523278863,201.31833611534773,206.84658551518726,207.39947217126556,208.03097124182153,210.28633762500547,210.79839665878464,212.20791374669005,191.9192316229536,191.51066808933084,190.85509139508747,185.31845172913737
495,2009-12-03 18:25:01+00:00,182.6164268749593,178.45133926564722,184.13228513740998,176.92728993043528,186.0856515259263,198.88017362045883,199.0060434376835,189.90009755732387,199.2112044131565,200.228477024489,189.23551963998415,165.30643341055494,175.29665614272687,194.54959850960807,193.08044942358538
496,2009-12-04 18:19:10+00:00,175.77149668471458,160.4657738913204,,,,,,,,,,168.02790295674896,177.05016123664925,186.40836512992365,187.46951129166692
497,2010-01-05 18:19:42+00:00,189.2932574658526,184.82714238611078,187.039866016982,184.39154870362412,200.96392211670778,205.1214050933168,199.69178270220343,193.6891527423993,200.91563742031062,198.0204213943458,193.58903165415796,185.0252163039748,178.21416674889792,,
498,2010-02-14 18:19:14+00:00,180.31021056850005,163.9418476096821,172.37899404157884,171.2638301690335,169.2488951368113,191.77309447935357,190.25468284666496,184.18796294298858,189.79090310762717,185.73287145460552,186.81614584551997,168.5284605943033,179.90698708701274,187.06022510109892,183.78175217434705
499,2010-02-21 18:25:26+00:00,,,,,,,,187.38780163622852,199.47365308168784,194.61840334058527,192.88816894205635,185.84234521019937,182.61963648255616,183.65904867587705,
500,2010-02-22 18:20:19+00:00,,,,185.9504721532677,196.1968406251624,208.15142821099636,206.61105965031834,201.22628637109227,206.99635667462428,206.99786324152396,205.00497396041965,198.36141690647776,196.24689847440726,203.04229541158395,191.25222921190755
501,2010-03-02 18:19:16+00:00,172.7376699732017,169.78941034890715,171.17533135478303,170.51315162915216,176.9218695035408,191.26098544306475,195.31525880394696,193.82532439193412,195.35858161074736,181.9290455691372,186.6310667073225,172.3542414542709,180.18169250871256,192.26480359775186,185.52176428239795
502,2010-03-09 18:25:27+00:00,,,,,,,,,,,,,,,
503,2010-03-18 18:19:16+00:00,189.94454610439138,181.08473488492209,179.02355601519236,175.0866517778719,177.13114931767825,188.79849040113427,191.64999339085526,182.25312779998998,194.19664885816096,189.6251688555977,186.36731630289316,173.83771255319107,180.62213759477913,186.2341027713205,184.005324818628
504,2010-03-26 18:20:31+00:00,201.230520181795,199.0757619549841,185.16153192431736,183.91569026037342,195.83049270239198,205.30581109200534,202.92027258857624,204.05066298260382,203.07411229772285,202.1809395949943,202.5808655386569,191.5974590530611,,,
505,2010-04-03 18:19:14+00:00,191.6827224469255,191.40641516589682,177.316260830806,175.08104430415142,183.22360300012355,195.5798106880465,190.10826204854294,191.70181685311059,197.0873743092613,195.3924683899527,190.7722402444145,183.8354546737188,185.6787342098899,181.2310904707585,178.83935304408845
506,2010-04-10 18:25:25+00:00,,,,,,,,,,,,,,,
507,2010-04-19 18:19:12+00:00,197.08596956236664,195.51412622798438,186.02593991664835,179.3460799277492,195.04991444372428,197.29331017897385,206.46262491641335,199.2128509703637,203.27204927099427,202.29941600170895,193.88244891548263,178.33740349749857,191.87869935946313,199.8190822890505,197.12122117670933
508,2010-05-12 18:25:18+00:00,,,,,,,,,,,,,,,
509,2010-05-13 18:20:27+00:00,192.73318392051988,187.30608699137017,184.8358294963948,179.5598653828469,175.73501992692476,,,,,,,,,186.69662037991736,180.9629366363689
510,2010-05-21 18:19:05+00:00,198.88160106671305,202.8677282827599,189.81903868101557,180.85534102135645,192.24146505564397,199.63787481868096,201.5510129587192,195.24735554204995,206.34630661629743,203.1222866059089,203.1843510087312,194.40465243979423,189.75971062483313,184.04368958953,191.8913155389569
511,2010-05-29 18:20:27+00:00,,,185.83754136216004,176.70404431360646,176.89563082936596,190.637680798521,195.06583656628803,188.37139158070727,196.02944684430506,186.9052355747354,190.34262964587657,180.05617066384872,178.90439526992108,181.73702805952018,181.00452365474678
512,2010-07-15 18:25:01+00:00,,,,,,,,,,199.71098343360262,190.7486584496756,183.3974549185354,179.11397132167798,181.74509427676438,185.83759375507844
513,2010-08-08 18:26:43+00:00,184.80347523821,187.12135668174437,187.73572106653458,179.17721737989325,,,,,,,,,,,
514,2010-08-17 18:20:33+00:00,198.66694255756326,192.0900878034303,188.43589690817026,185.08770689685764,205.3854092991985,208.5740661692571,219.80373804122388,219.55148075256454,206.10753003171598,204.45896771454008,196.63550239622333,191.62104055237995,,,
515,2010-08-24 18:26:46+00:00,,,,,,,,,203.88262651080748,201.62363953253103,201.78400599948446,,,,
516,2010-08-25 18:19:01+00:00,,,,,172.47597248285098,185.35809989192393,194.62049759125964,191.20135304750912,188.60258034991352,176.01011546698868,182.2202494208819,164.33366925570476,171.22509276430014,179.58720667342433,184.72586083140396
517,2010-09-26 18:18:27+00:00,182.8374546022035,180.24729225553605,182.8762419724801,176.3663663196095,180.41863628882527,193.5376520427635,203.48061725175646,206.71490139750424,191.76660817210097,183.80172720961806,187.98204536533595,175.7844296557896,174.34293264767723,180.07142303630732,181.65088173048292
518,2010-10-27 18:27:00+00:00,179.5009092526887,171.74693724352326,179.43084000836802,174.77549883680632,185.2954489219524,194.0196538636981,196.6582352551548,189.771707885451,186.01678749266716,181.50597900750194,185.90311242834224,160.6422543292233,162.87804769282783,165.8909939985659,
519,2010-10-28 18:18:08+00:00,181.71850811102803,172.3519563597012,172.2136476344391,170.53598013275956,180.98542601328907,198.3554128325169,198.51214288236562,184.67900273194374,184.21510677644517,186.5766892276522,189.48382742347823,165.99507074507704,167.3068881742129,174.63340933997694,
520,2010-11-04 18:24:19+00:00,,,,,,,,,,,,,,,189.47886151886553
521,2010-11-05 18:20:55+00:00,185.32227770882025,182.88278597967735,184.7450121857746,174.31804411917244,,,,,,,,,186.76497270337074,190.86161956098914,190.42553512848946
522,2010-11-12 18:27:12+00:00,194.06464366700786,189.77218667575607,,,,,,,,,,,,,190.8032301630571
523,2010-11-13 18:18:06+00:00,202.79667145712187,200.82453404279332,201.6615939027194,197.52395395032727,210.7392983567351,217.1622430712538,214.77149604815617,201.5436707477428,205.67581943724446,204.77876636307843,197.98685424410326,196.3021418181142,196.04844385992192,206.7083447606461,196.25896531441708
524,2010-11-21 18:21:08+00:00,180.50599941633567,178.57469164244296,180.53524811402804,176.28171998885296,186.36792175547248,199.71686296461692,200.51562779198835,195.30682691469386,191.71588494187802,184.26174899272286,185.20036351690442,177.06467246109008,,,
525,2010-11-29 18:18:08+00:00,209.38222170234968,209.4946036814946,204.4755076810028,198.74043887835234,216.58711714671804,220.4973056401731,223.26084193416352,216.6772712118323,213.63207602038935,215.61805207472838,208.85196880669446,202.68209328087897,200.74515029860095,202.4112137352348,194.62066024585025
526,2010-12-06 18:24:18+00:00,191.0835634038164,185.2936413408312,185.34708761823106,175.75079141211734,190.10998554929006,200.5018091433313,205.26791968221156,198.46408626128007,197.31683782639985,194.52447702550114,191.70142306883218,177.49677113926867,180.44222939940568,181.5842478516679,182.98646586340584
527,2010-12-07 18:21:18+00:00,184.45105151976497,181.32231971112543,182.9931248441061,177.5942829799185,185.19034460753016,203.06156505299202,204.42490198240847,195.52915629525063,196.68973885764592,199.50256604705135,190.68461594793968,179.4290064585783,187.36725790424424,190.63037933128152,174.58800919031202
528,2010-12-23 18:21:25+00:00,,,,176.41301449042152,,,,,,174.32453884967964,174.74453632577524,,,,
529,2010-12-30 18:27:40+00:00,214.29195008079137,210.29809634957098,205.36968142638813,193.93344238077202,200.8441393371171,210.4431401707496,207.25583028314333,204.8372930110488,209.4564171456472,206.8555097223082,198.5883832608038,196.2605908745376,188.434479895496,184.85493782740352,
530,2010-12-31 18:18:14+00:00,199.85002658360304,194.32411956369253,192.8732462815587,193.1391896359608,203.43625408335475,211.21126124108412,210.44699366436123,202.83316690297522,214.4688463269382,204.3508755253029,200.68224287211208,193.4275709118261,191.35834747676745,193.77091739123196,187.20473479075207
531,2011-01-07 18:24:26+00:00,,,,,,,,,,,,,,,150.77793445912715
532,2011-01-15 18:27:48+00:00,,,,,,,231.3074688163679,209.43522790791812,207.01026834786057,210.8518530064852,212.4387714744158,205.23388883322144,207.7567763425214,202.9331676467712,197.10411936422486
533,2011-01-23 18:24:26+00:00,188.38107443124164,190.7473581841318,186.64171430230033,176.00675956669835,191.17651405026368,202.38106661825265,198.91311912078044,193.09589582141194,192.24389098960657,193.45077624584303,193.9427867423965,179.70171949625174,186.26918668520432,186.61346737230065,185.65702301399455
534,2011-01-24 18:21:41+00:00,198.79996152628797,194.9211028901304,188.69045130947308,182.33439945164127,196.4746751989701,206.7356123318355,,,,,,,,,188.97001841827594
535,2011-01-31 18:27:54+00:00,,,,,204.2280063053597,214.94160176268198,212.2262514726212,190.99449774934075,201.83659331183412,198.2345100860036,197.6221418304686,186.73345596435206,183.3411406281663,187.85855513677006,182.441558482873
536,2011-02-01 18:18:16+00:00,191.37598237261653,186.62206104816917,181.28435465781763,177.01188280141054,192.6133432325809,202.000655697595,197.25129077472653,195.17056522854386,201.08560702803604,198.1365748475317,198.21817268799737,176.6668596143612,179.458261952927,184.96260954777006,183.34193151974503
537,2011-02-08 18:24:28+00:00,,,,,,,,,,,,,,,
538,2011-02-09 18:21:45+00:00,,,,,,210.2681646985369,209.8240282048498,196.20419920799839,205.41811080208538,203.62219865087042,199.92044970812216,196.4362081377536,198.52781878583346,196.2001808747229,193.51412308012561
539,2011-02-17 18:18:18+00:00,176.86904955293411,175.91663138958847,175.21217594962064,172.05051288015625,185.03560602366576,188.9539713651755,190.28192622883498,183.7532932372785,188.66530118101272,181.7962518538131,185.62306383303115,173.7360517441796,174.77184144513805,184.91693143399357,183.19300682295636
540,2011-03-05 18:18:16+00:00,176.11834960201958,179.27213602551137,174.6986385002901,167.66228380835082,183.07789798841003,191.12268286905683,191.01510454714258,186.43263161241026,196.24578131329883,184.5602902759388,190.69210912659824,168.29941834948693,171.58572144762002,172.21716485267822,175.17427160292664
541,2011-03-13 18:21:53+00:00,218.9744082470914,206.04930278282868,201.62789220638655,199.2059250842181,205.64664853728556,207.39105498350932,201.34942223358675,,191.9061115968845,206.45327449643025,203.7520600617736,,,,193.04171648645132
542,2011-03-21 18:18:10+00:00,,,167.06159773530538,157.49335330302245,167.22392647363176,178.31370250104516,177.67039528617184,174.15526240536613,176.24270852386357,175.17194550087413,185.71145041528587,165.9682510495554,172.16774652268202,169.39379647223257,169.98319240471446
543,2011-03-28 18:24:20+00:00,200.53048818825016,195.4767887006646,186.12707817889788,170.886455851857,196.9122390722997,200.78079920234075,,,,,,,,,
544,2011-03-29 18:21:56+00:00,200.9709676564904,197.6553712221584,182.5857856747,,,,,,,,,195.52102610949663,190.26184058893142,195.13353852297814,188.76961363921362
545,2011-04-14 18:21:56+00:00,202.68735649347735,199.88193921743783,189.31577736278263,183.88394233045625,191.9892451947237,201.32920662236666,202.7575081221176,198.29444288091372,205.9270900657751,203.04268597113534,204.1410876294609,199.83807060003215,194.7395477327999,194.7960562793897,
546,2011-04-21 18:28:06+00:00,207.48747945907564,206.4991421133878,201.34520785259645,194.87673640245254,,,,,,,,,,,
547,2011-04-22 18:18:00+00:00,192.30628373937407,193.26542294343605,189.80901621097203,178.56116188772282,192.09072099014026,195.8935841498263,197.02634796248492,199.44811627963333,203.70187005369237,195.97935130087933,188.92996133370366,186.0555454908823,188.5616880027071,188.07988403980883,183.11301362536756
548,2011-04-29 18:24:09+00:00,,,,,,,,,,,,,,,
549,2011-04-30 18:21:56+00:00,200.34944693019878,196.89900552329144,193.02240599389975,182.56413077522558,191.8937800289424,199.50980702848244,197.9768945642741,187.55958984481418,204.52427345098465,201.98858170740192,196.12816021377742,195.60630096924356,,,
550,2011-05-16 18:21:53+00:00,188.397541869151,186.59403635738659,178.21937063846877,169.26333012962016,182.03095268469957,181.22772519230466,187.55193276108912,170.20944594968577,,184.02325886079996,,,,,
551,2011-05-24 18:17:51+00:00,199.3594434212227,201.16003744011172,191.34005910580186,185.73618814855212,198.366300881524,204.03433567223442,206.60673373473276,203.65997509134803,207.16429314486174,205.64405881202325,208.03194529873457,193.80821185863147,187.5328467139979,187.01680639935861,192.63651678553737
552,2011-06-01 18:21:56+00:00,,,184.9265258210121,178.43275787746364,184.24482816159326,195.71184669210876,193.8331885181777,189.20960588640583,196.52169017816863,184.0798241239754,187.5673445554691,181.0890150819996,181.5887836773505,185.23862237849204,187.2775198479556
553,2011-07-19 18:21:50+00:00,,,,183.97171796405132,189.5543665043253,200.0664031643144,204.2269866887343,205.97179604504376,200.5101129780373,194.439984020877,196.88811122464276,181.45136412521487,179.3876998493449,186.22008078568732,188.72653410323855
554,2011-07-27 18:17:20+00:00,,,,,181.8721978411383,190.72288292619214,192.05394522083114,191.6867685549513,186.70649650041972,192.28009118758897,185.27842520839954,173.27582157884012,174.55763275539397,182.58428396326656,184.9584607524119
555,2011-08-03 18:23:26+00:00,,,,,,,,,,,,,,,
556,2011-08-04 18:21:46+00:00,,,,,,202.05098728921547,209.26779183042203,199.6438131118187,202.2438265484074,202.31036548999768,187.33323523120163,185.60182190380297,185.82462407488663,186.700947119369,187.9181883219776
557,2011-08-20 18:21:43+00:00,189.35225778357193,193.63395366493702,179.16629956219384,,,,,,,,,176.61337061684202,181.77590637984397,195.22784116797914,195.1201298928212
558,2011-08-27 18:27:53+00:00,,,,,201.51817502037298,209.8853016118884,214.70308756698947,212.96607598923907,195.68804665543342,195.1721468763452,202.08520915333258,,,,
559,2011-08-28 18:17:03+00:00,187.50419838074225,171.08502880659108,173.72743864908605,172.25398397830722,182.36769413182498,192.55579408121974,199.2504745806083,189.3309763628569,182.97404692866093,178.8463660019063,177.9546321041412,179.67070002521763,182.21767223070077,180.16122531238028,179.7349087275013
560,2011-09-04 18:23:09+00:00,,,,,,,,,,,,,,,
561,2011-09-05 18:21:39+00:00,188.02554702349468,185.18540170273423,184.67174015850435,180.00841402953515,192.55746567513032,203.38186287426566,217.1869288228205,218.77041956218903,202.53077653497047,195.05235438380737,199.98772863595224,190.51020130144968,,,
562,2011-09-12 18:27:47+00:00,,,,,,,,,,,,,171.46014761075853,175.30475914429013,179.2862558885136
563,2011-09-13 18:16:51+00:00,178.33137450590698,171.34540011806303,174.73344555507867,165.9539969324438,176.468100587619,191.5168139144025,201.80478898355398,192.85638457658487,182.8226216009179,176.0689719828974,176.0308296823996,162.43634252135303,177.5512274284211,176.90889002168106,180.48188618045563
564,2011-10-06 18:22:35+00:00,197.37995990841898,190.64326559221303,183.8916202100906,185.1901328884631,198.92942105169737,212.8193102813895,216.94558828623713,213.6879949461083,205.647998723911,201.52226302489868,201.85284305862365,190.49968367723375,192.3702412827266,195.54118085138322,194.4049628401939
565,2011-10-07 18:21:32+00:00,194.40122565504404,190.16642349646594,188.0872509607966,186.76443852027677,195.52004213390757,206.62149795805553,199.68865823826138,,,,,,,,190.57659945932443
566,2011-10-14 18:27:46+00:00,173.87980905475732,171.56452632885583,170.52061056919342,,,,,,,,,,,,
567,2011-10-30 18:27:52+00:00,,,,,,,,,,,,,183.41361475721533,186.51997524596302,188.54102951924506
568,2011-10-31 18:16:09+00:00,,,,,197.71366392667716,208.1819860655615,218.2285786194754,208.03272711849257,200.13736270060173,204.18225300253565,201.42188219923148,181.9100768637138,175.95194923612158,187.21979655974337,185.51391240597326
569,2011-11-07 18:22:11+00:00,,,,,,,,,,201.48927224511098,194.28614227847385,186.49070351587778,183.09987115686124,188.1643780426848,185.51794446993546
570,2011-11-08 18:21:49+00:00,,188.08926569000334,184.90524257809494,182.48001362358588,196.39486426459,205.81630097903894,208.71590542264119,205.0779334409774,202.4474671804536,204.81283764009382,197.64881681057568,195.79995661633967,189.2216163019101,191.73683102263772,189.1049655057434
571,2011-11-15 18:28:04+00:00,,,,,,,,,,,,,185.1351522750853,189.07720523130422,189.84437790705175
572,2011-12-26 18:22:17+00:00,195.3466689325752,185.20973780980933,187.07663486574975,188.24975226380627,202.57534705569054,209.00561888994628,208.72637666579044,206.22507104270971,199.1750537550222,203.43825598290954,199.53004802713284,178.00682508804823,191.84210936495998,197.97358230504904,182.58086220751727
573,2012-01-02 18:28:31+00:00,,,,,,,,,,,,,,,
574,2012-01-18 18:28:31+00:00,,,,,,,,,,,,,,201.4568393381802,197.5698375505578
575,2012-02-12 18:22:27+00:00,192.6062380598993,192.38831436310576,188.16727300528422,184.2383642467729,193.3507639037088,197.1595458271484,188.47773610469028,,,,,,,,186.38568208506484
576,2012-02-28 18:22:27+00:00,203.83747640210134,210.69387333041675,193.57759552379912,192.30786428876831,195.37474117491612,201.33986519902027,199.9700879718799,198.58361045966421,204.68860898639474,205.28363458888572,205.00694860152254,201.4601856751976,194.36587680044573,,
577,2012-05-18 18:23:02+00:00,195.55635357043292,186.83806515586096,179.39883079876682,177.81945433723834,189.71148675004528,196.08882491146454,192.41745807073625,188.41658181393757,189.15965313755493,188.6781707795353,189.0428648846052,,,,189.93533322873012
578,2012-07-21 18:23:11+00:00,,,,,,203.3513906864469,204.27639825853413,206.20009324431803,198.80837956696706,195.4368024005865,191.60391744203434,175.645861906596,176.70544372726567,187.74337437757129,198.4963442803711
579,2012-08-06 18:23:21+00:00,179.97916300642862,183.64089695480644,184.98531801181298,178.127226877158,,,,,,,,,,192.39403331507484,198.2631386223693
580,2012-08-13 18:29:37+00:00,180.48854209838362,184.98732046192492,182.99032624048078,177.63270147400937,196.54432076607804,209.36214972595099,216.49447352617028,215.43396534264468,203.20886814112677,201.52004354563462,197.3542804493559,177.2767231245125,167.07587989774888,,
581,2012-08-22 18:23:32+00:00,,,,,172.08721948928547,,,,,,,,,191.43225669875545,201.64999798128682
582,2012-08-29 18:29:46+00:00,180.79915972216133,186.535127148748,181.20794340659808,176.7013594020371,198.67093947310684,210.54236154229235,217.77292650193874,,,,,,,,
583,2012-09-07 18:23:42+00:00,,,,,200.4259381836157,211.97256688925677,220.41903273155862,220.54606175206433,214.10405671727062,203.52494058138228,198.39420479325622,176.4589003861788,183.0418936328228,195.54272128125336,210.92927858440106
584,2012-09-14 18:29:56+00:00,183.3951063558549,177.9449263570673,182.39186521972258,178.16251831423156,195.61082157797446,208.24279238327836,217.1425051575788,217.82472027310757,205.44819309263866,201.81818612360053,196.07914604856535,181.41881999647552,177.3288694158374,,
585,2012-09-23 18:23:51+00:00,195.21904473712075,190.21347544555832,181.6748228146734,,,,,,,,,,193.29752575022567,190.95797392214558,202.38400632587442
586,2012-09-30 18:30:07+00:00,183.82266241769372,167.86258689322835,176.06363838265577,180.80466907185854,189.8569161823685,202.92050101442123,210.8866837564839,213.66875899625185,195.49972565047364,189.77107975584352,193.41979464000957,185.6086990966587,,,
587,2012-10-09 18:23:58+00:00,190.6254071777681,168.15534850399683,,,,,,,,,,194.2402296344938,185.3832329661929,190.73205014006538,197.42468021945336
588,2012-10-16 18:30:15+00:00,200.49540360431843,192.44004366181318,207.0835211113835,206.31845792966058,212.9689537448288,222.30346337731288,226.07760310923393,212.86421235962126,203.38504624314365,201.96158995945473,192.5510174486235,183.7581440429947,184.62712885931637,196.70972396013323,
589,2012-10-25 18:24:09+00:00,205.81469598001712,200.04699517505264,202.2986255205114,202.70876260245896,216.49952885713367,218.28607525415185,227.52404508059354,217.0274635115381,205.7171626445563,205.2241730878085,203.44583064342544,,,,
590,2012-11-01 18:30:21+00:00,,,,,,,,,,,,,,191.17551804856504,189.65725662567087
591,2012-11-10 18:24:13+00:00,,,201.4435895947526,194.7666131080352,204.7780108335849,208.9145986825193,214.45663122525576,208.11040157990735,203.79847517440592,202.42481325664423,195.69708361271557,194.1135158640077,195.17643212324788,192.40024345317477,187.7103957952961
592,2012-11-26 18:24:19+00:00,,,,,,,,209.15324641910686,201.00536479973138,192.07467202251138,195.95854394408627,183.4562140031236,189.42996725350656,184.33729657946327,182.2463267137482
593,2012-12-28 18:24:29+00:00,,,,,,,201.4446227476696,190.70566423376633,195.09624838901203,190.80023893164253,187.70303839083732,175.2914253524172,173.6393597417446,178.44277737779396,182.22345830548682
594,2013-01-04 18:30:40+00:00,,,,,,,,,,,,216.34640669549879,201.50711435122207,192.28389117221656,189.3192258038658
595,2013-01-13 18:24:28+00:00,195.37930523532185,179.23637865577984,,,,,,,,,,179.67083030501811,186.3645903044253,190.62494331817823,193.16834416558657
596,2013-02-14 18:24:32+00:00,201.76262715148124,199.07849025937077,192.18251116267348,191.57667586208146,201.92923715092897,208.0873743028751,205.67957820470883,203.00890963159736,203.39212139974032,197.13461347722574,199.08178391564985,197.12075415855196,,,
597,2013-03-02 18:24:28+00:00,201.02445143053262,196.73451949424407,189.8005797522321,184.53281147679135,202.34230648919763,209.24107729442107,206.53395713486816,203.25368233492034,203.6227514099591,198.66973412549805,192.06503856704228,194.46025469065768,192.41446830960172,190.59449755194055,188.65797148267467
598,2013-03-18 18:24:26+00:00,,,,,,206.79262634039026,208.26176740620923,205.77140318832608,,204.35498172297144,196.69287946697966,196.13311763273435,191.9007329964919,191.73329559874813,193.36109460893888
599,2013-03-27 18:33:54+00:00,193.15921137536714,186.9953733139322,185.97348479626305,184.28097308797027,197.4382498427318,207.1804679157383,207.52402191619802,206.77909019176616,199.29159535962754,200.0445411347818,191.88930937400232,186.95692546455444,192.28172766561738,196.28116751622045,194.68871060457752
600,2013-04-10 18:30:32+00:00,,,,,,,,,,,,174.26625439651212,177.2362341535573,180.28287147837617,176.0834067513604
601,2013-04-11 18:30:50+00:00,189.81436422167303,186.70275285957013,189.05457085835747,188.5922664973872,199.0880337262406,204.5607903869581,195.42239325699225,193.8712873251884,193.5122958865436,191.03916930847038,192.21990170609055,183.4633245542865,190.66063814927134,191.04141495545286,183.93323943598506
602,2013-04-18 18:36:19+00:00,220.96082092078257,216.45637640564365,208.69150246430917,202.0505015544759,209.12783322628337,215.2727962936246,212.77859476242415,212.19419306488606,212.9268722990644,213.56348418017848,220.83877714059855,211.6408897303956,211.78717386237201,212.50498431992816,210.44269112786736
603,2013-04-19 18:24:16+00:00,,207.68912713476126,205.51350367414153,199.57545960888422,206.19550908343666,208.52076035309574,214.02252522855878,211.9461962145321,208.23611110467482,214.1132882723722,206.26453437801143,208.53384330262662,210.3550015892077,208.7606791422923,208.0693314558423
604,2013-04-26 18:30:25+00:00,,,,,,,229.75172478418799,226.43332233007996,210.82083139221203,206.77076159548244,209.5811436523478,196.55484193838473,177.35989732584105,193.59341639338294,201.99418881192594
605,2013-05-13 18:30:40+00:00,201.32729493115062,187.3775670148664,189.46319283924893,189.11825365112696,203.4979285310915,211.2285495344817,225.0101509783973,219.45845733450705,205.77369821583164,198.40671702296856,197.46015768492,197.1543873318857,199.12558724402896,201.15084623154954,207.95749420961073
606,2013-05-28 18:30:18+00:00,,,,,,,,,,,,,,,
607,2013-05-29 18:30:23+00:00,199.42509761104097,197.08874930088223,194.69055034583056,192.10127225168816,201.3518066769892,207.9074066170923,210.33532354733933,201.65055890204636,202.16932971123958,200.36682873578368,192.56058725443523,192.5600736273248,194.26260955406565,190.12725268478778,186.70880756113766
608,2013-06-22 18:23:56+00:00,,,,177.9015799427457,198.4851603325278,205.94576300772,214.71088138839522,210.13315511879802,194.89250754438876,189.490620525821,184.14936952687063,182.19759815181516,174.4117106008447,181.2812421418633,179.01439350895492
609,2013-06-30 18:30:42+00:00,203.68363098578453,197.85188751025657,197.08633778495522,196.849681834239,205.1764342956555,218.22123984210802,230.87528038097432,225.40312152155514,210.32988603919281,206.23481844969427,203.1573692498896,193.28228346439693,182.97088216852507,198.78543811778695,209.73853531803496
610,2013-07-08 18:23:45+00:00,195.0863647980528,189.42343069019063,187.50481107386057,177.0126986564889,198.7137037113512,208.99459419333732,214.54182555308756,211.68657736249747,201.96037958180455,199.86837043153787,190.85392977566875,178.26719647783122,178.2204600662747,181.0620307510494,187.57763388143957
611,2013-07-16 18:30:42+00:00,199.287670674346,197.27528223566256,194.97199347692566,186.5675258873338,200.9107738625896,215.69646955549095,230.2843824772462,228.19413480557128,210.68595852477148,207.20013274246165,208.01134831145524,189.41985285666237,184.81258090526762,190.31133568204586,203.85627717309657
612,2013-08-08 18:36:31+00:00,206.6575090439198,181.7973563467,197.5327725257426,196.6644645756591,207.13082760237342,226.56128801156797,235.8328711437391,229.0803925390395,210.002506925379,208.5778293436688,196.44655369128282,195.24197841347365,191.903782279255,197.93418575637986,210.83121861210844
613,2013-08-17 18:30:44+00:00,201.39483356008412,198.72076231930492,201.50184326997214,199.14410780952056,215.59642972377918,225.8223293656397,230.22809987574425,220.87105483648358,207.10135665173732,203.8655538416767,202.8563919710765,203.71019901187827,201.55033562830204,198.29494319026878,202.1750404988715
614,2013-08-25 18:23:43+00:00,,,,,,,,,,,,,,,
615,2013-09-01 18:30:00+00:00,194.57829673282734,197.308945944385,178.5529376575152,,,,,,,,,,,,188.12326239780853
616,2013-09-02 18:30:22+00:00,197.55723585255083,193.57848085277675,203.44418405862314,200.1756640593211,211.51748663695375,216.30039575995892,224.13203992394477,224.1198450458285,213.07762624695755,206.8869323552158,212.099745034828,197.13297285044072,194.33234624511417,191.012667808763,198.0594049807849
617,2013-09-10 18:23:56+00:00,197.19610014799346,187.61105452598724,192.87321545762708,191.9450713150629,203.0197624738613,217.9412215527513,215.46884048835187,220.98780297962753,202.34150960442093,187.60009233731313,198.06221230355615,193.41634047977433,172.42166089908278,,
618,2013-09-18 18:30:16+00:00,190.9871444748577,182.7295706746211,187.0049836702524,186.1206758029202,197.44933282030405,208.6655473239645,213.69519075879523,208.26638355833367,192.75783110001527,189.61871451695833,191.8812600324959,182.50276443532113,180.3979047227893,184.81227434205294,185.0759706870106
619,2013-09-25 18:36:23+00:00,200.97292233164188,193.90953925510897,198.71799386783243,193.62421233923715,203.58114542051823,213.33038873522275,216.67931267136214,211.8311610018137,202.22488330251213,194.55490081887623,194.86263113412707,193.8178526578313,182.43990375663768,192.09100024534104,189.90030254202452
620,2013-09-26 18:24:05+00:00,,,,,,,215.37353894537517,206.34176658676995,204.770247520652,199.279272257021,189.6654086510074,183.28815957607003,175.28725055636878,183.08320302170517,178.68934112029325
621,2013-10-12 18:24:18+00:00,202.47673478288067,199.19530209801457,195.83704367190012,190.38753415093655,201.57304893238168,204.47206471136485,,,,,,,,184.5326080252765,184.19991982086415
622,2013-10-19 18:30:33+00:00,,,,209.66586407162157,218.13966737439256,230.21585552105515,236.72583771052157,226.68281958776979,209.00471959739218,208.74884155143528,208.83259964992658,186.19770168636686,187.69338427727644,189.88774618224676,191.17199420951926
623,2013-10-27 18:36:14+00:00,203.42963400872367,203.3982865413104,198.08795423060604,195.54781729603033,208.07916816161244,218.7189269961701,229.25727061779952,221.6006588550088,208.10249241787045,204.7416563626996,202.91372797890511,195.23228453003432,190.57699665004725,193.29666813335893,193.15197890368387
624,2013-11-04 18:30:37+00:00,,,,,,,,212.27892111237907,194.7085369617859,192.879617561891,193.61651659354388,175.3970217305632,178.71781119834122,184.14143864686713,183.94992914198826
625,2013-11-05 18:30:28+00:00,190.783864972378,190.49754031423348,192.0446155413321,199.3898161729279,198.6271972960796,216.93114840974278,215.26145234348994,207.09046066616446,204.55091111221537,202.01619230657585,196.6302946805675,187.75165704354424,184.92512340438668,196.67961226506742,191.61444584034155
626,2013-11-13 18:24:30+00:00,,,,195.897109248615,208.10980616536392,213.82608880659396,224.79199185984865,217.63322138817097,206.45869196798688,205.5170451466895,201.4683957343463,198.55028450412115,189.5957851653053,190.58861408167672,189.16841699029442
627,2013-11-20 18:30:41+00:00,,,,,,,,218.36808519321897,203.65262278439758,203.8315488587839,198.32504107635782,191.40878879444602,181.2148726661269,193.88190399541404,190.15179519531944
628,2013-12-15 18:24:39+00:00,198.0426555642046,195.13135228346079,187.89886636412365,184.47108040572385,203.7156044940409,212.7523858709162,214.13164875950878,209.42648900094915,203.4180135236665,202.95463364803965,193.64556262012047,180.07478798992622,180.50767458772867,186.99982195613308,166.93534455645278
629,2013-12-22 18:30:53+00:00,,,,212.4050635564947,222.64066050776214,230.24264487416605,234.54227772463443,219.30648565289445,205.89953532002986,204.52158978072404,206.8040163548604,188.65286957999473,190.86093164056933,197.46747778348757,196.71263207990728
630,2013-12-23 18:29:47+00:00,203.1934753818448,203.75275525155703,198.93269419744053,199.68720503007813,206.8499344583039,224.65432569561176,221.66028257357772,214.78208522967134,202.4593003685399,202.61507408201646,202.4588957121154,194.06266856487315,185.89529561176874,192.7349407637712,191.43047918422337
631,2013-12-31 18:24:46+00:00,187.67849224899555,191.5372908459903,179.33195402767427,185.95426895816388,198.65749295447597,210.0139425181913,212.078109709354,208.33861890476496,202.54395378145972,194.89384124935228,197.69251758695435,191.1811430278455,184.41407536237554,186.05530810402223,177.41941293662268
632,2014-01-08 18:30:01+00:00,208.2466093909689,211.2219877175243,200.0131258930826,200.72835029473254,211.9572411858611,220.9091627379923,224.80006056524,213.4318033623125,208.7573890995185,210.16609736338356,208.28560028305372,200.05080996937056,196.88100625080065,193.55575036454036,190.0277260067313
633,2014-01-15 18:35:39+00:00,206.7914557976717,204.634787321113,196.51307646198254,195.41552875242343,211.284419574469,227.120936885202,220.68585978302474,198.20969896469546,202.78595716260335,204.3036510909594,200.06683905831483,191.5914866269284,185.76609218365115,198.62489370666964,195.36252239660587
634,2014-01-16 18:24:56+00:00,197.5778308997604,203.60296489160828,188.532060379858,183.43719954999898,204.23741900255175,210.19065006294545,,,,,,,,190.76167774034826,185.64960493466296
635,2014-02-01 18:25:12+00:00,194.5885963785417,182.90614044309422,,,,,,198.88906395404243,202.2565302636939,196.6081723239525,192.0669865564773,174.54476983761157,181.8498623999504,193.33903418154154,189.2487130788944
636,2014-02-17 18:25:02+00:00,190.46377838978975,184.86081714163527,184.7912139769476,180.5174878862944,196.714741617205,204.71047095951906,197.5556753639757,186.15229466956757,195.45148547230997,193.0900270265422,186.6253236143726,177.96817356317507,175.95302191863715,176.88031926540458,
637,2014-02-24 18:31:13+00:00,225.72849811757138,220.97467047969803,200.27677470997958,193.80954915060596,198.91406976084747,208.31005582565507,205.00455738396474,199.31285056762323,207.61798954211412,205.88089048978895,202.52389202339515,196.2324297087951,192.03281180548817,,
638,2014-02-25 18:29:26+00:00,213.02474788176352,209.96807012452297,204.98517036719383,202.33307669504765,205.89518986995935,214.49858460129877,209.34899725635415,207.04782509912854,208.048587397517,210.74266845296253,217.72377784640548,209.39520195302032,204.23685845271825,206.4396731444454,199.33918606531097
639,2014-03-04 18:35:05+00:00,,,,,161.78913953366947,174.22260238931597,178.7234210472316,170.36457900942142,174.91041122803836,172.11464442393455,174.18502038261758,,,150.82479573380192,157.23382999693547
640,2014-03-12 18:31:20+00:00,202.49150962235683,206.89638310288063,196.4811392391012,194.09614544561916,189.96246422735524,,,,,,,,,,
641,2014-03-13 18:29:15+00:00,204.56219024093969,197.38870642791932,199.3877390148485,189.2855714442901,198.02652443509572,206.0309349773604,199.314982735657,194.71640056316824,208.37718956381718,199.98929883226896,209.53244739118406,196.17958352108673,187.81213785709747,189.2336213492706,189.48900567363097
642,2014-03-28 18:31:27+00:00,194.45383426636417,193.01462839127726,180.72361989207357,175.66296350615696,184.84279790843365,,,,,,,,,,
643,2014-04-06 18:25:18+00:00,,,,,196.77074174452804,205.75772487232746,211.79310409592205,213.58363535447262,212.98578358756615,211.08891233217244,207.07032183748302,200.6444930852874,189.46665333328315,195.67944792148302,186.76294019875968
644,2014-04-13 18:31:34+00:00,199.7837034003323,198.94396261619602,182.13293827698539,168.84971193976253,181.31527095640868,194.06131668150817,188.3965843361497,190.96685337583253,199.79509497017756,199.59105323292985,200.96522010220173,177.71330519198045,,,
645,2014-04-14 18:28:42+00:00,205.10840962910805,193.95217706508947,196.27269612491492,185.04856719639406,187.26092205115032,204.18626565097503,198.6923273332834,197.9653338110379,204.90299492093573,204.08623812293789,193.57705256200583,185.08580462523338,183.24243577813894,189.3783762309016,188.34503529173855
646,2014-04-22 18:25:30+00:00,214.54832172860367,207.34087639404592,196.80888833817386,188.08577080237382,203.27665997282242,206.8325575052921,204.83730305324224,209.22832339988415,206.77556029480016,208.65410705241052,210.32177831366226,213.01601522963128,196.33720204876636,200.38958275304026,198.90498431643445
647,2014-05-08 18:25:34+00:00,212.52153033746004,198.46749686171145,186.75108900415603,188.43821551418733,194.52173786744495,206.5137827207608,202.86146008395946,203.6547417227116,208.06680140558677,209.87325917745724,207.11298470654754,196.38231591096363,189.10653818841675,188.93083961617762,195.88664581426093
648,2014-05-16 18:28:15+00:00,192.6091171282755,187.7531649339454,190.40697596448044,185.2994496334103,187.78185286905438,201.17632685731633,196.93899435848715,202.08100214053786,204.50625524928193,203.01152317655755,198.9372160604199,187.2133845759648,184.16285793678605,190.46998415255007,189.72174345042495
649,2014-06-01 18:28:20+00:00,198.69806957866086,196.34327012168944,188.07043220364082,187.02121622450736,194.8306188961358,200.1510947442014,203.4172123209716,196.9044189123125,204.74383764030821,206.34339309378774,200.80213341390947,192.25384646069392,187.9316906088397,193.98958501516466,193.88298563824972
650,2014-06-17 18:28:26+00:00,200.7364762386961,192.3160466553612,194.43046781026055,189.18950566014996,193.6227571997596,201.89525755041234,208.37022451261896,205.26379268303265,203.81394564984748,205.67031717251544,201.7893987981422,193.9506126922575,189.2534472276925,193.25802876400866,197.64506435754998
651,2014-07-11 18:25:51+00:00,189.498878529376,192.8160751389094,189.52867871676108,186.78126461024328,193.24321099345505,199.8627207888112,206.77722586990032,211.73343762658516,173.69388795802192,196.14896087131225,182.3489033618178,,,,
652,2014-08-04 18:28:20+00:00,198.70715729151055,191.95318271095317,190.64426995888624,181.61594626046215,190.37040617340637,206.5809766117469,214.14127787050376,210.9087923395062,203.33865004348587,201.3073341255876,202.28384933119406,193.777531885961,191.57154228333656,197.1601766389193,203.3630830937308
653,2014-08-11 18:34:33+00:00,,185.88841715603087,187.94245747354398,188.41662717761443,183.92651978945258,202.38032241269298,207.0096077496411,213.3316560164928,203.83296167876648,204.76570357199716,191.00262524830606,192.61959230696917,189.36942272878477,198.09381212650663,203.70384109730384
654,2014-08-12 18:25:59+00:00,,,149.24445793308274,164.19610604450074,167.1781356037234,,,,,,,,,196.32013265283615,193.65846630970395
655,2014-08-20 18:28:24+00:00,202.46191511392843,193.9134139415992,192.9826870999314,186.9378297075463,196.74717463319047,211.70190009058928,217.0377148498266,213.9175911652215,205.79130346034637,209.0763902104349,210.92839761407004,195.87202277451266,194.3895157255617,202.80191941981525,210.2015466469227
656,2014-08-27 18:34:35+00:00,178.6939166138713,170.28516758702438,172.28523273408547,169.61044638608507,174.7503870086896,193.9009441042764,195.06905500058858,191.19214445122725,179.353742536509,182.2430068725385,189.22635337976573,178.29302404848625,176.77840177231155,184.64328663310954,181.99661238766362
657,2014-08-28 18:25:57+00:00,174.05137777910244,167.51944099290762,176.15054820384728,166.29687027825008,162.07268024450266,,,,,,,,,180.43484150774228,174.68894822819686
658,2014-09-04 18:32:09+00:00,,,,,,,,,,,,198.1830199160035,183.39601771634426,189.80280355611575,194.932044873431
659,2014-09-05 18:28:51+00:00,190.48884856520624,181.76625014135672,184.98208444860978,180.31620580732897,190.15467078527422,206.6342522607123,212.44162005803793,211.01226989150226,199.46209866739105,203.55465700403533,198.40754248572213,195.4474037057164,181.1973224450515,,
660,2014-09-12 18:34:39+00:00,183.7187278004224,172.9354144956621,188.6622840870571,181.94211355623383,176.54381402692357,194.47583656074093,207.1254334369683,205.13164556844174,201.9421727834,201.8289003944607,194.72521759479835,176.96512020551467,179.89562154219283,199.34566467734538,189.25928914921826
661,2014-09-13 18:25:58+00:00,,180.59797735020035,191.39014439091164,170.78437744309238,175.53871447553553,200.83102917617407,200.91672983743535,193.23286436053348,201.6265524458518,201.595600020429,184.7918821758767,176.32710790159115,177.95397057785317,188.72099033919545,187.1370837615358
662,2014-09-21 18:28:50+00:00,200.7228642221337,187.2762538303029,199.30997787116797,193.55713341938855,203.28069867966266,210.6677928061433,216.25657001001036,217.64911070896358,208.88851514804836,209.05473185678878,212.07816157178235,199.51445284915752,193.95514679168912,202.62088354277114,203.43480055790548
663,2014-09-28 18:34:38+00:00,190.54681495898578,173.04951937530075,196.85142859210487,185.2470813879521,189.61794853004977,202.68848719950637,207.59672903689727,207.3904157732124,205.10654790698777,202.60255010640705,195.10067419864663,182.21145411323187,184.31893891494377,190.8472767995845,187.30824100529202
664,2014-10-07 18:28:31+00:00,177.4313769148372,174.14389075648717,185.2335392903484,177.58399248027575,181.10663749266507,196.94604797102323,196.73502992510225,198.8772929475412,189.86023282740746,187.89925268708464,191.37483250084725,180.76723265932276,180.61671976688248,187.9331449594808,192.3448694275481
665,2014-10-22 18:32:35+00:00,,,,,,,,,,,,,,,
666,2014-10-23 18:28:57+00:00,198.2519882725773,182.50504628422783,203.03919444752643,201.6766754531224,198.1672584248556,215.64885661509024,214.78539585039113,213.92152629859706,207.26717968004496,204.62079375973747,204.9996652925638,195.9983645791304,193.2698646893385,204.81921237515303,204.4284992529685
667,2014-10-30 18:34:40+00:00,197.85175093576993,194.94220981967914,197.80609220413214,204.17049015401437,204.1262850909618,209.62351313809177,211.97752183927653,197.87588994693576,201.38356312888624,205.6507536286356,201.96448317199443,205.2486174489689,199.6496063524649,199.04232008882028,195.34692749623238
668,2014-11-07 18:32:45+00:00,,,,,,,,,,,,205.43912428885966,201.37615080075346,204.21879535244636,199.48484224514817
669,2014-11-08 18:28:34+00:00,181.57555904267699,173.82990435250787,189.0566876159318,182.72495627049312,181.98697184608284,196.40785059492254,199.0192217028207,198.56319348590887,201.96225084613127,200.70168854614315,194.15894698673122,181.28578886298203,181.1169908095573,188.8944560234459,183.03289428501813
670,2014-11-15 18:34:43+00:00,198.8262346950443,190.60547576759384,184.89110480423082,186.53425103650102,199.3348198619915,207.6228794342909,204.07251722508408,193.45265458423916,204.04276407446034,198.75630587285798,198.27762128544634,206.01009835527253,203.3933638929274,195.57590303732178,192.38337517509945
671,2014-11-16 18:26:34+00:00,200.08041840403996,,,,,,,,,,,201.8455989079,195.79902485357593,190.68318992053352,187.15280318249597
672,2014-11-24 18:28:31+00:00,175.18313326608765,166.76447766631662,174.09155629440738,169.82837402086423,181.82033870348147,189.83524996882943,182.6092574118191,176.99254795926066,177.74308709391812,180.29066784247755,180.68044412987538,164.48927297346054,171.50763699065266,179.6479131925787,178.1561536126506
673,2014-12-09 18:32:54+00:00,,,,,,,197.98076824518077,192.13832111952723,193.93594896845713,193.93060694134186,190.35800287618127,177.91347162069337,181.30343468501883,187.891350006758,185.8701073810858
674,2014-12-17 18:34:38+00:00,194.74050389501497,176.56915624503898,176.4868911904048,170.7598315289805,192.1193926109225,203.6337578103633,197.24870701809726,197.31414499447155,206.68513239159586,201.5811334609303,197.18962966361963,181.59274012827842,187.2941244955639,185.82187603469447,183.71498620511085
675,2014-12-25 18:33:02+00:00,,,,,,,,,,,,,,208.65646959402082,205.4752716249274
676,2014-12-26 18:28:49+00:00,184.34661016704283,170.55809179214538,187.55338069090115,182.0939929498399,183.16408311138446,192.46550387930054,194.5979516220518,193.25945857798916,203.4317863724279,196.31927724148517,195.73027847072956,185.4390327281798,182.09178638771942,189.1118003521168,189.18446945984064
677,2015-01-02 18:34:32+00:00,206.1300670198507,202.00226959300306,199.76174404945735,199.63595125494174,200.6843982856314,211.61502132314558,207.00937871692622,207.92178704003373,207.85907151649272,208.25053252528465,206.06895063315528,205.9197722691974,197.63227227094237,202.55835490634274,198.43288955562707
678,2015-01-03 18:26:52+00:00,,,186.61051262391328,181.2596980107088,192.4190879501764,195.90103272695657,198.35588492668438,192.09613137355524,202.42722915309588,203.0468075370496,196.62600891515183,184.1608120969202,186.27077763867908,192.54807551493894,188.32595189898603
679,2015-01-18 18:34:30+00:00,,,,,185.16005499275354,191.94349812272327,188.1416415908198,181.37131644910002,193.81548180729968,186.33775969583562,187.6731519847856,175.00946826931673,175.14157994182705,179.70094597001935,175.44447270085163
680,2015-01-19 18:26:52+00:00,191.81997472419965,179.29609293434737,181.9875508082868,177.84280244160772,188.9589290085268,199.41168032899597,199.72174154524768,196.464709989884,202.37621032125918,191.22742070880082,191.7861885328686,183.5778712836767,186.58129755402345,192.2896790219134,188.52289230846932
681,2015-01-27 18:28:41+00:00,208.16560864984405,202.616190925546,194.67805595894717,191.87988801539416,203.80704860840927,212.93029050221804,207.70133849245673,209.9093135391314,209.90671040158247,209.43287579380677,208.05293912018436,205.31524536003485,205.0113526518735,208.1648767578695,204.82894494949966
682,2015-02-12 18:28:09+00:00,206.63587027445425,197.90078970013587,193.7595362938368,189.9752921150715,198.84350912915647,210.51714909388386,205.47796618567088,210.13906363356824,209.0575888095064,207.22933989567184,207.56602523136195,204.41724863849726,200.29372964517898,208.554906676876,194.65402086450655
683,2015-02-19 18:34:19+00:00,,,,,,,,184.73201775792305,192.0988610199108,183.81578578369104,183.5468609733168,179.21855070066192,175.67728892610907,180.26658581420622,189.47566754853057
684,2015-02-20 18:27:06+00:00,182.78697040254917,177.04338340058138,186.51333227600998,170.96086720331039,179.13308233398425,190.84704454802966,189.0072609146439,189.42542939919275,193.57821831168985,179.69189155089492,190.5212731923958,,,,
685,2015-03-08 18:27:13+00:00,197.80140998366744,186.50881830773244,192.6467076343886,183.16981032407898,186.16420655303892,179.81344977002874,,,,,,,,,190.6095071102659
686,2015-03-16 18:27:55+00:00,206.5490068271609,194.59074989260125,190.1939138573914,187.34049218434058,194.76348754632693,208.71638978937958,209.659986486283,207.01928038989058,208.05372168597555,207.11391112106674,209.25339702332968,200.07512938845574,202.9067851042552,213.16637890176688,211.99132677641273
687,2015-03-24 18:27:22+00:00,,,,,,,203.48802413605546,195.01409362030287,204.41772220267737,202.3217447652143,199.984013336507,194.23758219089603,195.79158121575801,201.52291243050917,199.67981891892043
688,2015-04-01 18:27:44+00:00,201.67474419319757,187.3005155367192,189.1738777508822,187.5971711952935,189.00867086684946,202.00156254435598,203.33316680598068,207.7087523528874,206.54476730691187,203.90013641025604,200.4680490881209,191.82401223404077,186.44159373706157,197.25248767032264,204.13772810861929
689,2015-04-09 18:27:30+00:00,209.719884406196,199.88557585953333,190.89994402054322,191.35067983623836,197.85730419841803,205.99127821060205,193.56656709550347,,,,,,,,202.3118337645173
690,2015-04-16 18:33:44+00:00,,,,,,,,197.61438830126684,202.70754982821725,198.40344208530712,198.13418661447355,195.99892163023907,197.12116877780326,201.24580067659474,195.25549442632823
691,2015-04-17 18:28:06+00:00,203.05527231834006,190.22826859505437,186.94419122182836,189.16309643708405,192.1064776054945,202.98571110953037,204.67272668475962,196.46909728652832,204.32695025578658,205.18503046199328,193.65672161565843,196.71342752873153,198.20440624312823,204.33109976828547,200.26932565192493
692,2015-05-02 18:33:49+00:00,194.06192778323057,180.52645586104364,177.1506516506211,171.04499597110816,180.62036680497914,190.7575212432556,191.0875446733596,177.95423945392702,197.5896258089636,195.70579689168403,184.913095904974,,,,
693,2015-05-03 18:27:54+00:00,186.48049568567694,179.34378758756588,183.73883795895676,173.30074580940823,180.27822462187953,196.74270341343524,193.83454823136012,189.3091778264506,190.52599383126608,188.52911731829136,187.81421808009526,185.48399078203124,186.06207375173122,189.5331481745646,185.8259171537694
694,2015-05-11 18:27:44+00:00,201.9197229683905,195.66199034856862,,,,,,,,,,,,,
695,2015-05-19 18:27:22+00:00,194.19713041398546,176.43776348871407,187.95186769812597,181.39288236447666,183.1843522553092,196.46130633511868,202.4021743294859,192.6527134425525,202.99441399143308,191.84914286935154,199.1182112007687,184.55196953668212,182.689840173486,190.02983935675854,191.4746376520198
696,2015-06-20 18:28:02+00:00,,,,,,,220.62149026802263,212.67693346995566,205.41165014725328,202.48541557461672,,196.9390056243126,196.478615952949,204.9282312033037,208.79493532506802
697,2015-07-30 18:28:06+00:00,179.73374389450697,175.4239146904092,172.41342536717968,166.67122936455945,175.98814551030395,192.21808861373873,200.75477128045787,190.27991475228072,194.23824737994192,184.1761410992076,195.2278041399436,178.37317649676532,174.42301521601547,186.02878899345217,183.8312539769179
698,2015-08-07 18:27:58+00:00,199.64649287995667,187.42946216656213,,,,,,,,,,,,,
699,2015-08-14 18:34:13+00:00,187.8893275955012,173.91692332326807,177.59709050872218,179.61360590318117,186.4141454926605,200.14497142473576,199.5298742625701,190.3929957952893,188.74722712776838,192.83949026266538,193.6535574485605,184.11503043883727,184.65654453918992,192.56445407112068,187.7411157155403
700,2015-08-15 18:28:10+00:00,195.28564043609322,182.58713629306197,191.4760054866457,181.36519390662016,191.26480965627064,186.21758528979728,,,,,,,,188.71502699274293,189.1931096943931
701,2015-08-22 18:34:21+00:00,196.635387544644,184.46344172228805,184.29612174035438,180.08738586086156,188.03284581299204,207.22897433620912,190.6270570795096,,,,,,,,
702,2015-08-30 18:34:19+00:00,172.84079735898723,170.04292921225866,171.27529622673023,170.80205963560985,177.28998451859857,183.82455155569306,192.42641615558745,190.2953037541439,192.8330824463202,182.07412427309026,183.15199357238478,173.22945731236968,177.270400151033,186.22302308574638,181.55690866297007
703,2015-09-07 18:34:23+00:00,,,,,,,,,,,,191.51674568310534,188.51142817324052,198.268792817294,198.13096210920276
704,2015-09-08 18:28:36+00:00,195.21163664777774,191.48876810830413,195.20926443427692,185.16948147528126,190.5491945704843,204.7419773075663,217.95771145438925,212.2444824389974,200.22925722773408,203.79427721774707,204.96091962618289,196.89399166187764,189.04119325408357,200.32369562398097,201.7194723851827
705,2015-09-24 18:28:43+00:00,194.20283380677898,185.76137376846714,188.81437665938432,186.88014925569274,197.54846586204349,209.0813097251398,214.44559495883922,212.64801865134342,207.18598938736005,201.6062257585669,204.77818246187542,189.76961250379642,190.67373378096863,202.89638384441724,211.91276206989275
706,2015-10-01 18:34:31+00:00,183.76162314022994,172.81653152554298,194.24897563155997,189.66593199841552,188.51576836109422,201.29664749121216,203.96748707406724,201.14369610078597,203.00012103568537,197.44833664378578,191.775704595427,180.2876833923673,188.49017896746722,192.2054940123008,188.30692504324554
707,2015-10-02 18:28:39+00:00,187.95546782297998,,,,,,,,,,,178.32229205757218,179.33392172759105,186.22124668667382,184.21083938170193
708,2015-10-09 18:34:36+00:00,,,,,,,,,,,,,188.9749995310062,198.06413015041704,200.3221541430607
709,2015-10-10 18:28:20+00:00,175.00782286561656,170.63102829046852,182.22757577969438,174.50650561301282,182.97833808007397,198.44520062062196,202.4945624262888,196.47281882399196,199.17584071434828,189.01314185612793,189.58228470901258,183.53358180660842,182.76579014360823,194.16521658615574,197.11014739810216
710,2015-10-26 18:28:25+00:00,179.18316682573203,175.70141785326626,189.35418575321617,179.55808174687309,186.23813105511158,195.26749002044096,205.13976299097993,198.25577046919983,193.23324319822194,187.80709493552283,193.25034355431626,181.83167458754934,184.98044663129346,192.7421958602074,191.32381522734045
711,2015-11-03 18:29:12+00:00,196.23739950042687,192.281727411102,187.29554102382076,189.79608015820733,203.67444162341585,208.34530022862663,206.8078946026897,197.2115307425634,199.760717771912,196.62036467355537,198.0066464513044,194.46457785443783,,,
712,2015-11-10 18:35:08+00:00,,,,,189.54272961374903,193.8186209997139,195.58727541649273,192.00540249279857,191.7541156062221,191.99924130988302,191.44092587167597,180.66582263993058,182.53928074933606,187.94843381772233,183.90072606405147
713,2015-11-11 18:28:50+00:00,187.64887654046703,184.1972741850861,189.93410738043553,185.58453407522637,189.24577419381154,197.71991114421886,199.2998736191859,190.6796740275667,201.9012796055501,199.71700437836574,193.8631120013809,187.3167531757709,184.53150428751644,193.0946475995952,188.46111155442873
714,2015-11-18 18:34:38+00:00,198.76614055361202,191.15800387584744,191.52852109222798,191.9472031498438,200.7280399800167,207.46828193873623,203.71631032964927,194.07083435640774,203.32928549595272,198.71203709769136,199.99670191543706,195.62708290463343,191.3343049650759,195.61596270105653,188.93907361767884
715,2015-11-19 18:29:07+00:00,199.23872874683133,197.93798482086237,190.45182975030684,191.51609268170387,201.88801158887804,191.33356127293385,,,,,,,,196.18218705129897,189.37873521661214
716,2015-11-27 18:28:29+00:00,178.55866888105717,172.93769064687373,191.70228982664588,189.45100840245163,184.9074237488407,194.78192987672514,190.72251904103513,188.39513654607885,198.612480338961,196.60786476379857,191.7317385751369,179.2420259824736,179.48315870664823,194.7126971594359,190.888338354244
717,2015-12-12 18:35:39+00:00,,,,,,,,,,,,,178.83701448989643,189.5040491290499,184.13396212547988
718,2015-12-13 18:28:51+00:00,174.6093321590118,167.06966662202956,187.2488097693749,177.99557920267034,178.95917107299752,181.97993826125796,179.37314700293535,180.8909012149026,184.23972316226534,178.7360390028919,184.98258524350717,175.7104242959415,174.8435006752598,186.47088536235344,182.8765010120389
719,2015-12-21 18:29:36+00:00,201.0087512795248,199.67452898681182,189.68057544637998,188.06345438884148,198.27050009915666,206.22403039456185,197.15015575016983,,193.73765870357244,196.06122560124518,196.25409579398197,,,,188.57458379946397
720,2015-12-28 18:35:51+00:00,185.82128239555723,166.51394032684814,169.74073412493573,160.47686890776222,170.38326814559127,189.87617543702618,188.2781965226817,190.44288030659138,187.26943968933637,192.29281910423,183.1972303845975,,,,
721,2015-12-29 18:28:27+00:00,189.25639699380145,178.36370394155648,188.4145753799254,185.95900645339196,183.22612168901446,201.1535917295427,194.83682587443397,192.64185713191688,201.78034815039138,193.4206097536203,191.02346302500257,179.85584394654313,181.16233190175763,192.46987091716483,188.60158917075728
722,2016-01-21 18:34:36+00:00,,,188.583942855099,179.17943027606339,195.19596433696898,202.6523459423032,197.25528114714655,191.68334901575915,202.73957006280253,202.6283840487979,199.7604177063752,196.36895740130743,198.812979415712,196.11612086903568,187.97707067567313
723,2016-01-29 18:36:18+00:00,,,,,,,,,,,,,,,
724,2016-02-06 18:34:31+00:00,202.69917853095973,194.29418138359082,187.40536209290147,185.7564849135602,189.6765566068823,202.88837631615667,201.3780635358616,197.67908835138618,199.67375935142024,196.29584542247454,201.87726447036027,200.7902420961921,191.49462910595045,195.3559528375933,192.06654579215217
725,2016-02-07 18:30:11+00:00,,,,,,,197.3741526237067,192.70713526930234,197.60408440975925,192.98237837058107,197.26050084233128,190.00978210702857,190.76920100344228,197.54042018494908,190.3723367886102
726,2016-02-15 18:28:15+00:00,219.28865010314598,208.0209671753254,198.53770954223597,194.84902313145818,199.9427142342754,215.97945709466168,217.0146413353051,214.43276336673762,209.57815442820615,208.77023566068004,207.5940823353081,207.69992549796032,209.78795035306416,213.2729070592571,212.26084314706713
727,2016-02-22 18:34:24+00:00,193.45245031388941,181.07002754539798,181.14286708813535,182.08385893594914,189.95422082855816,201.6245754907394,195.08631971105825,193.1769557738034,200.28466362260963,190.357255993697,195.18957801071338,189.24967704975873,189.43951258621814,189.5262594930009,189.26092075481503
728,2016-03-10 18:30:23+00:00,,,,,169.93958486187836,182.53340461194801,179.3545744945387,188.53393408951624,183.57584894292933,179.027428678476,180.04114821132714,172.83896147842384,,,
729,2016-03-17 18:36:37+00:00,224.40890357525151,216.96345944957181,201.44924841312084,201.36013342820561,209.89525230750746,217.52921731189377,,,,,,,,,
730,2016-03-25 18:34:14+00:00,,,,,195.93907159826375,203.04540240744734,204.770048279646,194.5838640177446,200.7122572974391,197.67971499934092,200.88416649209358,196.3202593031479,196.10313668176465,194.26635264296,189.6837396903275
731,2016-04-02 18:36:40+00:00,220.58966534802224,223.2688858706495,210.27439540790738,201.7118776265694,214.0642657028538,216.10072296420165,220.15068520652258,215.2174895329852,211.46382824102074,214.41302719963807,221.54519285080215,220.01907301538392,,,
732,2016-04-03 18:27:58+00:00,,,,,203.56668036679673,206.2563916772558,201.96836405023828,205.52546270272222,206.35001115090603,203.6643218785955,200.79727212977875,200.51125053080773,194.9579269479463,196.6581274539588,202.56726109876848
733,2016-04-11 18:30:58+00:00,,,,183.45948541547776,204.65280939481536,215.65932245506957,214.2012719061131,210.41891708893218,208.18821944106344,207.78296972395128,208.32767235573692,,,,
734,2016-04-18 18:36:48+00:00,206.78010495241318,205.8895022277876,197.9313853871712,194.0892482598471,199.69852899476348,214.08244280529937,206.5982694697386,207.08824862191508,206.49048793621972,205.7565002288643,206.29937111394838,,,,
735,2016-04-19 18:27:53+00:00,202.33289833198808,200.02561707975894,197.69762397990968,194.2216645640745,198.68724154091285,209.37667163662758,207.19032491241728,201.93435973544362,204.99377413180773,203.3427351886948,199.30867196853956,202.8055667194725,201.25612842897849,197.69911228211532,197.60747764146163
736,2016-04-27 18:30:41+00:00,203.0937614590722,200.5559762559442,194.7891276411664,188.8885920563239,198.71874025721928,203.9643109098334,203.3118110903406,188.56659333793965,195.22680987428058,204.64080001401177,187.73409648308893,,,,
737,2016-05-21 18:28:20+00:00,202.94186972855942,193.36805444601927,190.21339432936483,189.1489168657742,195.03588022241277,203.72655816073177,207.50291275614478,201.6032493611285,200.5051466669181,206.0871594548816,198.08855447881731,186.41317009609253,191.09987734129146,195.01374062147215,194.78267239581635
738,2016-07-16 18:30:54+00:00,193.36878390149099,184.7028450284343,192.17032699536384,182.02540377086547,196.86544294329536,208.55540687792924,220.52636775141627,221.2695446703704,206.56674096453884,197.343033572292,202.99256989252467,194.96688771687974,190.16163279869426,194.89673714054672,210.3097712654711
739,2016-07-24 18:28:19+00:00,181.16919746069362,176.4046537028343,180.87742256245252,181.57822301083965,190.01292784631127,208.3739671827563,219.49011143256092,214.8139659049412,198.34905932940347,196.15093231013944,196.91275747952653,194.08951226113783,183.4803883940981,188.32601744320075,190.90658842715146
740,2016-07-31 18:34:31+00:00,188.4190679491888,181.70501047024197,184.2324865047467,187.63857183269658,192.12412121085106,210.1671654272961,220.38480074235272,219.7053133040383,203.92284530957113,193.04530018510246,202.26143833475857,193.59390070623306,,,
741,2016-08-01 18:30:56+00:00,181.77059349311875,179.42062415062495,183.89215168697186,175.7692555808224,182.6966561027393,201.87670119264902,212.28913419777064,214.15718893467601,197.44785735546253,191.6390242999441,188.75911655520423,182.0303990951262,181.7421748663014,186.08001908159713,190.29309613130368
742,2016-08-16 18:34:35+00:00,190.88358675129297,183.46325827333237,185.35464088292082,186.4396754902544,199.3688922042991,209.3548473680114,216.6839229086602,214.14156910791726,202.8213233291462,198.64324362939652,200.04869517741997,196.91712429341916,193.20859067502468,194.35394949548981,192.8520473254074
743,2016-08-17 18:30:57+00:00,,,,,,,,219.3413085716117,202.9283669859382,,195.29850856205792,196.01078014494482,190.05554207389423,192.16280011533763,189.26766390551967
744,2016-08-24 18:37:10+00:00,193.97538053722172,190.63318310091813,,,,,,,,,,,,,207.89446292178178
745,2016-09-01 18:34:42+00:00,178.64018768216044,178.6597572108235,191.09477044377547,183.1988108049646,193.5980683654916,205.5275977157247,220.35830420065477,206.7295429819452,201.63215443368603,193.5577983384452,193.26857363669757,191.30372861883575,186.63282006043687,193.3455490900497,
746,2016-09-02 18:31:01+00:00,,173.5308324809059,187.94528968439954,179.19408738749846,186.64959356859993,197.6225784002044,209.71538651570967,211.9598806104894,195.58820409073974,191.768188158964,186.14417837449594,186.88659185822942,185.3477910530749,192.18942328897532,186.075895211988
747,2016-09-09 18:37:13+00:00,213.52479971818445,205.9003054070103,209.6436012055686,212.94621199798476,218.40957173178947,216.8850924413626,224.28391700487754,218.8917626822174,205.62530902919679,203.02422439788623,203.59976873187063,210.91973007375037,199.26425668616196,,
748,2016-09-10 18:28:33+00:00,196.84578633176653,190.22747233839206,190.4835858825897,192.54884620856635,194.55222232920013,209.42310984411213,223.61534389147147,217.3069439436255,209.43501313327383,204.13186220281239,197.92488554566137,195.53449169426153,187.0815880395374,197.54044895348807,199.06590988543928
749,2016-09-17 18:34:44+00:00,194.00047060582438,190.49895781674013,201.00974684987574,189.3824965078985,202.58466635483023,209.69997621514767,222.7358025887174,224.4335563148058,205.70684438767114,206.37620025225783,210.11841468710912,191.09103620313357,196.88035923500055,206.08051472301008,203.89238672916932
750,2016-09-26 18:28:33+00:00,193.3425391177521,186.74601048409414,193.3207847515822,192.90372483595598,202.0125528259465,212.34649468243572,224.10646349670085,221.396106673946,207.35112902469427,206.01346529522942,202.1434682124187,197.4062895657142,191.75684971338504,199.1566152645486,210.992946149511
751,2016-10-03 18:34:46+00:00,198.10138026868145,185.82913019153307,201.04729184077695,192.13822404670333,199.17669575100444,212.23801579754286,223.9198138442712,218.12543628103995,208.73579289584657,205.94047489702615,205.0155629793835,192.368195080552,184.79864491856944,195.70537260174936,202.11545882475352
752,2016-10-04 18:31:05+00:00,175.79805799426128,174.7167741520039,190.24100736897498,179.6774002841869,189.87412787740652,205.46929216462368,212.90762950899415,210.61866311984613,203.1284665667548,199.70872902650825,190.92969577037556,175.15533238680513,,,
753,2016-10-19 18:34:51+00:00,,,201.07480418321416,198.79982587769925,206.57784087889792,212.40696390406777,221.7241574575428,218.16181667329226,205.02953196823046,203.12670063614502,198.00289151630466,192.20175053690275,192.03521452637472,199.449984426345,196.36021379659178
754,2016-10-20 18:31:03+00:00,189.158279048639,176.89731013027006,193.04997239001307,190.20723458755185,194.6957073040147,216.0628177217697,217.12807918320135,213.53855435719868,188.0136810525576,184.7172352601142,192.42969099134223,189.5344650712976,183.22276321846036,,
755,2016-11-04 18:34:51+00:00,,,187.16951651876258,185.5365380718551,195.60132092567878,210.79132232986194,213.480660574544,204.75017306914995,197.624618525973,189.37796567569535,191.5926619366557,193.53712677870305,187.57589968910833,190.44595831868065,189.92434103721143
756,2016-11-13 18:28:40+00:00,191.99587041621507,187.3914415858071,192.34382524938536,188.06216003884927,195.90934604964832,210.85579909318335,205.68808182573028,198.23264196998932,200.24940550045363,196.71678474414915,193.152394975555,190.88333520679146,186.0690179402631,191.3839691876667,186.6204948911597
757,2016-11-29 18:29:04+00:00,,,,,,,,,,,,,,,
758,2016-12-06 18:34:49+00:00,,,,,,,189.67797862366453,191.37643565775812,200.5914258435646,190.8267394193786,192.16889267463202,186.740141828975,182.74050799872413,183.75719162030867,180.60341816630836
759,2016-12-07 18:30:48+00:00,,,,,,204.83744636104706,203.55598803791625,190.8184551226136,204.77408588172665,201.81816221836215,196.82571766763192,195.0583072134808,183.64481979799535,189.87211653286138,187.46187295120305
760,2017-01-08 18:30:33+00:00,213.4558214886642,205.47916682264366,192.29380554017376,183.56555830136892,197.03792216889303,206.42000871085202,204.16939094419928,198.6708392936511,203.26765926240355,206.32682796666325,205.8253562878268,202.6217733435978,192.51572902147512,196.88728500549473,
761,2017-01-16 18:28:53+00:00,188.8996384668858,185.72522748664454,188.39620320901327,182.95025023895175,187.30939804325618,193.16964177477928,186.20831317474403,188.68609203010232,188.55134710532496,186.2651568258912,189.91708029679825,183.9094615955908,183.99062533429196,188.40482637243144,184.3570326461288
762,2017-01-24 18:30:21+00:00,184.85124928904852,177.18188066844553,,,,,,,,,,182.904672380691,178.86011357277542,184.93531679953645,182.58406354888828
763,2017-02-01 18:28:46+00:00,205.52043519657013,200.63156433265362,195.6908315382379,197.68170492654886,203.0439402381329,209.23816225202324,204.18482121422386,206.02559389375764,208.08573564166517,207.23353376325832,207.9520656582961,193.09277669214083,193.95005265139497,204.12335267428284,199.44857092304414
764,2017-02-24 18:34:24+00:00,,,179.69383219185525,183.2195229017484,187.77929940598085,199.4910945511688,190.95590102690588,191.50065221491155,199.9974078947444,191.00107033047902,193.86066502563065,185.9023858089176,184.04970240975342,187.41606845756075,183.51229609033635
765,2017-02-25 18:30:23+00:00,193.54651784996528,,,,,,,,,,195.05012319347202,187.98560068805688,181.47722500247596,187.7742926465611,186.2140542113027
766,2017-03-28 18:34:06+00:00,,,,180.8031012494916,174.69247855609748,189.96530329756737,186.9583180799016,186.1601186890728,182.5680011683406,180.10434522259249,185.70349796874356,179.9984636361302,176.0353184914389,186.99251668153678,182.31802867695538
767,2017-03-29 18:30:34+00:00,,,,,,,189.46350220929568,193.38274720339183,201.43994747812002,184.93725913535854,185.25741733060215,177.74061724822536,181.13900374589184,187.2134211686719,184.39618834983216
768,2017-04-05 18:36:46+00:00,222.59722184696543,208.09212079706614,186.12963521065478,185.30754135376992,191.53628126005898,200.90920171318015,205.0330349087866,187.86959937491906,207.06368113463685,210.17054592248223,200.22043166835036,,,,
769,2017-04-14 18:30:40+00:00,192.19792605811034,182.43779633126385,174.35988964063537,166.6630016285283,,,,,,,,,180.80499507302184,183.96349239659315,178.69227159338158
770,2017-04-21 18:36:54+00:00,,,,,,,,,,,,191.65308691720765,189.31405714671132,190.0899189364233,189.55522407605483
771,2017-04-22 18:28:06+00:00,218.45369421967246,205.64990847987318,197.85997026370882,195.8566019743206,198.17003643125534,208.2583883502528,203.5187374234564,209.52906868398307,209.9210569880255,208.4909821745996,211.20739075662436,204.66819082718385,201.8421460180132,202.5793747278576,197.51840942399622
772,2017-04-29 18:33:48+00:00,195.3862937226966,186.02117800311842,181.81574664228035,179.80814977130478,175.92444724202704,188.50660592697403,190.28404272624388,189.47060543257288,193.7434364086743,190.2467124485379,193.0503362992573,184.90482382703846,181.6542164268271,187.47180778346916,180.46596878980756
773,2017-04-30 18:30:46+00:00,207.40804106989953,198.11015112921478,185.1172124013196,188.0133559303513,188.30124367253194,194.81457849962177,195.6464191171755,205.14091368428106,202.30711891927695,204.64329459088322,197.58198017693908,195.1080407105297,188.82100868156067,191.06965835475347,183.47486588575777
774,2017-05-08 18:28:04+00:00,196.82121498808385,191.89109128617764,187.84867794837723,176.33354912484273,186.0919621799231,186.5344779064751,190.8143540977068,191.9157585871105,200.48652393248932,194.37343810606177,194.85098125699642,185.04048115759775,183.20586598700893,187.55119698911145,187.5693147650171
775,2017-05-16 18:30:49+00:00,197.51442858656185,192.13054779759202,175.47293794898997,182.65291417296896,182.37881413786673,,,,,,,,,188.49283845593646,182.86779440354155
776,2017-06-01 18:30:53+00:00,,,195.52763699763835,190.23536214506635,193.69053886336138,202.3856002110468,202.4770684523881,198.7123092502572,,,,,,,
777,2017-06-09 18:28:00+00:00,193.9473419651577,184.7750628877543,193.4060936457501,188.14895924261106,187.23108113917354,198.64554612312867,202.04788386151768,197.09473383186605,204.11954228959118,201.36282028688132,206.74997637811367,185.6512778761883,185.9293878756377,197.0317728488397,198.4088029165385
778,2017-06-25 18:28:05+00:00,178.24450226786203,176.60125571254198,182.44984844360513,176.05102661088446,166.56454437530346,184.622074236551,190.60947023171366,188.81952116475634,190.02037508756692,185.46534113798168,184.71946044053783,177.39456031275617,174.36381813072052,183.92333960446666,189.2500577305144
779,2017-07-03 18:30:59+00:00,201.44532488962363,198.2537276357475,193.64057873886594,185.8063273017155,191.24737460172653,202.3193697819679,207.33952209621376,205.42074044814302,202.58328558109886,204.7601728129487,207.0640966588827,199.60569831681235,,,
780,2017-07-18 18:34:22+00:00,201.6321755587411,200.68209178903365,194.27127539190369,184.84817829575167,188.45049838012284,210.05847495878254,225.6367680692562,223.3432262743549,213.51265348277371,205.41367209714184,200.45356579731487,200.82757672281133,185.26376400052425,195.40103735322495,212.8238148229131
781,2017-07-19 18:30:59+00:00,,,186.55076341264208,177.1874902215128,183.23895045077984,195.11128596432366,215.1336773265577,216.5954854076874,205.48970960012696,201.4399815903526,206.1158016684477,194.4220609140282,183.709485424313,190.58384771531274,201.5870709311442
782,2017-07-27 18:28:39+00:00,198.23384129694873,199.9329567105045,201.0988093666872,191.91999330809927,187.59676545023513,203.18143218609725,216.89360472268595,213.49193924556886,202.22911250454843,194.5491941360624,209.89610003465998,190.30221057153562,183.37294185570386,198.01301639131114,210.96294746789897
783,2017-08-03 18:34:29+00:00,196.04573213264854,192.87830947490772,192.24066117597653,183.71612558718468,185.7172819062771,208.9085467367421,222.9139189402777,219.70047487064724,209.30374589396968,196.82833456803695,205.63383803079836,200.3041059166581,181.69884272232719,195.06572987076976,203.4858258569796
784,2017-08-04 18:30:57+00:00,190.15627859443637,180.16908570617056,193.18149004128153,180.40720287663663,179.1751402936794,200.87738035937485,213.5387623303098,214.3607563258039,201.51458799224685,192.02772148817812,189.8198396089556,181.42348173602264,176.81098485378905,182.50354516389785,
785,2017-08-19 18:34:34+00:00,185.154241062356,193.37456278312862,197.74753404405755,182.05750542307345,185.31895101687854,200.29868975145536,,,,,,192.38796030209198,185.63306328975668,193.5803849670782,199.35668198221572
786,2017-08-20 18:30:56+00:00,179.5104170877071,,,,,,,209.27063968665203,,,,,,187.7568447455048,199.67587634692032
787,2017-08-28 18:28:25+00:00,193.91517257624707,182.27247872572985,183.87136709626014,183.7830716798361,185.89787630535216,204.8013006730349,210.0262565926618,206.83650402206797,199.82241982539662,201.2025715958432,198.21488678418223,182.67734940036718,186.36991133417223,193.54788887361798,196.98347212690075
788,2017-09-05 18:30:56+00:00,182.43622728670667,175.6242019441222,186.74773872081863,177.66011541421307,,,,,,,,,179.70625935986848,190.06658347732787,199.6597463019296
789,2017-09-13 18:28:26+00:00,194.4144055859636,186.80199316224656,193.93126772888021,191.21877289252086,190.717156978314,208.17027652696015,215.25067992346828,210.24739370985404,205.60207004655632,207.07397575490054,202.23260834335179,188.55316641304205,190.89435992085077,196.92864739354332,201.52242324129924
790,2017-09-29 18:28:33+00:00,199.09488221102237,191.13138730940483,193.0557365473363,187.80276425286343,200.05612813693574,210.71525027111957,215.68769519512153,217.92197199977414,206.1816769619054,202.13550551211043,206.88447164025575,194.96574268604388,194.71884996633656,198.20365908901576,204.81635673716087
791,2017-10-06 18:34:46+00:00,,,,,,,193.5782498951557,193.6840277733541,188.45005297123896,183.15684578319818,190.04796667885097,180.6878902549753,186.9315924473018,193.55826923749345,188.43909119556022
792,2017-10-07 18:30:56+00:00,173.59343956490767,168.62745135151104,177.99972753295273,180.29858861469572,167.49487609185974,186.14740399852593,187.8486738452364,191.6582733159343,179.3396200853449,181.91213376544493,188.33431008316214,179.26511711685347,,,
793,2017-10-15 18:29:01+00:00,199.98306628523582,190.73106066558097,196.83108117804392,191.76509070818753,196.05702802173343,209.35089151106038,218.3648816017322,213.36618519501613,209.6338948912205,204.63439650310954,203.67842731400862,194.71734546673738,190.2626688924457,198.88143020362986,207.39490215870063
794,2017-10-23 18:30:58+00:00,191.39003041782763,175.7345547670855,185.2991611733099,184.53562017811547,178.39565199593764,203.50265283644194,206.33563427683117,201.2600283740274,200.65563558684573,199.01686424506866,194.76576449540855,,,,
795,2017-11-08 18:30:57+00:00,,,,,188.8342298614789,208.07996093570088,209.9427133482143,211.92317978906243,202.4145597173184,200.48366848585175,206.22965282445347,193.2103602813518,181.19366218888024,190.6400746508541,192.8158616841025
796,2017-11-23 18:34:42+00:00,178.90104885396167,176.01222965689556,183.82447707101542,177.3452433289961,187.28521693927593,200.68769894571574,210.1453031858378,200.45328243394152,192.76843162785934,190.8514606110062,193.44100984988918,184.5465870478746,181.04676233515525,188.0150465180878,188.99571176149243
797,2017-11-24 18:30:52+00:00,184.81618405416685,178.19431716041322,178.91506408439005,172.92854533777518,186.52526173657787,199.64039364220292,204.7462162981211,191.94546430996292,192.8211324210111,192.91086007432247,186.78221117219042,,,,
798,2017-12-02 18:28:52+00:00,184.26950565713327,175.0017782666984,182.38045135941653,184.3866941206104,188.39356664551542,202.75410174842457,203.63218366360243,190.99304708209166,195.51520097863067,201.75703009240692,192.07667933681932,184.01890981037633,186.37107575521622,191.61788695610608,187.48333014203527
799,2017-12-09 18:34:39+00:00,207.1431782665049,202.50115402685037,201.559861473273,202.05832775665243,211.24437890383592,222.1383335494553,233.02621950635282,218.0508700622843,209.1873956127469,207.14504407199325,213.4339949406912,207.24141244051418,205.71502314656388,210.29639595679393,214.41565445053487
800,2017-12-18 18:28:55+00:00,191.4981339075395,173.37465160750403,185.62765244278103,187.84234452931713,186.28197195590772,206.70127044462708,196.8895186302224,199.78913024833,202.90780555929672,203.68614116982792,190.91565873432114,181.73760983922264,182.81266842928784,188.51513096629623,185.7799797866397
801,2017-12-26 18:30:34+00:00,,182.65812905650796,173.77148070601245,178.38249733680084,189.72629743427058,203.79717388948222,,,,,,,,186.48453651287505,180.4053662757417
802,2018-01-10 18:34:36+00:00,,,,,,,,201.70406575662017,206.94729938344696,208.1659712711029,206.67732261059177,197.93867273831933,192.62751697806,201.9346374106029,205.41013454748645
803,2018-01-11 18:30:21+00:00,199.5812243680399,191.4388084736862,183.88869358544505,183.31235509794817,195.98049908097852,205.0524496926957,210.28388017723034,202.6406167299889,206.92115499922295,208.95616800569732,205.60411062243543,199.64956583924868,190.48296610161654,189.9937066326088,188.84693949492646
804,2018-01-18 18:36:25+00:00,,,,,,,,,,,,,,,
805,2018-01-26 18:34:27+00:00,224.41139686362055,213.93015864210437,200.87459357610544,200.91476599231018,201.88614775698687,210.89196123477078,209.22595044402078,205.74657342779113,212.3949252252587,215.6788900059217,215.69051022638058,212.79511174072056,204.64895635702496,214.57199242239955,200.20614263299575
806,2018-02-03 18:36:09+00:00,,,,,,,,,,,,187.5668885714113,186.19217337225174,191.96851930507307,188.32318799239647
807,2018-02-04 18:28:35+00:00,200.58750870162567,198.8981721887183,196.4888512346696,192.39618349329135,193.77593710717218,195.57398278645474,206.51959590814155,198.02379853223923,205.45525577389066,202.21312374768166,205.42691105978145,188.27073929077704,189.94612785336693,199.9616799304357,189.47515547982226
808,2018-02-11 18:34:20+00:00,202.79786950438353,198.96077926722202,192.93102160234366,183.53265814055604,189.40192398494705,205.18894850055526,204.6041197047529,199.1023478991844,205.60846389020548,207.0237833694255,204.46628420325737,196.5288324951357,191.24468104589775,196.4137663596003,191.16388860710333
809,2018-02-12 18:29:52+00:00,198.6764211506194,190.71054059684076,187.51805328423967,179.73621833164464,186.22229430940973,193.72937633019131,198.99554396011652,187.1264055054915,181.53733563715855,198.3837457697386,185.41862314165485,,,,181.83226518191753
810,2018-02-19 18:35:59+00:00,,,,,190.53218574181255,204.1473154844382,205.18694637705667,203.9336771561242,202.72446323568093,203.52841955859083,200.61857450066435,195.9675878189566,,,
811,2018-02-20 18:28:30+00:00,203.91078569972228,195.5682906021255,190.66218972685374,184.93809560387743,186.9580232060723,201.79181408931473,203.7368699185585,204.28896075847413,203.36874703528957,199.03722942603187,195.80486127210042,192.36513897726797,186.27176268600107,192.4231847895074,188.1971858373771
812,2018-02-27 18:34:13+00:00,206.2289668954472,200.8146192587271,195.81070506668817,190.9741676551553,194.8416603581035,202.86116329846186,203.77560234268566,197.10375604433278,203.16602500663038,204.32596919747695,203.83578986445445,198.08677921190178,194.634250832128,196.42899095321434,192.5835163905432
813,2018-02-28 18:29:42+00:00,198.8686722206039,192.54491333736703,188.58357610370788,182.39309010232557,189.61908185170012,194.49997551767092,194.99817328068997,189.87930447568107,200.8980961411997,201.29900436538657,197.41241441200015,,,,
814,2018-03-08 18:28:21+00:00,,,,,,,,,,,,,,,159.57436335709116
815,2018-03-15 18:34:04+00:00,196.6270632169174,187.26607778049635,183.34954054723647,179.73358285090805,180.16352588681877,192.56984374977398,200.711963870191,191.0366913953547,195.02904965198923,190.15256311791774,193.9589181083236,185.80510957465322,185.286521751588,190.53369235824832,184.92744919525222
816,2018-03-24 18:27:50+00:00,217.987658087508,208.31165892428118,200.02217476656546,198.00228455978277,199.68497115404472,207.9553266486688,209.9146876457708,212.93914395999906,215.36989828767173,215.6176766999023,213.6945443533435,205.77566904841387,205.4938738096377,205.97602074663638,201.80362495340881
817,2018-04-01 18:29:17+00:00,178.13915837266143,181.42780644597985,174.49474897871835,173.18642751855862,,,,,,,,,175.47068310779687,183.4541654499027,179.9491004283223
818,2018-04-09 18:27:42+00:00,213.4419566602367,205.97758792500952,198.9618420254843,197.85699503081486,200.59976014352515,209.2187582351629,207.6392489803152,204.34684832505482,211.03457618194878,210.58901451312892,209.5691317597925,202.9807554378389,200.8138609127073,206.23121038031678,199.91387504250835
819,2018-04-16 18:33:48+00:00,,,,,,,,,189.74370309755767,179.71428546696023,191.9232953286304,179.43328081501767,181.3465260581499,185.6168626701808,180.6074981942619
820,2018-04-17 18:29:02+00:00,188.6573851692424,183.77397044315586,176.72760818598843,177.07183295852883,,,,,,,,,177.50404391846624,184.80926207522634,181.4380237985158
821,2018-05-03 18:28:44+00:00,201.43379392077028,193.07376092390513,184.995019846221,182.3567068686777,188.3856130269632,199.60722087433408,201.08111423710517,197.21187836188517,201.47980575733976,194.9293214537461,200.37429071073063,194.0298399512812,,,
822,2018-05-27 18:27:34+00:00,198.63494276400314,191.85095180893543,188.71873860429616,189.01288420845347,190.31536959558292,200.38839845152447,203.08196144677962,198.918304657692,205.08532086904592,203.401961712819,199.0178490353947,192.86055403619466,184.64133941181387,195.13321314459762,197.49328969478483
823,2018-07-06 18:27:36+00:00,195.7391123566415,183.23738563989525,186.28511995622156,179.41073937603562,182.8652145051767,,,,,,,,174.40937058232325,187.73369431863057,198.42571506186152
824,2018-07-14 18:27:29+00:00,179.8663257931369,177.08752915131737,186.7153180124576,176.44536572968133,180.66583865194696,195.58089913662687,208.80655022006096,202.4318730149218,189.8016385405747,183.5165561883666,190.12152177818137,174.95708596560166,181.49789206844866,190.68387814586134,189.88923367332342
825,2018-07-22 18:27:19+00:00,194.85944081526713,195.8336759387074,192.02770099247317,186.7392908883988,195.18605907003231,210.16399478385748,218.39597504216488,214.72473510297638,201.96405345512892,196.76379371269115,205.89377908844878,194.49687233805972,,,
826,2018-08-15 18:28:10+00:00,182.05369057011603,176.6020334460719,193.81217892640035,185.29360841196714,181.36984233955712,199.867970618961,213.2476942877101,218.3315811426566,205.1100670783572,201.16885019895864,191.60232649382687,184.06223530220183,182.39396730695503,189.642685015403,201.262444906043
827,2018-08-22 18:34:00+00:00,190.7844157909496,184.94027305696125,200.8739540830399,189.29486856829783,184.66255423616934,209.87553164300883,227.5129823995606,221.22744376748858,206.00109558897663,205.52131740220494,,,,,
828,2018-08-23 18:26:44+00:00,,,,183.2542157980319,184.23123482189538,203.85243737871087,215.48395520769094,213.6306324695735,199.82829986928988,198.94351317673556,192.6697319392245,189.8460658195467,181.83888513767926,197.39442499603058,208.41307705971656
829,2018-08-30 18:32:46+00:00,,,,,,,,,,,,,,,
830,2018-08-31 18:28:17+00:00,193.33901348298718,176.98042218906147,189.80891995606174,186.67051764280183,188.1727869278934,200.95949847326847,213.06421326101588,211.8083595181784,198.79681152713337,193.7196633945131,196.11676794066102,188.45166952922295,184.9327561564258,193.97961148629975,193.50863628857962
831,2018-09-15 18:32:25+00:00,,,,,,,,,,,198.82989339246944,195.9701920794812,196.7785266105086,212.9467077011359,
832,2018-09-16 18:27:57+00:00,192.3594960030875,184.12893709580456,191.2988849437032,191.44252220313842,190.86654561078038,210.32211735196546,221.74346979719382,218.3639874121254,204.236459437255,203.77841387237828,202.2332281074332,194.75969937872446,184.70646817128832,196.54947946244107,197.20645742535638
833,2018-09-23 18:34:11+00:00,191.91271114867834,195.5508005225132,190.52801756847185,188.35319433340794,200.65444942196845,205.81981949520326,212.29296456219484,213.50708498287435,195.98743528755801,195.8324685970076,188.43169035839236,187.77629775101332,180.020697635675,188.34025975489908,199.44945528981884
834,2018-09-24 18:26:01+00:00,,,,,,204.34681311329172,210.73827119572925,213.3912989752722,202.71685380756102,185.48480136241818,198.78733669154505,182.93657675666861,183.63038307510553,188.17954569551424,192.3728424321775
835,2018-10-01 18:32:02+00:00,,,,,,,,222.54121286273602,209.5212581243466,200.38468099179454,202.12444902366656,189.35341357002437,,,
836,2018-10-02 18:28:28+00:00,183.19161314088248,180.81631140506903,196.50286595465087,186.35151760951652,186.75988037238668,202.1793330556883,214.1145760285156,214.1078586857106,204.01932182910508,202.11728203479635,197.02184336013767,182.2511932355805,179.2856181689221,191.80436274771978,201.82107072574237
837,2018-10-09 18:34:19+00:00,174.28242530483888,167.53247765932608,180.4537112121606,171.5942478380132,171.84501754013436,190.26048951003136,202.68720728805488,199.372819956709,187.4166613610534,180.11022370823736,184.51344782450846,178.21805586965934,176.79447640409504,186.62602097501605,187.96778263224638
838,2018-10-18 18:28:35+00:00,192.02024577674746,182.67742682642626,199.18861292257517,191.97634341242565,190.08358124376164,211.64099498259156,222.06037299482904,220.82816025413996,204.65983325579492,202.42978986126224,198.9216591288934,194.38505724821326,184.90781352092807,194.3904712843709,204.2510536244396
839,2018-10-25 18:34:24+00:00,,171.2808308412753,184.90933933893803,181.75550373701662,176.71097377762004,194.87724837892355,211.32401363207597,203.0795962243743,187.34597893794802,187.68057338799906,187.4656655023498,179.71796290253025,177.773622907693,190.32391233899034,188.96571514899682
840,2018-11-02 18:31:18+00:00,,,,,,,,,,,,,,,
841,2018-11-03 18:28:15+00:00,193.78057599769846,183.98099472750712,199.68340167322452,195.14018027203173,200.4245260937263,211.22897039068647,218.03152087022062,208.17514301155347,206.31167526930795,205.76394007761684,202.72105264823358,185.7538511512722,188.1211154283563,199.2711636595802,197.05965114239058
842,2018-11-11 18:24:55+00:00,179.04444290127788,169.57976056198564,187.9273847376123,179.9156653535133,184.29759820933688,196.6637928508368,202.6058608744142,191.24478035527108,187.13430936726496,178.83893923212844,,,,,182.96633892517082
843,2018-11-26 18:34:26+00:00,185.04493063855625,177.3645800198367,188.98016417523576,184.0601939110344,185.3770609891153,198.86625691532217,205.3751218550775,192.74096912760677,202.50540855968205,200.57504829846502,192.61736412157236,185.49781144933183,186.107566700636,189.7272134259038,195.16454705017998
844,2018-11-27 18:24:31+00:00,173.96558527976964,162.99686915393622,171.92882200875357,173.2908534372549,179.9543406344858,188.26619136907533,,,,,,,,183.9689897223186,177.15724432218
845,2018-12-12 18:34:23+00:00,186.59341759030752,173.4114414574836,188.0328754524688,187.35940467993152,192.4328865345417,204.5816692775221,200.0977328246365,193.08720012042454,196.30983888556563,189.84541682382311,199.8374327394805,184.88566904135132,185.34803632323514,200.86714519714923,190.8844769319395
846,2018-12-13 18:24:05+00:00,195.2848465782484,184.8159623750691,188.53787592199947,189.58744516621528,196.98207496823628,211.0269565645599,206.7546080520906,199.70026418658657,200.5611716862357,191.28560564445587,203.071079959649,,,,193.1644108311663
847,2018-12-28 18:34:23+00:00,205.41108812501972,199.96888828146143,202.09445183951314,198.85217223726622,202.78737943091863,212.6298185622425,202.9440227020364,210.40996991083142,205.45730770804047,202.58058343976685,202.60461463598787,202.5031414018333,195.34826861905103,199.12297335109383,194.02126648709446
848,2018-12-29 18:23:38+00:00,206.44293859439608,203.02000988984798,205.12330538568938,202.1267306849918,212.18519790890514,213.84956929465696,207.77443429185286,207.154693144164,211.25220065364158,208.62941902761452,208.9634880837565,208.41259424052396,203.2443765453867,,
849,2019-01-06 18:28:11+00:00,178.90023386837527,172.16208137016417,168.95395841515,172.51712893547304,179.03144413563297,188.43527029125212,193.13496677315845,181.0587153101804,191.40564290541954,182.50976438916166,182.4829302040581,182.4264703087307,171.09403692041656,185.10644213489377,182.06638560135852
850,2019-01-21 18:29:05+00:00,,,,,,,,,,,,,,,
851,2019-01-22 18:28:08+00:00,176.5300268845252,163.20040785768458,181.0653070779731,181.62571104045975,173.28250828335558,188.42665616983223,186.55352817191482,197.21266432144762,195.62711696215138,181.55882879905147,187.0702651768891,178.81888498667405,181.09688138990106,189.54259985407526,185.0416262434739
852,2019-02-06 18:28:35+00:00,,,,,,,,,,,,,,,192.36084064446618
853,2019-02-07 18:28:05+00:00,194.26857757914348,178.563459466391,199.98660592029586,194.0466194790617,185.23537375881898,199.6266870677681,206.97880472730776,204.34394579775662,204.95471886388538,199.9806367843023,202.58964137415956,201.92103120751943,191.0222305842748,206.889736817489,194.88313022643626
854,2019-02-23 18:28:26+00:00,196.0073544136539,182.10428375466114,191.76660516271357,183.8953613740784,192.99106348424326,200.68266858050944,199.5189986368344,202.4567120286097,204.24135795669144,203.00146008367042,202.19494923760035,206.3022364958937,199.1942643998125,194.1200493764722,190.57554554126637
855,2019-03-18 18:34:06+00:00,204.00307045949734,200.5441255745737,196.65250433076227,190.53456562987418,197.52563603539272,207.06084981350222,209.02681473754927,206.02183253546653,207.74375702106738,204.96254175849703,209.06198898287153,207.9552096032666,204.84177778195647,211.51054782898888,200.91068711803644
856,2019-04-12 18:27:48+00:00,219.83144291957007,205.75225038374384,199.08228189679508,193.20102785622868,206.96022986578632,210.79037065986992,211.55533676725446,208.52978265343467,209.74278180413248,212.9032267891492,208.50173319823745,207.46706371895027,207.71055121788487,207.67811819284975,203.08422734261754
857,2019-05-22 18:18:46+00:00,188.06459016474184,185.85484072794446,187.41622782942693,183.14735858208206,193.72279769720518,196.53368898666128,201.50674635230814,191.79916669726242,195.16247462553216,193.87767934634016,192.05825470552253,185.2936446290512,,,
858,2019-07-01 18:28:14+00:00,198.5876980462015,185.61302864232331,195.69218003472878,193.3143176869449,199.37952848279429,210.08401203579967,215.75885085113356,213.3451200314334,199.85583032435187,197.1871517353412,198.64706231461105,194.0043388553096,194.9987905158492,204.63883030856363,209.4318884676877
859,2019-07-09 18:17:01+00:00,196.51671959206112,195.1803945350403,197.21460795825476,190.32249472499976,197.45655749235075,217.3975821176855,222.66913630200355,220.78824419576375,203.36467252530122,207.9528567379135,213.6087222642555,201.16105801367246,196.52542211847512,214.12702797119238,217.52073656991084
860,2019-08-02 18:28:23+00:00,187.6534708546987,179.691693453056,186.90302630477106,184.77408093780093,192.77887616733028,205.04700212199455,212.91292024694252,207.3601440849106,191.53112566073486,196.49048807758498,196.82457471007757,179.11302437552342,190.91893050809404,198.20560520923738,200.79031707650066
861,2019-08-10 18:15:44+00:00,194.54571207945492,196.76088895082856,194.17135759348793,193.97245102888763,202.0502728811445,217.29082984189387,222.26010413561312,223.18939391043818,207.86810283387314,206.28967569990823,204.88045516958488,196.2780593853598,201.58911485033565,213.22925303098643,213.55969119275102
862,2019-08-18 18:28:29+00:00,,,,196.88582898941812,194.76388094267836,208.12135992728196,216.9061748995889,218.45157338743883,199.94785970284045,191.44388566438045,193.76810480561383,180.10127027370186,193.30725318923595,,
863,2019-08-25 18:34:41+00:00,193.29753823716402,190.1911380336345,195.0801948378652,187.547583008093,202.8952697708366,211.15742654379304,225.82218146178087,217.9340495881475,199.52423892292046,199.80420658642532,199.85022002157325,190.54189944677637,195.98835326976916,200.74431145867445,209.48092245741054
864,2019-08-26 18:15:03+00:00,198.89125327775406,192.39542468083533,192.5623136754533,194.78369386029192,204.18679816678974,215.04193251450118,225.9509140787321,219.85598091690355,202.1840069389686,206.38792455952046,202.06812273459076,196.70960226546856,196.75452637918227,,
865,2019-09-03 18:28:32+00:00,193.15709538995668,191.72572820587925,197.9895306864363,187.601521881196,195.31447248916731,210.69870749375434,219.26121263789713,218.78953946282786,200.95701122308802,205.01232072557863,207.55285092518932,197.7108508077166,193.87730325341886,207.14421023319557,211.21864460667683
866,2019-09-10 18:34:45+00:00,192.28112267413695,178.8360136266267,185.9229559569679,190.96089598370227,190.1907200985325,211.158442513697,213.45039058747102,207.39842010820308,200.93656997922596,190.65682151391366,190.8747488619967,187.37234001515498,192.0431372557735,204.46889278736177,200.41524902108813
867,2019-09-11 18:14:45+00:00,184.39320468706245,182.74831860056884,188.65775145392325,186.68607097069804,192.12744682526204,209.47438023722987,,,196.05383776453152,194.33725530138653,195.14817593065334,210.57247579390074,,,
868,2019-10-05 18:28:42+00:00,198.38206193449503,199.33511978878596,198.24622965775973,195.74437357859875,206.27029936048487,213.7633295841468,219.93025541607352,217.37283767678227,205.92556748098397,198.11260578522615,208.76336786700176,202.20404853540003,205.4110730699922,210.03831385489045,210.74007586704903
869,2019-10-12 18:34:54+00:00,197.4715578544213,192.9853761750416,196.99568851481078,192.2296546327812,198.5541647714204,215.6752437124033,221.09989122006047,215.46700300251962,202.69222006837975,206.16683767294074,204.46645177685326,199.16681255612832,204.07068660369836,207.19820373694643,207.2524698534829
870,2019-10-13 18:13:00+00:00,,,186.95451260177288,193.3075376931102,195.8033388622367,207.7126905790705,210.6304821952854,209.11840743824757,201.06604546198437,189.07286820963284,202.76552258674747,199.82953654994026,188.15749438271058,202.2678111715319,201.24983642967524
871,2019-10-21 18:29:07+00:00,193.32248976840845,191.73100917234217,193.54506898658002,191.57646337073936,202.41244445344648,211.57457060594373,217.14937940693346,206.64685567427827,196.38262375692116,194.62660762040565,198.57185498291832,197.9126641014883,193.68308822558814,198.11323674567683,197.53323404925092
872,2019-10-28 18:34:54+00:00,185.23197618916345,178.9017518772486,187.7436104046611,185.54868034961532,189.73668999231683,204.75541039914498,204.00170868541795,196.15373188191424,187.84590335886423,196.7327852528011,202.23340009419442,196.75700164048305,192.1125419977355,197.12795198420147,195.16923607226352
873,2019-10-29 18:12:18+00:00,183.14701763508637,171.49910962293652,182.30999001571493,181.31890523503256,169.79339024456584,,,,,,,,180.39750453322023,194.99866109693846,191.0979743157016
874,2019-11-13 18:34:52+00:00,176.09338561911756,173.82747285256295,180.6604885611274,178.24248607120728,182.40371160782198,200.58330533302458,206.10077390519692,193.22986988238523,181.37087252824404,178.83970969320382,184.36207485154682,183.90577324001134,184.54849865863443,192.2969420166595,190.7846284469261
875,2019-11-22 18:28:39+00:00,201.87794565992914,198.16305488091555,197.01693805524098,198.84771690555317,206.43502723410376,219.4979782051887,222.68348578307456,211.3292727600356,208.92637629607054,204.3843451705,203.9714359509824,203.92721098930048,204.31231568051655,206.83127710500423,203.40379582231782
876,2019-11-29 18:34:50+00:00,176.29231597128222,170.32392741812635,180.93337384297757,183.42224624786797,185.90841708815157,199.74484791646378,199.362454170275,183.3581432249818,185.20896969380664,178.4158309803746,187.21256410409535,183.82150094331348,183.52598665860847,190.9041206394823,184.7857136186443
877,2019-12-15 18:34:48+00:00,178.0497462835557,170.18387122868185,184.06303007046967,183.5768265975538,189.89391071575935,199.0953527811336,192.74584295388166,182.28874768704486,186.455763582945,181.13485687906802,186.88282795866849,185.2220428798879,179.94868010925885,190.82745959451466,181.16830688507463
878,2019-12-16 18:10:01+00:00,181.97726137386758,175.45273441686606,188.26866289561838,179.40200677202517,,,,,,,,183.42239470052948,181.44231669406443,191.814356827792,186.54495846645796
879,2019-12-24 18:28:59+00:00,189.07239552925483,187.23901349366452,189.66991471031338,188.2710051519856,197.01375469792066,204.227528384034,195.7223373557038,186.64883530915856,198.3555527957712,191.80650262659384,194.45040870492977,191.38418948125243,191.13430442685402,191.7697131129072,185.1476117394412
880,2019-12-31 18:34:44+00:00,194.30079151611017,189.75760774145394,188.16531242743554,188.67928681514758,196.01297220885198,203.17886898266875,200.29899641430399,192.0759204998379,197.8649073291831,190.98969393441513,194.58898240472703,191.31869949302106,193.46090403189493,198.33585702879128,188.57404047603103
881,2020-01-01 18:09:11+00:00,186.07748702655755,184.0077449309543,,,,,,,,,,179.19207972231203,172.6649546716389,171.78501426282327,169.83487397613652
882,2020-01-09 18:28:31+00:00,193.10362675721615,191.80654156329422,189.18085964138118,188.27996572376395,192.31026648743097,202.82865165294498,194.91597716366238,190.12839856693523,198.36802641727394,195.7806874972091,192.1599484656968,191.21874358716568,188.86836196487673,195.0439401367877,185.52992684825315
883,2020-01-17 18:08:47+00:00,203.12858323258746,201.7952426481094,194.65907255959002,175.48909934055297,204.28379404437442,207.20796460298794,202.2072258207647,,199.7369248039643,205.05734735950745,,,,,
884,2020-02-01 18:34:35+00:00,204.98069348280217,209.3388307867801,200.81546722965516,198.88574689573346,205.23708119256912,213.3078543418211,209.2384354440897,198.21206515334455,206.7782865597116,199.0789590115673,202.11048734755633,210.659792898043,212.53976999337584,214.23851120047658,200.1530807154473
885,2020-02-02 18:07:35+00:00,204.1090232820656,202.2761521043333,189.62090722813497,181.38259673053392,200.64009957328358,206.40273920479547,205.89154023377068,189.4805997693647,201.42436136686206,202.843585233573,201.59983625195486,204.64590915488853,208.24082091999,200.23464398293768,193.0065188381039
886,2020-02-17 18:34:32+00:00,221.60727523492835,215.68015011634736,205.59231477224938,201.58814521144268,210.01474679259042,217.14021094572053,220.50696016718098,214.1810982795812,209.15853728316864,210.42538410036124,213.03779366556395,216.21357614880554,216.05581748496468,218.93070085585043,217.42005403507562
887,2020-02-26 18:28:18+00:00,192.42710323459875,190.77776955592367,189.38123005920664,191.17372568717622,191.22686358147843,194.96636176077996,197.3856213792358,189.12502988902392,202.0889281829909,200.0898981821042,194.34056445747856,197.9842623055639,191.323014108493,196.38646254083426,191.2951529487703
888,2020-03-04 18:34:27+00:00,215.42470602373913,207.87907883378688,201.76659112170108,202.64758196780335,207.4343939594504,215.66738115106105,217.51333116725823,209.7895134301679,209.81075317283955,213.7063325917922,211.2856122168867,210.92340918940494,210.99129618634498,214.38379927870128,211.04035677082246
889,2020-03-05 18:05:54+00:00,200.71583611938922,194.94704298287218,184.9370867994374,177.9939724286712,196.6490081743945,204.22377432997885,205.73561006873206,196.19700837487835,201.14075022947088,203.21078358717148,193.13425880241533,197.45344790661082,,,
890,2020-03-21 18:05:02+00:00,193.516735943693,194.10519992060432,190.3799797083507,186.15039804603776,183.8315569431993,,,,,,,,190.33853572529898,195.64284947673374,195.82967254609326
891,2020-03-29 18:28:27+00:00,215.4294340899536,202.59975269703074,200.04439856865514,199.8681872543998,204.6927472167473,213.722544404193,220.42434359323528,214.51143181732704,206.4389522064319,204.31597491858963,202.4234480122218,206.77446314854126,208.82201118609933,212.28494614686906,207.77267448760006
892,2020-04-22 18:03:11+00:00,,,,175.38369757124235,185.00064285523598,202.15186361465,201.8641419005602,193.14729770069187,192.7321389820863,184.68871919905223,181.52712629152649,175.66287095532192,178.08942415606322,185.873773667566,186.98978414264468
893,2020-05-16 18:27:45+00:00,211.19854002946545,205.2551556483097,201.31273132495596,204.9892137288375,204.58865897433665,213.11363852066853,221.59798768124463,212.31924701790282,209.9817640737998,208.01216062592434,206.82639019314314,198.7701276908423,200.204428387772,207.47090006384832,203.0097822538233
894,2020-05-24 18:01:14+00:00,196.27325338028317,190.55333836817726,189.39029311940754,184.762264732599,199.0226406202292,211.6090944692168,211.07884390057177,199.60203833011008,202.57413325277778,192.1283518966278,198.82670218653988,199.91081409424947,192.29038588211625,198.7265614644378,185.34641036150975
895,2020-06-09 18:00:19+00:00,206.65708363950012,202.96569961672876,197.36223266543652,199.60480410465715,205.06540196811886,212.2550176583958,217.35639491966134,205.2603470113422,204.65609982971625,206.2844526985823,207.0440520213213,200.45537944058475,193.3935828958575,188.98740868640644,
896,2020-07-03 18:28:08+00:00,184.41331876063077,185.7297236003156,187.27541440808045,183.5950617420176,190.56793973289058,205.77307682752866,216.1482362541917,212.2246447328436,199.4896912746496,193.7520114002191,190.3136177988066,195.6414803339086,184.63957929981962,198.69724339732403,196.40625308005787
897,2020-07-19 18:28:13+00:00,195.86784108763288,185.32938944388238,186.40362830091198,192.8539748715691,199.6452027235947,214.39656798437585,226.32144167320615,219.48096453489643,204.55793782438437,196.93648987578194,192.77062612424447,193.58955373693522,189.03259992235695,205.65454910311033,205.1864755456149
898,2020-07-27 17:57:25+00:00,,,,191.85681086850684,203.89484989455255,216.23668903257186,229.34800646580806,221.7457191792884,205.5070332584229,202.90418403703563,209.21118962917825,202.96634633266243,196.48209482594814,197.80373855733953,202.07649801036993
899,2020-08-11 18:34:29+00:00,200.02778950394048,193.2407893927006,196.46473934338638,199.93512631405164,205.84270508015288,215.3703339286498,219.77685362421087,219.6024724801725,206.11473101669503,199.56290219665271,200.62149776081716,194.12415766851865,193.90027930240944,195.59956310401236,185.07726291016047
900,2020-08-20 18:28:23+00:00,180.23754854362397,173.41984165152365,190.10397516466077,187.14411560514088,191.82738531831524,206.52342517315623,215.78219204550828,214.5804832912583,199.80521005159727,193.08328416925406,191.83503135793862,183.78114983687567,183.69057626250674,197.84437271104966,194.4782708108111
901,2020-08-27 18:34:38+00:00,191.76297060013894,181.33169878317506,187.35521581940432,190.45782347643387,197.21493150460634,212.05946874722886,223.67202565190095,222.0234672744913,201.88975925493244,194.03664264121042,194.92127046534847,193.04266819713172,186.8243336867846,193.43834005931137,196.61242173426626
902,2020-08-28 17:55:23+00:00,192.86450087403864,180.02512956140896,184.7942184066589,186.85226365805187,198.8168276041726,209.97183346519242,225.0666630493582,218.43788243686038,186.8881751545348,194.60792737081303,187.68628137593942,,,,191.54270986298235
903,2020-09-05 18:28:31+00:00,190.91052412934135,175.857232207543,188.4197417358862,187.70586090349917,196.63023340794575,209.20607684765278,216.2221838234271,213.55269508682787,202.46383510588947,203.22021180294615,194.45509867351393,189.38206424961206,184.9683995506618,209.49519062434172,194.159978447787
904,2020-09-28 18:34:49+00:00,192.71381566629685,188.64349741493584,197.09652643271033,196.76058285875106,205.01347550051304,214.98603132481327,222.70803192857062,220.77502494973436,202.56303010424153,200.64266936051717,200.442527885833,196.88801382381405,191.92372177669307,194.55411884855593,198.0039837943595
905,2020-09-29 17:53:17+00:00,,,,,194.8080653279817,205.7997726699838,211.7606029726856,196.91722345910134,,,,,,,184.38068645002636
906,2020-10-07 18:29:03+00:00,189.27069521318708,181.37584774003506,194.26990516679768,191.36981456673197,196.9301952026198,210.95711071942424,220.1527862324366,220.58403198433575,204.88943897386292,203.9401566475819,206.12135897870206,197.26426725976086,186.4422422203118,197.6640125273907,201.6771753195871
907,2020-10-14 18:34:51+00:00,196.35531249761058,191.87157205714846,195.6437221676813,195.82003583010444,205.02216023161955,222.41837052302162,233.0172822424277,222.55944014435818,205.12693429825967,205.09895678408148,201.3391539906557,197.64391430007575,189.5635251733914,199.24289721299394,210.07116935595255
908,2020-10-15 17:52:16+00:00,179.97644156853528,173.76442505362724,184.90146578147986,182.28902882979787,189.2475162681146,208.1689365321892,210.9874825669051,,,,,,,188.77953687454968,194.19275076019647
909,2020-10-30 18:34:50+00:00,193.61949716156664,191.6571826069439,199.8871807188552,191.88920567381518,203.61778182219632,221.63489877761913,232.0444146879993,223.49155795108823,206.32297385302817,204.73110361210988,204.29311630074557,196.41772692132926,195.86082934624096,207.2129737287437,212.75348595722733
910,2020-10-31 17:51:12+00:00,,,,189.9479635927076,203.83105944967178,209.48273074249363,224.6395590289269,218.71200772572928,204.03257587816793,202.85523967728383,206.0637308719884,182.5104412846731,177.58311186975754,202.55170148226694,199.86015473817702
911,2020-11-08 18:29:01+00:00,185.47610438238547,172.84595602621957,184.9650002655375,180.64665068924427,193.6807023736672,208.31022290868128,214.83521854029567,210.43198836343313,199.02950005129887,185.11080583998339,189.670556767451,180.96988251910952,181.82502776462144,185.68762953692732,183.24454516654725
912,2020-11-15 18:34:48+00:00,184.9357466752522,176.64292338730917,193.98097610138453,188.7325581722248,197.6355100952182,209.86954877968367,215.58376853842455,208.09392591842342,200.80900070602303,197.4699511743906,197.22922025897202,196.24067577045412,191.63358565050626,196.55570051859428,192.76395072425976
913,2020-11-16 17:50:06+00:00,182.05741193048118,166.32263208352282,187.57901995627748,185.21218147446388,184.83177767901196,208.48705895148794,205.33847394229187,192.79163713750538,184.67347919598447,177.70949054071414,182.77135164422342,181.59817109953224,171.8674009612326,,
914,2020-11-24 18:29:03+00:00,198.28750375545286,196.73484662527022,197.64012620651917,200.7211983558467,209.0672780507478,218.35349691709683,224.85453317427329,216.98969998318108,205.41257769613932,204.51298230842883,207.71057821548385,202.43928443290477,197.99383183097015,200.04670251909954,194.79857516167488
915,2020-12-01 18:34:51+00:00,186.49148350313894,178.85744846071606,188.92453676389493,191.81168802714365,202.20002587938438,209.8811370094237,213.4089367027293,204.17994487627723,193.28614936300949,188.13849608482957,192.50125958672118,191.00871698871362,185.15001826590213,195.93805474721697,188.32059924429865
916,2020-12-02 17:48:58+00:00,,,187.24433549128827,176.88194492701416,188.04816520111353,200.97948896358704,206.10271895122693,192.43420788298425,200.73123727821596,179.21527620325196,184.14039266115736,174.4042768850635,172.29888512477157,188.59176967778544,177.0578884575625
917,2020-12-17 18:34:51+00:00,,173.3470617284206,188.89402398532184,186.712198177056,191.31759498304353,208.09322975429507,203.19962163222954,186.90748875805969,198.9222525928963,187.10799931608048,187.88342771328354,182.00694944370082,181.91629887285052,189.762962279215,187.59110811414018
918,2020-12-18 17:47:45+00:00,192.54214304532698,193.12846172074512,186.52506397188293,191.702929671119,203.8374695026924,216.38491079697002,210.25509050285544,205.34950663998598,203.50576202513054,191.74337778783627,188.97874307161973,191.0384708126239,179.45142230155687,,
919,2021-01-02 18:34:47+00:00,179.19715021531212,183.5587764820679,187.80169612969706,185.21892438986217,187.08837540474758,199.10923168600425,191.86503836222684,183.6053095100088,185.60429672736572,183.96548044350686,186.84709224033824,179.94221258920896,183.7899362683994,191.41441891115412,185.2857188350457
920,2021-01-03 17:46:38+00:00,186.08046507025256,182.4382186536663,182.8456691564097,177.00512322598755,190.2526773636593,200.74242983274536,188.302782878039,185.78851615971797,195.05268056891154,182.20573881510933,192.14241105160625,178.36785041344802,173.16099105857495,184.91366047360748,181.53350170139578
921,2021-01-11 18:28:56+00:00,189.24970525359768,187.02657106711007,188.97656431729524,185.19039577813496,191.08750416897678,199.74621543633756,194.7933866742086,189.78641742459317,195.36813267534887,194.766959784891,190.4849278473859,185.3953824665628,180.52703058379063,191.29721093630968,181.54113228701902
922,2021-01-18 18:34:39+00:00,193.9579357704023,188.5644449958689,185.900509413802,184.4061714134049,186.76023956814845,197.51595306882055,184.30220744696473,185.3696172056763,194.46991951639535,182.58454296035018,189.15848613142214,183.08655588835785,185.8124455176383,193.00328003656585,187.5545497705931
923,2021-01-19 17:45:30+00:00,,,,,189.04315124858465,202.60811074486796,183.99699576444397,,,182.52659271866992,184.1598663126476,177.2803620974832,179.69821511519794,185.99146306859126,185.25090866481673
924,2021-02-03 18:34:38+00:00,207.85082086485187,206.19222330487344,194.30547588055146,193.07076698784545,197.96253411918946,209.927455834402,210.29974563215822,208.71313574683842,204.009991639933,201.48406147975484,201.47134860932357,197.80508990558624,197.9493082010356,195.34870145629668,190.44416950754183
925,2021-02-04 17:44:20+00:00,214.88906368786547,205.22977395714935,189.7823247823321,189.88198493750457,203.14789821305538,,,,,,,,196.34699645909603,198.300051113707,192.2087914033484
926,2021-02-12 18:28:25+00:00,188.56786072765615,182.9270312033571,178.15008593356515,181.01398714683725,177.88952618362634,188.7065383931611,184.81244678843365,180.17391308257547,189.74071680473986,184.5818927921241,183.81567151190583,179.87327917971857,177.13139452741063,187.17330382614955,181.5978696952982
927,2021-02-19 18:34:34+00:00,225.36198761092902,222.96940824544555,211.06639470994568,207.62898876271777,213.81014438855354,222.6211232191564,221.24192718946892,218.73601715569202,213.59703184141856,212.77063064774632,218.7154916094237,223.7108455350088,219.54045381728267,217.06116383002234,208.07899869616716
928,2021-02-20 17:43:08+00:00,205.25092277150782,201.8697555691255,191.14305924055287,187.0752686750999,193.19327689337234,201.2386676649208,207.09372213057532,193.4152637616277,205.92109716348986,205.72619967193268,200.08352365899967,199.60839152452635,197.6400702773337,198.2515872209213,187.64070010363332
929,2021-02-28 18:28:19+00:00,186.99756766503026,184.50978549947607,193.1433159387784,191.43493563761103,181.94049501488533,195.075758219666,188.91495720186953,197.25864376684433,202.07998772314153,187.89950443392465,191.37386141637847,186.91216655309057,181.37099485073213,194.49926446742,191.3040710154322
930,2021-03-08 17:41:53+00:00,200.40222077991587,198.90076512990436,191.07069484549845,188.44095326899384,193.06584299164615,204.10445675279956,202.1596510135569,198.3006077217352,203.08691558556438,197.32926808861004,198.91865728173624,199.46937210196813,,,
931,2021-03-16 18:28:10+00:00,192.14066183398813,180.98720230612346,187.87283357823384,186.20392873333114,180.3054084713653,193.2709985075906,185.8443771854935,184.27363505915122,193.683656189888,186.87528925604045,194.42391751119817,189.4155052483938,188.0383954969709,189.24584382452272,183.32027073320643
932,2021-03-23 18:34:19+00:00,218.66285741212155,210.12864417923794,200.33013987911585,200.76002027078565,199.177918183938,207.86538261298608,206.68693282466415,206.81950914570177,209.0100543856097,210.8666986003157,212.39491635306803,211.5255228050766,206.6889390825587,206.7263384570594,199.66580823105318
933,2021-03-24 17:40:37+00:00,202.88592642863284,196.3672071781447,192.44533136667425,188.53492828876784,192.99755121139435,199.3373662045251,198.28360504322177,194.62312108271814,204.039052772557,201.95380942625295,206.3247143156738,197.56286102106156,196.5397047347559,196.78385097188098,
934,2021-04-01 18:28:30+00:00,199.41983660287724,201.67580600878415,197.34023523976032,191.45897014197908,197.75145767117175,205.17299254865864,209.7460895858791,204.08344625145432,199.85246328414965,203.55065836652727,201.614450841154,195.6033858464997,201.23469758219912,203.288157126333,198.97352244056108
935,2021-04-09 17:39:18+00:00,,,,,185.77471192612617,196.19577373296755,200.69720186842488,196.36408719632942,200.305477351387,188.45492872056968,192.41115439441987,182.82931859545937,180.4627961774944,192.6565561762981,193.5195383725674
936,2021-05-03 18:28:14+00:00,219.01641476816985,207.0315222467525,200.86771135737786,198.90059688349385,204.92176896096814,209.2893024796082,215.91030899367166,213.90368032990762,213.520283747687,215.65122668338125,212.84877946157465,199.64788725469043,198.88613324451325,204.76889181409894,202.9177655957405
937,2021-06-12 17:33:55+00:00,198.52711740643173,183.68779381116497,183.53827413100356,188.87124823809046,194.4534468383336,210.4520750791115,206.15119224501757,195.08462068684133,205.595405831126,201.83535716928125,197.26445973212083,186.86834685219713,179.52243493295958,187.44545979347504,182.88188543681497
938,2021-07-14 17:31:15+00:00,,,,,190.98305163632645,208.17268276267015,219.19060484271438,213.88531660873042,202.41465686434617,197.72794350772475,196.4574126614903,186.26899385865937,174.04210035067916,185.4732505565612,195.6330980154427
939,2021-07-30 17:29:51+00:00,191.61699005501958,181.25682892304246,184.95158606847815,186.27486166308648,197.8116747461313,211.3198981762198,222.58279775995743,223.3656198728919,206.61743251707566,205.25774841775106,206.18385249437077,193.4149987945566,177.72364349321924,186.332470511719,
940,2021-08-14 18:34:39+00:00,189.0791645571651,173.12658102742665,185.504697969167,185.1253760572949,189.4900565813348,208.8840498942985,218.17823342943274,216.5767313312354,201.29793603958976,191.90226342342956,197.68193344376448,193.80989526848168,178.5571768077529,188.57078738636704,195.74304359620206
941,2021-08-15 17:28:26+00:00,,,186.59170203083295,180.83487402080414,191.50062365017197,209.96411196576423,221.62247625301796,219.18635080924906,202.5872973495106,198.6878766936193,194.0610945442432,188.49576192728438,179.52406731093066,194.6922740679397,203.39488747368347
942,2021-10-01 18:34:52+00:00,202.254316912084,185.14700175694304,194.93209472971122,190.53272645521633,197.4602398178032,215.9819748827957,229.585383277409,221.3670627133607,206.19755616440688,206.862424696462,212.2797243662027,197.18368423722785,186.95982992122993,195.71238375373113,213.19545801915802
943,2021-10-02 17:24:13+00:00,191.61200686434057,176.14225201008793,186.2084933968735,178.1299836369281,191.4160273472324,210.26183685723808,222.811553538936,220.90526759996962,203.94730619751968,202.435804435124,199.74141801962833,190.86708179622735,180.91458543033283,194.7590175080905,191.69177680009943
944,2021-10-10 18:29:08+00:00,182.3380129787386,172.447483337184,198.04593590475184,182.37254940713973,177.07527069261596,199.56467594821845,207.30612434116225,206.7562062813552,200.74039669007826,189.18042539623323,193.5602011837644,181.5663199509542,175.97291542243795,187.45187786533853,185.88177196928925
945,2021-10-26 18:29:10+00:00,183.52277250320884,170.74351487267836,184.95776305799433,179.810425998317,188.00232766967866,195.2338543878233,202.07399636024627,186.79232910271156,189.3522324056073,179.24880347887532,185.81798692248813,178.4115794173291,180.87525813212739,185.05191024639953,181.90074788739923
946,2021-11-11 18:29:06+00:00,,,,,,,,,,,,,,,
947,2021-11-27 18:29:05+00:00,200.32412532039405,193.63281996005784,192.59698330329684,193.1554863452692,206.49802216120787,220.0045938368638,221.1779418007656,214.24721969194374,204.84467109449463,202.31421349614115,199.05004933312594,195.53614897870693,200.10845426596075,191.98623609678305,199.48239304312895
948,2021-12-04 18:34:52+00:00,194.21961708710555,185.82850789233044,189.84002213644894,193.5603682024148,203.57666536387126,210.2912113617503,215.31774473303773,200.7828542488276,201.7084459765578,195.55010303796288,198.15727881668954,192.65011266892168,193.94972879378983,207.10926203794472,192.64610408898335
949,2021-12-20 18:34:50+00:00,197.23566736900125,184.53561274384816,189.62285224998706,186.99606983154138,200.03786603356141,207.72194592453204,214.15276078567226,197.03541313267777,203.86030613622262,195.13208958202068,202.15194101821788,195.67776998966832,188.06234042727982,190.30981069378956,188.76345089956328
950,2022-01-05 18:34:45+00:00,180.2126614984677,179.7710657867317,191.57554051682877,188.49617642786205,189.84556006738765,201.0250856618762,203.8010363178074,195.04257249908343,200.9618503978333,192.58826809235663,192.72815427444377,190.79916603353058,182.9380365552213,194.11067512218912,188.04144717588804
951,2022-01-06 18:28:36+00:00,193.8859103239451,185.96110483130136,199.20843177870944,192.20566006320183,204.80400528825191,208.83856574635453,206.07623493293727,205.37061119895412,204.71892975749864,202.54874503384372,207.90972486934035,195.90071751233071,192.64972230785605,202.10586551508078,200.6777796493564
952,2022-01-14 18:28:33+00:00,197.5779065548207,190.4226896105803,187.77728408607123,182.17571737289632,196.851344695445,207.59913848970785,206.15897825244159,192.72949352979356,201.84041267266753,198.22065378295136,199.4825975422471,198.10852154401186,192.05651298634285,191.90081998872682,184.08298009010372
953,2022-01-21 18:34:41+00:00,206.7175723076714,195.09308960195827,200.4189552460475,193.18484156909767,204.31528479218537,214.68704589512612,213.77308751419395,205.87886682695648,204.0179249230727,202.22340265745314,201.84743216532885,196.26811007551794,195.84440198120433,202.343712688911,200.68855206173853
954,2022-01-22 18:28:59+00:00,205.97113501862572,194.57962302516225,200.19867024343492,201.42699895981164,204.2649826915782,216.99722676416368,209.49773931363444,197.84543703519535,205.33918197830286,203.31313391985574,202.80244961557779,204.44431911910618,200.54880491235764,206.10818635108774,197.18595752383652
955,2022-01-30 18:28:28+00:00,197.66672337897566,194.6187807545926,188.73665789186595,189.5285451101177,195.55154018536356,208.41435076447323,202.20106311186743,191.59339717849969,202.43777001671197,202.3807235530596,193.7590298791048,194.86109542788927,191.54199615240938,196.81258827133692,187.4452122085349
956,2022-02-06 18:34:38+00:00,,,,,,,,,,,,,,,
957,2022-02-07 18:28:35+00:00,218.72105336163327,211.88160024562362,203.98827641544548,203.25526619127993,211.1224954874989,218.488359699845,217.56405058865846,218.2579096823313,210.51986115563471,209.3965882947738,207.0706079309804,213.62190638216168,218.3668856475345,213.0332689530892,204.98217574539026
958,2022-02-15 18:28:48+00:00,186.8098861935252,180.81206237187462,184.87714871293002,181.10640713377285,186.50324083471574,196.893194640126,197.2550330176521,186.97452294980488,192.7602197021239,182.36815952583643,186.19647745875014,183.00964069861243,179.899589638811,186.04331553125687,184.63271568732756
959,2022-02-22 18:34:32+00:00,208.1086863623082,205.57932861970522,194.46231346225494,192.72510654777005,199.7217555139278,208.65719207760384,211.69811991205444,202.31220425112184,206.20057183246658,203.7698045416965,200.6492046452194,198.13079405717286,198.6063057708398,196.53278037116752,189.01369820611512
960,2022-02-23 18:28:50+00:00,224.9619279660347,216.26473498202836,203.23967626169605,203.8878364406336,211.2454932254917,217.90632216497028,221.19030331714828,217.02778856593437,213.44459241905636,210.18624236419757,211.46732432784486,212.7616769448521,206.65287472397188,211.31737667762417,204.42750241627527
961,2022-03-02 18:34:31+00:00,190.52872903386307,185.41330020664557,186.22231552075021,184.80403606131006,190.46115016648014,203.8711194303782,198.11399824955768,188.21126597225356,192.66169113067838,181.53603863198452,191.7274225553129,189.44981706230544,184.83025846380605,190.19628074135306,185.20564150233224
962,2022-03-11 18:28:21+00:00,223.0349479600021,218.28845090035406,211.04631494930342,205.88509115095366,211.41992742331186,215.60253410237553,216.8419171188462,217.76536837250376,212.22179629849245,222.95150751524923,220.50088985409613,216.18147155530235,207.92351839928244,207.5131799225766,200.52055115364305
963,2022-03-19 18:28:13+00:00,,,,,,,190.7868520752962,186.19176699487778,203.63300410449628,188.17061307712223,190.49188837734238,184.44613844504164,183.67638912467942,190.3932897006162,193.86589275454224
964,2022-04-12 18:28:36+00:00,207.4028694715218,206.32070761619423,198.87836017497528,199.64678675593163,200.9991982089997,206.84035187973512,206.80206623179424,199.9003676419098,207.26809385706986,208.36977190582772,207.5148914848391,198.04122533236742,197.82310936948645,200.44225338719173,193.7814336114398
965,2022-04-20 18:28:09+00:00,204.73688686257714,197.04936667971765,194.3116610444984,195.60414309872294,197.07995122214277,204.52339641326404,195.481739813908,192.50288714058019,204.2670758820325,204.03021539902483,198.27054353205733,195.9624276058989,196.73678260353904,199.25849177480532,185.64736571230043
966,2022-04-27 18:34:16+00:00,201.02107564948915,195.80148332674628,194.1754001414737,184.98163898154914,195.06321268606104,197.65878837525037,195.30479686749078,188.57088255895567,202.09155546785797,194.32150184039085,199.24888870423905,195.62282036069746,181.9004804178834,189.61927893352436,182.43137533129385
967,2022-04-28 18:28:05+00:00,199.88591536326845,194.2720788509007,190.70126626832263,189.04575662000596,193.21180477178126,200.61683173902367,194.20351460883288,186.43305991801014,199.30140353905173,194.1803506084156,196.92222682446368,194.7356456260111,189.03966023770334,198.23908769173812,187.1733912968436
968,2022-05-06 18:28:35+00:00,208.63197724751785,205.01969229676993,197.42708149075395,198.07491328296106,205.22054285831666,209.2300709600837,215.4825572396482,203.26781527695462,209.0640428711501,211.43488933491767,208.08757917810595,207.8031477313159,201.01904596306596,205.21404091654392,204.4270771745762
969,2022-05-13 18:34:26+00:00,,,,,,,210.01598234837095,197.38038639330722,209.08447021293887,206.07879104621367,208.2249450202636,207.35543219162017,204.18816201521133,209.4120801101607,201.85460490641896
970,2022-05-14 18:27:55+00:00,214.32953551871788,201.19739168508107,195.20804120844747,197.95019305967116,198.14798250320763,210.52949618398074,205.58335492985202,200.85192765100902,207.00686420059415,203.80728038454725,205.60661032339016,201.46889187546714,198.17411497717094,207.3205808446078,197.16585522680822
971,2022-05-29 18:34:28+00:00,,191.85381391406048,192.45191131561572,188.30358992118494,191.69105062484135,200.4518502752946,208.17729697084457,207.00558336204708,207.57092021421636,194.9071112174995,193.32357625153367,190.0462907585533,183.13325675040767,196.1895953922222,199.80552833057527
972,2022-05-30 18:28:15+00:00,190.38300938390273,178.64495548272112,185.78706460877464,180.22800948805997,186.62397253248858,195.53154676297126,196.09505947579063,178.17620823747714,201.17653081492648,178.7435059462313,189.56611994352448,178.14261860058858,178.63610897999843,183.79718466904924,183.96712835377883
973,2022-06-15 18:28:21+00:00,202.37909134194433,193.80399228696223,190.55268329996983,194.66186700035146,193.15033189312126,201.27662085632304,200.76251445094886,191.5883297834431,200.49292715398258,188.43543329411415,193.59749886827848,192.27195472864696,189.91198953704594,196.97269051789306,191.98948484574902
974,2022-06-23 18:28:57+00:00,201.67831620863564,198.95666384546922,195.61284052571807,193.35743605065718,194.29012639662596,207.3042606156917,207.42506976232605,201.60161539520226,203.9958753494815,203.19799449046397,201.16125234993603,195.1263977791876,192.5876236466235,199.0098438471123,192.4605903929522
975,2022-08-02 18:28:25+00:00,198.65763833759905,190.03448351180288,190.6243055035094,188.0472035585601,186.4963384197053,200.9997610186752,212.83778327567137,212.08575659742942,196.63480301009002,193.6066697778098,192.8800794935495,191.8663830688463,180.57921657450618,190.85958015174646,205.37160994768846
976,2022-08-10 18:28:50+00:00,208.8838046515727,195.07983221841334,198.92494514091328,195.6142834675265,190.55533352163962,208.1575545016019,219.02557820844487,219.77280943806184,206.73112589256897,209.91296831699006,211.09383912290738,195.9695017281109,189.38212494395583,199.51552623105857,208.948320022167
977,2022-09-02 18:35:02+00:00,,,,187.0254833584359,189.6410790619746,209.78933664994506,223.24572848816467,217.49156696032944,203.57597542811402,203.10539566845486,206.3396457192216,193.37122674166898,183.73124035431056,193.81811207317577,207.09137790215595
978,2022-09-03 18:28:57+00:00,194.94402599182243,182.38128053387743,191.9422430459689,190.18570902038294,189.4390490083623,210.54082516089002,217.88808095221162,217.8415695363343,202.8161245753373,197.80614559925127,198.1338755465892,193.8612691735507,186.42682507516378,205.83827972320472,210.3304467973341
979,2022-09-11 18:29:20+00:00,182.41715679765758,167.04228123048722,175.25087270483715,,,,,,,,,,,193.79211762795515,187.5601751314403
980,2022-09-19 18:28:39+00:00,191.18113819374622,184.8918480841629,189.5154005226338,186.85451547417813,188.15411030795448,208.37792848572525,216.75632125687807,222.13352056472934,207.13831372155875,197.0051677876703,194.4242064284223,192.42125063941103,180.9625178295605,193.5242472967762,195.87358144361815
981,2022-09-27 18:28:58+00:00,177.32623331925873,,,,,,,,199.8916883944266,179.9986623289069,191.99863716081413,177.64718639023442,179.53026711902316,193.70384170368865,189.61958348797472
982,2022-10-20 18:35:05+00:00,,,188.99718688154775,184.9599243304169,189.86097571726268,212.6353781524932,227.4633903454444,223.44026818141037,205.83949778301485,199.62521755311116,196.5020658313943,193.72762265931237,178.10760507603237,191.02996826358276,206.57350859477094
983,2022-10-21 18:28:47+00:00,194.01252666585026,188.41565317197004,194.20653697572976,191.48710059963278,197.33735361387699,211.573930475722,228.88457987534616,227.53288546128437,208.33049376371082,202.3572167130261,202.71850617029565,197.06445686233542,191.21963522772086,197.34093790772363,211.20415155081076
984,2022-10-29 18:29:22+00:00,188.3216586203879,184.82003800718792,200.69525303903,193.74922680885953,185.52698433957127,199.1739855923429,218.0642643691968,219.9180701187047,205.82208091979433,199.58550622207096,201.180599722611,194.89595250169907,186.5309397268204,210.0083928783635,200.09348471581484
985,2022-11-06 18:29:09+00:00,193.07892199304843,186.37938899687424,196.26205832564955,192.7746770828695,198.8999596950479,210.43192584649924,218.94519197750742,217.86753429455322,203.66326121889125,204.89653678055623,201.72385305055298,197.60029770763725,193.04384378711092,193.72044072063971,196.8575265061013
986,2022-11-14 18:29:17+00:00,192.54522925091777,181.02407876655883,190.64238814778122,190.36850124992702,199.15310159951918,212.4790224377889,214.93482412903631,212.18502845176477,204.59238068253904,195.49980702180008,199.3800360023914,190.66359548804198,181.98160170528865,195.0529758714334,195.4025078584099
987,2022-11-22 18:28:47+00:00,193.32051538856956,190.4317674704289,199.36812940239156,193.6190519967643,202.562725039215,212.55504956404278,223.66134590258943,219.70620611670898,206.86936025831056,209.43718775259538,214.38631992349684,196.07831462154974,193.71284208078376,198.56919786168788,205.8414501315662
988,2022-11-30 18:29:17+00:00,198.98501547579926,186.83283133873817,188.98784708929148,190.2893989789554,203.31785626045843,217.86596819107257,225.17655818852612,221.14537346996133,204.5753471571394,204.77139235354662,205.91081554071843,195.18925071958932,165.51248700390425,168.34076584768462,193.88092283074178
989,2022-12-08 18:28:46+00:00,192.37576028523006,187.28650825896585,198.82553216631538,197.11806355998434,205.0124561964299,215.42106132309596,228.11646767193855,219.9981193359408,206.0871738895707,205.45527161196014,206.92388158129296,195.38990246500975,190.870734649409,207.82164092008006,198.944720595099
990,2022-12-23 18:34:53+00:00,191.3697923155717,181.9087078856948,179.39321207911667,182.3160658931775,189.00001296482827,201.38640110234783,202.04164921205194,195.20490857559935,188.62765283314525,182.94695751407681,187.15924993227065,185.5037215863229,177.487029419852,188.89936701154997,
991,2022-12-24 18:28:43+00:00,181.99988656054865,173.9504853349979,186.48590922654807,178.94445568586212,177.71705334231035,197.98285649394813,203.24188977718677,186.89999380187496,201.89296221688156,196.13622971880577,192.6358850623509,178.62319942006744,178.96428939073402,192.40438543299365,186.6120049332231
992,2023-01-01 18:28:45+00:00,194.07157764408677,184.6089317821797,189.04823879083628,189.85688631766502,188.23773186724947,208.00964685047148,208.2494324657824,195.54256207108648,204.6266377365255,203.69372928493408,198.28701162339019,193.09290371060095,182.7209812835862,193.46827765333597,185.79425322290825
993,2023-01-16 18:34:52+00:00,,,176.76050434878368,174.653161758205,197.7476159401794,203.92356360260015,199.81483317063316,190.7113707432098,203.43309397627357,199.60856874827425,194.44186680409058,197.90399897995604,190.0659592504174,183.50726977806244,180.9053534989153
994,2023-01-17 18:29:00+00:00,205.91944171506958,194.63204819902023,193.27398330205096,190.01613240029567,189.12089420610715,202.47768510487606,197.6662599719548,201.98309589423098,207.14851360607076,205.27012636009624,203.9363808021401,200.12894727259712,192.974796337712,191.4469245233596,197.8654648608146
995,2023-01-25 18:29:06+00:00,192.29752358264625,174.5985772959507,190.8791642244767,185.75418237284055,184.11338440366762,196.5060370821946,195.8796867757823,198.00764069173306,202.97209848969192,196.3412921649327,192.9635939008656,192.67307362586754,190.928170840832,200.8710952418616,184.45113968442433
996,2023-02-10 18:28:50+00:00,205.3879842106856,192.5170779354348,194.64049544694325,191.08322220749852,191.43771638426878,202.38361824051464,200.10315010244574,189.3346162844809,197.87469749887487,192.55919739208477,193.44349563769757,191.6231913714899,191.3936306976983,195.11463157206913,194.06946415912813
997,2023-02-26 18:28:36+00:00,219.13787075612174,204.63242473676547,198.00716152567367,191.8170307026478,194.57185814767547,209.54287049360204,211.05549156311633,218.366440640363,211.20454907833647,210.87061794135695,212.4034887899487,204.2746970382383,196.8289833434562,203.168832610886,198.89437962131825
998,2023-03-06 18:28:20+00:00,195.6273273924764,190.73769600123555,191.01210318868624,185.57039912610978,187.5350012279169,195.73073032535592,194.83814477979735,194.65454087377242,201.48651587657793,190.9388501909672,193.38935961411255,184.433357445936,191.5151291210476,199.02651428629756,189.5259699944885
999,2023-03-30 18:28:41+00:00,220.95465655948982,208.0957242464135,194.97137309458648,189.13743728532916,198.83235377057562,210.45084423218347,205.12878053537443,207.9690855363611,213.24610169521478,212.47316952227172,217.23592593546252,209.33423773232388,194.8932409313266,198.23825141349528,192.30488318636597
1000,2023-04-07 18:27:58+00:00,201.8524844568862,195.88009512856047,194.70991814057942,191.4924599261013,189.70225271687139,198.31501111646116,203.2524855987208,193.06012230601738,203.9985923008016,193.48415362255577,194.61288007317535,200.65689975645765,189.1821481218578,199.94475399336275,190.96612018839016
1001,2023-04-15 18:28:10+00:00,228.9576844061707,213.7506620721589,203.49719650729446,197.50336385862803,198.72144565522487,212.48467001107952,212.08772442611865,218.25320604579102,219.15436987798245,226.6766315639085,224.5863628582146,223.2211867656082,200.94668981855415,205.9626555602925,201.20402307472216
1002,2023-05-01 18:28:26+00:00,207.03687483071803,202.01604636459524,193.03723865779165,189.80477059275108,189.83004457543103,202.97091133787657,205.8880650687287,198.94781592346106,208.3538522552259,206.20555633470414,207.4553791060698,197.5031743094587,189.61167975319384,200.9584885249036,194.7911990689758
1003,2023-06-26 18:27:52+00:00,211.95158435970228,199.10804857655313,194.4175255960112,192.064963986396,194.5255784824877,210.05593224111203,219.04031553755215,215.26504964271493,213.78045154327077,212.96246179078756,206.83250493068618,203.726096896665,197.34313950801075,206.40423429197415,208.5775137693538
1004,2023-07-12 18:28:26+00:00,202.07673429024499,198.28417834890718,198.66013851636643,188.6750768802554,192.98952212420767,207.59813375548237,217.8769651396849,221.72013496241865,207.65609551709798,208.68440671385056,203.74376391405798,196.5031672981882,194.9948599236295,201.78073736058698,205.24116921966845
1005,2023-08-04 18:34:22+00:00,188.09117644693896,176.56291894227115,,180.64952504750482,184.59409744465526,193.00028367881612,201.9342999496771,195.83835721118356,193.57896018904214,183.29121362584652,186.66695648117167,184.2732686852471,187.73880402790672,192.93483516654462,190.66147832645896
1006,2023-08-29 18:28:43+00:00,201.77052656705195,192.03117138645632,199.27424233432367,198.40078702804422,189.12013654429256,199.49243653255286,217.67112172971974,219.80369844891024,206.68387195978568,198.68069120193462,201.75752405892842,199.34288876921894,188.94670005062625,200.19716497262294,203.58498247844642
1007,2023-09-22 18:28:47+00:00,192.32175854333963,181.19805573981313,195.47092892799554,187.14691496120963,182.92101309184858,193.2058895414687,209.4117076331251,218.67882632621578,204.13906543989606,199.97993587568402,190.0163509044404,187.2358941139987,184.6847751959842,190.58360362608545,196.0297919051203
1008,2023-10-08 18:28:51+00:00,,,,,189.2380695970047,204.10302309721314,212.1820502061835,210.11262411061418,201.62760794621974,198.8320912177895,195.80220704671711,193.9577589444839,191.7083038554867,202.0119642970284,200.88033222801027
1009,2023-10-16 18:28:53+00:00,,,,,172.51645773113825,189.5538830604182,194.8819549884877,188.28760630014355,185.42188286549614,179.98783852462907,181.18119924705525,178.2254541945014,177.63570939144125,187.8506921963033,182.13830501648903
1010,2023-10-23 18:34:41+00:00,,,188.36344168748252,189.26034760900632,189.46516816872108,204.46522757469285,205.34100672397904,197.2814897674957,203.14571670807317,200.175057864235,195.96037823587932,193.7144316652329,188.05573555788447,197.98118675196432,196.20040790002673
1011,2023-10-24 18:28:34+00:00,201.14777833988154,187.03914385535563,190.54798023444727,184.83561211716602,193.1183540096288,201.8337400443163,208.2027540534781,202.13652723796497,204.70071025233693,203.24507309687948,201.13450083113662,194.51404982792775,190.75417448246847,197.47387552076685,199.65409777911623
1012,2023-10-31 18:34:39+00:00,188.48284287370126,164.79812092528064,193.0330438301679,186.55873383421576,173.04266991092538,179.60757571891804,199.79657613633566,191.84078746274002,201.2866993466195,,194.603025605246,192.32914539020362,185.1358549763473,194.9298757628104,184.07087948024713
1013,2023-11-01 18:28:56+00:00,183.23807106897044,185.2997636898709,193.5195647633736,172.7821295969972,177.14722306416644,187.51878347659053,193.06829912320336,179.40496692721285,201.75699007292624,178.55636220605166,184.26653909945378,175.56638032025648,182.12622668960515,193.13987251564015,189.0186543572675
1014,2023-11-08 18:34:39+00:00,211.78645507227503,193.60569840209132,195.2851662206713,198.99180286066564,200.18787171901442,209.0886046064099,212.70170104983757,204.02846186963103,208.09713618432656,203.82101065246263,207.00802739225696,203.43953949480664,201.06351450186258,205.00346763195802,205.20474982723508
1015,2023-11-09 18:28:30+00:00,204.8749274754888,194.83195965739833,196.72422045473851,194.924961764699,196.78781072434828,204.02869505959046,209.5251325609992,206.18766367260704,205.85279930222794,205.175836854931,203.6699899760523,199.6913544531911,199.77288151769534,200.33716282879305,203.91720890207614
1016,2023-11-17 18:28:57+00:00,177.7854705435396,169.1130579175259,184.91798784579106,170.7472480705609,169.35868573269425,187.7692072019656,194.46208570223223,183.8267938603708,182.9536353150841,177.77251364612357,188.6436594937987,173.99504478877967,175.30586065241766,186.94458151730512,184.4387712563501
1017,2023-11-25 18:29:02+00:00,192.0998779093701,186.76254926792205,187.40798474369922,181.8397935894393,182.42622004642217,196.25946832760425,204.0563280914516,191.90497004752189,201.28526352868238,199.73155010513196,200.534101457269,192.08860634341679,188.33364208518913,199.6961487916602,192.20674947853433
1018,2023-12-10 18:34:39+00:00,209.85019831080646,196.02922039957008,195.97485358628782,193.10686122206667,198.54292675534535,205.0965028469954,209.66783474140016,199.50938846597046,203.514642663155,204.1150619584487,201.30605902587618,205.96392278827963,200.4909236959551,199.24548193479302,198.0789019763888
1019,2024-01-04 18:28:47+00:00,194.29135402967154,178.78054349967493,185.90477213473582,178.1021712758274,184.8593907530862,196.32094302937472,194.2121250990038,190.4038511969306,206.50652066051344,202.42107430181488,199.55611010845692,190.14571564249178,185.33491744758425,188.20938033562163,179.09520263005106
1020,2024-01-11 18:34:38+00:00,,,,,,,,,194.2163668504454,189.4958316997829,188.46827473878568,186.0247762636302,180.32353383607136,189.40634806983945,183.74963214113674
1021,2024-01-12 18:28:36+00:00,190.50619076479646,172.3215194293042,190.02905370493667,190.88371909781,185.68971227959597,193.7635029103875,196.74474183194167,189.92733946025726,201.05748386540535,184.627202118235,195.50526659923318,180.8701334104743,184.33886610165948,193.2155281806845,190.32762508753603
1022,2024-01-27 18:34:31+00:00,185.595417523409,176.99194340991738,,176.23383699676282,173.4431990894298,184.30315416285555,189.07730373629903,188.40760994498623,190.42891536952695,178.6821683335956,182.74453511043026,180.4797096229666,180.4399538010332,189.6015671414075,183.5680252504502
1023,2024-01-28 18:28:36+00:00,188.96369514147062,176.88651153211316,186.47886883891215,181.03238645545326,177.33091485291806,188.72047396384775,189.95459383434036,192.341801673281,193.88220876823408,189.66385695718435,183.94988184449835,182.5660799815713,181.42000718753712,193.80404904117898,188.18609190337668
1024,2024-02-13 18:29:00+00:00,194.61981740757426,184.69360839648857,188.54458155238223,185.76338934308944,187.1163542369327,202.55902799118633,198.25790934712506,196.0317185487583,201.20464070688473,191.825039414963,189.62899258464284,196.29717083193708,189.6628497409679,198.80431174684344,187.95771180169186
1025,2024-03-08 18:28:11+00:00,199.84286874684744,189.46207734585735,186.76875336062557,187.26605415260858,187.7347472869534,193.3617551642247,196.19027708205226,193.8638010144461,201.07918880253706,200.52959368994433,197.06625079633508,195.14108328235852,192.50415894640514,196.78494665246,191.14147074168744
1026,2024-03-16 18:28:53+00:00,223.7061860287535,213.5264833175867,202.20574956994565,199.6157790960066,202.5751835502564,210.71983071445862,220.12307347085618,212.52225704691682,216.33130590504203,219.45895924159603,213.91789385630685,217.5619527601556,212.7890053124346,215.97746775661597,211.68288717797992
1027,2024-03-24 18:28:00+00:00,185.72472965780622,176.18326377134775,183.34783011111614,174.9752457885301,175.80441136452805,183.00683855292306,186.9054003865685,187.80126047211115,194.3708834985872,180.46634562120738,183.90909509605896,182.8502039574369,179.35825567484522,184.23365847221513,183.59002369487013
1028,2024-04-01 18:28:20+00:00,223.07651538742746,211.76295761752635,201.13934985281253,197.8099782307375,208.58983044615684,215.32222803319365,219.3716857710055,218.94471511905368,216.3622854888016,218.34298981356883,216.24916758809164,215.30436135426862,205.94476660800544,216.399896913151,214.74486632899732
1029,2024-04-09 18:27:55+00:00,204.08855141780788,195.05789765502698,204.53865142696813,192.6374555741754,191.5074499216346,201.85070003356614,201.68503064764295,206.02982603680596,205.99198145183547,200.03519140164678,203.19759376313593,189.6412314297683,193.7057379596542,199.09661779041636,191.21483530945068
1030,2024-04-24 18:34:08+00:00,,,,,181.64780040122284,194.68489644161014,196.94955967810682,189.54229772199267,200.64816734348472,188.72467888356894,193.27049896697957,179.1986432204846,183.36169890039014,194.10473211047662,190.1868666751583
1031,2024-06-20 18:27:49+00:00,199.9161948797818,194.29250800194762,188.25020286716756,183.60435419990552,185.93221383788648,202.10229642456352,203.00936146027445,191.26254818812316,205.71798920354013,200.55426550855225,195.29409295286882,190.2001445775348,190.19857221907725,200.10218791414397,193.2555815404676
1032,2024-06-27 18:33:34+00:00,222.21996199673256,225.8984302120142,193.96286684128017,189.99843385295947,190.5921135012456,208.35598169757378,211.62891460135933,216.93633144775436,216.09815321615736,213.88820849725323,203.73988881674865,199.38626914033415,195.35509134238364,208.2502669417518,210.54552729935338
1033,2024-06-28 18:28:01+00:00,206.17653722783297,204.26977668018662,193.15042029151843,184.3234425935961,193.54020540349853,209.1306182757308,212.9758036292688,210.9689906408517,207.22056885342107,206.49300061690298,207.6155583740188,194.77852567788088,195.45578598581938,206.50019312981627,210.8948239718953
1034,2024-07-22 18:28:10+00:00,,,,,178.38537952629383,207.189129381986,205.73343617341501,197.95658737580413,199.27411137005447,190.29403415440066,191.75927209818911,187.78303465998778,183.809371228137,200.9016651447439,201.69414234712372
1035,2024-08-06 18:34:03+00:00,206.27998504272838,193.70393816126682,194.91295859765373,188.7610165230035,179.75693723580736,191.91490587544416,209.08688217963535,207.35615014142365,202.54192544121818,195.82740458999473,192.95542240660276,189.6034540412124,191.73471803801584,199.3149112554329,196.50826353784672
1036,2024-08-14 18:34:06+00:00,,,,,,,202.168212848593,207.04942163645944,199.08187619886792,194.15200916940853,193.610946629534,187.52431165477958,178.3150228808692,193.8292979440276,198.1165030431656
1037,2024-08-15 18:28:00+00:00,209.5136588769281,194.35360423917473,199.70381778172845,193.237156314548,182.18059684203666,203.4589726995978,211.0622615296223,211.31296646593987,206.22454983429054,206.15123963263068,201.2329265805719,196.44305830810174,192.68845087233606,212.73659483239854,212.04253317343006
1038,2024-08-22 18:34:16+00:00,,,,170.95924469911301,163.51810610824498,182.59406411483607,192.4895736961243,193.96610823682823,184.30176295453907,176.28415249949205,181.90680908156872,176.29257090372795,178.8746171913151,190.19144379273573,185.12226304865698
1039,2024-08-23 18:28:29+00:00,191.93801007919663,179.8552003155927,189.1487115941676,189.03293886229443,171.2174937921551,183.3541880384936,197.63306813848334,198.86812593122596,201.47029349462332,193.4611757021139,187.36272656122964,190.29908419235764,181.4658152649605,196.14581010148402,192.28463799733427
1040,2024-09-08 18:28:05+00:00,208.36223628307602,196.1554385984079,202.1513309286283,194.94485298075597,186.3809395180258,202.56232969401185,205.31907804406163,208.9635092630732,205.70976769116817,203.0865021694692,195.89947815051465,196.14221593065886,191.7859701737387,202.57427015037018,205.6197136888147
1041,2024-09-15 18:34:20+00:00,,,,,,,,,190.89262708407594,185.29371010283984,189.16470443148953,199.62295148631037,192.7965400379877,205.3035965566717,202.17795742390467
1042,2024-09-16 18:28:15+00:00,195.4364243183992,196.42617726645761,194.15732954419428,191.46697774484034,184.1759022990691,195.32920101917452,203.65028296722087,197.03689547840418,201.13385249428495,195.30718291195635,196.43351556266475,196.65109750060586,194.28026855027844,198.37246590444306,199.210292821427
1043,2024-09-16 18:28:39+00:00,196.36268986056183,197.09428351717082,197.90492288388802,192.27860885401776,184.80049282113998,196.0541834171041,205.92597942175308,198.28584368376545,201.78146854124049,195.78138021553997,197.35635921028623,197.49632805263883,195.30887756022491,199.53796830541114,199.92114388094706
1044,2024-09-23 18:34:24+00:00,,,,,,,,,,,,,,,
1045,2024-10-01 18:34:26+00:00,,,,,,,,,,,,,,,
1046,2024-10-09 18:34:27+00:00,,,,,,,,,,,,,,,
1047,2024-10-18 18:28:24+00:00,191.80287358416524,183.8281718918621,196.07249143631122,190.99828493096396,167.54890650337342,200.27735225908913,205.07354259011572,192.32244061778607,200.4231898395549,184.81436158864858,186.0449054664182,190.58412382983488,177.64476939952522,186.2096422469366,188.51762159392953
1048,2024-10-25 18:34:33+00:00,,,,,,,,,210.68893776517737,196.38549038621414,201.6758907928248,196.5360412749913,201.49396998550458,208.489019160422,211.64137217522614
1049,2024-10-26 18:28:30+00:00,199.3710357341537,189.51548419421005,184.83514861188272,176.99192473306712,182.75111873468,202.41831406199944,206.76944489466626,202.76760871440158,200.91935025187738,205.27939902790013,197.84937419621235,193.65684938976761,187.38654515848725,198.48922591355816,206.68246054496456
1050,2024-10-26 18:28:54+00:00,199.2019082529123,188.80618168674624,184.06487010205944,177.3549221214882,181.61058473149316,201.5273216966607,206.05433428774256,200.72849779420955,200.0901038955203,204.74410650347795,196.74496090938058,193.45630706891546,186.29609952724263,197.47211087548658,205.3609636143531
1051,2024-11-02 18:34:35+00:00,,,,,,,,,,,,,,,
1052,2024-11-03 18:28:18+00:00,185.53518410931218,174.6356477328098,188.88992965475032,178.57591474767875,176.73812765727456,192.90514310429808,191.76630119318435,182.58963514961084,201.45534733355544,189.27832206056752,185.68849395718706,184.14781615629403,180.4794095353289,190.5347964385827,183.6053290645297
1053,2024-11-03 18:28:42+00:00,184.61373841099706,173.94841250830746,186.98014756196233,178.4525462398786,175.0440043433124,191.38656117821665,191.06226859737777,180.9583337794418,200.8818123034761,187.95219094125773,184.775613984355,183.56210412581902,179.9811185489382,189.69430295261424,182.35994111436617
1054,2024-11-10 18:34:31+00:00,206.38961281666954,212.23124385254283,199.79330751320646,192.2084132096777,198.78827240079488,211.02156133215357,215.90360135375704,216.15086869813973,206.86226683406312,206.99549761975254,203.9094338077427,210.4581861275143,210.2945112044626,207.67427653269323,204.5630336470395
1055,2024-11-11 18:28:45+00:00,203.5526484710187,205.37499190781986,194.69445977559855,190.2241702761586,198.38628106652453,209.68685270817883,212.3808621377521,212.2898245368987,206.6000700982251,209.57396399373056,208.1637948659203,203.91224577499753,206.98992958773937,208.29278741051496,203.70124424276122
1056,2024-11-19 18:28:25+00:00,179.87822310760896,172.24702041732823,182.21161722470552,179.29013597675709,172.58105553858258,185.29890312546132,187.882337268244,182.38459292252318,183.57917463281314,177.22228132167987,178.90321688082554,179.82729454103819,171.43062209081535,185.91335208753765,178.54613816054285
1057,2024-11-27 18:28:36+00:00,202.8248720562344,199.97979101088367,189.48423793308172,183.99215300498577,193.70525161839007,206.79679399480625,204.1170592261724,204.32182288692906,207.892155196317,212.90227770801738,232.59745849922402,,,,
1058,2024-12-13 18:28:27+00:00,199.0582064746183,191.4455240586181,186.60405057838,183.4723582261937,188.65756020990108,199.94983767084256,202.15431074160853,197.91630759543347,204.21432009652818,195.55806220430452,194.49411845984287,194.18779346639673,191.78253768563945,194.13320176481764,192.0106554056414
1059,2024-12-21 18:28:22+00:00,200.2232398212539,197.50185058708513,192.4056359582744,184.2307972377436,198.87463515744363,203.24249064947432,202.37671911590027,194.96811132702248,198.96579172441983,196.31621048100453,200.54287413082207,198.32543840349103,199.4395878685833,198.50372675378384,192.4423515837045
1060,2024-12-21 18:28:46+00:00,201.27459922690042,199.56097257390388,194.31656467843632,188.2565101907354,200.62397908875153,204.95007160500347,203.81175977404027,196.501202031711,203.70345129448998,197.41453097850007,202.69120629569642,199.99470955495633,201.66629712281846,201.13256630565354,196.49313508324062
1061,2024-12-28 18:34:32+00:00,,,,,,,,,,,,,,,
1062,2025-01-05 18:34:36+00:00,199.9904380387361,187.73448623328392,182.766468428299,181.17359577560833,192.11417775719846,199.19353330975144,189.7268329551778,189.03941167743724,194.95498034258338,194.95337056065748,191.6862698111991,195.00427835346136,196.11226703506372,193.85543881721966,184.62660810981845
1063,2025-01-06 18:28:24+00:00,205.4953019372644,196.49315309067902,191.07618396146466,189.99271027758107,196.09485914295394,203.98990380804895,205.41249251823564,193.21328319798707,207.16979274191448,204.1538063048057,200.23369008693464,201.67691714851543,198.92556507945042,202.72658748689736,191.21707855943725
1064,2025-01-06 18:28:48+00:00,206.5099367648504,197.78691601151723,193.81899216972732,192.03157646571844,197.85857513427044,206.21269252584267,207.89022566873794,195.12346440558676,208.10473994738788,205.3504911801661,201.84502133675784,203.41307565588755,200.62730269991198,207.06265755099565,193.74851184418276
1065,2025-01-14 18:28:31+00:00,,,,,,,,,,,,,,,
1066,2025-01-14 18:28:54+00:00,200.9163863906669,193.88915367187118,199.62351634161823,201.0206545209192,197.95710064624296,207.22410833749078,201.10235798711045,194.02246000373054,203.84379004380054,202.9871160564277,200.42103816938362,197.897294214194,199.75864912909586,208.00500537213208,195.15056648434467
1067,2025-02-06 18:34:37+00:00,,,,,,,,,,,,,,,220.63787614106022
1068,2025-02-07 18:28:47+00:00,215.69097942018863,200.21856943413633,190.4595434540876,188.2028525240188,191.31623737323497,207.2183494058645,204.58167809596512,200.0403616034215,210.2698660895671,208.34053949124313,208.57254990961977,198.08466898386763,204.2096790147613,201.8770689512333,193.50627496886554
1069,2025-02-23 18:28:37+00:00,210.7991169647776,208.4981484198661,198.0049482208379,195.05374345889226,201.9574265825429,210.4684268785641,210.56009073187855,207.90986811700273,208.3252847663127,208.79408011199627,208.80398037846408,204.03413843925657,205.28662337145036,213.00216806360245,203.80752394986004
1070,2025-03-02 18:34:22+00:00,,,,,,,,,,,,,,,
1071,2025-03-03 18:28:24+00:00,189.74621687351112,182.28827024994098,185.2864555236627,185.33299582030386,185.6983494361549,192.11797354648087,188.80388149144022,189.32098429050802,200.64203798684983,191.4823635248705,192.9066984816955,189.40792434231668,185.55770638329741,188.01128164276867,182.63950326196527
1072,2025-03-18 18:34:12+00:00,,,,190.496272959566,192.60855056026202,197.2982465322014,193.28584400248587,192.6049503349257,202.80772092687118,194.44923740681617,193.15921159376882,189.32112367935179,194.22624144049922,198.75544038805467,186.9894698130598
1073,2025-03-19 18:28:13+00:00,206.7171221980867,201.40354536311582,197.06019658166238,197.9613733878717,196.14558020357282,207.68854918542604,203.72945900855458,201.49824645856503,206.91989616517867,205.99178085004692,205.20102662418392,202.59029018815687,209.4977202251995,211.46960079191632,193.7149393552894
1074,2025-03-26 18:34:23+00:00,,,,,,,,,,,,,,,
1075,2025-04-04 18:28:09+00:00,230.53167645501958,210.6051618198278,207.4831761039626,204.65009210563744,206.13179348396795,210.27986234221663,212.22105128975102,215.9889586831315,226.8480886066344,227.1486089517652,221.10134699585527,218.98353344063503,214.43721141317565,211.13288973143986,208.06273098153633
1076,2025-04-19 18:33:59+00:00,,,,,,,,,,,,,,,
1077,2025-04-28 18:28:09+00:00,,189.1507088751867,188.29627263144337,181.2667300120555,182.31454581335038,191.45071168635712,199.09109329524614,192.00503958020573,194.54483036463319,193.3955914627747,195.0076811909155,190.4463839691566,183.81331149709993,190.24008604194898,194.08708652419833
