,dates,mex0273-0000,mex0273-0001,mex0273-0002,mex0273-0003,mex0273-0004
0,1985-09-24 16:53:54+00:00,193.5777769839948,186.68824111732152,182.3636940596146,186.6484364917565,186.86059878198182
1,1986-03-19 16:50:43+00:00,210.22822947397773,200.642581395707,191.59041675163493,207.05328006784416,202.7889663970794
2,1986-04-04 16:50:23+00:00,216.01177895056148,213.12028796845243,203.95803359893475,215.66246376525555,211.96490786108762
3,1986-04-20 16:50:02+00:00,192.2542706453268,182.36983976741791,174.1072334575634,188.1415888908564,186.10185644931522
4,1990-04-15 16:44:57+00:00,192.96977875913848,183.63010311821452,178.9174121070548,192.0699506720278,191.0436611473415
5,1992-06-07 16:48:12+00:00,184.1756699073845,175.7174688556464,172.29710786481974,174.57465385177693,168.04944632248146
6,1993-01-17 16:46:23+00:00,197.68475002617552,198.05892024809427,187.26810586320306,194.8056774348758,192.81969884551
7,1993-02-02 16:46:34+00:00,198.57410464178935,197.05244303941637,186.43296546235658,199.2173273773825,197.01038926965032
8,1993-02-18 16:46:41+00:00,190.05421365398274,192.22836318833527,181.73560262924974,187.68761299103596,190.79492755304017
9,1993-03-06 16:46:51+00:00,177.531280339916,176.51611341502343,172.19934769263975,179.04727339230365,183.07239401695546
10,1993-03-22 16:46:53+00:00,178.2623876823695,178.51238921809622,176.30820695493247,179.2465106151261,179.54933692641123
11,1993-04-07 16:46:58+00:00,189.3939143476237,185.57124251485402,185.05618428195052,198.52921095317447,194.79895768555224
12,1993-04-23 16:47:08+00:00,176.634406507961,171.65390110314064,163.81045005119833,178.39266866971482,178.57695079053283
13,1993-05-25 16:47:15+00:00,192.10925777491653,188.177948494919,173.4334112773724,177.95307752739154,180.75127774719076
14,1993-08-13 16:47:07+00:00,188.61194562668672,178.862725116595,165.40850129895153,174.38835693304236,181.23992632867225
15,1993-08-29 16:47:06+00:00,181.119192639267,171.93014156398624,159.7573000914635,172.44168980250748,174.68055515794038
16,1993-10-16 16:46:54+00:00,,,,,195.8802822692312
17,1993-11-01 16:46:49+00:00,190.83346817551669,183.37912562958635,177.94440203165146,188.05188793646474,195.27654134997368
18,1993-11-17 16:46:38+00:00,191.54964822633931,190.24598567808448,186.78301884316582,199.43260661157916,200.73344001025865
19,1993-12-03 16:46:37+00:00,203.2617638688261,202.38955544482764,191.5034374176245,202.61508679676123,204.13721273705835
20,1993-12-19 16:46:29+00:00,188.02664455270778,191.90433686376826,182.41818977629146,179.83176380087983,192.66977627708056
21,1994-01-04 16:46:17+00:00,199.23614137012575,203.84830815609317,191.25042133485346,208.06853595251613,209.21203517525566
22,1994-02-05 16:45:53+00:00,187.92620025493233,192.64538066719558,181.91361533775904,194.60528936595236,194.62935141284586
23,1994-03-09 16:45:25+00:00,182.51595758938814,187.416675986955,181.87499367024967,178.19888509411567,182.52887991747593
24,1994-03-25 16:45:11+00:00,171.79329742967758,168.80313626465156,160.63720510152197,171.14777408037227,182.9491654389974
25,1994-04-10 16:44:52+00:00,189.02931034073657,186.25135868715097,173.88753346313462,194.63325797935687,190.1853506151428
26,1994-04-26 16:44:35+00:00,184.04102942407624,184.5313032056055,177.13108148905084,181.57333278935513,182.44989706241253
27,1994-05-12 16:44:16+00:00,174.67366657980614,173.00251767951048,163.33457750361347,175.97284546698833,179.2597107064339
28,1994-07-31 16:42:24+00:00,190.87602157530472,183.54680545572472,181.30522447104454,188.9920786138435,191.53795954797434
29,1994-09-17 16:41:12+00:00,187.82098483823012,186.20573606796614,179.28240590494548,191.82599004961222,190.59311116123084
30,1994-10-03 16:40:45+00:00,191.05980708998203,188.24450375548378,183.10582946209004,196.46086891258506,197.47738681122186
31,1994-10-19 16:40:15+00:00,189.21782492041754,187.73210724039942,175.0886943515148,179.7162504100837,184.74614699314526
32,1994-12-06 16:38:38+00:00,200.7342116899381,202.4604053270989,189.55286184615414,202.81628968259884,199.98347242676687
33,1995-01-07 16:37:35+00:00,190.43413391473223,188.28337240830703,182.30969233756997,191.49530887612653,188.22801241405344
34,1995-01-23 16:36:59+00:00,208.384374233366,205.8768777577776,195.32479362091047,201.15682870188238,199.56242645659265
35,1995-02-08 16:36:21+00:00,207.75489684031294,200.56988385162768,192.04118332893873,200.74923036238633,203.2051491407026
36,1995-02-24 16:35:43+00:00,208.82853880271477,198.1531896430334,195.47416827051748,203.2511679339145,200.04754076004232
37,1995-03-12 16:35:04+00:00,205.65458024252732,200.53690341730135,187.8118203607692,199.74020228753935,202.20285418512464
38,1995-04-13 16:33:44+00:00,202.91845792725442,195.06097325371192,184.07273368692162,187.88823263893127,190.90457409285753
39,1995-04-29 16:33:02+00:00,183.0449370501646,176.60900692198376,173.00787717949217,176.9691944656627,184.68475120308818
40,1995-09-20 16:26:24+00:00,183.494625597394,175.16810125834044,174.62380832926283,174.06510883758685,182.09801310816178
41,1995-10-22 16:24:41+00:00,185.92159287682136,187.693593306047,180.0168348913723,187.88781403275067,184.88999233889152
42,1995-11-07 16:24:13+00:00,191.66236664929417,189.91795756157399,186.5593947927186,195.3976563392878,198.7793294424637
43,1995-11-23 16:24:27+00:00,206.9212204573029,204.91698833618977,196.04215128119807,205.5406198593861,190.4702214250636
44,1996-01-26 16:28:49+00:00,204.48738440229576,204.29183359182957,195.09385459154018,206.7077759603844,210.90338777267124
45,1996-02-27 16:31:00+00:00,210.2354372937523,204.87055300933898,198.2013749097018,207.7470508478536,209.684901650297
46,1996-03-14 16:32:03+00:00,202.19185868571256,195.91946163320958,192.28455361575303,195.26575248328652,200.09766059835565
47,1996-03-30 16:33:04+00:00,204.15523002430237,188.6939541719767,189.55750958787266,196.9785177966616,194.1477270217113
48,1996-06-18 16:37:43+00:00,191.92608538595073,189.0548868787529,178.59039966086198,189.90589350004453,195.1800526732092
49,1996-08-05 16:40:15+00:00,181.49716675876098,170.79372771262868,161.17659852372432,163.74372663966184,163.13276535734042
50,1996-09-22 16:42:51+00:00,181.1504153142411,175.19927624936685,173.47333151609084,179.38415408771166,179.6343850438836
51,1996-10-24 16:44:30+00:00,205.22982261686676,201.51388731987623,195.07122590499253,204.01166382058074,207.46637434140297
52,1996-11-09 16:45:16+00:00,207.39922120048968,203.2015193809012,201.42314800917148,204.0977019245236,203.90174703395016
53,1996-11-25 16:46:01+00:00,207.18996983654137,210.56015677337516,204.68636634648138,209.99041938187497,208.90562825260272
54,1996-12-11 16:46:47+00:00,207.06891977020211,209.98529135561412,208.51322203238422,214.2134089756452,213.07120351419877
55,1997-01-12 16:48:17+00:00,216.46300010084946,215.5599181852112,208.04654007280473,211.89692511165114,208.71739449280517
56,1997-01-28 16:49:01+00:00,209.41273353874158,207.61359695363083,203.8869415459845,205.70671840972602,210.1932884580919
57,1997-02-13 16:49:43+00:00,211.6929660035954,199.65553428115817,198.0185533211163,204.54358945499985,208.7167381011215
58,1997-03-01 16:50:23+00:00,203.1639570834972,203.32769454573534,193.75416289670144,200.16260878523187,197.89787794725598
59,1997-06-05 16:53:51+00:00,197.570455850686,196.86727074117368,184.665468264932,203.21670161410935,206.74401496549092
60,1997-06-21 16:54:23+00:00,190.33761863620165,183.94111439983857,179.53223362014816,183.34091261570177,190.07611989715764
61,1997-07-23 16:55:29+00:00,193.66015973185998,186.70434165056267,182.25303554702882,182.29084650359374,188.27794932541087
62,1997-08-08 16:56:00+00:00,186.0028205347735,175.6419761142147,170.06545341589634,164.5689233315127,167.1742843596583
63,1997-08-24 16:56:30+00:00,190.02976632543798,188.32588404451005,183.7163602931406,181.37162511461767,190.33464510787798
64,1997-09-09 16:56:58+00:00,194.86888455915204,191.8586986473958,184.43763915757964,193.59087518790028,195.14098447275114
65,1997-09-25 16:57:26+00:00,189.354447747416,187.89741602475553,177.64112909311146,175.19950269309118,171.42647676975784
66,1997-10-27 16:58:19+00:00,198.01098963185797,181.9134881472145,180.23230855043462,188.4224553188308,181.1332794338337
67,1997-11-28 16:59:05+00:00,209.7402569684427,199.75305825735654,198.52846004156754,203.12786365731037,195.89899349418687
68,1997-12-14 16:59:29+00:00,205.1426896399217,201.56507072925484,193.00035187115537,206.89153952618267,204.37805711850115
69,1997-12-30 16:59:51+00:00,210.2032590871065,193.1725698903299,198.85437361501323,206.92513440775465,205.53615757528465
70,1998-01-15 17:00:13+00:00,206.90615332162986,204.88649855182123,193.39900663026378,206.3422729578905,201.68258473032603
71,1998-01-31 17:00:34+00:00,218.4436944979387,206.79707882363925,195.83804615506565,207.1321466077105,200.16797143605092
72,1998-02-16 17:00:53+00:00,204.21778351477175,200.69319515955152,190.55568086015117,209.16923863330223,212.2628403768292
73,1998-03-04 17:01:08+00:00,215.76401836908872,199.23069684006234,199.7869414960185,205.9619949116955,202.38430031477262
74,1998-03-20 17:01:24+00:00,202.4473262349633,182.30650200766593,188.71676817270722,201.96885043303416,199.0406422984327
75,1998-04-05 17:01:36+00:00,197.1443494622656,184.19294654254867,175.47477726384986,194.63789471667445,197.76481334931702
76,1998-04-21 17:01:47+00:00,181.88585755529024,174.0106333938317,173.06157318062986,190.99332518323826,186.48409280852024
77,1998-08-27 17:03:21+00:00,187.56088841790603,180.46221794338996,171.42925892059034,175.86651335746473,184.1895978118859
78,1999-01-02 17:03:49+00:00,202.40091870967282,202.82140602012066,191.3016077343386,211.62177357410758,194.46643478808167
79,1999-01-18 17:03:44+00:00,206.12915445301064,203.19138078251055,193.53123843559027,203.61503085079633,201.2692793582928
80,1999-02-19 17:03:59+00:00,181.69505129616803,176.88855490894866,170.80949916032176,178.70400911769644,175.77815395964046
81,1999-03-07 17:03:51+00:00,191.5585850197249,195.66710863783607,188.06657470384414,192.75168022630277,194.14384433858865
82,1999-03-23 17:03:36+00:00,206.33719510529306,205.06305149238466,196.1686444333203,205.2974138606521,197.63139716570808
83,1999-05-26 17:02:53+00:00,191.13229266401885,183.30947808544875,178.60749712192484,197.73157536372568,202.13015743590915
84,1999-07-29 17:02:26+00:00,190.79450995937967,184.9307547013978,180.35622006197013,193.78818833905072,198.794137278211
85,1999-08-06 17:17:38+00:00,188.9916255634187,183.12265631725685,182.95302315069247,190.93861021980192,192.5697606500079
86,1999-08-30 17:01:59+00:00,181.88783153040373,173.2760836306223,168.18058896836192,178.02238594367125,181.38966881470006
87,1999-10-17 17:01:19+00:00,,,172.70926521164904,197.03786678302788,198.36927101528374
88,1999-10-25 17:17:36+00:00,205.85559073121996,193.9459484195463,189.6002708539714,198.5623450171623,193.39510153509843
89,1999-11-02 17:00:53+00:00,196.7662773815929,197.31019251672765,190.2488097896537,206.2657877057317,206.28248233489273
90,1999-11-18 17:00:18+00:00,206.1373143483639,193.2187136450953,189.89698387275328,205.29863998741493,203.20361976883822
91,1999-11-26 17:17:30+00:00,195.23890891305203,189.16288778242983,185.30866374350768,197.2861706060231,192.97007403325316
92,2000-01-21 16:59:26+00:00,197.3183662832664,205.94649652207406,195.5546592390549,205.92449245859905,202.51023398867918
93,2000-02-06 16:58:54+00:00,209.64989569904938,209.57024945069355,211.19498165224286,207.9874788574887,204.93939387811002
94,2000-02-14 17:17:27+00:00,213.15026065444545,209.1898284778023,205.80564556930238,209.69963576266383,206.39083400087898
95,2000-02-22 16:58:17+00:00,189.16203155103267,190.90300414542108,184.61837145461107,195.7644815325344,189.4276014637109
96,2000-03-17 17:17:19+00:00,203.47514434123957,194.18150989291465,187.98772615294573,205.1267207923348,199.8850683503647
97,2000-04-18 17:16:59+00:00,205.88884626411723,200.9093948254883,194.4994079219129,203.50522070898015,195.97069705485887
98,2000-05-12 17:00:27+00:00,170.43162493142162,167.94393498820972,162.91667053346686,167.95238937453232,177.3734823410005
99,2000-06-29 17:01:26+00:00,184.4289169752213,173.6160705176383,167.2890161638344,174.00101686933277,174.86598839876498
100,2000-12-06 17:03:58+00:00,210.7226848038281,201.4857941931449,201.49747481862752,208.70632228385364,205.51770553367967
101,2000-12-14 17:15:08+00:00,212.66671001499176,210.06972484955728,207.53217603050376,211.62077563743034,205.77704708933123
102,2001-01-23 17:04:37+00:00,212.22078655781908,208.6814934072007,207.79130149320437,211.75621863667553,207.40709428687995
103,2001-01-31 17:15:12+00:00,218.82755688319298,210.13375372020482,203.03188024310822,206.7407102738237,200.24726551656738
104,2001-03-04 17:15:04+00:00,214.08933318449823,205.73580420758384,202.1545407778466,206.82614348931435,202.61661161210415
105,2001-03-12 17:04:49+00:00,210.10859981413006,197.10288987803722,191.08188640204708,199.82659218793677,196.77332516138725
106,2001-04-21 17:14:49+00:00,194.47682430886567,194.54977435458352,185.23640285861532,185.81141293024743,197.7909611517795
107,2001-05-31 17:05:03+00:00,197.46576714310353,192.2378286520901,181.6180707064787,179.7595410113831,173.85114263818252
108,2001-06-16 17:05:03+00:00,214.05404228467995,199.24951671519335,191.34173724053198,194.7032482532477,189.49854590735913
109,2001-07-26 17:13:57+00:00,191.1709354086411,181.80254629359374,178.73211785089848,184.8668808749963,179.93466295811496
110,2001-09-28 17:13:07+00:00,183.91517980949308,182.79267445798936,167.4436908383619,167.78052741563297,177.5413781537694
111,2001-10-30 17:12:59+00:00,202.583573148044,196.82136192595823,189.404783061861,200.33416036526066,195.78082966202592
112,2002-01-02 17:13:20+00:00,217.2974801466672,205.9828176349719,201.00476670301924,210.34637016030356,203.4866099798228
113,2002-02-19 17:13:32+00:00,203.00118709413707,201.7305034059742,192.89268952673913,202.7342518752769,199.31388567683308
114,2002-04-08 17:13:32+00:00,211.24045326254787,198.34898063421943,191.6538374629086,200.81086437863925,196.85816632312503
115,2002-10-01 17:12:26+00:00,196.50401569498078,183.8663863682003,176.0972980342079,195.79146359300663,198.0771996292538
116,2008-02-04 17:15:02+00:00,209.29897783212158,205.38812392075653,207.79764878573152,215.08002345395516,208.27257748721786
117,2008-03-07 17:14:53+00:00,,,,,
118,2008-03-23 17:14:52+00:00,191.92472109035518,187.88641473651222,181.09384540729437,189.15202214277153,
119,2008-04-08 17:14:52+00:00,,189.50264892048168,185.91369004905923,,
120,2008-04-24 17:14:49+00:00,217.90804635052976,201.44427916411846,202.43270134531636,208.77453596599784,
121,2008-05-10 17:14:45+00:00,206.35731503325988,194.46952974574975,184.53059508899008,197.31657725342345,198.23304160961865
122,2008-08-14 17:13:53+00:00,175.60993690891496,171.69512273785037,163.90147606215643,172.07815999782414,172.6816796674511
123,2008-10-01 17:13:28+00:00,182.40570536711448,175.94461379107966,174.57851102584036,181.35304211122818,
124,2008-10-17 17:13:26+00:00,197.4418438526479,186.97795798654235,182.36157159895552,194.24464122336735,192.29050856138997
125,2008-11-02 17:13:42+00:00,,193.10132815012702,186.99247317406432,,
126,2008-11-18 17:13:55+00:00,,,,204.95748468287937,205.12907826475617
127,2008-12-20 17:14:16+00:00,,,,,
128,2009-01-21 17:14:27+00:00,,,,,
129,2009-02-06 17:14:32+00:00,220.8030274979833,214.25604878950335,207.9058683072736,215.05152211377316,208.3209484691033
130,2009-02-22 17:14:42+00:00,216.7311963700834,207.65043063614263,205.34918526085198,212.67096648379587,208.07349790173356
131,2009-05-29 17:15:10+00:00,215.18349363414973,205.4098946927061,203.80149961981732,205.90935138401778,197.8227848813879
132,2009-06-14 17:15:09+00:00,,,,,
133,2009-06-30 17:15:06+00:00,185.70041550098273,174.68463050100925,174.79158031873553,,
134,2009-07-16 17:15:03+00:00,191.275142681547,181.6479071170174,176.41055613941003,184.94551275056125,186.68892720862246
135,2009-08-17 17:14:54+00:00,,,,,
136,2009-10-04 17:14:50+00:00,193.6127080120856,182.249753121859,175.6151033590015,180.85979378913686,182.46479492081494
137,2009-11-05 17:15:12+00:00,217.44011161176172,,,197.17601469105702,195.55314394835167
138,2009-11-21 17:15:25+00:00,213.4987142391486,200.217813993458,205.02045965421948,198.82418128574056,205.731173746592
139,2010-01-24 17:16:22+00:00,220.43267014387638,204.45408407270287,208.2756862586423,204.9163893462528,199.63076297903422
140,2010-02-25 17:16:44+00:00,205.55366304258493,198.8589790946996,202.3786696192647,197.37109682670692,194.9014447205574
141,2010-03-13 17:16:51+00:00,,,,,
142,2010-04-14 17:16:56+00:00,202.7966243033263,187.36556339955797,179.4894250971183,181.4417115106215,192.29269145943286
143,2010-04-30 17:16:55+00:00,213.1533535978613,203.60007238271982,198.5304963091796,201.23976484127166,202.54959958723748
144,2010-06-01 17:16:51+00:00,,,,202.3912412328694,207.18064251677026
145,2010-08-04 17:16:56+00:00,189.4316812407641,177.3283341977399,174.20653273004194,176.26850130739356,181.94498318237075
146,2010-08-20 17:16:58+00:00,188.5833002627287,182.3308559550672,172.21994777542108,174.02835827264528,183.2559674885732
147,2010-10-07 17:17:01+00:00,204.31473622122004,186.38466136207202,185.85196306184102,198.33471192589803,194.1363618146234
148,2010-10-23 17:17:11+00:00,201.7464136784266,194.62714688169822,185.3147005015503,199.82219236224205,195.18932732322614
149,2010-11-08 17:17:21+00:00,189.27445640105648,184.99276671070692,173.22412751889425,184.96427572189242,181.87165056800808
150,2010-12-10 17:17:43+00:00,,,,,
151,2010-12-26 17:17:50+00:00,222.16008779309303,212.39374025994746,210.5367818731472,206.92740044793516,202.96068647389288
152,2011-01-11 17:17:59+00:00,,,,,
153,2011-02-12 17:18:09+00:00,211.10148852055565,204.14204337507962,204.20282217501514,211.8841331510878,208.86898399056903
154,2011-02-28 17:18:15+00:00,,,,,
155,2011-03-16 17:18:17+00:00,214.2671479964182,200.14263756899467,196.8926944941173,204.6283629321007,204.88364881137082
156,2011-04-01 17:18:20+00:00,207.06871183842162,196.35435712583833,190.3044061863151,199.5171958478277,194.87198806233948
157,2011-04-17 17:18:19+00:00,204.6376158636362,199.20002000489333,189.22875799875948,201.7624738054115,197.3384313703885
158,2011-10-26 17:18:05+00:00,,197.52641952552682,177.55381527432132,191.57648502393647,190.78549568335026
159,2011-12-13 17:18:30+00:00,218.71592909451564,207.14141765323058,202.2796954487245,200.38176581896482,204.4855749574383
160,2012-04-03 17:18:49+00:00,214.90229473633602,,,204.6872536204204,204.14932843177132
161,2012-04-19 17:18:51+00:00,206.47727139048843,195.47564792694914,184.67566428275728,194.7901269596071,201.73697397646674
162,2012-06-06 17:19:03+00:00,204.94931082580553,183.35044468843225,184.04457606789023,201.12264956964796,200.3797046360523
163,2012-08-09 17:19:48+00:00,,,,,
164,2012-09-10 17:20:08+00:00,,211.90960165332191,,,
165,2012-10-12 17:20:25+00:00,211.91665543362717,193.44239072726964,183.90130208660787,191.93108718193955,195.64111959435385
166,2012-11-29 17:20:42+00:00,,,,,
167,2012-12-15 17:20:49+00:00,209.48235028887422,202.33535427820038,201.32137045375194,206.61797095714792,205.41121547770848
168,2013-02-17 17:20:55+00:00,,,,,
169,2013-03-05 17:20:52+00:00,,,,,
170,2013-04-06 17:20:46+00:00,206.4919974620852,194.86900323916507,187.75148484540114,199.8161198754024,194.44354824707455
171,2013-04-22 17:20:38+00:00,206.87730259591788,197.02249444345216,186.29204329306077,200.2324761608189,195.33720779903635
172,2013-05-08 17:20:36+00:00,218.53122904970903,208.75014341691198,203.6073820493771,207.1456273376096,204.2853910962058
173,2013-05-24 17:20:33+00:00,208.23964825068398,195.25747958167216,186.36457844156465,195.488847007235,191.05791458177038
174,2013-07-03 17:26:42+00:00,199.89402135037187,187.72947915212663,180.172910430964,193.42099410353902,181.80636460027736
175,2013-07-19 17:26:41+00:00,188.12356309844589,177.4561296102193,174.64503204602977,179.88430077839155,168.46684371336218
176,2013-08-04 17:26:44+00:00,189.54405659704872,183.04632516664967,176.51667887272777,187.1377739837425,185.56074130587953
177,2013-08-12 17:19:58+00:00,193.37673649102499,175.43368116288957,172.39955164398557,178.74114942787844,172.82173065282808
178,2013-09-21 17:26:39+00:00,189.64310924602955,184.4623199816909,176.1363112961354,183.57553642076272,182.37926900542473
179,2013-09-29 17:20:31+00:00,196.4327804574869,183.97523294757798,175.4136847233734,188.45581384476472,183.69096892196006
180,2013-10-15 17:20:44+00:00,195.6918178981088,184.6738684805222,174.53192759609556,195.06003544997617,195.63286887440833
181,2013-11-08 17:26:28+00:00,196.55167562852392,190.0783903089945,189.4741946777139,199.96866608174946,198.32710098676566
182,2013-12-10 17:26:19+00:00,217.00745015950204,217.58709489012173,215.01284486682763,218.57879225018462,211.49095945639087
183,2013-12-18 17:21:03+00:00,201.4033808957005,200.76621772190597,190.70406686535821,204.57572502892228,197.98736516962038
184,2014-01-03 17:21:10+00:00,213.50643536747594,211.47991123838628,210.34673688897462,216.29357502229556,210.97431139849235
185,2014-01-19 17:21:24+00:00,,,,,
186,2014-01-27 17:25:50+00:00,212.2814654591536,203.71458868904193,207.78446071476037,212.1146046795997,208.50024267938267
187,2014-02-12 17:25:35+00:00,210.05747445205998,210.30623587631106,212.3735996848966,214.11482726888252,213.325777082546
188,2014-02-20 17:21:25+00:00,204.75037132207098,199.13192532316376,192.7007626998739,207.64851652456167,206.0477737457182
189,2014-02-28 17:25:22+00:00,212.87608277230632,210.05931674746057,210.84305813431507,209.15049535971082,207.98508105138654
190,2014-03-08 17:21:32+00:00,212.41473862713437,209.49906700913306,208.52920866066484,218.8971612173757,211.52623904480933
191,2014-03-16 17:25:13+00:00,213.67641616465784,209.97101998377872,197.37366002305725,204.22107478986052,206.94760343071272
192,2014-03-24 17:21:38+00:00,212.50947339336759,207.4002635695652,197.86226032822148,211.91140017932707,200.92880071599765
193,2014-04-01 17:24:56+00:00,206.90132344169209,197.5762309403638,187.00216092619502,203.65414545976932,202.69395642983818
194,2014-04-09 17:21:43+00:00,210.71539945128342,202.61727903310785,203.76331080494037,207.9768445557912,203.2052513585987
195,2014-04-17 17:24:39+00:00,189.92226820336174,187.17725082311125,182.20983781926708,190.81176842080205,190.07542628503697
196,2014-05-11 17:22:01+00:00,,,,,
197,2014-06-04 17:24:22+00:00,189.986484185915,183.3483609840056,175.65883807763487,177.76387756563506,182.17102292219337
198,2014-06-20 17:24:26+00:00,184.75629550878588,180.32615907280604,175.09561088046954,187.999479542131,180.31798852824627
199,2014-07-06 17:24:33+00:00,171.2155583380975,169.88021472834433,166.33340609536074,167.29155359385496,180.733779044533
200,2014-07-22 17:24:36+00:00,180.85503404161463,179.60344407746584,176.6137686477826,192.856987130066,192.29508274701078
201,2014-08-07 17:24:45+00:00,184.19293525512046,174.86892727040347,178.48782331975826,191.01878989034603,192.91928913645728
202,2014-08-15 17:22:22+00:00,173.50398691018862,168.80557351872545,164.91011165769677,176.36690913500735,182.59278979691572
203,2014-08-31 17:22:21+00:00,,,,,
204,2014-09-08 17:24:52+00:00,183.29557408935855,175.09939075034438,168.4568722323482,179.6678893849113,188.9787361342546
205,2014-09-16 17:22:24+00:00,174.51502775763154,169.70697308462857,157.16653053818533,157.9464551630853,163.86542593571917
206,2014-10-10 17:24:56+00:00,190.97183682480738,182.83878471833793,176.77244787839493,179.4004274160062,180.90083589269446
207,2014-10-18 17:22:45+00:00,,,,,
208,2014-10-26 17:24:55+00:00,189.67653927128532,190.7543350537565,183.04572590049412,193.1782651331378,181.55698633080183
209,2014-11-03 17:22:55+00:00,192.24743563639265,180.4708267991583,170.9488379552545,175.6295917914692,178.75500223417504
210,2014-12-05 17:23:07+00:00,215.95636191858856,211.42333237719956,209.92666341365566,210.76273432296327,207.2685543660271
211,2014-12-21 17:23:16+00:00,205.65351211481223,201.28944553060313,190.31880524965436,200.15120234679398,199.07874849693852
212,2014-12-29 17:24:46+00:00,211.14284061903453,208.5985995902009,205.16519889190425,201.92955764245914,201.10366581509894
213,2015-01-06 17:23:17+00:00,208.27366794556474,203.5450556494976,197.1575081907126,201.72234657562447,203.2571938947602
214,2015-01-14 17:24:45+00:00,203.7602502418038,197.6577981040554,195.64569915733455,200.4279604495958,193.61426861620765
215,2015-01-22 17:23:18+00:00,212.9037300778328,204.25181150932318,197.50988194477455,,
216,2015-01-30 17:24:41+00:00,208.04753401554134,199.7629723699213,196.80107731628382,200.81823925726616,201.97479455480266
217,2015-02-07 17:23:25+00:00,,,,,
218,2015-02-23 17:23:32+00:00,206.71755388291652,195.1011404085275,200.15097858370032,209.99000899135225,204.51262143933684
219,2015-03-11 17:23:37+00:00,200.94038950165597,188.3669434705129,188.18109764837442,,
220,2015-03-27 17:23:47+00:00,,,,,
221,2015-04-04 17:24:06+00:00,183.14991828567716,181.0704864391859,179.02648278816125,195.75025093415545,195.14072831396874
222,2015-04-12 17:23:56+00:00,199.13270096367407,196.64182294831465,185.08250772884912,,
223,2015-05-14 17:24:10+00:00,175.31996406806846,171.09454084374602,167.62118210939397,,
224,2015-05-22 17:23:47+00:00,187.78816637046555,180.37675499019753,179.51744294397025,194.12242373167717,195.19965406550475
225,2015-06-07 17:23:56+00:00,175.79931426913473,171.79448061105035,161.70386835024428,162.77934441954528,163.96147542781492
226,2015-06-23 17:24:03+00:00,187.66981664758677,176.31728574946493,172.77684253124244,178.76589981264107,177.47628680803618
227,2015-07-01 17:24:22+00:00,,,,,
228,2015-07-09 17:24:13+00:00,186.31131276583446,176.9091085438834,179.3762748861593,181.2481216924954,185.52540731502168
229,2015-07-17 17:24:28+00:00,185.82536334567763,175.10698683800234,170.6730163891143,174.45563763372402,171.20759926763367
230,2015-07-25 17:24:20+00:00,188.36180096311327,177.72110799551902,173.40233526987595,175.00012803790437,176.85947422206797
231,2015-08-02 17:24:31+00:00,192.26756731207925,185.49553372828186,181.86965540114196,,
232,2015-08-10 17:24:23+00:00,182.7486944945855,183.72136939113236,183.11014741402855,192.40077968263512,191.50511351993364
233,2015-08-18 17:24:34+00:00,179.75371032157318,171.89965850921993,157.61600505022025,159.60637878770012,157.72014780869858
234,2015-09-03 17:24:34+00:00,198.26625867400608,197.70731881360953,187.41879485530444,180.4844499263968,193.36622252690992
235,2015-09-11 17:24:37+00:00,184.31619122629527,182.37938544988583,170.15411077712605,183.62684052095148,189.06741947626156
236,2015-09-19 17:24:40+00:00,,,,,183.4640220224376
237,2015-09-27 17:24:44+00:00,183.70820926723928,182.95318792948308,176.1751216424439,183.00557079116265,181.65071809924865
238,2015-10-05 17:24:43+00:00,184.5577898914942,183.94762288772154,177.57626890910313,184.36945531665523,174.99620320685852
239,2015-10-13 17:24:44+00:00,192.19189074005152,187.90639178914566,181.06831254625325,192.553569913274,
240,2015-10-29 17:24:50+00:00,186.581187810679,184.463465313053,176.78137035797303,168.70991486757845,167.66244576508873
241,2015-11-06 17:25:16+00:00,,,,170.0944630674868,174.99338925391578
242,2015-11-14 17:24:50+00:00,198.22207556735145,188.42056889785,179.64291876796577,185.42664587932808,183.22016140924939
243,2015-12-16 17:24:52+00:00,198.02074258049845,193.7445537619192,183.0171647844033,191.93712002723257,192.09937905595007
244,2015-12-24 17:26:02+00:00,199.7771323883332,196.1060038664933,185.27510747791354,197.22854692523524,192.13018261216274
245,2016-01-01 17:24:50+00:00,204.4263839461293,192.67950509969293,188.175539627692,199.8878606298456,196.83705605404836
246,2016-01-09 17:26:17+00:00,205.0232133291232,188.83627751533257,177.3607219219743,195.11893377687562,193.77182745559818
247,2016-01-17 17:24:49+00:00,206.83977376112188,196.82347563702496,189.7708698626695,205.58730319781327,200.74456794757896
248,2016-02-02 17:24:46+00:00,212.07338669681081,197.8918167842001,191.42380195444468,202.32453557021634,199.15266266266866
249,2016-02-10 17:26:35+00:00,,,,,
250,2016-02-18 17:24:37+00:00,210.87595648035773,197.72524302352886,191.685386924212,203.24220358399228,198.22314018267505
251,2016-02-26 17:26:38+00:00,,,,,194.29513678446258
252,2016-03-05 17:24:36+00:00,200.54136868673575,187.04416056918163,178.9087996720488,193.0546858117497,192.28925703323594
253,2016-03-13 17:26:48+00:00,219.43620044729485,202.54810163994264,191.93389297901174,208.76351890711877,211.50549307202743
254,2016-03-29 17:26:53+00:00,208.52210478461765,195.8617211163587,186.7798495298674,200.65734252771443,199.34093904972923
255,2016-04-06 17:24:21+00:00,189.4591809128842,186.27421754594218,180.82211720540573,194.26433949998417,189.09318333023714
256,2016-05-24 17:24:21+00:00,206.09201180332147,195.1649723285805,190.22173760647664,205.9610062960034,200.1210489914263
257,2016-06-17 17:27:17+00:00,184.12050292102512,170.7828323349395,157.40824308276748,169.54347743995106,171.60265630263262
258,2016-06-25 17:24:31+00:00,186.56586040584435,179.77219218281851,173.22188312053657,174.83946334289763,187.53440932201926
259,2016-07-03 17:27:17+00:00,,,,,
260,2016-07-27 17:24:44+00:00,,,,,
261,2016-08-04 17:27:21+00:00,,,,,187.22309949825947
262,2016-08-12 17:24:46+00:00,183.33108278128933,181.23241070441654,174.59235632103253,182.439167669918,183.9946735122247
263,2016-08-20 17:27:22+00:00,,,,,
264,2016-08-28 17:24:53+00:00,190.8679984172251,184.18006320974638,178.68124272160426,187.18305061006984,191.8110114359247
265,2016-09-13 17:24:57+00:00,189.22511010694316,178.4265474072578,167.84449157036934,173.9342848406862,177.88098058971394
266,2016-09-21 17:27:27+00:00,191.79621577444465,187.40110748999564,170.66470771043154,174.34898845867917,173.21982819569226
267,2016-10-07 17:27:29+00:00,194.91667815819827,186.9194047492736,176.6061601074891,187.86934554221526,184.82630687209647
268,2016-10-15 17:25:03+00:00,189.14044781675827,180.82684713307538,178.59482647306683,187.4398022896686,182.80542424490181
269,2016-10-23 17:27:26+00:00,,,,,
270,2016-10-31 17:25:04+00:00,195.43689641593858,189.0020956770974,190.84768517312568,197.84138051514202,191.1947445172693
271,2016-11-08 17:27:19+00:00,199.91370970780127,192.42764000257176,183.877603475337,191.62466550355478,
272,2016-11-16 17:25:04+00:00,204.49098360659622,202.87259544372682,194.5820191879592,200.7840593842714,201.28121329450062
273,2016-11-24 17:27:15+00:00,,,,,
274,2016-12-10 17:27:11+00:00,,,,205.56765830510835,205.31989151144305
275,2016-12-18 17:24:58+00:00,210.63703074607793,203.4478311481007,191.94454953946249,202.97521104596854,204.53477124989985
276,2016-12-26 17:27:05+00:00,210.7969916853427,199.0405948874865,194.39513340130665,202.5216208371297,201.0367621681713
277,2017-01-03 17:24:56+00:00,212.88396823864315,203.93544845224326,201.40815061978446,202.33411282043292,201.56247801721545
278,2017-01-11 17:26:54+00:00,205.16747559106844,202.9129956868829,189.0752209654833,198.452385229572,199.90708159758066
279,2017-01-19 17:24:51+00:00,208.8668427347713,202.4964278312463,194.34213163081841,200.79106503764623,200.38709491484866
280,2017-01-27 17:26:45+00:00,217.55490637945238,210.57028279580732,200.28886957237657,212.52351560834634,210.55825467609418
281,2017-02-04 17:24:44+00:00,216.49456987378275,205.39155428153475,200.5103333168241,205.15229445230744,204.1361595289108
282,2017-02-12 17:26:39+00:00,207.7468475279095,200.53311072014844,196.7277330530903,198.13385523541217,201.75203434254936
283,2017-02-20 17:24:38+00:00,208.26385550512043,197.5116267230902,190.72333907007817,202.71847713930865,201.9029011879916
284,2017-02-28 17:26:48+00:00,,,,,
285,2017-03-08 17:24:31+00:00,208.58314450835152,199.84590362797957,194.41447500624886,203.26954222842934,199.42308777116344
286,2017-03-16 17:26:54+00:00,,,,,
287,2017-03-24 17:24:21+00:00,208.15060901595407,197.9407719828668,186.47860316432894,201.51567284004688,200.24859515494575
288,2017-04-01 17:26:58+00:00,,,,,
289,2017-04-25 17:24:04+00:00,188.94755101492694,186.14542681962675,180.54800608284106,185.2164056909488,184.05404320419694
290,2017-06-12 17:24:25+00:00,197.7684676095203,186.59547937112575,180.466948454376,189.90240102485748,182.05284111484423
291,2017-06-20 17:27:21+00:00,205.23024165979564,190.75916923139624,173.61366742863618,175.4650723810816,186.30562148555163
292,2017-07-22 17:27:23+00:00,,,,,
293,2017-07-30 17:24:41+00:00,179.26880508481386,171.6581773861382,165.26350225313462,168.75805055053053,181.3380182315751
294,2017-08-15 17:24:46+00:00,177.73836169306549,172.89124299695442,164.79646426881516,163.38772551116892,175.23402583665333
295,2017-09-08 17:27:20+00:00,,,,,
296,2017-09-16 17:24:51+00:00,196.1394660400685,179.5102524796206,166.1639982752219,173.65371616917344,179.60328663287868
297,2017-10-02 17:24:58+00:00,207.82425793755073,194.72770826683097,182.87862731495238,192.66885706750108,194.1523668061805
298,2017-10-10 17:27:21+00:00,,,,,
299,2017-10-18 17:25:01+00:00,195.2847020401269,181.88695878670205,176.0319142673102,185.00513147103055,182.7650747811285
300,2017-10-26 17:27:22+00:00,190.72525678384102,182.52947621383825,177.4125896534633,192.22428147932246,187.63285779867192
301,2017-11-03 17:25:01+00:00,208.0778157714296,197.5808293719429,197.83722398679674,200.59488970195744,196.7946546134152
302,2017-11-11 17:27:20+00:00,199.10308024079646,185.11250152174543,179.43891385629263,189.65918405433993,187.38764028933883
303,2017-11-19 17:24:57+00:00,205.20193564046485,193.8538687762142,186.27743811475122,200.56493159580396,196.91720969241823
304,2017-11-27 17:27:15+00:00,,,,,
305,2017-12-05 17:24:52+00:00,203.4697116243278,192.6992405009043,184.9366023603467,193.80117502113953,192.97117252010005
306,2017-12-13 17:27:06+00:00,,,,,
307,2017-12-21 17:24:55+00:00,211.9001180473358,206.84748456687268,194.17599798841096,202.74812416143507,201.41378485350964
308,2017-12-29 17:26:55+00:00,,,,,
309,2018-01-06 17:24:50+00:00,215.84172520323872,209.37129275935064,203.75914871457837,207.80104160478896,203.77705924758163
310,2018-01-14 17:26:42+00:00,,,,,
311,2018-01-22 17:24:42+00:00,208.211318239167,203.4408719388963,203.85801344154447,207.24832064159216,204.10130545670847
312,2018-02-15 17:26:14+00:00,,,,187.65965806190766,187.10213375242802
313,2018-02-23 17:24:28+00:00,208.12775137320187,200.56901952543086,191.86595906252245,201.1025036779089,201.15791101712236
314,2018-03-03 17:26:04+00:00,,,,,
315,2018-03-11 17:24:20+00:00,213.38531892905175,208.75833765196796,204.63596602109916,209.6981851967312,205.6276308274667
316,2018-03-27 17:24:12+00:00,209.93754591320356,198.02569786719744,188.87687069983568,195.62294096662447,198.29829313189944
317,2018-04-04 17:25:38+00:00,210.97397642092116,200.54110600425685,186.72468887979852,198.76334099514324,201.74436300602602
318,2018-04-12 17:24:04+00:00,206.70869938215125,199.0425674687275,187.39303020340267,193.73972460681773,192.00740434860913
319,2018-04-20 17:25:22+00:00,,,,,
320,2018-04-28 17:23:55+00:00,192.30867659925346,182.22572488128992,171.84022307499558,176.53399209568133,181.42699754215656
321,2018-05-22 17:24:50+00:00,194.73610258978073,183.79474080341936,174.29265854462665,176.70512216149405,186.4604088256905
322,2018-06-23 17:24:16+00:00,186.420236501792,175.64964996356125,171.74610280545693,175.8332748410897,180.00079396750868
323,2018-07-09 17:23:56+00:00,183.5010491591342,172.8858514622504,161.45667651261724,175.18953644679232,177.94874354621308
324,2018-07-25 17:23:40+00:00,187.44475547354256,171.9054940536146,169.82613148975628,179.10941485196625,180.61526081027304
325,2018-08-10 17:23:23+00:00,187.33901705353333,173.52096367483114,160.7956333509527,167.97300101964265,169.73038286151993
326,2018-08-26 17:23:04+00:00,,,,,
327,2018-09-03 17:24:18+00:00,189.75984973600345,185.50114802275743,176.7732719973052,183.39449949409217,181.7994280129296
328,2018-09-19 17:24:22+00:00,184.68224178490868,171.86637217372976,163.23072530021292,175.63958909797873,188.4058879899878
329,2018-10-05 17:24:30+00:00,188.61110892522774,177.09981149653902,174.8901227808298,190.86579047950138,188.1312781696893
330,2018-11-06 17:24:39+00:00,194.77572672741636,186.66989758287784,180.4688737785499,188.02529774078604,185.93548720030572
331,2018-11-14 17:21:15+00:00,201.513742019933,187.59279914948627,177.21684540599958,190.07568347785366,192.01183102932436
332,2018-11-22 17:24:39+00:00,204.90823933905068,199.57102414341264,189.50051334446323,197.7471157468609,195.09024427305465
333,2018-12-08 17:24:37+00:00,201.69779149896385,196.3251174576358,188.42260612770318,194.8618545468651,193.17777317260644
334,2018-12-24 17:24:36+00:00,206.81029828798768,202.10512859345496,192.87600029536452,203.76913241759027,201.51489174061922
335,2019-01-25 17:24:31+00:00,195.4644750717733,189.56277844264216,184.09292994244254,196.4091603908961,193.77623964943794
336,2019-02-02 17:18:55+00:00,208.88744827391616,196.3648288262249,188.7312332417051,200.72281496809995,198.86224652887103
337,2019-02-10 17:24:29+00:00,194.78121627260774,195.08089523444536,191.38048195295156,212.87562715256226,198.17759558557927
338,2019-02-18 17:18:27+00:00,215.55806203931573,205.59955873009667,205.714717766843,213.63257771682672,209.7231794077657
339,2019-02-26 17:24:25+00:00,215.33424872145778,207.07719486112606,206.0449504239646,208.47090040078317,204.19755340610783
340,2019-03-06 17:17:57+00:00,215.3782735175482,203.68884598651906,203.52227361358814,211.21693500337813,207.11632302709685
341,2019-03-14 17:24:19+00:00,208.36474964145629,197.60008049721475,193.90401174581316,201.39737296500886,198.9240886836781
342,2019-03-22 17:17:25+00:00,218.49090524406785,205.22078375127546,195.5294403110336,199.89901919291174,199.70537501808175
343,2019-03-30 17:24:16+00:00,191.49646758562704,181.0747844518139,175.96498237680868,193.8311024075093,191.72911405010817
344,2019-04-07 17:16:52+00:00,,,,,
345,2019-04-23 17:16:17+00:00,,,,,
346,2019-06-18 17:24:34+00:00,196.56236718616483,193.81987755639062,185.09526930960507,198.32978868629226,192.09848364259977
347,2019-06-26 17:13:55+00:00,207.90465809739177,196.43241568801403,182.44451508192205,191.4897693988842,191.26244481644713
348,2019-07-04 17:24:38+00:00,205.3253497641009,196.18402073989793,181.60228575411028,193.72457011526507,193.84181383973268
349,2019-07-12 17:13:18+00:00,210.99087525892168,192.92394542137552,188.26613762037906,194.91488400037434,194.41653527667663
350,2019-07-20 17:24:41+00:00,193.4680126870808,181.11376173762488,175.96068366530397,181.60611066733995,181.70502662752367
351,2019-07-28 17:12:39+00:00,199.84956128331817,183.98135620662347,173.53983928640483,181.84119803565937,189.26658525249442
352,2019-08-29 17:11:19+00:00,188.69790040957034,180.59403815601908,174.71988237680776,187.54742795822654,
353,2019-09-06 17:24:56+00:00,196.45359918063644,186.3916617649094,180.68548597075005,186.58115876348285,189.15512421676834
354,2019-09-14 17:10:37+00:00,,,,,
355,2019-10-24 17:25:07+00:00,202.25389024972978,189.5298247153438,186.70756678888435,193.10008430854074,196.73794519926142
356,2019-11-09 17:25:06+00:00,199.03367977791333,188.28453196812245,181.09659201961676,182.14370690473288,193.03205353285506
357,2019-12-03 17:07:04+00:00,209.38693925894358,200.05656970128382,191.56433424681103,200.8998215005651,200.13812395978786
358,2019-12-11 17:25:02+00:00,202.80305780829875,199.4765760225259,197.09632451426017,202.38604535703195,199.80938023128914
359,2019-12-19 17:06:16+00:00,210.7966775909,200.148481032994,198.56421370984123,197.81459869031397,199.37895906642018
360,2019-12-27 17:24:58+00:00,210.11129923623923,206.94285661848738,207.27501443004493,205.92206463211764,205.2638934451713
361,2020-01-04 17:05:26+00:00,210.68851615506043,204.97053518968076,193.01968677826483,202.46605599132874,203.39162742533267
362,2020-01-12 17:24:54+00:00,205.94643424133892,205.62227336698726,205.33146720823805,206.43847767007014,205.82589215858508
363,2020-01-20 17:04:38+00:00,,,,,209.2075162607594
364,2020-01-28 17:24:50+00:00,204.85558710501272,202.95515068174927,197.153916891137,204.75365747809758,203.473698377858
365,2020-02-13 17:24:46+00:00,211.23593542237583,203.04231315586648,199.5582781970946,202.24698423729143,198.73049799104817
366,2020-02-21 17:03:00+00:00,,,,,
367,2020-02-29 17:24:41+00:00,208.70092288826353,202.2000798443599,188.80789240032604,201.53483684545097,195.49052087782812
368,2020-03-08 17:02:09+00:00,213.62070575879687,202.49385308422634,192.8637802577156,,
369,2020-03-16 17:24:34+00:00,192.4485306296214,193.41162120378573,181.1272337430895,192.8707538546176,192.48276373365735
370,2020-03-24 17:01:16+00:00,210.4444209661824,201.32963410668359,195.5180674600082,200.8688756711448,199.7681049922627
371,2020-04-01 17:24:25+00:00,202.70431552014222,194.8345203512731,186.7590158874667,199.48369432413932,193.61254155728267
372,2020-04-09 17:00:21+00:00,190.52882126214553,188.61992599282098,179.1531696377966,184.4276921426758,182.68593613851152
373,2020-04-17 17:24:18+00:00,204.57930799429343,195.7307547665132,185.57115208071198,195.99347950796417,196.99011822126104
374,2020-05-11 16:58:27+00:00,194.22741552780818,182.1062462757601,173.46877391048997,192.00554042772126,194.941667066023
375,2020-05-27 16:57:27+00:00,206.79472253041465,198.5130476143373,189.28713952498643,206.02120495747963,206.98139256259284
376,2020-06-12 16:56:32+00:00,203.59195380261934,186.91403935296668,177.40877739642232,199.41563436918727,198.20047020526061
377,2020-07-06 17:24:33+00:00,191.20872459145156,182.33769697850434,175.21330760860553,189.64991322044384,192.75725892669814
378,2020-07-14 16:54:37+00:00,,,,,
379,2020-08-07 17:24:41+00:00,199.83250079213403,198.46242243264348,185.89534224509455,192.69116788963962,194.39895741012688
380,2020-08-15 16:52:37+00:00,195.15493899448117,183.34357833431818,171.84017850922984,179.07951583906566,183.14120663948046
381,2020-08-23 17:24:49+00:00,186.8554894996077,177.42850790685642,165.021122376722,166.66834145021625,163.74558649455113
382,2020-09-24 17:25:01+00:00,195.35979068413175,186.1027384729278,181.86984092693746,189.64490461493492,189.02949032559027
383,2020-10-02 16:49:30+00:00,188.33110467765738,178.96940180886844,177.2289817370548,176.92952505424836,173.94392404522443
384,2020-10-10 17:25:03+00:00,193.4784217090239,184.1241488319591,179.70046475126784,184.12677628256094,185.12012128696696
385,2020-10-26 17:25:03+00:00,196.5673400473001,196.9072327247529,186.69317903049017,194.41621288408217,191.92384761464123
386,2020-11-03 16:47:24+00:00,,,,,188.19030538581484
387,2020-11-11 17:25:00+00:00,201.59312097696716,195.78320397424443,188.1590174790049,196.2270182249429,193.37197767049227
388,2020-11-19 16:46:18+00:00,,,,,
389,2020-11-27 17:25:04+00:00,210.76130332542326,202.6438924003737,196.25832188307575,202.97280911178245,202.56245322823239
390,2020-12-05 16:45:08+00:00,218.9348425190128,206.2934989258875,207.23960067195122,210.9896874817727,209.3143781903374
391,2020-12-13 17:25:04+00:00,202.13577228905538,192.66315569994495,181.4800211551395,199.5463980394663,197.46460918764632
392,2020-12-21 16:43:55+00:00,217.95230991653835,211.14138813536687,209.36865125125692,213.39973505666862,207.4793580506996
393,2020-12-29 17:25:01+00:00,211.50995937912572,200.32167893376007,195.3956607993988,204.74145925450597,203.10231504532547
394,2021-01-06 16:42:49+00:00,,,,,211.82409121779114
395,2021-01-22 16:41:41+00:00,213.5494496832306,205.4603484233476,195.79969879341584,203.32736054049258,204.83143589696468
396,2021-01-30 17:24:51+00:00,216.83353358308108,211.4107729914901,203.01265675161673,204.60239375436387,200.81965639701488
397,2021-02-07 16:40:31+00:00,,,,,
398,2021-02-15 17:24:48+00:00,207.79862819248228,199.39680112376206,190.9514795110422,204.30924391075118,205.7189253985894
399,2021-02-23 16:39:18+00:00,194.5804417606276,185.89869753430347,182.82514406808528,199.33371200117847,
400,2021-03-03 17:24:41+00:00,205.89450399240863,199.02684668981,191.36280386759594,201.54156799881758,195.91175913949084
401,2021-03-11 16:38:03+00:00,212.88937558463624,209.55542794239722,205.55253849854924,213.4067528446612,212.5584654989208
402,2021-03-19 17:24:32+00:00,216.29344618814528,202.74624598726075,193.13647566447014,205.3666257827143,206.6552656751648
403,2021-03-27 16:36:46+00:00,216.08279522110374,201.10394887335403,194.15729722122717,200.30902966790663,206.84709951935207
404,2021-04-04 17:24:29+00:00,198.96969629346762,189.29373876549224,187.50728094955824,198.57041457777294,195.59786125034995
405,2021-04-12 16:35:27+00:00,,,,,
406,2021-04-20 17:24:22+00:00,204.81657814705187,191.32845795435037,181.41096754120056,190.63760789013023,193.2032001276776
407,2021-05-22 17:24:23+00:00,194.66292270346517,185.95347528544613,177.01609261499573,190.6401749483888,195.46708123229692
408,2021-05-30 16:31:23+00:00,202.49106376242014,184.27533823585313,184.25700737717276,195.4802142010356,
409,2021-06-07 17:24:31+00:00,210.0843195924965,199.16229222344103,192.622823532848,202.00850639091598,201.18068307349614
410,2021-07-09 17:24:38+00:00,183.73127405970016,173.16835563823128,164.78851608309515,170.79652843861447,169.08189905004178
411,2021-07-25 17:24:44+00:00,186.11842795184512,178.6764953944684,174.40286479131944,187.58229497619132,184.6172008335767
412,2021-08-10 17:24:51+00:00,178.0812323217759,171.88267652904037,164.5555701157789,169.9430368862912,174.18826667984945
413,2021-08-18 16:24:34+00:00,,,,,
414,2021-09-11 17:25:00+00:00,188.3400421049311,177.9545086016874,163.20441114505297,166.98586151000214,168.6447404767948
415,2021-10-05 16:20:22+00:00,192.01728108815252,182.4615564079024,169.9355922542539,175.79243173733258,187.4163708317155
416,2021-10-21 16:18:56+00:00,,,,,
417,2021-10-29 17:25:09+00:00,191.2514164584535,187.51260674187589,176.35089877514744,186.16494060345352,187.3299198176058
418,2021-11-04 17:20:25+00:00,185.21138527064116,187.44990714626303,174.0174939270427,182.3910295559871,183.66592363431488
419,2021-11-06 16:17:27+00:00,180.43064409773166,177.8088361601569,162.83313639163956,165.19149514719405,171.24173039275473
420,2021-11-14 17:25:05+00:00,194.56160104812167,187.26267421647367,180.7167134381092,184.84247399502544,187.14888282569268
421,2021-11-22 16:15:53+00:00,199.1626536818575,202.86042650838428,196.50105948590024,204.42892326837656,205.82455991681238
422,2021-11-30 17:25:05+00:00,203.2725827604318,197.770435033072,186.77269996857237,195.6952743230845,194.13399051078886
423,2021-12-08 16:14:23+00:00,205.61896651353493,204.014905986422,184.2160492810038,194.63789929783096,197.13850490764273
424,2021-12-08 17:25:05+00:00,204.88449960589247,200.8039115837499,182.88541079954868,195.62855697245985,190.86452024767436
425,2021-12-16 17:25:04+00:00,195.38331323319235,190.1864718841484,180.6911649329137,187.8875416020483,192.53729944970152
426,2021-12-24 16:12:50+00:00,238.85809250614332,218.68353248888707,,191.58973487639798,190.18399366253408
427,2021-12-24 17:25:01+00:00,205.0235846034248,211.67837414505067,188.191294050387,197.02904229177744,197.8608583127426
428,2022-01-01 17:24:58+00:00,202.13485030507096,194.2564349559774,183.7551434776309,195.38208094319504,195.15554416632563
429,2022-01-09 17:24:58+00:00,206.48463938139133,198.6433843738014,197.63586296699822,198.85705141897594,197.7518042373082
430,2022-01-17 17:24:56+00:00,201.21715668306416,199.94569102769879,188.76221913737785,196.87049405969964,194.24202976440952
431,2022-01-25 17:25:00+00:00,205.55825933648168,201.39874507080063,197.44774152870298,199.30352602926766,197.45012784896235
432,2022-02-02 17:24:52+00:00,198.01871866242206,192.43395532986062,183.23797883413496,193.79381272517324,199.41985967359383
433,2022-02-10 17:24:57+00:00,203.41038429083667,197.1156835918322,186.09424970462825,197.73906098244683,198.43519136336496
434,2022-02-18 17:24:46+00:00,199.19612625787872,197.1947162727923,184.44891747285715,197.0914163582033,197.72140039570434
435,2022-02-26 17:24:47+00:00,207.683945263028,197.253224156285,193.56193365771816,194.64558139744042,192.99613259686168
436,2022-03-06 17:24:43+00:00,204.59702930547772,198.41062203250416,183.57296969394528,195.19034734225778,192.74832491372388
437,2022-03-14 17:24:45+00:00,209.0280359075751,197.78117138237712,187.1089591944609,198.15479408545656,198.43517111627364
438,2022-03-22 17:24:34+00:00,205.1210370152636,198.53690316695685,189.79456257765813,197.29555203183048,196.42338727796164
439,2022-03-30 17:24:40+00:00,194.22135996062653,188.48908459776476,176.0710086885619,184.36346768437284,186.99326784049688
440,2022-04-07 17:24:31+00:00,202.36532044846942,188.5229876829249,178.77346854777517,193.46325102089946,191.81938935472678
441,2022-04-23 17:24:31+00:00,,,,184.88310154855745,184.1662034083861
442,2022-07-12 17:24:57+00:00,,,,176.46164592562843,172.51558794518948
443,2022-07-28 17:25:07+00:00,190.6657840436709,187.37300247470895,173.780874234621,174.43285970906604,173.54616486014638
444,2022-08-13 17:25:14+00:00,187.25789834776344,183.081207315024,169.8337169521002,176.5469904378698,178.90475739283968
445,2022-08-21 17:24:57+00:00,192.26733908134253,180.56948810913988,169.8167884687615,175.90922988677542,179.2774115779479
446,2022-08-29 17:25:15+00:00,178.85269946037647,176.27460942015583,168.48378973668423,181.61000235854428,186.28092509595317
447,2022-09-22 17:25:04+00:00,188.37774313529002,179.7673182814321,163.4624932206862,169.6832509608099,177.50239367488723
448,2022-09-30 17:25:22+00:00,181.64558248389594,179.58792809826616,162.9862466932897,167.42304247366098,169.20387806535348
449,2022-10-08 17:25:06+00:00,188.65057919173717,182.9152275992137,169.43755035606378,180.72744336481162,182.84626443829688
450,2022-10-16 17:25:15+00:00,191.10741529424473,185.83966258051592,174.8196538587441,187.90873167220315,189.78305620902154
451,2022-10-24 17:25:11+00:00,187.42582845038206,183.03701512971514,169.76376277564634,170.49947092513568,179.43033057414632
452,2022-11-01 17:25:22+00:00,200.45724348818908,188.71084328047175,181.94169094385003,194.387926038318,193.27019568733678
453,2022-11-09 17:25:11+00:00,203.8275969867402,199.1712479222896,190.86376072547972,198.53651351906467,197.65304766846182
454,2022-11-17 17:25:14+00:00,208.5532498960951,200.25844974377733,188.68958612906977,197.51209444110307,198.26680263179117
455,2022-11-25 17:25:10+00:00,187.93719410648032,186.7560243739488,170.88817542704692,182.7566882544215,179.87195938075823
456,2022-12-03 17:25:17+00:00,201.73076047718942,189.12298632578106,186.03803613137634,192.89219879613182,186.92443709290768
457,2022-12-11 17:25:11+00:00,209.90116957449075,200.49059718190844,199.74390706521461,206.56025232998957,196.15136918708546
458,2022-12-19 17:25:09+00:00,212.29424946365174,198.63216992877162,195.17989213579997,201.39584252228894,196.3655777860689
459,2022-12-27 17:25:09+00:00,197.53851476180284,194.3537358314259,182.0146888096741,193.8178333437727,189.9699296173147
460,2023-01-04 17:25:08+00:00,205.28703146865493,193.58870823978137,187.32721704329484,200.6224252947252,194.24735487662707
461,2023-01-12 17:25:08+00:00,215.77463992380132,202.96066288783595,185.4134444972457,199.25547391057881,202.08036971444946
462,2023-01-20 17:25:02+00:00,211.16383268391908,201.66342246916506,189.28953466049677,198.20570514082868,199.83431700787193
463,2023-02-05 17:25:06+00:00,203.53994325985522,189.21016416408958,185.96526997758932,194.61235410574258,191.70159252406378
464,2023-02-13 17:25:12+00:00,212.6726727275256,201.06784061651962,188.0208245072603,199.21547790032307,196.29177714720944
465,2023-02-21 17:24:52+00:00,208.1737448052601,201.67361588529172,186.01515565225162,192.81059094279425,195.6542405824935
466,2023-03-01 17:24:59+00:00,198.40894524697507,189.75240828407837,172.77345014478163,184.144433057882,191.72463308655475
467,2023-03-09 17:24:42+00:00,203.06203248068093,190.9911163205414,181.399689508246,193.75039109097358,197.97911506233297
468,2023-03-17 17:24:52+00:00,207.8150580143568,197.00186472072846,184.29233628357213,193.2954758529866,187.26921796103952
469,2023-04-02 17:24:41+00:00,203.30727089786723,192.12238681697931,179.85114114591775,193.62333071195738,193.05134108616684
470,2023-04-18 17:24:35+00:00,194.49413036829836,187.6646193610657,178.84725194487572,188.7158422778644,187.09385792566968
471,2023-04-26 17:24:14+00:00,198.5045945794207,184.70610802501432,176.95446918770813,184.33654135562324,187.2652680055491
472,2023-05-04 17:24:22+00:00,,,,,
473,2023-05-28 17:24:02+00:00,179.36864929994218,176.64319207935304,166.861177458885,167.1213992776085,185.31811348875542
474,2023-06-05 17:24:10+00:00,,,,,
475,2023-06-13 17:24:10+00:00,195.7087111886037,187.1051096757161,177.48109251476245,192.27012141815362,190.38539668459845
476,2023-06-21 17:24:03+00:00,,,,,
477,2023-07-15 17:24:26+00:00,189.9732627474766,182.24393269128467,168.9334581279503,176.97750035675372,180.1764228550005
478,2023-07-31 17:24:34+00:00,182.02558757227516,180.63606516451537,169.406318020543,179.42195225688917,176.69043996640514
479,2023-08-08 17:24:29+00:00,182.06351990095573,180.980914370463,166.87436996359722,176.20377377708616,178.35728004673615
480,2023-08-16 17:24:40+00:00,183.34984119420488,185.59360041511042,172.03894016152515,182.87763605661425,182.91299398292722
481,2023-09-01 17:24:43+00:00,,,,,
482,2023-10-11 17:24:55+00:00,174.88435798871237,175.29818548338125,162.3915955957543,164.53742648488407,166.22237289325108
483,2023-10-27 17:24:56+00:00,193.05485547720528,183.93712874041495,169.71306891311363,178.4069016585812,180.77916552732034
484,2023-11-04 17:24:55+00:00,199.6960900610668,189.6265483141053,176.339584585492,183.73963332163362,185.10000203123226
485,2023-11-20 17:24:58+00:00,201.32933531552743,187.4420265598094,179.18048997668592,187.43764586341166,184.8626198806051
486,2023-12-06 17:24:48+00:00,214.7238917517897,200.47904120968042,180.42991667174374,172.8552992359681,188.1994087014025
487,2023-12-22 17:24:57+00:00,207.39405141569202,197.70973893242927,186.30853588853583,193.693872169079,193.30044908113263
488,2023-12-30 17:25:02+00:00,200.20978907245512,199.6150186478764,183.59306896174976,193.81894911552934,189.3477365011825
489,2024-01-15 17:25:00+00:00,207.31944629326617,202.61850612425772,181.28768147842925,197.76143847483414,196.8952160675067
490,2024-01-23 17:24:46+00:00,208.07883164053874,193.03320452274244,185.1003766985754,190.85237038234314,189.36354760822306
491,2024-02-08 17:24:50+00:00,203.25489514218512,198.9630741634997,184.41975825112925,191.1215210810233,185.73529255410398
492,2024-03-03 17:24:54+00:00,194.85955600075067,185.59739438843576,174.4833235661117,189.58946098867855,180.14308508928033
493,2024-03-11 17:24:35+00:00,199.57440434973546,192.60714103213937,178.0913881287146,182.7812215257785,184.28682628103925
494,2024-03-27 17:24:19+00:00,200.77352857827498,186.48012783062651,179.82771544998445,189.69843018910814,182.8758671343838
495,2024-04-04 17:24:43+00:00,209.93755022496623,195.7841040856499,185.98127460530614,196.35983872690645,193.96716947651754
496,2024-04-12 17:24:17+00:00,203.45611570402025,189.53278534669255,180.18732650422868,190.7596487042032,187.18324563651916
497,2024-04-20 17:24:28+00:00,,,,,
498,2024-07-17 17:24:15+00:00,189.9729556844217,185.3323569673219,173.41097444737522,180.33826398886853,185.60615261120702
499,2024-08-10 17:24:17+00:00,190.73393745080824,189.3613087197606,178.19558521820537,181.53952256502535,178.5877801330417
500,2024-08-18 17:24:27+00:00,186.34798193705876,182.33352523072668,170.68111565540895,176.3880900115481,177.31774664381496
501,2024-08-26 17:24:30+00:00,192.57714667178527,183.64033347165798,177.55397553336763,186.53817559581486,183.7644058996421
502,2024-09-03 17:24:36+00:00,190.51814986483126,182.32395904062128,171.1342804205304,174.46251844005207,170.2590380285634
503,2024-09-11 17:24:32+00:00,184.25476142696434,180.15348781381772,170.28186730096368,162.789797409292,170.70307895082126
504,2024-09-19 17:24:39+00:00,193.35840534375262,185.7812029952586,175.69203270425047,183.75827708080936,179.02882554298526
505,2024-10-05 17:24:36+00:00,203.41187753114917,192.81884966009056,181.68562021648987,188.94534084260312,183.7646193165868
506,2024-10-13 17:24:43+00:00,188.31585443360515,183.54781020031612,174.48993461309087,184.39016446771907,179.55972919634328
507,2024-10-21 17:24:48+00:00,194.06543563275372,188.661457126616,176.67650851284066,177.73718884382197,187.05689337256212
508,2024-10-29 17:24:52+00:00,201.38296489948232,186.65602157806828,182.48152681290287,193.36191124329957,191.07134555412983
509,2024-11-06 17:24:44+00:00,202.0818539405806,189.14512037577285,184.40260219004,193.49760400945644,187.86712135628116
510,2024-11-14 17:24:47+00:00,203.36655915313258,194.42489189343334,182.2488028320402,191.25391674485294,188.56911808228406
511,2024-11-22 17:24:52+00:00,207.08868660120024,197.0516883661887,185.52436337521567,192.72434238338198,191.50734337351108
512,2024-11-30 17:24:59+00:00,206.82959047566567,195.95181897372478,182.5249975960368,193.007293670785,191.87086785384778
513,2024-12-08 17:24:47+00:00,206.10145664930613,,194.16416094980963,198.45973098561979,196.73541309684828
514,2024-12-24 17:24:47+00:00,205.7111654566429,196.80747292867503,188.71138884066158,196.08589973169302,191.7759474142757
515,2025-01-01 17:24:49+00:00,203.1378405319094,193.65141716013616,182.4833522987054,193.19590548406043,188.08882666028396
516,2025-01-09 17:24:49+00:00,,,,,
517,2025-01-17 17:24:56+00:00,212.69955578899308,205.3144688104332,192.11888674238907,202.334024051516,201.2835691158581
518,2025-01-25 17:24:44+00:00,210.73016230809742,202.7292076043422,197.86363594420393,200.75904539938733,197.50748630137716
519,2025-02-02 17:24:50+00:00,207.48436295152112,202.07634419238806,184.09410534854456,192.5438449728843,188.44759151571682
520,2025-02-10 17:24:45+00:00,210.8188760308699,198.2647992474741,192.0399768927909,195.97269920987424,196.20771830121865
521,2025-02-18 17:24:54+00:00,208.9628323554268,200.6166201817628,192.67594430484684,197.81989509950802,195.99119580367443
522,2025-02-26 17:24:33+00:00,202.24788369502758,194.44178171285807,183.60907279120926,194.66053478290587,190.22200366751397
523,2025-03-06 17:24:48+00:00,202.21533600787123,188.6690744971705,183.38082280505827,195.50231557763817,191.3853237319138
524,2025-03-14 17:24:31+00:00,202.58163396132875,189.76619806859725,179.61545360522481,195.04545084640665,188.93434689187808
525,2025-03-22 17:24:36+00:00,206.88733137917745,198.31563635985225,191.2682731061382,198.16447216402514,196.7687134617198
526,2025-03-30 17:24:23+00:00,197.61748653760816,192.43753973234755,184.0056249286161,191.56287082077733,188.36653732844388
527,2025-04-23 17:24:28+00:00,202.16295806255224,184.60895238800433,183.0896317699373,193.31651395068562,187.39479338160564
528,2025-05-01 17:24:09+00:00,196.84665342665724,186.63350128674784,174.4554104931038,183.83633348091422,188.8543559903105
529,2025-05-09 17:24:22+00:00,191.84369951370098,186.3285801489505,174.32941598263744,178.51611009875722,183.39236874555823
