dates,sar0658-0000,sar0658-0001,sar0658-0002,sar0658-0003,sar0658-0004,sar0658-0005,sar0658-0006,sar0658-0007,satname
1984-05-06 09:33:27+00:00,189.85,190.38,763.16,185.21,193.13,202.88,192.12,187.25,L5
1984-06-07 09:34:18+00:00,189.85,190.38,760.24,176.94,192.58499999999998,204.445,192.675,188.5,L5
1985-05-25 09:36:15+00:00,193.97,189.37,759.98,177.9,192.72,204.59,195.58,194.8,L5
1985-07-28 09:35:58+00:00,195.12,192.055,758.77,188.92000000000002,192.83499999999998,206.10500000000002,194.925,196.985,L5
1985-08-13 09:35:48+00:00,196.31000000000003,192.69000000000003,757.4066666666666,189.12666666666667,195.45000000000002,207.41333333333333,196.9766666666667,198.53666666666666,L5
1985-08-29 09:35:38+00:00,198.85,196.0475,755.1899999999999,189.07999999999998,198.20499999999998,210.455,199.29000000000002,201.20999999999998,L5
1985-12-03 09:34:19+00:00,200.47666666666666,190.41750000000002,757.595,186.0825,196.04749999999999,207.805,196.0525,199.76,L5
1986-03-25 09:32:01+00:00,190.55,176.95,769.64,171.56,188.185,198.94,185.54500000000002,191.99,L5
1986-05-12 09:30:53+00:00,195.92000000000002,183.59333333333333,765.36,177.62,193.10333333333332,203.00333333333333,189.95333333333335,194.56333333333336,L5
1986-05-28 09:30:26+00:00,196.18999999999997,185.3675,764.7375,180.535,193.0325,202.3825,189.6825,194.5875,L5
1986-07-15 09:28:53+00:00,197.35750000000002,195.2575,760.3475,194.9875,198.6175,208.16,194.815,199.7275,L5
1986-07-31 09:28:19+00:00,196.26600000000002,193.82,759.074,200.446,199.606,207.994,195.66400000000002,199.5,L5
1986-09-17 09:26:37+00:00,196.77166666666668,193.54833333333332,757.265,203.9,201.25833333333333,209.765,197.635,201.88833333333332,L5
1986-12-22 09:25:09+00:00,195.74750000000003,193.7825,752.9575,211.82,204.305,215.41250000000002,203.165,206.5925,L5
1987-01-23 09:26:04+00:00,193.85500000000002,188.7625,755.75,200.7575,200.535,211.99,199.2125,202.6725,L5
1987-04-29 09:29:30+00:00,193.6866666666667,188.25666666666666,760.39,177.48333333333335,191.10333333333335,209.5,194.4033333333333,198.77666666666664,L5
1987-05-15 09:29:57+00:00,193.0275,189.19,760.2375,179.1625,192.88,207.51,193.73,197.7325,L5
1987-06-16 09:30:43+00:00,189.276,185.23600000000002,760.4019999999999,176.76,190.39000000000001,204.284,190.94199999999998,195.42199999999997,L5
1987-07-02 09:31:03+00:00,191.006,184.564,759.03,176.918,189.28,200.84799999999998,188.984,195.18599999999998,L5
1987-07-18 09:31:44+00:00,190.49333333333334,183.85833333333335,757.8983333333334,177.51333333333332,189.75333333333333,202.505,190.0716666666667,196.89166666666665,L5
1987-08-03 09:31:49+00:00,191.28,183.99333333333334,755.7366666666667,179.72833333333332,191.66666666666666,204.21166666666667,191.71833333333333,199.54,L5
1987-08-19 09:32:18+00:00,191.43285714285713,184.1314285714286,754.7242857142857,181.34285714285716,193.07857142857142,205.4485714285714,192.48857142857145,200.9742857142857,L5
1987-09-04 09:32:43+00:00,192.26625,184.305,754.0175,182.5725,194.44875,206.64124999999999,193.32375,201.67374999999998,L5
1987-09-20 09:33:05+00:00,192.00666666666666,183.23777777777778,754.2166666666667,181.9711111111111,194.60555555555555,206.6222222222222,193.26444444444442,202.57555555555555,L5
1987-11-07 09:34:02+00:00,191.4377777777778,182.35666666666668,753.5388888888889,183.43333333333334,196.44666666666666,207.29333333333332,193.73,203.29000000000002,L5
1987-12-25 09:35:13+00:00,194.49375,183.80124999999998,751.94625,186.92125,199.00000000000003,210.98375,196.26749999999998,207.2775,L5
1988-01-10 09:35:05+00:00,194.41,184.19875000000002,752.2212499999999,188.32500000000002,200.62625,213.00625,197.78,208.38625000000002,L5
1988-02-11 09:35:41+00:00,194.28857142857143,184.8014285714286,752.9028571428571,189.1214285714286,201.32999999999998,213.04285714285714,198.5,208.68142857142857,L5
1988-03-14 09:36:03+00:00,195.25,186.375,755.1016666666666,189.495,200.18999999999997,212.88333333333335,198.39833333333334,208.00833333333333,L5
1988-04-15 09:36:14+00:00,196.93833333333336,191.225,755.3883333333333,193.1883333333333,201.265,213.52166666666668,199.77666666666664,205.615,L5
1988-05-17 09:36:32+00:00,197.99,193.28833333333333,755.7483333333333,194.03,200.11,212.14166666666668,199.62,205.765,L5
1988-07-04 09:36:48+00:00,194.22333333333336,191.41166666666666,756.0633333333334,191.165,199.05666666666664,210.96,199.285,204.94000000000003,L5
1988-07-20 09:36:51+00:00,191.48,189.80833333333337,756.69,188.76666666666665,196.3033333333333,207.35833333333335,196.76333333333332,201.51999999999998,L5
1988-08-05 09:36:52+00:00,191.48,189.80833333333337,758.6166666666667,188.76666666666665,193.8385714285714,204.74714285714285,194.23285714285717,199.42857142857142,L5
1988-08-21 09:36:53+00:00,191.59333333333333,189.00666666666666,759.3340000000001,188.20166666666668,192.93666666666664,203.59,193.27166666666668,197.85500000000002,L5
1988-09-22 09:36:50+00:00,189.53666666666666,186.33,759.582,185.16833333333332,192.24666666666667,201.62,192.16,197.83333333333334,L5
1988-10-08 09:36:45+00:00,189.98857142857142,186.07285714285715,758.16,186.04285714285714,193.47571428571428,203.66000000000003,193.32285714285715,199.25285714285715,L5
1988-11-09 09:36:45+00:00,186.71428571428572,181.86714285714288,757.77,182.05,192.66428571428574,203.20714285714286,192.71714285714285,201.29571428571427,L5
1988-12-27 09:36:27+00:00,187.28714285714287,181.22714285714287,758.7866666666667,181.3842857142857,192.53285714285715,202.91285714285715,192.23714285714286,199.35285714285712,L5
1989-01-12 09:36:20+00:00,189.06,181.5814285714286,758.5450000000001,181.23000000000002,193.69714285714284,203.6542857142857,192.34,200.12714285714287,L5
1989-01-28 09:36:07+00:00,191.9928571428571,184.02428571428572,758.7971428571428,183.41285714285715,194.03142857142856,205.28142857142853,192.92714285714285,200.56571428571425,L5
1989-03-01 09:35:54+00:00,192.09833333333333,181.8342857142857,757.2216666666667,182.0542857142857,193.16142857142856,204.87857142857143,192.51142857142855,199.50428571428571,L5
1989-03-17 09:35:16+00:00,189.27142857142857,179.90875,759.7299999999999,180.2775,190.99374999999998,202.23,190.24125,197.7675,L5
1989-04-02 09:35:12+00:00,187.5585714285714,178.39125,761.9228571428572,179.7525,186.215,198.31125,188.60625,194.835,L5
1989-05-20 09:34:32+00:00,189.6833333333333,178.97142857142856,764.8933333333333,179.08285714285714,183.46142857142857,195.6357142857143,186.43000000000004,191.60714285714286,L5
1989-06-21 09:33:55+00:00,187.72857142857143,178.07625,764.85,178.34625,183.64249999999998,195.87,186.5,191.98875,L5
1989-07-07 09:33:39+00:00,185.34333333333333,176.37999999999997,764.0414285714286,175.31,181.81125,196.42125,187.60875,193.47375,L5
1989-07-23 09:33:21+00:00,185.19333333333336,176.37714285714284,764.2971428571428,175.35625,181.0225,195.96,187.53375,192.38625,L5
1989-08-24 09:32:39+00:00,185.08333333333334,175.95142857142855,764.4399999999999,175.23874999999998,181.38250000000002,195.38875000000002,187.59375,192.82125000000002,L5
1989-09-25 09:31:52+00:00,188.56333333333336,180.4416666666667,761.9271428571428,176.35857142857142,186.25857142857146,201.5171428571429,193.05142857142854,198.17857142857142,L5
1989-10-27 09:30:51+00:00,191.17333333333332,182.92666666666665,759.9371428571428,177.07857142857145,191.79,206.49285714285716,195.4757142857143,202.65571428571428,L5
1989-11-12 09:30:31+00:00,191.78714285714287,184.43,760.4875,177.01625,191.70999999999998,205.76875,195.05625,201.59375,L5
1989-12-14 09:29:38+00:00,192.93142857142857,185.1457142857143,758.8475,178.05875,194.28,208.0375,197.41000000000003,204.31875000000002,L5
1990-01-15 09:28:57+00:00,195.42428571428573,187.51571428571427,757.6800000000001,182.83571428571432,199.6885714285714,211.71571428571428,199.88714285714286,207.02857142857144,L5
1990-01-31 09:28:06+00:00,197.4442857142857,189.21857142857144,757.7914285714286,183.39857142857142,200.2357142857143,211.6757142857143,199.43285714285713,207.6614285714286,L5
1990-03-04 09:27:26+00:00,196.63166666666666,188.625,756.6985714285713,181.95166666666668,201.29666666666665,213.15333333333334,200.21833333333333,209.25333333333333,L5
1990-04-21 09:26:22+00:00,197.58666666666667,189.82333333333335,756.9300000000001,181.085,200.88833333333332,212.1833333333333,193.27333333333334,206.47666666666666,L5
1990-05-07 09:26:19+00:00,197.99,190.88666666666666,757.15,182.16333333333333,200.54,211.59166666666667,191.92333333333332,203.08,L5
1990-06-08 09:26:19+00:00,195.11833333333334,188.95833333333334,756.2014285714286,182.8033333333333,202.11666666666667,213.47166666666666,193.14000000000001,204.37333333333333,L5
1990-06-24 09:26:18+00:00,191.17999999999998,185.44000000000003,758.1328571428572,181.25166666666667,198.955,210.1,189.9766666666667,199.4333333333333,L5
1990-07-10 09:26:16+00:00,190.96142857142857,184.99142857142857,758.20875,181.52428571428572,198.23714285714286,208.59714285714287,190.06428571428572,198.96,L5
1990-08-11 09:26:07+00:00,189.84333333333333,183.495,758.5971428571429,181.17166666666665,196.655,207.43666666666664,188.31166666666664,196.38333333333335,L5
1990-09-12 09:25:59+00:00,191.07714285714286,184.79999999999998,758.9042857142857,182.00428571428571,197.50857142857143,208.66142857142856,190.41571428571427,197.4757142857143,L5
1990-09-28 09:25:50+00:00,192.86624999999998,186.10125,758.49875,183.3575,197.58375,209.67874999999998,191.92125,198.20125000000002,L5
1990-11-15 09:25:37+00:00,191.58714285714288,186.22714285714284,757.5057142857142,185.92428571428573,200.08571428571432,211.44714285714284,199.1885714285714,203.54714285714286,L5
1991-05-26 09:28:46+00:00,182.76,167.29,776.31,163.65,169.56,175.51,168.32,175.07,L5
1991-06-27 09:29:13+00:00,184.855,170.875,770.665,164.47,174.95499999999998,182.415,172.75,177.48,L5
1991-07-13 09:29:21+00:00,181.72,169.56333333333333,768.2133333333333,164.82666666666668,178.13,186.66333333333333,176.78,179.68666666666664,L5
1991-07-29 09:29:36+00:00,182.42,171.475,768.1624999999999,166.235,179.07,188.53,177.59,180.9025,L5
1991-09-15 09:30:02+00:00,184.28799999999998,174.13,765.818,168.99,182.69400000000002,192.858,181.18400000000003,184.468,L5
1991-10-01 09:30:07+00:00,186.095,177.30499999999998,763.3649999999999,172.01999999999998,185.72,196.03166666666667,183.765,187.53166666666667,L5
1991-10-17 09:30:18+00:00,186.74571428571429,178.07285714285715,762.5028571428572,172.51857142857142,187.02857142857144,197.33714285714285,185.08714285714288,189.22714285714284,L5
1991-11-02 09:30:16+00:00,188.565,180.28625,761.21125,174.665,187.54125,199.56,187.00875,191.82125,L5
1991-12-04 09:30:36+00:00,190.7875,182.6725,758.89875,178.2,190.56375,202.93125,190.06875000000002,194.3,L5
1992-02-22 09:30:41+00:00,195.83333333333334,188.61833333333334,755.7583333333333,185.29833333333332,195.3033333333333,208.27,194.25666666666666,201.87333333333333,L5
1992-05-12 09:29:51+00:00,195.4333333333333,185.76,759.52,182.64333333333335,189.5966666666667,200.3033333333333,187.98333333333335,197.78333333333333,L5
1992-05-28 09:29:42+00:00,194.92249999999999,185.61,759.7974999999999,181.085,189.19750000000002,199.01999999999998,187.6925,194.83,L5
1992-06-29 09:29:20+00:00,191.71,184.48250000000002,761.3,175.73,186.375,197.27499999999998,184.1825,193.78750000000002,L5
1992-07-15 09:29:08+00:00,191.85999999999999,184.404,760.25,175.596,186.602,197.67199999999997,184.764,193.304,L5
1992-07-31 09:28:56+00:00,192.365,184.9416666666667,760.015,175.75833333333333,185.74,196.65166666666664,184.10666666666668,193.3216666666667,L5
1992-09-01 09:28:26+00:00,192.72333333333333,186.26833333333332,758.415,176.375,185.54333333333332,196.525,185.34,191.62833333333333,L5
1992-11-04 09:27:22+00:00,192.09,185.53857142857143,758.3142857142857,176.18571428571428,186.00285714285715,198.77285714285716,187.03571428571428,193.66571428571427,L5
1993-02-08 09:28:02+00:00,193.03000000000006,189.03000000000003,756.4366666666666,183.115,190.80499999999995,208.14000000000004,189.5966666666667,200.55499999999995,L5
1993-03-12 09:28:18+00:00,191.53,183.36,760.96,175.44,186.745,203.83499999999998,186.15333333333334,196.475,L5
1993-05-15 09:28:37+00:00,194.31,187.13,759.5233333333334,178.72500000000002,190.01,201.565,184.81333333333336,191.51,L5
1993-05-31 09:28:40+00:00,189.59333333333333,183.79666666666665,760.5375,173.24333333333334,186.03333333333333,196.16333333333333,181.62,187.61666666666667,L5
1993-06-16 09:28:38+00:00,187.245,179.5625,762.488,169.86,181.7375,192.175,178.33800000000002,184.775,L5
1993-07-18 09:28:32+00:00,187.89000000000001,180.26399999999998,760.525,170.81400000000002,181.544,192.66400000000002,180.57500000000002,186.696,L5
1993-08-03 09:28:32+00:00,188.27833333333334,180.54666666666665,759.1142857142858,172.36333333333334,183.30999999999997,193.525,181.32714285714286,187.36833333333334,L5
1993-08-19 09:28:32+00:00,189.1657142857143,181.68428571428572,757.4799999999999,174.25857142857143,184.8814285714286,195.41428571428574,182.0233333333333,187.90857142857143,L5
1993-09-20 09:28:26+00:00,188.66714285714286,181.35714285714286,756.6142857142858,174.09857142857143,184.98714285714283,195.5542857142857,181.95000000000002,187.10999999999999,L5
1993-10-06 09:28:23+00:00,189.11625,181.98000000000002,756.335,174.9875,185.3375,196.23624999999998,183.11142857142858,187.80125,L5
1993-11-07 09:28:10+00:00,189.2311111111111,182.13111111111112,756.18,174.9875,185.3375,197.5822222222222,184.85,188.76333333333335,L5
1994-03-31 09:26:30+00:00,191.34,183.87333333333333,757.2766666666666,177.625,185.67000000000002,200.69666666666663,188.85,190.34666666666666,L5
1994-05-02 09:25:53+00:00,193.70333333333335,187.23333333333332,757.38,176.51999999999998,187.34,199.1833333333333,188.02666666666664,188.17,L5
1994-06-19 09:24:58+00:00,192.60666666666668,186.7733333333333,759.2266666666666,173.21333333333334,183.94333333333336,191.18999999999997,181.40333333333334,182.62666666666667,L5
1994-07-21 09:24:07+00:00,194.98250000000002,189.2925,758.3675,175.935,185.705,192.2275,182.29,185.155,L5
1994-08-22 09:23:17+00:00,195.86200000000002,190.214,756.8639999999999,176.91799999999998,186.96800000000002,193.778,184.276,186.996,L5
1994-09-07 09:22:53+00:00,195.49166666666667,189.96333333333334,756.25,176.875,186.52,194.76,185.295,187.745,L5
1994-11-10 09:20:54+00:00,193.79000000000002,185.696,755.075,176.512,187.756,195.744,183.826,186.67800000000003,L5
1995-01-13 09:18:46+00:00,196.43800000000002,188.254,754.7425000000001,179.998,190.682,199.728,187.79,192.06,L5
1995-01-29 09:18:10+00:00,196.25,188.024,755.8425,180.80599999999998,190.98399999999998,202.072,189.832,193.14600000000002,L5
1995-04-19 09:14:54+00:00,195.57,186.8775,760.8033333333333,181.9075,191.145,201.5125,188.38,192.77,L5
1995-05-05 09:14:11+00:00,194.576,187.20999999999998,760.64,180.46599999999998,190.118,201.5125,187.792,192.714,L5
1995-05-21 09:13:28+00:00,196.606,192.52399999999997,760.208,181.738,189.97,200.825,191.208,196.124,L5
1995-07-24 09:10:32+00:00,195.73250000000002,191.96749999999997,759.894,181.165,189.5175,199.67,189.76749999999998,193.47,L5
1995-09-10 09:08:19+00:00,196.4675,192.28,759.02,179.885,190.445,199.39,189.7125,193.72,L5
1996-01-16 09:09:29+00:00,208.10000000000002,198.95499999999998,760.0466666666667,188.71,194.175,203.135,193.05,196.125,L5
1996-02-17 09:11:43+00:00,204.59,195.35666666666665,761.4033333333333,184.89000000000001,194.21333333333334,204.23666666666668,191.90666666666667,195.67999999999998,L5
1996-03-04 09:13:10+00:00,202.8525,193.4625,760.9475,184.03,194.81,203.8375,192.105,195.45749999999998,L5
1996-04-05 09:14:50+00:00,199.5775,189.71,762.155,180.96,189.3175,198.2,188.29000000000002,194.0475,L5
1996-05-23 09:17:41+00:00,198.50799999999998,189.652,762.132,179.894,189.948,197.992,187.794,193.89000000000001,L5
1996-06-08 09:18:34+00:00,198.10999999999999,190.02333333333334,762.0233333333334,179.36666666666667,190.54,198.91666666666666,188.5916666666667,194.07500000000002,L5
1996-07-10 09:20:15+00:00,198.40142857142857,190.25571428571428,762.3628571428571,179.42714285714285,190.39857142857142,198.48714285714283,188.33714285714288,192.21857142857144,L5
1996-07-26 09:21:07+00:00,197.32714285714286,189.60142857142858,761.2028571428572,178.01999999999998,191.01000000000002,198.53571428571428,189.1657142857143,192.2028571428571,L5
1996-08-11 09:21:57+00:00,197.9025,189.53875,761.8100000000001,177.82625,190.22625000000002,197.745,188.895,191.34375,L5
1996-11-15 09:26:56+00:00,200.73000000000002,191.76666666666665,763.0450000000001,179.09166666666667,190.50166666666667,197.16166666666666,189.375,189.14666666666668,L5
1996-12-17 09:28:27+00:00,200.68,190.998,763.638,178.292,188.648,195.59199999999998,188.978,186.936,L5
1997-02-19 09:31:22+00:00,197.9366666666667,190.89333333333332,763.7933333333334,177.59,186.27666666666667,193.64,186.76666666666668,190.10333333333332,L5
1997-03-23 09:32:37+00:00,199.525,190.9725,763.77,178.66500000000002,185.97250000000003,192.8025,185.15,187.74,L5
1997-04-24 09:33:46+00:00,197.81400000000002,190.118,763.606,176.454,185.10399999999998,191.678,183.02400000000003,187.57999999999998,L5
1997-05-10 09:34:19+00:00,196.98333333333335,188.72833333333332,764.9833333333335,174.63,182.485,189.20666666666668,179.83,186.18166666666664,L5
1997-07-13 09:36:33+00:00,198.496,190.284,763.904,177.03199999999998,183.118,189.23999999999998,179.17600000000002,187.36,L5
1997-07-29 09:37:05+00:00,198.43333333333337,190.92499999999998,763.515,177.37833333333333,184.7266666666667,190.69666666666663,180.68000000000004,188.00166666666667,L5
1997-08-14 09:37:35+00:00,199.56714285714287,191.76571428571427,763.4857142857143,178.3814285714286,186.22,191.94571428571427,181.87714285714287,188.28428571428572,L5
1997-08-30 09:38:05+00:00,201.29000000000002,191.87857142857143,762.7457142857141,179.7757142857143,187.6157142857143,193.44714285714284,183.41428571428574,188.13857142857142,L5
1997-10-01 09:39:00+00:00,201.65428571428575,192.88285714285715,761.9471428571429,181.91428571428574,189.69142857142856,195.72142857142856,186.24571428571429,190.8842857142857,L5
1997-11-02 09:39:52+00:00,201.99857142857147,193.03571428571428,761.6114285714285,184.12714285714287,191.15857142857143,197.7028571428571,189.00428571428574,191.95571428571427,L5
1997-11-18 09:40:14+00:00,203.8957142857143,195.1942857142857,759.1928571428572,187.94714285714286,195.11285714285714,201.35142857142858,194.5442857142857,195.8614285714286,L5
1997-12-20 09:41:00+00:00,205.3225,195.41375,760.5912500000001,189.35750000000002,194.47875,200.51,193.26749999999998,196.525,L5
1998-01-21 09:41:44+00:00,203.76375000000002,194.35750000000002,760.71875,188.49375,194.42125,200.81875000000002,193.50375,197.095,L5
1998-02-06 09:42:06+00:00,204.57,194.39000000000001,761.86875,188.335,195.83749999999998,202.8625,192.7025,197.405,L5
1998-02-22 09:42:24+00:00,203.9857142857143,194.24,762.0899999999999,189.31625000000003,194.88000000000002,203.3075,192.12625,197.615,L5
1998-03-10 09:42:39+00:00,204.0585714285714,194.3742857142857,762.6550000000001,189.66875,194.715,203.71875,191.3825,197.7575,L5
1998-03-26 09:42:52+00:00,204.49374999999998,194.68625,762.6433333333334,189.94444444444446,194.63666666666666,203.71875,191.3122222222222,197.43666666666667,L5
1998-04-11 09:43:04+00:00,204.40625,194.48499999999999,763.2266666666667,188.98999999999998,193.12555555555556,202.59,189.91666666666666,196.7422222222222,L5
1998-05-13 09:43:32+00:00,204.85,194.4125,763.7244444444445,187.96333333333334,192.14222222222222,201.38750000000002,188.35111111111112,195.87444444444446,L5
1998-06-14 09:44:01+00:00,203.23624999999998,191.89625,765.4077777777778,184.9377777777778,189.9288888888889,198.9825,185.1211111111111,192.01666666666668,L5
1998-06-30 09:44:12+00:00,201.0325,190.85500000000002,764.5477777777778,182.5,189.86111111111111,198.79125000000002,185.11333333333334,190.39111111111112,L5
1998-07-16 09:44:23+00:00,201.67666666666668,191.36222222222221,763.8399999999999,182.93599999999998,190.06300000000002,198.85222222222222,185.53400000000002,190.377,L5
1998-08-01 09:44:28+00:00,201.91222222222223,191.37666666666667,763.817,182.777,189.022,198.6522222222222,185.035,189.43900000000002,L5
1998-08-17 09:44:36+00:00,201.60899999999998,191.60899999999998,762.8100000000001,184.098,187.89,196.6925,186.074,189.475,L5
1998-09-02 09:44:48+00:00,200.571,190.41,762.3810000000001,182.509,187.43599999999998,195.31125,186.645,189.58499999999998,L5
1998-09-18 09:44:56+00:00,199.519,190.191,761.944,181.542,187.66,195.32625000000002,186.632,189.653,L5
1998-10-04 09:44:58+00:00,198.026,188.846,762.387,180.18400000000003,186.435,194.7711111111111,185.753,188.355,L5
1998-10-20 09:44:58+00:00,197.656,188.872,761.631,180.58100000000002,187.66799999999998,196.04333333333332,186.857,189.39600000000002,L5
1998-11-05 09:45:03+00:00,198.97181818181818,190.53727272727272,761.2709090909091,182.0472727272727,187.72363636363636,196.096,187.4272727272727,189.90363636363637,L5
1998-11-21 09:45:10+00:00,199.86636363636362,191.41181818181815,760.7045454545455,183.6809090909091,189.1209090909091,197.17199999999997,189.24636363636364,191.0790909090909,L5
1998-12-23 09:45:11+00:00,200.8327272727273,193.23909090909092,759.4254545454546,185.89636363636362,190.5972727272727,199.20700000000002,191.33363636363637,193.69727272727275,L5
1999-01-08 09:45:10+00:00,202.79363636363635,193.70100000000002,759.37,183.8109090909091,190.94272727272727,199.88666666666666,192.23636363636362,195.35363636363635,L5
1999-01-24 09:45:11+00:00,202.82363636363635,193.842,759.4790909090909,183.8109090909091,192.01545454545456,199.955,192.92818181818183,196.85454545454547,L5
1999-03-13 09:45:10+00:00,205.03333333333333,195.66375000000002,759.8988888888889,183.5811111111111,193.19444444444446,200.10714285714286,192.7422222222222,197.89,L5
1999-03-29 09:44:52+00:00,204.42555555555555,194.105,762.1522222222222,181.51555555555558,191.4377777777778,197.51,190.57555555555555,196.91333333333333,L5
1999-04-14 09:44:51+00:00,204.38555555555553,194.82875,763.0366666666666,181.36,191.88777777777779,197.89285714285714,190.63555555555556,198.00555555555556,L5
1999-04-30 09:44:50+00:00,203.8788888888889,192.95625,764.58,178.33333333333334,190.38666666666666,195.42714285714283,188.44,196.22222222222223,L5
1999-06-17 09:44:05+00:00,200.50375,187.91714285714286,767.24875,171.86249999999998,188.37375,191.82666666666668,184.44375,192.61375,L5
1999-07-03 09:43:56+00:00,196.11875,187.16142857142856,769.47375,169.05125,188.04375,190.02666666666664,179.26875,185.5025,L5
1999-07-19 09:43:52+00:00,194.50625000000002,188.15749999999997,769.3774999999999,171.90875,187.59125,190.59714285714287,177.975,183.40375,L5
1999-08-04 09:43:50+00:00,192.57875,186.87125,769.2937499999999,169.98875,185.05875,190.3725,176.30249999999998,180.7825,L5
1999-08-12 09:59:01+00:00,192.57875,186.87125,768.9744444444444,171.26111111111112,185.05875,190.3725,176.30249999999998,180.7825,L7
1999-08-20 09:43:39+00:00,192.45555555555555,187.30444444444444,768.0179999999999,171.666,185.5966666666667,190.70555555555555,177.70777777777778,181.65666666666664,L5
1999-08-28 09:59:04+00:00,194.073,188.078,767.7036363636363,172.01909090909092,185.998,191.317,178.676,182.28699999999998,L7
1999-09-05 09:43:10+00:00,194.99909090909088,188.67545454545453,766.6516666666666,172.45333333333335,186.12,192.0181818181818,179.47545454545454,182.98636363636362,L5
1999-09-13 09:58:59+00:00,194.14272727272729,188.38,767.2216666666667,171.42916666666667,185.78272727272727,191.43454545454549,178.9909090909091,181.3390909090909,L7
1999-10-07 09:42:45+00:00,195.31727272727275,189.65636363636366,765.2799999999999,172.5175,186.95909090909092,192.9527272727273,180.4,181.86272727272728,L5
1999-10-15 09:59:06+00:00,196.86909090909091,190.13363636363636,764.5358333333334,172.505,187.18727272727273,193.12,180.65818181818182,181.4909090909091,L7
1999-11-08 09:42:06+00:00,197.47181818181818,191.48999999999998,763.6041666666666,173.51666666666665,187.67909090909095,193.97,181.32818181818183,181.89272727272726,L5
1999-12-18 09:59:04+00:00,198.9790909090909,193.15,762.8583333333332,174.43333333333337,188.04181818181817,195.48272727272726,182.26636363636365,183.52363636363637,L7
2000-01-03 09:58:57+00:00,202.68727272727273,193.88363636363636,761.9674999999999,175.38083333333336,188.13,196.19909090909093,185.33090909090907,188.25999999999996,L7
2000-01-11 09:41:07+00:00,202.365,193.65416666666667,761.27,175.10692307692307,189.16666666666666,197.0391666666667,185.84166666666667,189.40166666666664,L5
2000-01-19 09:58:54+00:00,202.56083333333333,193.97166666666666,761.6684615384614,174.9269230769231,188.91333333333333,197.25750000000002,186.17,189.525,L7
2000-02-04 09:58:54+00:00,204.04999999999998,194.78416666666666,762.2399999999999,174.7653846153846,189.2558333333333,197.38083333333336,185.53416666666666,189.66583333333335,L7
2000-02-20 09:58:47+00:00,205.09416666666667,194.65416666666667,762.1172727272726,172.4416666666667,188.23083333333332,196.81583333333333,184.23583333333332,189.75818181818184,L7
2000-03-07 09:58:42+00:00,204.824,194.61599999999999,762.85,170.1390909090909,188.18199999999996,196.594,182.84454545454548,189.592,L7
2000-05-18 09:42:19+00:00,204.0885714285714,193.73428571428573,762.8483333333334,167.8775,188.03166666666664,196.45666666666662,182.21142857142857,191.4366666666667,L5
2000-06-19 09:42:35+00:00,202.41285714285715,192.41000000000003,762.1533333333333,167.92875,187.00666666666666,193.87,180.38285714285715,191.03666666666666,L5
2000-06-27 09:57:49+00:00,202.1725,192.005,762.65,167.73222222222225,184.89714285714285,193.07571428571427,179.1325,188.46285714285713,L7
2000-07-29 09:57:19+00:00,198.58833333333337,187.75166666666667,767.1099999999999,161.8414285714286,176.266,184.664,170.4416666666667,179.12600000000003,L7
2000-08-14 09:57:13+00:00,195.61666666666667,184.9716666666667,769.682,159.51142857142855,172.58200000000002,182.598,168.49666666666667,175.624,L7
2000-08-30 09:57:02+00:00,195.73333333333332,185.14666666666668,768.805,161.7942857142857,173.81,183.32999999999998,169.17999999999998,176.92999999999998,L7
2000-09-15 09:56:43+00:00,197.1242857142857,185.97714285714287,768.3833333333333,164.49142857142857,176.29166666666666,185.11666666666667,170.39000000000001,177.1916666666667,L7
2000-11-02 09:56:30+00:00,196.565,186.58125,766.1157142857143,166.9125,174.56714285714287,185.11666666666667,170.39000000000001,178.01285714285717,L7
2000-12-20 09:56:33+00:00,199.86142857142858,188.96714285714285,766.7285714285715,168.30714285714288,176.46285714285713,187.70833333333334,174.1016666666667,178.99857142857144,L7
2000-12-28 09:45:50+00:00,201.7742857142857,189.23857142857145,765.66,169.72142857142856,179.12714285714287,187.58800000000002,176.8066666666667,179.995,L5
2001-01-21 09:56:39+00:00,201.51125,189.41750000000002,765.66,171.13625000000002,180.40375,189.9766666666667,177.81571428571428,179.21,L7
2001-03-10 09:56:28+00:00,204.70166666666668,192.4283333333333,762.4359999999999,179.79166666666666,184.56333333333336,196.8525,185.722,185.23399999999998,L7
2001-04-11 09:56:14+00:00,202.53833333333333,190.01666666666665,764.612,179.10166666666666,182.745,195.46499999999997,185.112,185.14600000000002,L7
2001-05-13 09:56:03+00:00,204.55166666666665,189.8066666666667,768.748,177.56166666666664,185.615,194.19799999999998,183.90833333333333,183.84,L7
2001-05-29 09:55:55+00:00,204.03857142857143,189.57,768.75,176.9042857142857,184.99142857142857,193.21666666666667,182.69,183.97,L7
2001-06-06 09:46:30+00:00,202.07,188.60625000000002,769.5457142857142,175.47125,183.92624999999998,191.63428571428568,180.8225,182.65142857142857,L5
2001-06-14 09:55:43+00:00,201.19,188.41555555555556,770.56375,174.81,183.14444444444445,191.30624999999998,180.19555555555556,182.22125,L7
2001-06-30 09:55:29+00:00,198.8425,186.98874999999998,773.267142857143,174.2725,181.6025,190.78875,178.52499999999998,181.57625,L7
2001-08-01 09:55:16+00:00,198.7242857142857,186.46285714285713,771.5037500000001,173.30571428571426,180.49714285714285,189.1985714285714,177.76142857142855,183.22,L7
2001-08-17 09:54:57+00:00,199.095,186.88500000000002,771.0866666666667,174.0625,181.21625,189.8175,178.37125,183.5011111111111,L7
2001-08-25 09:46:22+00:00,199.39333333333332,188.0,769.51,175.06333333333333,182.57888888888888,190.91666666666666,179.55777777777777,184.456,L5
2001-10-04 09:54:23+00:00,199.73,188.44111111111113,768.5409999999999,175.02222222222224,183.45999999999998,191.43666666666667,180.24777777777777,184.73,L7
2001-11-05 09:54:31+00:00,200.635,190.21222222222224,767.883,175.68125,185.14555555555555,192.79000000000002,180.3375,184.40555555555557,L7
2001-12-07 09:54:41+00:00,202.21999999999997,191.93714285714285,764.755,178.48600000000002,189.26428571428573,196.85999999999999,184.336,187.31333333333336,L7
2002-01-08 09:54:52+00:00,201.02,191.79833333333332,763.102857142857,179.34,192.2783333333333,198.28833333333333,187.365,189.132,L7
2002-01-24 09:55:00+00:00,201.02,192.33142857142857,764.0487499999999,183.35,192.55571428571426,196.1314285714286,187.365,189.132,L7
2002-02-09 09:55:02+00:00,201.02,192.93625,765.0975,183.35,192.38,196.34375,187.365,189.5025,L7
2002-02-17 09:44:36+00:00,199.425,192.93625,764.6899999999999,184.394,192.98375,196.37875,188.2275,191.04749999999999,L5
2002-02-25 09:55:04+00:00,198.64000000000001,192.36714285714285,766.44875,184.725,192.91285714285712,195.90285714285716,187.95333333333335,190.38,L7
2002-03-13 09:55:01+00:00,202.3425,193.31375,766.9533333333334,184.392,192.62875,195.77,187.925,189.77,L7
2002-03-21 09:44:11+00:00,203.3,193.61555555555555,766.6,184.30499999999998,192.47666666666666,196.18555555555557,188.074,190.788,L5
2002-04-14 09:54:56+00:00,202.51,193.36444444444444,767.862,185.022,190.91333333333333,195.45666666666668,186.852,190.03,L7
2002-04-30 09:54:58+00:00,204.37666666666667,193.357,768.3627272727273,184.01666666666665,190.638,195.007,186.4283333333333,189.63333333333333,L7
2002-05-16 09:54:51+00:00,201.05714285714285,190.69099999999997,768.537,179.63714285714286,188.253,192.166,183.62714285714284,186.59,L7
2002-06-01 09:54:45+00:00,201.8275,190.6490909090909,768.72,179.5425,188.29636363636362,192.13454545454545,183.715,186.76,L7
2002-06-17 09:54:38+00:00,199.97,189.06181818181815,771.16,177.97555555555556,186.22363636363636,190.32,182.0188888888889,185.32777777777778,L7
2002-06-25 09:42:07+00:00,199.39600000000002,188.75333333333333,771.06,177.88,186.44583333333333,190.51583333333335,181.998,185.084,L5
2002-07-03 09:54:34+00:00,200.13454545454545,188.93769230769232,771.4661538461538,178.30272727272725,186.4323076923077,190.79461538461538,182.2490909090909,185.32181818181817,L7
2002-07-19 09:54:27+00:00,200.77100000000002,189.69538461538463,771.3546153846153,178.712,186.09846153846152,190.73076923076923,181.647,185.082,L7
2002-08-04 09:54:19+00:00,200.91727272727275,189.1830769230769,771.3784615384616,176.68400000000003,185.61615384615385,191.4930769230769,181.95909090909092,185.29363636363635,L7
2002-08-20 09:54:16+00:00,201.478,188.3972727272727,771.8916666666668,175.8066666666667,184.61636363636364,190.65,181.546,184.63,L7
2002-09-05 09:54:07+00:00,201.478,188.3972727272727,771.7916666666669,175.8066666666667,184.61636363636364,190.65,181.546,184.63,L7
2002-10-23 09:53:55+00:00,197.5275,186.60222222222222,771.937,174.6875,184.64111111111112,189.73666666666665,180.84375,183.51749999999998,L7
2003-01-27 09:54:37+00:00,201.60333333333332,192.05666666666664,769.7819999999999,182.03,191.62333333333333,197.2833333333333,191.14666666666665,192.91,L7
2003-02-12 09:54:48+00:00,202.63,192.52666666666664,769.738,183.55999999999997,193.03666666666666,199.89666666666668,194.9,196.04333333333332,L7
2003-03-16 09:54:51+00:00,202.63,192.125,773.0250000000001,183.55999999999997,193.03666666666666,197.685,194.9,196.04333333333332,L7
2003-04-01 09:54:51+00:00,203.535,192.232,773.7120000000001,183.32,192.1125,197.57999999999998,193.7625,197.235,L7
2003-04-17 09:54:53+00:00,203.91199999999998,192.13,773.39,182.86399999999998,190.54000000000002,197.95333333333335,193.094,196.08800000000002,L7
2003-05-19 09:54:48+00:00,205.46599999999998,190.765,773.6866666666666,183.0375,189.908,197.28833333333333,193.57,197.025,L7
2003-06-28 09:42:14+00:00,203.89333333333335,190.61714285714285,772.7814285714286,183.248,189.08166666666668,196.48142857142855,191.24999999999997,194.794,L5
2003-07-14 09:42:31+00:00,202.57714285714286,190.56,771.5024999999999,182.78333333333333,188.84,196.255,190.125,194.01166666666666,L5
2003-07-30 09:42:49+00:00,200.08857142857144,190.29375,769.82625,182.03666666666666,188.35714285714286,195.39499999999998,189.0233333333333,192.90833333333333,L5
2003-08-31 09:43:23+00:00,199.25428571428571,191.12375,767.96,182.94833333333335,188.12714285714284,195.31125,187.45166666666668,192.45833333333334,L5
2003-10-02 09:43:52+00:00,198.08833333333334,190.90166666666664,764.7,182.01999999999998,186.76285714285717,195.4842857142857,185.08333333333334,189.775,L5
2003-10-10 09:54:11+00:00,198.08833333333334,190.91142857142856,765.0237500000001,182.37857142857143,186.865,195.2575,185.05428571428573,189.49428571428572,L7
2003-12-13 09:54:54+00:00,199.876,192.465,762.7800000000001,184.72,187.36166666666668,195.04,184.16,189.16,L7
2004-01-06 09:44:54+00:00,201.32,192.54166666666666,761.685,183.44571428571427,185.66333333333333,192.75333333333333,183.78166666666667,188.13666666666666,L5
2004-01-30 09:55:12+00:00,206.39749999999998,193.96999999999997,764.2439999999999,184.666,185.10399999999998,193.144,184.398,188.18800000000002,L7
2004-03-18 09:55:24+00:00,208.65666666666667,193.2325,766.8199999999999,183.54,185.56799999999998,192.756,183.77,186.7075,L7
2004-04-27 09:46:10+00:00,204.99,191.545,766.965,182.56333333333336,185.21249999999998,190.60500000000002,186.4466666666667,187.76999999999998,L5
2004-06-06 09:55:14+00:00,201.32800000000003,188.564,770.8520000000001,177.1575,182.314,188.05800000000002,181.875,183.6325,L7
2004-06-30 09:48:01+00:00,197.92000000000002,187.224,769.8916666666668,172.0775,182.3083333333333,188.54666666666665,181.24200000000002,183.168,L5
2004-07-16 09:48:28+00:00,197.798,188.464,769.4083333333333,174.7775,184.09,191.08166666666668,182.23,184.524,L5
2004-07-24 09:55:03+00:00,197.45333333333335,188.49333333333334,770.7642857142857,176.13600000000002,183.67285714285714,191.20857142857145,182.15333333333334,184.5666666666667,L7
2004-08-09 09:54:56+00:00,195.90666666666667,187.51833333333332,770.3185714285713,176.13600000000002,182.15,189.785,179.93333333333337,182.84333333333333,L7
2004-08-17 09:49:12+00:00,197.01857142857145,188.79285714285714,768.8175,178.14499999999998,183.21857142857144,190.32714285714286,180.75857142857143,183.57857142857145,L5
2004-09-18 09:50:02+00:00,198.245,189.80625,767.30625,180.06,182.94142857142856,189.46857142857144,180.9225,184.80375,L5
2004-10-20 09:50:44+00:00,197.45111111111112,189.0111111111111,767.4966666666666,179.695,183.075,190.055,181.65111111111113,185.14,L5
2004-11-05 09:51:03+00:00,199.02777777777777,190.36111111111111,767.3788888888889,181.84,184.5,191.4375,181.88222222222223,185.79000000000002,L5
2005-03-21 09:55:50+00:00,199.64,191.1833333333333,768.16,184.69499999999996,188.5666666666667,195.92999999999998,187.42,191.34000000000003,L7
2005-04-06 09:55:46+00:00,199.64,190.6775,770.635,179.08,185.9875,193.875,184.0,186.00333333333333,L7
2005-04-22 09:55:40+00:00,206.66500000000002,192.5925,771.1733333333333,177.3166666666667,185.7275,191.3825,182.26,185.08999999999997,L7
2005-05-16 09:53:25+00:00,197.53,189.2175,772.71,170.53,182.8425,189.3875,177.825,180.425,L5
2005-07-19 09:53:56+00:00,197.67999999999998,189.654,767.8675,174.3025,183.41400000000002,190.274,179.15,180.87666666666667,L5
2005-09-05 09:54:15+00:00,200.3075,190.85000000000002,763.866,176.954,184.8083333333333,191.3133333333333,181.75,184.025,L5
2005-10-31 09:55:28+00:00,200.4525,191.29250000000002,756.1275,183.59249999999997,187.4925,194.395,184.10250000000002,187.64,L7
2005-11-08 09:54:22+00:00,199.68400000000003,192.368,754.988,185.328,190.15,197.26,186.8,190.516,L5
2005-12-18 09:55:45+00:00,202.714,194.32,753.6279999999999,187.576,192.69400000000002,199.654,189.794,193.206,L7
2006-01-03 09:55:54+00:00,202.415,194.465,755.91,186.60333333333332,192.40833333333333,199.24,190.16333333333333,193.295,L7
2006-01-19 09:56:03+00:00,205.16833333333332,195.28666666666666,757.4266666666667,188.25500000000002,193.98833333333334,200.365,192.155,195.14833333333334,L7
2006-01-27 09:56:13+00:00,205.46,195.51285714285714,757.5414285714286,188.79428571428573,194.19285714285712,201.67857142857142,192.57285714285715,197.26285714285717,L5
2006-02-12 09:56:36+00:00,204.69875000000002,196.16375,757.9625,189.20625,194.2475,201.64249999999998,192.75875,197.1275,L5
2006-06-04 09:58:32+00:00,202.4366666666667,192.7266666666667,763.6366666666667,186.39499999999998,190.70666666666668,198.295,189.13,194.92166666666665,L5
2006-06-12 09:56:09+00:00,202.29,191.23285714285717,765.4057142857143,186.39499999999998,190.70666666666668,196.6385714285714,186.81571428571428,191.82142857142858,L7
2006-07-14 09:55:56+00:00,203.89000000000001,191.87833333333333,765.7239999999999,187.51,188.432,195.56599999999997,184.44800000000004,190.00799999999998,L7
2006-07-30 09:55:49+00:00,200.40750000000003,189.51749999999998,761.18,183.33,185.725,190.385,177.80333333333337,182.39666666666665,L7
2006-08-07 09:59:28+00:00,200.40750000000003,189.51749999999998,757.7719999999999,185.49,186.67399999999998,191.81,180.4975,185.0325,L5
2006-08-23 09:59:39+00:00,200.14,188.66250000000002,755.5,185.51749999999998,186.594,190.48000000000002,178.84250000000003,182.815,L5
2006-10-10 10:00:13+00:00,198.43400000000003,188.348,755.4233333333333,184.002,188.02166666666668,191.32666666666668,180.44,183.93800000000002,L5
2006-10-26 10:00:24+00:00,197.0583333333333,187.4766666666667,755.4414285714286,183.70333333333335,187.5157142857143,191.74428571428572,180.27333333333334,183.59500000000003,L5
2006-11-03 09:55:55+00:00,197.0583333333333,187.4766666666667,753.4087499999999,183.70333333333335,187.5157142857143,191.74428571428572,180.27333333333334,183.59500000000003,L7
2006-11-19 09:56:06+00:00,197.35,188.42142857142858,751.5755555555555,185.1314285714286,188.955,193.505,182.84857142857143,186.25571428571428,L7
2006-12-29 10:00:54+00:00,199.25166666666667,193.15333333333334,745.0274999999999,188.3857142857143,192.42375,199.0514285714286,189.65833333333333,193.0666666666667,L5
2007-03-27 09:56:40+00:00,194.038,187.80800000000002,751.4466666666666,183.93,191.428,198.576,187.012,191.45800000000003,L7
2007-06-23 10:00:02+00:00,194.05666666666664,185.54999999999998,760.04,180.97000000000003,187.46,195.93666666666664,182.75666666666666,188.17333333333332,L5
2007-07-01 09:56:22+00:00,195.4466666666667,184.26999999999998,758.7666666666668,176.91666666666666,182.8033333333333,189.66,178.4766666666667,181.77999999999997,L7
2007-07-09 09:59:51+00:00,196.64249999999998,186.275,755.86,180.76,184.98250000000002,191.875,179.6875,183.9825,L5
2007-07-25 09:59:43+00:00,199.322,189.81,754.742,182.446,185.966,192.162,180.86200000000002,184.706,L5
2007-08-02 09:56:15+00:00,199.94333333333336,190.07833333333335,754.742,182.08166666666668,186.475,192.162,180.86200000000002,184.706,L7
2007-12-24 09:56:28+00:00,202.49200000000002,195.17000000000002,749.0375,186.06400000000002,190.23200000000003,196.37,186.25250000000003,189.6975,L7
2008-01-25 09:56:28+00:00,197.495,191.42,759.3199999999999,182.185,190.445,200.85,191.61,194.16,L7
2008-02-10 09:56:26+00:00,191.94,,760.71,184.11,191.87,200.85,191.61,194.16,L7
2008-02-26 09:56:21+00:00,191.94,,760.7275,184.11,190.945,200.85,191.61,194.16,L7
2008-03-13 09:56:16+00:00,200.23000000000002,196.47,761.658,184.25,190.98333333333335,198.185,189.22500000000002,191.54,L7
2008-04-06 09:55:39+00:00,202.16,198.79500000000002,761.435,186.9,191.485,198.98666666666668,189.64333333333335,192.62,L5
2008-05-08 09:54:49+00:00,199.16,189.92,763.657142857143,181.68,188.04000000000002,194.2,184.28,187.3225,L5
2008-06-09 09:53:59+00:00,196.656,187.9025,764.1487500000001,180.798,187.025,193.006,182.846,185.828,L5
2008-06-25 09:53:32+00:00,196.94,188.498,764.3850000000001,180.16,185.47333333333333,190.86599999999999,180.398,183.33200000000002,L5
2008-07-11 09:53:05+00:00,196.20333333333335,187.79,763.7511111111112,181.55499999999998,185.42285714285714,191.03166666666667,180.11666666666667,182.73166666666668,L5
2008-07-19 09:55:28+00:00,196.20333333333335,187.79,762.73,181.55499999999998,185.42285714285714,191.03166666666667,180.11666666666667,182.73166666666668,L7
2008-09-29 09:50:46+00:00,196.22,187.84833333333333,761.9171428571428,182.845,184.09833333333333,191.51333333333332,180.23000000000002,183.91166666666666,L5
2008-11-08 09:55:12+00:00,197.818,190.526,756.5749999999999,187.384,185.872,194.13799999999998,183.122,187.248,L7
2009-01-11 09:55:48+00:00,202.73000000000002,196.24,754.2549999999999,193.60333333333332,190.20666666666668,200.34,190.54,195.64000000000001,L7
2009-02-28 09:56:10+00:00,202.7,195.49,754.4933333333332,190.9625,190.20666666666668,200.34,190.54,195.64000000000001,L7
2009-03-08 09:52:31+00:00,202.336,194.214,757.425,188.19,189.0325,199.73499999999999,189.8625,195.43,L5
2009-04-17 09:56:29+00:00,201.274,193.604,763.1475,185.738,189.3975,197.99,188.9575,193.425,L7
2009-05-03 09:56:32+00:00,203.41833333333332,194.10500000000002,764.826,184.64499999999998,189.622,197.12,187.624,192.364,L7
2009-05-11 09:53:49+00:00,200.71166666666667,191.63,770.3299999999999,180.76333333333335,186.962,193.962,183.808,188.572,L5
2009-05-19 09:56:34+00:00,201.87285714285713,192.17428571428573,769.8783333333332,181.01857142857145,187.20166666666668,193.5533333333333,183.44833333333335,188.3166666666667,L7
2009-06-04 09:56:34+00:00,200.23375,190.22125,769.8783333333332,179.26000000000002,185.19142857142856,191.5585714285714,183.44833333333335,188.3166666666667,L7
2009-06-12 09:54:24+00:00,199.05888888888887,188.46777777777777,770.2671428571429,178.01333333333335,183.69375,189.9475,181.3642857142857,186.35999999999999,L5
2009-06-28 09:54:41+00:00,198.6,188.704,768.4449999999999,178.883,183.70222222222222,190.22222222222223,181.33875,185.78375,L5
2009-07-30 09:55:12+00:00,200.208,189.09,766.855,178.981,183.51111111111112,189.83333333333334,180.78625,185.89875,L5
2009-08-15 09:55:27+00:00,200.80999999999997,189.7927272727273,764.6255555555556,180.19181818181818,183.989,191.08499999999998,181.66555555555556,186.78333333333333,L5
2009-09-16 09:55:55+00:00,201.081,190.261,763.0155555555555,181.401,185.561,192.107,182.5522222222222,187.27222222222224,L5
2009-10-02 09:56:06+00:00,201.39181818181817,190.68636363636367,763.196,182.09545454545457,185.64636363636365,192.4527272727273,182.803,187.461,L5
2009-10-18 09:56:16+00:00,201.43545454545455,191.11909090909091,760.875,183.19909090909093,186.4081818181818,193.90545454545455,183.74200000000002,188.527,L5
2009-10-26 09:56:27+00:00,201.47583333333333,191.13083333333336,760.875,183.17333333333332,186.42,193.90545454545455,183.74200000000002,188.527,L7
2009-12-05 09:56:39+00:00,202.10333333333335,193.0966666666667,757.7487500000001,187.42111111111112,189.54222222222222,199.115,186.6925,192.4725,L5
2010-05-22 09:58:14+00:00,204.67,194.015,768.535,188.665,192.395,200.235,185.54500000000002,196.19,L7
2010-06-23 09:58:18+00:00,202.27,187.925,776.775,180.285,183.595,188.62,175.41000000000003,177.83499999999998,L7
2010-09-03 09:56:24+00:00,203.715,190.92999999999998,767.9333333333334,184.23000000000002,186.98666666666668,193.25666666666666,180.4366666666667,183.47666666666666,L5
2010-11-06 09:55:56+00:00,203.91,192.70749999999998,764.77,186.215,189.1275,196.85,182.7725,186.3075,L5
2011-02-10 09:56:06+00:00,203.07333333333335,197.28999999999996,757.2066666666666,192.1966666666667,193.77,205.13,191.01999999999998,194.77,L5
2011-02-26 09:56:05+00:00,202.65,197.685,760.42,192.1575,194.22,204.4325,190.725,194.7775,L5
2011-03-22 09:59:41+00:00,203.0225,197.225,766.12,192.17,193.6825,202.9475,189.8725,193.96,L7
2011-04-07 09:59:45+00:00,203.21800000000002,197.225,768.3199999999999,190.8425,192.882,201.894,188.682,193.066,L7
2011-05-01 09:55:46+00:00,201.8116666666667,196.66199999999998,767.7733333333332,188.03400000000002,193.16666666666666,200.92499999999998,188.14499999999998,192.50166666666667,L5
2011-05-17 09:55:42+00:00,200.87833333333333,196.192,768.2733333333334,187.276,192.89166666666665,198.73000000000002,187.155,191.505,L5
2011-08-13 09:59:32+00:00,201.102,196.01749999999998,763.3166666666666,186.02,193.07199999999997,197.43,186.02800000000002,190.856,L7
2011-08-29 09:59:30+00:00,201.0325,195.0666666666667,754.265,184.01333333333335,195.98600000000002,196.20250000000001,185.07500000000002,191.972,L7
2011-09-06 09:54:45+00:00,202.464,196.3425,753.6242857142857,186.04000000000002,195.78,195.85,184.818,192.43833333333336,L5
2011-09-14 09:59:24+00:00,202.31833333333336,196.3425,751.515,186.04000000000002,195.1314285714286,195.79999999999998,185.22,192.17000000000002,L7
2011-09-22 09:54:31+00:00,201.45200000000003,196.75666666666666,748.58875,187.25799999999998,195.71666666666667,195.642,185.22666666666666,192.28333333333333,L5
2011-12-03 09:59:53+00:00,204.89000000000004,200.17,740.2966666666667,192.12499999999997,198.71,194.99499999999998,186.04666666666662,195.23666666666668,L7
2012-02-21 10:00:16+00:00,204.89000000000004,200.17,745.3983333333332,191.98333333333335,198.71,194.99499999999998,186.86249999999998,195.0525,L7
2012-03-24 10:00:15+00:00,208.09,194.35,763.7033333333334,188.02499999999998,190.96,194.73,187.48000000000002,191.44,L7
2012-04-25 10:00:26+00:00,205.07,192.235,763.7033333333334,185.73666666666668,190.96,194.73,187.48000000000002,191.44,L7
2012-05-11 10:00:49+00:00,205.07,192.235,764.605,185.73666666666668,190.96,194.73,187.48000000000002,191.44,L7
2012-05-27 10:00:40+00:00,203.53666666666666,189.39333333333335,766.638,185.73666666666668,187.3,192.03,183.79666666666665,189.64666666666668,L7
2012-08-15 10:01:16+00:00,205.1125,191.98250000000002,767.778,185.73666666666668,187.8166666666667,192.40333333333334,183.7675,189.215,L7
2012-09-16 10:01:34+00:00,205.98600000000002,193.8,768.9300000000001,187.57333333333335,188.515,193.7525,182.1325,187.5,L7
2012-10-02 10:01:45+00:00,206.4,194.052,766.9879999999999,192.79666666666665,189.97,194.6625,180.98250000000002,187.605,L7
2013-01-06 10:02:18+00:00,209.82666666666668,198.81000000000003,763.5875,198.92,192.08,196.43999999999997,184.10500000000002,190.76999999999998,L7
2013-04-12 10:02:09+00:00,206.75,194.93,761.49,192.35,190.1,194.53,179.76,198.72,L7
2013-06-07 10:08:10+00:00,201.73000000000002,191.995,770.365,188.95666666666668,186.155,191.75,179.07333333333335,191.10500000000002,L8
2013-06-15 10:01:47+00:00,203.13,191.85,772.77,188.3525,185.74333333333334,191.14666666666668,179.0075,187.14666666666668,L7
2013-07-09 10:08:07+00:00,202.435,191.79500000000002,774.6366666666667,184.3,185.82999999999998,190.7025,176.60750000000002,182.17,L8
2013-07-25 10:08:06+00:00,202.31199999999998,192.29000000000002,765.49,184.73,186.846,190.828,178.04000000000002,183.5375,L8
2013-08-02 10:01:23+00:00,202.31199999999998,192.29000000000002,759.226,184.73,186.846,190.828,178.04000000000002,183.5375,L7
2013-08-18 10:01:27+00:00,202.31199999999998,192.29000000000002,752.1316666666667,184.73,186.846,190.828,180.23833333333334,183.5375,L7
2013-08-26 10:08:11+00:00,202.35833333333335,193.30666666666664,749.6271428571429,186.07500000000002,187.72833333333332,191.95000000000002,181.20285714285714,184.878,L8
2013-09-03 10:01:39+00:00,202.35833333333335,193.30666666666664,745.5125,187.97142857142856,187.72833333333332,191.95000000000002,181.20285714285714,184.878,L7
2013-09-27 10:08:00+00:00,202.35833333333335,193.8957142857143,742.1588888888889,189.1475,188.71142857142857,192.69714285714286,182.07125,186.135,L8
2013-10-29 10:07:51+00:00,201.1966666666667,194.12714285714284,743.293,189.98999999999998,189.39000000000001,193.21714285714285,184.1925,186.9257142857143,L8
2013-11-06 10:02:16+00:00,201.8642857142857,194.12714285714284,744.6572727272727,189.28444444444443,190.0825,193.94375,185.20999999999998,188.08875,L7
2013-11-14 10:08:14+00:00,201.985,194.43625,745.88,190.23899999999998,191.0366666666667,194.72,186.131,189.37777777777777,L8
2013-11-30 10:07:45+00:00,201.76000000000002,194.54777777777775,748.7438461538461,190.57272727272724,191.68900000000002,195.297,186.78090909090906,190.243,L8
2013-12-16 10:07:39+00:00,201.6225,195.69625000000002,744.1941666666667,192.21099999999998,194.0111111111111,197.41111111111113,189.124,192.64222222222222,L8
2014-01-09 10:02:34+00:00,201.84375,195.6825,741.8583333333332,192.96599999999998,195.35555555555555,199.2388888888889,190.875,194.37,L7
2014-03-06 10:06:42+00:00,199.89714285714285,194.78142857142856,754.59875,192.2375,195.95000000000002,200.36249999999998,192.14249999999998,195.41375,L8
2014-03-22 10:06:31+00:00,200.0375,194.66000000000003,756.531111111111,191.4088888888889,195.4377777777778,199.55777777777777,191.34777777777776,194.54666666666668,L8
2014-04-07 10:06:16+00:00,200.0211111111111,194.25375,762.8277777777778,189.9133333333333,194.83555555555554,199.15666666666664,190.92444444444448,194.0411111111111,L8
2014-04-15 10:03:12+00:00,200.304,193.70111111111112,762.8277777777778,189.034,193.98399999999998,198.295,190.92444444444448,194.0411111111111,L7
2014-04-23 10:06:00+00:00,200.20454545454547,193.522,763.6679999999999,188.48090909090908,193.3909090909091,197.72545454545454,190.10600000000002,193.324,L8
2014-05-01 10:03:21+00:00,200.247,188.929,765.8489999999999,188.138,193.24500000000003,196.68,186.988,192.946,L7
2014-05-09 10:05:44+00:00,198.825,188.3527272727273,768.0840000000001,186.88799999999998,191.847,195.62545454545455,184.897,190.719,L8
2014-05-17 10:03:28+00:00,197.588,187.528,770.165,185.257,189.99599999999998,193.93727272727273,182.454,187.81300000000002,L7
2014-06-10 10:06:13+00:00,197.74900000000002,187.67600000000002,767.0550000000001,184.78199999999998,189.696,193.53636363636363,181.629,186.93,L8
2014-07-12 10:06:23+00:00,197.40222222222224,187.0522222222222,770.5133333333333,183.06555555555556,187.90444444444444,191.285,178.5711111111111,184.8022222222222,L8
2014-07-28 10:06:03+00:00,198.007,187.84699999999998,768.816,183.668,188.158,191.28272727272727,178.868,185.017,L8
2014-08-13 10:06:11+00:00,198.5936363636364,188.61,765.860909090909,184.3,188.3290909090909,191.36416666666665,179.57636363636362,185.3181818181818,L8
2014-08-21 10:03:46+00:00,198.5936363636364,188.61,763.2741666666666,184.65083333333334,188.3290909090909,191.36416666666665,179.86333333333334,185.59416666666667,L7
2014-08-29 10:06:12+00:00,198.5936363636364,188.61,759.5961538461538,184.65083333333334,188.3290909090909,191.36416666666665,179.86333333333334,185.59416666666667,L8
2014-09-14 10:06:16+00:00,199.89545454545453,189.05363636363637,755.2723076923077,185.12833333333333,188.2618181818182,190.96916666666667,179.3741666666667,185.3225,L8
2014-09-30 10:06:17+00:00,199.75636363636366,189.0118181818182,752.7253846153847,185.34166666666667,187.85818181818183,190.88083333333336,179.21833333333333,185.32333333333335,L8
2014-10-08 10:04:04+00:00,199.74300000000002,189.68818181818185,748.6784615384615,186.64,188.36909090909091,191.2325,179.5225,185.52416666666667,L7
2014-10-24 10:04:13+00:00,199.86777777777777,189.48666666666668,747.7253846153847,187.8590909090909,188.872,191.38272727272727,179.52666666666664,185.60833333333335,L7
2014-11-01 10:06:19+00:00,200.192,194.61444444444447,744.7600000000001,188.31916666666666,189.42181818181817,191.85399999999998,182.14583333333334,185.955,L8
2014-12-19 10:06:15+00:00,202.47750000000002,195.82,736.7390909090908,190.897,192.36666666666667,194.37374999999997,185.378,189.856,L8
2015-01-04 10:06:10+00:00,202.2266666666667,195.4633333333333,738.1191666666667,190.55727272727273,192.553,195.2744444444444,185.99272727272728,190.23,L8
2015-01-12 10:04:42+00:00,202.42999999999998,195.46666666666664,736.5075,191.6563636363636,193.61100000000002,196.55555555555554,186.6472727272727,191.45363636363635,L7
2015-01-28 10:04:46+00:00,202.74333333333334,195.19666666666666,734.959090909091,191.91299999999998,193.96333333333334,197.71555555555557,188.07181818181817,192.31272727272727,L7
2015-04-10 10:05:30+00:00,202.3457142857143,193.47333333333336,748.3383333333333,190.5716666666667,196.442,200.686,190.58166666666662,195.33,L8
2015-04-18 10:05:21+00:00,201.65875,192.13857142857142,751.6314285714286,188.20000000000002,194.90333333333334,199.365,189.03142857142853,194.0142857142857,L7
2015-05-04 10:05:27+00:00,200.26285714285714,190.75428571428574,757.3449999999999,185.75166666666667,194.03199999999998,199.00333333333333,188.79833333333332,194.0583333333333,L7
2015-05-12 10:05:10+00:00,199.91625,190.67125000000001,759.0899999999999,185.27857142857144,193.11833333333334,197.94571428571427,187.67142857142858,193.07142857142858,L8
2015-05-28 10:05:36+00:00,199.04333333333332,189.67444444444448,762.0574999999999,184.0775,191.22142857142856,196.4775,185.62875,190.59375,L8
2015-06-05 10:05:41+00:00,199.158,189.099,764.1055555555555,182.75777777777776,189.5675,194.86111111111111,183.6577777777778,188.65555555555557,L7
2015-06-21 10:05:44+00:00,198.152,187.69,769.1311111111111,181.74777777777777,186.82250000000002,193.22444444444443,181.0911111111111,185.70555555555558,L7
2015-06-29 10:05:31+00:00,198.10454545454547,187.97454545454548,770.161,181.971,186.60000000000002,193.088,180.994,185.54500000000002,L8
2015-07-07 10:05:50+00:00,198.22545454545454,187.64636363636365,772.0344444444445,181.421,185.64625,192.04444444444445,179.75555555555556,184.654,L7
2015-07-15 10:06:05+00:00,198.00363636363636,187.65,775.91,180.624,184.47125,190.66666666666666,179.07888888888888,183.263,L8
2015-07-23 10:05:53+00:00,199.08,188.45416666666665,775.2439999999999,180.95909090909092,184.76333333333335,190.552,179.31599999999997,183.57363636363638,L7
2015-07-31 10:06:09+00:00,198.59666666666666,188.73833333333332,774.4,181.65666666666667,185.475,189.693,177.868,182.7718181818182,L8
2015-08-08 10:05:57+00:00,198.59666666666666,188.73833333333332,773.4175,182.39153846153846,185.475,189.693,178.32999999999998,183.3225,L7
2015-08-16 10:05:51+00:00,198.75307692307692,189.3384615384615,772.5523076923077,183.34642857142856,186.22454545454548,189.693,178.85583333333332,183.72307692307692,L8
2015-09-01 10:06:20+00:00,197.9257142857143,189.00642857142856,772.4971428571428,183.9406666666667,186.00083333333336,190.07545454545453,178.8846153846154,183.91428571428574,L8
2015-09-17 10:06:05+00:00,197.72,189.0413333333333,772.5253333333333,183.93125,186.0938461538462,190.04916666666668,178.80999999999997,183.874,L8
2015-10-03 10:06:33+00:00,197.885625,189.363125,771.83375,184.65117647058824,186.9157142857143,190.65076923076924,179.222,184.204375,L8
2015-10-19 10:06:10+00:00,197.90666666666667,189.79,771.57,185.820625,187.2242857142857,190.74692307692308,179.43333333333334,184.335,L8
2015-12-14 10:07:18+00:00,198.52181818181816,191.27818181818182,768.5675,188.45749999999998,188.86599999999999,192.12888888888887,181.01727272727274,185.8025,L7
2015-12-22 10:06:16+00:00,199.33363636363637,192.68636363636367,767.1716666666666,189.64333333333332,190.505,192.69625,182.5990909090909,187.64583333333334,L8
2016-02-08 10:06:32+00:00,197.2642857142857,192.42428571428567,765.4075,192.3385714285714,192.43857142857146,194.78000000000003,183.83142857142857,189.2342857142857,L8
2016-02-24 10:06:02+00:00,197.5742857142857,193.50571428571428,766.365,191.27142857142854,192.57,195.53666666666666,184.33428571428573,189.69571428571427,L8
2016-03-03 10:08:07+00:00,200.21285714285713,195.25,766.5262499999999,190.9842857142857,193.6214285714286,195.26999999999998,185.54,190.0471428571429,L7
2016-04-12 10:05:44+00:00,199.8216666666667,194.53166666666667,767.8728571428572,189.69500000000002,192.38,194.45200000000003,185.765,190.48333333333335,L8
2016-04-20 10:08:26+00:00,200.92333333333332,194.43166666666664,768.4500000000002,188.65333333333334,192.2166666666667,193.222,184.96666666666667,190.93800000000002,L7
2016-05-06 10:08:31+00:00,196.56428571428572,190.19714285714286,768.4500000000002,184.22571428571428,192.2166666666667,193.222,184.96666666666667,187.23000000000002,L7
2016-05-22 10:08:34+00:00,195.89374999999998,188.59625,770.0728571428572,182.525,190.05428571428573,191.23666666666668,182.40714285714284,185.25714285714284,L7
2016-05-30 10:06:11+00:00,195.89666666666665,188.55888888888887,771.1537500000001,182.60888888888888,189.35625000000002,190.74857142857144,181.38625,183.97875,L8
2016-06-07 10:08:39+00:00,196.36599999999999,188.55888888888887,771.1537500000001,182.962,188.38,189.56,180.02444444444444,182.7288888888889,L7
2016-06-15 10:05:50+00:00,196.72181818181818,189.182,772.67875,183.62545454545455,188.48200000000003,189.57333333333335,180.052,183.038,L8
2016-06-23 10:08:42+00:00,196.93090909090907,188.468,774.01125,182.27800000000002,187.45111111111112,189.528,178.789,181.58999999999997,L7
2016-07-01 10:05:59+00:00,197.08916666666664,188.70181818181817,774.6588888888889,182.4690909090909,187.50600000000003,189.5518181818182,178.86636363636364,181.96272727272728,L8
2016-07-17 10:06:06+00:00,197.35692307692307,189.16666666666666,774.0870000000001,183.45666666666668,187.99636363636364,189.8216666666667,179.32666666666668,182.4416666666667,L8
2016-07-25 10:08:44+00:00,197.99642857142857,189.60076923076923,774.4845454545455,184.17615384615385,188.09416666666667,189.8876923076923,179.42384615384614,182.78769230769228,L7
2016-08-02 10:06:09+00:00,198.06266666666667,189.89857142857142,774.3208333333333,184.46571428571428,188.20615384615388,189.93357142857144,179.57999999999998,183.05642857142857,L8
2016-08-10 10:08:45+00:00,197.98357142857142,189.94,775.2133333333333,184.16785714285714,187.73076923076923,189.41714285714284,179.165,182.61214285714283,L7
2016-08-18 10:06:37+00:00,197.98357142857142,189.94,774.4415384615385,184.16785714285714,187.73076923076923,189.41714285714284,179.165,182.61214285714283,L8
2016-08-26 10:08:48+00:00,197.61307692307693,188.84999999999997,773.4623076923077,183.85076923076923,187.90153846153848,188.6553846153846,178.4730769230769,181.90846153846152,L7
2016-09-03 10:06:20+00:00,196.94416666666666,188.17916666666665,772.6838461538463,183.3175,187.65166666666667,188.35166666666666,177.70666666666668,181.32916666666665,L8
2016-09-11 10:08:50+00:00,197.73692307692306,188.17916666666665,772.4857142857144,184.59,188.33846153846156,188.74384615384616,178.2569230769231,181.81230769230768,L7
2016-09-27 10:08:53+00:00,198.16142857142856,188.4653846153846,772.4857142857144,184.59,188.33846153846156,188.74384615384616,178.85642857142858,182.25785714285715,L7
2016-10-05 10:06:24+00:00,198.38333333333333,188.98142857142855,771.8700000000001,185.49928571428572,189.01142857142858,189.31714285714287,179.39666666666668,182.86533333333333,L8
2016-10-29 10:08:49+00:00,198.16857142857143,189.31692307692308,771.4835714285715,185.82923076923075,189.32250000000002,189.52583333333334,179.55384615384617,182.71,L7
2016-11-30 10:08:38+00:00,201.53,193.068,769.5423076923078,190.42199999999997,191.032,190.518,182.5725,185.52727272727273,L7
2016-12-08 10:06:26+00:00,201.54818181818183,193.20727272727274,769.0507142857143,191.17900000000003,192.768,192.303,184.2025,187.32454545454547,L8
2016-12-24 10:06:46+00:00,200.301,192.844,768.1292307692308,190.459,193.06199999999998,193.13888888888889,185.26,188.83,L8
2017-01-01 10:08:25+00:00,200.46444444444444,193.454,766.8876923076924,191.13444444444445,194.218,194.0666666666667,185.822,189.1788888888889,L7
2017-01-09 10:06:43+00:00,200.424,193.59545454545457,766.7607142857142,191.294,194.61818181818182,194.531,186.29818181818183,190.133,L8
2017-02-10 10:06:05+00:00,199.79125000000002,193.44375,764.3827272727272,192.41000000000003,197.50375000000003,197.57285714285715,189.23,193.08857142857144,L8
2017-02-26 10:06:00+00:00,199.67222222222225,193.35444444444443,765.571,192.94125000000003,197.3775,197.5275,188.70111111111112,193.01125000000002,L8
2017-03-14 10:06:16+00:00,198.85888888888888,193.42,765.6233333333334,192.08124999999998,197.52875,198.24875,189.0377777777778,194.07,L8
2017-03-22 10:08:20+00:00,198.85888888888888,193.5481818181818,766.191,191.4911111111111,196.91111111111113,197.79888888888888,188.544,193.67111111111112,L7
2017-03-30 10:06:07+00:00,198.51444444444445,193.74818181818182,766.48,191.625,197.003,197.775,188.707,194.23555555555558,L8
2017-04-07 10:08:25+00:00,199.38222222222223,194.40363636363637,767.1490909090909,190.324,196.397,197.73499999999999,188.5,194.28555555555556,L7
2017-04-15 10:05:35+00:00,199.359,194.26333333333332,767.7325000000001,189.82818181818183,195.74454545454546,197.32454545454542,188.08363636363637,193.71599999999998,L8
2017-04-23 10:08:32+00:00,200.01363636363638,194.14923076923077,767.7325000000001,189.42499999999998,194.7825,197.32454545454542,188.08363636363637,193.71599999999998,L7
2017-05-17 10:05:35+00:00,199.91181818181815,194.06153846153845,768.4953846153846,189.34416666666667,194.04384615384618,196.6933333333333,187.20583333333332,192.86363636363637,L8
2017-05-25 10:08:39+00:00,199.12249999999997,193.42857142857142,769.1757142857143,188.83076923076925,193.18142857142857,195.9523076923077,186.2023076923077,192.17083333333332,L7
2017-06-02 10:06:09+00:00,198.34692307692305,192.886,770.6642857142858,188.285,192.35266666666666,195.29142857142855,184.43307692307692,191.10076923076923,L8
2017-06-18 10:05:51+00:00,198.28846153846155,192.46533333333335,772.0007142857141,187.47642857142858,191.5,194.46214285714285,183.28615384615384,189.6523076923077,L8
2017-06-26 10:08:47+00:00,199.51923076923077,192.98533333333336,772.4815384615383,187.3942857142857,191.44,194.49615384615385,183.1525,189.0253846153846,L7
2017-07-04 10:06:19+00:00,199.3921428571429,192.62466666666666,773.4599999999999,187.24733333333333,190.73428571428573,193.99615384615385,183.00615384615384,188.82,L8
2017-07-12 10:08:48+00:00,199.875,192.57933333333332,774.5207692307691,186.79933333333332,189.83142857142857,193.48923076923074,181.90615384615387,187.72785714285715,L7
2017-08-05 10:06:31+00:00,199.87666666666667,192.643125,774.55,186.81625,189.85666666666665,193.37285714285713,181.87357142857144,187.71066666666667,L8
2017-08-13 10:08:44+00:00,199.87071428571429,205.099375,774.1464285714286,186.23466666666667,189.10500000000002,192.64538461538461,181.03538461538463,186.98714285714283,L7
2017-08-21 10:06:36+00:00,199.87071428571429,215.98588235294116,773.56,186.23466666666667,189.10500000000002,192.64538461538461,181.03538461538463,186.98714285714283,L8
2017-08-29 10:08:45+00:00,199.95923076923074,227.6405882352941,773.5120000000001,186.26733333333334,188.58615384615388,192.265,180.96846153846153,186.77214285714285,L7
2017-09-14 10:08:43+00:00,199.96166666666667,239.7370588235294,773.3373333333333,185.78785714285715,187.81916666666666,192.47333333333336,180.39166666666665,186.05615384615385,L7
2017-09-22 10:06:42+00:00,199.91692307692307,239.73117647058822,772.8580000000001,186.25214285714287,187.9908333333333,192.605,180.46166666666667,185.92000000000002,L8
2017-09-30 10:08:44+00:00,200.0023076923077,239.61588235294116,772.5713333333333,186.01285714285717,187.6641666666667,192.44583333333333,180.2725,185.66,L7
2017-10-08 10:06:24+00:00,199.4476923076923,239.21058823529413,772.1753333333334,186.70499999999998,187.77166666666668,192.3175,180.54916666666668,185.52846153846156,L8
2017-10-16 10:08:46+00:00,199.77692307692308,239.30352941176469,771.4726666666666,187.7607142857143,188.4525,192.69833333333335,180.8691666666667,185.79615384615383,L7
2017-10-24 10:06:50+00:00,199.27076923076922,239.50058823529412,771.10375,188.23642857142858,189.47000000000003,193.0823076923077,181.36769230769232,186.23857142857145,L8
2017-11-01 10:08:46+00:00,199.27076923076922,239.50058823529412,770.6858823529411,188.23642857142858,189.47000000000003,193.0823076923077,181.36769230769232,186.23857142857145,L7
2017-11-17 10:08:43+00:00,199.6291666666667,242.606875,769.7064705882353,189.09142857142857,189.86,193.35999999999999,182.38692307692307,187.18071428571426,L7
2018-01-04 10:08:15+00:00,202.43875,261.3558333333333,766.7,192.65888888888887,194.04125,196.04444444444445,185.20888888888888,190.76,L7
2018-01-20 10:08:01+00:00,202.61625,261.5625,765.6757142857143,193.71666666666664,195.6825,196.88777777777779,186.82111111111112,192.65900000000002,L7
2018-02-13 10:05:57+00:00,201.635,248.4754545454545,765.066923076923,193.04888888888888,195.03125,196.73444444444445,186.70666666666665,192.64000000000001,L8
2018-03-09 10:07:24+00:00,202.1533333333333,215.07799999999997,764.6781818181818,193.35888888888888,194.42111111111112,196.73444444444445,187.095,192.99333333333334,L7
2018-04-02 10:05:34+00:00,202.745,195.10875,766.2533333333333,194.6375,195.02375,197.1185714285714,188.31714285714287,194.04375,L8
2018-05-12 10:06:23+00:00,203.292,194.886,769.0066666666667,194.99,194.68,197.38,188.725,195.63599999999997,L7
2018-06-21 10:05:05+00:00,203.292,194.886,769.9900000000001,194.858,194.68,197.38,188.03333333333333,195.16249999999997,L8
2018-06-29 10:05:34+00:00,202.85666666666668,193.92499999999998,770.4,194.858,193.87666666666667,195.94400000000002,185.2075,192.612,L7
2018-07-07 10:05:14+00:00,201.86833333333334,192.92499999999998,771.1714285714286,194.09666666666666,192.02666666666664,194.76,184.484,190.532,L8
2018-07-15 10:05:15+00:00,201.35714285714286,192.67857142857142,771.9425,192.68714285714285,190.65714285714284,193.705,183.1,189.3166666666667,L7
2018-07-31 10:04:59+00:00,200.21,191.99,772.9971428571428,192.21333333333334,189.24833333333333,192.504,182.34,186.89333333333332,L7
2018-08-16 10:04:41+00:00,201.842,193.808,771.6485714285715,194.44400000000002,190.098,193.01,182.724,186.81599999999997,L7
2018-09-09 10:05:44+00:00,201.01000000000002,193.37199999999999,771.24375,194.128,191.31,193.218,182.9416666666667,187.17666666666665,L8
2018-10-11 10:05:57+00:00,200.756,193.892,769.81875,192.588,190.35,191.66,182.11833333333334,186.92999999999998,L8
2018-10-19 10:03:14+00:00,200.756,193.892,769.81875,192.588,190.35,191.66,183.37714285714287,186.92999999999998,L7
2018-10-27 10:06:26+00:00,200.22,194.49666666666667,769.1444444444445,193.98833333333334,191.79666666666665,193.545,184.55375,187.9042857142857,L8
2018-12-22 10:01:39+00:00,200.22,197.66285714285715,768.8549999999999,192.18166666666664,193.66000000000003,194.82285714285715,183.23777777777778,190.13375,L7
2018-12-30 10:06:00+00:00,200.128,199.08666666666667,767.6587499999999,192.64000000000001,194.29333333333332,195.59333333333333,184.84,192.49374999999998,L8
2019-01-07 10:01:10+00:00,200.08749999999998,200.18,766.43625,193.03166666666667,196.0666666666667,197.67,185.24625,194.0525,L7
2019-01-15 10:05:58+00:00,200.29999999999998,200.678,765.0,194.28666666666666,198.265,199.29666666666665,186.52375,195.16375,L8
2019-02-16 10:05:52+00:00,200.194,199.65666666666667,766.6975,194.29999999999998,198.0242857142857,199.07999999999998,186.4575,196.165,L8
2019-02-24 09:59:41+00:00,200.16666666666666,198.55714285714288,766.9455555555555,194.94375,197.97375,198.98000000000002,186.2711111111111,195.8111111111111,L7
2019-03-04 10:05:48+00:00,200.19714285714284,198.17375,767.125,194.59333333333333,197.64888888888888,198.68,186.054,195.49099999999999,L8
2019-03-12 09:59:10+00:00,199.87333333333333,198.44000000000003,767.409,194.1225,198.11666666666667,199.25875000000002,186.2788888888889,196.21444444444444,L7
2019-03-28 09:58:38+00:00,199.87333333333333,198.44000000000003,767.6100000000001,194.1225,198.11666666666667,199.25875000000002,186.2788888888889,196.21444444444444,L7
2019-04-05 10:05:39+00:00,199.87333333333333,198.05375,767.6566666666668,194.1225,197.71,198.77666666666667,186.2788888888889,196.21444444444444,L8
2019-04-29 09:57:29+00:00,200.88,197.46142857142857,768.039,193.345,198.06625000000003,198.77714285714288,183.67142857142858,195.86375,L7
2019-05-07 10:06:01+00:00,199.46333333333334,196.56875000000002,768.8181818181819,191.96,196.8311111111111,197.63375000000002,183.18375,194.80555555555554,L8
2019-05-23 10:05:47+00:00,199.06714285714287,196.2277777777778,769.38,191.0,195.86700000000002,196.68555555555557,182.54333333333332,193.918,L8
2019-05-31 09:56:16+00:00,197.795,194.406,769.38,189.13555555555556,195.86700000000002,196.68555555555557,182.54333333333332,193.918,L7
2019-06-08 10:05:55+00:00,197.56666666666666,193.93818181818185,770.0799999999999,188.794,194.98090909090908,195.937,182.00799999999998,193.04181818181817,L8
2019-06-16 09:55:42+00:00,197.917,193.5525,770.0799999999999,188.794,194.98090909090908,195.937,181.80363636363634,192.47333333333336,L7
2019-06-24 10:06:00+00:00,197.63363636363636,191.36166666666668,770.7276923076923,188.599,193.2881818181818,194.475,181.94,189.9608333333333,L8
2019-07-02 09:55:06+00:00,198.09,191.36166666666668,771.6584615384616,188.06900000000002,193.04833333333332,194.25090909090912,180.76727272727274,188.6933333333333,L7
2019-07-18 09:54:29+00:00,197.99454545454546,191.15,773.2241666666667,187.6588888888889,192.0,192.78555555555556,180.204,187.304,L7
2019-07-26 10:06:32+00:00,198.15666666666667,191.36083333333332,773.0584615384615,188.07,191.97727272727272,192.605,180.23,187.23909090909092,L8
2019-08-11 10:06:15+00:00,198.3423076923077,191.65846153846152,773.282142857143,188.63454545454545,192.0041666666667,192.52727272727273,180.35833333333335,187.285,L8
2019-08-19 09:53:10+00:00,198.22333333333336,191.4175,772.7321428571429,188.06,191.58818181818185,192.002,180.33,186.50272727272724,L7
2019-08-27 10:06:19+00:00,197.92999999999998,191.42166666666665,773.0246153846155,187.227,190.89,191.704,179.92545454545456,185.855,L8
2019-09-04 09:52:29+00:00,197.7072727272727,191.705,773.0207692307691,186.72,191.37,191.534,179.508,185.10444444444445,L7
2019-09-12 10:06:23+00:00,197.97833333333332,192.05769230769232,772.6946153846153,187.465,191.01727272727274,191.77272727272728,179.79545454545453,185.446,L8
2019-09-20 09:51:46+00:00,198.64615384615382,192.4007142857143,772.4442857142857,187.465,191.01727272727274,191.98916666666665,180.3841666666667,185.76818181818183,L7
2019-09-28 10:06:28+00:00,198.92785714285714,192.63400000000001,772.2528571428572,188.53909090909093,191.70666666666668,192.32,180.75153846153847,186.28333333333333,L8
2019-10-14 10:06:31+00:00,199.11666666666667,192.58399999999997,772.0428571428572,189.18416666666667,191.72,192.0553846153846,180.9457142857143,186.43307692307692,L8
2019-10-30 10:06:55+00:00,198.83466666666666,192.598,771.6853333333333,189.76307692307694,192.09923076923076,192.32285714285715,181.275,186.84307692307692,L8
2019-12-09 09:48:11+00:00,200.8018181818182,194.02499999999998,770.4369230769231,192.13,193.87272727272727,193.2408333333333,182.26333333333332,187.69909090909093,L7
2019-12-25 09:47:22+00:00,201.337,194.78545454545454,769.5807692307692,193.31400000000002,194.97545454545454,194.34583333333333,184.17727272727274,190.51100000000002,L7
2020-01-02 10:06:21+00:00,200.972,194.75166666666667,768.8369230769232,193.597,195.70636363636365,194.95416666666665,185.02727272727273,192.01,L8
2020-01-10 09:46:33+00:00,201.92,194.75166666666667,768.5864285714287,194.1936363636364,196.1291666666667,195.43923076923076,185.66083333333333,192.74363636363634,L7
2020-01-18 10:06:18+00:00,201.59,194.5023076923077,768.0664285714286,193.8125,195.8876923076923,195.6078571428571,185.55,192.77916666666667,L8
2020-01-26 09:45:46+00:00,200.93083333333334,194.04076923076926,767.8353846153847,193.09833333333336,196.2325,195.96384615384613,185.97166666666666,193.34181818181816,L7
2020-02-11 09:44:57+00:00,200.96363636363637,193.9416666666667,767.2123076923077,193.04416666666665,196.585,196.1653846153846,186.4425,193.7409090909091,L7
2020-04-07 10:06:11+00:00,200.66625,192.89624999999998,767.6233333333333,192.22899999999998,196.34555555555556,196.57777777777778,186.60333333333335,194.65555555555557,L8
2020-04-15 09:41:26+00:00,202.27875,194.2,768.0711111111111,191.52,196.12555555555556,196.51666666666668,186.26555555555558,194.59666666666666,L7
2020-04-23 10:05:40+00:00,202.12333333333333,194.1688888888889,768.88,190.96545454545455,195.21300000000002,195.082,185.768,193.88,L8
2020-05-17 09:39:30+00:00,200.0244444444444,192.13555555555556,770.4599999999999,190.391,195.05333333333334,193.83,183.954,191.786,L7
2020-05-25 10:05:35+00:00,199.11499999999998,191.97899999999998,771.1054545454546,189.77363636363634,194.16799999999998,193.3818181818182,183.19818181818184,190.93363636363637,L8
2020-06-18 09:37:37+00:00,199.11499999999998,192.1522222222222,770.4172727272727,190.52599999999998,194.01222222222222,193.29000000000002,183.149,190.799,L7
2020-06-26 10:05:52+00:00,198.508,191.9622222222222,771.1509090909091,189.24499999999998,192.9633333333333,192.108,181.60899999999998,189.034,L8
2020-07-12 10:05:59+00:00,196.9688888888889,192.00555555555556,772.0,187.55777777777777,191.2525,190.2277777777778,179.33888888888887,186.16,L8
2020-07-20 09:35:41+00:00,196.845,193.44111111111113,771.5540000000001,187.3,191.9025,189.85555555555553,178.72875,185.28375,L7
2020-07-28 10:06:04+00:00,197.92249999999999,194.31888888888886,771.0127272727274,188.8,192.22222222222223,190.07099999999997,179.0311111111111,185.56444444444443,L8
2020-08-13 10:06:07+00:00,197.93888888888887,194.219,771.2227272727273,188.05624999999998,191.59888888888887,189.624,177.9488888888889,184.80666666666667,L8
2020-08-21 09:33:40+00:00,198.597,194.2190909090909,771.0341666666667,187.92,191.5,189.59636363636363,177.605,184.625,L7
2020-08-29 10:06:40+00:00,198.6727272727273,194.23666666666668,770.5953846153845,188.51999999999998,191.83727272727273,189.8983333333333,178.09545454545454,184.94545454545457,L8
2020-09-06 09:32:37+00:00,198.6727272727273,194.23666666666668,770.0328571428572,188.51999999999998,192.07583333333332,190.05,178.09545454545454,184.94545454545457,L7
2020-09-14 10:06:22+00:00,198.69500000000002,194.09923076923076,769.728,189.0390909090909,192.08307692307693,190.3007142857143,178.33666666666667,185.16416666666666,L8
2020-09-30 10:06:26+00:00,198.96923076923076,194.145,769.4256250000001,189.99333333333334,192.77571428571426,190.87533333333334,179.30153846153846,185.75538461538463,L8
2020-10-08 09:30:33+00:00,199.3176923076923,194.18785714285713,768.824375,190.78166666666667,193.33928571428572,191.40466666666669,179.80076923076922,186.35230769230768,L7
2020-11-01 10:06:27+00:00,197.90666666666667,193.41923076923075,767.6726666666667,191.92545454545453,194.09692307692305,192.5557142857143,180.20000000000002,186.57416666666666,L8
2020-11-09 09:28:25+00:00,198.41461538461542,193.47214285714287,767.341875,191.4383333333333,194.20785714285714,192.66333333333333,180.32461538461536,186.77384615384614,L7
2020-11-17 10:06:50+00:00,199.74846153846153,194.75714285714284,765.97875,192.02692307692308,194.4453333333333,193.72466666666665,181.9092307692308,188.7476923076923,L8
2020-12-19 10:06:28+00:00,200.57461538461536,195.05142857142854,765.2193333333332,193.18384615384613,195.364,194.23799999999997,182.84307692307692,189.9061538461538,L8
2020-12-27 09:24:56+00:00,199.39384615384614,193.59071428571428,764.42,193.9175,195.25066666666666,194.31333333333333,182.9323076923077,190.12692307692308,L7
2021-01-04 10:06:23+00:00,199.50428571428571,193.5993333333333,764.7953333333334,194.24461538461537,195.42,194.5975,183.37214285714285,190.56571428571428,L8
2021-01-12 09:23:49+00:00,199.58153846153846,193.51571428571427,765.0726666666667,194.66846153846151,195.829375,194.98999999999998,184.32500000000002,190.79928571428573,L7
2021-01-20 10:06:40+00:00,199.58153846153846,192.67615384615385,765.1966666666666,194.9942857142857,195.945,195.02599999999998,184.66533333333334,191.39466666666667,L8
2021-02-13 09:21:29+00:00,198.79999999999998,192.3275,764.7653846153845,195.58666666666667,195.99333333333334,195.2364285714286,185.45,192.1346153846154,L7
2021-02-21 10:06:34+00:00,198.37083333333337,192.21166666666667,764.7123076923077,196.16166666666666,196.50199999999998,195.74571428571429,186.33923076923077,192.89230769230772,L8
2021-03-01 09:20:16+00:00,198.27454545454546,192.00999999999996,765.6123076923078,195.51416666666668,195.95999999999998,195.81714285714287,185.95384615384617,192.93384615384613,L7
2021-03-25 10:06:20+00:00,198.42818181818183,192.3272727272727,766.0533333333333,195.24333333333334,196.36642857142857,196.2907692307692,186.36461538461538,193.39076923076922,L8
2021-04-26 10:06:07+00:00,196.712,191.576,767.6272727272727,193.38090909090909,194.7907692307692,194.9433333333333,185.08166666666668,192.3466666666667,L8
2021-05-12 10:06:05+00:00,194.69222222222223,189.6,770.467,192.03300000000002,193.39916666666667,193.47818181818184,183.7709090909091,190.9118181818182,L8
2021-05-20 09:13:41+00:00,193.50444444444443,188.0822222222222,773.0989999999999,189.15699999999998,191.54666666666665,191.15272727272725,181.06727272727272,187.37545454545455,L7
2021-06-05 09:12:19+00:00,194.719,188.59,773.1818181818181,188.74909090909088,191.5476923076923,190.78833333333333,180.22166666666666,187.08916666666667,L7
2021-06-13 10:06:21+00:00,194.24909090909094,188.15363636363637,773.7291666666666,188.2458333333333,190.84785714285712,190.10000000000002,179.45769230769233,185.99615384615385,L8
2021-06-21 09:11:01+00:00,194.24454545454546,186.9318181818182,774.0333333333333,187.30090909090907,190.05357142857142,189.24692307692308,179.04692307692306,185.11,L7
2021-06-29 10:06:25+00:00,195.33727272727273,188.4172727272727,773.7030769230769,187.06833333333336,190.08571428571432,189.03384615384616,178.7,184.41230769230768,L8
2021-07-15 10:06:26+00:00,194.69636363636363,188.62818181818182,773.0583333333334,186.1390909090909,188.82692307692307,187.76583333333335,177.00250000000003,183.24916666666664,L8
2021-07-23 09:08:18+00:00,194.69636363636363,188.62818181818182,770.3833333333333,184.83,187.8925,187.76583333333335,176.74333333333334,182.59333333333333,L7
2021-08-08 09:06:54+00:00,195.5008333333333,189.29333333333332,769.4823076923077,184.83,188.49384615384616,188.12384615384616,176.74333333333334,182.59333333333333,L7
2021-08-16 10:06:41+00:00,195.78250000000003,188.885,769.0235714285715,184.71454545454546,187.20923076923074,187.14769230769227,176.1676923076923,182.85923076923078,L8
2021-09-17 10:06:49+00:00,194.85166666666666,188.05916666666667,768.8438461538462,183.39600000000002,185.82083333333333,185.61083333333332,174.82333333333335,181.545,L8
2021-10-03 10:06:54+00:00,194.9091666666667,188.07416666666668,767.6161538461539,184.25799999999998,185.87666666666667,185.48583333333332,174.73749999999998,181.38083333333336,L8
2021-10-11 09:01:16+00:00,194.61846153846153,187.73076923076923,767.6161538461539,184.25799999999998,185.87666666666667,185.48583333333332,174.73749999999998,181.7969230769231,L7
2021-10-19 10:06:34+00:00,194.61846153846153,187.73076923076923,767.0607142857143,184.25799999999998,185.87666666666667,185.48583333333332,174.73749999999998,181.7969230769231,L8
2021-11-13 10:05:11+00:00,195.83833333333334,188.66416666666666,762.7361538461538,186.89111111111112,187.9618181818182,186.61727272727273,175.86636363636364,183.17083333333335,L9
2021-11-18 10:07:15+00:00,196.80833333333337,189.77083333333334,760.4415384615385,190.00222222222223,189.85454545454547,188.57181818181817,178.33454545454546,186.11249999999998,L9
2021-11-20 10:06:52+00:00,197.11615384615385,190.15692307692308,760.3028571428571,191.06599999999997,190.81499999999997,189.2441666666667,179.03,187.01153846153846,L8
2021-12-06 10:06:30+00:00,196.48076923076923,189.93692307692305,759.7857142857143,191.79399999999998,191.04416666666668,189.87166666666667,180.31916666666666,187.71615384615384,L8
2021-12-30 08:53:40+00:00,198.5181818181818,192.77727272727273,757.5541666666667,193.83999999999997,192.6955555555556,191.49333333333334,182.702,190.61545454545455,L7
2022-01-07 10:06:22+00:00,198.5225,192.8358333333333,758.0507692307692,194.08333333333331,193.571,192.136,183.03545454545454,191.22166666666666,L8
2022-01-15 08:52:08+00:00,198.25750000000002,192.275,758.1669230769231,194.40444444444444,194.905,193.03000000000003,183.184,191.5672727272727,L7
2022-01-15 10:06:22+00:00,198.29153846153847,192.39307692307693,758.6028571428571,194.92,195.56545454545451,193.97181818181818,184.1518181818182,192.07333333333335,L9
2022-01-23 10:06:18+00:00,198.30214285714285,192.5842857142857,760.7007142857143,195.3472727272727,196.18916666666667,194.45666666666668,184.57818181818183,192.23416666666665,L8
2022-01-24 08:45:29+00:00,198.30214285714285,192.5842857142857,760.6233333333332,195.3472727272727,196.0953846153846,194.66538461538462,184.74750000000003,192.55615384615382,L7
2022-02-08 10:06:39+00:00,197.91071428571428,192.3842857142857,761.0046666666666,195.69666666666663,196.26923076923077,194.95076923076925,184.73615384615385,192.74571428571426,L8
2022-02-16 08:48:55+00:00,198.32714285714286,192.78769230769234,762.1273333333334,196.20833333333334,197.32769230769233,196.16923076923078,185.3153846153846,192.63642857142855,L7
2022-02-16 10:06:43+00:00,198.38733333333332,192.83571428571426,762.4868749999999,196.05153846153846,197.17142857142858,195.99142857142857,185.385,192.59333333333333,L9
2022-02-25 08:42:17+00:00,197.835625,192.83571428571426,762.4868749999999,196.05153846153846,197.17142857142858,195.99142857142857,185.385,192.59333333333333,L7
2022-03-13 08:40:43+00:00,197.835625,192.83571428571426,762.224705882353,195.08928571428572,196.89866666666666,195.944,185.3033333333333,192.91375,L7
2022-03-28 10:05:53+00:00,198.11375,193.28571428571428,762.0764705882352,195.5585714285714,197.21533333333335,196.182,185.62666666666667,193.0725,L8
2022-03-29 08:38:46+00:00,198.11375,193.28571428571428,761.6622222222221,195.5585714285714,196.64749999999998,195.659375,185.17125000000001,192.53529411764706,L7
2022-04-05 08:44:16+00:00,197.9,193.0676923076923,762.8499999999999,194.8857142857143,196.370625,195.39437499999997,184.624375,192.29176470588234,L7
2022-04-05 10:06:04+00:00,197.82437499999997,192.90714285714284,763.2721052631579,194.348,196.20705882352942,195.16764705882352,184.42176470588237,192.0622222222222,L9
2022-05-08 08:35:05+00:00,197.96812500000001,193.3892857142857,763.3315789473684,194.208125,195.9477777777778,194.71999999999997,184.205,190.69277777777776,L7
2022-05-13 08:40:44+00:00,197.85562499999997,193.0714285714286,764.4863157894737,193.84733333333332,195.81499999999997,194.61166666666668,184.09222222222223,190.4361111111111,L7
2022-05-15 10:06:04+00:00,197.54176470588234,192.96,764.444,193.63500000000002,195.52526315789473,194.30052631578948,183.7826315789474,190.16526315789474,L8
2022-05-23 10:05:38+00:00,196.51125,192.35142857142858,765.2368421052631,192.134,194.5727777777778,193.5961111111111,182.97222222222223,188.88944444444442,L9
2022-05-25 08:34:26+00:00,194.65941176470588,191.1566666666667,765.2368421052631,190.79062499999998,193.67052631578946,193.5961111111111,182.97222222222223,188.88944444444442,L7
2022-05-30 08:39:59+00:00,195.0938888888889,191.12,765.2368421052631,190.79062499999998,193.67052631578946,193.5961111111111,182.97222222222223,188.88944444444442,L7
2022-05-31 10:06:31+00:00,194.9442105263158,190.84470588235294,765.4825,190.3629411764706,193.26500000000001,193.2415789473684,182.39000000000001,188.11526315789473,L8
2022-06-08 10:05:40+00:00,194.80833333333334,190.87875,765.549,189.83294117647057,192.8215,192.79684210526315,181.5794736842105,187.09368421052633,L9
2022-06-11 08:33:32+00:00,195.48684210526315,190.87875,764.1014285714285,189.83294117647057,192.64428571428573,192.5985,181.43,187.094,L7
2022-06-16 08:39:03+00:00,195.731,191.11941176470586,762.8504545454545,190.01611111111112,192.68045454545455,192.57761904761904,181.61285714285714,186.9947619047619,L7
2022-06-16 10:06:19+00:00,195.49857142857144,190.98722222222221,763.1343478260869,189.68894736842105,192.33478260869563,192.22181818181818,181.0640909090909,186.43045454545455,L8
2022-07-10 10:05:57+00:00,194.654,190.13411764705884,762.7068181818181,189.44473684210524,191.87956521739133,191.80954545454543,180.09238095238095,185.47809523809525,L9
2022-07-18 10:06:23+00:00,194.9442105263158,190.355625,762.2252380952381,188.78222222222223,190.85227272727272,190.83666666666667,179.4157142857143,184.9933333333333,L8
2022-07-20 08:36:43+00:00,194.9442105263158,190.355625,760.3409090909091,188.78222222222223,190.9686956521739,190.83666666666667,179.4157142857143,184.9933333333333,L7
2022-07-26 10:06:07+00:00,194.99105263157895,190.31125,759.9876190476191,188.55333333333334,190.2290909090909,190.089,178.468,184.07800000000003,L9
2022-08-01 08:30:20+00:00,194.99105263157895,190.31125,758.0622727272727,188.55333333333334,190.2290909090909,190.089,178.468,184.07800000000003,L7
2022-08-03 10:06:58+00:00,194.99105263157895,190.6758823529412,757.2108695652175,188.55333333333334,190.52304347826086,190.23142857142858,178.468,184.07800000000003,L8
2022-08-06 08:35:20+00:00,194.99105263157895,190.6758823529412,756.2145833333334,189.22789473684213,191.025,190.4209090909091,178.468,184.4847619047619,L7
2022-08-11 10:06:18+00:00,195.1042105263158,190.96117647058824,755.7583333333333,189.23263157894735,190.99916666666664,190.31227272727273,178.3935,184.2004761904762,L9
2022-08-18 08:28:52+00:00,195.21833333333333,190.71588235294118,754.2691304347826,188.91470588235293,190.85086956521738,190.1147619047619,177.81473684210528,183.89749999999998,L7
2022-08-23 08:33:49+00:00,195.79421052631577,191.41944444444445,754.2691304347826,188.91470588235293,190.85086956521738,190.1147619047619,177.81473684210528,183.89749999999998,L7
2022-08-27 10:06:46+00:00,196.39105263157893,191.62105263157895,754.5845833333333,189.47944444444445,191.2433333333333,190.13909090909092,177.9575,184.12142857142857,L9
2022-09-04 08:26:53+00:00,196.9765,191.7185,754.6664,189.58526315789473,191.3892,190.10608695652172,177.95285714285714,184.13,L7
2022-09-04 10:06:40+00:00,197.1209523809524,191.83,754.9407692307692,189.886,191.56384615384616,190.0925,177.91727272727275,184.29521739130433,L8
2022-09-12 10:06:23+00:00,197.2472727272727,192.02,755.0234615384616,190.7345,191.69653846153844,189.98750000000004,177.83954545454546,184.0408695652174,L9
2022-09-20 10:06:47+00:00,197.37347826086958,191.95956521739134,755.9214814814815,190.4947619047619,191.47333333333333,189.9208,177.57521739130434,183.96541666666667,L8
2022-10-06 10:06:44+00:00,197.78227272727273,192.21227272727273,754.3191666666667,191.19578947368421,191.83416666666668,189.98590909090908,177.632,183.73380952380953,L8
2022-10-08 08:23:13+00:00,198.08956521739128,192.21227272727273,754.2116000000001,190.811,191.58520000000001,189.97652173913045,177.55857142857144,184.10000000000002,L7
2022-10-30 08:26:15+00:00,198.08956521739128,192.21227272727273,754.3926923076924,191.20857142857145,191.91576923076926,190.04291666666666,177.83409090909092,184.29304347826087,L7
2022-10-30 10:06:34+00:00,198.35166666666666,192.39652173913043,754.5370370370371,191.59454545454545,192.23,190.14399999999998,178.05652173913043,184.57791666666665,L9
2022-11-07 10:06:46+00:00,198.66708333333335,192.65521739130435,753.6866666666667,192.0027272727273,192.63851851851854,190.5928,177.94454545454545,186.45333333333335,L8
2022-11-11 08:18:47+00:00,198.6186956521739,192.5391304347826,752.9377777777778,192.0027272727273,192.31807692307694,190.50560000000002,178.12227272727273,186.41000000000003,L7
2022-11-15 10:07:00+00:00,199.00826086956525,192.7013043478261,752.7644444444444,192.42181818181817,192.73,190.716,178.41590909090908,186.68695652173915,L9
2022-12-03 08:21:22+00:00,201.6,194.3857894736842,752.4096153846153,194.54210526315788,194.04,191.1417391304348,179.00349999999997,187.6847619047619,L7
2022-12-25 10:06:31+00:00,201.7629411764706,194.665,752.4290909090909,196.32470588235293,195.4255,192.19250000000002,179.73,189.47058823529412,L8
2023-01-02 10:06:59+00:00,201.69111111111113,194.66052631578947,752.9152173913043,196.5061111111111,195.82095238095238,192.41238095238097,180.09588235294117,189.6794444444444,L9
2023-02-03 10:06:37+00:00,202.13750000000002,194.66625,759.0899999999999,196.81666666666666,196.735,193.0988235294118,181.29533333333336,190.53066666666666,L9
2023-02-09 08:09:06+00:00,201.83937500000002,194.08125,759.443125,196.61571428571432,196.694,193.05875,181.1657142857143,190.62285714285716,L7
2023-02-11 10:06:27+00:00,201.75882352941176,194.23705882352942,759.8329411764706,196.814,196.89374999999998,193.37117647058824,181.496,190.80666666666667,L8
2023-02-19 10:06:54+00:00,201.220625,194.100625,760.2558823529412,196.97875000000002,197.806875,193.97000000000003,182.82066666666665,191.478,L9
2023-02-27 10:06:11+00:00,201.00375,193.90437500000002,760.8188235294118,197.00875,197.2775,194.24705882352941,182.84466666666668,191.41933333333333,L8
2023-03-15 10:06:29+00:00,200.57857142857142,193.7357142857143,761.7773333333333,196.83285714285714,197.5207142857143,194.78133333333335,183.62769230769229,191.9753846153846,L8
2023-03-23 10:06:13+00:00,200.61357142857142,193.99928571428572,761.044,197.68923076923076,198.59571428571425,195.20666666666665,184.61666666666667,192.7,L9
2023-04-11 08:03:49+00:00,200.29,193.8,762.4028571428571,197.965,198.74769230769232,195.4542857142857,184.67999999999998,191.94499999999996,L7
2023-04-16 08:07:56+00:00,200.52714285714288,193.97133333333335,763.1686666666667,197.35384615384615,198.48000000000002,195.07399999999998,184.60166666666666,191.54999999999998,L7
2023-04-16 10:05:40+00:00,200.112,193.78062500000001,764.03875,196.63642857142855,197.92200000000003,194.670625,184.19,191.10428571428568,L8
2023-05-02 10:05:36+00:00,198.964,193.105625,765.5433333333333,195.0523076923077,196.42642857142854,194.36466666666666,183.58833333333334,190.18615384615384,L8
2023-05-03 08:01:55+00:00,199.26375000000002,193.105625,765.82625,195.4257142857143,196.4793333333333,194.456875,183.67923076923077,189.97357142857143,L7
2023-05-10 10:06:11+00:00,198.32500000000002,192.832,770.36,194.41428571428574,196.0442857142857,194.36285714285714,182.99384615384616,188.2657142857143,L9
2023-05-25 07:59:44+00:00,197.663125,192.03933333333333,771.1333333333334,192.43785714285715,195.66153846153844,194.39384615384614,182.0946153846154,187.26428571428573,L7
2023-05-26 10:06:00+00:00,196.99588235294118,191.26125000000002,771.781875,191.61266666666668,194.55785714285713,193.33714285714285,180.78571428571428,186.15400000000002,L9
2023-06-11 10:05:55+00:00,196.4938888888889,190.85000000000002,771.835625,191.079375,193.97733333333335,192.85666666666665,180.21,185.97250000000003,L9
2023-06-27 10:05:54+00:00,196.20222222222222,190.55941176470589,771.8705882352942,190.29125,193.11133333333333,191.994,179.824375,185.8629411764706,L9
2023-07-05 10:05:47+00:00,195.82444444444445,190.39000000000001,772.3135294117646,189.77624999999998,192.01133333333334,191.32333333333332,179.15125,185.3764705882353,L8
2023-07-08 07:52:57+00:00,195.82368421052632,190.51111111111112,772.0061111111112,189.5311764705882,192.3075,191.1275,178.52235294117648,185.3764705882353,L7
2023-07-13 10:05:44+00:00,195.6535,190.49736842105264,772.0221052631579,189.50055555555554,192.05176470588236,190.88529411764705,178.16333333333333,185.36166666666668,L9
2023-07-21 10:05:50+00:00,195.93809523809523,190.7105,771.7695,189.85052631578947,192.43166666666667,190.795,178.15157894736842,185.4884210526316,L8
2023-07-29 10:05:47+00:00,196.13227272727272,190.92666666666668,771.3838095238095,190.188,192.4078947368421,190.73157894736843,178.1765,185.585,L9
2023-07-30 07:48:23+00:00,196.4295652173913,191.07500000000002,770.4954545454547,190.57095238095238,192.5165,190.79,178.01238095238097,185.5795238095238,L7
2023-08-06 10:05:59+00:00,196.2713043478261,190.85318181818184,770.6272727272727,190.1242857142857,191.82850000000002,189.959,177.23285714285717,185.05714285714285,L8
2023-08-14 10:05:54+00:00,196.30590909090907,190.8152380952381,770.4936363636364,189.9904761904762,191.6485,189.51500000000001,176.78095238095239,184.7752380952381,L9
2023-08-22 10:06:07+00:00,196.31318181818185,190.71428571428572,770.4845454545455,189.84238095238092,191.294,188.8435,175.87285714285713,184.29238095238094,L8
2023-08-26 07:46:57+00:00,196.64913043478262,190.90545454545455,770.4845454545455,189.84238095238092,191.294,188.8435,175.87285714285713,184.29238095238094,L7
2023-08-30 10:06:04+00:00,196.71652173913043,191.01090909090908,770.3004545454546,189.6747619047619,191.353,188.593,175.7357142857143,184.28238095238098,L9
2023-09-07 10:06:06+00:00,196.88749999999996,191.19434782608695,770.053043478261,190.12681818181818,191.61238095238093,188.68142857142857,175.87363636363636,184.44090909090912,L8
2023-09-15 10:06:36+00:00,196.4841666666667,190.96173913043478,769.8747826086958,190.5568181818182,191.58190476190475,188.60095238095238,175.7981818181818,184.42454545454547,L9
2023-09-23 10:06:12+00:00,196.4466666666667,190.98217391304348,769.6478260869566,190.84869565217394,191.22190476190477,188.39523809523808,176.00782608695653,184.2527272727273,L8
2023-09-27 07:47:51+00:00,196.75920000000002,191.16833333333332,768.3470833333334,191.0575,191.405,188.45818181818183,175.98416666666665,184.98739130434782,L7
2023-10-01 10:06:35+00:00,196.9092307692308,191.3736,767.9872,191.3616,191.60434782608698,188.57782608695652,176.22439999999997,185.14374999999998,L9
2023-10-09 10:06:41+00:00,196.7930769230769,191.5196,767.5884,191.7832,192.13000000000002,188.7095652173913,176.5356,185.55625,L8
2023-10-19 07:41:45+00:00,196.61291666666662,191.30583333333334,766.57875,192.06875000000002,192.01681818181817,188.68045454545452,176.08124999999998,185.7839130434783,L7
2023-11-18 10:06:21+00:00,197.36045454545456,191.99,765.3436363636364,192.74181818181816,192.71142857142857,188.92285714285714,176.16454545454545,186.91380952380953,L9
2023-12-20 10:06:52+00:00,198.911,193.5790476190476,763.6935,195.3105,194.271,189.987,177.7285,189.17684210526315,L9
2024-01-13 10:06:16+00:00,200.32823529411763,194.26777777777775,762.2023529411764,197.14823529411765,195.93823529411765,191.07411764705884,179.49588235294118,190.27470588235295,L8
2024-01-21 10:06:22+00:00,199.90411764705883,194.25666666666666,762.1129411764706,197.35235294117646,196.04117647058823,191.47882352941176,180.02176470588233,190.8594117647059,L9
2024-01-29 10:06:10+00:00,199.434375,194.28823529411764,762.94875,197.485625,196.714375,191.764375,180.72875,191.46187500000002,L8
2024-02-14 10:06:36+00:00,199.47266666666667,194.53,762.1740000000001,197.94866666666667,197.634,192.84866666666667,182.90466666666669,192.25666666666666,L8
2024-02-22 10:06:13+00:00,199.05714285714288,194.59466666666668,762.2873333333333,197.94133333333335,197.91666666666666,193.28266666666667,183.67533333333333,192.89933333333335,L9
2024-03-17 10:06:20+00:00,199.68166666666664,195.12923076923076,761.6930769230769,197.7923076923077,198.64076923076922,194.22153846153844,184.9030769230769,194.27153846153848,L8
2024-04-10 10:06:05+00:00,198.26555555555555,194.494,765.0229999999999,196.643,199.32999999999998,195.193,187.1833333333333,195.51777777777778,L9
2024-04-26 10:06:09+00:00,197.81799999999998,194.55599999999998,766.322,196.239,199.73899999999998,195.184,187.38555555555556,194.75444444444446,L9
2024-05-04 10:05:51+00:00,197.1981818181818,194.10181818181817,767.1454545454545,195.1518181818182,198.68999999999997,194.35363636363635,186.007,193.198,L8
2024-05-12 10:05:42+00:00,196.5858333333333,193.74749999999997,767.8433333333332,194.58,197.74666666666667,193.74166666666667,185.25454545454545,192.48000000000002,L9
2024-05-28 10:05:53+00:00,195.67166666666665,192.82416666666666,769.1966666666667,193.2275,195.49166666666667,192.34833333333333,183.9209090909091,190.31272727272727,L9
2024-06-05 10:05:13+00:00,195.2923076923077,192.29692307692306,769.88,192.47384615384615,194.74076923076925,191.78384615384616,182.79583333333335,188.915,L8
2024-06-13 10:05:48+00:00,194.9192857142857,191.90071428571426,770.3985714285716,191.90714285714284,194.09785714285712,191.17857142857142,182.0853846153846,188.16923076923078,L9
2024-07-07 10:05:53+00:00,194.60214285714284,191.58785714285713,771.1257142857143,191.04714285714286,193.04785714285714,190.50428571428574,180.97615384615386,186.8869230769231,L8
2024-07-15 10:05:34+00:00,194.34285714285716,191.35214285714284,771.6992857142857,190.53285714285715,192.26857142857142,189.9828571428571,180.21307692307693,186.21923076923076,L9
2024-07-23 10:05:44+00:00,194.67714285714285,191.27285714285716,772.2971428571428,190.17142857142858,191.6807142857143,189.5092857142857,179.50615384615384,185.4515384615385,L8
2024-07-31 10:05:37+00:00,194.96357142857144,191.15928571428572,772.5592857142857,189.96928571428572,191.05214285714285,189.12928571428571,179.05538461538464,185.0938461538462,L9
2024-08-08 10:05:40+00:00,195.28466666666665,191.39933333333335,772.4086666666666,190.47133333333335,191.08666666666667,189.15733333333336,179.04928571428573,185.28285714285715,L8
2024-08-24 10:05:53+00:00,195.0107142857143,191.15785714285715,773.4321428571429,190.20857142857145,189.905,188.26857142857142,176.80846153846153,184.09,L8
2024-09-01 10:05:53+00:00,195.29933333333332,191.34466666666668,772.9986666666666,190.67,190.26466666666664,188.37866666666665,176.88785714285714,184.33214285714286,L9
2024-09-09 10:06:25+00:00,195.409375,191.394375,772.735625,190.97125,190.52124999999998,188.47875,176.92266666666666,184.5546666666667,L8
2024-09-17 10:05:57+00:00,195.47500000000002,191.445625,772.690625,191.105,190.37187500000002,188.253125,176.64600000000002,184.10933333333335,L9
2024-09-25 10:06:24+00:00,195.41470588235296,191.58470588235295,772.4582352941177,191.42588235294116,190.8488235294118,188.43000000000004,176.78125,184.349375,L8
2024-10-11 10:06:07+00:00,195.89705882352942,191.92058823529413,772.1317647058823,192.3170588235294,191.1605882352941,188.61470588235295,177.1370588235294,184.6958823529412,L8
2024-11-04 10:06:14+00:00,196.48875,192.13375,771.3,193.328125,191.475625,189.016875,177.655625,185.423125,L9
2024-11-28 10:06:44+00:00,197.624,192.8273333333333,769.9813333333334,194.64466666666667,193.25933333333333,190.142,178.38466666666667,186.75466666666668,L8
2024-12-14 10:06:08+00:00,198.85928571428573,193.85857142857145,768.5914285714285,196.16357142857143,194.5357142857143,191.17214285714286,179.62928571428571,188.58357142857145,L8
2024-12-30 10:06:11+00:00,198.55200000000002,193.68066666666667,768.3393333333332,195.87933333333334,194.64866666666668,191.4073333333333,179.9453333333333,189.07,L8
2025-01-15 10:06:13+00:00,198.73571428571427,193.94071428571428,767.5628571428572,196.76642857142858,195.70071428571433,192.14857142857142,181.11999999999998,189.95,L8
2025-02-16 10:06:07+00:00,198.3575,193.89,766.6575000000001,197.1158333333333,196.74833333333333,192.94916666666666,182.1208333333333,190.75666666666666,L8
2025-02-24 10:06:15+00:00,197.87416666666664,193.73083333333332,766.5383333333333,197.03916666666666,197.03,192.99833333333333,182.58833333333334,191.01666666666668,L9
2025-03-04 10:05:59+00:00,197.6016666666667,193.755,766.6158333333334,196.94000000000003,196.90916666666666,193.11333333333334,182.99166666666667,191.20583333333335,L8
2025-03-20 10:05:49+00:00,197.07181818181817,193.4409090909091,767.1318181818183,196.16636363636363,196.75272727272724,193.01272727272726,183.33727272727273,191.40999999999997,L8
2025-05-07 10:05:55+00:00,196.55666666666664,192.99333333333334,768.1855555555554,194.76,195.63666666666666,192.54,182.8988888888889,190.88888888888889,L8
2025-05-31 10:05:58+00:00,195.28777777777776,192.19111111111113,769.9233333333333,193.2288888888889,194.08555555555554,191.09333333333333,181.55666666666667,188.55555555555554,L9
2025-06-08 10:05:39+00:00,194.81,191.256,771.183,192.022,192.89499999999998,189.81199999999998,179.947,186.85899999999998,L8
2025-06-24 10:06:15+00:00,194.10999999999999,190.923,772.08,191.446,191.904,189.28900000000002,179.001,185.852,L8
2025-07-02 10:05:51+00:00,194.56199999999998,190.904,773.247,191.186,191.272,188.538,178.168,184.852,L9
2025-07-10 10:05:54+00:00,194.91636363636363,190.9909090909091,773.2445454545455,191.3590909090909,191.16636363636363,188.4909090909091,177.97272727272727,184.91272727272727,L8
2025-07-18 10:05:57+00:00,194.99454545454546,191.01000000000002,773.3963636363637,191.05454545454543,190.41272727272727,187.70454545454547,176.8972727272727,184.22545454545454,L9
