,dates,usa_CA_0021-0000,usa_CA_0021-0001,usa_CA_0021-0002,usa_CA_0021-0003,usa_CA_0021-0004,usa_CA_0021-0005,usa_CA_0021-0006,usa_CA_0021-0007,usa_CA_0021-0008,usa_CA_0021-0009,usa_CA_0021-0010,usa_CA_0021-0011,usa_CA_0021-0012,usa_CA_0021-0013,usa_CA_0021-0014,usa_CA_0021-0015,usa_CA_0021-0016,usa_CA_0021-0017,usa_CA_0021-0018,usa_CA_0021-0019,usa_CA_0021-0020,usa_CA_0021-0021,usa_CA_0021-0022,usa_CA_0021-0023,usa_CA_0021-0024,usa_CA_0021-0025,usa_CA_0021-0026,usa_CA_0021-0027,usa_CA_0021-0028,usa_CA_0021-0029,usa_CA_0021-0030,usa_CA_0021-0031,usa_CA_0021-0032,usa_CA_0021-0033,usa_CA_0021-0034,usa_CA_0021-0035,usa_CA_0021-0036,usa_CA_0021-0037,usa_CA_0021-0038,usa_CA_0021-0039,usa_CA_0021-0040,usa_CA_0021-0041,usa_CA_0021-0042,usa_CA_0021-0043,usa_CA_0021-0044,usa_CA_0021-0045,usa_CA_0021-0046,usa_CA_0021-0047,usa_CA_0021-0048,usa_CA_0021-0049,usa_CA_0021-0050,usa_CA_0021-0051,usa_CA_0021-0052,usa_CA_0021-0053,usa_CA_0021-0054,usa_CA_0021-0055,usa_CA_0021-0056,usa_CA_0021-0057,usa_CA_0021-0058,usa_CA_0021-0059,usa_CA_0021-0060,usa_CA_0021-0061,usa_CA_0021-0062,usa_CA_0021-0063,usa_CA_0021-0064,usa_CA_0021-0065,usa_CA_0021-0066,usa_CA_0021-0067,usa_CA_0021-0068,usa_CA_0021-0069,usa_CA_0021-0070,usa_CA_0021-0071,usa_CA_0021-0072,usa_CA_0021-0073,usa_CA_0021-0074,usa_CA_0021-0075,usa_CA_0021-0076,usa_CA_0021-0077,usa_CA_0021-0078,usa_CA_0021-0079,usa_CA_0021-0080,usa_CA_0021-0081,usa_CA_0021-0082,usa_CA_0021-0083,usa_CA_0021-0084,usa_CA_0021-0085,usa_CA_0021-0086,usa_CA_0021-0087,usa_CA_0021-0088,usa_CA_0021-0089,usa_CA_0021-0090,usa_CA_0021-0091,usa_CA_0021-0092,usa_CA_0021-0093,usa_CA_0021-0094,usa_CA_0021-0095,usa_CA_0021-0096,usa_CA_0021-0097,usa_CA_0021-0098,usa_CA_0021-0099,usa_CA_0021-0100,usa_CA_0021-0101,usa_CA_0021-0102,usa_CA_0021-0103,usa_CA_0021-0104,usa_CA_0021-0105,usa_CA_0021-0106,usa_CA_0021-0107,usa_CA_0021-0108,usa_CA_0021-0109,usa_CA_0021-0110,usa_CA_0021-0111,usa_CA_0021-0112,usa_CA_0021-0113,usa_CA_0021-0114,usa_CA_0021-0115,usa_CA_0021-0116,usa_CA_0021-0117,usa_CA_0021-0118,usa_CA_0021-0119,usa_CA_0021-0120,usa_CA_0021-0121,usa_CA_0021-0122,usa_CA_0021-0123,usa_CA_0021-0124,usa_CA_0021-0125,usa_CA_0021-0126,usa_CA_0021-0127,usa_CA_0021-0128,usa_CA_0021-0129,usa_CA_0021-0130,usa_CA_0021-0131,usa_CA_0021-0132,usa_CA_0021-0133,usa_CA_0021-0134,usa_CA_0021-0135,usa_CA_0021-0136,usa_CA_0021-0137,usa_CA_0021-0138,usa_CA_0021-0139,usa_CA_0021-0140,usa_CA_0021-0141,usa_CA_0021-0142,usa_CA_0021-0143,usa_CA_0021-0144,usa_CA_0021-0145,usa_CA_0021-0146,usa_CA_0021-0147,usa_CA_0021-0148,usa_CA_0021-0149,usa_CA_0021-0150,usa_CA_0021-0151,usa_CA_0021-0152
0,1984-03-23 17:50:13+00:00,258.4507317171529,255.56187536406804,246.56309565974314,240.90912225340662,247.3315273418655,239.59806796342164,234.40061875263385,234.5343458712996,247.3918026499594,245.90843128599795,246.50562596843946,241.48922838483185,232.4688123074202,221.90593297740747,220.0996462907217,225.36570439578918,220.6228854064273,226.4473696727405,238.61577263832567,230.1554323369797,224.48292368570048,217.7802655633717,217.17135149845,219.15211828779834,213.50768770993292,205.10381739362333,228.06033745037467,237.73871929979532,245.89049762110915,235.48284115784384,230.24363125574348,220.62195768412118,219.87876328251056,221.1567381481001,227.56684400671782,227.9901684796127,221.46843181862585,227.03994442856782,226.98039030898227,217.33664953520793,221.91905198592636,204.2658428985872,198.39251882348964,205.1534744704452,202.73808376714416,190.20860494902195,206.8770082284571,205.09626262448162,210.10626238366478,207.15576241006454,210.5870051010354,219.7555062041459,233.8614626120472,239.10151683299262,235.53674441363046,238.85436645919089,253.81695411713855,248.06536252570666,246.01990517179107,238.577331642903,249.41382416851303,243.97749571629296,241.41070948500987,287.3717996349395,286.53608220581737,273.8541975728657,277.6401039634994,263.24314624327843,264.16047125682974,265.34837959549014,255.12009812913914,265.19219498986297,272.3187209947141,292.46948689493234,286.05911168028575,284.0232946622252,281.12808934932275,266.7834384529126,259.47695588632325,259.4174916833491,272.41297142214154,283.31865278686575,291.5860881918675,292.88016962247946,287.66417231690843,276.21933844310297,274.67913393188434,268.18445969955246,259.57769264937133,243.86506064034182,236.78916203038395,227.37431316138796,238.4559156123227,235.3697951466293,222.60862008058226,225.3396769909776,228.13965656704596,234.563360768555,236.8979892091955,240.95247444830704,231.83702420071592,,322.08703976695443,282.9024311291334,263.3908681544142,243.9325637725031,228.3896819472289,218.69781781710105,256.94483741951547,250.47840380569934,249.85830403876076,240.0158500679705,242.1160034153276,237.33401989214784,243.41915580677744,232.909926961181,216.30995784471662,216.57413238282155,232.13362175748952,236.01339024805037,219.7167069840797,215.99516562455756,208.41027293307974,201.5609836000371,205.11149705338457,205.79257400666864,206.35698144863943,201.67092726751164,201.24692046985996,197.9905047661924,196.2645871492849,199.68845691514167,201.79029449003758,205.4013696487221,218.6140111351217,224.26219855537028,225.08353290859395,231.53918254146737,224.94045983302263,218.77430905175504,219.53363250543796,221.19939424859388,218.89431437526426,209.91691456094424,210.43549016724194,221.16495757221008,221.92119684291288,216.3364596253283,232.40115718253372,229.30229391105775,222.40435677552844,209.94824684200165,198.16166166141858
1,1984-04-27 17:55:52+00:00,,,,,,,,,,,,,,,,,,,,,,,,,,,,,,,,,,,,,,,,,,,,,,,,,,,,,,,,,,,,,,,,,,,,,,,,,,,,,,,,249.85139597365963,251.02556847708294,256.96674327965917,278.5948548199766,277.369961879625,272.3752302384938,260.6915824098067,265.1668453059183,265.60775360122454,242.16548763945428,231.28811867587962,216.96119210524313,220.20928905061027,222.17769618758336,220.85586021575338,207.61028629518526,200.3765375895482,209.4293782613807,214.67830726421755,217.47142220362667,222.73129621155914,208.53625903560615,,305.00059736183323,266.02644069563166,247.72279854025996,222.79870695870795,223.04520401827855,209.25915756521155,229.80343755750715,230.440366572989,235.63617563641688,229.25719308370094,229.99484396343448,231.3222861627557,237.44382189556993,228.31969151966936,210.40596145517446,210.97662494660767,216.46222320972916,208.586710540013,199.67078492802324,191.62950950862506,189.55086492873437,185.5770404642858,184.76773491097367,194.64547851418808,195.28912943122924,186.30959382319787,187.29188158223621,185.04216156199146,186.68288715358224,190.04441335761067,193.51201254032785,202.9740792745139,209.0372747120863,209.01817415487264,212.2973064141661,216.92845045237397,209.71091670102274,204.3739637632423,210.62913344813506,211.3123612956993,199.71983937639212,193.92866805105746,194.54213810689356,200.63117478191248,200.03814182620215,206.4018898103126,202.2423540619769,205.91925562083787,205.39649207090895,191.50815997537137,184.89613548099683
2,1984-05-06 17:49:52+00:00,257.5091880563259,254.82894151984848,250.06143930076274,243.2891978794092,239.43316986606627,242.62948983000342,237.35178485403696,245.3296876209509,244.56633795572594,244.72354543465713,236.16710137487027,233.50982845739927,220.50146654796384,212.16435125184879,213.33304700341233,213.2166925525549,209.13075414689376,221.0118149628038,231.83763986231264,225.2553892096828,215.08763445348345,210.35008506303677,219.82879415317484,215.0199373277943,213.79961921234414,205.01994585331474,229.37596237292158,236.69521620810633,231.3203477208869,226.99093506150018,223.67146749853075,212.71897661886237,216.8313275660471,210.1118718885404,226.74774060526906,217.4984436225517,218.62533149993197,227.63543677497876,226.86798076438225,219.31735997652842,221.31277868519322,197.90602129445983,197.5503732287824,199.69189263467183,198.87143107564765,198.38815024633075,200.54091562006977,203.1047162928797,206.3438096079131,205.22624099703307,208.15716900078547,219.17381162234636,228.81959663623599,235.78822727516354,233.37468511126832,247.14375979732336,246.32190596524728,247.34105483766768,239.81173732163165,240.9642929110447,242.20757091894103,249.135232294476,244.36013862241487,287.6778516524705,277.8743844486962,271.8108467082496,272.92443390650067,259.7589540929065,266.14583587546826,266.80395576426565,266.03648740117853,261.85565671042974,274.16983326058886,290.5681874367305,283.03866470388766,280.6173997581197,275.9693532047969,264.577466530663,265.9353635299568,259.45235814131615,270.5230638558039,283.95859128528525,291.85161869881415,293.13064353080756,289.86718434677914,279.6080088909383,270.1305681652977,274.73036573919126,259.22365095572803,242.4910645368066,231.8316012702031,231.73672392165392,232.57565691627553,235.51737110347761,219.36962963516555,216.40565910487737,222.27244949094546,225.15288281572685,232.5292920064959,231.58097782013,224.62778120592765,,326.4651090894182,285.08914851849465,262.0495683346153,242.4884445872326,225.88632119154738,217.5427841756802,252.25343373879267,251.6471325726436,253.53405982222736,244.32272194982852,257.6278508034834,254.70627236485936,249.78379146081323,232.99891887380412,223.08703218113322,221.8336699143352,226.18091396325724,227.99560819525232,211.28817149138166,203.6754627252669,198.61442995004117,201.1735936199587,201.4604234001826,208.4305831803664,209.7519211109651,190.43284739171025,198.61204804961153,200.03063465596853,196.28457605074317,199.44315571722018,205.027375855369,214.15268159479336,218.97433010983684,219.70604639338742,224.1770247382525,238.97606643459235,231.25529061131303,221.98255803361104,219.3724127443303,218.72181031483197,210.24485266155608,206.95591671246683,208.4907878175993,210.85430433866085,213.27234199890415,208.63531105375506,212.75343240272807,211.98119172179125,214.80652742662534,206.94075608370224,204.5324668135305
3,1984-06-07 17:50:43+00:00,255.53013631741325,249.5584275630326,243.00660330232984,246.3276141005952,248.0464016024971,250.10906994190202,242.38791051655676,250.745733292813,247.71405997714476,248.50963190170017,242.13899118042752,239.10739548382173,225.1456819206815,217.699567474638,214.57110006110105,219.1370474246981,221.3773403028622,220.60104500709213,233.98931946501335,221.01959480866788,216.60445026665303,214.91491468128186,220.53394751543232,215.2474075831088,223.93896847218346,219.29806142670273,226.46108465952852,236.8824487787934,244.97979605153745,237.02680206071625,234.7311021008957,224.8166132779524,231.18227460483516,227.40118700606877,229.2953607084773,225.33879512324245,225.42528232782416,224.34435722838737,217.19457631673612,213.5809966553597,218.29506797743562,201.47920983141813,206.4257352946457,210.2825686809398,211.31448022494985,206.18226273774033,202.19875128896035,207.03592339922778,208.09043295403376,207.04521596601495,212.94160569958606,224.15621564439567,236.51742922506588,241.0935772197049,238.1297801375233,247.55242405623014,240.59014861334475,242.16824074075055,233.54363863149405,237.53637019450196,242.08687486659687,254.5732486652749,244.02010077427693,290.2957657487399,285.54287260093275,282.4325364461637,283.15793703691315,273.24888883483527,275.60700809975975,276.30072855383,268.62362963004415,260.1458870082378,273.1268537721004,281.4030302604616,281.69399711207086,277.9175402684366,283.29087814625257,275.9148499766077,275.9734038639938,261.47013334383837,269.58601342233453,275.95787994650425,287.98517360416855,292.35443043055466,291.0304827863364,284.5273103259556,280.6608458716138,281.5171830005105,260.78173564995075,251.73378489552695,236.92083501358977,233.02047722340018,234.6494966798609,237.18866122773036,233.26247528256428,227.51610891114478,231.2507057336345,232.56098604406725,237.80890190420553,237.36959571489655,227.46516188263865,,323.7034492218802,287.02707415924476,266.10451712612917,244.56749742968753,227.3463612327352,,260.40078361133993,248.60619842365958,250.2029084020204,249.95312662166873,246.70302786800755,240.7449447617286,250.78577137089124,242.61284875577638,233.5857020695943,230.1305759094863,235.43540142814132,231.54693298272576,222.14105817761447,214.80612404018677,206.91682944380216,204.71439639057172,201.12844905846777,209.20532951341846,209.4019822309781,205.15168425319723,201.57638075519486,201.21257629330415,200.22806760436802,201.55138915592704,207.09082261321532,219.93598978764282,222.52283220379155,229.63640075717444,228.1786747666036,233.68891703311812,227.29359465903363,220.45561431812567,222.81772342372585,223.1156832967598,217.79577274765808,212.78792654541832,213.25412131679877,216.21009509772412,211.75082596367093,223.0782301379254,217.83595587811638,227.9615822013783,221.70596270808082,211.3010481417013,204.40865303721552
4,1984-06-23 17:50:58+00:00,252.4242304205473,250.3162086824134,241.1812784764016,240.53374852349054,239.33149932123075,241.4025907796767,236.16588008329396,242.22866833819324,245.48745515080014,238.85646220839953,236.54384036596826,229.72487126967627,222.56150679113392,214.0835749672602,210.87019282369016,212.19472709050402,217.67781862933703,218.9557902197419,232.53109075674774,223.01758881571726,213.44067741234244,206.7034172312404,208.55161976402294,214.60874480722043,213.82375445390076,216.26744340601832,222.0787191528217,231.40076817431728,235.49188776457942,227.22563035041696,219.95225047040907,217.67431927084118,215.79478550155008,217.8885330951373,214.44707310748612,212.7161939895622,217.3657662128258,224.98188898452844,213.47472272005393,209.9056065346527,209.22471039027047,198.56410463320367,196.08856094755012,202.38520906605328,196.87477617434462,201.0509219065724,195.5125537983032,202.1861417258084,194.18749269011155,198.97752488661231,199.2126006803942,212.47243624569262,226.63283906104317,230.53830819332904,229.66599616956202,238.096006880294,241.71259626589784,234.8593714343996,230.28749437825152,228.28693206604902,238.52022754175175,246.9142817532719,230.0940179506033,288.36271117272224,267.29154276214,270.4893550529432,270.8051569832476,265.95680665121915,263.63043338336155,265.48733874840286,260.1879414125406,256.4077886984925,264.31286562249585,271.8254791793301,263.72773457209155,265.21607497572893,271.611454564939,267.73742580897414,263.5735437807542,247.79016554789501,259.30312176411724,272.3086341101827,283.4221761374465,287.749133304192,284.2640590287042,274.7882280717989,272.39450985631936,271.03245778435144,258.6780957099976,240.10209993919045,221.13371191724485,220.28436172406052,217.84173927326285,224.72052461093568,214.80243349248082,213.40844587543492,215.0930312328051,214.24412200872183,222.02790768344371,223.18783521446704,216.59007192609835,,316.88720930068257,279.28352657553336,266.00493558290395,230.82614496861572,228.7078029495297,220.59444988706628,232.9181266993109,240.0616495526121,245.44050307840584,241.7589032257976,242.75753040288544,241.20418927021308,250.19006894194825,240.2708714738951,231.25216371020733,222.18310092842904,222.59515348134593,220.0995067673822,210.98796258184038,203.54581523867307,197.94569110023343,190.7247436431311,194.0006089304772,202.25146487480976,202.61299555955014,189.77732183135828,191.94872540872092,193.73728322631501,189.43525287534592,200.19463129552173,205.1300451060353,210.60344858686585,213.5263168020656,210.03077685213495,224.47694103925573,230.2317799593294,217.76263159957853,216.53469138472352,218.5032851193132,212.66342647275357,204.3600736237592,199.0828117537216,200.88218667608507,206.93202053783477,210.9935836389636,210.41440219391637,213.0913238228485,215.18923780210673,214.3578023915125,204.10010445393502,197.47513873651206
5,1984-08-26 17:52:34+00:00,230.280716204282,231.3567350042714,228.69819789256013,224.466496028123,223.16399761504326,222.17782548248155,221.25923529680253,218.8944152214459,224.4542966958979,217.33710334280966,216.04710216590703,206.82799723154906,209.9404599623928,198.44099460412272,202.3750453873518,199.40723448255147,196.3018492686618,193.78292639374342,212.3815421750703,207.06752363344833,197.55077490898168,194.84561053466325,194.6833587636487,192.77975559539718,196.2048839452185,195.29189959551644,195.77939352410806,208.42957401241938,213.49389717493443,206.45327392114615,190.7237219839439,195.46145115553463,198.00316971858516,203.62326001133903,198.5353037208244,201.7825533605757,193.55946178507457,199.02400486989407,181.8069018317962,186.5740646755587,187.8281629032578,173.14952688375615,177.18834039182047,187.98037021966852,187.3502510533563,178.54888421926006,181.18433948931488,183.7281228154896,197.2277725949146,183.14023651913874,181.54214541477398,,,,,,,,213.23537265654403,202.82428825048243,221.28824248956278,238.49227594838192,229.14824158818982,276.52828770652786,263.9183639168725,268.01690062719746,248.30280831910034,247.8076948420035,241.22858266837446,250.77752831766927,245.16637893271735,246.4717402694219,246.00963666530126,253.2054967005803,243.74985934250222,247.0541340590799,256.31706100862266,257.892105190596,252.05986079693298,233.98212167860163,236.79625500414497,251.2783792124552,265.01505986249543,269.70047546140904,269.89706021738914,261.153587315315,253.13188430053808,256.8518085576069,250.39613017342785,230.85338310387678,208.9823331937834,208.8014973634562,201.6653822869533,208.13384904261693,192.5690309483868,190.81529121944504,191.71867082459795,195.43658035062091,202.3932965497609,200.05089251232806,186.26229638736527,,289.4658355013895,257.6526981561951,240.1585670403391,218.22613606738892,208.9029246327351,198.39039088200508,206.598746231804,209.8051534617919,215.54824004118817,210.22969715539725,207.66970803373215,197.36750386070904,210.13725201485195,221.04492050751097,221.69496141522663,218.46277664568234,209.66385120973274,210.03028032754435,214.74448345718446,209.3717741643533,201.46833053709167,201.74919357944015,198.76934433672093,203.16579917194042,194.8855660724077,183.73923676230035,183.03556296011692,177.2567207745132,181.7781419260799,184.90570652097108,191.1913995426462,195.40936445907235,202.23236254201186,201.44900812377114,209.02104121747385,216.05008142646545,211.50703496902827,202.7391014029688,208.59140189990097,197.76244948508594,195.7545661683129,185.97322764601924,183.93131474199606,194.00789114384202,195.3256144505839,198.16868413564896,195.60686903687565,197.0490753736141,197.1378309623115,189.65530231615003,179.88900965680483
6,1984-10-13 17:52:38+00:00,240.14453686001627,233.12439499604093,229.40487369413364,229.24948878647226,232.62657110937351,229.15849427893548,227.70121561906805,232.46945617205301,230.23821155806775,226.02192581940176,220.24931324715283,215.4923583024697,209.79018347726185,200.92668390818295,200.75489004356524,202.96650729132898,201.5772889075418,203.85878025181557,215.49389039670268,212.0487965234928,203.46913840285544,207.59668425697132,200.99883416536653,204.21949630934188,213.2535073717919,202.50591572161096,204.2959027287048,204.65529035843156,216.75060397441518,202.92108207209714,201.22981252849803,196.91019043413542,199.24222747345075,195.9824189211448,201.8495390851345,200.1270473681929,201.24897678294172,195.27095866647488,196.82230991910097,191.02827135037742,193.92210559209576,183.12193766247808,184.39044469945674,187.67803703758483,189.08198866054047,186.754535736816,183.00206626724741,184.11937670662167,186.0570042141629,180.14305007736652,184.62141539804958,196.70405710941696,219.40845041990866,220.76498466077422,219.6736591635805,221.89936980886884,223.91502806095406,225.73121023928002,218.16323265058654,218.47638418984718,223.63199755104117,228.17681544816583,232.8542616666669,288.3918938889106,265.32360572569297,280.6904960813524,258.5720277904223,251.57982672181316,245.4404247320967,255.30203882918158,251.3389927062756,241.985089462034,243.39405658379474,249.21744963657218,242.1673380255797,251.95061078963292,252.8735013834963,254.6677531790797,251.62799035898297,232.01835224792345,239.56764095475518,246.5774656793538,258.2891481972544,263.90188674492674,268.23793415189346,267.7506031111301,270.8691589336603,266.4695551242289,262.8282587472827,234.8409318047975,204.37331981663297,203.38491178779284,207.75300418267184,204.41786006647698,201.54286569330304,198.12246758220928,196.38662215452365,200.20143763476202,196.6699078976535,209.13355493253422,191.96982131817055,,292.95587762894525,270.64652993770744,257.3198920314656,230.4793457384165,219.81130261751787,209.13377441277885,204.48566266866203,210.435482181429,212.20672014007113,210.84029213033944,213.62214535321328,209.15425971357493,215.12145513375606,213.10149004714492,202.7696450669904,216.31510083599906,220.7617625875196,220.40002950848861,210.49531926787284,195.08355755824223,194.89415289498652,197.07580270075482,194.57639091385101,199.46916939370124,200.62027025797968,193.3317395619865,193.3675951963123,194.52245176002262,194.94358623399717,193.70185235357468,198.94273838489468,202.4844923134412,207.35265454313944,212.60720056907044,213.29180480203328,219.8686097933683,209.82684223628937,201.75108598749665,200.61794652464008,208.08289455300678,206.9539662587299,193.79558714025217,197.2648880333568,201.27961723471714,203.09179348812677,205.16169913710172,202.44072925532967,201.85273146343053,201.90361269101996,189.52702274509952,183.72328587026846
7,1984-12-16 17:52:39+00:00,248.56629841817278,247.96031158480884,238.20255539056745,235.8345676853105,237.39664013268737,240.12034270059596,235.665815363636,241.382945027935,239.3992635611871,237.3373487002209,230.19537668531643,223.8589050733927,213.27100199638352,205.939072017444,211.23628664997386,217.3700475676556,219.0636995039371,215.39119503238382,226.87511529677798,218.6551133724727,214.07832355036857,207.74981387348296,205.34883358798697,204.52028868207836,207.307954263738,201.03580767041046,207.5008699667168,210.8282007921004,220.34829927149912,214.49221553226178,212.16233935687308,201.38239352254817,203.61895995319531,210.5442996900137,215.68592690307895,209.040376477554,205.9580017586747,212.29290906319267,200.79778813400802,198.0885371926678,202.22696725714357,186.7099344702222,185.9703860754547,197.28036709523815,193.46303337207485,192.59890354696898,189.60056524595797,195.8779792802074,193.89613551449662,190.9904139343435,191.35792710672763,208.28160765279338,221.06642929353688,230.61293375542465,224.90403692812978,229.38989053441014,227.33833301142624,228.85486045061566,222.40554467608348,230.3252991241628,241.4973958736759,258.178838005706,260.6737036580166,280.5039225446488,280.32874560861103,271.78319235116777,267.69300576300657,255.41672623996516,256.7158844997787,261.1782107621342,264.4325174154321,254.32112908952575,262.30047402713586,269.7417345676903,259.0075287886075,261.5073149990135,260.95226576966854,252.23009441202936,259.31419358096275,243.55887139640274,254.05771956636693,263.83803381240585,271.83465838639245,,,,,,,,235.86189966587807,236.2090997108828,219.36018005995618,,204.605148201471,208.37474485095586,213.4502617077239,218.00730267176598,227.45842323473707,222.0935864636486,217.63824226596245,,296.36133832339635,261.29135516354756,238.56429207719975,225.40535812518561,204.44058786820108,190.43434920135684,178.92027220530395,210.678311117532,235.9874498841454,227.10320849610758,224.2976095364254,230.33542292344043,230.66468791250205,220.4226368951086,203.39389930538238,207.61798108268624,214.33353888308187,212.91938960996262,204.69075251523697,198.14198626547173,196.92818021870193,195.4101768861022,189.81005800110128,196.36734838379445,193.4645347027179,187.2083667368408,193.3893285954917,190.2328663041994,184.22781331008176,190.0012815328838,,,,,,,,,,,201.34474962612938,,,218.74387532627904,210.22843083578164,203.57725265251128,200.736989037277,203.31953393344187,208.8899635390983,189.15105374335454,186.9862748369271
8,1985-04-23 17:52:47+00:00,250.521432137905,249.07994147395084,243.1504481538388,232.33235812647789,235.2889180043298,236.5040709214317,238.23437132180183,241.22703663144293,245.7099248417038,241.4013214564951,238.91209371760596,233.75909683964755,224.73502796975845,216.15146803556567,215.2540989673222,218.5876944490695,213.2219913178985,211.30909408554984,223.70407901854892,222.49446484994928,209.90044998481076,205.87194741500343,203.18424687031688,213.90087250075425,209.19671244583418,209.56938569400106,209.91038158864552,222.67444229345392,223.25547995686165,222.2167474478676,219.86914077502877,215.44278441511807,211.7362469741605,216.45019237647904,210.88664664820735,212.41298642559644,208.27102287313608,214.20049040797642,206.67639801201403,203.32614200673967,203.85840959123357,187.89472039245743,193.9714530395689,204.99242501431144,208.0685835869674,199.8742460371431,198.24102691918543,197.34090185152502,200.40519086429796,195.79589865524602,206.32932373429534,213.94747662021626,234.75912503559948,240.11151573520274,245.27868163003768,249.66116904407158,254.0376493652605,252.83064793725538,251.4689037632274,254.79708770249567,270.4864766862658,275.70107998077555,267.5716038988253,250.55031858117934,253.879949970339,257.2165403721888,266.26243091963636,259.7056619156074,262.8836556703006,266.00129895389455,256.29847726634114,254.95458909266281,256.70885565748245,274.9761380268016,265.76316633400535,267.1432715611646,262.33721887080316,258.41998128694274,256.47406984933974,250.79689954396503,254.385526241714,269.09273660241774,277.80487745144626,277.425639618166,270.083149755516,259.39126658664617,251.52318428241728,258.9079657749063,255.1498951983152,240.95029529557038,224.3537076108061,221.60172112898516,224.42961360351512,217.37890481805823,205.02570353673036,212.67387708665032,216.84121158309938,227.00186196353962,228.36909027503316,236.1208475783758,217.0747588077952,,307.8389265026707,275.692159691039,255.96343097792413,232.26293263393066,222.85333624427557,221.75470448267504,233.80245427830158,241.03046269660626,247.35895905464196,244.30387013460705,234.1559045948049,235.1869399657565,237.65691589456048,228.6088164028136,223.2538276233244,220.21384292085926,225.75469580193783,226.45543077206514,212.41048760470494,209.1539033970855,202.26519889154977,194.98920450398504,193.99044107194223,200.6406697920496,192.07667551500282,183.73899112123527,191.25881170363996,188.2658163844111,189.86841454410416,192.31179779675534,199.6908056402531,207.8808398552576,204.47561693641543,205.66069614604154,212.6748822710526,220.29502207173186,210.0639547979874,202.53729643721718,204.31191335816487,203.2148962768617,203.07584420058626,199.91847156196275,203.85966743762245,206.30695472939362,207.18767410117854,211.18648720718323,208.31549787800384,217.6304017345725,212.48410870269456,196.91037560707787,188.69610774964585
9,1985-08-13 17:52:13+00:00,257.02951217868224,250.83377123557216,245.90631713121275,238.7026765755998,240.3140147055873,243.07866740560405,232.47629903234446,240.11592758545999,237.78068344070275,246.11553727433756,240.44339553370307,232.44947077958602,224.9190401629259,216.44458896841005,216.18750958585258,217.46467607303032,219.7112869398984,214.93835670673897,232.03819863315476,222.6972097795913,219.5137607750128,205.89749157313412,203.7132677179377,199.32740328514885,202.23228085343794,195.9816891880487,197.00021137183126,214.25546480074598,227.1488497867751,217.42341944053481,211.20437191624814,205.88482567400857,210.16468881374504,205.54782655718694,204.57309325849167,206.24618916225614,204.23193189044662,210.60968369373,206.90406540903552,201.83401176521775,205.0174971639661,197.7775709763586,196.49164293596,199.89549461086403,197.11500261751576,197.28497283222202,197.8683715521338,206.0758875064682,204.97676017208306,205.74107736922775,208.87664099174717,221.86793005509554,235.17674405920246,238.3115600231967,241.70828604955642,246.62236100693127,248.5729824634032,253.3730777818133,256.29743666714546,262.415680788846,268.61512387443815,282.0930252404819,271.95208322340386,250.50973762856552,246.23458725659341,248.49364273339302,256.6884641607651,260.25553172707123,258.46160769520327,262.9113724926584,264.3134100133292,256.66137819957703,265.52841596446456,264.8793006678009,262.0943317216372,261.99041983402765,268.3203177983187,266.4050122296964,257.122654592494,240.2130963665109,248.4808197240456,258.5551086951823,266.98528469876703,272.07459511626155,269.3489791163492,264.32127726498004,259.9975160549121,265.40396071378734,255.3044059713125,238.68833584553818,216.6652520400421,214.63981826029718,,,,,,,,,,,,,,,,,,,230.03449221670013,227.5947627140132,230.02826807892384,226.1114110905175,232.50317284657905,234.43758239330202,230.57543147431926,226.7997535057139,235.97500353481303,233.5918476631636,222.71916253981482,219.51908437934637,215.08731754267126,214.09106018872336,213.16885860923688,217.48138659075295,210.72142299936036,195.6268603478941,197.85580993505562,195.82006757559617,197.62024583069768,208.3440228145416,213.5588184528968,217.23184074180853,216.33015224557897,216.8553483006577,225.08181874632788,227.77850869917629,217.16536217658506,207.71913766785912,208.98115845195468,213.4691661400781,215.52336172374982,203.0392517121998,205.29109686134234,215.59712811287272,216.59656538581032,218.73812122567944,212.23821676094806,214.88642612398166,217.7620267669871,206.19623447968775,198.19494168324204
10,1985-09-14 17:51:50+00:00,246.19993419789068,246.59785390094123,240.29774988725956,233.21284783555882,229.77324552520554,231.65643215003848,224.6629056551718,237.3166992521736,240.1530659718216,235.8730757113434,231.8201865735242,224.04711718448317,214.40194678786077,211.38140534903363,208.869148746078,214.98326725635434,215.14108521065546,211.84575152628508,225.51347805759917,220.38888229515828,211.3254159638351,208.9057525809347,201.066417376615,204.401447840764,197.55791388973736,204.862063752044,202.93570961662255,215.2066448648811,219.58243116061084,216.45757183078481,199.72841681111234,200.19880035577836,200.6672817782341,197.1148588469752,191.53723510080684,195.88961070634372,194.3327353208051,199.6154598879586,195.59480993394243,194.51730627710668,198.20475063771636,188.0838257554828,189.72919133651664,192.97419535870137,203.22655098870536,198.96395751665955,198.14366391689725,193.78269809592297,194.95089662190117,189.42643097004157,201.28623619242643,208.8069335741725,226.31318881649173,227.28436564675167,232.3122386866482,234.52592000395597,241.374900523047,241.61551868709864,249.71003483197117,254.43439937445592,267.2944369099895,273.0649727162727,267.5220460560038,239.0887680097507,238.06726395302178,237.20884848775754,248.59593516705166,248.12191809594577,248.89930791134006,257.794975768551,257.28401023072297,254.5777305450907,251.95372830472013,261.6253472650433,248.73280939241198,252.95650047046348,256.97341111526043,261.90694251292786,256.76204059436475,236.60718180586298,236.37992210493047,247.9949755974621,258.5542676312872,260.31465825663844,260.4455657837815,255.15154398611335,257.63637007947256,259.56868027890425,250.96193929617647,226.15784626231073,205.67142294061006,200.1254829536554,198.102714552461,196.93137339468043,189.761444474235,200.48007662591584,200.66540354283734,207.19562868511287,204.73922285520774,208.48699260732107,198.307916810812,,296.17385248506343,266.45991023818397,252.34674934683932,232.45335197186188,223.23013278502162,215.96906419256152,210.433313685813,217.3644689231918,225.31098432404872,214.57157108003048,214.14055904225225,215.07591513047834,221.87249092768718,216.5108933909017,220.75611089373888,228.43979830135896,229.70400508076594,226.3358540883318,213.70351748518212,211.76623954858843,213.4064243750724,205.15937326090838,204.5576188497486,209.05653475784626,202.9710553558444,192.7504673667985,188.97840169837508,194.17702389144924,196.69356598507864,202.7328648784666,213.1730567456026,212.67474885423331,208.64891390782532,214.02598974564262,214.44486183639248,217.63934589393227,209.9576441477133,204.81172211162112,205.30952967172658,202.24312026982625,201.50882239126918,198.01956445308105,205.66447706615057,208.5534318516041,210.80924211103962,213.17715417289645,205.43593297879232,212.8122456598735,213.32968890250768,200.38069859306952,192.00151908113227
11,1985-11-01 17:51:17+00:00,245.07404551537698,241.96254684173562,233.2396687419291,228.22409356774406,228.6758529080688,231.62177092285995,219.02199554615652,227.53894644135298,224.92314814658823,233.03216282417205,227.23518374377045,226.63963822621594,214.5224355074626,208.33825982432745,206.077848182019,206.6826509109206,206.02118168594205,203.7515801469172,220.43897692354386,212.66507892912335,207.92791243533281,200.23738427683787,199.24867682349623,196.2381733846538,197.26591709285637,188.11760772923964,192.35768291815072,198.4809385831175,219.419218427572,208.66411099159524,200.86576872844807,192.67886465823682,197.75152412163862,189.60564393476918,191.0451760959922,193.70277716065908,191.7053202728656,195.0717205179919,190.38699383931825,189.10717019822653,197.35990897197343,179.5909198098861,185.28177296165558,189.7013657255883,190.4550429166252,186.28337250657216,179.36149523703557,196.48044973888534,190.73808654274256,195.48420376457176,194.81068669054633,205.62674861967344,225.7929429229104,234.6115521472293,233.7909647247588,236.12789874273116,238.04627054980136,242.51109643354692,244.26035909631412,251.64660090547798,257.67605618787195,272.10127680594815,257.04526863262174,231.17482870768566,231.66282924479484,239.76324930683222,250.61305564236147,240.92874651309802,252.76270860655438,253.00838190689097,251.27782272387338,237.43139818142993,244.12434044023456,252.27413298451748,246.96351785702313,251.7934677084483,257.76380187644344,256.22692172510335,247.90348681447108,222.8394704447565,232.81978681746085,241.11428330858973,257.19724772549444,257.72515195821006,255.65041416328756,248.78196756955793,247.42047702061262,256.0416222447635,249.08630522487556,230.28331228357425,202.13981018287137,200.6064400912268,194.24924837081392,194.9862201419084,189.707064747661,185.6950500671917,202.81604743658318,197.21787415260124,195.11939745218785,207.24511141616983,190.4415493065855,,279.0730065006142,257.89370002963574,250.7694525952578,235.09489271036472,215.99992226391228,214.74697798297524,203.17526545549853,208.0502077463937,211.74954199850112,207.02960977143323,206.5956614085535,194.53208024151482,196.71934110905204,203.4727516978805,204.56107862811132,201.06685594968573,209.89176160141392,208.319538872664,197.283641421682,200.11598225523846,199.83785851915607,196.67876803153513,198.85032151002508,203.89348859995386,205.4911473251485,189.91066980837422,194.28232989099126,189.01979396282815,188.49102377642174,207.24767287654626,214.68313822671797,215.2214150076299,213.31028266254302,210.55861559126407,216.43912209338262,218.42529775057127,210.35739050037134,203.2537672028597,199.0747418688486,202.73835889146977,199.59849783391735,189.55804691772087,193.59091653712147,204.10652225877317,211.19123047554908,213.41490427528038,207.41325127541393,206.91352717113347,207.48505727836002,196.8395174818874,191.1419257222504
12,1986-02-05 17:49:27+00:00,251.6580090944546,248.04897133526782,239.70626760542342,234.805064283599,239.14965912483348,243.2924812189427,244.50308191589878,250.09610146355357,249.50314133817088,242.95191611620567,236.36289145645543,227.9200147699368,218.8160900279765,205.03113795232588,201.82320553267203,203.7990406687089,214.6082600345565,211.8681827368981,225.43072319458062,222.9010197903604,208.59428072643436,202.39986274373626,202.4940377535319,205.11884890512442,203.94779040229457,198.27675284786636,202.27624671898252,208.29400334988833,207.83162667071446,214.92502429489093,205.30336402933847,199.3465447137297,190.1100551346294,199.7113618648665,206.09871342078426,203.8790342799366,202.90558260371085,217.69662434339938,208.11205897148733,205.9351875132414,208.818745513193,187.5183494780523,184.25777545122662,192.18903487572416,197.35814194613874,192.81153641386658,200.4418181349946,199.7167471578613,200.53145332277484,196.44016795310944,203.09344846273237,210.63833178504223,227.63721777172032,232.41909988197267,239.1651918177442,248.41814986738683,250.94848187508418,251.12730396373436,250.57415263162403,253.76749279455174,261.8544921031138,275.2409464490795,265.37570314771733,241.37788980104568,243.36588508329177,243.58564492315793,253.38669593457632,245.20800517047928,242.62139129206682,256.5600972714986,247.51587896108617,248.97211312253307,249.57842355580664,271.836998052798,265.4816960147594,263.9286254488344,254.030061515309,243.74988591923946,242.3855645367442,237.5515573232526,253.68651373236779,258.9938675326792,276.387288152273,272.13086104789693,262.6376530352795,253.8456481294608,251.18507313391524,252.0932480005195,234.66973583952915,222.2867063902831,213.82861335492845,208.09044315000526,211.05497742084412,207.08168627726985,191.25049744991648,196.22047517846994,206.39453777636228,214.61241754450873,217.6563834061431,219.76100692987345,214.79796197099387,,304.855922813941,268.28725456695247,241.51120098974332,226.85968644915752,224.51676854051678,209.62102008817072,205.95849393911874,217.80330775230027,223.99491254384102,222.47065435007553,227.37080903076833,229.44713490416046,230.62797976516288,211.76002506830406,198.22655357607823,200.52227184307432,208.9168876576464,203.5945141295285,190.05807165788076,181.7379310414588,178.88756632628818,189.84512672169188,189.67288070635908,191.84797260514472,194.06072794507662,190.6042994936748,190.10392486385652,191.22536359577697,187.84506546866092,180.89814863317886,184.9875494924156,195.78326535697033,207.75587580826692,202.78338627279243,205.61168257809516,227.32550273397794,213.08650530008458,205.02935434570875,202.19487669962314,204.01237435749147,200.85165528048753,192.80939300340594,196.11172661597038,194.0720206956044,191.82373970235437,199.39725570002065,205.48879608638805,203.38940406429725,198.8795913126233,193.87600340278632,186.94402369322734
13,1986-02-21 17:49:05+00:00,243.53278228456278,245.99494944342516,240.53063848590887,236.5506073736872,243.30408092668543,243.54344433099374,236.18876860479273,240.99881310018634,239.6604519589344,235.85341512275886,228.61236556563716,221.09907256558802,205.28350727221806,198.89030397951035,198.49304026206937,199.82616221768723,196.2351465338022,195.2214630907874,220.05194122932633,212.92522285392357,203.3212196966365,197.13398064811764,199.08321484752418,200.8491653735656,198.67895140752063,195.6137105614124,203.86525647591205,207.16081730813275,210.87021927153313,208.54798201848897,206.8706923273121,198.07058459309752,200.27657566079947,202.11147562912757,205.08487432762303,202.2664428879948,198.7762346279904,195.37359031488933,202.7770315113736,205.58417170514613,204.72317938926096,181.4872658938336,180.34616011497758,189.97734475295613,193.54736662122042,193.4357573297067,188.3560282574049,191.79089650542255,196.9709572257517,189.4829680206002,201.14033315031034,211.29371086346123,227.5761710053049,229.75172296027847,229.11732972588493,235.9883490806963,243.22873992179913,250.10034602581487,253.6138542024262,254.71476728947593,254.83220148394443,269.9286017214465,253.5247834162395,238.36036947241465,236.52579799489078,240.74566656067034,246.047180328769,237.51201035283177,237.08936364258201,243.85537087567383,243.9485337242855,240.457687989665,245.4826106938619,269.8753565346711,267.42674002143144,267.34025408282133,251.73509494547554,243.39721385684533,251.0687000305872,238.53788941244454,248.7514180565821,251.3496811689891,268.18568583419506,267.70894925025414,258.7109470704124,248.33214123718605,242.00341616685978,241.11471356763292,233.0448367353423,223.17339742102024,206.79707191628475,197.56206900140785,205.531477044628,202.68666198025403,194.27668440744844,196.0782814519264,207.99081624275897,210.4569334577977,220.06984790560068,219.50877946293363,212.73778161974454,,302.0903354892842,267.02323074449777,246.76290062380974,227.63368151316482,217.5803974019696,201.8887655924817,204.1553011424789,217.79344915795198,224.55275212993132,218.37796145529194,217.65041536356023,226.14525195632206,228.38736299714674,211.62616736881827,190.37788907861136,196.20142061889646,206.7300992457913,208.50008805769042,190.16632327653835,184.65111192362963,182.1855361487477,182.3809219050395,180.02317693050742,184.55997698596255,186.1419371727854,185.25965850160372,183.64687670142789,185.94408346304976,186.8518366515881,174.96705049806002,173.89590027071043,183.0284601501207,198.2346051383339,202.12666514923308,200.6194553648171,206.19472166680646,212.4590379334225,205.33646878064968,201.0417630260555,201.01192165753673,195.3942015039475,176.82211555106784,179.84411125239177,183.22472106804793,189.47767846723957,192.2009882080103,198.57708818705515,200.1233904818687,201.9355490460512,185.04925154189795,172.57804144529976
14,1986-03-25 17:48:25+00:00,246.52363874955876,250.9439434010073,245.22287077794178,238.1293107369469,241.63370108215906,239.9676073073556,235.9027444915658,238.1464732035995,239.32516743711562,237.05340181752743,230.40836552244417,224.14706732755405,207.34808270776847,199.66558896700383,206.02311081213426,206.2938672222338,201.5703599279865,203.6723780398719,213.07650166135178,211.13415873551878,197.5407976448378,199.05770220534023,194.11844880648718,209.2485302187842,200.96359770046018,203.19343587581727,203.82796428712754,211.5536195122535,211.29952392456303,218.10758370949384,219.43719693212103,211.21545814709947,214.064641399758,217.2589955372945,218.53067622779184,213.0186129939986,204.06476191033565,205.57684015682128,198.4105950106947,196.86372400529763,197.66977117546878,180.44459143319767,183.48353973397923,190.24022734881265,196.85404329006278,194.2959550528504,190.00638254865095,192.24122656512802,194.62235400606156,193.45921883902898,201.29410583038364,212.27448609975775,247.61053996694505,256.55053017071003,271.91758154637375,273.44157560806786,265.95211135857545,258.62825856643155,251.016081359759,240.23032930433362,241.05009065711812,243.65904499060292,236.43359538541927,218.59569919086977,223.2570343673642,228.66318420799155,249.95134950306752,241.56499147022646,236.51116332846937,235.65563057423878,243.50255028202696,236.12301352978335,242.07588931018884,268.1866766701876,265.4741143266843,263.84608803653725,253.41560619674036,244.3623827066296,245.36709644405522,248.77109691141453,261.23854376632613,265.058851346462,276.8683394651989,267.51495768702836,256.4315924758174,239.64069660442337,241.29194589404307,230.15363810660932,225.23288009740185,221.24940300800068,212.5836636595929,189.35433627810875,208.10897417437238,202.18385022833274,194.88708869335426,197.02481600192084,203.25268511930156,212.8139595100293,215.94756619655064,221.70071352412964,208.53431806620497,,308.7951686993695,275.21501152513605,245.18932585960675,222.96498388345856,219.5166853387678,190.21259590681726,205.30518711304708,227.2933491504811,232.2131483715524,236.2041185221829,233.57059985007325,233.07584521456465,230.58130586878505,209.59676679408594,206.16980335991013,209.4048868407893,219.88415556307024,216.37166652911566,211.14695696106713,203.37926963589126,195.6657915690612,191.98811990724283,186.2926445221604,184.87138712315902,186.67285813415538,180.79636786820856,188.1886718143338,196.9390917591547,195.06268619834918,188.29053388813716,185.3940747515629,194.2359867796486,210.46082502933996,210.1849164934336,213.67600063857628,216.5049368406489,210.86597479226225,203.93590966409857,201.0320509656342,205.08442747617138,206.94506025551544,191.45444570764093,188.77232018491492,187.7487321672004,187.94745068329672,198.03860084903783,197.04102095028264,205.0124074421774,205.53634994566391,194.56287722197666,179.63748202007403
15,1986-05-12 17:47:17+00:00,260.6740999581151,258.7935760646627,250.25745257834132,248.1666799090969,246.30754572467947,251.83071512387139,242.59189308758658,243.8180960446607,245.65255876016005,240.5599070579106,238.11700677486647,228.21813815659934,221.05249515070528,211.16486505998773,216.17242806811868,216.4103141107466,215.7472160100606,210.90518390347182,224.74136291872568,216.00688059131784,211.13132638285697,211.0721598759573,210.49796505327419,211.58667828207558,209.8175340479043,212.39214895078663,213.0778425778754,221.03403151519254,230.39424450360377,224.3919851434436,218.8810928187467,211.07861037481905,214.73461290203483,218.1130281715615,218.31457941797038,218.5633092279074,213.15939581167495,219.42130960881377,207.34968422859606,208.94228936797782,204.92411285662615,191.14744908992287,183.62482480572322,193.82777599873035,198.79429999606688,201.4050121444888,201.0757013221471,205.05890200550033,212.3256832438351,209.9672930817875,223.82196387143776,238.90419501950214,265.0828558863641,269.85564895168307,271.5110740741154,273.96062530186754,271.6140006150192,267.2306988096992,252.4045077020346,249.79364016596884,254.4146787211822,252.73027298553228,242.30259141894103,228.94540691661655,219.02512645387318,231.44737914660786,238.64547598243252,240.57299335480963,235.45212692057217,251.63581720229476,247.00525983138263,250.37638758949834,257.81741395842823,273.1119316109466,270.13721211302766,269.37663481355077,267.53262357382613,262.8726567885237,270.1229898355636,265.2825392445344,274.0530240096624,274.4990213730541,274.29346041297117,273.9694808199406,265.5025831550287,254.35467807788274,250.7195468889545,249.81434528299718,244.539833310677,239.75144516980222,218.10558163750545,217.21387533965108,218.70142019576625,219.4644677435289,202.87554177454234,211.02174186456,218.8738065086596,221.97394936174223,226.09228980514476,226.9378731795518,223.9708061559143,,303.39620595944075,275.10708158409886,255.10972538236,235.39324141290876,230.31261244612216,211.9727349026376,230.56514763707423,237.87432751407454,251.8301815867833,249.39078147378467,243.24642609165983,237.1815061777716,242.4717828439375,241.39187585427584,214.53640356239578,218.04316502555614,222.40239856909653,222.89937113401533,214.78787781519765,211.01776383274765,206.16540757928186,206.57366177640165,201.00324387260255,201.5989657504348,201.45620216477226,190.8428361060055,189.86931956842216,196.15034227357617,189.56487128535508,198.03136225248252,196.5891158661306,204.55987586911957,210.78986002075757,223.6486790311085,228.84885347949125,229.15191228298073,223.34515356741807,215.8927625456404,213.47923964245808,216.13251632422595,199.31623653131183,198.4137706493804,190.7839657411842,193.35065621080733,198.96832052306186,195.74769367555467,208.4618617120517,215.1648528286218,218.23647954660476,209.0764598806565,194.57773782971702
16,1986-06-13 17:46:21+00:00,262.4108478644191,259.98322814603614,251.77666135100924,247.0881932132873,248.07266439272254,248.14492764015347,245.51612076199308,248.68184578692222,250.50553781893169,243.41737192487136,239.887775500667,233.23266541451343,223.64447292111214,212.3250792788904,211.4527224682917,215.95936287945162,216.61981777415593,212.3973499779555,224.20547195350755,219.4332976769209,210.27864250111818,209.3657854217339,208.87688133502147,222.70052773991696,217.12380071300532,217.4540195683736,217.54187218211024,228.46121800445962,232.1510191946143,225.44875787705314,224.61935926974508,220.03232330307418,220.53180132402696,225.43756421632668,222.750439843453,221.60667475048157,216.53211189148297,219.82687099218214,211.19098556220825,209.29189846430586,210.80059415847418,193.72093609132034,196.82521925133523,208.04575715504905,207.47458349431992,208.88117501703314,209.89405836920736,216.50334414305195,220.87002942172973,220.078041544544,229.85563355127402,240.98078616951165,258.18863674037027,263.56226395381,262.58562142141346,269.4499968798696,273.36139803646523,265.3770630591412,259.95263837123514,252.33595910989868,252.80918218872182,252.83466600736514,241.12111902370413,224.69868410968976,215.98555145591854,226.04724237832926,245.19801916079496,240.4213588614241,245.66989028444152,257.62050978275914,257.6277373665853,258.8322405088987,258.62299981018515,280.8709673745674,274.83859104316565,279.10915150230403,273.9857194942973,274.73559491841036,271.4971199525722,265.68783134828533,261.7226785535338,260.9988974035897,270.90085176316705,270.56925026934897,263.54239198899256,248.5310631324292,241.98488615909278,249.77473323432287,237.25173365628507,237.49660776667835,221.9287454865882,219.27275708132282,223.55953616335844,223.37180683358207,206.94288743481394,213.6951954100289,220.19657603508722,225.8633283719709,232.82291589461153,232.825086909784,225.4763918818823,,307.97871955424694,279.4479099568833,266.47954806299794,240.8059709404257,235.88536720769173,222.0974944230293,248.15758265329168,245.16182603445054,250.8507600469602,240.37752546482767,229.51249120559942,230.10198027219718,238.74085166379595,231.0592988453423,230.42795658967955,226.1601795393676,230.05066241711995,225.28643672529142,216.02843566541685,209.32404812859565,204.24663787018358,199.3566945266922,199.46541583032902,203.15897719895682,197.9475092814842,189.81639804907348,194.38527334048536,194.6396522689399,192.585029444737,195.41308701083722,203.78710378768602,208.7742754391822,215.61523468867188,218.46007778594173,225.2846818129288,229.32028025425114,215.53377662551586,214.2087927559091,214.26186685363996,212.20504553403862,209.0958135109292,203.43357829639427,205.2927813035854,205.64773477998705,209.8775831766811,209.5968472255057,213.95390050847973,224.90501652235565,218.15840479702644,205.7762755089479,193.67610140649168
17,1986-09-01 17:43:32+00:00,254.06983758495238,251.7096547466635,241.29541401677412,236.30766244970178,239.24071109012107,237.9323578961749,233.46227443103294,233.7543721832455,230.459569784623,229.2211601085028,227.47093775037072,226.75684415974348,213.8187701115802,209.92721525809338,200.20513176411652,221.21633504189282,214.76195696164478,211.98482295681214,224.51894215796943,219.86107115697385,212.4636407866265,206.1607013194367,204.39722278658917,198.58177948842683,194.47986294175004,192.73901757603596,200.8807289303523,213.13653018365386,224.1082229818736,213.8957931295091,207.32109358743156,199.87804872584945,204.6167908280584,200.40792687716123,210.63272538039712,206.51483546530642,213.96724148515366,208.42166790582908,202.5314532286635,195.97467573274884,194.93194735976977,181.6916970807174,182.35706742463378,194.95453287095012,196.64083007372128,198.51634384160786,195.97408412328596,201.57277810438873,204.70190380188717,209.47103204988287,213.28471552577048,226.374231240535,238.8745620440779,257.2983712589502,252.0174036627626,253.11266273314249,254.86789622224055,248.64632906627878,248.764370660795,250.3152380118691,247.8458226849051,254.52644451331128,239.84996626771184,214.64854148394633,213.3353245511279,217.56286792990863,226.93912371496913,230.2878056529097,234.23158481041065,239.26327227585983,241.35918075784446,238.55453642992808,244.05777451635234,252.13813467224958,249.49661081533424,250.1197095721302,257.3542693911216,256.5775768554855,252.35937469343693,245.0912981423508,244.03939912788763,249.3584556017264,257.6557378327836,262.6130922410929,258.87471862584323,245.84617623128966,236.9485555984092,236.30576816940953,234.06424427144668,229.34960245457955,206.46390026352728,208.15563363462223,203.31550181526055,201.4811186270532,198.4958351376564,195.01068732496142,207.2255079728203,205.07676116573387,215.62515249615615,211.3993055049213,199.58750461936125,,286.284107391429,263.1011977439327,248.0638368315668,232.19269990033175,221.3419238636236,215.8582799888279,216.29185526541212,219.01666166396944,232.29045954963232,227.11394272507718,227.85643969702812,215.52503725326378,224.4091923389256,227.3973790054917,230.71551580208512,222.37345330549329,218.95522519647784,223.72710095741425,211.50621081452203,205.73455319808852,210.15523798971964,206.97421790685462,202.3663316112326,204.99978530156616,199.96916988039467,188.04580882451847,182.33152157905454,177.29716338118743,179.21484720858518,187.0050947261921,193.15852829698957,197.52169090402677,196.99604582104715,200.54395164948332,214.7006822226062,224.81883914231233,214.75684895992845,203.39595473990966,205.6322236655995,206.3190135742422,197.1590651720735,186.67691527268101,185.2950373720107,195.43730413080075,200.66263084277216,206.9793115957142,199.3222010914722,204.84919931655332,210.89437727313464,201.11326201066277,190.37984418851016
18,1986-09-17 17:43:01+00:00,254.88417889408183,253.92192779851152,244.3543114245786,244.59302007718685,238.10387521874293,242.11092267766492,235.94073227760103,247.8521366173909,246.20768634985416,240.81083936073648,237.10419371979407,227.39435355024034,222.61097533022462,211.94914024701444,211.77075699290293,214.5002317017943,216.6501423443592,206.50151112051634,225.31790875943057,215.82353013571293,209.8350933649222,202.64907921379037,197.9420279227321,198.31042814047447,205.0669444012028,203.29460675959666,207.8045794109089,219.18646822469717,229.63221060699692,221.61710671615066,205.04915962365158,205.48195540697878,209.60960168891668,213.48583103092986,208.03781407227729,214.69960078616947,207.67106273477228,209.2447428876368,197.15234411271678,197.05058901986527,201.09821718929206,190.13311642354628,195.1613167173735,197.6923434443055,197.67824716287208,200.42467814686307,204.25636204920983,211.69476233206677,218.4981164860103,213.63862381026257,222.4196516546907,228.67913400687172,245.17226503622697,252.13396817605806,259.9275070765632,263.2593905542567,263.3501426622064,256.74132012455084,257.9058447295838,254.39571361050494,260.06627000059956,261.3494907553571,252.6942478170307,221.79129800253128,215.56096433087254,220.19557389146834,227.88261795965084,243.22763189047765,241.9390188909116,257.43039641347,250.5762799087055,251.50191888377034,250.90786776621678,264.2304816189791,256.1951192149414,261.0909157888949,269.1127173485529,270.5456862154566,261.1544203324212,239.49536885954532,241.60760944457417,247.04210773834657,260.58170585045536,263.87865779474646,263.62465783531206,248.45473162038658,247.83536850937458,239.42231056382508,228.94981752822486,215.00473682546863,203.8082385858046,193.71686925806023,191.04901490874937,200.5271715518312,196.1407842397843,205.62178624774165,211.38188186013298,218.8089016031788,222.15419698579595,222.8539720472594,202.1680811976529,,301.29237769449503,275.25294424587116,264.79811871745824,243.58742183276755,229.27762799681,218.41999256716383,215.0412149460638,220.4361076626927,231.74946586109292,226.9482573614328,218.60976745741863,220.19487407265635,227.87502673780847,227.48250358433418,228.66522967606733,233.9102740480945,234.56736172497682,231.66182437649215,222.41364881916155,216.67552136077038,215.46976411475202,213.32236154062545,213.21487047608377,212.8574836354298,211.06214346281882,193.01840075512717,194.81342571952095,203.6699562297014,205.68756001316848,209.57818703905332,214.0730589994502,210.7902822317179,214.7311798161464,216.40059158504585,223.61204744461472,227.9336067642414,220.48276398937298,212.37546451194976,211.69295137860075,212.68202379344132,201.18583899433668,203.38374029881106,204.9782034679709,207.2613671141216,210.42949525776052,210.69822562772077,207.91048676362976,212.02219335649824,214.3338710024331,204.46339365194206,191.3755155139996
19,1986-10-03 17:42:31+00:00,240.73363548299744,235.4223284775747,238.46804533855342,236.37657340122382,235.68024848315804,236.69118312585715,229.14868633631556,231.7348501088309,231.51904523470563,225.72322204282688,222.24378306200316,218.2390393844247,207.6048910436402,199.1467244261495,198.79921088687,201.3718244817224,200.03876809025735,195.9233510341957,208.59351317957055,211.21168888240783,208.28371131340677,199.74051565806388,203.10819000597354,197.95953502204722,195.88961020838386,189.53160467606978,196.08847178256963,200.6820235577296,216.08904848448145,210.01409504091882,207.36769725499894,198.34923286971448,208.17473355632342,210.6313132131363,203.86823885883535,203.3488895238412,195.60284656550513,194.46091189792537,202.60849953960764,192.45044344024572,196.143126702544,183.6228853657297,183.1400320658828,190.57234588144763,190.74015141047107,195.32968967363888,197.8884299592808,201.64353086767193,201.7262926070714,206.92725452309978,212.46930464637484,221.68895698258788,232.68525861993035,239.49070317974338,240.1293867412845,239.89827358747723,246.27527543979897,248.4842782574366,251.73557211076067,251.53579063644574,251.40416890495774,261.25614616178234,243.21138843477414,217.6689374827582,211.05530011031968,213.71027233397194,222.76606019969972,222.89033160896344,223.4660799921378,232.82136087505089,238.49272237401033,234.76165101769695,243.9003356948433,248.75976444439752,250.42085316831827,254.6582637451771,259.9279797526267,255.6283681716163,253.87619180152353,232.69245926067103,230.61895404984472,234.57444552231527,253.45751969020304,254.97478147388154,253.13276597473376,242.09399672992433,239.238725440663,242.6139893019377,230.76813604508007,215.17625938295475,197.7034157847513,190.05142290307623,192.9430266926979,197.09999564374613,188.45080657614128,184.15335807466818,194.61306765682275,203.49582284287334,206.0497084259695,205.97661342856168,190.10356930718063,,291.6963187296201,267.3782578431742,252.5449827823618,239.1614980244875,227.9653784179372,213.5760449275868,209.19501470576114,211.82291905152096,221.88503081673318,216.4377792972631,217.8539670263438,215.81245643869968,228.39102536798922,228.1856966020439,220.48120749650457,226.14574558335596,226.8137176170993,224.7018677041945,212.851322644545,210.27944392350412,208.6842307882707,199.28659056371146,195.34063131780266,193.6402529319932,195.06932740830115,187.39881498561903,187.48408591554295,193.24650506184588,184.57141816768245,192.53057182579784,199.56940648370554,202.39732942523116,207.1555654866643,209.26690911481714,217.03048318526388,218.36442287150624,211.66062288996096,202.74978303649343,203.00016896094388,206.07557559764723,195.92061232317496,187.45159965783037,190.5471689227412,199.23503571127077,202.28565493687742,201.36644836321244,199.66029345844407,204.68634897357,202.15915589704008,190.4632760609261,181.2402409537877
20,1986-11-04 17:41:25+00:00,239.51387753608213,239.15849439440905,235.95770719038805,227.4004699430854,223.40746096877032,230.26712768185808,219.82444497619778,223.8504025906321,225.61189345883906,221.062868220005,220.00721806312984,214.92087604362354,202.04356881683108,191.4341372654888,194.26257551419835,196.70792447445785,196.63521521719258,196.1143478142794,203.05194751343646,202.94932925212908,196.18332967366177,196.40472150043826,191.0442830054642,198.4971241031758,189.90103102062108,184.35707694961116,189.22917562683205,195.04243985541672,195.7575487965328,198.9897305136285,192.72489502847372,193.99886101104264,188.1256159875865,196.04713392402283,196.38229690848203,191.47577660777893,191.533613256736,189.0458165225914,192.9391744983052,,,,,,,,,,,190.758540102915,,,,,,,,,,,,,,,,,,,,,,,,,250.2539042364521,253.59190876695996,251.57559374885156,249.29411054709928,243.23720742441057,216.2341198000252,224.6891620382912,231.72653123714224,245.21103537003293,248.65291257942215,248.05624111920253,242.92093953734314,239.75480135293233,242.89681219221006,231.37388841013188,213.42950994730322,189.20875131874666,172.58895885399545,192.71144409095987,186.86307158418052,187.1532553094395,186.04803924724968,200.10639426638704,202.24839423560002,198.80743164879783,206.61770684744,191.71931805775034,249.36164541045912,279.3478751056601,267.67066678152435,250.92736416591643,231.8889926839014,221.78622557395016,207.9693518024469,200.63860519257338,213.93657051193833,216.0377076078138,212.75391419497646,208.08590053171287,216.24447710493112,219.0072805638662,209.50161268415596,195.33769258812862,203.5007932300689,214.87336238849645,209.06746675862263,194.23050701773826,176.89603903472053,178.859110212742,183.12130451339277,184.61387709626766,191.76361673730415,195.2782470226998,180.99017509654303,178.5002818874881,182.22234024901584,184.02471052784364,182.63294455457998,174.45548086891307,194.20714957243766,199.23735913852528,205.108267049735,198.9293649260169,205.27902358610544,201.2070604587799,200.7894199659204,202.28926780229858,199.78185929707243,191.7963096736936,179.54531709832742,179.81489623059647,189.07342711822594,192.30636717651743,191.11581561777123,192.43745905458545,197.89954134792808,196.80292525764702,186.65168717491997,173.17725931975394
21,1986-12-22 17:41:34+00:00,251.33009021325063,247.0221025819333,241.25424584337532,234.43486419656602,235.00988532679855,233.6397403539201,229.56735306913302,234.46339404527737,233.3456805594858,232.29314443412056,226.3664491389547,224.8838088248076,213.6961831852533,210.5066962989465,204.90110939732597,216.10295011960613,211.75534135523813,208.86042545461055,220.16242399944986,214.18336846508635,207.23919640023007,203.95101630133826,201.1232929092264,197.9605072091843,205.87572841401283,197.41030830954534,202.18324668491033,211.62888994670686,213.27487453803099,207.10012238953226,209.05658813952166,200.30648849654966,199.1370692955172,197.79624114208556,214.9400225862114,213.78762335743752,210.29371437617914,216.17701566049143,205.44950344667683,200.13415645839075,206.82956005332,193.47296921675274,194.82824650068767,195.9549920998734,202.78450508243685,197.2219994777648,199.43205410715137,199.16553141579124,209.49022185469926,206.94451321986995,219.39960829859317,222.77702566985474,239.63424376780426,248.70698282026078,250.68275441515618,254.64258911994642,256.71469232481877,256.67142435973784,254.79800802216673,255.12306997089127,256.6871618331513,256.7964651122536,238.8767068947747,216.15383760547144,208.96693465410522,,,222.53708551969737,223.17493757810684,230.62673737932735,239.05998542368616,236.6851277678208,244.18295284405036,260.8140022734966,259.0748234655283,261.84748708318244,251.50013631577232,235.16534242588176,233.90466627844796,220.24160538709697,236.6900626904531,245.98090784377158,252.3624088324857,254.96624741873666,251.07306017984047,241.54665432493215,238.70687798343238,242.6555763810194,233.27333144692346,214.28566358208178,195.94788036573632,190.10524936615883,196.04885619994494,200.2622927124495,196.55004808775053,196.51823894136203,207.93547171320438,204.5212481744531,213.55200531013443,214.9651124351742,203.63172372067658,279.8966051921372,288.8084501694186,266.6107672835524,248.27149909475298,224.52199537467823,224.33649505757396,212.13088782715312,212.4059251285336,219.28008037520604,222.82057515543022,232.69302494965152,232.88554235153185,232.9037575879986,227.42756944998996,210.19674929624787,201.32452178468148,200.8377985989707,211.71385809985338,213.7903926743291,202.8156813835995,192.19859564586727,189.49432811953562,194.2597969875282,186.4085652207626,188.90184114644967,195.57756243972477,191.29103820932414,197.04576023724735,194.69662201048794,187.7804748006326,179.1923158971641,186.033053240377,196.32948266375575,199.60525986539153,202.9410745369911,214.82489266730374,222.5848158455854,213.4440700323647,204.74869409971853,204.26036872534053,207.90893053866654,201.27504359162165,192.8175347486639,191.09442310031312,197.28016106448885,196.86811283604206,201.71774885701336,210.4291076874405,207.70956168167012,206.51041255865448,200.36960182240435,196.25416178186805
22,1987-01-07 17:42:02+00:00,251.79705075694585,258.2673158964345,251.8227566108671,245.2216237392662,244.3834826284922,241.5628436588974,234.94481283978308,244.06967897479058,238.68737688974062,241.61535437076992,233.00904926320757,233.52814746456542,218.36361319361617,213.9643368491079,208.63184928656153,210.95090255878847,211.87818986258102,207.60303558047875,222.65795504784907,221.34636799100002,214.65229454260816,206.96614710186535,206.09861011988528,206.92474998488132,210.8595314001904,203.42004237766156,205.03129066288284,212.00253299640832,211.75917235271697,215.92588556560523,211.03150152460648,205.03971641422115,208.25379703110985,211.42302499528444,219.1766109003226,211.86377732481895,198.3870765515063,219.52382315507518,213.57305293183109,216.8234699282357,214.81327596454474,202.94277040486992,200.00087265559847,199.3483762927552,205.88341869873824,195.28634054780292,191.04165880226708,206.40984638079965,214.99531697927637,214.60567509993035,227.92275284943307,237.86467996330498,254.78270569642535,257.4747828466593,260.82267860170714,260.08665764234206,253.55497466859345,250.49051171990482,256.8311635943894,251.48411499718094,249.44275460188445,251.56422384038416,236.51576855612592,217.97822568508042,220.70310203116776,,,,218.68565044875584,232.72563855001573,233.93464713590578,237.81716789286585,246.4689403083875,279.332515226515,271.52894353996123,266.3372085509528,250.48861133664423,237.45679361691214,245.45950918180165,230.5285356749837,239.12347770062922,250.72397767080895,264.4829572178526,268.33842069844707,257.19756288155156,244.5251974569179,238.80857805783378,235.09026463256754,234.84515010144483,214.2557361336,203.79022396254152,204.7685410764714,209.82852520863904,213.64009679079,189.81464437686745,199.8110448238848,209.34428087795928,211.46927135168988,220.1966419050238,222.66546917145158,215.69408062600718,283.95883050831685,295.13109919909874,270.5251049068878,249.1001106245396,228.28260926706042,235.23320623489593,216.27933332142123,224.46363877779734,229.49956578027988,233.41830679459656,226.23300998361313,232.42576215769813,240.02210058427912,240.40121474430262,214.0201564141332,209.09749822492233,211.46244907777546,220.60695467636947,222.43920431232624,209.2281795293368,197.97900505832337,193.25137912354262,191.29540359619187,188.6332432652261,191.90361973315493,191.93381632347135,193.30916795884764,192.57309832828324,193.48000148786846,192.42658747969222,187.5069114362456,184.12602953078226,191.2797532602264,199.8330903217904,214.2174822627105,214.56147215608289,218.18683732245273,211.88163867963914,207.65107183391586,207.83779515035184,208.14487815360064,201.73124485108883,193.16517550253184,192.27406049028977,197.26253137173666,197.57927266194935,201.08193948543922,206.9233405491984,212.12897875296557,210.40747020207783,195.31480683976883,190.5398119993962
23,1987-03-19 17:50:45+00:00,,,,,,,,,,,,,,,,,,,,,,,,,,,,,,,,,,,,,,,,,,,,,,,,,,,,,,,,,,,,,,,,,,,,,,,,,,,,,,,,,,,,,,,,,,,,,,,,,,,,,,,,,,,,,,,,,,,,,,,,,,,,,,,,,,,,,,,200.3153461527037,207.74919553950923,214.5551343292438,217.99341266443042,211.36969744684419,203.4440528412665,203.38606972730435,205.35618836148646,200.08418796555952,189.05659626050306,186.88956921819596,193.53865672648618,199.5725769674226,196.92661315621416,206.69793515969366,206.69893352358903,205.3624536768843,192.74054858730963,190.35954403396283
24,1987-03-28 17:44:54+00:00,243.37547864042202,243.16244681106338,232.0821045079296,232.96427061284055,239.30354173876557,244.15304756823662,238.31184161811768,243.8797886237409,247.0212251553443,242.14093841353971,243.80731382702723,233.75408835816907,221.54762659939576,203.0991394487193,199.38369396642045,201.5925816981153,199.37283240205863,201.782577095342,218.73007675956927,206.66584317460678,196.28943928172262,195.95034057196915,196.10907386628548,202.89735236790614,196.21051025291666,190.24080768235132,193.2096735442795,203.62539606025535,197.1312909289616,205.64061098932257,214.98787506499443,211.92209383134315,211.93181851872248,214.468471479361,215.3158511727829,222.84836813229975,214.7879796370417,218.74618149796666,209.69439171134292,208.3577686733321,216.39042724877555,203.67862594473354,196.61023880911694,200.92834652779143,197.0890594865033,194.1704447965135,191.0748279090748,206.21082510010226,218.43308321699763,232.64834496866695,239.7369670453666,254.17562798874928,263.80758740226435,267.3676885013798,262.6973000752185,268.05305743656226,260.8889766192435,254.58252732721962,247.33452198678435,242.86455627391183,236.42919113638118,237.63428903474272,219.4997436954535,195.5917200607669,191.10256625307488,187.4687924011631,217.68581928479483,206.44874393773597,209.07125456786355,216.55407774140883,221.19486896015766,220.38466685913636,240.2248540987652,257.2273144997898,256.6462757810017,258.15945830467405,251.16851033249438,238.94601096834316,246.44882794356636,243.28878178598785,255.29493668701528,257.8728155953104,262.83006432350226,261.40526905456124,252.25370068649977,237.7123069933732,224.72213674158064,227.88975712200744,224.3622572670128,216.91167282207724,199.83770780986126,198.79581604481504,208.12358253813483,201.8473389421501,199.28701013007753,196.5396582717304,207.23846066439182,210.5556819186814,216.2713963608516,218.33389069083142,215.53985829810082,285.25044495408804,291.3569561131879,263.88157923716085,243.41005084526384,221.8729561415081,223.16458468632965,229.01641544272212,239.79836269825483,239.47826104276,249.11247118666907,238.06569574146042,247.17830169469696,248.36111354007113,241.82257446463706,224.05951063539595,215.27993366143286,210.9105318384873,220.89096313833159,230.15643731961387,216.82733242833282,210.14322400743873,206.19470332717174,200.09808263021347,197.35798905640968,198.04714137908917,193.57858795275703,186.57835742033615,181.9463392803956,185.43197287458912,186.83594781895712,181.96376473240184,183.8588584080108,192.17348706718917,201.54954131762022,209.52169551094465,212.24755455129778,220.42515046857153,212.9301143269896,205.65038872762406,201.6181071291375,197.7695294588408,193.37947931718827,182.26346525782708,175.6641586507887,183.91470244116283,193.63602646715793,204.20765238871905,203.74899128286265,208.8638408387446,201.042792197601,192.81225436527862,189.1998400521411
25,1987-04-13 17:45:26+00:00,244.86200424615322,244.65480574391324,240.4706592294606,244.3974018842423,248.40479187286198,253.9887692336384,246.7748871796245,250.51595351441551,250.69828175287313,249.0638514132831,235.60041815546592,233.99654090676376,215.14812411479403,206.47886460507564,197.23749610477145,201.93848851706738,198.05088595740983,196.65989125463716,211.5122191074665,202.24458315935038,199.39502888288732,197.0782350272691,199.76124172380975,201.82882855681586,199.69850037042295,196.68647014581464,204.49701289607725,205.9895090172374,215.85239737476286,213.95625124165784,221.8347759929717,210.93336447079702,210.8908585752726,216.5764428662577,220.90436798232264,219.59135986425304,216.89189347801323,214.4776786353787,211.17926118918703,204.67457196277726,215.71285988291,199.11108362563903,199.6862279284383,199.48131276206286,205.55852993287743,201.00400512153,204.4273346966849,214.94121364802527,224.78860220651998,223.12603454011384,238.35159178900034,247.32455290282456,259.750952226459,259.51375336363697,257.2356701593409,256.76309466002476,255.43440741093409,252.02087515662595,242.62551462618018,229.10559766923058,244.51986168331865,238.8252176107158,225.5154301515386,199.96882075696038,192.88598230414954,199.36158226601842,218.79494810286764,207.24507233978562,210.3518245146447,219.11748373759198,222.32778167192436,222.29844867996383,232.5281491599721,259.53417005082076,255.2008454161487,256.16087994156,244.89140782062543,240.77191014429602,242.4731566131303,244.59095679229415,252.23450682942126,251.27105670168558,261.38418567620414,260.6255137231294,259.4717038874545,243.3602547978091,237.13119899632312,234.29926687392998,226.37708730716687,213.48650364809413,200.73212287619683,203.60492781233458,207.55689070811025,212.42302909841553,200.0945973288357,202.4867520756233,207.1575509265577,213.59120119981927,219.949738376482,227.6641397096378,217.25304372953872,,293.9519376526156,268.3016296359986,250.26561254548173,222.20914096782036,222.34347511217675,225.41071507259454,236.747870819222,238.47672400476677,248.93977886147258,244.72167531953806,240.79513631212438,245.38371408944946,252.6659452764147,236.80251278079018,216.79135707894542,215.18571740050174,227.36764962044595,230.74563741856753,210.0496971253781,205.91759840811199,193.7162135280047,190.89418758843533,187.2629572591007,193.0713694773208,201.0489712171081,187.58169665375405,193.23968114986815,194.8540371127837,191.0488219902556,183.9776232632011,184.77721043710093,191.40728435414766,203.7097218865079,205.85726499885095,210.66012552356423,212.91077451878465,203.29173193561354,197.67897995619384,201.63554478911777,209.31980628574516,193.54766563418326,190.64759338558355,185.8655681900155,194.57208929828653,201.01900459775473,199.84857061985858,200.62203225164563,201.06969005183433,199.55330239173853,190.99675019641046,182.20119443866312
26,1987-06-16 17:47:08+00:00,259.13452113604575,266.72289948551526,257.2441683410234,256.8513212873234,252.63813956084584,253.16449125808248,249.0740092600093,252.89670234108388,253.41719381255797,253.58151675357152,250.7348279286902,243.53649012705907,233.7766893187762,221.00290854675893,220.73072773779336,214.54013709912252,211.47567117499494,208.10410478693262,227.17513803721886,218.11882393494437,216.13181862319504,206.91702319680726,209.43469840953927,208.94521724234872,210.9393805455577,210.5915273874084,212.91201452307212,225.40761348008016,237.62026589346345,224.2555408514159,220.32033995736603,211.71238864140264,219.07314961911226,218.765658479895,220.8408315408236,220.47433778183398,215.62779596216228,222.1529802333566,223.39506350549394,220.15637899536773,222.86203466504077,209.21824198917267,205.04377307057848,212.38900015426526,215.21198528803095,225.68677218282562,219.13553721606092,234.40960499631103,229.73709202820146,233.7418942118475,234.1263756475127,243.51657282869695,257.65481309300907,259.726119957165,258.2485783479534,260.6630983959482,256.28772347653717,257.1230043406726,250.32641638482386,249.0648059013908,245.66204846365656,253.22317906540832,238.8407470350417,209.71116541347783,205.68688322975208,214.57112800958683,223.33532845535987,216.6636837350656,223.76998431840624,231.31127086923163,238.64273254396278,239.69901075790023,252.4150222539069,272.57247209612143,268.6220399675326,269.1548301758569,263.9554734513411,260.1044759441941,265.11980735724654,249.5419610151685,250.59019792148587,253.88928446881854,269.6451871676991,270.6463584609969,262.3609168609769,252.37426131321095,242.97524082944062,245.71789688607447,230.32573469021622,232.58722070324725,217.50577204741379,219.2759228148591,229.25916755083128,226.9517532578676,213.89726449027984,221.77169872680957,222.43331719797968,219.5253276045866,224.84269362423368,230.14042203238978,220.78106787262004,,300.26184357021555,278.51946745955945,263.0710682641679,247.8568125271243,242.5035113099875,262.0796026517597,248.74439446998016,247.83756863452874,253.8349220474688,241.5397395826344,239.2289184129111,243.70324424836753,252.36711886297226,252.96911920718264,239.81609855070064,235.72893062303558,233.37734769918035,230.8174252229124,223.68031813223143,219.45825318067182,207.54828908660596,201.41050509479157,207.6914896172707,210.4479007091138,205.35994041677264,192.35612483386126,191.92522092651876,192.76712267905114,198.2161883795156,197.08242898552777,201.32659474175506,206.812267305641,204.9306571898925,213.70371891324027,217.07008873067625,226.05261973974154,216.77968791754563,212.38111137899077,217.8165127781274,212.95995647251175,201.24855198999416,193.56612502667554,203.85499847279982,212.56941995924217,216.32822653377826,219.27571378483964,213.6323531921962,216.78128523739355,215.3848770934318,200.14533227445156,191.81994217832565
27,1987-07-18 17:47:46+00:00,255.2907962552449,253.98255042787974,253.24456733563744,249.78224349276007,250.13248506689666,247.82143405270332,242.19054770525526,250.5078488992984,248.71670257560618,248.23742454037045,245.32198656396199,238.56045965492206,224.01348350702222,215.468515689624,212.33739102284613,217.91652033717008,209.69768303324466,211.01191595594227,218.6197215388087,226.8426911432786,212.99371788679014,213.64457450894255,210.54205136617813,208.93270667834398,208.46631568062384,204.76217780143884,206.85325464882987,217.84735494027086,227.32983680478856,220.67535643017183,212.1931892749049,210.19670565359377,214.67399362354848,213.2148321155905,215.6674036440539,212.44999204102538,207.72156218053675,210.7284772825314,203.35600709368046,214.15559393175184,214.07296245836545,200.3926438790628,201.342792848673,201.75262753630142,208.7120783496156,225.63035018151595,216.7586167054226,226.56858375844013,225.1262962485971,222.45840428654589,226.07029116503276,230.9755467549047,247.43425580177626,247.7637839537696,248.6387809726138,250.82946105784455,250.76304690365745,247.85751213751112,244.29150886012013,250.28856491941195,251.75753647081237,250.91571126546387,235.81373615330037,206.59442907026383,194.68979819639296,204.60008813382558,217.50145830975197,212.4901983625851,215.29000018276065,230.68489513582625,231.60630399257712,236.64125495795133,241.97238428108318,255.33887045467088,262.7270317892801,255.04426494793856,259.7988453827589,255.7564410414539,257.11533338731465,239.85663599142248,234.13713719560133,241.54986385100958,251.05226737599898,261.20803973480724,255.87656709734551,246.44379095456213,241.72108684187222,241.81651460335218,230.10198035540054,225.23368867350257,211.95387122690954,214.85659456236053,208.8377625585997,216.19227393260627,206.09155336653905,211.9804525955066,213.40721627438782,215.91453126812286,221.2992361981553,222.71999727558847,215.89216562506573,280.13007146566366,290.09307915406015,267.5795476428767,259.0691301357428,240.8112135635397,240.56124734446837,242.57024448288135,235.88596553841484,240.85560079245346,243.90451119336103,239.56913532588243,233.2911878478976,230.669141222723,231.10733483326885,236.85664899987876,240.59377068468334,229.69150185598534,234.07255924687144,231.20396835261073,221.08009456684448,212.25952343846419,204.39456943108388,199.02220814199524,195.36355766681362,201.5910956162984,201.3477572175767,190.77661181128352,190.83873090089563,188.67531558859582,188.32225091773964,194.675373334462,198.04320558536827,197.93439993342824,197.3997712863261,197.93683079507412,215.08609000619396,212.6928067371071,210.0807929189906,215.75934161209702,213.13415047603928,212.34161403165456,197.4625536569736,193.00550145659116,199.16376700075273,206.54561031407013,211.05811711059897,216.01257756625796,209.61019546278936,210.63694835067426,209.84055781368647,198.13175737153495,186.17615034637123
28,1987-07-25 17:54:08+00:00,,,,,,,,,,,,,,,,,,,,,,,,,,,,,,,,,,,,,,,,,,,,,,,,,,,,,,,,,,,,247.2021332282859,254.92900925427156,254.9375453604702,241.12540170292638,202.2369047072703,187.05937696096282,202.05675332872482,217.60965543576154,211.62593910659947,216.32822830817997,228.64421006789618,227.5092767364717,230.66743322846395,232.3016728048239,250.27901211216454,246.69420061335467,253.92059364504547,258.8857055761449,254.4732246131237,256.1583874843379,235.48749782039434,234.86462880562596,242.3104986816138,252.17070937548885,255.35238951177632,258.9795756080397,247.62381766529828,241.5735836380291,241.46759419397375,238.36200948607893,221.76144647292648,209.3066604472587,213.20227311780835,207.70559751224874,209.4862614434819,210.59269098389467,205.7340093712125,212.8257114052123,213.9207016348247,217.80495977209756,220.81563260653667,207.52150663273113,281.51102271529857,288.4168321858791,271.4061861316957,260.5191312850212,240.46015207990303,224.9681632556675,229.00149461961755,228.7224499217242,237.3455662743597,238.78298258197756,237.22798818580577,233.98018534031328,235.19081677808177,245.34327326639763,242.78242416247932,236.2631188859334,230.58645802033595,239.0211718221934,228.253450471664,223.1285167422827,218.75419195778693,210.56403390117495,206.62442020530688,201.82731009217548,206.13109357915403,200.8327554868608,191.62598100347947,191.16012978035306,189.80255207209086,192.17019958944883,197.27778066653644,199.36566178740563,201.65081584057788,198.61769203535556,204.6099270345982,211.7041803732568,216.77673142397168,205.99768944836867,200.59342381952877,201.42507229216648,203.8801949487461,193.15290158920914,190.76776041784117,192.6325545311588,203.22477112724977,205.73831150712223,203.4432157944152,197.8679685981059,206.37315330689916,206.35589543296354,191.6330521876174,182.91438928558637
29,1987-08-19 17:48:43+00:00,250.1313188592216,248.64001846564503,243.95693470610158,238.65402585776087,240.0803478603272,239.03714743245985,237.37779249739117,244.55685919406494,246.6520147551704,239.9228478663565,241.31276898430173,232.21595139054944,225.30350461850912,214.2863785571296,207.63481885805865,214.10942328191234,210.6274329657345,208.52456986771017,221.56250423407798,216.22130468867007,208.31860941541257,205.86834160471733,198.95105076636455,196.71376768790617,202.80988743128012,203.7232227000544,207.68477732362896,218.05006460287302,226.29998318188353,219.75377640842981,209.98741026046605,210.5790123725676,209.30335911128782,210.4847594253501,206.38078167365748,211.39152796166627,207.04432029708957,211.16387464501213,201.91526350460896,199.51288442293102,201.8728512814526,192.47981569377058,188.2696237942419,191.71326572993027,210.49575946888712,223.15064811296497,216.32121869152488,227.5413328745267,222.35558106623859,220.62494939058854,223.25314808520176,233.9464547777947,247.97085981797085,250.34195748261953,253.99442304688955,257.14256996048255,254.07116900886163,249.68925041756287,243.1878487123997,238.73993606509345,236.82075793790577,240.31865941130454,225.54018456159196,187.23128435512277,183.3868057160912,187.60941449709992,200.26691626353335,212.48734037346054,217.6757300324905,224.77837145927248,232.9618655317192,232.69645494496933,244.4346049422552,245.92903734470985,247.1716131159797,243.53133533325942,248.59761271024277,245.6596886798601,246.38279855927993,224.05045153151843,229.0990385378211,236.21659031052477,240.4065143829216,246.28135087810045,242.38638364413242,234.8859837709204,230.81558493906414,227.40438693494883,219.93347818116195,203.7209720578087,197.6652565245385,192.23317002519906,192.12694200811046,198.84303090187638,208.89329200692833,201.75298438393372,203.26212547355726,208.0830475772968,210.9874583545181,214.02398166987902,204.37085185028053,274.3127089471993,285.340082775577,268.0816050077363,250.90421326750823,238.01963664102755,229.7017356130994,231.28067712459256,221.47612201407293,227.09832755971837,231.43173116495046,226.27396876485744,224.09579439755407,221.38324487114778,230.09655097999018,227.67979701074682,229.8981020901843,225.48342971347643,226.19510756411643,218.34411998176873,209.07818039976473,209.7755869686472,203.4088090608878,191.93562334275737,193.59596401753876,198.4484175483169,196.5333431891309,179.43953377752737,176.40566057921825,183.59764809831557,191.40416871296088,195.0722638922189,203.22007541754547,203.8059754690873,202.9300027827246,200.9005918772013,214.47863427935533,216.53143292459265,202.53592781947935,198.59952190210296,205.36886857184106,200.36518286648476,192.832825332675,190.09533817794036,200.23366646897318,203.83543590512915,208.53722673790148,205.99796221025503,202.03633412738787,210.4920706747742,208.62614951599556,196.28247066205677,186.23552458255108
30,1987-09-04 17:49:08+00:00,249.9302472955434,250.16396728205515,240.97969916735624,238.00785611869534,238.66879205569427,238.8923772556645,234.40215032734082,242.12949958246833,242.57143435246817,240.9175151737334,236.59070955998874,229.4080624973706,221.16219700013687,212.68359516253392,210.87174152625897,209.26100856537482,214.7753832321519,210.05246987998328,224.2293013585319,213.7325828224586,209.79003918611815,205.86992138102127,201.0372401106784,201.36933336427472,197.34696004159426,195.9404309534325,200.60476888481372,206.63687085702972,219.56516557462942,212.68326805649423,204.0928198956251,207.5397874177502,203.86391222003027,203.16243457186704,196.56146609099125,206.0931859531388,206.3708690077347,211.97315969947732,200.68325836621347,194.09446568410317,193.5845936573192,182.64929559850975,184.90029279575037,196.7570984036992,201.88551364976882,207.00417803686585,208.04667813052237,215.7149183148818,212.5852324506557,214.52942241315512,219.02479659135255,225.43769616352085,240.02790470226404,240.41825227904036,245.94002738717322,251.3936932584243,247.25884535298627,247.2612230718759,240.10174150154026,236.88415950768808,240.12374432326905,244.90677471292886,225.67157001204768,187.48995933534874,183.8157023883697,187.03581495676713,200.73454688543677,205.6757407299217,212.66127687174537,225.18397649595232,232.2229365259117,226.8986265712586,233.59219214613813,243.82367555137415,243.53134837090823,241.7341530586442,246.86354363154763,239.21520031802712,242.23964307578018,220.53324352957569,231.59743180657267,243.34051555350038,253.25911812236444,258.2102126519052,251.50168416377718,244.2690500176044,234.3657470442932,237.9822921671451,226.39068844188728,211.11785514034204,199.08885713724268,203.71969797689124,199.09092618838594,202.8198746274262,195.3863050921713,197.3601636616013,209.55135779065506,206.52771581109613,215.20631165634293,213.4824310488392,205.75051805476164,,286.6425945095515,267.47702048322515,250.25479520848359,238.78057992352785,225.13505039067917,228.4802028207788,218.25263607400473,223.62449422172574,227.51922708810494,223.53147650767423,223.10320036092523,222.29662518884572,224.7952552156375,225.40943280149003,223.6712442036598,224.2121847065638,226.88556185161087,223.92774223285846,218.58351496659884,212.3892170018052,206.7855695383572,202.782378295801,204.27990388176522,207.35868377979182,198.90261809592772,188.66429694038084,187.00486885973606,184.19414963725558,187.882809123593,189.12379837877825,200.43123830846517,204.31891567069832,198.52979940534095,199.1211110333753,203.5701910441718,217.12837116496246,208.28665323526448,203.49913143611414,204.58268496505778,204.56552436226536,194.37245154195273,188.91146616014316,195.03584311017767,198.67999136973305,204.28413239672267,202.88474956419304,199.1032759788605,200.14858690989857,201.6791463972276,196.77880199686462,188.54061411758744
31,1987-09-11 17:55:29+00:00,,,,,,,,,,,,,,,,,,,,,,,,,,,,,,,,,,,,,,,,,,,,,,,,,,,,,,,,,,,,,,,,,,,,,,,,,,,,,,,,,,,,,,,,,,,,,,,,,,,,,,,,258.44066883300894,251.36998358877725,230.56706324420415,221.54431204075348,214.66427043911983,215.17709600177707,213.632757068509,220.66956115309887,216.24510401537614,214.44887192497674,201.90413216174562,214.56738483316576,220.2803539394251,216.81490643390475,212.4282865475559,219.01961321869382,220.42628677991465,207.5629398087782,202.0523430389564,194.21979763353843,194.40264376864798,196.95122650619052,199.20655412125706,194.75020724814908,179.03619268651818,189.33028840698168,182.3700235539078,184.92328106907812,189.46878198961335,197.8074535952747,200.08341427958382,198.5325223049318,193.60813153295834,200.99420044816566,207.00328492385975,200.3977337238322,196.41131188176143,198.54172702155816,194.65448022895163,187.94763497314023,181.2745763934073,182.01710474578044,187.967281351469,197.20684774416122,198.38493843412115,193.04244052007866,198.4718531530191,194.90464616729537,187.6949139937637,175.88640556793234
32,1988-05-01 17:52:46+00:00,246.40861956704998,243.41580796020995,238.63114742375967,233.20779445455224,241.05496182904562,240.0857467257062,230.71735921936133,234.20489850737647,234.64232850189518,229.00660657209227,233.317371673402,226.95767952669257,216.08006039634898,207.02668661918142,201.53673459717575,206.2468776063045,206.43384041171382,204.67933235837404,216.49506732949573,211.74733680294645,206.3142858642659,201.99341613112568,202.7420601066495,202.00640096191023,199.68411194594137,192.5657766042599,195.8910142659518,200.6202859838711,217.72961497404987,208.9472962260798,211.0733995087191,203.3701651231595,214.86980459919513,209.51670784139668,211.18242570146256,205.33452862541873,206.94881895263416,208.29755541952218,205.467444349959,199.40916387892372,205.92688168785028,194.70180226582497,191.36307513766033,192.89582427334796,195.31144603561808,198.14658489350768,194.78279949017949,196.24620552316838,209.39420019674358,209.94178287474435,216.1703513301203,229.5598757129805,240.2229549253493,240.08863016689466,236.59119747566217,244.4382899074206,240.69915467130554,239.3659678389566,233.48078606400833,231.81421341207422,228.5222649195206,230.1798081079149,215.4163747935122,193.83761300034007,189.8103442000899,191.77875181981292,203.65011937637695,194.55567916477202,202.93197106326687,216.07228842886371,222.53444204536447,220.4294786185306,224.61081688297838,246.67741112730369,245.3885687459353,248.0280888642191,241.06637500092108,238.20274188980153,239.13770798170185,225.90670460354167,231.37646917220587,240.63075702792935,246.32797793440685,246.00170267502332,242.9250660169286,232.45590766993803,229.57737351521888,233.9280010613992,227.56310372811976,222.116199100199,208.89102668094716,212.77553525799019,222.51254708439672,205.9083220061108,199.95967318873616,204.9939482282426,210.72906765723775,205.48246671349716,212.53724452231933,215.40910700560337,201.91956238057475,286.30678435373204,275.14516800619765,256.66148354039,239.9270226035891,236.3029880712027,233.62291405057323,232.92476585482666,232.6600331886064,230.94581692956646,234.84091785064024,230.90538889578895,229.57873199758706,225.2524139131095,227.55653710946166,216.97090767422503,205.9515524094022,204.9403698064113,211.49930335673997,214.7387810954883,207.8401454993837,195.74049727709587,190.09877256632524,186.3364185176472,184.21564563118724,191.19535505246995,189.33937003963484,177.89736698256394,180.0035888283722,178.4040706794923,179.2747668866657,178.03012997274132,187.08634664888763,198.54322766358504,197.70743555241174,199.34952104956392,206.97638417513355,205.4359076554585,198.4126333111433,191.51074288399434,191.0497197360411,190.1752476528102,181.51187166204545,178.27794475052391,177.3990931770138,182.06199318989684,184.80796562294302,198.3701969169568,199.65400007893697,202.29311550093897,200.68619999464983,188.15086632055693,183.71770259436624
33,1988-05-17 17:52:57+00:00,244.1417765072061,244.7269409932336,236.28026467779588,236.28081216925915,239.03774325822002,238.57504374871183,234.1881537744188,239.1875540329462,241.17805055467815,238.0433547643383,229.41309778172143,226.35926359165668,211.0605429822259,198.31565901723738,203.6406391024469,208.4419339161425,203.34110418928262,203.11172520959417,218.21205029137045,215.1732557078691,205.4711696743151,203.66437834929056,196.5700828861936,206.00268969545942,200.44985422701342,199.83052281079298,193.50721829690025,201.1335945793852,215.18407412264747,200.67441580510797,206.7873660074045,203.06924504449057,207.26699458029555,212.78752618329887,207.41114117888853,209.00335574623546,207.54390850194645,212.36882017927223,206.50086628188598,201.3286981023405,206.10081984103965,192.23834101540024,193.0230863462819,199.37158182324956,206.07417592486348,202.71494719802735,194.64917136665176,201.20737849644382,206.27273830771298,206.98106237819803,216.73573620634687,228.17733786134556,239.35999179516293,239.80042730663592,241.30661495497367,246.02633136678787,240.35215054322734,240.81142389294254,233.69932147729025,228.66329859439497,228.60181503270599,228.04675130082205,213.21143463038283,182.1511188030059,177.99181754687595,193.00351035814217,201.29733243200207,206.21671152957063,203.23192925861952,220.50333173110604,222.33634971081588,221.8218477354485,225.17261510651562,249.95979660376486,243.03651013038692,246.75650290551494,239.40863747945144,234.7406366672006,241.01425530867613,229.18970781704667,231.11180895731923,233.8763186885373,239.93649164162014,237.19088823887174,233.49706713010042,223.07462948980682,224.82408331144347,230.45025321760914,224.1686481192661,222.25767059714934,210.8143026894255,216.4889318037548,213.11728514719994,216.6344087418693,204.58844298418762,208.47688104541473,210.50091611932874,215.3929809938353,222.71594724331084,219.37790348205846,214.4102325540446,285.12582806975377,290.19824967949387,266.3180206972304,252.55795175984161,223.62238273600173,232.92305659265082,233.01309962699187,234.57594023477523,234.78852212400255,240.86889244896685,237.8752570005311,230.35585178535413,223.595895165788,228.79682653215013,227.37519558858367,215.25847899889487,210.92052875500775,220.02172797739883,216.90773799285682,211.33481767362287,201.1741967448113,192.54362984111248,184.5495225620216,182.03336474708374,189.51608976753943,188.7950119601039,177.66976568561392,177.91427671031897,180.33807206350463,180.54768021820703,184.8236441908333,185.4109329632005,192.39640734737478,196.5089868826636,196.3702986681039,206.7810157508398,207.26546775796032,194.56987218317818,192.2009711929815,191.57008001744498,192.06674881674564,185.5560793001118,179.38623569764522,180.10965027377384,188.14885420362637,188.4148502780354,193.12077630651558,194.5169541297406,198.63270052274754,198.09799197907563,187.04216819869555,178.29973229593398
34,1988-06-02 17:53:03+00:00,,,,,,,,,,,,,,,,,,,222.8756059994683,211.43285415267883,205.2777048172332,201.491796087633,214.7007181121486,208.64437600113087,201.32983539482393,201.9392735336436,204.26352370251786,207.6622292686656,219.40620977337545,210.21771248748703,215.16544445847887,208.02581939952898,212.5252297903194,212.385529763198,218.52605547437605,206.97934889965924,202.1710798551781,205.4258822938527,204.47322298927,203.1079388442161,209.85852047747267,191.57124938267458,196.52899734725054,202.5859286530374,207.12668713237497,205.92696952971744,201.6484909836504,208.69440355578297,213.32676693145478,213.7570731301455,217.4640088565126,226.19019806419146,236.8326033317513,243.17712011083984,241.3102497167494,243.23275966221857,241.5860917280949,239.10519864634068,231.34180583127028,229.2734824988712,227.38175813459034,229.77185384257882,216.85352803008942,188.9139780602635,192.59745524502952,192.1257710193199,207.57273294195068,201.66135431539624,209.59900794321538,218.67780651410447,227.81612335709355,226.99007802536659,234.27070476384853,253.05767198251203,249.54295716220247,248.26198428666538,243.86148210534293,243.8248349743353,244.67519263848237,235.58130888203573,232.33616784587383,238.6954904312746,244.25488898940466,244.31098591245853,239.09011409603386,228.7291682188632,235.12981968870534,233.84498254020824,232.76345187951694,223.24195706649294,213.8451299389033,216.96466704710633,221.78692136859377,222.9068218353234,203.89615104711532,213.35574652096238,214.1655282815518,223.3428903540815,219.94340188340712,229.44484420507536,217.81037768701864,290.92130010948296,285.89487219288566,266.79672469523473,246.28825649035477,231.07070989506707,230.43045802999018,234.30247207130444,233.33043653879685,236.58675713786351,242.48963610801837,242.42883702939727,233.54090738932288,228.88134163172435,232.71358288168074,224.9934143857945,219.14120512326778,217.29212134001153,218.01326388803497,216.23148894795798,211.25506253444593,205.63580208898446,197.3985814401531,191.4791383295293,189.657924467835,194.48858093469755,195.2364973007701,182.54122616388213,188.48301884747548,186.9504865804662,186.0113915631845,191.46481805426902,197.2690010578659,201.17618005023203,203.69974616435087,204.23232821547455,206.34811050732424,206.3750798327789,201.7711235347004,191.1336616451757,193.78734699207814,198.37655915016654,190.7619170104784,191.49411321164735,192.21712420017752,193.54234302181595,197.44464407896336,196.44449053435017,204.7593083364108,211.51420947902977,208.04751067840544,194.33893600068524,186.7693850839397
35,1988-07-20 17:53:15+00:00,257.0727823932798,253.67276919384298,248.2691229040479,247.029664052999,247.83055117107017,244.58299609660435,236.68061255485958,247.69962273258818,249.20330020621327,251.0763101992124,243.59354539929876,239.36787530220872,224.13327823116072,219.391386457824,213.71126775807386,218.49972948804344,214.3147157690799,217.85403852548367,226.920821392032,220.51189577547188,213.95501585699876,215.36997758103348,215.8288792392347,215.28361656036918,207.34102323809685,211.4222909862059,212.64470594316674,224.1648169500871,232.879949133967,224.97790404633264,212.18253272407196,207.3963155170486,214.7137677913574,211.64331168350634,207.00693821367852,217.05320152382444,217.59915287766415,214.9718464402733,207.9784054635111,207.0468011038568,219.48634996401694,201.2055312281616,204.82641669608932,211.35042521636223,216.8304016904339,221.4264211257059,221.10530241076293,220.6283449912455,221.26506576033097,216.14125639298783,220.4267138944695,231.4931292028344,249.12112220970454,248.08589690021097,250.08126366657194,247.82861116007635,250.52068694381643,241.22288702846174,236.40742675354764,228.28639716431252,240.6635548752722,243.48658086111413,228.8935127929314,193.32955850446172,183.12341329055238,182.48610815353493,203.338852627841,210.2608332387402,218.71396677527807,235.1611529822529,239.7362070444836,237.46601407928347,240.8211322312536,253.98538362060225,251.17054654290504,252.63480313219063,251.25560934945628,252.82614679144154,246.87755618829516,230.894905497315,235.38448182395564,240.34312306996998,249.91542590301123,252.97695729174487,251.28804959590303,236.12046168533692,232.86635070596014,234.12411466806486,230.2762774836568,212.36964383918905,208.95324739314412,212.21185677665463,207.47291492919408,215.40204292839226,203.66020569778772,209.78385591672077,219.35963526685745,218.90423780748836,225.05557191729002,225.53515843921565,216.0958203562401,282.8753273167755,289.72936273852054,273.170166186816,258.80589001061765,245.89427403922394,235.39644707543212,237.67584673558804,233.0266229902341,233.94734410361713,242.45395610288818,240.2084048464418,234.59966094756635,225.80846230365813,238.76741445722544,239.3865519699945,235.0562743719579,230.50222041195093,226.73074812526517,235.01248601743984,226.47985666860217,220.2768907633004,214.0257632112247,211.4595208224804,206.221337734278,206.44990885484057,199.82558132376158,185.0333765914956,187.71507881460929,191.50152671580713,194.81013337389462,196.2168612428693,207.85054950802174,209.1822373829374,205.72486644246305,212.086335429558,216.9274875105138,221.30636060451212,210.70624439266328,201.04460697755326,203.79460423899098,203.17798490713176,196.9027530259042,186.34928843693677,199.3277751731279,203.80535063312095,207.24300791069476,208.91810229968007,204.28063020430352,215.02861556331246,211.5134040511207,203.95486304403846,194.0319622211387
36,1988-09-06 17:53:20+00:00,252.3533351791536,247.01957492175399,243.2561290451212,242.3847566217615,244.45847082212345,244.58847524179345,240.13582046825917,241.1947707126675,244.46609812113732,240.48899335999303,239.1551739895182,232.05715283275867,223.88557671581987,213.98081885309432,211.33937087858249,213.85178578177175,211.3590138501849,215.7759144980509,225.694279196281,220.98816338963576,212.67851665214974,213.85886586100315,207.67596173199968,209.4524651344882,207.53113595682976,205.16764170607152,204.53471182935243,217.51869008047026,221.34901860609688,216.8724011535779,203.6377445911452,211.15220442144607,212.45384618848925,215.1603914741828,210.25049349138033,215.2147970175787,209.70899166976267,212.76770035499192,203.81640596086942,207.17684396383044,210.65212916437724,205.55437196721803,207.94503944206969,219.1557417237416,218.20567940591326,219.5514431926138,216.12248728993563,216.31521208792321,216.04761324424783,213.66459475660758,219.09885754621877,233.7051573280865,242.73612667750763,244.48885774080455,243.76359422701137,242.2368028758607,244.34271638359183,240.62358302885747,233.39637434753803,227.93058657515837,232.37309356378506,242.36908403487203,224.0644297573068,190.8318749920315,192.18087165786537,197.49607390129708,214.54492831371607,214.76713357437694,214.1599040917792,231.83747632876305,234.9856524390492,231.2638381765721,233.18456118753733,247.2658269668666,242.487488111982,246.72766890163822,248.92567385805114,247.75123194549707,246.23067377315465,221.0615032331438,224.6070954259372,233.1209487572061,237.55015451503846,242.71438690082948,247.33845300394637,241.29293768207637,237.76804951850644,244.03652629894907,234.3578650239291,226.50628606844418,207.11711734178246,212.06313637416957,209.8903333999151,213.21199737914893,208.42915911977397,201.76627943101087,210.25653602990343,209.29511086764262,217.77297277572606,217.79284826021055,205.85788065382832,284.0052538391927,282.9613170624483,271.26152665587,259.71702738851985,242.30301464199792,233.52185668282766,231.17258425698486,227.68494591429518,230.61270075665274,236.9351652976124,234.85432650799515,237.46008573850605,225.66220464385782,235.6689684266966,238.17860079322875,234.70415459060695,234.4037183984528,233.2593639359203,234.15594572392155,228.40246949396823,224.37257192123272,215.9943762790371,211.5139501747941,206.14145320828203,212.34157951800188,207.18078825651497,198.659905762962,200.4258390559025,198.79435455225058,203.12028806454668,205.03748534497913,209.7072236106543,212.0054607881894,209.17721509934432,214.3185214973654,218.12298546965243,219.50222759768576,213.0416730021148,206.10233059035104,204.97162101711154,210.91084681257823,207.70836762916338,199.1004922740398,200.55530652378133,205.33229296685747,207.76598260912587,213.72007833382023,207.72653250742346,215.57817743849637,212.78045814668448,200.1564703181557,191.88376090922313
37,1988-09-22 17:53:14+00:00,252.09396092649916,252.39233441202606,243.1016056180535,238.90374110933382,241.16255825473985,242.634942154189,243.39839225842564,246.16724949991584,244.4147853817645,241.9691649250094,239.74636817222768,235.79401165351,222.57388037027533,216.09209538506684,211.95713835753145,219.25081172286107,219.2645861896387,216.0028749847345,231.79414459243498,225.97581429257718,217.20423641084074,217.11397228548566,209.11186900516566,209.74801813952627,213.26856637498344,207.88900513503802,208.4763782726321,216.90167579724692,224.30787563755501,219.73874540089122,212.00764554579456,208.73174900102853,209.92491902111576,204.17055878393697,213.21277674397484,212.83280682350485,211.4982084790147,213.31621848032074,205.31911868715062,199.85536620629142,203.81312422694947,194.54047238194113,204.94126315030272,213.7225761442289,217.6358182469777,214.59540418482516,209.86556910504763,217.2935924593601,217.92503560760827,218.74827778614124,220.18496962594008,229.42985688469696,242.8073791888482,248.24522508167664,246.54782728505637,249.07519556776492,245.98992904061836,241.84433708393084,235.37668801719173,231.40964605997488,234.98626885992456,240.59491440638433,220.24473973842473,188.14736711721338,190.64245952290597,187.60855065238655,210.79421337060194,214.52758368940033,220.2028989059246,234.16306284844902,240.09723363384262,229.38807659574917,239.14557216607784,247.40088364389007,244.93668420375823,244.15090544848363,247.21703270843255,242.3756287351224,242.45694928338526,228.43206795028703,228.38299173056532,236.68344314761237,245.12991972118743,247.02451831231917,244.7331625623205,239.00010965945245,236.48592200619106,235.91290880722408,232.47764892309993,233.43697756187768,210.69865801401815,211.96492171598987,208.76365701430495,210.82793649615087,207.26695867474368,205.54565207440666,212.97957703967728,211.41384276530306,218.77476807778223,215.60357927406747,207.79907342826377,286.89271052826274,282.34413072353937,268.8247976181813,258.0874527618875,246.5383458874211,230.94965074199393,234.87730580757375,222.75915749802317,227.735893220477,235.89270876819091,234.1090357949389,229.9188635623079,232.99411606895413,238.5488984618257,238.32786993725492,234.16039139182016,228.33071323540895,225.751403951096,225.2451867782284,214.05105568786593,214.67943496069338,216.40296479350388,207.57471374514245,215.31802856969693,217.7801999232962,211.26855758874842,200.36867214975564,194.12903141588282,200.18298247658663,192.7853182746544,200.12388263832437,205.573764869952,210.36460977275817,209.73937439992932,207.283372206166,218.08670290569336,225.5114917850801,215.39647374583,211.08162733786838,211.5899978849177,211.6203869268964,202.42335253981656,199.35852361376254,202.84792890745268,205.33134689495267,212.62804388549318,214.6178228565832,212.15000171422412,209.45890495937735,212.31385448540487,207.27928463523568,194.663160725419
38,1989-03-17 17:51:38+00:00,255.39369747203315,254.18076348799093,249.12804868634345,247.1636598271501,247.68257506317912,245.07181667365904,240.5948422308304,243.8747879797451,244.27609803340695,242.1452829617403,243.4211094060877,239.98050233956786,233.45927688714374,220.79978960382775,217.13259505484695,218.9217374027774,212.02257742904726,214.74563406370658,223.03114155622728,220.93840409038563,217.21642320676972,217.70057016233798,210.47668336376182,214.57995712481198,208.43761201034897,209.32367544011177,207.54821691447071,218.4525597238081,223.72463969962502,221.97026968896012,217.51744517003664,214.69232896457964,212.30369798253037,212.32775784497463,214.35374521668717,214.07177691052698,213.39321041755238,218.09047178086794,207.86095628941177,213.5824521876404,217.6540748522442,206.36663659125378,210.48961661928013,211.84407917379468,216.0771967298429,213.06713601258653,208.76417951261078,207.88475555591123,211.41617442691592,220.38607923717046,226.66057390694,235.98256406313385,249.30234819205998,247.7446274274099,245.53304912279157,243.47452698817239,246.2953949849076,242.61812062797017,235.88165728668682,236.4181041064069,236.63511407526107,240.60624114476815,221.80589265952545,190.5165939250823,187.2468899896983,191.7817071196497,207.01850180814083,209.15351503868584,206.45968365302713,220.31181374319624,225.75374336710126,227.16375355480938,226.75401248577097,248.84147596114695,249.20305518324477,247.11030987107804,245.50919311472404,239.89538687232277,240.61399643586347,232.15185245511657,231.1590387286164,238.1635351732093,244.67060358644034,246.92663193039687,243.81246732681495,240.68289061929346,233.27650206712573,235.16898160392196,228.3043596922919,226.82826541570506,208.41851536596516,217.9264243000681,214.09442064717334,218.38606359465533,206.53423923847097,208.59586939842723,212.57293189936797,213.8634325270284,222.2154390517075,220.75591424784227,216.9252650048625,293.07598112288395,290.41318908280584,264.33001877220045,253.8928292529103,229.07851245095645,232.88004135677522,251.51834228711928,243.79519659697934,248.35797626242208,250.32597856132998,246.53146685390874,245.2217682439447,242.1437102529555,248.96305014670907,239.45715267020728,227.48291697747527,229.39832764905094,227.63736416402207,227.93568480341654,221.12174795283644,214.1446203990696,204.5223838873477,199.82216554848503,200.39791288505444,203.085069673553,198.58690832988373,190.5448209151903,188.28945390869345,189.89607322103024,189.53732940869878,195.56798500676814,199.38863596884678,208.52385330396976,210.01375773359177,209.71000623957497,214.15663598885078,215.198803255394,210.6916282741849,201.2595005555551,203.69597037142756,201.3514885273566,193.067591486109,190.09720464740786,192.7729115697857,196.18120577654486,200.14453872075256,205.49728380004115,208.68886887304257,214.748844511217,208.61863995134206,197.24609627997262,190.77876074301145
39,1989-03-24 17:57:39+00:00,,,,,,,,,,,,,,,,,,,,,,,,,,,,,,,,,,,,,,,,,,,,,,,,,,,,,,,,,,,,,,,,,,,,,,,,,,,,,,,,,,,,,,,,,,,,,,,,,,,,,,,,266.80250385649214,250.28216508666767,236.34519064032216,223.468600713499,236.3069231836498,230.32774030705542,234.98160276073594,245.33281958730427,240.9412364552988,237.6832980013403,227.00643320092902,236.61888238609095,229.1205148355048,223.77370059118365,222.65059016327666,225.0175392105718,225.41747527648874,212.79998049705176,199.74466257391424,194.13783549156065,190.04427053855414,192.00233620451,196.5158579153166,190.85780429395066,182.73880532453933,187.40669835477576,184.23079267787062,183.22582803858097,184.30590539251864,196.72414030279216,197.55218002100702,201.63942932663969,206.74415661872536,214.66751775922023,207.1812964500831,204.5193232538544,199.37279511057898,192.71149591531935,191.6919222756766,188.33956229183048,183.59452264641266,183.68527437451866,188.1850589074869,186.70324356229804,189.652326750781,187.90444701457602,189.46240502054445,184.18565240447413,186.06036824659887,177.48093250990513
40,1989-04-02 17:51:36+00:00,254.59897177753797,253.9250497425188,250.05272675808547,245.88228179928905,241.24544416935254,241.98910145023592,242.26160593946742,250.64628177610604,244.7664916714586,242.45097357474242,238.08332991759147,235.04582624259803,224.50771102178214,213.46261501341885,207.04074639731203,216.78456468698812,213.34123810088525,214.76391936077738,227.3892696856264,224.64389994197313,216.7431039043439,205.9675688704387,210.75027988171902,204.63907940012737,212.85115378801018,213.85808305727213,212.2069550202197,225.0767324831334,226.72401019764146,221.32338790204366,220.91231790147216,210.69094769441125,212.38637257673022,206.32155610597704,217.9842518001489,222.67068372566956,212.20847222237785,217.74683436229063,210.1213701886511,215.12346122215234,220.0944238386578,206.85676983610088,207.77478609688808,206.35038111596396,218.6615151373773,218.95395827210388,213.4861247977444,218.63587378255235,218.25481932549252,220.01821835342668,222.01199269946807,235.30053470730098,247.87948408343,246.30393159837726,246.27325485303442,251.23643545595786,247.85573265686224,245.2179892617007,234.4227799562439,230.89030299286824,231.99795383503408,238.26853729965384,216.7083124044181,187.87196231331203,186.12121642768318,201.9551287738423,204.72263139705558,208.33646631574612,217.68917489700394,227.91776859418187,237.45644542392392,230.4761385318663,233.73679986428237,252.75993348658994,252.24027791067596,245.49126255995554,244.3430216056092,236.17170093242163,246.41634552084724,233.52166842194248,230.66166066681518,238.33046678052722,247.80611553480605,248.9334120711378,244.66924718118167,236.9472298892328,230.40212315126024,230.2308268548419,226.32665578301078,222.6132119978081,205.8709540824851,211.74536644552677,219.71033966741237,215.65024229821262,212.10623852167043,213.201683397892,217.51633686213427,221.50316212935775,224.82328396735932,227.78069837766782,215.55099157673385,289.9642837716751,286.5777604882046,271.5821276208997,253.0157219510691,239.02045962359722,235.7512290273579,253.91163726380057,246.10536634906776,247.1821798466346,250.26004266282274,246.37014795880629,245.2706185395969,237.6952737471067,249.5144263412975,234.93298408123587,223.90082852382798,228.350612554389,236.6086138223735,230.876838670763,219.071407662719,210.32435530777082,206.5439122952824,195.6562200254969,195.2858961041072,203.0568964677306,199.85999010197924,183.27587150159871,190.45992765590577,190.75974939356317,192.83833154895336,195.782966313721,199.9859533684041,206.14928348982198,206.8146023333086,214.34926501710305,217.8092869202796,220.57360409845967,209.5417785607889,201.93066020185725,205.44044513007225,199.37626835731498,191.22815912457935,190.7796790462718,194.72038273502358,199.19507903079096,203.10547987994505,208.11250735956338,204.91330289331262,216.82639323591758,210.46164974795312,203.4836593945297,192.26058319563242
41,1989-05-20 17:50:57+00:00,253.2725061461593,252.9343378032205,243.9407756719164,240.96581925370026,240.90026178645263,241.47553957242718,232.83649562981688,242.8992012110964,245.642940878758,242.65646448884107,245.75104427793073,237.5451445837494,230.41173390098717,214.75862049748827,216.48081217413733,215.61797283593853,222.1803023435932,219.1516484646819,234.62059385801098,225.81297224511013,217.0187766243743,207.25705119830255,211.58724723493523,207.8994017580065,207.46877222278584,204.31338733710638,207.95257476184526,215.63094513907964,224.18957714501676,211.673821317786,210.3542885492122,202.98576191421444,206.02172395506886,203.2007132138085,201.82951332823703,207.75297775469915,210.29729710488374,216.22236354997307,212.60023687247008,205.86641504843908,214.36882755636765,199.4425293318924,202.62883488189414,206.17769471559978,208.86899609757802,213.04531197354973,211.40499071008924,212.713774792642,213.53788693827346,209.64188302485644,218.3197364953572,222.31212661217336,232.34824767784391,232.61498286496538,233.74923161711655,240.46571360210038,242.30088697040262,242.38379787628048,235.8680011216427,228.01831723906875,230.9700049486599,230.36211661379622,205.95931537781698,181.9428825923339,168.71023651637128,183.41092359798375,199.17816573675537,197.75828842108223,216.69332021436242,227.09300440548384,229.52909178669216,227.06187688341515,229.3128471089771,246.55053435262556,239.1887780338831,238.10842857023198,241.12108200772263,231.40814519741687,233.92051051584895,221.8210542478577,226.3929971331317,232.57590016926423,244.55679783903477,245.10415152867813,246.37249494476296,235.94140943523405,234.25844299347762,236.3918400057264,225.77544544618868,214.1882988337972,205.53866242561708,206.7171736173634,211.26071907408078,214.15457329930203,202.20573339094207,212.1994288312991,200.77922295460814,200.24123497895783,209.72135443460962,215.40987913105587,207.86071587895572,277.23095562615134,284.92441936114153,266.4410153883995,,,,,,,,,,229.14417637798005,241.57907433887323,240.99915773852643,231.96413109357653,220.10769978531755,219.18368449039198,219.96093690908646,208.85229408376026,203.0108771763297,195.61375034259888,190.34550712501294,194.0026188915477,197.27817795097215,196.00397690926758,181.4360772179943,180.63477945261002,182.32873226953285,185.36422074831603,193.8990284492321,199.08521029321497,204.16718898096104,200.92773301560436,198.71940369599548,205.62791493164855,215.13634578235536,206.70280519124645,193.03706343072193,196.98839526710398,200.34740205490286,187.64899625825137,181.79604992458934,189.28955892917617,198.6124851532395,199.38252009645674,203.64140342140618,200.94553309798005,206.167492493173,205.5091033438109,193.9654515907926,190.69300481142037
42,1989-07-07 17:50:04+00:00,245.07937851218244,250.474789041787,246.49573735773248,240.4350616040265,239.01740389175762,237.27025752895466,229.6848421735525,240.4472856663616,238.57363583455776,236.75412228841247,233.58384526570205,231.99586950065816,219.38223609334835,,,,,,,,,,,,,,,,,,,,,,,,,,,,,,,,,,,,,,,,,,,,,,,,,,,,,,,,,,,,,,,,,,,,,,,,,,,,,,,,,,,,,,,,,,,,,,,,,,,,,,,,,,,,,,,,,,,,,,,,,199.350062779691,200.7399267257407,206.42230188877912,209.3955620849396,209.49100241062678,201.00128812528305,200.34722928777663,198.76717574807947,197.37555396864636,,,,,,,,,,,
43,1989-07-23 17:49:45+00:00,246.6059711627217,246.26981324108579,235.7160153567143,236.0496136241614,236.1253140195905,238.54095838839373,233.1805934847103,239.27074666096246,243.5397723245086,233.48026527716698,234.2277600852811,227.3232656394594,228.13933089600872,221.3873090422798,216.55289216651647,216.7483017789691,216.43672210976013,210.63540404081246,231.19112196030142,218.82681264945225,209.92566666834804,214.12999916132853,203.42857143860266,204.39510102712944,203.3783318604203,195.91906677398396,202.20004722484666,210.28958583314437,224.55016667036597,210.4877393854847,193.95027949755826,205.78484335729655,214.57154021621093,212.56715742915858,208.3302391163681,205.87510955648074,205.66078779474952,204.88753877265103,202.8239136514504,196.1366278922917,201.50170329202786,199.58224710838263,203.0548417494822,203.2691958203144,206.6052950341795,206.36971316756546,211.3725900863767,209.0229504709583,211.27360220243742,209.68548565198017,220.3658822312326,224.80908021840406,239.11336502929487,237.9707534141204,234.52538228151224,236.6016586300206,231.2611678144562,228.5788977172174,229.48858858358642,217.8592501689343,222.50985941034315,229.44974308111517,218.20686936243385,183.90052638783268,177.12710482397188,187.55629374144004,206.59124981997905,214.09258452044975,214.38217422653602,227.09411563289217,231.53755182341706,229.92230699150673,220.8501150248902,230.16985147505721,232.9800391758954,231.7181471937721,241.4452171216425,241.50071566294497,236.1684469118692,223.69676276884084,219.70783820177007,228.87449768434158,238.55860770741987,239.79105089138284,241.8336215873323,235.97868427115247,237.09697289050547,,,,,,,,,,203.35753735840987,208.73020031206477,213.07295523649182,210.44399683435972,210.32514671280185,281.2302012889802,282.0464456974655,258.00954208632885,249.96053443724747,232.4634735356928,223.9922539466434,226.79609383850163,220.31129645880665,229.2122078929227,238.52718035979996,232.73499611911384,228.53073292297648,223.09688894417096,224.68760912759234,229.12548496247842,231.48152499006434,,,,,,,,,,,,,,,,,,,,209.56789932703668,214.8466230569174,205.8940030498611,,,,,,,,,,200.45843131293967,209.5183369383721,204.9690595868884,201.7593640285507,187.33800190773547
44,1989-09-09 17:48:38+00:00,253.13960284140848,245.86448001125197,237.91711463629684,235.75994274901944,240.21326082219593,241.96884996390628,237.36234818178963,242.23697490930638,242.29720895333173,247.9083850895532,241.70309132534564,240.76202939901492,224.4914523114208,225.17127395960574,219.79611308850627,221.39553970951664,220.1508362727946,215.82525709436888,227.10395096410818,220.6702548803125,216.67048927399975,208.8490527281439,207.0470867496042,208.59642737948838,212.90357578640464,203.62894345681303,208.05339725653673,213.94317161876126,224.3835838894401,208.24776851225351,201.740089368694,197.56424346947995,209.9235055773648,206.50979256502902,207.58412916745738,203.89122501424293,206.20611994147478,202.64994736324132,199.12480987039447,196.2993396199517,202.07341578680283,194.07829418461915,194.84157938088953,205.05603819619873,212.2102836432358,209.44980686198357,208.19632032734216,214.55005367714995,212.2001884481831,211.58703804493868,214.2170914862328,231.0841627797395,245.44889329308256,241.7338282420265,238.74874375559446,241.13813623091247,239.5779093068587,237.90656467089167,233.68015037871925,227.10218447079936,229.64054754237455,235.91464105863443,212.92314627604094,195.0732571193484,191.61580771631782,192.70831978853556,213.56264038490283,215.7939247163101,223.4883173848035,232.91375096567023,236.4009033392714,224.95574338791556,232.13510032775935,239.2924402598755,231.6284870635606,234.7847131480335,239.70874548627722,246.8080333614862,240.23125404340453,225.91064368026306,220.78850653009977,227.3107966770442,237.30457429226718,242.4807535255324,242.22406163244426,238.21712532534525,242.08063085219482,244.3600599238516,239.86381620038537,226.91967959562936,213.37039363266894,214.05449112689504,208.91667212968355,214.20786334408578,199.9414256904435,204.02061660494124,209.2088866297164,213.6273369196341,216.80607799662772,218.37359655800435,212.35140394241716,272.8858654249491,273.4033504783471,266.24624876050234,265.5319146674222,243.43157370578558,225.96837232459947,223.76986655548467,222.27008079975667,227.47284614037022,236.74612333787869,228.12095427414613,224.78230485821285,215.3104170946951,220.58218020742726,227.7108866128483,226.2078587933621,221.0356055876021,223.5365912252498,224.2076976018036,213.86424816662833,216.25214390086975,213.2154211767314,211.27552936698333,209.31278331560242,217.59677743031978,214.01838828905522,195.64140410789324,193.41179934816674,198.40159695836587,199.7630248056018,214.77116912636907,211.7159506809767,213.29802792422691,211.37475317650427,209.96036622291425,214.01931550123763,218.88887622603164,213.0650916159757,203.5606884706152,207.94295386101055,212.55131368029714,205.42898026519606,194.19134203386926,196.4033567649986,210.37488710701047,210.67030426455204,213.81768701829708,204.4825871407854,211.6457598196695,212.6197127970851,203.8654108491424,195.24563683776904
45,1989-10-27 17:47:16+00:00,247.9681519613266,244.51192934501074,240.3151280289536,236.11467720174613,241.01682350927456,243.4286589992399,239.21774589847996,245.90194375315988,246.79092927486624,244.27941796527796,239.86849219710848,235.3006391621189,224.84381438521172,215.924591362584,219.06491237744433,220.98311260900596,219.4758943078014,215.03851257036578,229.4039263360741,221.1264001227726,215.11387359128452,210.76522235231226,207.23191352605244,210.86836035467496,215.82976799551597,207.3362841667265,209.27725501562816,215.59660453441194,224.45350059331128,213.38031547795543,202.35143196873682,197.76716567302617,201.96554837332803,204.51936020060225,207.13927045071227,201.151071145718,203.52850768674898,207.23814168136528,199.99938804114043,199.0126671505759,203.93939556250467,192.77354306518293,198.9614802254007,205.40650261829296,209.85487659095935,216.09417732797124,212.6973270577364,216.3384097548802,215.93240139509803,212.51936358676915,215.9773858194785,225.07865428974793,248.4630543918014,247.70973997723007,246.04067597884585,250.19005790376826,239.94882905433934,242.09450531386017,236.3565189089464,236.42691631874737,236.71238397553378,242.85649528783117,219.96208957981304,191.0117421508782,189.05352862379775,201.7153316840722,220.52332726994047,217.02860132291164,227.79942036293062,235.91672046940053,239.11718640068597,227.96380821636754,231.63130884233422,236.799253416425,234.4074967658997,232.26442604330424,229.88801108047198,235.70971531310755,233.7073103697489,213.6740473207335,213.84634866422613,222.82357261879633,232.10900466872567,240.4942828234818,239.05300900907443,232.08588940933316,243.37997458862762,245.04465924717425,241.63080913937154,225.08219038593552,204.70427474100916,207.41056328189205,208.13274442793926,206.4156411943513,205.5469885845817,200.17664436631128,205.27383979127566,210.66646930563942,209.4159343127974,217.30216340190879,209.45052196651588,277.9340299097637,279.8070129098455,268.9286075820742,261.52032269809683,246.9862664470387,231.5491313121621,229.96309130447622,214.7767740393132,219.11022852078642,233.2978223616342,224.18874445867334,225.16118394102105,218.74675009664557,224.61679174503723,217.6508172114759,214.58839794291217,209.47806444770487,227.51950002945517,220.6009024461551,211.56722177865112,210.2683678875258,206.9262244025124,205.95590220466002,207.08635572434954,209.28950624103948,211.96485022712633,202.30630179838403,209.55946879350637,209.7841981334942,209.78785569229825,216.28774435327284,221.35554211539028,218.01171350418429,216.99085011123233,222.9465431133766,225.8477619491004,222.88927436194123,219.90318214060187,209.83533598510314,212.93550577364425,217.98787038110416,210.05964110571557,210.39443293819676,210.3210063103786,213.6501219013763,217.76608515372348,215.1620621947998,211.2420090636573,212.6457311325832,217.94957212439175,203.99730081837822,199.92132316127913
46,1989-11-28 17:46:28+00:00,245.68450209504448,243.01283678482682,234.59020209796398,235.50774939783497,237.83101519643424,241.0779384940268,237.53283642114036,249.95663852004097,244.81079173978395,244.90873483588226,238.26765506187945,231.4993089650609,216.43665819255864,224.527496864691,213.44552276400162,221.10210073062632,212.90910856798823,212.02923398883974,220.9349067962421,221.94326998454326,215.34584820604792,207.43366806041988,206.0551557756864,218.18537120801926,209.62076740919366,205.89771757185906,203.60126388588805,212.96183011095076,216.33832726463567,210.68719183569863,193.49804248909527,189.5703340421779,203.05534704019482,207.23090915894682,203.1770658543807,198.67006807981363,198.6789772752337,204.26272559240056,194.10418227101013,194.0346450736678,198.7403469228043,186.0788264793068,195.7432663977433,202.78251013721314,206.1780602037755,201.38099332817862,206.48612003163095,207.2353773097654,216.01615436911675,209.4032330397659,213.547919955651,221.42116286257385,234.5438810957981,237.59548353315714,239.27766828712737,237.5380874811657,239.65299734506854,232.1701619828956,227.50960393212537,223.00838216011044,232.9613875922774,228.7819071155596,213.24592999207476,185.87054773630956,167.95664539309195,185.92036738398855,207.95655330804675,207.39482198826846,211.04478097084265,229.81148016278672,224.04480016389164,220.18888475626335,217.2908511597226,227.33931172566616,220.8513263857365,221.31150716930244,221.10148981799102,230.60425437919295,223.953638548281,204.67595073257627,213.1868392137334,218.3865466462522,227.84089904424815,233.24590644355686,234.28324937707174,228.38106878265785,234.2987173773179,242.9976198590368,238.91051223581303,224.1985506809064,194.13191209726773,204.42093665142335,202.87654864655408,199.01803878057262,195.19688703366853,206.7726918815256,206.41661157463352,211.91696764911103,218.18526232218517,218.1908591122688,217.10595670725377,279.0229687035902,283.83546410499986,268.0664568290001,266.6547112789551,240.49884741815504,224.61645592133954,214.8182613862969,211.1252410886038,216.2418898114835,229.94807229993017,226.87333846773987,228.64083277116706,214.48751894439022,229.58574138161583,221.46138825519262,217.18631481261244,219.02195645287418,231.03704599323083,226.99245215342654,216.90681186146742,223.06098705899274,224.6432167061688,210.4994227472501,217.53343195816066,221.37482012239653,222.69873393007683,220.4597448998942,222.28108550006885,215.5640787813399,,230.83570503462846,220.80328750527013,218.585222347082,218.68373415975748,228.5201744974454,225.89839913757314,227.74187510739233,221.4198278205832,202.0066193786602,212.5588360363358,222.12616649307782,215.45002185021627,201.0285674594348,203.37081485073045,212.42851920362003,216.20511084912764,213.6066880680636,210.77854267808544,213.30494066789976,221.125017091709,212.74942267907264,200.6701182771545
47,1990-06-24 17:42:42+00:00,250.7986702588754,251.3235025831491,242.15130416368794,248.12920923768718,246.11517795352825,245.40928754854073,238.01177458156002,245.63294071175022,246.56658447403572,241.7118832407632,241.67419447206663,236.3198009207931,229.77012645005738,217.1821522780948,216.9195184808359,215.62876427409122,215.0141663311058,211.35184465830133,227.05531451256587,219.77606149904278,215.66409798691996,208.99391944286032,208.27461587055518,202.29983118272395,205.7036969693203,201.15371512630907,205.00790657506192,202.41379293710568,214.59243790586487,198.23195312108524,202.12330928316155,200.87717028031852,209.53034882754963,206.84046034037974,210.84158500968883,208.87529330380593,209.22456355389474,204.9873876948535,204.2220783110181,203.4206067478941,214.71562296296875,201.03799455364003,203.64255841019025,205.03758706623483,207.55373148510188,209.77992846188653,207.30882429955216,207.857043825994,208.49984757188776,197.76306118990217,212.39420183954306,219.22840258490436,238.77112953408454,240.0625106063771,239.40201567529866,235.0599415058653,237.8012612287254,232.22788636297088,230.24571135475026,228.38210330931838,238.82515386991798,243.58092835906623,228.55278153587943,189.40860342670186,188.42467782275145,183.82462590347026,198.46961784778347,199.94817661923406,203.66616185161539,218.98643380434646,225.85088732050116,219.57803481301028,222.06978633159596,237.1708455237848,232.11843844995917,229.91701107894716,232.8229154993714,228.71877930599356,236.3256786404806,217.83788542619064,220.5840975020709,224.14317734073109,235.41159731380395,235.60153019522284,235.17070535345255,230.54909550295412,227.87899313839472,235.12560545698477,230.6420461229351,230.18425293213693,207.45781295677082,214.80405062928298,212.02540009927205,208.4431244225969,206.67411841439636,206.0844743408967,210.35095224461855,208.3133277487296,216.8681619850105,212.75872522448066,208.61673174763263,271.02911156125765,268.4333767534122,256.23093780777015,244.9987284496019,227.67180776843685,229.8265093027045,239.9392711443548,227.00394735922447,231.30415963090303,239.25373131318707,235.8362523118194,221.79418741262157,222.85184984841163,222.376522169613,222.11236860247004,224.75865034351528,218.6711142340573,214.46049712012643,210.668210375728,204.64798943333048,208.661332905767,200.33062079936266,193.7667372603177,192.9345142015154,200.48488311666682,199.88192781904593,187.97317866685003,192.3587664894543,188.79035891716381,186.49792129239287,190.744973324844,196.72705994909427,203.91339097867638,204.14719137104254,206.4850440804073,211.32735620181063,217.53540878573048,214.19960488712792,202.68285740238701,204.86123291494005,204.64911411523875,195.06040714547217,190.20961167665314,198.29642396447372,205.07212348292637,200.96488059765508,207.44710624172433,203.8510761489421,214.88318206565452,206.249592754325,200.31326449602784,187.9616562268492
48,1990-08-27 17:42:26+00:00,255.150658509165,252.06467162879215,247.53122092521727,240.0972209319317,251.23136027998538,248.0959300172044,245.72682172171022,251.45798401465234,251.47432115316855,247.81196466968456,243.4593207073663,242.68822672052767,234.47206794869868,223.90686639619014,223.3895652338607,226.5450846627014,220.93990965647524,219.17093137386877,227.1168543552182,224.04458076699635,213.0353088520413,213.7026509943179,214.2322602178466,214.69914589567318,207.21728068436698,202.843321650509,202.88081140088062,212.12514965509808,217.69531049307244,213.40129412206633,200.70717281955552,207.50518026091572,207.12711455474027,212.02265900444422,205.69251647688932,209.11736936423287,205.90716211244245,213.26106210585908,201.38911249982436,206.37153921559243,204.46803855179218,208.61577086125396,207.08548440880935,213.9571666211899,214.2464276742124,217.21611908161023,213.4000866394368,212.32656884909977,212.14170849560577,210.75734456736987,215.26237725095382,230.46760443108758,240.94021172339922,243.44613358299665,242.18237821189854,245.6457046958746,244.47178983821735,241.98115761757182,239.60540152521338,233.24984579834236,238.0981396226498,239.42945893684097,225.09126966328705,200.8943342365676,202.5853489735661,193.10969951373258,215.820817419717,220.62285231704027,229.72274514148566,235.08960089814408,242.3379918924725,232.49331221214356,239.0085175319483,238.61824655926284,234.9314996744917,234.50714280895994,242.90026766560624,242.24337531339842,238.11117578473014,220.1914142652222,219.74215468428565,227.52227387741118,235.35490530066932,242.55145893666895,238.04404894169826,240.607497715786,243.78704416295562,246.79838265530364,247.47154172269043,228.0162649399469,214.4951434131602,214.6163904765468,217.36409883905154,214.56341705382124,205.35900800915462,209.47837791328834,204.9301112468771,211.0769345273671,215.63098332317435,220.56219277310564,211.83327087493183,268.7202544348741,275.70114431249124,269.928811189668,260.7726869617559,246.68496042483906,230.8157155529234,236.59629632555033,226.70448449375294,230.6129845416149,229.5876364586909,231.86393621138217,230.5730130034445,223.4971095137427,234.72225891382908,235.50428999634326,235.24061763790849,233.77872815777465,236.96388580537615,232.0243003753495,224.1549240175612,219.07969843499876,213.07146824010673,210.3480228581568,211.06451083236385,217.64983558856113,214.54012995418367,205.12788638166302,207.65750321884147,204.7416529083457,203.3412941205188,206.47474442556012,209.2581636378717,210.56472113246343,217.19756719781077,217.84786975631806,222.16514082355278,222.97432635588453,217.7454882966567,208.7173987820053,204.1303665336704,214.0335111057722,206.51172996684932,203.5226754395442,204.9942737756753,211.8417998431723,214.94176940100076,215.12236405393708,210.77010915045642,217.4075309605343,214.68662351199688,206.76827227025748,196.91393580665965
49,1990-09-12 17:42:24+00:00,257.8905960311351,254.14442776874876,243.52416232174033,241.1683102547532,244.20625121741983,243.4468894189307,238.00468661708197,245.2707171780895,252.95335148476994,251.82324670143856,248.02530842677947,245.67692897800342,234.10521587066407,222.49897591160874,220.73588180539997,220.62801584508912,221.6494855526476,223.31244260729596,236.91753538038176,225.98507844801645,222.99377407517085,213.64429543233086,215.11335238083396,205.28269203519363,208.05684306004923,200.36027034150845,203.88095520254024,212.95475110661067,226.02710588627292,212.2425740254971,205.33892116231684,198.15879348125782,205.09816698185193,202.37391565623585,206.34695125679454,201.57399369976454,203.97466103526745,209.16914988894882,201.05799572414543,200.23230294294734,202.89581315073036,199.69425369226474,208.5765538158239,211.23354059455238,212.962914298037,211.42850430424653,216.4805123676258,215.32446767573205,215.74082670141175,212.64795099216616,218.23943656289455,223.34139730854818,236.88021784674717,236.83257064863977,233.91220477346525,237.51844850148046,244.05848993180467,246.41041598328204,237.8600411450342,235.64856674722765,240.4710826054693,242.76991765182197,229.21534007445632,191.73210212556793,194.43095369340992,191.70853643184915,210.8908300504179,211.48921032137628,224.10083925810017,226.71418297031065,233.74570700646092,233.97722428532694,230.96057984934583,241.33875499681818,233.7469648524066,238.444962808627,235.10294932855155,237.8431831501665,233.15269661175614,215.6094009128007,215.62739660912484,224.73171282063174,237.6446637134128,242.6738484658195,243.15180605940617,237.8410262312397,240.7401582596179,237.3984938507705,244.12844728616503,227.04894865192324,213.07780641583605,216.7954789567669,216.73275992781336,215.46460806178402,207.5907832255253,212.25364221174584,209.4879307881769,217.91698223700203,216.03770843932992,217.85642382522124,217.02800516503657,267.0089004931001,268.41828461009936,262.5233993533804,260.19431980730025,245.05491828976767,238.8390284427546,240.33547502679113,228.2816517851248,228.91835152518087,231.80989654987206,232.5886826606881,226.1641577519825,229.4207394377426,231.56596098393305,229.8914463126743,228.39506453357475,221.70427889383888,231.5772389071334,232.38336936760086,220.39124022330344,213.11401281256207,208.1243880394639,200.83312361053663,210.07451567521082,216.38502718989247,208.44631785755598,196.55196955841407,195.08389886717092,194.56305556781177,195.79343232623364,207.68255221797102,212.3212754279968,214.93955510525575,213.73848973657505,213.81990561175934,216.80318774686697,226.15122704895592,218.06572717104305,208.70222703644274,207.5103454788287,214.19853593196842,206.43417805860634,195.00257867869897,203.1403443452644,208.10076120818601,218.57830384095342,219.08039724381513,216.1318304305574,217.72328298195794,214.93422816212797,207.9817716541851,198.1788142002438
50,1990-09-28 17:42:14+00:00,266.95672082046565,252.89956194848023,247.69418993654145,243.74756380856718,241.40949701936574,241.72441459853243,238.75101925438184,237.50233861305256,229.4285005029746,236.66993425751338,247.38126977581157,241.07872912607945,222.5528021655265,222.73741967846092,222.48252971216792,224.81017661726884,225.557577980693,232.52224799621223,232.16113616750044,224.99485718877003,218.4663351170675,210.87650504194403,207.06417095882387,207.9815559988811,203.58284737603086,203.43924616748478,202.9861897089246,209.5915122201801,210.73145762925634,203.8220867507065,196.2569775244379,198.20670489252439,199.03381743726874,203.76148135999892,202.7276133090907,202.02372010336856,202.56808527569,203.67415549409802,194.6725182163695,194.50126123643733,195.857909342734,190.30261859864783,200.66314758181585,211.51320049817159,212.12370009059384,210.2217667306536,204.52547318920912,205.7442581485724,205.29339134549411,202.34396784548258,208.97144137070114,214.6724236820768,233.1975827837236,239.391712052771,235.7077058741326,239.3156068519925,235.45636741124832,237.310775052508,232.21926458428155,225.39303176765077,230.9496017923736,236.0777934815021,224.38757149651457,183.41398764697593,172.5369258371513,182.307950870496,,,,,,,,,,,,,,213.071564536079,219.13598894219635,226.814056038765,224.66358296184598,216.8503145600608,218.40774697270325,214.4760439812172,222.61917172725197,229.1145514689902,235.7889520614463,220.89362886867775,208.98134104811265,212.75981997183183,208.5566806269816,212.09478621565626,201.35568384731835,212.8940766959223,212.0354268840037,211.72625233446055,215.5567075326735,188.36655096102905,211.10345064336627,263.06911734827634,252.22510477110364,246.4540511385671,244.4561469921423,225.45563612936584,227.96444678570361,226.50659118820298,219.6594924227572,219.71762139122384,225.41734214688273,216.0112843621023,216.907895811301,212.22242747440689,217.24469738879006,212.7740119556122,210.32402952509617,209.09331478089717,213.51939242521917,218.2326467177786,206.62817841780367,195.62971493526078,194.6792779432472,194.93046314913357,191.0482576676203,198.59759498126294,200.1979150645628,191.91068885415683,195.40659141152156,192.13615185571064,193.70659102161758,194.86925609215902,199.9207949285632,202.18066705060863,205.16079125441885,211.76204044532903,217.1522519671959,221.86869618474668,213.3090857901601,205.09506457697762,209.95112345954198,211.32059744259743,203.50600785700323,196.66633621463842,200.5249546243544,206.43729558683458,209.50789941115062,211.94024433789045,206.77542978020182,208.16989580752363,213.16227968793976,202.6105878880722,194.43017276753017
51,1990-10-30 17:41:59+00:00,250.79631155087657,251.1107963836589,245.36674468175275,239.41406655397353,244.08031135913575,243.84938977210794,240.36967617868052,247.85330845553744,249.44919194430264,243.96825436742637,244.25483521614976,237.48580012264344,229.0991947187723,219.3784892726094,214.39181211527548,216.49413568604695,223.58921571357723,218.14992802522153,232.07345025013154,222.83670239216423,217.1155337428351,210.10541566754478,208.9816400801768,208.05208652486607,203.09347540528233,204.2279386099819,208.05081934691032,208.12715678688883,218.3118219150303,205.41126453659535,194.38816550718713,194.4270378950614,196.8539360131129,197.91025128185328,195.78996198409826,204.89864043702136,206.96089004070785,204.09753969287135,195.65199955134796,197.42692789288915,203.73345922717,197.84662758001292,197.09752539030842,208.20424985664317,204.616820272511,209.008480713514,205.70354556746562,205.65266041920245,207.89160217331437,204.9806685243728,210.9451010195163,219.42440772973345,230.04269603517918,231.6406446878118,231.27333693263802,237.96052571714955,237.25281433217123,236.98938063420337,233.35649728198007,227.88297366899423,234.65012386717024,238.36294311090748,226.59001418812187,185.35565134380153,178.93349083859505,184.36974260039435,209.2904123644351,206.52858088185627,216.41466258898686,228.90551433553958,230.61380934475972,224.9378688185772,224.12447588540704,236.61825778990544,224.36510284229286,228.84131727181204,228.5382799439821,228.90709301909544,224.91796438150902,206.6918613868678,215.12126638134873,224.28039210048945,235.21790546463944,236.48502068875865,238.5614713131293,229.85407153104836,235.63198081984325,235.85564675983673,230.78026713093098,213.0292260234712,206.33622000565032,205.42967009455904,207.42968299764337,205.26350623312783,190.66681307610753,201.71586144081357,195.21828817297018,202.26640832895492,214.54240461478088,206.2714721755778,199.70561120802452,257.85035937813507,269.61892762287005,255.8277337816233,245.67241431779124,227.14501694309624,228.81932413624736,226.99145069420302,221.99920358359327,218.86728726832354,222.15991046771776,213.98392870910487,220.14072321709023,212.34268104416927,209.38019117310424,212.47991165908635,214.19878570778536,212.9881010872889,215.55870537621362,215.77529199569608,210.04850946224428,203.0982070610773,195.4388504261898,190.82418418806057,195.93427719042415,201.2517857046712,201.13944433800128,189.7079814189451,189.09941304611277,192.67151883130515,199.84491526982083,200.58718000181796,205.1519146943493,208.71471502651133,208.21267807340428,208.76801130235864,212.9179022825578,227.16217018971741,221.89115615793108,216.2581106753493,214.0375961823732,215.39722509254423,208.66250818367303,199.52681946029884,204.9887197432098,209.1784725914921,214.81458618809393,212.98640139965443,210.3018907306926,210.6677016893272,207.32881492395055,198.8047227723061,199.3585829236236
52,1991-05-10 17:44:55+00:00,242.24498372935517,241.50144611602542,242.1073777885141,239.7445942759926,251.23562964480683,247.436689531211,242.3881471922035,243.53842466167654,245.05678418188876,241.0583707855014,237.6059034834213,226.8805270634763,218.71645481060608,206.0006884766198,203.44279332997343,209.04078956066456,207.09559968929847,210.07542167084006,219.57878182767473,213.2782146722797,203.32472616512706,201.7634642477243,211.15231949949714,207.81238341904663,204.75284036556667,203.263568475908,206.00468029855597,212.36137239903752,221.3502771914517,212.85782447131135,216.0673353146353,206.4470807368401,218.45184419805904,214.28246125042617,219.13900978396688,212.20718421938005,202.20167908208737,210.45202920214166,205.61137141348212,201.59433872085793,206.81438233372,192.7288252903538,194.08228344868093,197.4343048182181,201.37092865449654,199.1971822539842,197.0065041078576,203.52777150837568,205.92025064372842,204.86957481764648,205.78337094819364,217.62652178419717,234.1696635489007,233.3862544622167,233.67035656789528,232.9719891856291,233.97284431532762,231.17157045708552,219.29493488974938,212.43052523855812,221.3544670570687,219.6153762982629,198.98072492183232,191.60282554904109,180.97417741546826,194.12408986661737,201.91029915072227,193.43449012828233,200.84367088739947,215.95704269016431,215.42381837792547,216.19196589231836,221.44509332143147,236.49453958631682,237.8435581660081,237.81781626782572,228.5566345867379,232.0991881448299,242.1402493216229,239.97229065384698,234.8346932208245,238.04352829126466,238.0630404684686,235.67371681971463,228.57633792161465,227.2728599409461,224.58430125898667,229.36489119198058,221.15087689209372,222.04020504444605,208.80192590478015,224.66480876822826,221.64279067313208,225.59404865274976,207.00950145060008,210.7749107251817,215.32697614879453,219.93970003369265,224.89309238835327,223.46673009901548,226.36735794566545,269.03711173075163,268.15851198133873,259.2221917991824,243.6820239145654,227.33003946753263,228.2627176037418,216.59176287060106,237.63958693950661,243.29216679674084,244.77417423232566,239.31192393824543,236.43434483685263,229.9365674249548,225.43870958895647,221.8554343834477,205.44092282242565,207.9464092357724,214.30163874659405,217.05664030059927,204.2130246428744,197.22247252444436,192.20320820112704,188.725356935293,184.74381050645175,191.57521649482828,187.2051441992644,177.63476241177736,180.09139904317297,178.61964279804138,182.72154917028857,178.830462051114,186.98056995817234,196.03373661710668,205.18919339670308,207.5177971680361,211.31833542742572,214.1477024204172,202.76220674413952,195.95696380059323,194.32034079061214,192.68213239604506,190.85018411804407,189.02961154497933,193.6102577040511,201.176848505277,201.5755849934326,206.59898382239123,205.49938512898638,208.89937907156371,209.3829004737674,197.97825392383953,187.98736642666506
53,1991-08-30 17:46:14+00:00,,,,,,,,,,,,,,,,,,,,,,,,,,,,,,,,,,,,,,,,,,,,,,,,,,,,,,,,,,,,,,,,,,,,,,,,,216.17916163491697,228.93254742878827,225.97407530630176,223.1542497792762,226.22501995526244,230.88019543493948,228.7433519715634,213.1114241648789,215.48784299685227,219.8075667969356,225.92345424853175,238.68268211896776,232.54553067702574,225.25384155158406,222.7036193709467,229.40573683312732,221.73353312993765,215.24208431573794,200.9070174127189,210.8727299024926,203.44210056555121,206.85829693775136,203.22720719420224,199.66532317501736,203.43897304766674,200.157645722176,211.12494595877152,208.49843922098114,205.28311650236293,264.0576089118422,262.7560641938124,250.67793027522208,242.40076211261524,222.2280299267889,208.44440132772036,227.44984514508002,220.86029298559896,226.10495575085804,233.40068666004038,230.139979481397,222.75312686027178,213.44273053724052,228.3149876053327,227.01370362468822,221.71868791849377,215.62645816899925,223.67959917898784,,,,,,,,,,,,,,,,,,217.3336806764977,213.89571030576087,207.59469120571305,202.83464903008263,,,,,,,,,,200.49564222224467,208.75774759509295,190.2030833715038,185.2501636623686
54,1992-01-21 17:46:48+00:00,239.61809702363536,240.34909514507407,231.42181787901106,227.81463728801975,228.36788956723603,225.44386799152693,212.81674866554008,227.44585506465978,227.7601728961556,230.67733540479384,227.73902384052883,222.1704775096809,198.93873025244363,187.98438088402227,188.71890472677075,195.17233465528912,202.0110538914082,196.40297634709214,210.67873270242941,203.11134132011404,196.4081754642416,192.74963979790334,189.05366210062567,190.33015881473744,185.2692496759788,187.31504279023335,189.95355253209334,196.36221378860233,199.48971001485162,189.09045782300626,188.72046090037463,186.02090555615888,186.24134575321335,192.57488455233468,193.46843293153455,200.49541397019559,195.92859573178873,203.0878806114778,188.8079322614202,190.04328314287469,195.5408454348767,186.16869743664762,188.0612279447836,191.70138410279338,189.90121220588532,194.60473908419843,185.04769488147895,188.66815453424823,189.92903159971794,192.42799575912792,198.04023375046847,206.62905958996018,217.35839656957415,220.4834692885051,219.64510770967212,231.87084235374707,227.0173634985994,221.73581075177245,217.2716551379811,210.85446588406427,214.04431614972708,214.8057304554291,186.87154642142946,177.2521463601542,,,,163.01000601835617,185.61454138462116,199.06250245630883,199.62403229706052,194.32069217629615,199.82428747398416,213.8192123259605,212.95297469175824,215.78961399330564,207.4244606564776,198.00385348329928,206.4919183648513,193.68955966880304,205.98859608474493,211.21906662259767,215.85807794737644,221.85007540700616,218.87395322833962,210.27935207324697,211.32907777695607,223.40880429222602,220.38751158965314,203.82025645889888,185.23496719387714,185.92547676620669,197.25759742726004,192.27274418775625,194.40418861446864,185.46062729496913,187.49096553509662,191.51876763455846,200.03451329500376,199.12150812746478,199.20403485590987,260.2599837859765,259.58688178996215,244.8266305265183,239.25331090951556,213.85155802232632,213.59441908224073,212.37372246483994,212.97625932966514,213.75625410043094,224.24148692394203,224.36209252714198,225.63268750186867,227.45378192993297,226.09208488563692,212.98971258423848,196.34283538321637,197.5436499353156,212.82052828555624,213.618916579752,199.44728555762873,189.29634437439,179.4216528824969,183.5650570463299,179.53243420219047,174.35909631221588,179.9645751638627,172.97427560955998,174.67778484537246,174.0794011951875,177.81847096551357,172.86360750047533,165.14352087321174,173.42495451981554,200.00398938648368,201.46139467953162,193.09014108346832,198.33857971485872,198.51354299603642,192.32572181383205,193.07362527498043,193.7245903576211,182.9570893297406,172.54354258023884,173.5598316830332,188.77842950077326,194.07660444651395,192.94676287953465,192.87272955490062,190.7392225827209,194.08363478672769,182.95966078351825,166.83031428209972
55,1992-04-26 17:46:24+00:00,259.36995393454987,260.08405116933926,253.4716157082844,250.86252775109583,248.66752579070712,252.55402811210854,242.4174399183565,249.06934202920073,245.17009363221536,252.444890661554,246.80429666606932,242.2035974177606,225.04164807717476,217.3602509772956,210.51888592879587,216.83237292515366,214.68554185243687,212.08788545824194,231.95044402915738,227.15831777735315,213.0844213715248,211.11435634657872,205.73028495361035,209.94979021954896,205.8791116332049,205.72667171162692,210.13022908862376,223.95900783555328,231.23159536931496,225.23679556903608,220.50804027327672,219.04605657034702,215.60990092195684,218.9527031767052,219.64063494900842,226.95798245394786,215.7137603488354,216.63077661719547,219.08440659337734,214.66210889371192,221.2468908648672,208.1026894621135,203.15601211385865,209.0076057181577,204.68547835482207,201.6608106538568,192.60252441650087,205.90216193551674,209.7261575700342,208.2059129307526,216.50871502233736,224.63021266122706,233.4474177626056,240.34272589022203,234.76344422815083,242.3107883585563,235.21204992671986,235.9237685028369,231.58111972561585,221.26870655916866,221.3073593073725,221.4266335668339,203.9475040305334,183.5277563868308,178.11316876579895,189.90856197668558,207.95740604569409,192.86990579337112,195.67125245178426,205.03284699858372,216.23802366046286,207.48895306284913,222.196961103791,235.68812467394497,233.8437892381861,231.59450489414178,223.89956464121633,222.01828644978542,228.75497256814344,227.12069990530634,226.5393179794212,233.49768762491323,243.06644363133395,243.09865722814448,238.7712932111259,229.02700122101987,229.62248773587794,229.86259411026387,231.12527867185145,218.8957797782807,210.23790897619904,222.64532643436337,216.55415967593143,217.79237434447913,207.71105006296645,211.9404507158768,213.55376932868538,221.0496362733973,226.5961002658899,232.92110089444395,228.31411507192564,272.6897322558491,271.5929903068338,253.64695579189217,239.2724873184943,227.14768942003124,229.77254927204177,232.0873060067216,236.20314869469541,238.98569086502948,237.93168222981836,234.61117695505902,233.5945197623151,229.28677223400894,236.93295945641322,225.67365683868917,214.8168663079004,211.05444934895442,217.05045965440934,223.519242882635,212.08968907288252,205.63983855699382,197.96168645382065,192.88115709618805,194.42783178366687,202.65233960349548,198.0150862544919,190.8951473564722,189.50957617791494,187.51245838502354,185.38739143889245,186.20564580359448,198.286805087895,202.31938285956977,207.30917259953986,214.42964584293907,217.78084622919022,218.8877427922397,212.2083938555948,212.85654589147293,213.01569891898333,211.93967845931562,204.19725161012866,203.14488131369183,204.14084057594107,205.20984744411578,212.00527934549342,214.5564470460646,211.48348090549376,216.84662449929647,212.0620486414036,199.91057969607598,190.10806316878603
56,1992-05-12 17:46:15+00:00,257.3308310610386,253.26450641696493,248.36061136911047,244.83887052628694,241.61699575371154,245.49657183212108,245.27631026572564,250.85201232401283,251.97358186722235,250.73298640030083,243.07475788481943,236.73670836025494,219.99170215339677,216.15691177214606,208.26810137128544,216.0579899442817,213.93444230394954,216.89979509864457,223.59568634481627,220.17529170421687,208.74735362198913,204.4277979382849,198.93574261239996,197.4545105587069,203.9105385479429,205.05827682615197,208.70360993522544,218.69408178774333,222.4873273394902,218.93872070114617,208.71547959539043,210.73763294570853,212.25520547694362,212.77611821286473,213.66244519425112,221.5330574577577,213.96879416306126,215.84799478995544,205.723398192395,205.13455121000038,208.54409412968118,196.64558070892997,199.14547739483208,200.35849755829165,202.45245746058814,204.06649427768008,197.97588517759715,196.55099600318226,197.73372992666583,199.69529738456265,204.10096277365145,212.94133560519154,228.1535563224101,233.9749809891204,233.71903594820745,235.8475447642903,233.93952664526924,233.0375745648518,221.07541696466367,220.1018928619335,219.2826219231241,221.1903152208254,188.9135443703214,173.89850286157485,,,,,196.18599830232196,200.43780742271835,210.04083557191055,204.86499204611363,212.0495103338517,226.98612018563153,227.87349629132177,222.54246653308064,219.68842184869493,218.3762347981329,223.33806534952743,222.34384358916788,229.8076971503013,230.55419353560416,238.99552432422524,239.7295282786854,234.61776454620474,228.71125951192687,224.6485357346393,222.7821493733232,216.5689211091498,212.6225451957727,196.43051970031186,208.23289034431525,210.86144051596438,205.15030149972284,201.41972980627713,214.58441739573334,219.95049505629558,229.256832941612,232.40399465949434,235.64142684263055,217.15681207198938,267.45040112938636,269.84450588060383,254.5764317250489,242.46376813848232,226.14056057207114,224.20089625113604,224.08310962489642,233.71196117045787,235.43598099204786,243.07636111013318,235.03187180486796,227.80813006215988,225.49020430414822,239.24037225528656,227.3895489179178,215.9883966231372,220.87445061698597,227.74218095308817,223.69535074479435,213.20510983208908,208.90753378322682,198.6704856531818,193.60261848111702,193.48039819486286,198.68108533819023,198.917508514396,181.69758318125625,181.58182062927403,184.5049245217947,185.00461391727026,189.8102236928762,194.8867284918411,197.93520776710517,202.61421849502156,207.05188993674102,214.90522082505635,215.38845405722435,205.2857631434976,201.01065288049497,208.25236820214764,200.94355198930066,195.95959122347114,190.25805285637665,200.47770239777162,206.88927920980075,208.86325093868828,210.43368805526296,203.34217308003673,208.65324134641247,208.32466605469463,202.0039204263158,191.6801652440589
57,1992-06-13 17:45:55+00:00,254.2372797922963,254.81066284123966,245.0618498124466,243.11158005671948,240.22138944032125,242.0844726773788,237.63278426186548,244.50182038980358,244.01212881363244,241.81399572721733,238.4922999248705,231.68797530996983,218.76488952108699,210.77050153577227,203.89276927902586,215.01034993472285,212.60215752522714,212.08628362922613,221.4141937814344,216.28238868133724,206.30388584428349,203.50983969776607,201.6291408102023,201.21495898265513,203.90379027226274,198.7763034124598,202.99786505783985,213.35102473146065,219.66288030447987,213.99307623077095,204.94666212188537,199.99494945501368,207.27231749609015,202.5321660874311,208.93789739945055,216.3020364505581,212.30327161193094,215.17155029125865,205.7340321330821,203.08722134494823,207.1561412417526,196.39913195527788,197.0464125914623,200.07445972236627,201.47871226260725,200.24847632413542,194.04720808446112,197.92902431478154,201.3690232334879,202.98288105140415,203.40815562179426,210.85006370389902,220.55029363313287,226.5147838932004,225.93790775022208,229.1741669533204,232.33134743127698,229.20851244186264,218.13661160894793,212.59164286471807,214.268096286595,221.9079975102368,196.4616367846462,175.16747813441023,179.05520148826673,176.02141086319693,183.85903996603037,194.00147801662612,200.41988349237852,208.20536092826026,221.4918657153446,211.6785594025893,216.8896298030462,223.28755207790837,226.12972155444345,222.76973621068,218.3344158369702,220.32975447022943,219.38136658781656,213.29448994282615,223.16980815203422,228.26996305467674,236.11460419406967,235.52374782214844,230.70945549228531,226.11727026361183,220.9583434071247,221.52515860446098,219.21182218090962,205.04613122155303,201.20232909369594,201.70580847017428,202.18179377984427,200.86304097194466,206.41066763129476,214.50688823963944,217.6286270271067,223.05188124984392,213.73590562536126,218.4386065331085,220.38969583903332,266.2313148008459,263.38112003766423,249.77705103289844,241.86524762893217,234.45556514090768,220.2636540492133,227.3586048954483,226.66156119640488,223.10786636046183,222.19278885839174,224.67851820837774,224.00686971381998,227.64791423794657,226.91070046764068,221.30757828134477,220.74711891919097,216.3229259713629,220.07379938539157,220.14400942195152,213.74492976368882,199.96490069095063,191.7472792099431,195.16893693402784,194.22119493921565,200.86378909585108,191.44917185692935,180.4548255763902,183.07779171765492,184.48357215904912,184.56102833158104,188.65164013635422,196.84181800963754,200.78217488227023,201.0157294262553,201.32417712490184,207.94838018103434,211.60691846403955,205.60894677309474,199.9975457518554,200.24632091003247,201.37987714051965,194.00439561159206,190.24970994945284,194.93856412959366,202.87324127855356,206.31579079019883,201.20241106126744,200.68443607545126,208.20057573771192,206.10967308330032,196.0198017833123,189.35507997428135
58,1992-08-16 17:45:05+00:00,246.44700161901497,244.955233939056,236.5605286118901,234.0866949010324,241.1837661518469,241.1604073870701,237.0373167582046,241.62148735350453,241.86248819036257,239.9836073514762,239.46941905043138,233.42262803500165,226.39429245275068,214.70997935147568,213.83793509071947,212.81866171301255,210.15180781468428,207.7108983721871,222.0766850621218,217.66267045517594,206.81085332106585,205.05985763594393,209.51134174933145,203.94630552046524,201.63234746676486,199.107145051719,205.45816196150827,209.34371343800115,219.78380496045054,212.16051948961436,200.21638276408055,200.40505627835805,206.24975139048058,204.7255595489151,203.53480643826794,201.51427050631798,201.9813071286709,203.45806439315606,198.40934449482359,196.2046015202431,192.8227976348266,192.34208889305302,196.51809606704128,200.56894801464168,203.34124601163205,197.51495309915197,192.2109596352215,195.02293674978978,199.2603596622646,197.11317954766562,198.39218120889737,211.91372965241658,224.35216910787778,221.21583545459487,223.78189934494185,227.94831728123248,228.01261296304213,227.233851737205,216.03000215474117,210.05612038137744,215.06765780738655,211.85179672219365,186.79423313081526,178.8786977260398,182.83084453100867,172.7556672599792,179.11131578798265,186.27103651455081,195.94486387679552,211.2494472565449,213.80596967897628,210.24481385626643,209.86432433011254,217.7469877769808,211.55023061714795,212.02982284513507,218.6144409942949,220.61756109305657,225.44009529416064,207.52181934666345,207.37749200389118,223.51346611509422,227.64990967311533,234.12637591906127,225.66147056873007,228.55892788567843,225.55896024539194,234.9870258699666,227.70212468918493,214.51064266145835,201.97681518623256,205.9089531485207,203.72971606748865,207.28844838299324,203.63361469511523,197.01096442073194,199.34236538309528,205.00342771675756,209.33038200938614,209.77432307275194,205.75233059092827,258.47731106949357,258.26950221024447,242.98281866267212,231.96993877977775,218.4706498158688,214.5023024149558,219.62573725093847,211.2435760071343,218.23589032480183,224.17571216118046,216.25166824125492,212.132960206706,210.96670939734017,211.92412945689694,222.67837119917323,225.58425160885545,219.7367241874302,223.4835222358686,221.65099277252187,212.85795070755995,208.07089420910685,206.14565990648288,202.4703492365449,203.86017384499854,202.71684617498823,194.35508406193978,179.8429379495832,182.71658306585184,182.3513506489451,181.28983500511384,191.90698900382034,199.55857464174858,200.4779379928898,203.96528094857564,199.1105644238179,203.81384478898377,207.26372072489744,200.808979946949,193.62177767686694,195.1550984130472,195.86066193100493,194.16262410629335,194.31763518721374,195.3899452157011,197.92554194306211,199.68945707248406,201.34870344222267,199.57818516941413,204.72320656962896,205.35274560069888,192.08872610268034,184.0103043883517
59,1992-09-17 17:44:36+00:00,243.97595823695247,244.40940695043116,241.70617792267365,227.3349318709772,229.45186292773863,225.24427224567387,219.58120527533157,232.6433585464277,244.6253822897922,239.48795068164156,239.0068601535858,237.3704775874267,219.60815830535287,215.89580420267097,197.04361063516177,199.90423695589146,196.55066472531155,209.9548004441255,215.457036056243,206.8526088720219,203.06521346200128,208.0799417603974,200.8709622242895,194.1478922515683,194.90059752299607,195.53187717967498,197.21805821386224,208.64836985924774,213.6081889364517,204.86629388054934,195.62356649074567,194.30183366495257,192.51356871458225,197.50195002173143,196.74118735585344,197.0862087081452,189.96693277658864,209.70116507952758,200.55312597427206,194.2660036876958,198.14154997276864,191.30998171749306,193.24945380254147,202.19749357150621,198.05117273418767,198.59074523842133,198.83482450255093,203.84013621023195,200.19536412373793,198.87481649696107,196.9893521173428,208.56476322909936,223.4046836286894,221.74580730812625,217.56610397886485,217.76875560974247,230.4675032016047,216.82993364812745,215.80514302724146,213.83493617341543,217.82532899865316,218.39254155578368,200.8960525198308,176.8381313330559,174.14714972101208,169.25501749288975,174.68664042079635,183.08774379389823,195.189507375837,197.97845674841267,207.73308662383505,218.90881282491432,219.07254218205782,224.87997264088276,214.08916511779557,215.02053077978712,212.85692860253837,219.54372986976026,217.1529299089579,202.4600360362279,209.77538917550308,219.79091937338436,231.5704376299745,225.820170183634,230.6009727671852,222.36262326517772,225.34157592341973,228.52699963601117,226.50141706520787,213.918599253565,201.61212701280428,207.18213341880153,206.8839917971177,206.02527419760023,196.59514198046787,202.01740062851422,196.24024523376193,198.63654975388454,208.12352699095618,210.60323379080057,212.90283838841958,254.13393061608502,255.14723262615217,240.3495770798532,245.8296627874821,224.58644260627625,219.02191379813107,212.88268916817736,208.63367165473647,208.6916145250163,220.45456186315363,211.49246271445378,214.76156038554362,203.7548916230449,217.18613849579123,214.92189928017393,209.84537927413965,213.3894003226116,216.1179272229551,221.12623347238872,212.17697095910341,205.83695423283993,201.13240564658204,195.27917918770177,197.71954109209747,,,,,,,,,,,,206.69257950034256,,,,,,,,,,,,,,,,
60,1992-10-03 17:44:13+00:00,251.640076081543,251.14274474676148,243.34548205732477,240.5378280336493,244.17634532535925,240.27833449503885,236.42281940328573,241.55462682344944,249.01264227416522,246.0024676430597,244.22154449280487,238.80917918336604,227.55047482633216,217.99149513672688,213.31760703264285,215.7612743755102,212.69165205650154,214.06409489040078,230.026363826926,219.19068808507342,211.9207373259052,209.22798021655765,210.42601793190738,205.1940899534717,203.9289142903985,199.41108430181197,206.7755264182059,213.76728296404474,225.80710080546993,214.46847234700573,206.94707719683007,201.33212557927598,203.80501451569415,201.6529628758392,201.8595743531638,203.87691199461227,205.74374657452154,205.94417567817464,202.60133223375993,197.9921282325023,197.41164188366625,188.17206214322954,195.02463390041225,200.751033028549,199.04832464523957,193.0170194341553,200.34749243870823,202.2205647742334,202.79772727172588,197.4120234825384,201.15206412269373,205.85743169872816,224.44192498653132,221.5001397031099,219.42275915132268,223.36491777354138,229.13833881353736,224.49034963288534,218.82158363148505,213.59192287166752,218.20274038215888,224.04397188242237,206.17289055907588,185.94384857260198,183.19159181225206,178.17936764435842,180.86755698401748,185.15761494570052,191.1194795675372,208.87317590822585,227.88714606314346,222.36194893666516,225.86041306540122,232.38881897259188,219.62117319722458,220.85956370582255,217.32822719785543,221.70667709957368,222.96452920768843,211.35096375165435,212.9391766946354,216.04318041355145,226.45828910736918,229.49942478472389,231.1936951197506,224.4442679845999,230.4958591117076,230.42060497225032,225.24872432822576,216.36588826353355,207.62632959238317,211.27223951400492,208.03032656594704,211.0428501238368,194.86446005168548,203.03359979857865,198.51862527652696,207.40421096195553,211.4843283870655,212.34414212587555,210.06201113326043,256.9066832900129,253.86318663646722,248.06381143580873,238.10254366911408,226.78715054634182,224.06887407869874,219.15933506044655,212.36067423208706,212.6414494134973,220.51423184405664,207.666088411588,211.2366258796291,202.79547263228613,200.38147481195762,202.65241538626054,201.22479257039845,204.41525237997956,218.82463810006135,223.028883820403,208.41685036081168,201.27310174215225,192.22970351484906,192.49232314599607,190.97718376541602,191.74288784945378,191.199620020143,189.89017093707335,195.4225507635251,188.80852689065446,188.605863720063,194.80435028044465,201.84087640168886,207.57961501118194,205.934921633052,208.36541065794887,209.46554576542255,214.58855056734126,210.2886775978498,203.42975510998258,199.9059526712141,204.66659468372637,202.8735313863951,192.73053398046682,195.28921605411495,198.03134754554935,208.9502237609126,203.94026226147048,204.97917677863725,206.39733667447197,203.11837259847536,192.835043943975,187.53389151229803
61,1992-10-19 17:44:00+00:00,236.49246194616558,247.15466947115897,246.69778772405357,243.04237082423305,241.95927111267633,241.69528736870393,236.98306542256256,243.17566979130368,246.1469064072654,238.81680650427478,230.80327861893244,221.9445123293956,,,,,,,,,,,,,,,,,,,,,,,,,,201.52090928395148,192.77420875793405,193.4776478480498,195.3356618322893,189.16837582837638,198.02701412124867,200.9124134652955,198.5434417040941,196.59775932426862,196.41963435238998,198.67250727217444,198.32779713270165,190.87214857269058,199.09938923780564,212.18689126185035,223.8048004878495,227.301678936165,222.81897016129244,228.61768647527455,224.74590557893538,220.59196557523475,212.1404897525697,207.46166742218958,210.40631446733937,219.84511715005223,,,,,,,196.64675922522585,210.60869531704117,219.16948065008455,216.6658289249257,221.44509079194654,224.24413601048286,214.4063810970215,210.64995154279052,219.35694163842518,224.22603018107026,222.4091169860419,209.16408099971207,203.21110896816145,216.53913336912933,241.56793050082334,230.01596722522845,231.54172659326377,228.5093716934951,231.1177892084879,233.43411629881498,233.9325056971495,214.96968322072848,197.47337657231844,210.20423877634732,203.2636615453949,199.49743486436475,191.40553016956142,198.59483962471052,197.5085573942679,197.55461320193788,212.57450865262334,209.0519129966503,212.75365607861642,254.71363741507798,256.5342603716034,245.84774278714502,236.3712138723181,220.72778346546423,217.806864256661,210.8322937036763,205.31133198289433,216.67389360661645,224.04404790172896,211.0932684371108,207.7962332047357,207.7292562735274,209.80560238593122,213.2134646399473,204.93221905105256,210.14369971513574,216.80333032926126,214.4551383939537,203.44964034694806,203.35143961204994,206.4051651294708,202.64468748583104,204.79220640910864,208.1897685846833,205.7748659236277,187.69446514811546,181.60066467778685,185.45772270555807,193.19721732288676,196.1908963415875,199.58000017403418,200.39194596361443,197.9852406730284,205.6444113370514,212.92266207131402,219.45774267272714,215.22456182003572,,,,,,,,,,,,,199.8920444769218,194.0029588671131
62,1992-11-20 17:43:31+00:00,252.5333823285929,254.5357366038456,246.76493977079497,242.84979790934443,243.25212283948196,243.39561832821633,240.5337927696109,245.37172151508176,244.21540464057398,243.08122331045922,245.36885271260567,237.25678365707893,227.22821302655734,216.20685052040892,212.4584669738358,214.8358577646023,212.60435101742232,214.03878950427622,225.14374066295755,221.2764193797117,216.68647355042177,212.56677488850912,207.78475113133143,207.29998443733754,211.82292377052434,200.91104927679766,205.0276589505961,208.18858916249064,219.84669389699832,214.2115847246063,208.91127303001502,204.1176223657631,200.70599558930735,201.27706562397313,205.6672780557887,203.7604330263831,204.23767422158744,204.48159964225928,201.55406000424335,201.29170046658925,207.22342923074382,195.66398158561032,200.88408360625107,203.52699268743936,204.14548034970448,197.6422953818057,196.35218737224656,194.7728170024028,204.32199855711806,201.24610735672388,202.9483674550512,211.06996337279992,230.2922917654512,227.84790402998175,230.37390872389773,230.1044209015244,232.8095557726358,225.23411187742667,221.99314436015402,216.4684169554684,223.4603562045093,227.4087378959768,,,,,,195.3713692843523,198.13408316193272,213.57573380914033,211.51957604105058,211.26839316003318,209.25004857905068,220.9791486257872,225.92231607246765,221.09073571382424,218.83300707181374,216.76027614165565,216.74689077565023,204.28888852298456,212.62499561341744,222.47185547966734,229.66306432346204,235.2694264849029,231.38720471492906,227.26645666290852,226.25524539041277,234.66900775224315,229.46039259031195,223.22276502779704,201.53465342643295,209.7353626864017,203.55351038785838,203.2697515728117,197.71159571797727,197.32754141693033,205.08185748291498,200.67358456567294,213.66774382526327,211.37161590189933,213.13887332729308,262.2966289471467,254.91082962516583,244.7389063291307,237.30408359393329,220.79675725354593,219.5677587054139,220.87051143618783,213.0629191430877,224.77848968920006,228.4011536215213,221.49652387403992,219.7282218476912,217.34484855839457,217.16941987652103,206.02067431232229,196.94349705150537,200.71769131619646,212.413492782807,212.24491153323854,205.10442277119535,198.2024365648507,190.7872135880218,187.9775782520904,189.56198040167902,195.8950132753301,196.2486284224844,188.51319367074308,191.49631968622515,191.50016875923882,190.98954485547605,188.72693565234988,196.81220165597463,203.67396643101955,208.0520149709913,210.70925136655913,212.40650865586088,216.63024345341563,209.89922853545295,203.90790575493915,203.39274775865735,205.54735204501608,200.77955306448814,197.95255438539095,193.8647309078653,201.4040774305089,204.98939035960615,211.32294828405298,205.94911475815144,211.13694435169003,208.5659179906968,195.10787422794414,189.78024483750863
63,1992-12-22 17:43:56+00:00,247.42552168542798,247.41676070259888,239.18739562382262,232.8995560526923,231.278888782751,243.4115006841083,236.90664041710994,240.38088320922463,242.8239812278224,240.19187880699786,235.1171132040759,233.2206579234744,217.5614162623129,204.16732632256338,210.81433986218158,213.36542727385722,211.35722585515563,211.74980600263163,229.24063975791103,227.31480387342089,213.1219437313863,210.31524892409786,197.01084380896722,213.707012453849,208.75996388072605,199.40053406634803,203.249213615134,210.82677088462222,210.24880793392924,207.13015356665676,195.98729521160595,190.22813030681428,183.92709791833974,208.54990374656427,204.806213632977,201.00124919273475,204.3337933925411,205.0955036059937,201.76083904415134,197.0423898539238,200.14907778945008,193.9968952952305,193.45136702178144,206.23561268827075,209.08933080092135,203.47657680145386,201.75589745953573,200.52044042283632,199.6208927353561,197.98381288803182,199.55597800950937,210.74303176784628,229.54031684233877,227.31790907357572,230.19466596739701,228.50015061568493,227.83316496602083,225.52195817086553,219.88053298988714,216.27016128329552,220.75245273141638,224.33621399121893,209.13334818806797,,,,,,199.63766606218883,215.7142264349573,214.34805216577328,210.378232141657,206.85122953676063,220.36330816865598,214.04638378472362,216.93787096966054,214.43513940386575,210.17888034242338,222.1809521394257,209.16510596784678,216.38081731490914,220.34740996283816,228.20403286878906,236.025238961797,231.75325317100635,223.6628281491349,222.72573847281598,235.24764320175512,240.44872736644527,232.3315982534706,209.9577390051045,213.2473037855923,211.3178174304866,212.5150803927611,204.0373440804192,195.72547958305864,207.72240296148908,204.10732757905242,211.74032116139287,219.3123668072547,211.9870913461737,263.61868904829106,259.0059445310314,253.88012429650902,239.20807681932826,221.7783774114002,208.60892561078123,207.51253317013553,209.27853608597022,219.65520013429355,227.5515930833446,222.72924445320794,223.5679535917588,219.9956130802409,220.31046008246614,205.82572165996584,204.23836066685047,206.32026060618517,215.69269517688215,215.34091010340998,206.74655571130882,199.79181606029584,193.5884545682295,190.7959652154437,193.089474471289,194.38985014565043,193.58542585366047,185.94392907022007,180.74113251267875,191.47507586497,193.32649751422002,191.59992447134738,189.2497105975043,195.5183346347726,205.6462158099665,199.71557608319523,207.63333279844795,210.0070120863204,202.32640621204627,195.44202120948518,199.42497790943762,198.48776370753507,192.18746509894532,192.68650828517283,196.01310920361584,199.0849801227345,199.5565482748964,203.85030211441168,195.69470064679038,201.67388543921672,199.1397313440125,193.2239834169483,186.08518150823
64,1993-01-23 17:44:16+00:00,237.1852536353174,235.93270644730455,234.75313371974573,230.30781593273406,232.07464189790903,228.0789756367268,225.32416685280967,238.49813142497527,235.53204270003664,233.91410034217145,228.72201196706845,223.03590814713425,213.32622427592065,204.69415902584626,197.82377036984718,200.98929890474585,200.57304666977717,200.14666003736346,220.18809722392808,211.94706144172233,199.34910544999445,199.80295041737412,197.8927387587545,198.6711858906233,197.8938040422699,193.50341186224375,198.03263563526315,199.29364060948782,204.62726218532657,196.44496563623306,192.2426466690252,182.8592579744215,186.01060575241377,191.31458773820947,192.99265992617757,197.76124122534839,195.53267900860902,198.58446456168474,206.36412994558862,198.22523640484445,192.3747031818748,184.31372534880057,185.45117609483867,197.46135874254645,199.21874044528667,196.19145709155487,196.92827462309546,194.69724907342095,202.0845701784604,202.02758045220892,203.36186770717956,206.1320179835463,214.08776954350355,223.80828791829543,224.79189714250353,228.3127460024549,223.8215450169726,217.50628982165208,215.75405842419383,206.81253129497287,212.3944727907924,216.59620327551193,197.57907275477868,180.47756222574588,179.1741183017539,,,168.1682539967897,187.26290405831844,198.62300462080117,202.3359962278032,199.53293702677647,204.3636184500389,214.8037497723064,208.81233548245476,212.76512197646355,208.24745353417472,207.79781326755733,207.9038508382003,207.22440183074917,203.4571329622057,213.59296626113502,223.7755212514525,227.86600704508288,221.93893747864718,218.8933138849319,219.2735942410286,219.8784331408824,210.6597913119473,205.67227126469254,196.4134686243259,,200.3460250030954,196.3037227673905,205.40732083672128,195.92890203030703,198.1430109459361,204.67781200699682,209.40183704512978,214.59261084871375,211.0597698200276,252.91167886269224,250.4528009166813,241.01622774252894,235.28598943895594,228.66169912923942,,,202.3367828768968,205.55687362097422,209.87673691781708,207.71357775873707,203.33155898754904,210.05757336352315,204.98565760042248,187.07161172867418,188.36904661596915,185.70543566102066,195.27810023952281,197.90588369187373,180.65799609739858,185.1987391017322,180.21158788683738,183.2004911667598,170.1940996071108,178.02593800929824,177.10143078369828,170.49250664766797,168.70958403354825,166.98398672253813,174.23106936963495,171.07771520224128,172.92019719550962,183.65795833222356,186.2504737444225,184.80806605655934,182.65725475014045,191.16430505106499,194.16676632116923,183.63441757170887,188.50268592329144,186.14629846116557,184.2716934023618,174.38939368381187,181.20840476470914,188.89828219093363,189.9648842872051,193.35771333992108,189.04673885829993,188.97442682122914,181.75068375325765,180.09256678048322,175.88149381472397
65,1993-04-13 17:44:52+00:00,270.7333823334415,264.59035644741846,263.56463609488526,259.4706675062294,262.32711089250404,261.9857730451455,258.5757437819181,262.14611523375197,258.69884890431433,255.69276906940306,260.5659309185464,251.53622459761746,237.609075517117,228.24982273727443,219.34766531626713,218.7507599853588,213.5317074891966,222.65315983596253,231.28844815418438,233.90587888355202,218.19750634847702,216.7114139720071,215.66467195313982,220.79085413524962,214.53586860758395,212.61034938524392,213.28208839696717,221.99658470601966,222.7661999482067,224.59268476372787,229.28355347730508,220.39250492314278,222.37800475295768,218.26912784283775,221.22554332780015,218.82511417682457,211.24386630919352,212.60887539136917,211.31086628508336,215.58640905483207,215.87041649055166,205.99482884701425,200.12985047742535,197.17215732191693,201.0800921632219,204.40257240729358,199.44545620853302,205.16506134773047,215.25096795318615,211.87412155688003,216.183015243505,219.73111959337393,230.95837552477047,231.87033612899467,228.6160193923579,232.63733651623176,228.5399999413263,232.64485293509074,226.52316321117152,225.75146887080564,231.3254427210752,232.69502771141825,222.58658994948536,195.40522986230496,186.8582753882791,196.40003484146175,216.13962349361617,201.57262880490646,202.70669685528088,211.93494749512485,218.8065907317924,211.3134273907118,215.48032131387095,236.07194684638307,243.61794390282188,240.26303852028656,230.6933735101228,229.90294862020102,239.00922313051757,239.8592750190898,231.8362250898739,242.00997140842748,249.7512438564778,258.1276793812737,254.77034219206422,245.84171737884435,243.171704557035,250.50628041568933,244.48943390864278,237.12478706930452,232.86501728608047,269.383955540604,237.15519392308522,229.50357599369363,217.00515014352166,219.96672339361183,230.806815300317,244.00352006431444,251.79890308731854,252.51508319171083,250.23077075808817,286.9069796299328,298.2664403268376,286.7429508693139,277.8930982697176,256.8399075211038,252.0857116636643,255.49001599039727,242.80836893052083,236.25323408921378,244.3388935297223,240.7114152870609,234.22277627293485,232.48163459481265,235.0749639676709,227.25966087564439,209.11453961929482,217.28458393350064,221.60283737765178,221.4433387358004,211.0429584421429,207.20228699008453,202.72737348448476,194.3873489835904,199.67901024694442,201.46132835484417,202.73348487199695,192.84323794793585,192.20999472304334,195.87366289788002,192.9950897131402,189.01221738274518,190.72775759395063,203.98454379896768,209.26609314586102,212.65815846449664,219.0852297840321,218.73771633252386,211.85628254946005,205.95693052153305,213.67677291346848,217.28354971179493,205.666672300112,200.21582739988838,202.73432549460057,206.3494544035995,216.9784371535334,210.66819833431342,214.09680660578263,217.05322238260112,216.63808559296726,204.33020807828564,197.06364103277286
66,1993-05-31 17:45:05+00:00,,,,,,,,,,,,,228.07453445619007,214.25833230206456,215.57105378454662,220.75267108523542,217.50027817758735,217.47958982084316,232.65740184932847,220.69401199319947,213.79694439299192,207.76195856820567,212.69961614200378,213.80347376326142,219.20496017925507,218.48593452975047,,,,,,,,,,,207.57785098982484,213.4385019057354,209.9378297793183,207.07130702948064,205.59281029018362,192.70443724644122,192.14095918664086,201.33819245936417,210.16636028745992,210.06978107515533,204.43108334628124,209.78986643322645,208.09013604733383,202.7435110443751,206.2556263801477,210.04941781497456,223.9027980800824,232.3190729617197,230.78578823699957,232.62076708999328,229.6655193542566,231.34592952445007,224.8911052670895,227.11499550150913,227.2680653430064,234.1642243575044,210.62149953620025,184.30956124972982,183.55790431422295,181.96634534916458,211.44085447335752,199.4678763514932,208.1873712840382,213.86734308756604,214.97487232782862,206.1231193193736,210.63110388859673,227.43933653598882,229.12394108550797,225.7945620901778,228.9306075481358,228.05675960707669,234.25778520008012,232.61862607184315,231.54963392354648,237.01198902943543,251.4673512503381,257.71381949570525,251.15281993387552,243.95132258603485,243.2924638900213,243.93589789035946,229.83210033101136,227.1613855554437,227.07221278289,240.22004612785585,227.38595454369792,225.37969499285526,226.2433798833988,234.34293915267912,247.68791783160253,260.9631474301356,257.52941825533105,265.5208949717499,239.75153631949397,279.486724150966,285.64623955951754,275.8738929196608,266.4565397760921,248.43516545620173,246.20580271279914,246.29840390192425,238.70758199186497,236.080730891549,240.64483703285148,237.6950633598453,228.87370971942542,227.2777061120722,233.91397792079192,227.21343318478992,221.64271287538025,217.99140457994133,225.24882655893592,220.8575569856323,212.04157434136795,203.4173225985145,199.22226046530014,195.44508696837994,196.03076558869174,196.66594453669387,196.2966092258311,183.8061092144655,183.78884880777787,187.90158914393643,189.98606540884276,188.53521387146034,196.45854364396197,198.1683735999601,202.1367733754796,204.26435034935565,215.6453859987094,219.83548763438688,211.33078989159227,201.91944704411407,211.76842125683936,208.56710380451804,201.24613716793917,199.72703024023076,204.14290337392953,209.5397570670284,210.37963188039836,212.9320517754341,198.20440053710402,209.5171891376825,205.51466553353475,199.9562606892386,192.99606211411646
67,1993-09-04 17:44:54+00:00,251.10147820547888,249.53777337375726,241.98688921304483,239.74478878243883,241.3848145694162,246.15964560612167,244.73271997779966,251.20899367969753,249.04396983785398,243.80414753136196,239.8096578781333,232.2205650104038,226.53561316795935,215.3863869886033,212.02243173325326,209.5734626656248,209.4010615198069,207.15539938986365,221.84078698580882,212.9397185562999,200.52179727195664,207.36097627079187,206.94229137987776,200.81076788696964,205.53462191619354,198.98414776284255,202.33471434665276,204.7131926625001,217.98328355345666,209.8796932802485,194.66146549468056,195.9561767157643,198.71218548868526,198.03160735097043,199.02187237390007,198.57615508201107,202.73570913611007,199.8195875144017,193.6449645917424,189.9270324932115,188.6599842985773,186.42155713206455,194.02846610804136,197.53817752591803,198.8221056444453,193.08466505069936,191.43967417404048,190.7248984869596,199.77102014129662,190.29516308875176,195.6721883744847,200.6992339034049,218.6994207307941,221.6308340180658,224.62548523966376,224.67423537149534,228.80223136812702,221.1441193633985,212.1835097188768,208.8860557694215,209.4811053049457,222.51248372458835,211.67648074229623,182.84319435400835,188.3178931680157,174.22542451201122,185.40374572421393,198.9841665782511,198.33685032473426,210.21453488840126,206.87131759194529,203.53604927484332,203.3975620635819,212.2346755554952,208.56847078043342,209.54261470209923,220.31635872633922,224.4151761589478,222.6558372078676,206.9557596471783,207.2257316481125,220.21164858108364,233.05126568041408,240.96325000971922,236.32311651639031,241.38000583833445,241.21320711146828,248.8420461525575,230.9899921956394,223.71621170180407,212.3121823377328,228.82544567387106,228.95493039458353,232.7956907072255,234.8330498535191,224.2760175910908,229.19014276784273,228.90898772788992,232.10018122555778,224.36971447956864,207.86981404741817,259.8046306369425,262.11350811554195,253.40254894742762,243.1590723477045,229.24734634937002,222.28847245954887,223.81137183894,217.89035663046116,220.85074359399297,221.30819365457546,209.0987239075178,210.71992546099557,200.73396451258176,202.04528437408675,218.96491184190472,216.13917361179983,213.07881753865001,212.36719906512093,214.80493544281555,204.046361219081,204.6126464644183,196.8078787853551,195.69044683230737,204.4389316996756,204.92481231113862,200.56114615077846,192.44884105081135,191.57238616628766,186.29775713333075,188.48083035106248,194.87020700680097,201.70497468827685,203.85613188392773,202.6422012617965,203.86686274343703,208.65394424642653,210.13647971798684,206.35295126798627,195.42478406843313,193.6319516414499,199.87965671494163,194.04540635843716,190.0572940508705,192.75723600938318,199.6655466819721,201.24155622784428,201.06581715128024,193.96664375729756,199.34941522486548,196.46039674255746,190.93692160021172,182.2844845282891
68,1993-10-22 17:44:41+00:00,,,,,,,,,,,,,,,,,,,,,,,,,,,,,,,,,,,,,,,,,,,,,,,,,,,,,,,,,,,221.79574723288061,230.1427801210993,235.41833317477537,244.75869991215833,215.31046475616756,188.84469902672507,186.16602375106942,181.03608473820253,195.39261962016997,200.68921086834848,209.03091326333112,214.31102275845424,224.2901306203147,218.85526088660572,220.8091962383715,220.75801708745377,232.13420870630046,228.73234479832558,238.02272961990985,234.0908455575937,233.23214786180614,215.2007267955551,225.5004488849996,234.70835172271535,249.62457642435447,256.07463032895697,257.2828132540635,255.07710965961488,255.16757479818313,262.8142553398336,245.27910873337748,235.81141943562608,229.0540656983294,239.56625554940734,233.59547118922967,238.97907112865428,233.31127872119038,230.71510429620528,233.0823399462302,230.66382353709608,233.65119382452485,222.45543118583566,217.05641007464914,262.48559484398356,276.25622072268067,258.857016163347,251.0064620344533,241.00327419207383,227.15688851821326,233.398236370448,230.13796873534207,225.3974225054877,228.26011050150547,213.43551297346363,216.4381910316054,209.69883594758699,202.59658665226715,216.3159613469628,212.68773622885706,214.19570581836786,213.15893252359808,213.23515124495893,212.02045721522285,210.96651525212553,207.79622495042156,204.33437274029714,211.16093498376443,218.1804543817695,220.16278814904632,205.68389481996425,204.10600746604484,204.13226457970336,209.8994030426385,212.37490904664452,219.0230707528774,225.520511999558,220.6262862760206,226.82577978024892,233.0596045962318,233.38192063395107,226.35965543380598,218.53900075500695,227.05611756959536,226.18276348445647,221.80734095766752,211.1233979857544,212.40700316965797,220.95360546420244,220.83823353803012,219.6615701395288,215.83244853021714,215.43365944555578,212.976711676791,206.48948168670125,199.14543098471117
69,1993-11-07 17:44:35+00:00,258.47549367598316,257.30245148445044,256.6098654977427,253.54604141495915,254.48547736008,250.72392516732447,251.80035628443375,260.1922120368397,261.37030229762763,261.9322188819517,263.758762461526,254.61131977352838,247.2898250686813,234.36991120013568,231.1345916955671,230.4737779270016,227.7487226314475,224.70028865056753,237.16010021449026,229.64912368584822,222.40035842164139,220.0407647451118,216.49702062901176,215.49811979490826,216.39943677443932,214.9333881438344,214.10707767900038,219.01445154406622,224.6578451224841,225.8516871733989,212.19469505744263,205.14739799540246,209.66483566421428,209.75112365560054,207.83338030356936,207.00647394894332,206.35906005174746,210.13232333464668,199.09856543793921,201.7960537167129,207.83292943199098,194.14594630304822,195.79938378418547,205.04821340334843,203.90825648540334,195.34132053406788,194.99278416769118,198.70089822378156,206.28692520819436,198.85047885300997,209.3731585939939,216.44680913289727,228.75866103633774,232.45367518019702,231.67394265471208,234.12680243102653,232.03958153974008,231.36912118861733,230.74578750765886,234.03525060671043,244.67749096009817,243.56023539836903,208.6168081843755,188.89263560611175,176.0558814234721,,,205.73237380259405,204.85223565390248,219.46450518732277,224.27828301820026,213.86508509841497,217.1802061158307,221.3472158165713,223.97890391324268,227.66681790165444,225.54684231600305,230.75320057432222,226.50840569326,215.41509381597925,218.49004807227615,227.67853314749738,239.96429024980802,252.2816214216885,255.5962579674841,250.52933888321468,256.9755007794299,261.50643058070904,249.0310755293666,237.44137812340315,227.39362119537287,240.999004220298,231.53074033287453,238.8959681195186,233.25375624163337,236.34972094898347,234.46513625759042,228.95437874451403,222.0301834850797,219.05493664232063,215.72425021300643,255.69425445225238,264.89894418879175,253.2272930644872,248.85919744401664,230.0965213559155,220.3161191112817,236.5620692749668,223.6186066382849,221.41394524922285,222.2844863089785,206.19696550648166,205.57133177346597,201.39091501643924,206.2418635357961,209.25222364763474,203.2610237378756,204.34502272928472,212.26296106392726,215.39813238364184,209.83852129508978,208.95692328731332,206.75174207583524,202.18943154908396,207.4692118462359,211.67307700888887,213.21141872442564,197.78422263205812,201.77808734543748,206.4050996574524,204.73701085522077,201.30934444083917,212.29770685937083,221.06727496978698,217.08973593998678,218.71534609111825,228.37557604407414,232.68028303411637,227.23467444645067,220.0032281711613,227.82458479087438,232.19854977510124,221.21366518078267,219.58811799990144,218.3871373640423,227.13218635890195,228.45136071671322,225.92440388936265,221.57220424659852,223.64436699161155,222.2734329957655,209.33300235478285,204.83090541769593
70,1993-12-09 17:44:24+00:00,251.8674194785999,259.12086196890294,250.23140090495014,247.4764159218981,247.08247186522203,249.97218382555792,245.39092157242328,253.4140325955794,253.3234694177555,255.62976182029416,250.97093869996976,246.1491861491145,231.87634144171707,222.58199654464957,220.86511770880298,220.38078160979694,217.9324303585912,209.97355573424213,232.28287819643646,225.2996157629916,214.87030860114436,213.96673884411757,210.28078573969756,211.1634194709287,210.8858448921952,207.34044024331436,205.6000089585057,213.44149568543565,220.399078469458,218.89050357139683,206.63490161174394,207.05735098966852,205.66162506830796,209.74766563914528,210.9716776749281,206.90317800739922,207.37632544794113,203.59988766949732,202.2935713924297,204.68574910451832,206.41251804338464,197.71352118493138,198.22066686156836,203.004808315089,204.092798824772,196.91480781260913,193.3832654955039,197.41256647375837,199.3033062321261,,,,,,,,,,,,,,,,,,,,,,,,,,,,,,,,,,,,,,,,,,,,,,,230.50530183492924,219.7644022480796,222.23543921329411,222.21794090033202,227.39879516448974,218.66654719012328,258.82669522714997,259.87215870422636,247.73094958168264,232.28109181236454,224.21500532420924,233.118860544373,231.27148585395747,226.83471996108403,219.77626772261561,225.06063892438044,217.85855387314996,217.02453478003324,218.67891448801115,214.02906882617225,201.56276737558363,192.10171147579632,197.57718666026898,208.55426756448696,207.27586563436753,199.79023413756144,190.74509986930434,186.25002110616805,188.95689414878322,185.8586985336648,194.38927668087462,198.75454553930325,196.28658461892272,195.95102824141253,194.18599909313687,196.63168529656934,189.99279446087203,196.26061429974976,205.46679191778895,213.4914235554216,212.81164450561377,221.61797053244732,226.60167015807423,214.6461720843722,213.67533682496324,213.77080597512594,218.7664222837018,212.73835916985456,204.8357276365639,206.20990999085768,210.45162880199823,214.47001384871766,211.66574962063504,209.70148785973117,205.22234176012626,,,
71,1994-01-10 17:44:00+00:00,257.5016332977625,258.998762935037,248.632957595343,242.1676552968844,245.70738304012343,243.53369967886186,241.96502591096947,250.61376427801648,256.74184349477446,254.67087133396345,248.02181814783359,236.37992040949257,229.13986839184912,217.7320395096039,215.3823714299765,215.14893171262622,212.8036937195485,215.92773765919304,231.96824924433113,220.75491808632125,210.87873431484934,208.19106485647833,208.4327660874672,210.4498388816122,207.3899893082729,200.81552939487838,209.4819031243179,214.03239934801795,217.8119908944219,205.9826575325709,202.34061239786246,193.90707576587823,201.1757006834054,204.867384297635,208.80292603745048,201.82548497129255,205.77957128705185,208.4811800111121,209.93649824223564,203.64697626329956,202.0400197239424,192.70064710210673,190.89025868631006,197.5799798427135,199.9834460596706,192.52758520751493,195.55258682254762,195.70309099145152,199.39882084962085,190.6408774635571,195.28870311403884,202.5269070974751,218.66850322056086,225.22832515307638,216.4180551122597,217.19032249701863,234.5636289532308,222.1091585808426,218.98576029775035,223.7348741147187,233.20605533638928,236.89186628789645,226.83243708423643,202.55999560858953,186.6948879588058,188.34080307304845,205.64709787774848,199.60706655990845,196.05473531620396,202.36632488713985,210.23352919512539,203.97362845282245,204.47938333191917,217.77683676224888,215.4526460869601,215.77304447152125,216.2121519648427,211.60129167098376,213.782446398307,198.48663708037685,210.78081623214075,231.35324393068157,240.81500559502558,251.29550948183984,250.02382903248386,248.0910769722244,250.02645388964024,256.4815731490004,242.06802335134262,234.09533936326858,219.74586760402974,229.99892018490087,226.7575147325571,230.56826364762225,227.57880315914338,224.07215292327885,215.83854536798714,212.48389840169867,220.9175875515657,219.59472656256537,215.0051578231023,264.3491385799338,265.3010512974659,250.60096436945105,240.02090889410644,228.3944697854326,220.03587345783387,223.57018286097565,221.72039983967102,227.59625710339094,230.34829426889624,226.74669550991248,226.99606556609234,226.95910409471145,224.7172026049188,210.98432525275865,196.7946361763058,203.47973060526726,213.18933906185566,207.61875531411317,199.2979549769575,198.64847155483625,188.34883265528347,189.47656139578788,197.67490676826435,197.84384701246015,200.1955263628072,195.82066985661683,192.07044526082433,194.50398308393113,197.5411995922529,195.0070836525078,194.9857634461672,200.97523905707666,206.3690112407411,217.45616163330175,215.6681094810649,218.3024610990296,222.8954627707938,207.06698202384624,209.56589269889895,209.27373660911013,201.9040816992778,201.0599791192961,197.47416053339148,203.73658822688049,205.96961924448664,207.02956660368136,200.5080551613809,198.82308111761932,196.2687265875601,186.11179100190415,176.73185909066876
72,1994-02-11 17:43:38+00:00,240.42343253495613,240.24932571778749,236.32258293857458,232.04984810749764,235.79407408798707,235.9318445223085,234.12140610287153,241.49466668916745,240.40155923733303,246.03360069723638,240.91909413598194,229.1044144304049,216.0593526344994,208.3709819477682,209.51544394915294,206.38092518178456,206.31525289591104,203.64776577749745,220.64582435974256,214.36240805089164,206.1055282867572,199.80293406123872,200.22457645451226,198.68597619482557,198.63244606811304,192.14976339277723,195.54358080695533,198.02875148948957,207.7961976984259,200.4465549648578,191.8515867142745,184.6274921080543,190.83184837428865,196.1323890839651,196.37880375356625,192.36258140008738,191.67643041407675,189.79012668355824,188.41168407150298,187.6273518703958,189.23962684026804,178.35855700370928,176.0161436208826,186.73203999015203,190.10004084675518,179.37146990976822,181.12415498339607,187.13944623034502,188.87121781840344,182.8153682308823,186.26647200942227,192.2608179513762,205.22076436928643,209.23478711658504,211.53999879024332,209.032576238808,205.32391473888487,211.24222326791107,210.70070985136962,213.87459158852408,221.0832303380641,228.55725772067822,213.1014843323826,182.18373871184315,171.86800983374613,,,,180.74496787339214,194.6502101595413,194.3634565653009,185.23989637032722,202.27162065124736,205.15175985977055,202.73415442003147,206.49304438189205,206.35987466905016,200.04524911786763,205.30594999160115,191.58390125780508,201.83322112147164,211.2419686914513,232.01279185992286,246.9913539336712,242.49491852371932,240.97694996423377,244.21493605433244,258.2363712866679,236.53270898903594,227.2673834476895,211.72646234580213,218.55551807198526,219.45106847499008,217.83230827311706,216.55841746012317,213.972309381702,207.56899218462252,205.74588086578925,212.13424895227425,213.89964805895008,211.1325528105511,248.27816923660956,248.33152112786763,235.42518320114402,219.3179091393231,211.1132731161544,,,,215.52352064953,218.75072122652398,208.72348716572344,213.9089140413287,210.9464082642201,207.39955168988251,191.88776325618778,180.12301883790354,178.51790079969788,188.96121454570124,193.83218957381513,180.28116297826023,179.7113154073906,173.0123130433658,170.8751875458416,170.6592043275333,183.5635090005288,185.53810717995674,176.66187312318397,179.92562799114353,178.6123255561247,179.9600957913931,175.77281952366604,180.0069349225837,189.62604032847682,191.62570261390866,194.02714875888336,197.678616730614,199.7909129785094,201.11961270244223,193.5235355489832,194.18412795420335,195.2522182719198,189.3371125433608,182.98422301660298,186.78628442650427,191.81251677277277,189.87618078861556,194.40319690037526,188.30230554208072,185.73598029585685,182.0818050995836,175.46496730563672,170.80465160861604
73,1994-06-19 17:41:22+00:00,269.8181020955554,266.98466058510724,256.3838530160824,258.2416409731464,258.1811204777638,260.6616604174229,264.83057026120906,269.2299529943096,265.4748397771382,264.131651143987,259.8811430059586,256.213740458541,242.80665052157173,230.21015463174786,227.47883221729626,236.61893779838914,231.8468578051382,230.92814851347464,241.85888466786565,230.9191593696488,223.08826830372874,217.2795185864287,215.61604641091762,213.69683378186636,215.18054998572984,214.31837856865482,212.6174892609799,220.97767572167254,222.91785205723292,221.55736153605872,216.55947298214193,208.24442722706772,211.27949840915835,214.29409736952277,214.7463477805237,218.2363422575341,212.61456879103292,220.80697662357593,212.10590667896315,211.36252060478597,216.83351918397014,204.24928581056002,208.8466747593863,221.23698166873814,217.53161291888924,210.65009619633133,205.15239653813188,206.8583081930265,206.00648880350832,199.80077597110835,202.45585745380083,209.4420423757637,221.86920035936168,232.2888825703642,226.70325174795735,229.76691923442817,226.19960461382024,223.62986353929904,217.21355293818948,218.9890969698834,222.48053296523193,233.00036233389756,214.89956612037523,190.9134212976899,190.34573294491884,193.23734443178654,209.56771321032275,200.22669181727275,203.4859220482189,217.65966003891413,223.26403894761694,212.500069106787,214.31325617111716,228.50317550393737,232.09162796481712,228.76310625661503,225.39829706380038,225.9312710759218,227.65131675920742,226.5632734598245,237.9606910416403,244.42185122754137,257.8038183752126,261.44112694694,264.737584992796,256.95425157327634,257.01796709720406,257.43623350591855,251.50860935451277,238.12798743556078,227.839038350937,224.56682086157528,226.17122748462245,231.40114021411313,227.04594833804546,232.17030120833655,226.22095667418745,230.55790924609119,233.89281125189692,239.99666708884632,224.17398047192705,263.6063209951126,260.1273004761276,248.6912528430117,241.87824421028793,230.5687838729794,229.13995017772552,235.51474214567722,240.43368305231775,238.67934262501566,243.60664709002435,242.83277378773715,237.8307966013399,229.05461834106427,229.3068188394259,218.88807080295436,210.85201661760044,207.6414675336537,214.6729586152277,214.3391155282646,202.97444154976867,195.38871264058886,190.599973471849,189.56583833637174,192.72597049370165,200.96479551907447,199.28470822750066,188.59111153566815,189.15133901295255,187.37084308795028,191.7408806498461,193.10401493852405,197.49135396028495,206.81302495540587,204.55923623089424,209.9916725389368,219.69273296088608,228.42661814549152,219.8745865105795,215.0970345740016,217.18922553922425,215.50495279161493,210.93820185465628,204.91097764655547,211.80472782856012,215.7304620156659,219.45815856056265,218.96043845618317,219.34058635424248,215.47454278660132,216.23834891034323,209.953178008895,197.378231741155
74,1994-07-05 17:40:57+00:00,257.5723540761729,259.7077982372616,250.39861718730123,250.1898302678452,249.6804006381316,252.0639605062429,250.39986098381416,257.2052390099875,260.35314183052304,258.86704590847404,254.5019744277564,246.26586313362753,238.1961907019305,229.21427025834907,223.473034336156,223.1357247716525,215.17041935420724,224.11594311574206,236.66388851999193,223.86427288915593,218.17678612433667,209.71790109156493,208.29840691025154,205.54213661404572,207.7349395668581,200.4871367996014,208.0590743132399,217.2902429335537,224.10669516006072,211.1469529953397,205.7778297928569,205.46833885868958,210.39226832048428,203.7026906583738,203.72383934325882,201.57359244729759,204.670840891112,214.14070439179244,203.31571523029618,203.1248322978385,210.95675791966983,199.74292831307156,204.21403002287454,207.57929966046595,208.67787566482855,197.15898408585332,202.68534239089587,203.77566288119118,205.28067253520095,197.53112999031558,200.93366420731746,208.30058624470666,224.85401640805532,224.51166259958774,224.20669223807477,220.0122473697782,226.1782892411527,220.81964332073423,215.437795648812,215.3666167164852,223.75001941284276,233.11778998304663,212.8859765907546,190.14062265363486,186.25005911406612,184.331756667624,197.65425838317768,202.6164883167217,193.7930434302042,204.3612461839855,212.55067944741705,212.93213659268662,214.60614463292634,226.89712343811425,227.04363276513794,221.8726317672075,224.08227756690064,228.47994360635016,225.2581328262662,215.21317731141198,227.69136711910016,239.25928994994638,251.4736819273113,256.84212393757116,258.7421949609739,257.73668365983394,256.709241212093,262.00588097819576,252.28447967208592,241.56787901097906,228.03494297298678,227.72335203733905,225.67567459597078,225.70642530175823,223.17125114887816,218.20128767499955,218.762246317174,215.62423960958768,218.34166418718004,218.69290337847247,215.30548642178076,256.99248868371353,251.59252082532055,239.04098614666933,235.0305187119455,225.57312980878655,223.04790616920718,229.55421535137629,231.14841658477567,229.2387804013922,233.1977484765479,230.80551615383044,227.7106645673873,222.31324246199088,222.28268369154006,219.05549414097243,212.72707205989795,210.32830891474993,210.83479257080577,206.51430396501434,195.24957337125025,194.6361345241643,185.41231298803493,184.24598194166313,194.11533629276363,203.04502840902387,200.55151141559185,187.41436523629517,185.34049486618,186.27412569829158,188.3874320949984,195.664519991023,198.6069220518023,206.02361253273352,206.59439517011208,214.34862565363954,215.97070773138944,219.46561055777977,215.50167981125986,214.73942433721467,210.96595121718207,209.56282246243958,212.34840914664818,199.2313348567746,197.28815115535582,205.08313912515894,213.3921854080966,215.12397098975293,212.1790964510665,215.46284383873567,214.81166119101005,202.27073853682833,190.24919242377354
75,1994-07-21 17:40:31+00:00,255.132684131633,255.8667333529394,249.92911320598208,244.66541076579705,249.26422934729248,247.8395745239297,250.9189711782029,255.6869506277931,255.129844406647,257.7617071982099,254.09424804447548,243.00540902607577,233.00438234610692,220.18467002979503,219.71724018571712,220.3591192468218,219.37410377859572,215.31861554574002,235.53188281885434,222.75476600748433,216.4551052270245,209.51790500947516,205.68459171195843,203.56265131892528,202.59809072908865,198.7125435126845,195.22771313915314,214.93982188979032,221.14305832294917,208.81468245705906,202.86890917895528,197.44928238908454,204.21189014145108,202.14612160982546,201.68034219730214,199.0987278175209,191.9303528230879,208.30571504845994,201.8887593716385,200.50742039726907,211.08406062568577,196.19815537495185,201.73930878205715,205.32031659483653,205.46729491095036,196.6496624260085,192.89124137367725,197.68751361674157,201.49445649649186,193.80650618776662,197.1970918620096,208.2356105172614,226.85759608114,223.28349137558305,222.72618367686408,212.07225169722898,218.12063672829734,215.17321523410249,212.7991421795217,213.9320482566659,218.56085368376148,226.60666216053778,203.9660246391902,178.7560539584729,181.52056334131657,173.54662327814083,192.98742792462804,192.69657531435988,196.0442254678968,207.44487350143135,206.8720294926712,210.24497426036783,210.90893987471725,219.66899739596937,217.46148642295435,213.05183167927964,220.24036780091797,222.30432069109247,220.39538817659513,210.04779014271435,220.25626708487707,233.21853073277862,246.48550551211977,254.17013921935,254.3835792382154,253.67690397650142,257.31967713094843,262.4304783415221,251.88226205125852,238.30593423588346,226.26801116001246,223.0393770020837,222.39639730853548,221.83238372949734,216.12427550270291,215.862300318744,218.08797207925943,213.0928656356171,215.18553071563557,217.40958061511424,214.97706933087386,259.1832583211909,252.34107876170242,239.71434503560235,241.62288832365823,228.1170827327552,223.08396782460056,226.836216087306,226.1256723197671,226.97537916424747,237.57646772856546,224.5945994220265,219.26646940021664,222.12754490721358,230.4560112921867,223.45656701627942,212.75750191778815,210.2412399639079,210.2753286175213,207.58421206153824,204.15392174834352,193.42795337336986,193.04803569476604,186.95586743580157,184.16359025803644,196.6146311554501,195.88786733003818,184.80261052611735,185.50546743554156,183.93419158397043,185.10802773165005,192.2068968436114,197.91058931369864,201.59002619090148,199.46620068916735,205.0806235781495,213.27218445090062,211.09234781808817,207.1006657190761,207.73693072106192,209.4263966203971,208.62600031370096,202.2980662836436,198.125506031006,199.00831805686977,206.19619526218145,209.04951763066396,210.03788983980365,207.9272725616256,212.33577365686358,204.40019784501726,192.09828048265732,181.22809980239424
76,1994-08-06 17:40:04+00:00,254.94480089204035,252.72005697728122,247.51026890585786,243.95631496671894,247.35514204599758,248.81867688704085,242.05227988369774,247.69814473788733,261.0614555510193,256.5130999083161,250.4239015900678,247.40947598203633,234.2915631427487,225.5637386863758,218.5267284888173,219.5694779469825,218.38068848782677,220.9922199366877,230.5433965137967,222.20759129917835,211.07655984660846,210.41251805245747,207.1394195857003,204.65969928852368,204.25351022096618,192.3670728509134,207.3904131992865,209.63400392678236,218.2735272047429,214.46976157525995,202.38805305531207,199.48796379645046,201.59097062521448,202.57590466587982,201.65720056931988,199.95142693660904,204.4939664425046,205.9193043479973,196.1810864886858,194.36833411204924,201.25581420196477,198.88949943438024,196.93269792704007,206.98558059219562,203.3996817659532,193.104943708006,199.8107438684683,196.57650441635965,198.7779028928841,189.760248598867,189.98472954776935,203.46349002229726,216.71074810533185,220.0844948665667,216.3059335846705,228.47819578333264,220.51011211569653,218.5178457807363,209.78300495458714,208.44120533010488,214.32038067997343,222.68419243185434,204.73164195607978,181.1499819319057,187.52604237905456,179.31413580934046,199.64647256146304,196.36572983727802,191.274618249652,201.1306601209862,225.9394014419227,209.69629370569987,208.53883032763682,221.90770217131512,215.18860680806844,217.09528770369394,220.46512679848863,220.0184058664986,219.83451832583162,210.3310643580216,218.69416222422953,233.5993149255291,248.21815018475914,253.28152856907627,255.6771836035473,250.4198803551111,256.4525080014213,255.3683676006641,251.06088852328514,237.9476032774214,220.67337501645116,218.70614372428363,219.38274437006325,222.1017481437624,214.012634394508,213.89247560920342,212.27431348323597,213.09584198978388,212.59944308688537,216.27070137033755,214.1599441436083,252.4739411944379,247.5715463753544,247.71130950088292,241.8161164159378,222.813628261656,222.9794522965147,223.1592146551752,227.22895719544908,223.40251430915092,227.03790904973107,223.7361981521792,225.10829645042284,214.7350631274134,215.15763678659704,212.73487760500953,204.7947744347943,203.73975038372453,213.83097973084023,206.64326300571503,198.77905586586155,191.62452285416782,187.9034861972006,188.1245125085972,192.15318265081547,191.82127772315897,190.17337865546654,179.72971999238598,183.0990471441769,180.10803669912792,181.28832259586073,197.45706315874313,204.96078725868045,204.91056043456945,206.5751719523704,206.96833632676743,210.77803548736938,218.73169292053188,211.0485866622744,206.01447496498804,204.63110605851176,207.2274423873942,201.85726445588355,192.8274126418802,197.71192270251558,204.71409518216342,209.8618556867723,211.00438619728527,209.93627657408516,212.75922061090856,209.79591066882648,193.594812724512,186.8547710922918
77,1994-09-07 17:39:17+00:00,247.26908180039624,246.47062190618578,238.68464896307393,234.04135728517343,234.50159845215174,241.37619262042114,235.9547778857709,241.70008998971514,250.82641744693467,251.1719024185176,245.74765071316935,240.67716460320514,225.9920310543948,220.411945154062,213.7590905277934,214.1246433994427,209.37595761112314,210.79610755803174,225.56727764602815,218.10452544209897,205.5488843359421,203.18580230899946,196.80127016512336,196.79848820908632,194.19076689576258,195.00188810629595,209.35676792552513,210.25778123267733,207.89008720003852,199.49140056729402,196.7538832189329,193.64363286398657,193.99709104535629,193.68660152827846,194.2380352806031,194.71135961274592,200.30623247221897,203.12984454772712,192.98186063263438,191.62492452254816,194.6285224694889,187.5713481779802,192.4762669807584,203.8625211040109,200.4629903341204,193.91562574562246,192.24032151311735,190.40468241436312,189.30785539685564,183.64123314045673,185.78548277836325,197.8974315488279,211.62785998599378,214.05295529168112,212.73654267557293,223.28254647847774,218.21921356734302,215.64438506399534,205.7569497119967,207.67980345754967,217.58047787419048,227.4127813897012,210.39537971192175,182.20443134463335,184.25707039536144,181.5084477337379,180.21976047113873,197.8417825516251,194.94472967262124,207.4847821327852,219.58216152678014,207.71047975059275,206.78085512930684,209.8156646323668,210.350165017934,208.93258641510812,211.05945371701392,215.3098150000264,215.27148723887694,199.43370204221173,215.3584684899934,229.11234587922877,248.43758819481423,250.0318692645504,251.25479396258584,249.47320550621893,248.14007701048314,253.7791774712291,249.22132778342404,232.82967863214202,217.04517383435137,215.6747654799907,206.797610500997,206.47426014674042,211.3900174110238,211.09303425023433,199.55161429849448,200.8837938314586,203.57429874010933,211.92951769210873,206.41631600128116,244.27480523456987,248.09196110526278,235.35087698956357,235.7632372662727,221.21632883097746,220.28693206672585,217.40804115351608,208.14669184596232,211.90459329328598,215.57292482401374,217.9707986589728,214.06618489146342,213.04361390387274,221.6449067149957,217.21237825656618,211.80984961644157,209.9700363159224,215.9041764477173,209.82124883978838,200.9696708010626,200.8930638713161,189.5122950676468,184.5282106151648,189.55498424208827,194.6124176744099,193.2311793049915,181.69755780932678,181.68436850266644,181.8864561720758,181.5054612219466,188.06112776277544,195.07346632723767,198.06983145463198,199.2998400079241,200.71636366117767,203.37271260621105,208.53076340051172,205.59903118295153,197.59026692702687,199.1913379719491,201.51627934790693,194.91002217654818,188.86333817881123,189.80689155590264,199.350297015205,207.22502044500493,206.44503332068732,198.74204170087438,204.22645416334902,201.02043436474383,190.4583029324134,180.70155804852615
78,1994-10-09 17:38:23+00:00,255.69446990610075,258.08254464572934,254.0272500504168,256.9987315907725,254.45774239157643,250.66610336922852,246.92077904270474,256.4821829066901,253.14736245533848,252.18700862259016,250.06812491855672,255.66079633649582,235.8825241211866,227.68610669404188,221.25319119045017,224.26212962614477,220.9216057330626,220.25848124229657,228.57084701987304,221.5413422391351,220.90956988943438,219.1856180314189,206.57519233675856,207.72867116828508,201.74948584615345,203.27141069633518,206.08474837547442,213.38481260706078,219.77026801558162,210.44208757119202,206.3031141250988,207.04351214276107,206.15248082993685,213.10546204716397,209.2598412092081,211.64770407035093,206.03330885207646,209.2607753398754,196.89573198409693,195.40980191217352,208.18549907852673,201.05251715653455,207.1053156031904,218.29758167117328,206.09981273683889,206.1311082176276,199.88825926664765,199.43621866165068,200.87980550771067,205.80897866864285,201.86249020096085,215.52207518812384,228.98530382768723,233.149786447284,232.32749787858756,230.81940263580984,224.73988163212775,217.24821652419485,208.8315826025877,207.14137231560272,235.1422107678237,233.4795707485913,217.31803952286702,193.75019747982472,199.92151284257838,188.2427914952878,202.09968140400605,197.9675486779774,199.96824692938972,217.9273761596824,226.1677623180041,212.14358340210677,217.6269596227712,217.90982488443683,208.32072306028942,219.6628437873723,219.96106342196242,225.22003999385146,228.7769022786385,209.39452935756648,223.0784926221603,238.45335938140653,252.5086624054728,252.54052350055628,261.3409760751083,257.6674298925896,270.91004734363764,272.8501407548843,271.12022994479076,248.44684353294215,230.84513417970712,222.86893022235637,225.60505432630953,225.71527951010876,221.8089098180278,225.12773043454968,219.8900861366178,222.85888792487248,211.60540099390937,226.42156241929297,215.72799504202573,259.80445580755963,261.84705692476166,244.27182799632442,240.13791639657848,226.29495705447732,212.64151479736222,218.7505700032346,230.2014396245491,224.36927677562682,231.88743151976476,223.35157021043406,218.32912526598972,213.6830032805284,230.96657244173457,222.8102582521774,216.8103682160052,213.33148782744604,223.24405327164945,218.50004102706419,215.36454968546224,207.37647556206247,202.94338832526014,199.23089648787098,198.81462702234916,202.24004831158774,204.00960712507032,198.4351178069847,192.30281967456406,190.50557604852662,201.42496017269548,198.32075341242225,205.11158101451667,213.1981988026962,218.64601676734273,218.62684041389912,217.86300127821983,217.7495556616038,214.0774618639873,210.19265826734443,212.25197943270211,213.59254494324176,211.01812307801262,197.18465062440265,199.83236860235093,208.24759119547306,209.74131183945968,210.4371481744248,211.24067836169695,218.98452695691594,218.13740350314583,206.3309602416867,190.53694305096803
79,1995-09-10 17:24:43+00:00,253.078292787658,257.636867264134,243.33393531097465,243.08697817469283,246.15788016968676,254.45570398332924,246.45752239379595,253.98902813701847,250.45875614221663,245.97608138911474,244.24419073347667,235.8698980937462,222.7414029562065,220.03781150915495,216.31232960188237,213.51807260169844,212.15653990790287,203.46875021184619,224.82856620238394,214.33806941998827,207.63486757322556,193.22915546632743,204.95838427977617,205.48624536006497,202.7573734128439,193.63488501043236,197.22935395090155,203.18253331243153,209.98969967078762,203.4388237923145,200.01414884217837,188.86917474751635,196.2993244927356,196.55946258480844,202.71641701613106,202.39684134936027,203.5766011282315,205.63176164787748,204.91117308026844,197.01137684911367,199.6974519008062,177.26610885886976,190.35490613365198,197.05961761841516,199.3375031138989,196.1831236157297,198.80708548365288,195.58496824601326,198.50426878320087,189.17801773708038,193.01823117786768,200.07081839363522,212.45476378147947,217.31371217730037,220.69969691574167,216.19913886137476,218.05650048137005,212.28434934489513,199.96937001273068,204.53502206524306,213.48222924824657,209.9106642462443,188.95898136033193,181.78453528121378,188.37738417860987,184.02909640007243,196.73055396656693,196.0506279874521,195.03526764492767,206.09729444248052,206.80911731594844,202.4757974969965,207.80401909110492,213.29404339750027,219.06138228509568,223.75509258953235,226.3251954390035,235.42755493479802,236.09050565750792,218.91851220799578,233.86733969811695,249.75485982566397,264.9522454794928,270.06903685984355,264.7144618405472,259.7861057927406,258.70159069726714,268.7314429837754,254.40935873266355,242.01741303624115,221.1092740470013,218.64911035532668,221.16689794429897,224.21896271306318,224.30830381173382,226.53734720897452,236.37754438360835,235.4145392692117,237.47532441914106,240.1386517698019,221.25061462914096,255.81095977971574,256.7827606800571,247.29520879445235,239.2158864698166,222.41188176318173,208.25783149021305,210.95076890893404,219.50459764329338,221.06932291978637,228.80726191901437,231.00091036080545,220.42846711728333,226.7011763053506,225.47892060352143,218.6888588439851,218.61242384953124,224.28400591721666,223.72532496269528,221.37985571395413,207.9226616939057,201.80846504702833,199.95798921682461,191.79199500746864,194.83227603508243,197.7852437383908,189.02416731779405,174.6445569685224,184.87532855822948,184.6587094204602,185.81293628450308,190.95387053753527,192.95957078451548,195.50082836043362,201.79248159312016,207.14530822956024,210.37102037867248,207.89978774584034,202.6037970111376,204.62278161075847,196.63148237411795,198.53242685143348,202.02036392690238,195.75391662511856,197.0322935277099,202.85443355914146,199.11463560321837,200.17381670400417,193.7308518187503,205.22185247166198,203.81261779782187,190.30085835424683,186.19421965213246
80,1995-12-06 17:29:08+00:00,,,,,,,,,,,,,,,,,,,,,,,,,,,,,,,,,,,,,,,,,,,,,,,,,,,,,,,,,,,198.17555462030586,199.0498172531361,206.44255109754278,216.0449613914229,,,,,,,186.87931077409038,200.63434389111552,205.7034586260724,204.16568899808203,207.29873001998214,212.77435115804337,215.20789389407986,216.88209750766083,224.08101415843538,222.36490189901906,218.55791633577104,196.07190687078634,228.57393479576308,241.3867936929487,253.67588297600074,259.1190452746787,260.9162549550467,251.72840350547256,251.4964054876959,253.0993479885299,239.60750446593272,227.87647391322668,206.87109692822276,215.6177369463998,216.33169114767708,220.8494045238058,225.52534478448283,213.30718277034796,216.37684489834777,209.87890580814013,212.752746065408,217.5051307663257,209.8623106524528,,,,,,,205.01045904553652,206.28418770004274,211.55742931052563,219.4561698932572,222.4601522358035,223.85631872490606,219.8176973586396,220.78756526009082,209.05221898287166,201.68654567392554,205.8328661401248,213.90335237610543,205.91675198684803,202.4850871346492,197.0888498718923,186.9485972589349,184.73109499748927,189.2584968435048,193.93027487189215,191.97488843940238,179.19621163129912,176.81602065240676,181.40041515291398,182.58190588133897,184.05912923625868,188.16433359384308,194.11957635471197,199.90637857875234,204.69592923690828,200.88167028022576,204.51610373356192,200.22241940577317,199.12254485650055,199.34942595847605,206.4210566027627,198.17921696905753,188.33287494588097,,,,,,,,,
81,1995-12-22 17:30:20+00:00,,,,,,,,,,,,,,,,,,,,,,,,,,,,,,,,,,,,,,,,,,,,,,,,,,,,,210.96457600538838,209.5107156073322,216.6816143369381,211.79380968416456,214.631224784964,211.96520997634985,192.94909591351615,192.51739143856085,198.92840551277988,201.69400500274492,,182.29359948243894,173.59268564474576,,,,174.0824777678862,195.3557353178204,190.43528069842273,190.06309131801146,195.74384649814425,208.91512873515842,212.0939465661964,212.13396338024012,211.176791768315,212.9515656373642,221.22592675759807,206.6746552997639,216.88080228667786,236.0708478679226,239.2317663243325,254.1717596087909,254.08142676712094,240.7394588164941,240.5583183637733,247.17612209490295,226.7074439086838,220.40069625601035,209.1699837360099,217.41508317156826,227.11255282373705,224.278725511734,217.6880981201565,218.89439751836227,206.98324698086384,213.71977203756012,218.28953690867039,213.93788827620614,218.10795757776216,225.03416178007745,225.4404852387545,225.0237578800303,209.21624595155876,200.48120732050683,205.44246710976864,199.62290156899618,209.13396108143596,211.94144867249219,219.77398017792933,207.71813453874387,207.03749980207488,208.70815014791287,210.90840543898707,192.7687632496146,177.3153614899336,192.18215496567782,201.27784465495594,199.5569062126209,173.92495726754245,179.10024093687903,171.3406820569869,165.45204487794845,150.54132064039675,164.02173367232334,171.60271764571297,160.49968003977352,164.58538141014122,172.30157314395552,168.97315667416152,166.68274314675378,165.2978333520034,175.42626499169558,183.42900965590806,183.39007803366457,179.36985726325955,200.71634345251368,192.82518985385516,176.1933394340328,183.8366257102735,181.5269625163737,179.80570862043677,170.82083087007868,173.38227940754325,181.65964410804304,178.99869586690892,174.1547263191261,186.34852498347647,190.2397487881077,189.3260930474712,173.5878678749964,162.94240431459522
82,1996-01-16 17:25:56+00:00,253.85729265046973,,,254.0569031446215,,,,,,,,,232.04001181178057,218.37117847714953,214.07223059631545,205.84704711947745,194.56983944483056,193.52533384503351,216.43356992747292,210.84416880018665,192.2811088967254,,,,193.9888352100043,,177.71094860280604,182.62112975732543,192.23187507842613,185.80756185263425,195.5070739844706,206.0397524874693,211.56025940336121,211.20902514291728,190.35876970478012,,,173.10849036320585,166.03483855270707,201.20554423710735,201.9559561543773,183.51190583575664,172.13095166130566,,,,167.2136125985426,169.3165894613246,194.52153921267745,202.49292444531773,,,,,,226.73940792685875,230.5832965631892,226.34938967441138,215.37894044933486,215.69314655314,222.20850595330063,220.26860688824974,201.93427307445378,183.05551052789312,149.59617224080046,,,,192.5935173308915,201.61617199486392,204.748381338365,207.86446498062452,208.6694978387916,218.73862019380266,235.76593693138034,240.99375605784132,237.39966662350582,232.23316655222948,242.21241503866122,235.30766128730346,247.75648882371155,262.87754566062966,273.2905278476818,278.512086606227,272.5492606274769,264.19643895929664,257.1196722739678,257.348855617128,239.63197506500433,239.08480426200458,233.33938371835058,238.96721353759153,235.25173873909887,238.11086624254116,232.1022262732214,229.01801859212847,234.2445016517063,227.45845577082372,229.14600513601036,225.76061935378323,221.16017521162877,255.46885038119515,241.367046259846,230.94737386816468,220.37139980673652,198.13520322491803,200.74349407058156,221.62969348425207,220.96856893312557,211.97268308786897,192.2522923630325,216.63372015658013,225.38181995987404,229.18257699311607,233.5959679647787,225.70464216126027,208.0127893296143,215.94171546080017,217.10790221302,217.3109566693396,210.81664028446488,200.59337946503368,193.271852443952,187.16840746556534,184.38454850540302,189.58771288044986,191.67998824335697,187.45952908354658,192.94055547561706,199.52662801259513,185.57467224247551,185.726629038828,180.59754676390827,194.64936611885153,208.4513685800785,214.04457568709952,209.5637794584132,219.24099091292712,199.57123495589383,,,,,,,,,,,,,,
83,1996-02-08 17:33:43+00:00,,,,,,,,,,,,,,,,,,,,,,,,,,,,,,,,,,,,,,,,,,,,,,,,,,,,,,,,,,,,,,,,,,,,,,,,,,,,,,,,,,,,,,,258.497055849949,254.95359924670583,246.11047111202214,233.81401782504057,223.79097081499725,236.48544268213962,230.98795720410948,235.17751068825453,227.39475467934926,223.47372983294633,221.96689908487903,226.3382483371636,229.36260612095106,225.26141953432602,219.13389408831335,258.3538581138457,248.19558074719725,231.9114692928316,220.46696816302097,210.38971823590157,222.58899211151513,214.21986757676495,225.7760216525349,227.58614605446292,231.5223836417301,225.9293449828888,226.93386797961472,232.23637130199222,224.85822739580288,215.56076486100594,205.61684642205194,210.6517774673961,229.45980620855977,222.68972073362207,210.75418928103946,201.53451286102882,190.15087496998274,183.1329832484733,179.6289677422888,181.48445770191333,182.40750727153323,172.89900662623256,177.26321231858617,180.9090852815034,177.52900604223078,173.7418612291963,177.6418049304703,187.82683219532584,201.7641861561242,205.01570833613067,209.29790736671654,213.12294615050513,206.4220872508008,196.154145837474,193.7030081060753,198.40458236775817,193.39364788059206,193.49227940935913,192.12106963031954,199.50195830584477,200.73294385936094,195.82533730341703,201.8222367870548,203.09267283669692,199.92587100349868,193.76929482151394,184.58248728072329
84,1996-02-24 17:34:48+00:00,,,,,,,,,,,,,,,,,,,,,,,,,,,,,,,,,,,,,,,,,,,,,,,,,,,,,,,,,,,,,,,,,,,,,,,,,,,,,,,,,,,,,,,,,,,,,,,,,,,,234.67140186381678,234.96400695426655,264.73105832551414,255.3904496361229,239.73325327043096,223.9952088960505,234.14821889995943,240.16719189971906,240.00156548426767,251.5143456392288,242.89348909006918,250.91989700245594,240.0320282145174,245.92624717715142,251.24965647263366,241.71727654409207,230.67120741545827,213.99190312187258,213.49978585710718,226.2263497471645,230.37671692374934,220.1305774639787,209.52116446108585,205.48888789345546,199.22852813623237,197.32294730337605,196.92191682875807,194.2418379817612,186.9073551586938,190.8287059021895,191.65974527517602,184.87519428141695,179.6851780682536,183.38916554407265,195.92764477198855,214.9919710323336,221.3754099939641,225.27696743049773,225.1152481419873,221.33825333167155,214.69791472784965,209.37394922110855,213.14717216573982,205.57363364455028,197.27480331332794,202.49361233903556,205.45511036032048,208.26889317080213,201.3461439869114,213.17253945406296,221.93932722850218,216.9689660891751,202.87109970275722,196.02294290400803
85,1996-03-27 17:36:53+00:00,,,,,,,,,,,,,,,,,,,,,,,,,,,,,,,,,,,,,,,,,,,,,,,,,,,,,,,,,,,,,,,,,,,,,,,,,,,,,,,,,,,,,,,,,,,,,,,,,,,,,,,,,,,,,,,,,,,,,,,,,,,,,203.5891674744629,202.1278664768742,201.49526761489736,194.28441282608537,195.72308655640163,194.07915633583303,190.43687171865284,187.22571051476018,190.54076505022738,195.74784882105268,207.0470888247285,212.1391271782841,226.27181343416686,236.24496228720855,225.36046984871498,218.3111845450839,214.77612375817964,223.02854945974983,209.2680000994148,208.0869091939424,203.00340689449186,206.63713138071014,208.64149658810356,213.2009340646884,211.11896560056735,215.9988004674138,210.03058616434657,214.4130444602573,204.22940330753235
86,1996-04-12 17:37:53+00:00,,,,,,,,,,,,,,,,,,,,,,,,,,,,,,,,,,,,,,,,,,,,,,,,,,,,,,,,,,,,,,,,,,,,,,,,,,,,,,,,,,,,,,,,,,,,,,,,,,,,,,,,,,,,,,,,,,,,,,,,,,,,,,,,,,,189.55475237959394,191.78985366478324,198.73499804694856,203.607377014241,211.39054144033446,212.84860065805674,228.94962826793892,233.9283963598789,225.6568971912288,218.49482354003288,218.73165621551027,218.3358671524336,210.5651657538211,206.84975238260452,205.19032252864582,208.0086857103094,214.2508860328453,211.616681209921,212.14237336693566,212.95042597815905,214.927308122915,210.72323879309545,205.4325580393103
87,1996-04-21 17:32:15+00:00,261.6369572084536,262.6018701975655,257.3147696184721,252.889385704147,255.0716925011397,249.76316315509416,246.2860817477981,255.70883606531117,262.08092540253944,257.78981198733277,252.9869099051116,242.41157488563232,230.8786969231424,219.2478004861306,215.70418489329523,218.33875368244708,209.50144968145963,211.56110195595875,228.20798222973252,218.42232165299836,204.78967810280284,203.84507805381946,210.13810002955796,205.41237902848815,208.62076685720683,200.63415648872456,208.03316717873042,221.91629904531132,225.96643487065793,221.9517597829746,223.32705621045434,212.01996770646406,208.83185462704608,205.82849458621075,215.5120799885393,207.74505400494564,204.41728812831985,220.37745898156967,214.66857213539288,211.3997421728839,217.38775174014708,203.44737748795916,201.49290520631257,196.762982990647,201.347623811685,190.7461241606451,193.90972673199144,202.57895077387377,201.26958693292,204.57830601402196,204.00022546998161,213.30074074884743,225.69083618280513,221.1449776395698,219.6210086599392,220.28052547250383,225.61781508296104,225.65114884058767,214.31273146951935,204.95495371704305,205.2061101077037,208.55605016696865,195.7761778982955,182.41641017693405,183.73852749368604,186.7990226757725,195.53097458630128,181.03558385260158,188.31927184124999,193.88859484540177,200.94716342299523,215.62547553821145,220.8468650337444,242.79737946259303,243.61349376970287,251.411503428603,241.31070078549692,239.3196798942163,248.32014559303764,253.6284532545724,260.2906208420367,264.4312989234967,274.87544752598467,270.39486839527467,257.43211787773555,246.41474771471957,244.82330989286152,244.52036184686565,234.63017371223623,228.8306271080301,230.66021277136625,235.96513985094697,229.25279345618733,230.95892548953677,226.0569751924983,227.061564287245,220.54707102931073,222.92561377744303,226.37023047156424,227.86281793458087,234.06414538106645,250.83051422111143,246.35610683055705,231.46083320943683,227.0412309815174,222.7721898651089,238.10965080665278,244.4634888161717,239.8288301741115,238.19756872374492,240.27368717816415,238.79683448598473,244.02726784763144,238.188052231989,233.96447587391123,226.43157294671292,214.68166385711243,211.37114033831256,219.22445281467563,227.0111212403267,210.09971260967262,206.1758446894363,194.37357283255275,188.92253036228917,185.43633825959526,188.00558963902614,192.6255701590093,179.8537903341572,183.4847787972776,180.7777527593459,179.59369964057453,177.62666638331274,181.9890843254284,197.42150554892797,203.0024096610575,210.86306291186173,213.21588640115453,219.41265488854938,210.75132496735839,200.90856528426096,200.9218244753585,200.0636463498421,193.3421136524625,189.5092109395791,189.33178594839583,195.60344153865066,201.6479973500889,199.4730421277451,207.0233605207248,207.9858734680937,204.36308659413055,196.66123888980897,187.49063501335317
88,1996-04-28 17:38:50+00:00,,,,,,,,,,,,,,,,,,,,,,,,,,,,,,,,,,,,,,,,,,,,,,,,,,,,,,,,,,,,,,,,,,,,,,,,,,,,,,,,,,,,,,,,,,,,,,,,,,,,,,,,,,,,,,,,,,,,,,,,,,,,,,,,,,180.726719227538,184.2606108599081,181.28678437559483,185.77805089840012,194.21768729366357,204.18378889783898,210.08583033553526,221.10400250339967,220.71687619195592,212.48115476306876,205.51838290789146,200.73289390966443,202.02403859619164,193.25971879323038,185.02505958997688,183.044913218905,196.21097041006004,202.6273028692746,202.65591222378944,206.73139691465545,202.81963455085653,208.4981358194707,190.5335270345734,190.61429211764633
89,1996-05-07 17:33:11+00:00,265.30404748198976,266.88446862652427,259.7196652004327,260.4688947741351,259.970720568602,263.3076937020233,256.7166581537613,259.8466221028417,259.29239778437903,270.31967061328095,262.23418114204674,254.9542537355544,235.47490769332848,222.45566024941226,222.82425071248292,221.5436933430701,221.56470956359772,215.65935547172015,230.3830874855958,223.7021857539823,217.2137461211965,209.53702507110398,210.88160956765927,215.6893755510982,215.58499448884044,205.52378793296424,204.81590772386943,229.0267591897462,230.4500992766261,228.96442662832192,225.3762570492658,219.44200365282754,212.80999515370274,214.6276968557855,218.32499329782112,215.34027901177274,214.06996006716858,222.20551276671725,219.90698944571602,217.00655239907897,216.11292033663383,200.48373367414257,201.25052229478644,209.13463276320846,203.37700434599859,200.54766091802855,197.18162507089443,210.9833373249972,208.85782728395765,204.58937218145724,209.58972877229516,216.887252387559,224.6993804666243,229.76147976171438,224.62970659524098,231.82498764321755,227.97528412723915,229.10297096862467,219.28509051775677,212.62894927420427,221.2356277050443,223.4955301468927,199.7529432731132,191.33428545336565,184.81181798514902,179.18484036026018,206.1026428763477,200.03707269435156,197.05591344782331,200.8610349419301,218.6979951141529,216.90528007584334,227.20842510416873,249.63108124316437,251.18766013216322,254.74227183401513,253.3700129701668,255.15352229665456,254.98606751799718,252.23659067824536,255.682273611371,263.40548978827184,273.48718680861566,275.63304031221844,273.30667316668666,264.58849114043505,255.9163381372399,263.14301460748686,245.95097301217504,244.53904788667992,235.31334731508625,240.22675123102016,233.01866586868954,233.95289089073887,239.2758393981494,228.52462991428084,227.78923691047675,228.65136733756594,243.65107389986292,230.59626789531126,231.0530497510987,257.68076224105556,248.25591463787504,233.0814201314799,226.01878322112645,235.5314478750397,237.54063640340667,249.522473597442,245.8169850772789,243.39508823688175,250.33993764075274,250.53826466978356,246.73237379852904,243.64560541931058,248.35984567845367,245.43708800562533,230.95307083976553,224.26935434546402,231.21719024465963,232.18922893463204,218.47366670716232,211.840094332468,204.75026258675584,198.03395830324916,197.8178474679316,203.78719149920295,198.82956869288395,187.93271035246642,186.6870486782701,189.56858167576397,186.1113388193172,186.4244545281836,200.31759176143635,202.10857305991675,213.04541546628136,218.99817248377957,221.35232288160634,231.53604743848155,220.05063326611395,211.88002150567917,214.46814824171923,217.44766027141793,202.86654903678019,199.91674146649558,203.8378351947033,202.15053983594544,203.7623415584462,209.80372500711067,206.5367302729307,219.09282174725743,218.4400535554778,196.51421688551906,194.07518863305967
90,1996-05-14 17:39:46+00:00,,,,,,,,,,,,,,,,,,,,,,,,,,,,,,,,,,,,,,,,,,,,,,,,,,,,,,,,,,,,,,,,,,,,,,,,,,,,,,,,,,,,,,,,,,,,,,,,,,,,,,,,,,,,,,,,,,,,,,,,228.10489988242148,212.9058972147925,209.1844061720697,197.1130772652074,194.4378870756093,190.0517657931167,194.58787118006956,193.18755173411148,178.85767706491157,179.71768543833963,183.41381645184157,177.23824765807274,177.60859954289288,189.77365742212731,198.59300056074528,207.3567738238691,210.16228785874821,217.24656598505152,221.4271889901176,214.65607501485482,202.80837809171976,205.66980119000823,209.80573944421315,194.84928847916098,187.50641141724,193.27719894931153,197.1052710826433,199.01491533589945,200.87020273809674,200.46671985477633,213.27267414931433,207.89632103268883,194.10624829213367,189.86052482582954
91,1996-05-23 17:34:06+00:00,261.82483511967723,264.87345813047443,262.06096855608587,258.72870482026934,259.5361284758859,261.8443417777546,255.2436785701326,268.54061435626863,266.0039313832116,266.9422494881834,258.1109406793631,256.6018326766329,241.30178346076158,229.92077671226897,222.95041121442858,228.7739424875596,221.28198819648594,220.12259659886382,229.27935493821047,223.21584185108347,216.734905161484,214.60818267660432,209.66286617387436,210.97214609265123,211.58695604714217,212.20823346275648,211.13845953734042,221.73585670592843,227.34779010881698,222.5979925874849,222.5112257048663,215.29302478542115,216.29150595396555,220.23355845451087,218.2477559865944,218.13636943670207,211.3100861379139,217.55704277219897,214.31974743344477,215.24117326985453,223.44549816495083,206.67041855692236,204.93261366090286,203.16392220672117,206.21589152910735,207.7599028147409,203.03721700957252,207.75780052538192,201.9651173813604,205.02857769440462,210.28390288044395,213.50055658986108,228.52484926406714,228.39366024390213,226.879501494991,228.54506205961704,230.75331819567919,228.20384048585447,219.95998968539726,210.37196142131006,214.37539007770656,215.7314926847771,205.76068783054987,186.92444145521873,189.33625109850038,198.14171385196408,199.03437826917462,196.83627842235137,199.17561478121587,214.6076764297306,214.22543728235829,221.40556474577414,221.4634249800282,246.63811750775875,245.50794574075604,257.1158181231041,259.9887012485956,251.9082995079993,260.21767228693716,256.55034178354674,258.92744761525523,258.87074523237646,273.64157389411287,273.62381148957905,273.03183104090175,264.3431582844511,267.0509673487946,261.90477293053254,248.5660236178968,247.03290216358204,237.94756206167722,239.46294469041493,240.59164605793023,239.67192284913895,231.26064422661995,228.84420691579885,231.112758483218,233.99803975211657,236.70600926463808,242.75009662269707,242.21686684115193,268.93802559555604,256.97860086621864,239.35975382753247,229.91404354525142,234.03861168097677,237.3753811790111,237.07019453317406,249.32237335555024,250.07002028860575,254.14993216971754,251.09292561131633,241.68360633798437,240.85369102644006,241.5965730110645,237.11145141760556,230.486000471104,230.02884834833725,231.27911682205593,225.66213021156983,216.3538642532797,209.9332325908616,203.63007017478344,194.4745343469056,197.17835772002738,201.4946739769456,196.9829202366541,187.73219852076022,187.33144158460544,183.7130649626702,185.70101684524656,183.26631915084403,190.18504456410707,198.7309448597505,215.66075902192344,211.91072430264265,221.6850776761744,231.901759474127,217.3379286855012,208.66996087816267,213.2083575361474,216.66724194813963,202.30240394600088,198.34225818517538,196.48796632740164,204.24821688450655,204.27461389028815,206.9459530816324,202.52526439817723,213.064723914397,214.87967963730242,203.54039012839866,193.48968018645527
92,1996-06-08 17:35:00+00:00,271.37962032542237,268.652603275426,264.6796338316597,260.66993116365717,259.9405607620331,265.91978514232045,255.9809438614122,259.91232089639317,266.79897012455075,272.4825284608966,268.2398873112601,258.1784324997267,242.66115678188152,229.0562784941711,221.19907128772405,225.37828301182583,222.3646700939646,222.21712833619534,232.862315797472,229.58586162989565,220.13901250994695,217.30091117997938,211.3491414710213,214.81545579791282,213.86168207509007,207.81408082067384,209.43324847199568,218.22223298998813,233.54236640362146,230.54604191599785,218.84136462057037,214.67991078488086,216.48417149910318,218.77757351499088,218.97883191992844,218.19544427717153,211.56797685922152,218.2213372816529,218.39790009243393,212.09193361938898,218.5022011598457,206.91854001309184,205.15262813321283,209.9430632146959,206.9211802387522,204.07896524692057,200.0140412249267,212.88237856686408,213.51783708632402,208.98250846051542,212.19587287321377,215.80449378773272,228.13898210002614,229.49095575770463,230.61256600743386,237.32923577745706,232.4778054546294,228.28394218462574,226.64570281104866,216.7000726872942,223.55609875337086,230.89895043071914,205.66969355047308,186.9139477334056,182.69654626991564,179.9371441275458,204.3700492939579,202.44205684957177,200.11539139834105,219.47344189254792,221.12267071600417,212.62102650986822,223.9714371826838,248.88588003420472,254.2389755311964,258.2415487734467,261.7677465603638,255.82330251957407,261.31695680350447,252.73482848390643,258.67116801411083,264.80393935090956,277.997191281003,278.7527477915553,276.5487653917662,267.6959803248494,264.718119554312,265.8992077527814,249.63694659415503,249.14024677696258,239.03041281562568,237.33693371328405,237.14589444019583,240.23897624299082,237.51552211717961,230.81217353515098,230.82347744127594,234.4786431455468,238.23338353260772,236.69543043400336,232.11668876520832,262.28213653899087,250.55413886194248,240.8397843843323,237.2581121021319,236.55924434715635,245.716925942607,258.58432267464957,253.8208651213534,247.37894675802568,257.90140023723825,247.81334428420834,239.8035380132359,239.8426587429908,246.71222691034063,245.28946170268767,235.9457218235358,233.20666276516926,236.3075017737063,232.0279847223465,223.98388068353427,220.2788569116596,205.71173902747884,201.182526710484,200.83025643714137,208.96696079038148,199.1361994000967,192.1999827999105,188.99199468075622,194.60313725971298,190.9685792208324,193.34038136620083,204.9596146976301,208.50899896835347,216.37425860999474,215.6928638208746,222.45859851113352,232.32386904009604,221.27423867565426,215.1646135773733,221.85946021924505,219.32906473357184,208.77022161658851,202.34662873640235,204.8638977146832,207.67724537896206,214.85577462576558,218.39583924896465,211.3541453352052,219.23526705882293,220.5912552940157,205.1131260188175,197.2280392326059
93,1996-07-26 17:37:33+00:00,250.2514490688343,253.8099550370166,246.2818842813009,246.0276463168189,244.43625541256898,245.28594478204514,242.89623769046142,249.3553837807524,,,,,,,,,,,,,,,,,,,,,,,,,,,,,,,,,,,,,,,,,,,,,,,,,,,,,,,,,,,,,,,,,,,,,,,,234.07480362699016,231.28674350030076,238.1627156099365,255.77882631426738,265.0162496311764,261.0961842776891,253.99620232128353,250.9185159500194,252.48518730431502,230.0325281588111,230.50183034073686,221.18735828430812,228.30940352951936,219.30449243796778,220.686318366865,206.91606108321423,208.6654195955967,210.09686078573324,204.0805125161712,216.11128380440402,214.99144475472102,215.24197136864672,234.11980079290242,224.86640638567684,219.36619611327018,207.1550110996397,198.8838184977081,206.36072432475308,222.1633364705757,221.95750121364497,225.98444612681797,229.02824462185725,223.95972206913044,215.09783589460574,207.15080102753794,216.7756420901259,227.8956577754718,219.07776294242208,214.1018095222603,220.31736253265075,216.3333882697627,204.2125321999456,196.9085551577425,192.79290036629567,189.1147866415463,187.11446723331608,186.22544597981314,188.5358349192652,178.68223893119307,175.03297287825876,170.01504586660752,172.367089703152,176.5786700146379,184.41784777547946,192.95559390400888,194.0035928406673,197.7457837523383,208.01952516343363,217.43745477082484,195.56556434379038,189.68539710150782,201.70656105315942,208.22140446457007,195.04234217447237,187.67447143241867,191.2015001569904,194.1596488714617,199.54960756756887,201.21256484615253,193.48347612648746,195.5765215775004,196.02355337557373,188.81873327658457,180.70021825423865
94,1996-09-12 17:40:08+00:00,249.05757348313853,247.17009159230076,243.5244483006632,240.14764930794632,244.79143598521856,246.9835467937856,242.45987236284307,251.46096714247983,252.9858210892053,247.3653087917882,241.87797958766316,235.8507799838295,226.39527057441683,211.55013304379906,211.86920764612165,214.39146180551344,216.1611148098183,211.23050357166954,222.3088603835979,213.27647349668467,201.98105686725503,198.45704404965022,201.55787371687768,201.1253261603432,198.97404303261777,198.15299169529715,198.94804136979434,208.87921960025298,218.41557637902696,213.1539074128981,200.5946389991413,199.90986624859767,199.96725165403086,202.0046388139885,196.11380971281352,207.7870338947505,204.62440482541163,207.97186092314354,201.52900461706673,199.86362005513504,194.424014857821,181.7542464415879,176.62229777901007,184.68879871569249,189.89720980037438,202.34165078674883,198.43592585765714,201.20971985027253,200.17309512132937,198.12853865882943,197.9378978252073,195.68607211168393,215.7262178640387,211.48034276578372,227.21206598014538,230.05125999254702,225.7759959074894,218.5941557042447,205.33612190398426,210.13715744071612,217.72679559539338,221.98730762401206,203.27438104312378,178.1647978473262,183.0749462791357,174.81684549846102,170.54459947907492,172.7494501111853,191.89117873691166,211.82841628314222,218.44358459323917,218.50136476213586,217.171625503313,231.86504249235034,222.93214978459875,237.37583719205335,240.78414817877814,244.72670534286465,239.31552599945007,224.3464084565385,231.76640480897674,242.38981865366773,255.3169421937757,260.3475647077596,260.10391858454113,252.70451221410414,254.25150715626293,258.552313816622,248.8943886986279,235.9683345633738,217.12271822526554,219.5025629587222,212.39307896036613,219.97697098735816,211.32812815836354,205.5865610466235,200.74584573822284,198.8728223856123,207.28286403011407,214.4475835308579,207.9097951076977,236.89152823029772,238.93214560121606,226.68633951522747,224.45135405913044,216.12220184464508,213.17169731483125,216.00271960105508,219.2296538191137,221.8058568146506,221.43171829733177,219.47311948661655,224.49143412129078,219.56663493503385,227.97572074116715,224.27064182762751,225.73503422202538,226.11124314449975,227.80293306479095,225.96781287906322,214.71056954720387,211.8592196126456,206.0930721627347,202.6878733189543,205.2345578287689,203.98630305671898,200.90586958747505,181.3011455793981,186.49345194059998,183.6912192700929,185.75142652283563,192.09385179218665,197.5106827322972,197.89014972213408,197.9261421617407,198.49598854646482,199.55591508991833,209.3123337645054,212.9319138856883,199.72390855819805,198.47546864011622,203.4262568490767,198.09797531436408,191.76163446708955,192.0838855865543,203.36108231417316,198.89752480366295,194.66362830803135,190.21684477008378,203.12284888443287,194.25461736776577,183.04942764942206,180.8551708521648
95,1996-09-19 17:46:41+00:00,,,,,,,,,,,,,,,,,,,,,,,,,,,,,,,,,,,,,,,,,,,,,,,195.64771615728665,198.01616911570972,198.31994001522253,195.22140997861206,200.05599017255065,211.3060814908544,223.5431239451874,225.1690493097211,219.68472170277687,224.97308464010845,221.85047469817778,217.95548710859867,206.95489940830316,208.17494250483628,208.114720294066,220.62933810942798,203.30139157383087,186.11984795221673,189.27500880881735,184.18911661084172,181.49975603209208,185.5154565040607,193.60099799581667,205.5514661957435,222.2834179793544,211.86641014413078,219.4211158362,232.9854776177076,231.1978952923237,241.12511362746724,238.72158647766793,255.08220072436922,248.1062465281168,231.29000203429047,234.4290619724963,243.53700708340358,256.1008226630348,257.8509807246469,263.3967093787492,258.5050956979521,270.6681139329164,268.52899774903926,260.20151380995105,244.3706134903664,229.84270348266728,229.4510149202056,226.74638873305742,223.69619356185828,218.300146425168,222.38321507618429,211.72934082598903,211.2705186288619,221.5431515810702,226.04142832354475,227.91776334839903,254.05762973564165,247.46206644667092,234.02464471379216,228.43557626973495,220.69636546526652,224.38403386864246,217.10782107552373,227.48628531360038,227.76016700870989,234.50891611491565,231.5645422256365,231.16643899270676,223.15806375941597,223.17546452512187,220.70121636706415,222.4020992578446,226.07333144500018,233.99287301331265,225.3388501849359,212.16854358936845,211.68317282197006,210.5190778239019,207.13709077273862,207.87616749033276,212.31372394008005,207.13078186236964,190.01592406419763,189.69451565830406,190.07945164320424,189.64872041810807,194.2622591482375,199.7576708607679,204.79885511541988,205.7673038611026,208.44656104381096,212.82661490599696,217.57907818433532,211.70582740769606,209.57914035459754,206.87287658257094,207.08086104154427,202.95012713987975,197.4983997726284,197.86294245130813,206.60171308081704,206.40394241060164,207.3230909042671,195.81767274605477,204.68739110118378,205.77108028769408,192.04871216244447,183.80221541503587
96,1996-10-21 17:48:21+00:00,,,,,,,,,,,,,,,,,,,,,,,,,,,,,,,,,,,,,,,,,,,,,,,,,,,,,,,,,231.45409496569448,223.66908543936836,218.6557990447215,218.40523443859286,221.8251780264955,233.43276648667626,210.83185512539615,192.71745696349544,194.80669988022925,200.82989714808065,203.58059973797123,202.72325731064888,206.36353391092814,220.26190105513348,225.4657138640256,227.007744683481,227.45762923149204,250.9949462490368,241.18261597432564,250.54541717890683,253.6841591954364,252.4765206082859,251.7522718833519,241.08301723499522,243.8318870860891,250.10276978324453,264.99919139133175,267.631847519297,274.6287205154682,267.44332606812634,275.59172092543633,281.87788622277793,278.06882728569553,256.7357486147492,244.54131922675288,241.7595647146243,238.5815424963091,236.8487743816713,232.1019784881076,226.06918691174633,229.0809282437782,227.75783135908168,233.05918492498435,236.8093925950356,234.48815492783035,262.2320513346375,256.98930294456954,243.26135812069475,241.33325121725943,234.93263043257036,237.53287981859404,224.32715020507302,235.82228218643212,233.04588134658968,240.60738887828006,235.82524687798065,231.95058026090985,226.35697913140342,229.83588638204702,225.27711872752727,223.81975413252076,229.8731210514118,234.0152242501038,234.98808599702124,211.39131541470624,214.32038943993246,218.405142328684,210.35366021022625,211.0954118648633,214.8708687151934,211.3127015173825,201.83045724911642,198.83443499873812,202.9426497278649,197.29280621572104,196.40765054423144,205.2379038544508,209.3408234221819,218.59033500928177,217.37169315892726,225.0824892592035,225.71218824168062,223.2034241296994,210.56632524089108,213.78901994598215,216.64917057754127,211.81704877623872,208.12688372685756,212.30929209120296,216.7545623960557,218.85175772974208,214.0757550941541,211.16586584686485,212.0219364220427,213.75216883124688,204.91846444432127,201.48962254613963
97,1996-11-06 17:49:08+00:00,,,,,,,,,,,,,,,,,,,,,,,,,,,,,,,,,,,,,,,,,,,,,,,,,,,,,,,221.40558026813315,226.1594160404707,222.27906077017036,220.1869559638276,212.41181444297936,194.69496105920277,227.51274409826254,226.9372371848638,207.6194586488489,190.2826185095647,188.21841120125575,188.99090601204023,200.32039479296117,201.37740404019985,203.8240764070631,215.4518659170317,226.37827505930022,220.78044983035278,231.58617575011635,241.0221775528313,240.96262392267636,252.91553048411328,251.64721830042018,247.32210127436284,249.28498894401662,232.0723325739325,239.1916248380563,246.3178557391811,260.75731426254526,267.8610505391214,271.95320468355214,267.3834219459161,270.995547035556,271.59722211810583,260.53675861790754,244.53044343854157,233.95569576616643,233.35873621216564,235.45128021652235,232.28150723328497,214.79296359874186,222.4423026279099,218.63582639889862,225.30867502111903,237.7756605701749,233.18347088386798,232.46357020601212,249.89812335916164,246.20396661993004,240.94874148917253,232.45221940900166,222.56118760249353,226.93510432747973,229.15880035355303,229.42582801493344,234.3647319812211,242.83580708378977,236.20749103640702,228.70727556737023,227.10657701820244,224.6413732719973,230.07792717604747,218.5354562975133,224.64687269887452,235.41267344912603,221.4453304204631,209.42568688379424,208.26209419087252,205.857930191801,203.00155445518777,200.81315971128174,210.2391340847612,204.08928018963138,190.98121023391232,192.8764132909848,192.20059060537517,194.61748490435934,199.91723769358526,,208.62053127443005,212.3222554630068,211.95871322920445,219.55533794624844,225.5038985752405,212.8831114619468,205.0913396037283,208.4757144686081,215.8719090908563,203.46323759056668,197.6364799269299,204.84821545832614,212.77719543370836,,213.32168671861476,206.22161688205125,205.78377406284937,211.64045611819387,202.25244075835963,198.68271412312953
98,1996-12-01 17:44:08+00:00,256.3982108312317,257.4431373174029,250.32583837777992,248.91171938873657,250.45993431687623,250.17413745978405,245.13956948664162,251.67602964592567,252.43158108785207,249.85982352868794,251.84229401401984,242.07346071594316,229.6768531423841,221.39225863449565,229.07930617949677,229.09760226525339,223.65250505379146,219.65700045163948,230.67457242647347,219.235464729235,210.8337213696385,205.01271534070054,205.92449290247254,211.80426301293122,211.4376236241451,204.08456014203762,208.3642958832492,213.64423328422083,221.2889307006369,219.15932654578035,213.82815961542343,204.5752072667591,211.89421189822613,213.71262889625433,220.7074509560489,215.91822435547692,208.41527457511847,219.7592860952171,212.38686768063042,207.07404672084692,209.30473086993936,193.33582902885564,191.94408280309534,208.65325187780462,204.64421108576965,200.87347954973347,199.616651563662,203.23717779870432,203.83411705035292,201.37708673507075,197.50057195628153,203.49184037330386,211.7377694617512,223.80436390913493,224.65691062865008,230.48065438322982,226.93841522349624,225.10481530700616,214.4987894321228,219.67262079750878,224.8522414612803,231.3954333677345,220.32753858607163,200.2387944060094,188.11335449451525,186.19646035809086,199.14348740523474,203.32550334134862,203.69864807955975,216.97313284888853,219.44394928424393,222.04043272719042,223.39965938363537,245.121418707816,240.506758990911,249.40822301545177,242.6000385165495,236.7625016636038,230.47071004511776,230.37059660540075,239.53971818578265,253.44576687597768,265.7580253427736,270.4422219474385,269.4960645150872,260.6576870283735,265.19709828301353,267.84218091280627,255.47689005733844,231.3559735910108,220.8937456472035,217.03228550017587,215.50221441914346,218.4380346221512,212.15484504212145,223.4360976889464,217.6128664143676,230.08581316463062,243.66657682963404,249.58822567256357,235.59432730491528,257.6834015906983,251.03729893698898,239.858304862019,224.42193480500225,222.03804471000674,226.48542517226997,222.54515403992713,233.09921702539253,235.31314615388501,238.83869175675915,242.79540344067988,243.85122312586992,241.28010877967716,228.44720272153228,218.77151070866427,209.25951877810832,220.30555308669548,220.9495541913457,221.30222414437682,209.35991525465738,196.21027367583113,195.3092031932668,196.26386575967274,196.0014877875109,201.18634269775632,197.89730338084976,193.07788858283956,192.27871366769276,192.93063476395434,188.20402417402136,183.9478273468212,192.61129941622823,204.40048024779765,210.3864087294328,209.6650421880134,206.20037574536548,225.01773116896132,213.33404530724155,204.10113958655813,200.63473936418455,203.3762763755218,201.10356824473376,192.98346803803702,202.56950786801028,204.50441401860024,203.9596568594927,198.00486107525467,200.4596805944406,201.56061406573457,197.3416584222143,194.7890970280452,193.58188559758014
99,1996-12-08 17:50:38+00:00,,,,,,,,,,,,,,,,,,,,,,,,,,,,,,,,,,,,,,,,,,,,,,,,,,,,,,,,,222.07340574303913,215.47974855977031,218.09339675700275,217.06471864337976,224.66657036809806,233.59408386230348,216.62643267616957,191.19963804295574,187.85665183742125,188.04357030781568,204.5950369996624,190.73305152452667,195.20370985835905,203.26305003275064,212.14759750658214,209.18246509331624,219.64875713538572,234.0059856715253,241.43691908670428,247.18926260443698,245.6286888725976,241.05672927372456,239.86065290322827,224.82434984681402,237.59826162119293,252.03974874490774,262.2771084190428,268.25425800548106,262.9281880942137,257.9618823308279,266.76975175223413,262.4836309664879,256.2244666229825,238.9322125404677,228.36351191772388,229.18543022576387,223.1219226193915,222.81848925879288,213.22458255951472,212.5225394137572,212.042195990552,216.66926484144165,233.13249818743066,223.48344275091083,220.46559562959908,252.9239198343081,245.1004216824614,236.246527261454,220.62372238034777,215.92529460409088,223.91284791285335,215.9786378455865,233.1749215173399,234.3569602435758,241.22874790777928,235.49810351062501,236.4641657279194,229.0396941227691,225.3703181767355,210.65221405660733,204.4418100316961,210.52876967174242,222.229965024067,222.0615238515899,204.39253633001482,204.95704861865786,202.4169303099286,194.22805506147915,190.11378351069257,197.4039308100783,199.73583865102526,192.2376246664832,187.25754375058827,188.3447027538512,186.68772322975764,188.40680449752932,189.8338698497715,204.00534983782387,215.46819458652664,209.6986481588524,221.33730356322604,215.49430446410418,210.9398053603355,202.27530070146747,201.965284045474,205.8426392233144,200.43758270978145,194.209034681998,199.15127276367406,206.34911676081657,208.30045170744637,199.6632228304378,196.92467013811358,201.9567789109538,203.4174092884877,195.44085357078018,191.01898079383906
100,1996-12-24 17:51:24+00:00,,,,,,,,,,,,,,,,,,,,,,,,,,,,,,,,,,,,,,,,,,,,,,,,,,,,,,,,,,,,,,225.11810700488618,204.4825879069565,188.92021237205907,183.13112942947188,186.00044308277583,193.45511435781506,180.79396925154188,202.2638320779893,209.03130718766107,219.43075727474377,216.14467650732905,217.48822406140835,232.93197587747176,230.7863747238335,241.33735764001608,238.08981586171018,238.30806302127402,229.68172952213507,216.99785093800438,231.46245842881666,248.11974328979127,262.7615555168542,270.4681977606884,268.93933836579754,266.5290787056156,264.162779428162,272.4699806589558,255.95323660582542,238.67279926404274,220.83208925995433,217.68745818169862,218.7526893966671,216.41938024819007,212.88575971581284,213.59498785187833,206.76277969468475,207.9526592256936,220.16308504243074,221.50080478013268,221.10935602675886,246.24473285959877,239.73754827145706,238.96234400574718,232.03617413031944,215.46296687810644,221.877572610838,209.85295701834332,226.93367457127837,229.12757172006846,232.83335607026635,231.14331544807405,230.87865456172682,225.58869524597472,222.59239355221828,218.5856902539641,202.43165102140225,210.7902645780263,224.95345247089801,229.33016021009757,210.91689426735246,209.4462430442548,199.7910815210168,196.7483406232118,196.67491402941096,200.65093393286193,196.22377338668144,184.61981482943935,190.52775603075582,178.75432696639893,179.26999880842936,183.0497862747996,183.66140398368768,193.89578849773335,205.96376966903193,202.87713297521208,207.95539532893991,209.4800698094239,204.1109521697286,197.46740611541188,201.28955940339637,203.62065436167953,197.5132438350529,189.74599763005045,191.49848227181897,197.85596099924544,207.4385180257324,197.07509303333848,193.1741731284337,195.90395036340374,193.73819481238303,187.37669970780635,176.86968570545292
101,1997-01-09 17:52:09+00:00,,,,,,,,,,,,,,,,,,,,,,,,,,,,,,,,,,,,,,,,,,,,,,,,,,,,,,,,,,,,,,,,,,,,,,,,201.90772954264116,208.23040525532156,237.13730560091454,232.99593815739712,237.88298827099982,238.424762052424,235.4701424085477,230.86123232942055,218.81449865881956,241.04292591061647,253.9159801058431,263.57012561922556,269.9532603518703,266.8375924893147,261.6871339082553,258.1812440909028,267.6031295900858,254.9243338276506,236.93547764828128,221.1182872195738,219.48994938360315,223.41576648444908,218.44946992642923,213.26489049582423,213.32455694422555,211.3612925074174,212.52112587995373,221.95287989118052,225.59088189761343,226.2126993232363,252.27878288513227,246.38947171828468,229.0930567709083,221.92628091805187,207.4872148599602,214.46899465190268,214.4526495810224,230.49850769326517,231.031793391186,235.1542134811542,230.25060582197023,231.54258987268366,225.29881002917122,228.22029443787693,219.4174814243123,206.55846028421095,217.26766942645529,222.36269887766363,225.77995041429267,211.07269261857437,208.91755663378592,199.53267549241977,194.67499213437853,187.49453227116237,190.80776034107163,195.83497952870823,182.79179885259373,178.56076984684944,184.96271872849601,188.93724561053503,181.62530189312332,182.8896391820944,202.76469152387412,207.5515149071875,202.2418039923623,211.4252229696194,216.43680376599963,207.97141816078562,200.84304406283826,199.13118845395567,211.2717302302638,196.41338339137758,193.77092435963743,193.50433438302517,205.70611123178224,198.32433718032948,197.95146440142923,190.2378391856185,200.24371794662466,195.04978350562521,187.4972736049603,181.48164794379744
102,1997-01-18 17:46:23+00:00,264.12737300226183,271.2536920928118,261.6505295849099,258.3412891394357,259.6967978157503,258.5789399286222,250.1181774642247,256.6965659754149,257.5078751575851,258.4887325566979,253.39877220586408,247.5349238557906,232.55745331737694,225.17550784351312,223.67031978233325,224.19475240247783,222.92375217016996,214.43234863594932,227.92267487343378,221.5323322660442,212.18728361167132,207.34148355549672,204.08598182284152,210.99050721088196,208.99824032245746,206.80261909592227,208.57983016455336,215.15594882131447,223.78801761968424,218.32372105947047,216.95317395146856,212.00002052077463,206.98296807899834,211.86928482883656,214.9326377289118,211.2954997648725,205.1063543145391,210.26979924657516,217.51973831838671,213.3423262122539,218.86691771516973,198.69827163039227,196.129399901187,200.39223576723745,201.21887598339515,199.2828085723968,197.394645305918,198.38709639935246,209.50455124221364,202.0711113004762,206.05769666193396,209.60971107417578,221.7301387115179,222.35915414306058,219.12362992584812,220.47014022809424,219.05127361949724,217.52286328147358,222.9548835002184,211.96055301019442,220.278832820505,225.18033916277486,212.75793478466795,185.9707227062758,182.06529144378635,189.20909245592412,199.03981665925738,186.77928245775806,190.61649032946957,204.71764892390343,208.41585338682438,218.2824403184818,220.86208709868282,244.03882641408694,250.4654359521106,253.96541134469732,241.7250455013081,233.04506325347103,247.5957450106932,238.2700973329592,253.42943606846967,253.9364623275559,267.1921718984237,277.01591977965734,269.0129334859349,258.07345132132406,257.9366906439283,263.9127127769393,246.52101996910037,236.21643380682997,222.97179359817193,234.14490304398743,229.56639041867706,226.94582721341828,214.56383934361926,215.6173786302722,217.9978770036893,222.62368273319814,229.7853271936783,227.40401644287468,227.9246727868719,255.95624132661516,248.7451774677407,235.6734202411005,221.6699545157196,217.23389154904214,237.76395159458178,222.3866156489325,238.29742534454658,238.13076145469847,241.5834279201668,236.53158719676196,235.082663293907,243.1941168178765,250.25282780181936,224.9583789776741,214.66577132491847,213.41403037077563,228.48761100339848,229.8667104516166,212.79329423691104,199.23366453289475,192.27350649015608,194.56734911474996,186.50798035844403,190.5629222501309,197.5784088697834,190.66054059990338,190.54090096649855,190.07170868703406,189.0265071456745,183.99825958499923,178.77873368473513,195.89423059134512,209.6813864327326,211.31719453004075,214.47958968245604,218.513770607389,212.10547813183376,200.84180996109285,203.48358879672244,210.7652530016416,203.72864652974624,196.87489903112493,196.24393008551544,198.0610570014794,204.00216969012746,199.4384409493312,200.2940601623115,201.81676302108946,202.05634090643537,193.9764379509428,184.82019376152593
103,1997-02-03 17:47:06+00:00,265.163837172924,260.936642443074,254.90260351152241,251.69734618474277,249.63191915062026,250.98942953082826,244.9075875367433,256.3135229433889,260.6926267614856,258.21408036183834,253.69705045013578,248.84522958159457,229.22666772116125,224.88575770518585,218.8892997495023,219.53118858162452,217.13430400063774,215.23689136892034,219.16083558557062,212.6980637175647,205.79662978099248,207.85082048319487,204.6800689581925,207.22664945347526,204.12851911691598,197.87088341321237,214.74238648302327,222.08617533303718,221.87653576883426,214.2898210819656,217.75400212072452,207.2843193322767,207.56480149100923,212.8988251676723,213.44336281337326,208.3757402765808,210.1861554213819,209.0479504323101,209.322438921782,205.43335849871767,207.9531372050761,189.80134420924557,184.2089332980899,187.76773971619602,194.60292543698517,201.1538357488683,202.7603471158261,201.89654043304012,206.3118399574904,201.1141089435142,207.76857518165306,208.16647389624,220.2110698771155,221.91447004713592,219.230361798747,223.49925630128286,224.9784068523939,222.25976173592116,217.7553556906829,211.02249981396233,218.19755324096695,220.7027019603959,195.70762066999146,180.62355052952168,180.07013970263955,180.97210616646393,198.7512949641025,188.96650019800168,183.31233769328114,204.18812300986335,209.58287926263992,217.3288034075706,227.5748271245855,244.89479400125336,248.85652410666552,251.5376853869597,243.35543732941082,234.64117019599112,247.86625575151285,243.4550351218308,252.93497354519403,264.83264406018156,273.30022734559634,270.94267708593867,265.3916282542889,261.89766401109677,254.3094977234972,255.35918981848747,247.61173808570578,238.54191091149733,214.91778669902357,222.57059978173095,227.2759075543597,224.97409990463856,211.40146215703112,214.7760297035548,218.21749315308693,217.2479378630586,224.62890581822978,226.91055476654935,222.5754040273678,248.15435432978825,243.9440496396195,236.82019243848518,228.92243238116885,226.9111174416256,233.0449561978265,228.99315454570643,236.41164021241198,236.35730830212492,241.68517173751403,234.03417852728109,238.05709492598933,238.53464790235233,241.02667670126397,222.8733195369864,205.99304513459077,214.02335302283916,230.78464040941304,232.2620346658266,215.5500264216493,208.18473657889047,201.749822774566,195.3939664255069,193.66927603240327,194.62901537731088,193.88124339571672,187.4395316097619,191.5174879908032,185.26951594194526,188.61389664516804,186.95266694088917,187.38684783263363,194.95192215466307,207.25342749695392,209.9126925906191,217.67190595338514,221.82525319970085,217.3593089346199,206.67548196475505,211.7333002980755,209.9025652611117,204.03280831969073,192.07020190590976,195.87296452792185,199.42392364993145,208.99140874907042,206.89506685701053,203.92365274619695,216.29994309646733,203.725415201555,195.70469107239364,187.34700832630034
104,1997-02-10 17:53:35+00:00,,,,,,,,,,,,,,,,,,,,,,,,,,,,,,,,,,,,,,,,,,,,,,,,,,,,,,,,,,,,,,,,,,,,,,,,,,,,,,,,,,,,,,,,,,226.82481792837075,201.6267887783405,203.30468713102735,203.27578991020994,208.39057552552921,190.26237932257357,192.56448966086822,190.5015866553638,194.90370258852136,211.94112282521218,218.979354017792,210.43809159306755,243.44775413845628,237.70625092085032,215.77711555605163,208.83643173021164,210.32927203935412,216.85102715477692,198.93156816535955,220.69584723587224,222.28468356295934,224.58127713701646,219.55709870841378,218.06555158849451,216.91606948781993,224.52752359186434,207.49713689664728,,,,,,,,,,,,,,154.83394870423197,172.40299486927478,,,,,208.8878158976038,200.20284924661905,212.91206868685498,196.86660018979035,191.46928854238104,203.17428138113155,204.03506307568668,196.31981691713366,183.3238083561531,181.79132221041692,192.86116496531292,197.7332783432729,182.46687680701146,184.7313239985018,186.94163036173495,190.50835650112768,176.83788254570888,179.02489226397893
105,1997-02-19 17:47:47+00:00,255.85188893958338,252.76384837532726,242.87205049329506,238.90226555169608,242.205122503704,247.21209394954985,244.52936268537684,249.3115245859928,247.17760535856357,245.36001147477035,243.80547799108967,242.21354686516406,223.7719090252777,212.72272987458086,200.3366925420556,208.65018529797237,206.080581971296,208.58522273609552,216.15910299459878,211.80337726146874,202.2649570872403,202.70785869256594,201.73787662602928,200.91955452815742,202.51449223002456,199.15019521715277,198.5882358760818,210.54731620668366,208.79468670153454,211.17949748757064,202.7389636773068,196.34204251071915,195.04934079321333,194.62577883775563,200.34931357127493,204.58435568127663,199.42882389456588,203.0978148703441,205.60894943630868,201.5141264372702,204.5142733313525,182.8817330775373,179.85224190127514,179.22437633396075,193.19398445020585,187.5790308885454,189.2291243255401,183.1015300740391,194.68374831811866,189.8424371062759,192.07408116767874,196.98558934569868,203.4919341532431,210.87446190146804,218.93324376028278,218.5312149543576,216.8983062942449,215.5082530432425,202.90555995034399,196.45969355956123,203.53249600476101,202.80531752839525,187.79599265721956,177.9101062490493,180.6234579891098,179.68093850405296,180.05634136468805,177.67492780002726,179.10428738430596,198.03900384458842,201.85818291410237,201.40292458311245,212.38849607547786,237.09416496397876,235.8875717390044,239.22889514827511,228.51873153102736,223.96791135606645,234.60329402692867,228.4831834392011,249.270964465817,257.98045526665896,271.1867059103158,264.6639361720853,251.48519604725936,240.46482981547894,242.8905593795102,251.5076495586448,230.0793657224326,223.64957894058549,209.97363554283,214.29394057494483,218.0190432332138,211.94896143242633,195.4446604850549,194.25526842826582,196.84902096018945,204.42452071894652,211.57888952859162,218.55005086044554,218.3288004031952,238.723640166266,233.8370685272253,227.28099307639775,214.35117718131607,211.71362846679182,223.56436395582676,208.26354258358592,223.6495987052893,225.26268808703873,230.45213570896908,227.3398129436803,232.90200900873992,232.04822631614627,232.8187618856479,218.53291000686886,208.45467565437082,209.78449494357614,216.2741889418728,217.47885852448613,204.7985186980046,192.8484970571771,182.73806109367618,184.94825697287848,183.3470928149663,188.5231952183576,183.76072630473973,177.6958606393994,179.20170863761788,175.0954216798317,172.31756044236778,169.36280582861707,169.1620664097639,177.39580733775284,198.08345554381367,203.4327310442947,201.7418562394468,209.12330160922988,210.85946893341003,202.87719858233004,199.6014685931989,200.2070792093557,195.76790606148472,188.8734893299935,190.04887801352965,194.11003367775606,197.54280817139568,193.11449893452635,191.61903281588775,192.89064255960858,194.75043900407326,184.49457057864743,182.76904262806804
106,1997-03-07 17:48:26+00:00,255.47297627892462,252.29779536830804,249.77191808884822,240.8404176016178,245.41657423412812,244.25786499089264,240.07193812497616,250.39725116416932,248.39448549570628,244.67590943306598,240.18293057562826,233.02490975831097,217.0928786871613,204.93818698236313,204.287915316014,202.76388172196118,209.7261095647196,203.9244833699866,218.77000475990707,212.02193990885615,204.65516421511248,199.9071249830522,202.2395120850365,206.04290492666624,197.66071964456992,200.98847022774171,202.27124524863387,209.50918965419044,214.46538016671096,201.96352698886926,205.0397855560696,196.77673247582408,193.4830035928452,193.22081093107823,190.41256359305874,205.77099251900074,200.82734873995582,205.61989436704934,202.95624506095777,204.90898863055992,210.29986062446233,188.36279816268615,182.59814790182145,183.90035667761555,182.98294088192185,188.34281940969527,185.43319493134402,188.45051447592425,194.12974691348882,188.97713385238882,192.8467280842544,196.7743578781343,211.87838400643108,203.2489266362044,208.1516687921378,222.33882684076724,219.4568347955513,217.8893792474496,207.57326590978323,200.99551707192302,205.09483883072537,210.72175094076118,191.4913642586443,181.45392138524312,181.11567519170092,178.25200291846852,186.02688700685528,173.70686400373674,187.72822784105955,191.10781296277634,198.598975749469,205.05673457234383,214.80058011163277,234.9563684583506,236.21820102584377,241.84756480636008,229.7335257076251,223.2934541611536,234.9258829823122,228.01930437221324,242.6143862564457,262.90450923690526,269.83152370051727,268.18925180232645,260.72579790451266,245.39750177956952,241.72409451728802,237.79119805836342,228.61885931631048,215.53348633666815,207.3777727767071,214.09693116369414,210.23678381260572,216.4149578050993,200.75701922351197,203.42626421264646,203.49098195756554,210.66804038083285,217.63176910704345,220.50344388932677,215.89783103248135,246.51137266419374,238.48851082431761,226.74431860619956,220.12535703151718,215.63376089278972,224.8215034138915,203.93616493948807,225.4231445651492,228.48157148802048,232.1548715794628,230.10362770910558,241.67839673865245,237.3850086225291,240.48795990601698,226.20499545544288,216.82169487364985,212.57301640539856,223.25754899547047,221.30406074155434,210.66677415636997,202.24297207438156,191.5556117946859,186.307522680375,188.66027934419105,191.58287061279066,190.38702244751752,178.0741120483812,178.30269847305743,174.65956841799314,173.49426402943567,180.47375957918166,177.0815637386687,184.33638044727962,196.85835633995822,200.27426413125113,206.25652261526733,204.6804029279041,206.09794956011265,199.3295987702306,203.64521240289406,202.93122735503243,190.23494432760563,184.30487216317283,184.88751118526852,203.6577538979563,203.7997189757777,197.81522120483004,190.62467723803036,197.05964813128816,193.94290165181556,184.01367422648966,172.51463281229945
107,1997-04-08 17:49:38+00:00,250.92365770690068,249.90837927215316,246.7421185006919,241.6570515096542,241.49531412961034,239.27855855316233,235.95273027319166,246.08054611083264,249.66962183617105,246.21081429632665,243.18503508952193,234.01162909723888,223.40984529265984,208.7648657932071,204.57379793416266,205.08187609515142,208.08450264820357,205.6632068435287,219.80024676839753,211.9268398211331,206.3000544660971,202.59734428710826,203.6841184032508,204.69848050419657,201.71230769434163,193.24203781068476,203.984387011247,210.56850064880845,222.45911815401502,209.67319707681588,202.9062883515287,194.54414946475777,198.60618674000975,199.8859356846913,205.3538695631286,194.4664722334719,197.03267789763424,202.56963894488132,193.5205535732659,189.0612781509965,195.9976890195078,186.74815227982577,188.93290020314765,189.9069693689833,188.55656464296288,189.76113001118387,186.43558004944694,187.62601071783172,187.37683898038563,189.59499893192765,191.24277927024644,197.21266767601844,211.98599516171055,211.69290386194353,210.3744733677296,226.1606562800936,218.44070446764596,216.76311319919006,203.26651385429267,203.72577735924412,202.7336130696204,215.95336969989404,187.27012343151358,178.11346577109566,177.3720862626618,169.9414163759855,179.85903329057754,181.1532106297802,179.88462847064758,197.31835900912924,205.26311221164616,200.36666915823963,211.71014688501825,232.81254248503782,231.35153771066865,236.20032376682846,239.19246695984583,233.89705161455998,234.59525186210408,231.24238324376418,247.271808845851,257.54161372273893,267.0415744720951,264.83465914244164,258.9873955183198,247.57001709826426,241.02042969547642,239.9593464085586,227.47567288914775,217.36300708725867,210.94665480003306,211.72147899242066,208.42993570404488,209.78734464164626,205.2960903181738,207.104273843555,199.04761933350247,202.72525636945232,212.0151134053306,223.17232793526085,214.47873551006177,240.17247357272967,232.04666093417478,225.53228039013084,214.9546707085651,209.37727928727202,224.39241999473086,230.80213286288782,226.90441442997627,231.442722116171,239.0815346746909,238.89640321591514,232.3205983006598,226.05629929123634,233.10243782002195,225.00354177275193,217.52091408586838,212.52167138990887,225.20841797337948,220.39718131701443,209.3803609614325,197.8074812392017,188.27488248777354,186.3188325066879,183.76156370475633,184.49356596350577,181.10177410215033,168.12423973802268,165.63200555717373,168.95271204673386,167.22335062188932,179.94920468145966,183.37309133512758,186.15457518906155,196.96156946545872,193.80464547039128,205.61810598923057,207.9945957124043,208.71415438143072,201.39686961081725,201.43393618270093,196.24107633471243,195.6105215705865,184.14029038034852,184.8444580380052,192.07940214170924,206.06066677743337,197.1948302486096,192.41102184406463,201.16851401521373,196.99128934791176,186.95353128149958,179.64679150421716
108,1997-04-15 17:56:03+00:00,,,,,,,,,,,,,,,,,,,,,,,,,,,,,,,,,,,,,,,,,,,,,,,,,,,,,,,,,,,,,,,,,,,,,,,,,,,,,,,,,,,,,272.5494131202421,260.99980227981956,259.41151429063586,260.1694706813088,244.1353787534896,240.84695274249137,238.2252970569029,234.00215117963518,233.59525530311777,231.43269396296654,222.62587136602386,221.11582136809284,226.3652454862526,230.69507182474902,234.11660341473427,239.75781988963746,234.53169760578663,261.4876981878769,250.84300297577258,235.44706377714624,233.18601059900527,226.6280790308698,252.1714648282986,245.47407908696277,255.32133566360034,254.72275736515465,260.8545682227194,260.7623132192433,250.71648083874794,246.79864020311214,250.06671647820332,250.31213334655368,233.38199257947102,229.94782991050553,233.17382995819503,230.47416484143014,222.69728224848853,220.33104985020972,207.14071843942656,203.31261954998214,201.3819824475743,205.3401059850738,199.82678672981942,190.64152752268816,190.96510183749007,187.70404688298396,186.1744642594193,190.40757663110628,196.2103214880853,201.07651007530035,215.19294321630622,220.95459503700158,224.57542152077127,233.33849084746038,221.699957188909,216.51080208777623,219.87963275427745,218.0656233471211,211.44675474991743,205.12711828756267,207.30330316806163,212.62630912678736,211.26692291225925,213.51142754062545,208.5294371604178,220.7455524401587,218.77040186002773,207.67167348576993,201.244267536622
109,1997-04-24 17:50:12+00:00,248.68188965466265,248.8503713357533,244.10062372649844,240.43036489630663,241.72485398983298,239.0152073129854,234.6643359042638,242.43383940826425,248.1260414000564,244.8329305236192,240.04813010686016,234.03695075310856,221.97512274123125,208.8933229498455,203.56778114075166,203.26193108456027,202.7742716818571,203.4137667811818,215.117497048606,207.1541635664413,200.42406314134288,195.1240929619654,200.30804942666475,201.23818204132618,203.75403635341672,187.2765499001779,204.31339603604908,208.90484682385778,217.08892026696424,204.38977313491915,203.17743133876849,198.2742817329495,198.40885677061786,199.1481408713214,201.66164572232927,191.01482475342837,196.21124322966472,206.48950630613604,203.82448765125056,197.7207969503448,200.14546546827052,186.59641494520812,184.14567145198362,182.7650841908508,184.3669516946817,185.86445521718377,187.9923307191483,188.76719241359305,190.35630088370556,181.80107821904988,186.71460839238532,198.08615244246772,209.62616834483987,207.67194761885776,206.26594533180094,214.74528598816897,210.23725062421562,208.76217217153734,200.27687481807766,198.20003004800245,198.20084818605804,205.01546822321674,187.8669879481453,174.0470523188491,173.79027106725403,173.94739011842182,172.5785242763664,169.63819495059568,172.92951701869785,201.6322107612232,202.94362091455008,202.5270785997676,216.37226390212626,232.08794251992913,235.04509155110003,238.4766962910108,238.64875995829698,234.5441732136697,243.84227083437753,236.25688029744086,247.01343244720118,246.15607502409216,253.22986649417936,254.482367271693,252.18699415542696,242.067509074563,243.56426943638647,243.73220835768024,230.5989564214579,217.4496654424037,214.71516220347536,208.5298886096004,210.39111652023735,211.77614793340592,199.9465708609833,204.05048117657253,198.73945278511871,203.6967585741345,212.94505226758093,217.6911882361987,214.65570722625586,240.20588149775222,223.78404294134603,221.07067485356077,218.08352297769983,211.42144131716103,231.5790795268999,232.54971709540837,223.1955295019239,224.30352899800235,232.1064398346714,233.18900625537046,231.17721660395512,224.6027499282317,226.09856470630362,220.09694862239402,208.17182355274005,208.89654919526924,215.51561150036162,216.41968364737698,201.76700608698653,194.88231551867776,185.58369712811304,183.01087687359677,174.62978186184316,179.58342555316062,174.81657375002123,164.01787163726306,165.11086226217205,161.1809543655988,163.39727081493837,174.185667389103,179.0912887669056,186.47942557390286,189.7183232465529,191.55421761507466,203.13420219963956,207.30497688277364,204.03711224593894,196.19087901008896,195.98174299175753,196.96687789438988,190.52233602117468,180.782061576626,181.03886989520515,186.11473682007397,195.8461466746454,198.63877863671823,190.9460164741694,194.8791885711191,190.12377353917194,185.41450129370455,176.86376499891543
110,1997-05-01 17:56:37+00:00,,,,,,,,,,,,,,,,,,,,,,,,,,,,,,,,,,,,,,,,,,,,,,,,,,,,,,,,,,,,,,,,,,,,,,,,,,,,,,,254.9917572977987,260.1880648314467,262.3291176338606,268.1438633585865,276.4021495899752,277.1533179424453,270.17542431859283,260.8758380769568,256.6516196651167,260.0240765794125,246.65056845515568,240.22812585949916,236.85744872490773,233.341178941895,232.97887383764862,228.79524706225246,221.47643739466233,220.48500082988085,225.51695750106938,231.5169330481798,235.96898543625926,241.3579164473284,241.5599216299089,259.695205168376,250.83915457926844,233.372605171305,232.6658836798349,228.91741962049275,250.61813766476834,258.6486638279807,261.67681211152353,256.66492298390756,260.71389277842013,254.27962178401683,253.99597584528146,252.9399977304112,248.85984619193567,239.6647964101851,230.86168679527248,227.8426196763075,233.96679576353114,230.6388166256365,218.48573706312698,215.02367495958873,205.3030913109264,198.99157852453567,194.49826996085142,201.24129239295775,201.31474169485534,189.7641220068217,190.48577168899584,187.92041456052027,186.24444118578657,187.27182707253735,195.393918932006,201.12903741056704,210.97770309649394,221.36025438020778,226.2842927089739,226.22893720313655,217.9672369790271,216.87477678850766,212.23270320642393,212.20882325386208,208.0739705586536,201.09310899778063,202.3488016979813,208.40009654699654,216.43266865371572,208.68725170040918,207.5258237084454,213.4193188583888,212.48678302959814,199.64604923350674,199.35093828357128
111,1997-05-26 17:51:19+00:00,256.95528407104695,260.6542818175093,252.81152654613715,249.57576365580132,249.26296105672662,246.9456496689621,246.54903611284203,248.86795163121016,252.54905547554253,258.9426145889638,254.3106741678408,247.8525847291401,237.9825406539278,222.1652506879999,220.23305257297955,220.59217142842354,218.6888119039088,212.99645731680116,229.14670481747942,223.72628033336917,223.8994586871852,211.79108170953765,210.20955678965066,208.33870676177122,210.72702873909887,199.9314466029869,208.19391667952075,211.16189465737588,230.21272540793356,225.7596038385924,220.41858168255425,211.80891793962266,212.5724177337675,207.66648889221364,211.23662368642016,206.29014097943923,208.49366590056292,208.6133317459234,210.12725183334487,209.7940366820349,210.86764765818117,196.70979080519555,197.90668326537312,203.44689154601966,200.509971875486,194.31174511958372,192.9622005392142,197.47010648452613,196.18950720849966,194.22873119837772,194.51774847871002,204.27597203932842,219.0372367728158,220.55833950133794,221.13808107730557,220.21847185125048,217.2971820992658,216.79990516556248,209.8192429467314,210.69889497484664,214.1648587872192,222.28039903614,188.61052812477408,182.37699977635108,181.74512303903484,176.33994427951828,196.34751157872932,191.18335894868468,195.43070236118845,203.09624951563677,213.89761448943733,207.90465806319872,213.6411663109197,243.36518475847458,244.9212588191481,251.56295272258245,253.07262441313839,253.15053135541882,251.8049504555803,236.86153942322386,251.214091765019,259.22065410814065,271.1544512814874,270.3026730819966,268.2108730136145,253.30834576109405,256.66735878735835,258.31714995320675,252.2203689641936,232.16711594899954,224.25992166402813,220.33982947899136,220.66448619287291,218.2591601115637,215.31946439610687,215.802407417574,215.13775324451385,216.48056532055688,221.55065474011548,229.63836784351383,220.70841507411342,246.5320823415609,243.68401223361042,228.95103804122866,219.76449381986816,227.3775139191551,244.44857341060765,237.67287319312678,238.39423402040427,239.98949893344655,245.9938373006287,242.66952970162416,235.6782899120456,231.73067076819171,244.80847796178807,240.2077161081787,227.2366559544934,223.10727604242143,224.58658008365546,223.28869454048342,211.91016308405813,203.6636967909451,194.5377180559019,188.67371929110294,190.6919653660722,195.09167178010483,189.93385088793443,178.96982109662693,178.34911041099022,177.83975270288266,175.12085445759888,180.9662987092121,191.17211550740336,197.79363792887173,204.81781027888582,207.56790271647583,218.07892869333438,219.14529875659537,211.81359649390353,204.3212715626844,208.49971711471665,208.81708214678864,197.41247485514037,193.34351233913628,195.2792892721524,202.56915676690033,202.81345003640268,206.11574353883245,200.6902782969572,214.1619527549936,209.11382583923105,195.19939725423166,188.22885136133516
112,1997-07-13 17:52:58+00:00,264.02641159511745,263.1519355848975,257.01189632030685,253.61457509116437,253.91552217655814,254.43612469864757,254.6233917629587,262.39721068548084,261.7984892029111,259.58179292128716,252.7488750435134,250.86168140209406,240.15224564806397,235.78461887283692,231.78398160925963,231.71238819593907,227.50238357789868,224.6754125791591,231.35932456796803,224.90834808700362,224.85345209460664,215.34815355705882,212.92880339381125,209.29537340662534,218.20963710021186,215.0700919884344,212.90373591956734,220.61614388096766,232.06121657890776,225.2171266064072,211.4827071440826,212.68039905157667,213.2196620454251,211.81997895476349,217.9093882652188,219.44947795671015,212.05718141065287,220.64925471100463,213.12531550243784,213.925662955779,214.12994496839303,201.6157951253386,199.34912894986593,205.8833476460863,204.33912692973877,202.0165040344761,207.00206529147164,204.88286152723236,203.15075834288265,197.39288960432825,195.8306910159264,211.94864595244485,219.88954888636812,224.78574218990306,227.75513402503918,228.88203550064344,227.23422077799592,219.93904916279462,215.41139084937888,211.6286335345635,220.03683664576437,220.35573835803623,202.98965633099928,185.26794831385553,182.82882781454282,171.80768265377895,183.9475900396397,208.6462601801474,205.4826522294865,219.27160324777628,229.1068305270048,223.08174968786255,225.02234822839645,245.47466620902128,241.86823126759913,246.90633895608488,250.60048078943458,253.50027589977879,243.13410374538293,232.02906546555346,249.81023034416623,254.46763664871764,265.92113896315385,270.1180755403932,265.75121466898725,260.7370728487189,254.87162029064893,259.12376727431456,250.30709875260482,230.040921211215,221.2210427753956,219.6343611602822,222.81463776084473,222.48384074894648,215.4287380984012,227.16760674278632,224.84358457350496,229.2974754407186,233.67358119935636,238.96284497130486,229.65855952058203,259.3146143458854,254.69528093982944,239.0540769163835,233.96292845732103,231.224701505617,232.2377550118175,233.59941730551205,240.08974805669132,243.33890689013626,244.94922316973145,245.84208620926196,243.71237636830278,234.37585474567348,244.15239769133754,237.94567847917205,232.0061046205694,240.07404999143452,238.9726989088732,232.70702678949323,220.25756576791568,212.24928718560915,205.15473806819358,200.0648833882138,195.75178349205555,198.41300854276898,196.96391546041212,183.11711648646866,183.75140951012347,183.2121111197523,189.56741368420097,193.0070744791264,198.45426935201473,202.86398501439913,206.14454073105742,210.83041748779323,216.64209699743134,218.4103994506171,215.05991475820565,210.4110399472953,208.57605377718443,210.0843876942406,201.77240797523194,191.05510814859446,200.91195128169497,211.4973878322138,211.90982007009518,208.30304069398562,203.9331444285508,210.21897215193383,212.7029564187464,197.27333501429104,192.34864134710622
113,1997-08-05 17:59:55+00:00,,,,,,,,,,,,,,,,,,,,,,,,,,,,,,,,,,,,,,,,,,,,,,,,,,,,,,,,,,,,,,,,,,,,,,,,,,,,,,,,,,,,,,,,,,,,,,,,,207.32297531998404,207.95370628397714,218.97674798810337,217.56176308387123,210.96349086289888,241.03044506085251,233.19222100703422,227.0053846610774,219.74371412790214,213.18820522254993,222.88123748341735,221.4277073805231,229.43184393002736,225.65272754618292,234.53962177074396,228.49408761948555,224.25395180942547,225.91492042360755,238.3953960954509,239.8073797451862,235.39696528913746,221.3291071096049,226.00371128902418,227.88423983115396,210.38659849679175,205.98826622656972,195.77833126631708,194.96700915988666,190.9113395364124,198.15816678322543,192.51032325546885,177.17120764547224,175.44874418748077,173.47575915254993,175.0317659981044,181.22935518964044,188.7043630487202,191.21210912337833,196.47755811094396,198.06446142926876,208.1661726782292,213.12118265094244,207.565221719862,201.9923694609447,203.97826015270354,201.9735413213359,194.43227014988219,192.9183287306183,189.48176963847297,199.88645620504724,195.83598959421653,201.75601553219286,196.32516038695536,203.90767001201073,204.58433651985374,190.22736100829766,181.1616248047006
114,1997-08-14 17:54:01+00:00,254.26372275719478,253.35286391179,247.3924746153957,246.69249551334204,249.81084826199987,248.03925946645091,244.2810258271176,256.96332312431593,256.86546522208243,256.42054422395915,251.485881935374,245.36429582053867,227.44841381374812,221.7426113115084,215.81957597000945,215.51075770679975,225.95840832923713,216.82701111887428,228.31758423242746,225.1290716794676,212.19993421090112,209.4172453507723,202.1342520956042,208.61840357048948,206.857639166492,196.86062399982245,208.76789688268246,217.0859064450143,223.9386632979312,221.7423644725577,209.31616490883223,202.3190418692748,203.22383848048253,206.50496125043873,204.70657206146038,201.2983203191584,204.2493555315517,206.25751437229042,208.8667435027416,199.4012851951959,202.70804853748638,187.91669751097206,193.22048891721326,199.09839862022318,192.28664008475863,198.15581993807865,199.35607533816327,198.62112249821763,196.48286576003454,189.8101693727715,192.05388175559236,194.15979042134256,211.00437448891188,214.68298289594964,210.0043183810559,218.7067701104886,224.1500316688135,215.01382560706006,212.03021868075828,199.50129996269033,205.13007030030616,216.26303621955847,200.2329423574868,183.2463792947205,184.3067219733179,172.59317439121992,181.35175917685086,192.92880780539338,191.64926514538854,216.88020538172043,229.854220790342,223.59379605642283,225.32561791830713,235.30587642013802,241.3747967794735,242.07277555634045,247.32704824130985,243.37433961451396,250.05440571118524,232.8117306237923,235.11508004742612,247.17466650605746,259.1243167949477,260.03601057979296,259.1303035340365,253.06147018737332,258.3173784908894,262.10181133882304,249.04815170766983,237.70134457115412,222.09512877562898,211.6912589427369,216.15907558739485,212.12405281582568,208.42444657914876,210.17524737359554,206.6207716666592,209.96580725354562,216.3344362489171,220.96484532899953,216.7554040556286,240.10633512202784,236.56873969894073,234.38778808418735,232.19064697179311,227.05666332209017,225.37115748304257,220.8941931931879,228.29107851673717,225.74040022988623,231.27953984730445,224.33493832926655,221.97840471416166,221.78149850521055,225.6855958722242,239.01830035779895,236.03962103722066,226.53771315208743,233.99319201933892,233.5202415977621,213.825958270937,207.08902857698092,199.69618000091256,194.4761471192929,195.19807702390517,199.6379457842475,190.99752075940467,177.59636172772588,179.25825738669536,176.5769367610469,177.6089456047202,189.96849778302024,196.31514222721393,199.48584982919928,203.75276496694585,204.11527514012985,211.29938044801304,217.66518758443164,207.55163208583423,204.44459940585423,200.5698475638183,201.15191682646702,195.94179340571043,191.39046635165562,192.65912626420726,201.36352107281652,204.60847499078687,207.66987003429924,204.52975255134035,204.4849674585836,200.36978113257777,191.2330331662522,184.74127504244643
115,1997-09-06 18:00:53+00:00,,,,,,,,,,,,,,,,,,,,,,,,,,,,,,,,,,,,,,,,,,,,,,,,,,,,,,,,,,,,,,,,,,,,,,,,,,,,,,,,,,,,,,,,,,234.22436478119215,211.9117008962574,212.95797938899935,202.60012657667994,211.71005788573777,203.65635579300323,200.95344561562973,206.74187027026835,206.30530659970117,217.6220785433719,220.2688011890537,215.62102003691285,245.36114460493943,244.57139868200946,235.26636009574864,231.49967623660632,217.7864945146447,222.31784640318924,218.00929902552144,231.38652449935927,223.55143998279416,223.78539031449105,225.86487236959525,227.2887190863076,213.26609568460478,224.64337791604783,234.2261807637499,234.61520535337445,232.1635778773042,236.1708465680931,231.60476095182787,217.4984403120464,217.01729149068984,205.17260135146068,199.78561344796944,197.35685438339831,196.2674908162865,192.56991492636877,183.29429591824965,183.1046404325109,177.9140032645085,178.2815574710395,184.68778062520673,194.6145721636327,198.61897162275773,202.7091401213114,203.4878373596771,208.02893764181357,216.13135638898962,208.03836153087315,198.5345272443497,199.79000799155955,204.74364980373116,201.95141862416858,191.18707064902114,193.3131096229101,197.73734617810373,198.84201446010326,197.85837761329475,194.02202108667774,204.7950117788975,203.11369472886634,186.78933275482063,186.93536940830688
116,1997-10-08 18:01:48+00:00,,,,,,,,,,,,,,,,,,,,,,,,,,,,,,,,,,,,,,,,,,,,,,,,,,,,,,,,,,,,,,,,,,,,,,,,,,,,,,,,,,,,,,,,,,,210.63047612381175,204.45297900148523,207.89217392926784,207.81754337306117,188.30637677166158,200.5295052302513,199.83264848115147,205.34780268932172,216.72148705973188,217.5558253588525,213.17883507110383,241.6488014067098,243.5413716365041,228.11679384065715,218.59897452045695,209.90361159984585,218.06075420898264,208.36585284649846,215.87009042870028,212.4222738773136,222.5785695641865,218.4575004517569,213.22144716018454,212.1264971526764,207.18431104347567,214.39516120557323,206.2901716785542,208.40466376699698,216.17717415977432,217.02759535956977,205.79232380233765,204.64109170282546,194.77415328415657,191.00140560429293,195.26943525793857,191.10124937075116,194.85334927259947,177.2000606331207,175.39831261137286,170.71373363083816,170.49562121905558,175.370099312946,178.91013408212646,189.41149179794678,192.52597726827483,189.44732336800928,200.32428129721393,207.20272698758777,197.02243758725507,193.75738429997153,193.36546602623451,199.17642247348533,188.63024408663722,191.1173013369712,186.66853260238113,192.27587272347202,205.6524428171096,201.46753178319221,193.76709897241733,197.38546516208882,192.21429135982163,185.7327012243299,182.03466125253394
117,1997-10-17 17:55:51+00:00,246.78259374563052,246.9962231965989,238.9890954284127,232.25062334949448,237.21920675874668,235.80964963757924,230.20497294032242,232.25807357810658,244.7689518087265,241.49417349596376,240.9770838324227,235.18065577225468,221.78638425045608,205.64485058329737,205.9623512065242,205.58802648933107,202.54034059267428,203.19842300471157,212.62293428135484,206.39882035702442,197.07734388582844,197.12976418325928,194.66713758873783,198.3507313249583,196.16292180990433,185.02355815959334,190.96156933930234,207.47649612010022,214.40942233600214,209.11359274868659,192.79362334080105,192.4089855851129,190.57065866187835,193.21097274495577,189.82111413339072,191.236148009878,194.77957667000618,201.5987995482405,194.52657791661002,195.3676634878317,189.46571759061052,171.39061859511077,172.85246222155436,184.00192721556317,187.06490558530254,183.89158456751903,193.71659846401582,193.0955810024576,192.46765786115168,187.7236704684395,184.27465718617478,192.11952991702833,204.64606708829803,207.56787073465375,208.70301751802856,205.2880712683058,215.05160966857312,208.4837596632999,205.13399411207888,204.25344787329738,207.1453001799619,215.98499190408305,197.78601918942448,189.09109274627966,191.82619467587168,174.7682509645474,184.19547956674933,186.32119636737178,186.66189001773088,194.37070882511952,203.77043700929107,212.33784973808707,210.1713254945468,219.17977726918224,225.97731749578617,233.17611202552888,234.10108351294775,236.74859305796735,231.81248861228823,210.00847458385084,224.35497653852684,239.588257016207,246.76572467025358,251.6023511632645,255.59164394381506,249.68723752735335,251.64682397352777,258.6955130555268,243.85892198305842,224.81689302316823,205.88413984781675,200.25438591670408,202.61168378776583,206.330552431328,196.1779498152885,199.68231483317666,201.38927056499256,195.8174945004875,218.6209183048795,221.5925770479547,215.1567535522031,225.24792115963697,232.9970177277589,222.93558150341886,217.8505293932285,214.4977626598616,208.6053454854524,193.3002798425909,209.0441196267069,219.27840503153152,221.8681835860362,216.1248485959333,215.2031702971804,208.80344748488082,215.77240275849948,217.25837133512692,214.58483915641338,214.25616861622657,227.2538043154264,214.44048287836688,211.17870511982727,207.9938235603882,200.97742616945712,197.54621820433397,194.943772203822,193.94891113490604,189.8778648007761,168.3329928086082,174.26789657953833,170.16767209287008,171.95459410958057,178.97106462325843,181.41019229418376,191.78451980934938,199.3763198600553,200.253723269041,203.77538926496467,206.59363531379836,200.90325316039866,196.683161176415,189.0975196739344,195.01566237905934,190.88155877178204,187.18880833479787,186.61552317562325,191.48587598143084,198.22430620160424,197.6297262933737,193.5498550351685,199.73174286010592,197.41871003759724,190.29374440092894,181.59285308793835
118,1997-11-02 17:56:17+00:00,238.57719648440406,237.22731666421677,230.83449008662626,240.0145502419184,243.0973042047748,243.5529943090376,238.62591519629757,240.92209336156793,239.67349072143728,239.7045752700283,235.99135641838967,227.2294226847551,217.92851703571574,203.63394220364123,199.550298508743,201.46470956508261,202.88908578204934,200.29475137443697,212.55971261452822,209.31120716054008,196.3770086515845,201.7195321930226,193.8706451713892,196.37131855561864,198.2587195438449,186.05544762622407,190.6426797659798,202.51307523790493,205.80191053170591,199.75369603151694,186.34654547033995,181.9499046021665,185.43898354774288,189.37070384417942,190.3946792098268,187.42381392760143,189.0519395210049,188.09635943341388,185.5722569940724,185.8561539130057,188.90582928234767,181.37389164420546,180.31718302308025,187.93302282648386,193.04458119246218,190.0244922903217,187.515975191189,186.23305752296312,184.84449665236184,177.83494530934644,180.4483395340755,193.5916451805386,208.7019144778804,205.9826983836595,210.67523249719625,208.4482205647754,210.51896330976672,204.90862657202305,196.99570511264403,196.02007220590093,197.64216097504664,209.75884022697352,193.75315466301032,180.20447403202922,186.26838541831057,183.68694293574623,192.15910578810167,181.5334043925515,181.47343592871772,201.09351578882513,205.26386614701858,205.46763601780867,210.12367292544945,219.17048375075962,224.00947446455783,222.72055800723592,233.5333562381275,224.94711165747688,227.63927867694917,205.4412639318641,214.48407533732376,230.16684303448494,242.1261088183153,243.55319624778832,238.02473992038796,254.89888133224215,249.28572960500864,254.46483184254475,249.3404259253061,223.27080795048133,205.10118469084588,189.70125645445552,199.39773515034403,199.30317707223782,190.53295417522344,196.49529163371483,195.19883492422056,204.68855937311363,216.99105121888363,216.50052742056786,215.73069259625896,231.97443789621877,233.17041976267123,212.74519358179097,204.52514110704814,200.02811900250535,207.2958251795496,195.4865119423721,210.04501166584694,215.03391321139262,217.7718079587852,215.21299428071143,205.69038571050433,212.54973501890197,218.92863170272435,220.74812404457768,221.28639543464038,220.72444863224766,222.07526612970145,215.78177585484752,208.14445722894294,203.03005105997016,198.59718463537558,191.4090338890902,187.98158357479986,193.27443899687614,189.78168415055177,172.13903847634913,172.2890646831779,169.56232854107787,170.75109476942464,171.29091218611146,180.7181927809992,191.49064886671857,196.505567011838,194.70987534482836,204.5244885135151,202.15633778353964,198.70915702574652,194.03448729887972,191.6561723677977,186.62905800420737,189.59898528791547,183.95735252409986,186.36466447483528,195.6345547300794,190.6806773319464,192.5102045587465,183.2523516022457,189.26894140757992,190.76725557597,183.31683884725894,170.20003552594983
119,1997-11-18 17:56:39+00:00,243.31950973106908,238.42393649778114,232.09269376121782,228.03408390858243,243.18923095910753,240.91421054887422,237.55757753469277,242.87655543757722,240.46946639890666,237.37272305290736,239.7708585988147,231.90047399864426,215.96575818803,205.35101336543696,210.51131483262006,211.49628667236345,211.68136309810717,199.25984779949528,215.1922631244509,204.62832039080678,199.72888372508487,188.71948723633707,203.8377909211503,201.7026193856654,205.0328953566301,194.8338015621692,195.20558194815732,200.39806410568585,210.83335856529715,197.22639253502865,196.0190702124106,183.05351585599385,190.91765451806646,200.1165695022066,195.5147034037414,199.17342064258324,198.38751776676244,197.40640025544786,192.6240295546455,189.85576866345014,196.07848045177354,169.08355057722275,183.78974478363614,189.1321152771035,187.57231648879758,186.19786398510118,183.82858202893084,182.74596584711642,180.47613211295868,182.01435608179958,180.0249752408173,194.21650616851974,201.81663441826038,211.4338873811617,207.04522898088015,211.55622671733855,208.12944747641393,206.8760603487071,199.0680341009732,207.79537832987415,210.44046407739307,218.17053036284742,190.09372539150806,,,,,,191.10028898364297,198.9555535926657,210.48062017657398,207.4409989813252,205.4490893553325,214.84213059873298,217.3740403515011,224.7050748535166,229.34610903993718,228.62270804414922,215.80161020554726,199.15249281275328,217.40210499758433,233.98662932916454,245.87834257011446,244.77468558632438,244.0568836362104,236.0709209049758,244.2498898146397,263.16955489519955,241.89079837551242,233.2175689479156,202.99060919575257,208.85162644837231,201.8389712596381,199.22343048280385,194.90984336320207,192.18576531029714,207.53161426981652,205.11279921552077,218.53241186381737,215.0206621106707,206.60629521649014,234.5412768328971,234.3765823267994,220.1184832786547,222.17690857497846,198.65645991984684,209.1259643395689,198.04756095641778,208.44203210130738,212.44106182979502,215.59252513497316,212.09733761436414,207.51880516464283,209.1434026405403,218.33859825853324,211.68579471100057,211.3604670950621,205.77218758235773,219.22972734337128,218.15444997623234,209.0854389902304,203.40712779584683,193.37308959412087,190.45333266050076,178.5746102033365,186.79910745993456,175.75889852847598,166.63081447729192,165.37156264469036,167.27851499467744,170.40781204976327,174.09549341447897,174.11712737085276,181.7719455550023,187.65569306083327,193.44025685347958,195.9134646075109,200.91711145155404,189.06870135383915,183.67066944832462,186.19856361132236,187.06891938466055,176.0564757065339,178.6898816426728,180.67060152549942,190.50661714576515,192.00891061609354,186.48948534235052,182.20877059710003,187.03915491381557,190.59570340525414,176.46609526773477,165.7992862234183
120,1997-12-04 17:57:03+00:00,252.2093746703341,247.7771319540101,249.90964180860132,242.53546866447056,247.52495192452602,237.11592510579493,232.6014696478224,239.33740895694248,244.03614331154006,245.37875796813978,241.2265128316376,231.82178799542862,227.52854100211624,218.9024397757977,216.9346357103454,219.10610979714147,217.33397722929305,207.01182190273045,217.84636740956608,212.57745432633436,202.8170001930627,208.05943330888869,201.8896751757696,200.1642473188371,202.75568411496744,188.27241073239395,198.66953133421637,204.61708789373364,210.25171891905978,202.16895396355176,197.1733452640111,204.91732170348214,202.2064276381832,207.39730326298832,211.16703057555992,209.92337757711687,203.46276422141466,208.99954579544226,200.91617099166308,199.07439237681552,200.02840144654846,179.53618064869354,186.66299723911288,197.46535164876263,196.8205857964221,189.2309838317909,190.20953258521516,186.97230406677107,186.23478188969202,179.83340329939858,198.93580665378357,204.8174982304581,211.23097103401955,216.606231054413,219.3645446660245,218.72529048146694,218.68676080837815,215.10459015316206,211.7407040495606,216.3754539105242,224.76684679670075,227.69000973391377,217.27955917951653,191.05574536645645,191.51391032347544,180.18609158037646,205.79260947899297,189.9528180597806,194.01880722097093,202.11520877498083,207.05010674284668,201.44262300775688,208.57159774059167,218.37481733865457,216.91618580504365,229.82763951255475,243.8224587669698,233.59461332812745,231.65526970384548,223.40402401163868,237.91360558566856,248.09658902927862,258.7190027914353,259.11222304535113,259.44532910604477,255.72733566760454,254.84031229629724,262.11131096901994,255.64805588510964,230.96382840508687,219.51528972341862,212.58525107207112,214.99294514349535,205.65280542315466,201.24825060448939,212.78906186391228,212.93565452975741,222.46652150086396,220.03692256173144,223.26525560052494,219.13630656436163,246.67318301339319,245.62982767444697,224.18746782237577,213.04439566708209,203.2797391952952,216.91401929226765,199.47990524566364,213.75470246655425,226.5214360691187,228.22386059370163,223.3745815063231,219.2572568558815,223.86565769984566,226.32314833826058,217.34225582448832,202.74122956477606,206.4250978221532,221.94251839867266,218.5663115482135,211.10956966954706,209.59415192382895,205.0148477004659,195.6493093503674,190.40070475027358,195.72852365920824,189.95621574900332,179.3460740062925,172.84174291307494,173.11761732987284,168.39205863008175,166.97835322171022,175.98018696463197,185.13363432527063,197.9328334009274,204.05256869177387,205.48633095240348,211.12246197525502,205.52162579941245,191.92809430751151,195.0959586569153,193.11526077380654,191.7979336906991,187.22924176795755,192.28456381318597,203.4164472793252,202.98017908815038,195.7632784709902,187.96394225276094,190.4269328664774,196.65086597415467,190.5865293357117,181.06366063588075
121,1997-12-11 18:03:25+00:00,,,,,,,,,,,,,,,,,,,,,,,,,,,,,,,,,,,,,,,,,,,,,,,,,,,,,,,,,,,,,,,,,,,,,,,,,,,,,,,,,,,,,,,,,,,,,,,,,218.8735402088596,221.57584563112204,225.9523808705411,235.64984542050001,225.0051986226508,245.65801389808593,245.2417500090926,229.24060961784522,223.18028510195984,214.8370518191589,222.07297977398892,217.97531459545954,229.52055279198345,230.73259292705873,236.5197870741737,226.15164028596604,228.88687653918717,233.8912701332406,231.66957024651927,219.23492783676528,212.84328773126785,222.05603988395285,221.2504939436169,225.00515106324121,215.54309160490118,208.1424657783092,200.53569257508298,196.1847448095323,201.52913372593474,198.48682485485404,202.06043740640115,189.63262885814675,188.0293795681576,187.3935721980038,191.1471768103725,180.69575531636875,180.58335806171198,197.7099693232301,206.14382526644172,210.9126587620393,212.4599304075856,215.0124925841992,213.07435852226413,202.9962815834261,208.0224531264068,208.84814115921728,204.46979317948637,195.4503148064898,201.81915558373979,213.24106303037993,211.63194425934586,200.0053657015996,200.28142599214578,203.57822830577845,200.6200791149363,196.31263703001008,188.74107516241415
122,1997-12-27 18:03:47+00:00,,,,,,,,,,,,,,,,,,,,,,,,,,,,,,,,,,,,,,,,,,,,,,,,,,,,,,,,,,,,,,,,,,,,,,,,,,,,,,,,,,,,,,,,,,,,,,,,,,,,,,250.64418462958272,246.89955846942595,231.35645491093968,223.73213179603908,213.27019396762734,219.2214630792351,203.47330927235015,222.2206001537195,226.1555011980114,234.8951431488728,235.56565578427583,229.8380383094692,232.7806761338406,236.3393185919272,224.49427006601957,217.34233477769982,223.25048875597193,231.21603192463368,228.9429475353893,213.35326069588967,209.5628165214033,204.21741056073495,195.08803891204187,196.44981595638407,202.11829659940884,190.57884396896083,181.19296936970076,187.22426453633983,183.02417973877638,185.88903834528088,184.55155333988927,182.1408268935075,192.88448403449252,199.49865471333425,205.7860662138075,210.80175136869292,220.8561735844375,215.99656869481407,205.76805131457462,200.69670785742477,209.5399860096076,198.24121637641014,201.33145983926545,200.32203419463139,205.0129913102494,210.3404266964363,205.8042903380749,201.16922547575183,195.31195803561295,197.57548599181644,192.28939530469722,188.18473589362543
123,1998-01-21 17:58:09+00:00,255.89095845989863,254.630307751502,246.389666175105,243.30936492700926,243.45356506961554,243.70204364135162,243.00297766899303,254.36930384420054,258.86820268876505,254.88055904786097,250.43968554181157,243.11226870698908,233.48994554615535,220.37331926149335,217.17850173706492,216.7232160558352,208.1180153524964,212.6383932598153,224.95371896152267,213.11065002831705,208.64140705897057,203.5906649517376,202.63500997255528,204.03603686543406,201.28172036342139,204.62520754673574,212.98564621826313,220.11039171077056,219.49682450592658,215.6714795129953,212.6922215775495,203.28871936998337,205.5926082645709,200.53613211697984,206.49688175861536,206.21725815363266,200.37515126166272,211.52772694762245,208.08610389619514,211.94647312717947,214.81839532803525,191.74066584824936,185.99666989715868,189.96859466598235,199.6659927511119,198.6845677791028,189.9267752846617,191.3191677302213,189.59319644507684,192.55555672548198,193.05565839537226,202.62947766845048,213.7979956315133,214.54383804212029,225.76843508869646,227.07616352755468,221.04493544729155,227.6698098210764,217.5847437485407,206.23252168547225,205.87421746545652,218.01205707926275,196.50208128282182,183.2256128754168,182.2529734064728,182.93525920639453,196.76905942172647,177.67344096158695,196.13586435410488,203.62903004543378,205.8016862629736,214.24916495680085,224.4972312796126,240.47449587051628,242.03686095658423,252.18806739708558,237.4660025160689,231.9225107655778,242.1584686114721,240.348183974772,250.00837951816257,250.92658467661033,259.5351644373533,257.5095565678571,250.80971808553147,241.19632039392513,241.92102768284934,239.56721893735195,227.5641661832769,224.7968861354043,221.0299272352725,215.02167569677383,218.60200783521364,216.69342171394348,197.7946027341523,204.36158254786105,210.65081692191575,213.0389940808215,220.17807849668606,223.22100714186197,218.77037486679927,239.01211477788894,243.43780272739644,227.70075138683262,219.66371423951432,216.91747211270837,229.96797115172086,214.0398920605919,230.95419546806076,232.6348598816516,237.78962229189733,231.48619240016808,232.34676438436674,236.480811130652,232.18175376011288,224.6984319327606,205.29065814822684,214.0332030727015,231.82558928424135,229.47588446458042,213.01177950414123,203.9889806759233,198.80077244420846,193.88772955349327,189.72416594342207,188.52659597240626,187.05757219369178,181.58424536136346,180.95196029596022,182.19451816718043,177.74524134579158,171.1255033483006,172.38447616280496,190.10036500452736,202.6873972214299,206.1857992758603,203.90434566465854,210.9422658128741,204.21311706742327,194.40130788611197,197.95156735282944,196.05077302801595,195.23127089482827,192.60332926449854,187.75436103309983,201.78458216524305,199.08133188646912,201.87961646052008,204.8742274602419,195.27549248867666,193.43878571944722,188.98847905163555,181.24296439342677
124,1998-01-28 18:04:30+00:00,,,,,,,,,,,,,,,,,,,,,,,,,,,,,,,,,,,,,,,,,,,,,,,,,,,,,,,,,,,,,,,,,,,,,,,,,,,,,,,,,,,,,,,,,,,,,,,,,,,,,,,,,,,,,,,,216.888972305393,220.0383125314963,225.49107903206476,221.25495590236056,204.83094167699647,191.26271940796948,199.37625668080676,212.0170013069773,215.2103009082259,193.88231116883708,192.48441491964294,186.06036033967786,184.47842596071882,170.41275522365618,172.7533691693941,173.14007728970955,166.49786413482468,166.86945568232272,170.88735060211616,163.08859401145526,163.08721373978574,165.1911721021217,174.8682720609065,191.37424102374467,196.6666806558401,188.34208831234878,192.1272274194812,194.96037865853293,193.33912281861208,186.40088281749723,185.30245908465557,187.22708488615177,171.8873661143568,172.70241381827978,182.8864851461381,177.57737293243508,180.0826148532202,186.25553465455093,188.27608731789277,182.9472494300746,166.21689491601262,167.28388272145264
125,1998-03-01 18:05:06+00:00,,,,,,,,,,,,,,,,,,,,,,,,,,,,,,,,,,,,,,,,,,,,,,,,,,,,,,,,,,,,,,,,,,,,,,,,,,,,,,,,,,,,,,,,,,,,,,,,,,,,,,,,,,,,,,,,,,,,,,,202.34753070651817,208.66489078845865,212.15066791056302,194.62940451279826,182.39606753350856,180.4641401880566,179.78093274831014,186.42372188503217,178.2599455235461,166.84114164307618,173.3183327909627,180.03927476404877,177.11709018816322,163.56338869493632,168.26006838090896,176.71180272793532,189.93535733955076,206.45505935583176,203.36104088611722,203.78504443540675,203.62295274289534,202.3212099390217,204.1544591686977,196.3643326656531,189.6784347854771,185.08097379356016,171.4337146097461,172.1125365974705,170.2369799430632,174.60062680348395,180.67864515666648,188.62482130569663,197.86296533827823,185.74472701637256,168.68431538931952
126,1998-03-10 17:59:04+00:00,262.3008534476277,261.23000845058635,257.9746770387366,252.48710202349437,255.64338385957487,253.43175621369804,253.2992831161138,264.27076380453013,270.9852646945007,270.2095829096525,263.86120061606334,247.7138048283245,233.14764059209003,223.75010516884922,216.150329850398,220.2707189797892,209.25083112113995,207.88571611154177,226.58213046869918,221.24377798621498,210.8410748319639,210.2373950597547,216.4486727465237,217.32390357802655,210.37257221321568,214.29753926050552,218.07560942033882,216.42099853560336,223.2062783316341,217.25331778366262,224.9100689947456,209.54766643810058,219.37584863290957,212.28847016688363,207.8836921273827,202.35443084840674,211.12037340929407,220.4057966145993,220.36826948276263,221.0963920019295,228.06268766366142,201.3868396685869,189.7913040738154,188.44038564100882,188.07813134819136,187.40645721944455,184.8745792404482,189.67742701506546,194.9729730840892,196.13760153938927,209.47302970917826,215.8138019346848,230.20558306352433,230.68772279213874,235.56231409507612,233.24195488296988,247.361220000292,236.18045340001282,213.08470742863346,205.82094230342645,200.9831538309978,205.74074752973308,200.0528238324752,193.2032011300681,198.09938776794698,192.42874021703756,211.1551409868345,197.08764295795956,182.64172301450986,194.10113527390249,203.1301999869106,198.99340125339603,212.88621644313673,241.80927308580738,246.36049264797805,241.37005845510703,236.92461984717318,232.43615207480656,252.01818528556706,250.63874182312762,260.56303330134637,268.24115352562603,272.894163582751,272.5948802402232,262.72038163013764,242.74371628950678,233.83728239263812,236.25583727128975,231.21910642327464,,,240.57615555607157,225.45063671971712,217.52976330956278,200.29604928834368,210.16086129488218,213.7139920959688,225.3176350243429,226.42586071836377,237.06296596187184,229.94199878665637,243.6062125472752,246.77516408837454,246.8103376454434,259.290332455484,245.6614363017889,,,236.1909622672656,232.0397176534046,241.9480362271712,233.9486387892451,229.20362376543508,242.36087854941013,245.68301786332762,220.6032964146505,206.01899593438299,220.38152179674768,222.38911638403542,229.16865408577527,220.74728084479648,202.65116610002667,185.0943537873522,183.7640001322785,190.70176572623532,197.9886573968026,191.16622291617102,183.79436111997842,182.1008524212453,190.21263060778477,180.3955960912166,165.23794070945908,171.23076482817876,185.7569401110006,201.73429003975573,206.34294690220247,207.8685268259299,211.5440940878916,208.74728118183248,216.48791494178164,215.6776612667884,209.84333486568488,194.7156225453826,186.48317168917376,186.7680269662681,184.1614433503722,186.61097443932152,186.64361326983686,192.03910698913725,199.32332728671153,200.11528997603926,188.11735624426444,176.4507359562869
127,1998-04-02 18:05:33+00:00,,,,,,,,,,,,,,,,,,,,,,,,,,,,,,,,,,,,,,,,,,,,,,,,,,,,,,,,,,,,,,,,,,,,,,,,,,,,,,,,,,,,,,,,,,,,,,,,,,,229.09535241049696,231.66112894958817,240.41350805547418,253.64757808745065,259.30786632640724,254.16437872816596,258.84537739255325,255.45740686725492,274.1646996636325,263.8111580540827,249.83059220031782,249.97794095196025,255.06477080528472,250.7669763767821,245.68988504653367,252.25140372833016,245.78968231447115,228.75406376606963,214.43054235960682,216.8379631595978,229.04469961149755,233.46320071333488,216.52801912617645,207.03580886148038,208.709011453575,201.7612081140696,182.55593664126025,178.7704707973628,188.6833713403753,186.1749552024694,190.78925618072023,186.24177509077836,185.46551162763626,183.2089984205674,178.1226835494862,194.8717859180584,203.902391362307,212.2640008723344,217.40517027305697,221.2983449960928,210.69949577340105,204.3800301715007,205.25879633845545,202.47223395471985,194.5789001723694,188.8319831095411,182.619755748538,187.61875224252887,188.39194446703726,184.63626844640243,202.25049007179558,201.04580667052159,207.59153670737462,194.1746859757702,189.77589509021016
128,1998-04-18 18:05:45+00:00,,,,,,,,,,,,,,,,,,,,,,,,,,,,,,,,,,,,,,,,,,,,,,,,,,,,,,,,,,,,,,,,,,,,,,,,,,,,,,,,,,,,,,,,,,,241.23893254729754,244.08151972901666,236.95919561227475,240.64939989059943,218.3718333995674,228.3322882821604,239.0330751653543,240.88228870319685,254.03331368741377,257.48031130825893,247.6775704010382,264.22117329224426,271.8161456132017,268.08885037215407,275.46168520154725,265.1464247992618,281.38453444532144,271.1824094592139,252.9623673419282,258.1855833642824,263.5508220788956,257.04668674438153,246.72552262927826,249.51699111505752,249.758421674206,242.07653672064515,230.28297803117158,225.58099104845493,243.72889717077612,233.67832301015798,223.23098115921317,218.12750368326726,206.16965300907464,207.1349359723647,193.28268343106475,198.01093138224218,197.2205864446214,194.25932382252176,193.2581826152016,197.52148277708426,190.99462878180762,187.75133739731484,186.65766233807875,193.46248102320726,211.4528277673793,219.40462931360844,229.31633756496223,229.97809952525722,220.7758929026274,217.90654550925854,219.93212292770193,216.16954066875172,212.8538963663787,198.14205351786046,195.82751299189252,198.39194363643054,204.44138081178437,202.89135042874335,203.76189026297266,212.61291499404027,214.5001121110132,199.96241481026863,193.89291612133889
129,1998-04-27 17:59:41+00:00,248.99544516415216,247.06845300553198,241.22268718890834,242.16817365576276,257.6312785009167,255.97110562015348,248.87524035662136,253.77700646360975,251.10466148271684,249.0406408534253,238.39994028428583,226.38850758694124,215.68542395818005,198.2933506837394,203.67482211872118,204.52041135831996,200.94155219664293,195.1735120549626,207.60477294576754,200.36640950406064,190.2601320324236,194.1229909162128,203.6631453142857,199.4680315713972,194.10233394790518,196.084445093932,198.07182027593302,197.71197813562782,204.6442442452831,204.22977196623532,205.19765340156363,195.8270029650145,205.43077703443143,200.46099426746068,199.52418726509143,188.97435779416352,185.18459115121888,200.06436665817193,199.93452533764616,185.82665455750393,186.2787495322267,173.7871081853375,175.93521606675301,177.91138338189674,181.9359478182162,180.88047099611015,184.08785143983806,183.0105754281545,190.3692038130405,186.1064629338777,189.1584836198418,207.59049423729954,224.60602841922986,223.50836598903635,223.1873073314589,224.00851671720005,221.4118556571044,204.55656278763428,192.4196495408848,178.75323422318445,180.5096955680689,177.9198856108144,173.53824888754946,175.37146857769326,176.10067811112478,170.44760648626698,,168.82242982568536,167.27199173275565,178.31102301616212,185.04255636142676,185.0891057200117,202.91731579039998,225.68960999250118,230.45091043735744,236.5421346890992,233.29943612528723,235.40399511855253,247.91529294551756,239.62374477758001,252.6099525213973,253.9617101450244,263.11540597079033,255.49512192292588,245.06691386606462,234.77485788485043,239.6677776349511,236.88743314634226,225.99385961600126,207.914889160371,205.77165011584856,214.09991928011166,217.70340065308932,210.10375822973495,205.91415497856391,202.5111564498684,206.60933681645378,216.40076328734207,225.46066721274647,227.03597106944568,218.71942130410903,243.34589723078398,254.99654083559568,253.6740571211029,252.79003426323453,245.68034685224455,,,,226.3086729666505,239.64620190417486,239.01898704517404,229.14191074878693,215.16870576286672,227.63271084426356,224.32760748395614,217.44624347044518,217.80982984610972,225.05833308985564,223.05923744086567,209.9866296520505,199.7563380519345,192.65120713311964,189.95452336374987,181.0889662768259,181.28022729071512,167.29301487590365,159.65156795782465,177.1933459762217,180.33501986892722,176.4706546412691,174.0773431292389,172.11672218139375,177.50124226197505,184.7681759960745,199.41299327669404,199.25383834718815,209.46828141459093,202.73203957909033,195.2325598422555,191.84289229808178,194.66091428725488,191.2893432987596,177.31825628086975,171.9739520044095,174.28509937488724,173.0089823561762,176.2008868153222,180.29050421482327,182.29518351503503,181.97092782171686,174.17805277403727,170.88946118434836
130,1998-05-04 18:05:59+00:00,,,,,,,,,,,,,,,,,,,,,,,,,,,,,,,,,,,,,,,,,,,,,,,,,,,,,,,,,,,,,,,,,,,,,,,,,,,,,,,,,,,,,,,,,,,,,,,,,,,248.74017398141723,252.53812268843012,236.9671694319577,253.8995849746119,264.1132094794205,260.03767121645643,255.83791176110697,247.59836389463192,254.46400543696424,242.13901444311944,240.547783459988,239.99727349197843,250.37860793616673,242.96798722487569,234.81462239571908,225.07600407547852,224.19741887491318,236.0259941238205,233.95638503033348,222.0365548967917,229.11696168051583,228.78220694370782,213.66042027625332,208.43721136482426,201.81464642432508,194.25620077213782,192.42774707506388,192.778698251751,192.08126949269035,184.5857044638869,186.08234204397337,181.00806347972633,179.43583148591603,184.79199397963268,184.9285204820584,191.90490051090407,193.5100625987369,198.41857381175532,202.8046287599148,226.2737489005524,205.12375169646992,206.07377592292207,212.72203872493878,212.94319484958746,196.27610594839211,183.8415542906042,184.6481219492367,193.15616450758603,195.02930563340158,196.36358805874116,195.38909484717917,192.7729381172721,199.48628527747644,188.8485897899425,184.43039897820023
131,1998-06-14 18:00:25+00:00,262.58151419494584,258.33038971861123,257.37334462762726,254.89582034395588,253.13434658627816,256.2724190835148,250.86164653413556,262.29483310616104,257.255746773602,255.7549299937532,249.22673605935793,242.16483949294985,227.5253767502619,219.70826650514317,211.54297865337642,212.47431241859152,218.63857840285743,212.35847979157177,231.00055530352205,220.74597309822698,213.72331776113643,212.35534891450598,211.7319292939447,210.16914207267064,208.41172011755995,210.63984992604418,208.87222211268568,211.3847880895239,227.72409455208071,215.47968820665,212.90531842992232,208.2362992539448,213.54110038125953,215.85973977348394,206.6464611182783,209.4292121244674,210.8581964567191,214.11058983145062,213.01538176555033,206.58698664228103,201.660715182155,187.1916720079521,182.03537361333431,185.61073747794615,190.22077878776804,204.02498440447707,195.67662098724304,204.35082113293623,214.39844547366414,204.31804475168224,206.85679536331645,207.95410342368353,218.85737829914888,220.1613811399614,222.9647584754531,230.5499229801077,231.94218074096676,220.29799503399866,204.36856360143878,200.85188211780837,200.80432864363638,206.0279249166199,190.159910095547,177.97863912752476,189.3492757769384,172.33278551504816,185.4199627751878,184.79528962902054,195.13223762831612,205.10210119404738,211.64610410646486,216.0467192066339,222.98242917350674,238.35284496693808,247.75431498165977,250.27516915407455,254.11035637660856,244.18995566811634,254.20564889325732,241.88287786580946,249.5177413341019,256.2640038925682,268.0171140104297,266.4938152560703,258.409068233511,251.0784975695334,245.48838569044625,239.22175086554978,227.87265240537195,224.90054738565993,221.37605052929678,215.23427230509196,221.99483544346344,223.08807045843355,216.21327059687195,217.2469439607563,228.13061803758157,237.81367115821922,242.01415102271346,242.70517090690626,225.34622098276964,256.7635689096742,265.4960379576256,258.4896137044051,249.75607178325058,237.7507879796952,252.24238992575022,239.44605796624938,234.9750884027277,239.43742226622425,237.59993244407633,235.09272719247545,236.4671991050248,219.4749070789975,219.15159405773693,226.37947748851136,224.9213251445041,226.69202958873237,230.47077098561235,225.71514525255813,214.3586977767557,207.1201830022787,192.0413769903768,186.54110100339008,193.9467628059627,198.39421593397748,190.6101307966258,180.31023647762714,180.39959106814584,180.47712978794416,183.74972360839354,188.8551149310853,192.9560279552378,197.5372879660489,199.16224519635534,199.4138313455436,214.8141495613323,210.13276876401318,210.46192298200702,203.39338975529932,214.22749913193167,213.1759758309182,196.03627670931468,194.53898654498914,189.4966017364182,200.83331688372914,201.42452211806213,202.73026485947798,194.62795122252243,193.96011574297464,198.2171234344139,188.65248870333585,176.69079395771402
132,1998-06-30 18:00:37+00:00,261.7526640319816,260.6559879947283,255.82214719367258,256.2372233556268,257.4442125386785,257.3742019797637,251.45882757614368,257.18282271025726,257.25564260115726,257.53681681087033,254.98087219603525,247.7069123623085,230.42632769093902,218.21679242739285,222.98831625444035,222.79892141532227,222.14319589852755,217.63370336302742,227.8265619370428,224.28624951914006,218.57677664963995,218.80679132752834,213.83458415428873,214.2041161874527,219.21117347831995,211.05129766737107,212.05141352542392,214.1196852733667,233.67945960330027,219.83700333150495,213.03920976493293,207.1320925644977,207.71096033985322,216.91094361622436,218.98768422665245,214.20545035236682,214.7799558614326,216.27009708558543,210.75983567494617,201.61920665034302,201.91741955311676,180.9412895193691,178.79349120033538,185.42394280608502,195.1250633529957,205.20939080999034,206.11187294176648,218.99822929813865,226.00107182317223,212.90038108571412,206.70025871978947,203.85025173406416,228.4383538170649,232.30883399980604,231.04487462842033,237.51434042715178,234.00103205804226,222.77829820591094,212.89518747347591,207.73689308224465,201.70751574414672,207.34657028555281,191.43414055329166,186.5202944138053,182.16497171731208,180.11449908421855,185.0404251522463,190.76924825112562,200.28961533471158,212.8262250001853,224.5499432991564,216.53431142458436,227.9787619867301,235.81924107036903,250.01736720855135,249.31126960357517,253.97452337614453,248.11247256950065,255.17893719966102,252.58061386880496,246.90750208360294,255.11546419292785,268.75151597201443,269.2881178998298,269.60893522553556,257.56470922515155,249.38054370329107,246.78945379287055,239.58176590427598,232.13512512984636,221.28290573394366,226.69038461868055,222.20265641051193,229.02637914140664,216.6283076753459,227.4712770771686,237.57107060020405,244.23956612717615,251.00109085059336,248.42636732127264,238.52086513458568,256.75217229319924,271.21023402024116,257.0734182243437,249.70204598231896,239.35647958596377,246.95050936081577,237.74051600184524,234.5368941298193,231.76054349557907,240.01881679947883,241.50997876220404,235.1075667022476,224.9821497362913,218.68553479411165,232.94398424503908,230.00324885028792,227.2930985615689,234.40561903617072,231.50334223168676,219.35978152273196,211.80569336708464,203.7289530306175,206.62370558494268,206.42975340868736,208.87591764905204,196.6077178860255,185.71166531441028,182.71000774061812,182.47712252713228,184.9236113042361,190.91684224197758,201.02377766947046,201.54170911776976,201.73293296429256,201.23042034500205,218.92308705820463,226.10056056377036,213.49560458905535,202.6541961118958,208.04273265538404,213.67611953195097,204.25703970257342,197.2655173925668,198.18167152873147,203.77880330360495,204.0212381820528,205.35924079289808,196.25111737560542,195.3759304132833,194.87877883482594,201.62541877227568,189.8056773050984
133,1998-08-01 18:00:53+00:00,,,,,,,,,,,,,,,,,,,,,,,,,,,,,,,,,,,,,,,,,,,,,,,,,,,,,,,,,,,,,,,,,,,,,,209.35558335903963,215.52507361956486,218.31828336915888,222.8054001548349,238.59605723386753,237.25818777608924,249.92456037519074,247.6517974818282,250.48940561209707,252.91360071774915,234.11739955410218,238.8982016203615,247.6647127934083,256.44165322945844,263.677056410652,262.6600946485047,254.29469974017087,254.63995570247596,260.22075443760366,233.8739254751644,229.37348058704004,221.5827843263176,222.53767203884547,225.80700285051225,224.59777894889757,218.2101638653441,226.4778185470527,235.44276631839315,235.6032421932245,241.9225693766719,243.1001432899595,230.91516164464284,257.81788632642076,266.0589002085867,256.2846785933901,247.58181161281618,237.21572921316766,233.40486143353158,233.24985881003374,228.2514108078219,230.9027811019714,235.5127755943605,229.47089151210866,225.87140137094735,224.53344945771562,224.75075452474138,229.16267306356605,229.63050452294294,234.76111094738934,237.23198659558182,236.30186757119995,232.5138924720951,227.24789964215591,214.77672477668614,,,,,,,,,,,,,,210.3922478106724,216.23215873112042,205.1844597633559,203.70285609268004,206.09417937426394,209.7243211606194,202.88178230150646,199.15422971505524,202.91683781364418,205.05751890324717,207.97130397958313,200.8652194349894,196.14298099778586,205.74239328543672,202.77325076942495,193.79676022610315,187.91599591947437
134,1998-08-08 18:07:07+00:00,,,,,,,,,,,,,,,,,,,,,,,,,,,,,,,,,,,,,,,,,,,,,,,,,,,,,,,,,,,,,,,,,,,,,,,,,,,,,,,,,,,,,,,,,,,,,,,,,,,,,,,,,,,,,,,,,,,,,,,,,,,,,,202.91185638267643,195.05333660330632,179.62116963604464,175.29852451050272,178.09594023938843,183.24308381413047,188.7422554943302,189.4678985493399,192.7696720152499,190.82125322299237,200.54267735291933,201.64410036000774,209.80981724241076,198.49259427249407,190.6707144804045,196.5835281391196,199.96812447630901,195.05545800099094,188.75099235565727,187.90580326619545,193.03525947156018,194.0256477609817,196.939185523981,179.9810435684527,186.66006371785357,191.95249841496587,184.2361731863465,173.98258743854998
135,1998-09-02 18:01:13+00:00,,,,,,,,,,,,,,,,,,,,,,,,,,,,,,,,,,,,,,,,,,,,,195.5656006353335,197.7607923210549,193.79560039723106,207.64431319625356,210.46708122911772,206.62557810559719,189.26187764928892,194.72151012934933,220.09036343719873,224.8684669848064,223.7527108022615,226.65626625669307,222.9557517617774,216.68474540603387,205.651468474549,205.3947774222967,201.57410257198035,202.243375535287,191.678208399786,179.49181683281017,181.10223591737025,171.76314471953162,173.4022994892565,187.57595769159482,192.58115183751613,203.61581408911275,212.330900707279,215.02740556478707,217.76090041318355,232.05162041543815,232.0531305814356,239.672055694089,240.48828385206986,240.51518045212907,238.89301122519373,233.1985296187195,236.06896102899293,245.37423710267467,255.51324585042434,260.1352151532291,262.8183187730473,248.8197679433576,245.9038865684135,245.7650747855925,232.6383184067968,227.527488365262,206.6316939227021,211.43677232462,205.46984793312654,214.76062463575374,214.12657056627296,218.93143108703327,231.05551259724962,231.80465963758334,239.59109430130246,236.39718940188834,221.8469569051381,243.1144460851495,249.97374973345876,242.96052736550715,237.81455438389276,230.40191234122742,230.5792133001515,224.40202364592506,218.94675135631968,216.8407612353135,223.12125301604945,223.89866051392912,214.81929190765686,202.5524134883458,212.96499643750087,216.2874093032445,214.89534698236025,223.20803806379922,226.65888189413488,227.65605249246772,213.11439475799824,213.9064894151223,212.7008522979748,212.59436745589824,206.89926609480233,213.29117838077298,210.89075912126071,195.97584515929006,193.08077015043736,189.3371037309132,191.35036960073435,197.4853206735013,199.63915683701237,204.98138925960586,200.42437466901532,200.4740110713177,213.3032047089676,216.71357039475396,209.99312675646001,204.04490989139813,203.6350715704277,203.96309049567134,200.96609713429336,194.92507899067567,197.96644628273185,198.42920686790666,201.4973258937275,198.74846531048019,187.90575817214568,193.8834680244827,192.19153978040038,188.42931947610657,184.6958308168991
136,1998-10-04 18:01:23+00:00,248.12216406431568,250.03285737860574,242.323696868914,243.5567427427589,241.56141819627783,241.03895519000537,236.23425700575365,250.26465047013386,251.40622892723565,251.3291544309726,246.2049896078287,238.6287706957745,227.25198675035318,217.75241762919296,215.79614932337054,215.81792780702813,211.2226041687566,208.4936934456387,213.0341839828958,206.90688064319176,203.2520713860915,199.1479013205669,194.725498942898,192.06137546620852,191.14458460217432,198.32490544381113,200.27409460737502,206.14920409029645,215.8764472172005,211.98569134274243,200.06555767175695,197.90269911911759,199.7189471868063,200.25970545758486,192.9210022020182,195.50050658647714,193.80054376970827,202.52984392008239,193.9117169284528,191.7810610000666,196.08292219640623,173.81645715412998,172.35535489809905,178.2620227419959,183.828918214494,190.5909971397254,190.45711808205652,199.08159208403157,205.06686588204107,201.95404927210143,191.12142037124192,196.4209067560186,206.92064931819306,206.67416621297292,223.83339058287078,223.7343571823041,217.77092352318843,210.99735098186187,201.9526667591038,200.99762315232212,201.89934127655852,203.45990076910385,187.3677184717183,174.27529587249276,172.90914402553582,165.00034880485254,166.26206635700984,167.61518803645617,186.76018995394642,198.31582300883474,206.479365264086,208.11953356989744,211.54283966989442,228.57017186496404,227.52739438897163,234.85945335296492,235.38724066161484,236.19679573269818,231.9533666194652,214.1619284038526,221.9563502282316,230.64883438240764,239.40443752778532,249.58100274345117,250.08338390573653,243.29124539501288,236.59574187516117,238.2392132565153,225.25807736116866,206.90919412323944,198.64303807223015,206.21087013589113,201.25778489325512,209.0455484121068,202.90756302744137,204.2466478115702,212.54864644956925,218.94721465886047,218.4143008322795,219.2391012052589,210.01850184503678,226.55601676436896,249.54583476632772,239.93956930673215,231.69771665287973,219.63434566214278,224.87929937163318,205.7454583781303,211.94895480648967,215.774908935353,220.33219893720445,210.7381220171655,196.2779352337984,190.96475127976723,197.7707284550795,205.1827318606434,201.84420146271984,201.70838542693699,209.16248573502202,215.21480345952497,211.39974364602506,204.7049785682288,198.29732073516732,187.7187862973175,174.69505437411948,188.59121964324186,187.97653112386854,181.53617581956075,181.46136620218118,179.01436909618494,179.9218828539336,187.08975184049774,184.9834913350785,186.60944445543095,188.51955790221123,188.12165639001768,199.18115358106814,206.18974529234646,193.82892818100527,190.2688287233547,191.05711473753644,190.18300936772727,186.32889937210263,175.3897994001368,173.6746661212749,192.5445323224032,197.8396220916478,194.4201619957242,184.6858879044525,187.97472100340474,190.05045267177826,185.3071427308079,178.17467077415404
137,1998-10-11 18:07:33+00:00,,,,,,,,,,,,,,,,,,,,,,,,,,,,,,,,,,,,,,,,,,,,,,,,,,,,,,,,,,,,,,,,,,,,,,,,,,,,,,,,,,,,,,,,,,,,,,,,,,,,,,,,,,,,,,,,,,,,,,,,,,,,,,215.379249627111,213.68402125868818,202.51891403917136,194.67495364667445,192.75578295198096,197.47623013942834,203.6790419985529,206.78866939004467,210.33573444545164,206.0775305952672,214.91559393687714,219.78492442311642,221.25938537461607,216.25297399393878,207.37992935254448,210.04314374801828,219.9209477836502,206.62517300364271,196.4772926205453,196.47711996848864,203.8097395720827,204.09524798885246,203.61022478966345,192.89976127320102,190.3928658664576,190.9291314562475,184.21551996814608,186.2527897605613
138,1998-10-20 18:01:22+00:00,248.56206290064168,246.58722601590486,243.20340329354843,241.4249115834945,241.75543930490005,240.87404533736049,234.08467176958257,245.25983036449958,250.82672905750883,247.80380804034718,247.57465207971578,240.0163286655639,227.92775074366457,217.29720456686266,211.05461931664507,208.93855596897865,214.70027083757745,208.30265225716465,218.6243830246427,211.8971157131483,204.8828984762485,201.76584843206538,196.74247026579673,195.35040074657346,194.7915021284449,190.83027352321938,205.19340270983554,204.67004665161875,216.9099678138062,206.24179982297244,197.56357403440293,189.91871385109076,190.57496358437183,186.76864070669373,192.31587355166877,186.28031614675587,197.57523725523993,201.57216883949326,197.28262180803546,193.723967694452,196.80294850593876,175.78796072294807,180.07387681840888,184.95591614657258,186.08117607141776,193.2252183779894,195.73182965137667,208.70907171114766,211.88715607181098,202.0018018134452,184.62422738583462,198.15777712783034,214.58708093220696,215.30155968353228,210.61895497928668,224.74632364860048,217.54905782628208,213.41930496565777,206.1612992794423,206.24006728869352,209.75329262714928,208.77214198783764,189.5293343953466,185.4280741809633,187.77101546771775,177.6454915063582,174.81487001756366,188.42662893840762,181.62102492183516,201.29156269226655,205.44769762072588,203.80347462127787,211.5749249503245,226.50486861875555,230.7281694161212,234.35558328651763,237.27485280022427,234.21167140184255,229.40082206385352,212.19550981409824,224.36364679765165,243.61680907157967,262.3243387596301,263.15382232254706,260.3314059514747,251.8233820344462,243.70917439279793,238.96016090413156,224.10383276992678,212.69847337123022,206.3210577571003,200.8018118106881,201.10781157004993,213.0500340331297,211.95144159804477,216.84361578406674,221.68903893209796,222.6688683732464,222.0612093885634,225.14162620496523,214.68994646470034,242.76909292883389,250.59296526049542,241.50802181391697,236.84735094448968,221.73634445273373,224.81452153900665,205.4701785190443,219.71340130600848,217.80214799725235,214.5901526025816,213.000059999881,208.43282611269495,193.31086185902734,205.16357114888265,210.6979895304276,210.87052778778366,212.31302676629372,218.91740670683816,220.7528553281225,213.44202197422436,209.4412818552606,200.37626538893588,197.7796723624936,201.7758532400038,210.69821334120974,210.6234645314468,196.81352158288956,186.90197760592912,184.0019468129497,186.22057622180319,192.52626871000547,194.41735990347854,204.4792067790853,204.94731121241696,209.71891576111614,211.35219255107728,213.92532865513533,218.2391266282548,207.8219160376503,209.42867943416718,213.73182062434455,200.28064681904675,194.92867553068106,191.63325391169832,196.88126279462256,199.56707600237638,198.9102316709757,181.6722482825935,187.08437812567192,187.4725771287663,175.2809870988698,167.61404642661972
139,1998-10-27 18:07:36+00:00,,,,,,,,,,,,,,,,,,,,,,,,,,,,,,,,,,,,,,,,,,,,,,,,,,,,,,,,,,,,,,,,,,,,,,,,,,,,,,,,,,,,,,,,,,,,,,,,,,,,,,,,,,,,,,,,,,,,,,,,,,,,,201.71106783456,208.29113633545552,205.74445035667537,193.11457295195788,193.398738902973,192.20542645670002,188.0993409192273,191.1367066014624,191.8962742413455,205.33770854468779,209.38934322160262,203.39967667024698,215.23626045703196,222.66947796015637,216.4533584299171,206.24155170903998,207.23248447166264,208.83768871222898,201.02323174434588,195.01957802163687,198.43297541038626,201.72111890389021,201.59543771982777,196.66934660009417,191.1775393223196,189.59436683471438,190.71156145966322,189.2751445050255,186.28067605814874
140,1998-11-21 18:01:35+00:00,250.05699210147236,248.90495994815245,242.80739841665616,233.4778698709539,243.07276859638299,242.27329837888416,241.42866614781778,248.00014172087788,247.39228591037937,247.17100268638802,239.88498992497279,235.5120427513708,223.60691107397105,215.34939726953925,214.29729161415935,216.74411360984686,213.17346446603642,203.75149377834526,213.8063072705748,206.35276644942542,201.34071915516117,198.72971046997196,191.9535923982839,195.62777206002522,199.46249590976277,200.06659224667382,198.9686330924752,210.4175068662201,216.48256400683408,204.90418882579905,200.87915815872023,193.5176331319144,191.10728518996865,195.06625867172147,199.3515253107483,199.293674012908,197.12680290008694,198.6208333635153,192.47969881334265,189.8584561028465,189.29643585374237,171.76865227048023,172.98771493518797,199.80502811533415,192.98151624249954,192.4289436060874,187.31567816128967,190.08960941148638,199.04581067252008,202.22451603579304,195.589823167757,199.69130212989842,210.879285474184,220.1193504114568,215.1332748196794,219.6262247549846,214.68617348345322,209.32272655376372,200.0321186241311,201.60437491466377,206.1565471265352,211.15754302374006,189.17176386954566,180.69916631776272,172.55524548849777,162.62296143192626,172.06319328936496,185.66463955553579,184.09115927004297,197.73071914309048,207.36084591919314,202.2513439487289,201.9902653214167,229.04668983299604,224.10196920240156,235.62607113290807,239.79803668948367,233.8249635370683,221.19987860565124,221.1055130036127,225.41789591881357,232.7725670875397,240.25041939490563,250.02183660553123,247.4212036559781,238.38445789219674,241.0822735638834,241.30196962589207,222.77491829825436,210.60748669092663,201.69866118650378,194.64304720292802,204.29261140616157,205.0051132811895,213.30581392490132,218.14466857457506,228.63463842780055,230.93246784870104,237.64345714428285,231.80680306075737,227.03646616269123,243.58954220227417,248.07772873695228,238.1772866677938,228.00502328332175,218.22683589135556,216.40722120967973,201.82440087293728,212.6245296377594,221.34594786892555,230.22851604182003,226.1622667315379,215.29892693437557,195.41281825393705,221.33750332522817,213.16134790027755,200.91828725263136,216.8602759523653,226.94735964117154,225.8095772991125,208.81297965344174,211.51951845820824,203.9335870247225,196.5851015378184,190.7440766507807,192.64134240863712,196.67667684103805,178.83823445011112,181.39401081315464,185.54080839260612,197.47335721892009,198.02175289848478,198.50576509998604,205.45900967148106,208.7595541497846,210.01874991014316,209.6897149514379,210.45730091015503,201.24379575530617,193.44728257311925,197.98270439448567,201.24029681416226,195.93655265748947,186.60078260539217,195.47595146409827,197.95100815074989,199.32546860228854,192.13406994916056,186.75831932926027,188.4772598865319,189.35088316022248,179.2357789410453,174.64163849792624
141,1998-12-07 18:01:30+00:00,258.71827662694557,257.1516112953726,250.61472081985406,241.93239783468607,242.86446563637287,241.24011140991985,236.13364347280853,243.82303848038495,251.73307220457508,246.0253424879334,239.40312821188013,229.57762972183676,220.69562107838433,216.19181808448045,211.91250954193072,211.14901083705024,206.31614655751773,204.76029647528446,219.29304589340043,211.5704038202048,205.54674871517523,202.99533577511397,203.38515806937477,199.32785370822978,207.51114279623732,197.1916957908802,199.93009278890037,214.01637340534145,219.94141470898649,210.02907215112106,209.61151596741536,197.5450941843673,203.56818521018687,203.94182056365304,204.81976196817266,199.61556843505895,187.87201076321256,204.79136233471934,199.05961381148563,196.75145626341072,208.82604735787393,199.14867857123022,189.50433144488176,190.8589114783327,193.85196321850884,182.5811595135254,171.63933735768543,189.62539946387778,206.0997714823048,211.30443446923812,203.78997875130239,201.48877313860396,214.85876531341876,208.65046828939586,213.0067073196036,207.74258639340763,217.4206894622214,207.96814217505948,198.44199034749687,205.05568754040644,207.87202344212642,211.76762727188301,202.09153650897517,182.92641953648746,184.79672352899735,181.76243023975232,194.243333379349,172.65244039163036,183.6649304462505,197.80572678296642,199.3132489159305,205.01669565888176,211.0089793519304,229.4333978603517,231.84823867073356,237.08410273731465,233.70334155553644,222.3264922859781,224.49325751431434,205.83131624278928,223.59908485419925,234.69012482195006,252.82139038088616,255.89327463732062,251.14675578655996,246.4190127129977,246.98529614452505,245.1372739000936,229.2502228191886,213.60596718142824,217.84051421011682,215.8291799114082,226.53043644095487,226.97542184025065,224.8094936180139,219.4011689060562,223.00203699081916,228.65590413019407,231.5642684292459,237.1079595351241,232.63071484988563,250.95280368134308,245.19666704498695,233.26158631504921,223.0534125474967,214.24143041868706,225.41103206537275,211.21994328953713,220.83522747657344,221.39963325732026,231.2348084665141,219.99312476391032,225.46153125061812,226.95117873235702,224.30707740650917,211.64621376104606,196.2362389050746,204.547803819762,219.09788779562126,220.7225630730057,208.01222778185252,193.20544351728546,192.6108127652016,189.43986196354547,175.98074532569723,187.608559715836,189.11951651780038,181.63361280057217,185.37583245449866,182.13464056869245,187.32920006247537,179.20879963276818,188.88710688223276,190.03138040468858,210.42851172150702,205.74293944787559,206.57080019324803,207.08384248797438,203.69786134480728,198.12544504552255,198.16464776012657,206.9357689130174,205.12006404395547,194.1644547451559,188.10056005794533,188.47500302794515,187.23923632512793,184.07904833703918,186.0090290858068,187.01511699309796,189.58740540872952,179.82561766206646,175.05846307158885
142,1998-12-23 18:01:36+00:00,256.1850190298841,251.39921974663673,249.31936463048294,239.2434711637256,241.6970657146893,239.26659382038235,244.85675544730893,251.9310499686068,255.31711232115745,251.47054922729234,249.46779911118747,241.853733743788,229.0746415983338,218.06525746384816,213.7366021839849,216.64213196208922,217.9173675057079,206.95814164698385,216.40620495848572,209.4603412338513,202.3182761181523,195.68096610363153,197.44026891455323,195.94617464762285,208.5597081157213,200.77190893268522,209.2135303110113,216.0665525569744,223.9214802959468,210.51393955442862,213.2324023747675,201.81980842099995,205.18367859627529,201.39018447954868,212.67979171397332,204.53996800867725,203.6132459041442,210.96746043125876,208.7505557023411,206.32375087425052,208.12826568094798,185.74767740774877,187.83670243100983,195.2212626048481,197.79736493333473,195.74089869990394,191.52506666034782,195.69924714579957,217.61633008798864,215.9945306599835,214.67861278125258,209.7390064161505,218.39868154758784,226.58513566675555,220.32195182679214,220.31339216197188,218.2790674221647,216.7603107895303,207.09613803390866,208.69171708923272,217.95411785753106,226.09221852138927,202.35565597734418,186.45321492528456,181.73742442060765,181.36569963450438,179.36745768776598,195.94727193373038,193.726874375031,198.31633777020005,208.38109454622884,198.164384900732,208.8755611213118,226.43203270950366,234.97097454532522,241.00589888669066,237.42353271657515,225.7134044538023,223.32732257250342,216.1929612321204,234.15708974834317,241.85253835281216,253.85015857294897,254.86388715921106,254.45377274429686,246.91215714035883,244.61295696771447,249.0616728896706,225.87937863967753,217.8261964066527,214.95590538680614,215.51715140061782,227.68256426008185,223.25693871720398,216.97610230330176,223.3387190612606,228.78844978014484,234.3810136622906,236.86372528560838,242.90232456881571,233.4345833093292,253.06892459586751,250.52420107045455,233.72852915098466,227.3170978286435,218.92350060773418,226.61172938234762,209.56358904047016,229.90776859244323,229.72856001041626,238.2152143687019,236.98042204390265,233.424239967261,229.74400145276303,234.11591180540034,221.37319162525552,208.16167647797047,215.11284630999236,226.19282916078677,229.6789268520484,214.4927438818654,211.3374681450803,207.07183893948923,200.83568380816456,196.06154053422438,194.42600272392335,191.81691219694227,184.98087364558225,183.07527258776466,181.00510964973114,189.65342689808114,189.97051173195098,194.58304995699243,200.40618613926353,211.51598536773957,212.0470503257708,213.30728504814152,215.87828849031033,210.60495133670497,201.4989038100078,199.4499670096898,204.88036840209304,193.84793894702125,188.57831142843403,197.65839997454935,204.7111035358925,200.70154940702875,197.75350030168124,189.97236333341692,193.24819942323074,196.60540128131032,181.66865112267558,179.41440547677212
143,1999-01-08 18:01:35+00:00,262.0208639962475,256.6743237965503,249.41450022330974,248.76209521275908,247.1775925563747,249.13271243875687,246.05091676668127,251.46172292474174,251.14485156642345,250.51041115802767,243.10637945555112,247.34835025028283,233.30604308112794,227.53187958841923,224.05365712379532,223.83893549024847,221.92768114457124,216.82876738177197,221.91633943247632,209.70485727002222,210.40082629247146,212.18412076837822,211.63869216824327,211.37878280356736,208.66264428595366,204.9812201491418,212.12769739750956,216.61090323014096,225.49370907788574,213.34866729852382,219.1160367427843,214.52652196791047,215.3673208054288,218.0470862452203,216.3598760020203,217.55474840574524,208.14451364979894,216.86605061019227,209.31287902558356,207.0618148114511,213.5055277034976,193.88170869554725,187.94058769010758,191.84526164227634,193.91820032826584,195.14706188917194,185.203378816132,197.84717182026998,212.47796203039533,217.21260655000566,217.91536914223485,221.50743923106432,226.93974612385801,222.74641800875148,219.2781594061695,223.10360876220346,221.13552020086343,219.58661297058012,208.75631322246443,208.97228035968146,227.53409298183718,231.1786443689205,201.11149640411242,191.46349217134275,174.83203537137703,185.1408933609527,208.50149915629763,195.63994066342008,198.0002802185947,206.28596743259777,209.73586264072932,207.38512387976016,213.2441593033824,235.9222194337944,232.53079291316686,242.94346886570128,247.06060580519366,239.9237361703715,236.26829569910456,231.50795023033004,237.47763187342463,245.0001596159856,257.40882247433893,258.41793005538295,259.00726379879694,252.06866157059062,252.26937317196558,253.97361397650613,237.27466145243727,234.6425354959597,229.53241273812034,237.2150386572004,233.00747625184783,235.72502966761994,227.75479832895314,231.7054658182559,241.44159552402522,241.42278995462945,250.23045822827092,246.56869270660587,236.01221355574313,248.09384943907042,245.65693608853167,231.22800680779233,230.56403533623262,221.9801585433168,237.24177223050793,217.96413908263713,234.65657864988557,239.69892202782583,244.4793818136664,240.30607951617156,239.06173558247485,240.00129372475564,238.13168448481272,221.75842574770226,211.52240657337575,216.42038602438583,231.00927945999737,226.29307755300255,222.30986594804983,216.85035901023505,206.63028785136635,200.44039771088615,200.02252928582308,202.18098431613606,198.7309130674084,190.99418879394977,195.03635581858615,191.16398102313204,188.67841281873513,187.3168010680409,187.54479695862406,192.56687731499184,210.79081858135694,219.2910394165399,218.81734624533337,220.23127757189098,216.20024975971896,209.10316687415315,207.56579254597648,208.32352523657153,200.61939376432497,192.11026284933286,197.12914286461083,203.20300029432252,207.28066500820643,200.71522248924143,186.68254224723867,203.02826683261083,207.95609460117873,190.70676006912566,184.58760518501276
144,1999-03-13 18:01:35+00:00,268.4528264477454,266.84318091602694,262.81261651342174,257.7472326097118,256.0898347519993,255.6009896186214,251.09764167268838,261.0093337160275,258.491135670969,256.1512741011552,250.1871522244806,242.807635669229,226.12543404176046,219.81500773947317,215.2953212229645,217.73667759852862,214.87156047387003,220.67755754371683,231.82491620469247,227.88778654047474,213.7157575297923,208.68172471126883,208.13167229608882,217.96486383586065,208.46534602537136,206.91594906447799,204.20511702914587,215.13524844200214,220.34079218276523,216.079332966221,220.13154243928196,207.05881324082867,207.4519765380233,205.97878759425953,206.302783926068,206.32635823394813,195.20840995968445,216.27674095344997,217.68750152637205,217.61195699822616,222.5463079013556,201.25216643372318,196.2302840274722,197.8936521863172,192.17150385054558,187.7949151682517,183.38575272200944,194.18071794502876,225.3601355006361,227.21209704366754,218.14056703770223,220.95627384075684,222.0268596510962,220.54197960682862,220.49279024522255,220.17365660212823,222.2943308761582,223.27856211149236,211.8309592628222,201.48556915473347,210.47260613714184,212.88386186385065,193.87333674166166,183.96353232729913,181.7464353890378,185.23975441167633,194.41921339469738,185.2821795547234,186.37380515907205,198.44783741842753,198.62379363873208,206.62244043577633,215.93051102528864,235.23774295304963,245.9162748955597,248.33664606774784,242.3926151325556,231.12216944126078,242.64532596839427,236.20645632846157,243.9740672038625,251.01303692788673,270.0791135229015,265.0488979094589,258.5759690021105,248.69944752453995,245.56664044832033,241.7546217643809,234.80352553785593,233.10238631333198,233.78570419423178,236.31723008541914,236.8954974075367,241.34053894112782,233.4710125413749,232.4726106400287,235.97452942023307,241.77675053288442,243.91324726250582,244.95325590878633,233.92013074268723,251.09512424701103,243.51043792244099,223.57035762904025,231.3067526965053,227.63058376908708,243.77861525357355,228.58275780252336,243.3421418897026,239.9666095103633,248.2900624346107,242.31981258903102,244.04027400475246,245.31328230007628,250.38497829410278,238.58599436007626,226.10076896266833,223.8075325777319,235.26209608297358,227.47799030357785,218.8152922088452,213.0826874556554,207.1492575747415,199.850958068377,196.61374447238182,207.91330328765193,202.28710976015867,193.46876441560633,192.29406414211738,191.25463236670498,189.55999899583412,189.1099520832481,190.054844778531,199.439456605452,207.20597750263394,212.37478975556976,218.13653685859876,217.86091942485416,213.04085873156555,205.61240213790842,208.49236523893586,210.45810344883228,204.8985487250926,199.53929580410812,195.23947512756922,204.942507106908,205.37761980287985,197.4906705976528,196.26625003945844,204.32877169977147,200.4419705756958,189.41094955100374,186.1263553012273
145,1999-05-16 18:01:00+00:00,,,,,,,,,,,,,,,,,,,,,,,,,,,,,,,,,,,,,,,,,,,,,172.08148590796296,176.36224529607,178.53082975466725,183.81190108096501,201.775522016888,204.75734108853658,195.78257777345624,193.40498916214165,209.92978165440428,208.08838834272274,204.2012179355957,200.48133411689702,209.26614580162462,207.01102109158555,198.19558084012135,190.32248241806735,201.8957382602812,195.09113528754114,181.27758231378357,176.5599280584568,177.7490069982882,169.60466518700952,161.56007360722845,175.6969881316915,176.89870751520704,182.80674844898792,188.81948566530116,203.78360890129323,205.39973517414126,225.1800342475898,230.77375819934787,228.3497133930775,228.28749752539926,221.5799763027229,227.4666277622468,218.57172652761406,224.61909953615742,233.22440084326357,251.51153876660018,251.6982328023117,250.04464727723325,234.7281829763154,231.77734060005594,225.51253858272634,221.09798854780942,222.55123979421592,222.87389278802476,226.9320367612526,227.163593137462,223.08285418324908,217.2352533821783,214.62497276020733,220.82811778168974,219.84654814367667,222.8441230367161,218.89569867240212,214.41764372639375,227.07290406737076,218.53049521937268,203.05805724068853,207.98452725762036,214.8249029059103,224.67694875959256,219.09890534913498,225.73622384447842,225.5648146374165,231.88037130135848,230.20867524716425,222.57073699193384,223.86246261861675,223.80745539095759,225.40327632140117,208.97382348807344,214.99711010544374,218.90100372287174,218.93137969499793,203.58272768923285,198.5885986324519,193.5686451323245,185.6192502364225,181.0456893896404,193.4843794941968,189.54683815517384,174.21443745439979,175.63883059142864,171.3050866930391,171.74846360291298,171.80069233068053,176.73173086261602,184.25786478125687,184.95797943424793,188.82805875607687,196.0578267849385,194.63562937761537,189.25918271918428,193.508191438675,194.2508564073273,195.04055762761027,181.89171551962104,176.98220208118056,176.75647473623604,186.9593010364082,187.59593460897332,189.53787793484534,182.65482548252862,183.47194901719672,182.73943328227693,174.0940802041828,167.01495704935576
146,1999-07-19 18:00:16+00:00,,,,,,,,,,263.2412388831699,257.56557499966146,250.79560103840072,236.92912896758094,233.81400839692643,227.6756229050369,230.52523951880647,221.3946723977345,218.88544631509401,226.77221223882103,224.64291494305837,217.11142799564084,211.26699845837373,206.98001471784457,210.77310756716201,213.94192014796732,212.57261615557243,214.43193239914063,,,,,,,,,,,,,,,,,,,202.91115651740074,208.70018517027233,213.54965175635394,217.02171156590524,,,,,,,,,,212.82548255797602,205.8735621064033,211.08802759481716,217.68523259256102,198.9483648438426,187.2009997699401,186.54222610952866,173.04372733298814,175.40076157561975,194.55893920955415,206.41177166307247,216.43931938744163,225.78355127943482,221.7614929573873,224.21329074667517,235.78311557945608,237.03446311267587,240.621368020468,247.83097268995905,244.16229615112928,251.316746647985,235.87363036356913,229.66912898399863,244.5797171560464,258.2555578606483,258.4526957908899,257.4095714615444,251.8640014194707,245.18712893704912,255.70093357442087,238.35598445862246,239.64144058527597,230.75009184493234,235.64006855443245,,,,,,,,,218.86010659692363,234.25397098184925,243.14563307711396,236.9324222702071,,234.13005488829296,241.45061187587226,228.25486236100687,241.82566721940287,236.11642514235314,241.8268976948113,234.7877670890113,229.88237635969602,222.71543108712632,227.95110840904383,237.45049061793392,236.29598803535595,235.5696816384186,238.39327994172126,238.8758308063296,224.1536346373583,224.27439298731025,216.51903990594633,211.07437561920568,209.3020601435844,210.81767847003553,200.5195372893016,189.79690082263568,186.65042088300538,184.29606260110626,194.21743925837617,200.65950091060546,208.97944370325743,210.9548875799457,208.09978140197939,205.2362139911814,,,,,,,,,,,,,,,,,
147,1999-08-12 18:15:26+00:00,253.80135321464996,250.44521770922762,247.22257811808777,247.58729482351268,246.70880727152812,251.7746681357233,242.58457374397676,253.15945942486766,257.88334134170873,250.490154448184,249.78057410766874,245.77045922135846,231.86565665502917,223.20994269831772,220.86282272318562,220.03875306826654,218.35339336616192,213.61112816124142,225.83538858923373,218.47189052607735,215.12157212466298,205.01610372190413,208.9558650297627,203.40880349576287,203.69976552770524,209.39978876910834,209.44350547777154,220.76644648113864,227.1537903132963,217.9092967334161,204.2141685341265,200.63989980305013,204.96046883019665,203.47997335106692,200.54933063026914,204.30220599170735,199.82290297413275,205.31320906947204,202.9063576837928,199.853328858991,199.44916107207928,180.9539422520171,188.46669930749744,185.2656602989835,199.11701398727217,198.73317155795309,202.1286716540094,200.78235975511518,207.5575961701881,207.23559472763307,209.58924219486755,209.98503190218636,226.8463520124596,220.975104173021,227.74619533312554,222.64164835953466,220.71838621182803,212.15900119484266,207.0238966518234,200.89870355258824,208.20984509837461,206.49966819619996,198.8025555941893,190.7970779096814,192.1848322287183,182.74789056630536,183.8671513906875,207.53046035159224,206.30780861201535,213.00057309732856,213.000656361163,215.4063244615456,214.98963231741325,228.09591824484448,228.96568416303737,232.67869545445404,236.88002055161974,238.67896309670573,235.05066553346768,222.00926760871565,226.2168774895644,240.8031697768435,251.6987547384384,255.5005644665385,257.0764206473887,242.03179320186007,242.5073766933353,244.30297340181806,238.10855043999908,226.55365227078997,226.1935429146116,230.8707409466391,234.01354473392533,234.7064996705132,221.40151077945885,225.89297315454166,223.12809149591448,220.34537828665904,228.14861059515994,231.32646450035367,225.6619738011811,238.1959462501838,244.50170219313287,231.37536184482082,233.7398653090806,220.28776056877948,232.2487616387263,,,229.94782897330003,233.71243668370687,226.33634754799237,227.13131996317992,228.23110761548207,233.22440075117373,235.39783783977376,232.1107110914719,236.48396354102977,240.1181709039807,238.88545189787234,223.8556027888376,223.0911468425503,215.26737320211956,206.98412694124144,203.38553689242147,207.7109197502541,198.62618108885744,186.21758376127394,186.195380042978,185.26756577076188,190.44404216981883,194.32316546480254,201.81334252459882,200.52951908224045,201.80116457709738,209.31667494336642,207.60618443299964,210.23537488648063,205.94103077458902,200.94225107222434,200.64175540112143,201.2483923279094,199.05778784847143,189.2248776935116,198.24020332649323,202.47508092652737,206.2157108502974,203.93335455987523,193.49494648098397,203.75724068697897,201.7080961504055,189.8482548972782,176.5222861989248
148,1999-10-23 17:59:02+00:00,255.81722596343167,251.51631022602402,248.50873792611006,243.8654616427087,245.3891462460998,240.20679633158028,236.48279769847815,244.2230870477066,249.4101574646359,252.6550508969014,251.7465040385294,243.80651386384073,230.53142264207213,224.52164279238497,218.08071520112682,220.04270348626153,211.31964481669036,213.68212690648375,218.8939156908206,210.96498372037735,201.5465801245473,198.81622510902451,199.78426454094824,198.0885368646014,199.84397136682702,198.0815960086905,193.25692503766072,208.81257719731659,219.806215869438,,206.20474657285646,198.4313355019499,198.5346047626822,195.4605823683439,195.09830585281875,195.2172613716649,185.49675197561908,199.7180765035489,190.09084609272458,184.96402806648348,191.03428324206104,176.16465504234677,176.49689243326515,184.59536935559896,187.51619308117114,189.08065443452386,182.45953949489063,203.2407015676494,207.64469193957714,202.80370351058585,190.91532094100194,195.75917808546876,215.16019519518915,219.41963842216796,221.06560625546302,217.72389647806548,218.19392240993722,214.06464372661713,198.7323923047348,202.2253813959879,206.9865241454783,211.51275478650047,188.35188258193836,,,,,,,,199.58738968238367,210.14300143379046,213.85579514552245,225.5736388883882,225.72517787162164,231.0156740602327,233.84076659116843,230.44493772051408,230.15873633110846,218.16354061383146,225.6924974406666,234.74160036114887,251.52668988245642,253.08709867843228,251.4319714322944,247.61918872984808,251.6570580498112,254.15379831027798,248.69586438332723,230.68811392712178,229.03303119450203,225.91721501091342,230.46501167486153,225.64145317375147,223.39483665710873,221.55191138225555,216.36579690701026,224.87180754096212,221.27909012883725,230.36918549419119,216.69136743068373,229.33391223847144,226.9648866524626,218.31698248397447,234.91686858678239,218.64726055253402,224.2026639782595,216.2366729045002,222.89755051054678,223.45707774172328,226.42308648371232,217.92891173474305,214.0013651850045,207.80864530281747,217.73759523729723,221.30021194380382,217.99193857960003,213.03411783175306,214.09306943056612,217.83114721372993,212.39408879785077,200.9916017924046,204.5287175652959,203.56406591663838,205.38407977580067,206.18736466665086,194.90485782185252,182.17101259484238,185.21284561143077,183.4590308070238,184.70071206540317,188.92629621708312,201.15391712193033,203.69025315454397,197.4331277201871,201.0211852601476,207.0482567657957,210.22708963844684,204.8803835696872,196.29937281982845,200.61880998320203,202.78299369999095,197.5215230506704,192.03157046135453,191.0017217827622,200.7724796895234,201.77693041617152,208.54363313467633,194.17655080004195,197.06690065071982,197.1111865782014,188.17762028239133,179.23235071402735
149,1999-10-31 18:15:26+00:00,255.19353009960517,255.30088650147184,252.79602601859267,250.5829870341173,249.55358235574576,252.00439895474366,242.54470193860675,251.4352905186502,255.92194379638596,260.80996561122026,253.14350000973064,251.96840666613213,239.70231137341221,231.85152915220658,226.96342407322263,228.4977405773604,220.98836450075572,215.0806438734109,228.04740562177835,221.67003474002996,214.70230549907976,210.19836275496243,206.69624376970634,202.68012596538642,205.41154055978646,201.0277406948855,200.4567892198366,217.1088778575999,224.42854010720174,225.0326649217246,211.6897947188384,208.14070093427864,212.3050674988511,207.23048158162806,202.46940768954414,199.18840663515317,194.95620402610248,203.22661304989305,203.34182536149723,199.41888005439748,200.4683216126794,185.85962399938657,187.0652833312704,187.10070894922143,188.82417707996888,188.66364729088593,195.5026470616434,209.58235412045022,218.02140675655988,213.8087350705558,202.29447897174268,204.780662634432,223.35143322650305,222.90017276316783,223.76803872847796,225.13527349444698,227.7627180243618,218.24489191122527,211.3868608228858,204.5822253875613,215.7609820571671,212.75949789920531,202.97773778627865,188.33675479166538,191.65259345328468,187.8331721190982,194.8395627774663,195.63596504737737,195.82106738350532,203.1454963945559,218.071140209274,221.54036386870726,220.83927587996197,238.52565528363272,236.28476522593087,243.64727406604618,241.61797884192592,240.76323126004112,239.32576197926994,230.42913921577758,232.78793735753453,241.99314409392383,251.01414587208876,259.3281315473987,257.6758560497688,253.52131340241826,257.4128596524923,267.0639586631786,256.55476208523504,240.14696224954895,237.0392477174204,243.73786632883883,235.41780825870057,239.18727965582445,224.23213976463805,231.33531319456176,220.29035998691637,226.1615868275806,226.84680358429017,229.1474169457449,223.73105013753022,235.92629571112172,228.3245512589486,229.79650003469,225.59184962126676,219.69239792489438,236.66876194637604,,228.33992878196204,230.5815405185411,233.62826141383627,221.84857457643096,225.60631055650975,225.18785834972738,221.53593519237458,215.9602368904686,211.00605728006718,214.17060265244174,224.88486360402476,228.82288180701718,216.22744815303767,211.2046144089621,215.55158213792743,210.7828212658072,209.1094713186458,215.6765276357441,204.54508370442952,195.08593524123145,199.74040069827456,196.30037289500217,194.8148357190461,202.0056223642018,208.63810449292365,210.48609332727102,210.66173252055017,216.32270559497158,216.4567023191071,221.56270137678712,213.12594429038631,204.13383901600923,207.67286242650715,214.77327992956845,208.06924281431262,200.11236337580766,201.72405977568803,212.27692758807336,218.2712572483031,213.81169076651653,208.24019949389583,205.41242118137956,205.40319384587224,196.01665873341958,190.11591029393844
150,1999-12-02 18:15:21+00:00,258.6301190657102,259.619794744871,254.4617822246293,253.02487387975881,254.95505475030063,253.56143137526252,247.88971315146753,255.11914930270802,262.22855577304557,258.056438062904,253.98872000310348,251.1213017813351,237.75156772708237,231.19796996173625,224.88947012095375,227.40681490438678,219.5558063181833,221.36040856964968,228.89894375355163,224.9197434843341,214.02051677504636,212.17025966332957,204.78362962489587,211.17650564624532,208.96121401990513,205.93384838360055,212.67930814801554,219.89780366049092,221.99426065490945,221.26979483062587,211.8089703335716,206.1286100480969,204.60296923682952,207.1598949907668,206.46332456467945,199.57228238468508,204.18341755700465,214.5487722362403,210.51380159523546,205.39312287156514,209.04693813085788,189.90205673608838,189.95870963134564,195.7321801966396,196.5028734723811,197.23172128438074,190.45356218122606,206.81996633195416,208.52047659808062,215.72630514404915,201.84582189360543,205.61157329524724,217.49140907675786,220.09107855932194,218.7031400614701,233.53365097081888,226.57402255636913,222.18517756946596,211.4164203153502,208.32377945190473,215.71035493898293,216.54911681202756,203.2575469259234,192.04247152983444,192.28393262036803,195.8708952361618,201.1600753685683,194.84759605724443,200.6121057932762,215.55818296762965,221.01401093680352,221.86445499097928,219.650975888075,234.62802027631687,236.8185453614092,236.3928891643362,236.80626487855298,236.45209000297595,237.08889224608487,225.03345358874503,228.97064145776858,243.26525585781542,260.5742957655039,265.3304148363667,262.2297737744433,259.23003976512257,257.3145243662931,266.5616747233467,257.4078417341022,242.39022955471913,235.4066384882012,245.83610692580376,235.31610048052744,241.46437242309963,225.04512520670124,228.96495750598297,232.89869855468126,234.8251892529508,237.97919583676455,240.97123534089513,232.07693709518867,242.64453846286878,235.8216841870476,229.67369739353535,225.66488653507167,221.28563333890057,,,231.94146188087532,232.48698706850234,232.23384116775873,226.6644008384214,236.20083297676064,230.2125211686988,219.88440907994172,213.88101036866254,208.11499594008689,211.14630289370902,221.60892636298746,222.70657972527783,212.9284344476696,207.91428467060547,204.698769506832,203.71862474955066,205.7648185575879,206.84674265805853,203.90110205231935,199.3175563556844,200.10608050775795,196.44160817299422,192.2037814970913,196.07955289765303,202.51307028780494,205.26083091358555,210.11351228531214,217.00428863664808,213.9783015125198,218.02409954131394,217.90407063023656,208.7217579322545,207.93074503487347,213.8617445280213,210.7657222004642,202.0077976370826,202.82518328483192,210.48229178727854,214.89939399224062,210.249511270639,205.89064921399614,203.98877898648715,205.52392636348014,195.09589837029785,191.29259454513067
151,1999-12-10 17:57:40+00:00,236.17632916768287,235.48625072065596,231.04324177852962,236.66296924615514,236.15753248652004,234.3355909137819,231.88866930548085,238.92050170146257,237.43318535522968,236.72820314911402,234.98025443447852,229.61272377667126,219.37638542721663,212.33427700046678,202.46511087799362,207.0032605425671,204.5016347212054,197.23287291658409,204.06028070284557,199.18102616282297,187.01311734014433,194.41851896503022,,,,,,,,,,,,,,,,,,195.56860555970565,190.52947008124272,163.51536003600745,168.28244511353537,178.1926730333658,179.25925980382627,180.28562752305567,171.16936773175001,179.02968390325333,183.4175704973797,191.56611735247236,184.50176129194733,181.14404182713866,201.0560215060395,207.60222891300737,206.49908094259226,212.65550588786368,202.2214063457957,200.81165321611715,188.21928073968127,183.98528165903758,193.64338069737786,193.9621267863864,,160.63478497980523,,,,,177.05686471908217,192.29168290100972,197.70493110141842,190.96871673047468,197.46862017625094,213.58394776947802,213.40946902311123,219.03762991208964,220.7658208654923,218.37873979120786,218.0719315557862,203.05447754490064,215.16813035601038,223.61854945736934,235.5523711569076,238.43855637488338,238.5970189314502,243.20657378432935,243.48522814283592,260.54158551744933,244.09592071674405,225.0675184090298,207.92810730885597,216.60550235001384,216.47892791551612,216.29195989492268,212.09345652135124,210.52197078034357,206.10659004873688,203.93890760718782,211.163642265818,213.98283269330508,212.92501757005255,225.56017273888892,218.24502133709018,204.82243718812344,207.86294780643436,194.3331869939778,207.97796132914476,194.04647210917054,202.13135840016972,208.70827127216137,216.47903387005323,210.1203454175564,210.16464019840097,206.80310533810305,200.986327695851,196.82098445213177,193.3777616879815,201.0049273751801,211.1222530103455,210.2520512151824,196.30573813459225,194.44907098024527,189.64911922005672,186.00108768183586,183.9635753865429,190.42166759657337,188.28552531700404,179.49427608545872,183.2975936154955,176.052535310412,174.0207564183391,171.24852756199547,178.16579952365967,184.02476952207437,192.2224133723487,194.7945168002845,192.79288198132173,195.33501326617156,190.8584556943271,183.10661151501762,184.78527768298596,188.41584884992875,183.233903361486,180.78408202257123,180.7701079408584,188.24716941772144,188.44585227989768,182.16571051456776,177.62458808229061,177.03416102339068,177.93009383630812,164.44534417310584,160.0570781836654
152,1999-12-18 18:15:29+00:00,268.02353450029983,266.2075740844877,256.5141870914442,259.17042833389326,256.3510765873854,256.4763779915602,252.11696531162488,259.95069512989096,262.94268506301097,261.22262956046586,260.60236445707085,253.3024024384889,241.24100745561668,230.8909231859197,230.20536427130446,228.0794960284299,225.16614006199967,222.44449015583024,235.35970764959464,226.79982288202197,221.12988356922114,212.44713209512878,213.26381034394018,215.51190763112862,218.89967829221405,208.76946956280557,214.5823806780259,219.9892757899782,224.62915846366946,219.66358911344992,218.36652503608047,210.17338237643202,215.5660233966393,215.80091472476937,217.8609608040333,212.22259149849236,215.00742282893654,212.99171765467037,211.92195789459277,212.9254337209877,218.49144636822876,197.4586560829954,197.348640533139,199.043716832413,198.07726245468245,196.35205844612432,188.55820857947944,203.58719181027442,213.5174027548078,223.39060553405403,207.29346980583563,209.27139478655653,222.9266388823436,223.70071663038226,224.32159844425001,232.8169431760574,228.592445836079,220.58042865368967,214.68460698899682,210.96924110420525,223.50957554151347,221.90818561668038,210.54623921617508,195.16384521473447,196.12373366880772,194.35307591708852,210.1801423361793,192.93914083772145,199.7849995297891,224.8533377394889,219.43740661046263,220.68492623402244,219.2821037987897,242.38811786794878,240.83916277503306,244.40451230659,235.92411341805513,233.12615703652074,238.85558479654037,231.85410015647605,235.03407750575536,250.26485569772566,263.6772321879848,267.8610230891974,266.60776388197667,259.00037132724606,262.6269921412265,267.40242172200163,259.68465204367044,244.22059435037912,239.3692641275879,245.25678325822918,241.21860032618642,242.9014443266015,225.44571478397862,235.40426056012498,227.53810424187606,237.95094829973553,242.97055786859266,246.78809287123198,232.23893198708322,245.13370249227245,242.7534954914862,227.69324037789363,232.76351566943055,228.16046512982322,243.82835096877886,,242.9811756128115,238.0937197092967,246.23473226125952,236.7678575560902,241.35191764824125,242.637267360068,238.12919695983774,218.09723702477174,212.27838221962236,225.80401196185113,227.33377142228238,232.78933197884,220.3122330607751,217.18277194188897,208.56003696104682,205.80881214685846,208.99122305500654,207.75472927160746,207.68476992871217,201.428929489021,201.35894439418007,202.15976257660867,198.5257549212466,197.8769488535453,200.9757986286799,208.763717951257,216.65094920533122,223.18366275609316,220.3837547855392,221.571252850678,219.08503376886097,209.58657898991845,207.85198474363642,210.56527487659608,204.10199501379248,206.35975410770257,207.87812348504605,213.45606191337586,211.96532320039876,209.11250813185393,203.75774759749092,203.69907026450184,204.90818820836267,193.79319733787713,191.2832845363809
153,1999-12-26 17:57:39+00:00,243.58019318349025,246.0727920276027,238.5009478895405,233.03548042054587,236.45073743513916,234.1639769289531,241.39553942858737,249.36232170596347,251.55904160113306,251.43388207398183,245.83840483269023,237.24584381256795,223.26114606430627,215.60889833797378,205.13908220499053,212.35196765603064,206.0608936417782,199.29637588917785,218.42067997629005,213.04098346235344,205.40359139374925,196.1239015411959,192.58902611007807,189.87614307243567,207.85449634636365,193.68168057895178,194.49174688509717,203.29337646438162,203.7991248530677,197.32585033941655,197.9019187242717,194.00446931738287,195.75146606565485,191.80111810207416,198.03968454765726,196.9914714702855,191.8088852746593,194.95358307695795,188.5446394269234,193.6321182046109,190.79632100467327,168.04640798595682,168.12704625106176,172.47106091483533,180.50548638535736,183.563448710525,174.89868279439514,178.04630591969038,192.6171495220506,200.26714382225117,194.07826662292143,195.30584640838407,206.01988998568316,219.46154670028835,212.48012694730517,215.55273951932418,209.6703455416407,206.44874278585593,196.37576432060422,193.42263655108286,202.4855571158693,206.09369270583716,191.28228860306234,180.09878947672047,179.93304863162854,171.8946835302698,,179.09698729871366,190.9953600376798,196.253668696603,204.82288740969352,204.94187336980372,205.47825021205165,228.70807407854394,221.10541520082936,227.24201241837946,222.70732823565982,218.85516129946586,223.9066130245431,214.82715796937836,228.90008882333927,239.15246227235406,247.59977502942735,252.661243409774,250.19139307816508,239.1118692025335,240.67589350833762,245.1280448478352,235.4624165005435,225.34156189495803,215.17345046050218,216.62357871576418,220.20852867590173,215.40947949896514,198.82117412770384,201.71351760994648,213.29756651100033,218.70072028621598,222.95484696716983,224.026420769975,214.90047152870005,228.35781467617863,218.53563645416443,214.9834905491271,208.4079511708565,210.31217102102528,213.8193507936851,202.71764547585556,216.70272998413236,221.2489848546935,228.09522524358096,225.18806232966142,224.27235540035144,220.67009823285602,205.88886429256272,208.84325277751554,202.3425733082952,206.42371947900128,222.8335554163631,224.28228411227533,207.60834021767755,199.36401090801388,203.93591425378844,199.54847779214094,194.7074169521095,196.81270485206505,190.74069710055682,181.69833156372135,181.10896571433432,183.4621789102994,185.75133354427058,188.84864312119186,184.45499800700816,191.37420132272968,196.99183599763052,199.34595410137467,201.33050248243163,206.8344906235692,196.24725313610048,190.6265005283837,192.32752999433634,194.3843721363859,187.3480357305122,183.94791099389883,192.73498670952,196.459730294758,199.69142808617244,193.74271186450142,189.6762624585885,190.83535937279945,190.43832169597604,179.793686884786,173.05354903969305
154,2000-01-03 18:15:22+00:00,257.2187510174724,256.9896420505396,253.2101694359451,247.56944388545497,251.30793345845063,252.7085534855858,246.4948715597843,256.162112281832,261.99736342928645,260.2925636956843,252.7519992324019,250.80509311169493,234.04493921556303,227.24758545524327,219.516572277218,219.14910766018488,222.6141148657481,220.0407767353338,227.1534259895506,222.00694833467796,213.30352744735117,210.82404326780204,206.97670380585083,210.54982039532132,205.6527234895603,207.0700762799468,205.87099657120336,221.53185934959572,221.7429287375386,220.45371338239144,215.2444476835418,208.99465537845452,207.63934792738962,207.32907265803294,207.79495464032817,213.06902667189502,206.5384694002704,210.63326399934857,207.58755577268235,204.94130672599525,204.51646136250653,189.66294328247477,178.3169771949892,182.3542868402755,188.314693381988,194.84343041947682,187.16171036791536,200.64052207855633,204.91615367720286,211.5237892669103,202.41543464667504,205.40346301188768,222.31402217361472,220.4862687291006,228.57648707360556,226.77168693843723,224.1244198136421,216.9166970831085,212.17157159026638,207.60244067180668,215.95098459195336,216.53116253787488,199.90386378417975,187.80543621328457,189.41693503017694,189.09996653995165,202.42412729451715,195.66319214012083,200.1710628296678,211.4642778367488,211.63361524109212,208.5029463394165,214.88780025724543,234.21470394744833,233.04906814117712,236.47018885571939,236.18960666340337,229.59442952740886,229.2546156678667,221.1003120319612,236.8833594013182,246.30351843801895,259.976806856243,262.49240019265943,259.71141787118074,254.71701889092233,252.3540045309717,262.2083758126938,255.0697797145988,242.7955153468595,234.23815042786893,241.65668876605787,234.59430067870065,236.1996054796184,218.475867360674,222.56180186556006,225.10636836677486,230.5064165566098,229.33465847242203,230.6661389867597,223.10027034161678,243.98627268622852,236.37212705925378,222.65835827797986,226.7234630102767,219.544667729656,229.7418457702162,,230.18556387341806,233.22516354184938,238.22250666926283,239.6651508422089,237.02491371498232,233.37397932169586,233.4647505062536,228.60361727280406,212.97212285888054,215.03906548424976,226.71933406905396,228.7643856712194,219.588270088358,210.78975999937492,202.73034714793738,203.15733778731837,205.84015585816093,205.17730402025302,200.0695435373563,194.9633381329428,197.13670817668776,196.44213081971714,192.4952824884218,192.11313563873807,195.6635174590271,202.3403335891806,205.64920883556152,212.59856845194741,210.30288702245073,221.3641901437334,212.80749279268838,205.49121443746043,205.85649391585133,209.1840099972746,204.89808678052725,202.29944542211237,203.40371312809424,206.37118470701216,209.9954343574338,204.01682701162554,202.22103178345012,201.8224326262932,197.7743402789815,193.4326338087193,185.81306590125143
155,2000-01-27 17:57:01+00:00,259.56466212506285,259.04758580315894,258.0549775070916,254.98723300586238,258.30049681729975,257.548677891416,255.70125701534104,260.8964983237252,262.6809479717591,263.78496162531485,258.7356732324711,253.8917378229359,241.06077067811117,230.9629170812968,227.43981747106176,226.34588037833277,224.24275082037667,220.90980413721877,228.17717737353348,216.61782684044752,218.7645001522783,211.3862626841642,214.28646814932188,215.7962165602571,215.06798981110506,211.3009010091776,216.09641423942998,222.4696140480684,225.35822115937526,210.3643968358147,222.98482200713966,215.90187136055397,217.14456517854177,212.67927958076362,213.5450304829416,207.88112563290767,203.46851058685547,204.5826870837112,206.86384248347886,194.70284794115133,206.2436238339468,191.2670718573843,188.0613769105239,200.5326766746575,201.42534108136653,192.93801578878228,190.52573951746524,201.4166477985258,208.60052633038234,223.8101582663336,211.7429508391707,218.30197532372858,229.0903309357663,229.92339983098378,233.117482390623,233.59924272426753,235.45525325122136,224.87685581131385,221.74884973217127,212.84673094428175,234.2714213991764,227.63943741762807,205.99421685662978,189.68724974831827,199.64348336043534,198.37572565551437,216.37685603957155,201.3974383409136,208.8988390565407,215.67399791826182,225.47328873023847,218.95025274911762,224.304495002321,238.84014608349548,237.77241449598137,247.82276463898071,245.5790092619568,237.83376094505886,240.13130249103762,231.73801474607686,245.60565222426447,253.9427802847974,265.2048233407631,266.53023023584217,271.40163452014116,265.07415813827924,264.005939821771,268.0862335575696,262.20114988566627,252.90932303197042,239.86441642443978,243.82817458124413,238.76717570069002,243.39506867097765,228.731381756909,233.84417426926137,233.80983452485648,235.6862413742856,233.97705073669636,231.91823699095136,232.77131939592013,247.9000172501968,236.31975301318334,226.0846282234438,224.31311400142232,223.9723538161574,236.3319618667673,211.19549401854078,243.87027281962864,243.39555636809055,250.20214208315969,240.81141120701568,240.9114644208457,236.57366275707358,238.34169539974863,231.94049408069932,218.21860833262076,220.71363723284333,227.64968635296418,231.21298897843602,218.40197250500896,208.7460521792275,205.48662307611335,199.36007878591747,200.2946808441387,202.94630146872785,197.39359789147306,199.85437289215582,203.3032529013521,201.71465257879572,199.57727903809095,197.4890860999231,198.2680408377817,204.49943897848243,211.1274641125156,216.18642119716117,219.19737625276036,223.83058516930768,214.21857471761524,206.95733691705993,208.1563986515822,214.91351188228123,210.6233433637134,206.2824255345061,210.2295767039106,211.13687679671773,216.77245183947082,213.91162473735545,209.3966327580697,212.15084770808784,209.60194286235452,198.27191923469198,191.25506659330924
156,2000-03-06 18:02:04+00:00,,,,,,,,,,,,,,,,,,,,,,,,,,,,,,,189.64604552121494,181.5263567845699,177.98516230635408,188.1171790917484,189.30901222461105,183.18389254110684,167.67539271790145,174.2953866436392,183.22198207593388,182.6575877419146,189.0684309700067,165.42553121807362,163.83296793090727,168.97096364264766,167.91506526629624,162.16424942411646,159.81607203437807,165.0901880158802,185.02865780453425,191.46750156254598,189.01525048315483,187.2694659046458,195.02132674382133,200.39401708562093,197.44704712643352,200.7708236828469,188.78528107985017,181.02578772461305,184.78108098977876,179.0508409925295,179.8893387921037,186.43502171407346,175.90929938879918,180.10222176950845,175.88417440133128,169.9461672863178,161.57968148344338,148.74177621388458,160.1917271066797,176.7697003274108,185.92833311410396,183.12185352136683,189.39022246783787,209.008427949232,212.72113188128355,223.63230404191597,214.05332906018486,214.03823060144936,219.08225091904745,208.9242289705918,223.3389848678243,229.11956029032626,243.75313388408026,243.6531060200373,236.55379755612478,233.1058870793829,230.96220039894956,236.26968571595353,224.77976010547658,214.86880885964524,187.19024160598872,208.6246457681578,203.43825922654776,210.51969642425456,206.11047068072546,210.25069241368402,205.98269976827876,203.16589183051912,216.16344950126432,212.5297062943294,201.4740840156972,221.99575793180054,209.88532833135434,202.47609990269228,197.87955945670598,194.48258062056036,205.6847989901105,192.88570104844638,206.28870214899325,217.73243861260104,222.97970311736628,220.32159928264656,223.28652836180217,222.45800590558684,209.2326912207853,206.56784507752644,194.14685703206848,195.08461538714414,204.63132873887838,205.8007309871792,194.21450757318783,192.9703022668954,181.01709125084162,175.372125482613,165.24976249341853,171.00333996101133,172.09064923429412,165.15059795187562,162.6299930922831,166.91569385571697,163.25616795428618,154.59960507516428,156.06743910097867,170.3782274481252,192.13209105369293,184.15420792395787,188.35865749278315,193.30856081376106,182.10040288943622,180.27511613016793,183.1042115951658,179.84952185435606,175.840051941193,164.66612468704608,168.16099947594705,177.5907949842579,182.31682030661077,175.72000025239618,171.5315318586198,177.19062794152643,180.04499929040577,167.7886811407244,159.0116498560414
157,2000-03-23 18:15:09+00:00,251.15428116490244,250.3851438492036,247.28957081445097,236.25066342451856,243.39997947824526,242.76415854260625,241.26158986125162,247.00335870514363,254.3003057218376,249.82610156990398,248.80593299289097,242.44940124434845,227.09691081593917,220.8856946702033,211.3165010660814,214.27322623580216,217.0745625943975,210.6660047881623,219.33173021724224,210.80305906288365,201.16028312786426,196.53249953042643,197.43719071924943,201.45049737636901,202.21795811368682,193.833504373569,200.7420800942457,208.68790520539227,215.14782392505384,213.73622025423947,204.72318563852272,202.65221077476014,197.162057663471,200.13092969895484,206.87516774509635,205.08566481998218,196.21522026874638,206.38855093831557,204.22077455222257,200.8792937869428,200.09401077515082,183.98731123364234,183.02954064519258,191.63344941972923,178.80430088005733,185.53445505327232,172.51739377299432,191.15832696755274,195.7471459401392,208.61284861848722,206.6993814265702,206.4212151293751,211.06698668350066,217.91510742460952,212.714463791384,222.63948344522402,218.968749865642,215.4695959569869,203.70920680720235,200.24764827828812,199.35742394614482,207.4261768576734,187.68078880405187,187.68802619005564,189.2663984061992,180.4883220559737,200.20983282362184,188.257948997903,198.21379345521325,197.18556826953318,210.89619940435404,202.01459344714715,216.2717577164775,232.96931337487422,231.1939834872128,233.24102353628547,230.95205015959795,226.4268803776699,230.54005216597443,233.83438871064368,241.15318654504307,248.30258806899258,262.6823112257769,263.43584269434734,253.81351922647278,251.67221148583414,243.741765050604,241.39466310478812,233.73082398561397,229.58603782049036,221.00913441663292,220.95512671171718,227.84315769880138,225.8759287613014,230.21034998473442,221.56928373692125,221.23037705836407,215.2025000339995,226.94096920879718,234.3196894005307,223.0181237240793,234.17410737074366,229.05607350493318,217.61854802161292,214.49871884866727,220.55387673475747,227.672340745025,,226.43047392684045,233.3272769636407,234.8549854580275,235.91378863730935,233.640863711973,231.96447731742003,236.18315978879338,229.54511020684214,210.1607628545857,214.9489970941301,221.57668005306536,219.26494914398046,207.81492301204923,203.66839018868922,204.4216679509732,197.47989450201888,191.10582791745156,195.22214457728285,193.28660861678696,188.09685262609773,182.8591971847917,182.57434422339756,185.87503543743395,181.41004561981597,185.07104541924423,193.37619132866945,202.50408428098348,201.08586408373185,214.12357242981693,214.48465718880414,208.74202453040945,203.39397535413298,199.28119609328047,205.41566339810035,195.51955638099523,189.9459216422013,192.65506751692368,194.8514516954097,199.8765358151303,191.2632298315463,188.78021925914385,194.552059879912,199.37653914624252,194.0295286064079,178.20733948977
158,2000-03-31 17:56:57+00:00,265.9373640838477,262.33756782354095,255.73744041280963,249.12635722921803,252.43113100019053,251.10147923496942,248.72247522403575,256.7884557625123,261.98766895988695,257.1556269832978,254.64544474069496,247.3358872775056,237.84102001601266,227.69917656513763,224.0054517858743,227.43406284021768,228.6861486745119,221.65183613964228,231.2134320942745,218.11424447143696,210.30934009583885,208.33154245977818,210.56619686513704,211.51530331553778,207.25978757603878,205.57231827280253,207.6700378556734,216.37381391635722,222.57072595909898,215.35523010014458,216.25885247889903,204.1372146698617,206.50534744382637,203.6446943745171,202.9221172304216,210.37975658542467,200.2138849456102,209.27755035765966,210.14254708415277,210.17611389588177,214.3046547328538,196.7439686273673,189.64637732897162,186.86068174276426,193.05042009860705,191.0309381659691,184.82465808445454,193.69514082862926,205.09564680504366,220.97664891576397,212.1760310815314,210.73571986142676,219.58610516538462,218.10245912133348,227.4715947741562,229.269392325356,225.8698858856825,222.14446923304268,212.1296452490454,206.87661792865444,206.776461486355,212.2201890232045,194.61033786638674,185.91707016626754,192.6226261432885,184.1321265541,200.59815655932996,182.1390804839739,205.23106436475555,213.3740014139106,214.81300571108915,218.60836254647867,218.76508271000918,242.33231463524072,238.48459546778366,245.20393423324268,238.92720579293712,232.7122660139378,238.43323278357929,243.59659286445753,253.0994149067775,260.4765828173485,268.431396710824,271.735280432625,262.32422038662435,251.77575473273595,253.85080306233857,245.78120616767893,243.13937360826012,237.79808082188887,229.35360743594106,237.8877390410227,230.96267536345812,235.2840269970197,221.98237399090144,224.9512794521997,218.35313751315564,220.05458308157466,227.22820101567604,231.285770814317,225.30624384189593,241.90223042704469,235.55116931988397,227.2640758601922,222.82343519374592,227.030441512839,238.94073547756025,234.0498271513039,239.38144993354558,243.47195196322312,246.58130902647952,242.96830271333218,246.31735242514208,244.8593755405928,252.74837142516074,239.54097186841156,229.29018057726822,224.34385691296265,228.62733761698138,231.9527902483693,218.24353733048383,213.71082776156862,202.69633326744463,196.27429763861136,202.09379522014908,205.06365062797784,199.93839371214764,194.73185807969168,192.5865371683363,193.10452495922706,191.43976470744104,186.05262510897512,190.01462521511922,197.82545422903627,211.41493549662113,212.19624914321085,214.82304162539353,218.01649350733635,215.2993891225246,206.83350642483302,208.78380314080073,210.18828811284823,202.0313603137816,196.64932618991003,196.33099130269466,204.36276985715966,206.65171774548725,197.0492999354124,201.00850668928678,207.91956250082882,210.31097511986547,194.97483539605804,187.80653609443095
159,2000-04-24 18:14:52+00:00,259.70473031602296,258.4307479393083,251.05909804816574,249.6101685466934,247.8160594172944,250.4954001883636,244.46963200878662,256.08125952051074,258.5897558171638,254.91562281825207,252.25448662134391,244.54275058671683,237.1072893253442,228.75958820650808,225.85797432588197,222.92037480692267,222.23774963136006,214.7720087808,226.36848272156652,215.6471428299265,211.76487801248112,206.16417098808256,202.939548513318,205.98085542131506,203.22401739777206,201.23306335193536,208.40291267787495,211.0501588765171,,,,,,,,,,,,,,,,,,,,,,,,,216.41193410719765,221.81302742795808,221.74169358502357,224.68528217222473,220.8778976232955,218.7824714328197,208.61283254030093,200.8150967834586,206.33482947141246,210.56698664634206,,,,,,202.96216733885765,202.02859603899628,213.29745421653496,220.46821391585888,212.93934167586406,217.45720436101084,237.26963672618106,238.04079821548618,237.90508653596456,238.31813288993578,233.27626235512543,245.35535819006503,238.0762295051013,242.15303716122332,246.75810577337825,260.78806593243974,254.60046580964905,253.47690836203756,248.59936008680194,244.98606675778473,250.69978633657175,238.99554538429047,226.98859352832818,230.0923848379431,225.18347419418188,232.07513874095443,226.73460608339224,215.5782336739495,218.66107109402904,224.21878839646587,231.09230164021125,225.35126638296757,233.6021490474037,223.65304401951914,238.86955254934057,232.83217862717797,222.94517568304138,221.2056106515621,,,,,,,,,,,,,,,,,,,,,,,,,,,,,,,,,,,,,,,,,,,,,,,,
160,2000-05-02 17:58:01+00:00,255.1229139450257,255.15446369356965,247.8622781471857,242.37582682412383,245.9108831952134,246.73827498796805,242.17112981268636,249.73881253350103,250.7201723768882,257.1716416004316,253.43021983393865,250.24345542082204,237.07904264710618,227.50558851556693,222.55913309326175,223.6417512707507,217.51383223605882,210.63825487376943,226.5673485956051,216.781833356736,210.40502487894014,203.64210584807648,204.9573093395102,204.60252543007638,202.37450886780292,195.66352819194083,201.68977000921217,204.4618398020669,219.92145959104204,210.0996639920096,209.21805040328712,202.14476196398067,207.04836710396182,200.8142896415033,206.74743741288054,200.29857389068212,198.24153687289268,195.68640506742923,201.07732878251537,197.09858715317694,203.179010109727,190.6310837145951,186.06911730734134,186.3503456653003,185.01628587184064,181.88603295550547,174.70243973917638,193.28995922330137,197.1765519613828,212.4313587363728,207.35912929186676,209.85647923376274,221.0071045130925,221.3993229844677,215.92124894631763,218.3845766953481,213.20917844707128,208.80995630973783,204.52912505875454,199.8529280807196,202.89123786761272,206.64895943944995,193.8096117279218,191.5174552421356,190.97838785270937,186.9143365094987,194.7798530938001,193.5573672382529,197.62288360078392,199.7168576904022,213.15375920144956,200.93509167653414,208.06595251927513,238.0116033044381,233.17173385829898,237.8691575944376,237.561411926827,230.5536333291589,231.86004568727677,236.77347054860644,243.58304354338023,249.71935754217841,262.74731177361343,265.8425591653487,260.4200084071753,254.34669620517806,243.90505391992127,251.45811840407487,241.79501112692577,239.5406859594654,226.71378447306031,233.85321972006466,228.6259769954272,227.12406117177233,219.46382736876728,217.9798620130403,219.2140986913946,214.73429941544435,228.71428903343633,232.3433736547089,223.69478779281752,235.15564593373347,227.72121032614172,216.9283498441236,211.17650845392143,218.0730360825388,236.049274651607,226.809739530018,237.57843668497244,234.73210426322885,249.39718038979674,238.34932257359134,232.7160482439104,231.3560863991369,240.80064406563002,232.92758607268908,223.04028776676438,223.62551899239767,226.26596427583468,227.75058699855828,221.3731448610191,207.96025180157386,206.03464815656193,197.3784271503652,197.94986640172465,195.71819875417506,195.3372594826032,188.15847621017076,182.911564773865,181.36178249267095,180.8979582652351,181.71472611830262,187.56886384632136,198.31849080224023,204.05665008593618,205.76234883268296,212.68474951140132,215.73879133293366,204.88018884537615,199.48587131858272,202.93335517814347,207.0935931646967,194.0612655739372,189.51695723657568,189.59506840468424,197.14432893772755,200.3643450035587,188.560633762559,196.37924784392533,210.07721215677375,205.49859831017366,193.0302008712239,182.94137017017178
161,2000-05-18 17:58:20+00:00,245.93949757074805,248.66395809456782,243.15624976395011,237.86904911715942,240.1764303693576,241.00886804052075,236.47857470591518,245.55066535256734,248.1956550521239,247.2847689754662,251.24333869445823,242.52386899504333,232.61884813649942,219.49638287151475,217.17775719292024,216.02631621098365,212.48390367528546,208.9529164875163,212.1098896077675,214.1134139540557,209.45795107987993,201.16382486626162,198.1393773878023,199.70776131549002,201.89492616131506,196.55330870371148,199.46001757342458,201.05382318270742,218.2031962814117,213.02856485238038,204.28387592671436,196.52394801907968,198.16388584717515,196.9032669993722,196.1675348474959,194.24479044354257,195.09750926525547,196.9629867326257,193.47036532462323,193.12342790951217,199.73876616331438,178.9723724076115,177.47489419452415,187.78990913497273,185.84822389817293,180.732064606248,175.24364336755886,180.26560530508885,200.68987061560736,206.32035453353032,195.5612844408636,200.72821761459804,212.00001353981276,215.86455722852307,211.71772372819493,213.56379581179647,208.55451925323695,202.16270287331355,202.82444346604575,201.11127995019606,210.58679386029522,202.93135295016188,192.0607349422711,188.15966573036775,181.59041149534775,175.95890068689351,190.98111534481808,193.7849337373639,189.9215160550363,197.03832718575543,201.8429028820301,201.87200479064882,202.12300703279732,220.51326114794975,237.50426668181734,236.34751030748754,235.94244633051653,238.3783685610601,238.5807798853254,236.7000833921231,236.91947666008008,246.35663229078784,255.3989712940463,258.31622554584817,252.11740319375323,248.9545607315241,247.94883873789536,252.8262224875096,237.7852442175252,233.77679074771694,225.06425838901652,229.32760592894002,224.8355506493281,221.31070690477438,211.03525608980775,214.84710115752412,216.9806950047395,214.9251440890141,227.70908038422408,230.87453065426908,218.4314337311261,233.58447383542966,224.4327516868832,210.6085177958,204.69283850499906,197.6509268748996,219.69922689493103,232.73865057019327,233.21309050602005,233.829289678926,246.74933330739594,239.3979690851963,228.6799656541579,224.69343793840048,220.49039230113226,230.54098783869554,219.9178525122384,214.08537756850387,220.85233852116826,218.4485786602586,212.6257108352408,207.58725184322714,201.62159310163577,194.59249224135905,186.13987490775878,191.2937627605038,188.04481277643825,175.81490930326487,175.36355853975496,171.9174047255184,174.8609485634417,177.14527629519,173.84869205222523,188.39540676396086,191.3745485770705,191.85992847153926,207.0920037685607,209.10217231650728,198.86357786252924,195.4094042839214,199.23205395293468,200.05936077678246,187.61104271967758,184.73200225311018,186.83444685436655,190.5284935165506,192.3514124055875,187.04798769140146,195.65770839649912,203.16218245980673,202.93114225748042,191.81756832286715,179.9607814698056
162,2000-05-26 18:14:30+00:00,259.46323393244546,258.71195951897056,253.5259318489213,252.16481828742798,249.14432399918985,251.90362483653115,243.9927208046438,252.74002581033233,259.20044057714915,259.95078028812986,253.00724057729354,249.4881232759323,236.54839971225286,225.86120140838904,224.42853791470384,222.97276226399862,222.60162768072345,217.87631750644584,224.803166995831,223.60004394873036,215.56796860733544,206.1124953350935,206.01449508195375,204.58381708140055,203.95736999170347,196.27307406537116,207.98939502251068,213.30255631803814,221.40769012196438,218.08248477382165,209.91410983379734,200.26775047422944,205.24699338810018,203.02585809297574,202.66165027369127,195.87487837286852,196.5284240347509,204.9315599775176,202.05071902832526,198.88557049264006,200.3884567584986,188.14029734055072,193.00180217017112,197.08869978917028,192.82080379920723,191.48536245762858,185.56783853873108,202.68848055024915,212.1690227201375,217.86463392057595,202.59361209732828,201.41610279986247,218.19920838701506,216.5623021023702,211.89169180988054,219.94842407464637,218.50146313823828,211.21969406771828,206.91503707292304,198.90417563967398,209.6487948663239,214.67578970865964,200.45743528796882,184.83296187461315,184.65874197017715,181.67718132761283,206.34633037727025,194.42375033599865,197.07111883960212,225.72399270615188,225.38866245125243,217.929834551473,215.83606930394092,233.1691831676431,232.25931591002495,244.58006472374683,239.88820970708463,236.48366615441512,242.14166174636813,243.88606439153477,237.4028048288237,252.03988940459226,263.61129755384655,260.9044708401934,262.40965753010653,248.32475094000287,254.32664302955965,253.25879003248866,241.24574709984245,238.1892798499425,232.07330440507673,225.10350150422215,231.25658400529025,230.6338606216214,220.3484254256321,222.67895468006867,218.72100174568118,234.72471324545236,230.59543760273627,242.80553795026918,226.7481919862081,232.80543723959335,234.45600500252885,227.26137472785302,225.2213151759138,223.8457084865073,244.31684848691435,,246.75215140072874,241.3141649379411,252.92642952204187,241.66383704599838,237.425177491415,227.79158306313062,223.5554684911374,244.10386014680304,238.96289884215813,229.4776267553505,232.45984243721378,226.69350910394397,215.96231375219278,213.8711327751093,210.44916445735947,202.7685829977241,199.464664951784,200.21932314346327,195.21450992168263,188.95921636921912,183.58689909177986,181.22645756438317,189.068478384912,194.37044270387963,199.4938336195235,206.31098494700052,203.4973247025701,208.23738512816325,215.85769762901407,224.59186229508816,212.79032560675847,199.16950592361943,213.52879309019198,218.49109679183266,200.06122001798946,194.27133128119442,197.33041014743992,206.61745977769232,205.84841286031514,211.2347229778233,206.14101046123477,209.73884476954018,210.45684875923118,198.31480043723337,190.49347193158994
163,2000-06-11 18:14:24+00:00,,,253.95399804905009,251.12430512442666,252.17265149054214,254.22204031191396,251.53453387757787,258.75167848557703,261.5138253400336,261.122624075784,255.5712524425303,252.7648317498997,237.03936492616543,232.07818101107335,227.66580395464302,228.68626725145864,222.65047656562783,222.00732398155841,224.56465951077217,221.64527709529352,213.47939841411414,206.36954840562598,205.62794433486607,207.5511907846512,202.9719167515846,204.55421487868568,204.26928964482738,209.49111201343067,220.5795237250345,215.3763889007089,208.15603777427845,200.1337036713761,205.17422178359948,206.34492370281987,202.84229357411573,201.1454070717122,193.64552476803362,199.3596246533661,200.02536548672794,199.38589081426477,202.04932972287617,184.72197745972096,183.87286867945562,196.17765811415995,195.68930230260594,190.88478854809551,189.15228128733926,200.8156486178396,208.1530797237557,211.013062283219,190.0888113491153,205.93524197135554,219.8436101828154,220.6798792643367,223.13847087954264,219.04536807500307,217.68297423913296,215.8570410480219,208.02994162780047,201.52256401563736,211.12059961389946,211.72272527740103,192.78690711441305,184.0468754620389,190.05107145115085,188.68888771367295,200.8727371378201,205.13478512808064,204.62348016307806,218.6198402024799,214.0003735527403,218.39542112250854,213.66412202630244,234.67075581623908,230.29082166801575,239.46987002981786,240.3797712142583,243.2756860087596,252.4503736727914,243.78418117377578,239.32019862432122,250.90980666136105,258.72317437427864,263.7072263291996,263.34287111717526,255.37335935234356,253.07724679374917,260.5752274307896,237.1917644729458,239.3301638540502,233.1176493189894,242.44067712128697,234.2834050058658,237.31866782165423,225.2531209898513,227.6182543896914,225.49508124281516,230.26277586329456,234.55778217617734,235.88005839659422,229.89845169214902,242.37261903064046,236.6416197244787,223.86151793955077,226.79525561682215,220.94449201813507,241.44472881545806,,243.11727809549228,241.6777966505514,244.56980292389682,241.07596397626196,233.5619802474742,228.22437807811286,225.77478249008155,235.39045521340725,224.96138680751153,225.51207314903854,229.07543083365732,229.1327082737312,219.6379020319294,213.39189672998185,208.28609800419952,202.775047528024,198.33242018895476,202.11790202136797,198.69930269082369,185.7742807432383,187.63361775879906,188.31978997087595,189.03356201288585,192.5722625663806,198.76525687537676,207.57819083436482,205.56651451543365,210.34613819406763,212.4156427517699,223.98340084383497,212.45939064578369,205.27898153268808,207.6569780419039,212.9327302061303,204.43981291449393,193.32661959076094,200.7002335621043,203.5630484920639,207.75048324801506,207.38522399290974,201.67603624350215,208.6988637762757,,,
164,2000-06-19 17:59:00+00:00,253.76821882355443,254.8027491021192,255.55206834760702,251.1833859918861,251.79810374166772,251.3868783119902,245.45517466757582,256.4574975070452,258.5576760458115,257.353199060851,259.9666242281503,254.2520670655341,236.53038346000383,230.211137957944,222.83445564289264,227.2451681091738,221.06310595730656,215.44448195709805,221.1124327799668,229.26646635520166,215.79217831684457,212.001588938966,206.20955096119556,211.96009172632733,202.4068085591697,204.394512581944,206.0288899532765,213.80601528169962,214.52956344493407,221.55594664908324,210.00551220456902,202.34913890579782,206.85708229423028,209.5227115100693,,,,,,,,,,,,,,179.3660855676092,203.71855595158434,209.90653838216892,190.2307405776852,206.3204846674421,221.73216168008167,219.5862456938331,224.26264260163288,215.30864395605272,216.24771688232505,209.0826068195652,196.41596107157523,199.13666936630017,211.20292712854493,217.61369492257802,198.7943013348946,188.85962102420905,192.53860957242864,185.36648034337102,206.14450118424568,203.2607784046386,199.37284534508797,210.43210945845655,216.5498987013189,214.51034336239653,216.0700596675833,229.92772772496318,234.65377033631057,239.5135607033225,240.45014005179104,242.63790809524494,246.69301892958353,235.74760867008158,240.34631136805078,244.64320787817573,258.0982990917357,265.06729124186563,262.86817033213686,254.94292459051746,257.67576107193184,261.89813431733864,252.58638880894256,241.7854652801079,229.1827065902398,234.40188454087723,235.91399303820165,232.97224391769953,226.99032329137722,228.62664936286566,218.63364124764115,223.2619064635482,228.57334829521372,234.0974505314142,220.81490971365525,237.52698355458983,237.88654768954538,227.40420275995308,223.15765870340834,217.45285232270197,218.5512850719635,217.61683338818037,241.57129408347012,239.5583481166401,247.6379074838489,237.54954466586682,232.5892323692392,231.08133263847145,240.8011047202987,239.5095716516871,232.58074235839248,233.7248031142966,235.10199585920384,233.46573675403263,221.25802253412888,212.92159243956374,205.83035723463007,203.18918450419645,197.85733710823055,198.8619125747465,202.0929557113344,188.42704086508044,188.03757553547575,187.80264641547413,184.34746443544745,188.45168798094045,195.23908190302464,203.0803593279729,202.10782191643054,208.2277916909697,214.8759558823544,216.77090057942354,211.28909270834671,200.2596291476433,206.2049324179336,214.3683843119839,203.7573855092968,194.40727182488587,194.6048890426677,200.73144590865377,202.37982490935087,203.09290402895385,198.1501825255701,206.63375445573158,210.53066356147525,194.46427512922983,189.57997179151087
165,2000-06-27 18:14:13+00:00,256.256831384165,260.7618788187014,251.49665359467096,251.87442291946678,245.7359189526495,250.13755061435012,252.17504539325108,259.27385943883394,263.09866092446697,259.8731026013717,256.7265578101104,249.7470145076263,240.27976030256065,228.77063516300746,227.61153937158775,223.97010075609225,222.89678786155355,213.59291380120257,226.95627509529004,215.13819629712208,210.93910995690015,204.42420863487715,202.9395724824426,202.2817654758394,202.53565845302097,204.7574740033421,206.4196536890938,210.81601999371176,221.52998392326197,212.7654945948437,205.01691285238996,199.9270617993188,202.73309396987736,203.28946388662894,203.86231364853222,198.4152896945019,195.72143938079222,199.72953800992113,202.09840898029185,194.8910286422149,200.53790983729388,180.64505970694916,184.06047632160016,195.63887119806822,196.23656557079852,190.38938628684696,186.16079009674934,196.8439109449492,207.23349798227994,209.6744006291753,198.82656069591116,203.09853187524735,222.9034879899117,220.68615144095605,222.7829632076575,217.21134587450024,214.76884018461436,214.71380035352297,204.0573438473622,203.60629819461536,209.5747494124753,211.6385409228571,200.53950853068923,185.79589743430145,184.7581659533086,176.4565003367406,198.51234790071146,199.2993720024893,199.665891836901,209.74617467304967,225.25510938316066,218.40413532060262,222.012597322468,235.1716709864669,231.25427046699355,242.02105770030707,240.13920744595043,239.64921027242417,242.24843579646222,236.5005202338287,236.7328591241301,247.99327836602646,260.2935853978476,260.6483512096236,262.51761942680224,251.26211014202187,248.17639052761834,248.9462897667428,249.22376888035308,241.31027064437228,230.33865373442728,226.3872015626652,227.9920041346511,230.21802889831227,218.82540455913193,227.36536291828315,217.56998773848886,230.60855431438574,228.8595347624411,231.59726261801802,222.749996273247,232.34925557927826,233.53772119225368,225.95406826420327,227.01002637929608,225.80691514660958,234.72997658411543,,,,,,,,,,,,230.75480538579214,226.93444506400579,219.90124472513648,211.88683360015307,209.7969131563213,204.38230088853632,201.45918108476593,204.40565925276616,199.2967886044582,186.45662702601285,187.94645607825277,185.72601917342647,186.35107325340968,192.92551979516296,197.61161825819744,205.83908635083105,205.7461860566462,209.4962999712003,217.4956935860102,217.29178806034645,210.98468692255682,204.88123255369882,207.07397579098466,208.71732836201272,200.78597136140385,196.89356225482732,197.89769333754077,206.03044477192668,208.14611252595304,208.99033822588348,203.12964630237852,209.8618102687048,,,
166,2000-07-05 17:59:21+00:00,260.17656001742677,262.04010955586364,254.6548803833199,251.0221775848412,251.45323252996678,251.12549275425974,248.57015981894108,253.78932073949875,260.41689066555057,260.9562922121852,252.87197958015136,248.13022893179615,235.10496633662353,228.18777762569334,223.06997098333517,218.94754360788994,212.34328444374376,223.0876217924801,230.62358960696048,223.45116928731093,212.62924425972372,212.07186018411699,205.4477155468448,206.40130511040365,204.11973952498545,203.37220992596772,201.12564199502043,216.1061740580863,223.1709114650863,218.566219755469,208.64951685307147,204.9349015145119,206.7492063161207,205.0247482123149,199.97982668468666,194.8563902101123,189.14087614999664,208.63492446479933,201.41322348882022,195.43225688653004,202.54007811636814,184.3399358588836,185.0603978618767,198.34470746599746,192.12501371594436,188.30222601122495,185.0265288525787,192.4328296487118,205.75963490376807,201.80834203916191,195.8989234708029,204.14314821768892,219.43811008076887,221.61622147181495,218.1990548384158,216.58326066167854,219.6875071978372,217.1306549733579,208.3859463787336,203.2694387588894,214.58379582277553,217.4404810667471,194.6396423096743,187.00913663971357,189.58490020802287,174.05924209250173,193.12048184680353,206.05538392643382,204.89770057750144,207.43521979603827,218.3241120241115,224.4895970903757,228.54806722577638,238.2707825013357,239.39373744989012,240.24839641662481,242.07266460861848,239.61738408756915,242.99910953539253,221.05667537819318,229.97981622933838,239.16126059061787,259.6513183244083,265.5638143631617,263.76893694773247,258.8200342955192,254.6749520259135,256.3026392589325,250.21528666557714,244.8268609126741,233.05288906991143,228.64715144513883,232.42572441030302,229.30629551134996,220.97982772764647,216.49428485563752,219.2031297760819,214.60585280551513,226.12167182937677,232.29691388571496,219.8326096589097,234.55256502374556,230.23405048077285,217.79341811378328,240.19167817729897,226.31495700455184,236.75494211837673,225.4170045878496,237.45961546352754,233.35965973954274,238.55205056030334,231.98546715633276,230.85326451106198,229.68521386760307,234.78805164253362,237.9286374452023,225.53417088530142,229.16570406016498,231.82873180194082,232.3399208813643,217.0569909087547,215.55099856903786,213.17045370956208,203.39219921344352,198.41384408511402,208.1414397790016,204.16506164638542,188.75093800927544,188.31809921293018,185.4064382905808,189.14338084412157,192.46385676455236,203.5671049512666,207.7693325167799,205.21869954670265,207.412337152463,217.6802370587134,213.69094322676838,206.96965574664455,208.51459995466033,210.8351058520435,209.4417468083157,205.2725366213192,197.09560803446055,196.8917069318603,205.28999972296685,206.93519214541624,206.0821566586177,202.46220198634038,212.32813052856994,206.96747159862213,195.0936635205519,185.1410348978271
167,2000-07-13 18:14:01+00:00,254.47634784825073,256.1394974909763,249.85610095344177,249.44539021537298,250.22867309173006,251.15120678854345,243.67105490794125,253.31153600298364,260.83619746977655,253.21552468972203,253.44170865068202,244.15741003522783,236.538001373862,221.09726233173978,225.4228434400028,222.57355885823355,221.94051782173258,214.70899274815088,227.2609672902505,215.67981966784666,207.17916286331052,206.50043599738535,204.4716620549181,203.80957669487134,201.60643735286627,199.59480128502202,202.35098509670414,210.08847660786472,216.84863589693077,212.84475809589142,200.63531189266556,202.04803880371327,203.63278368574754,201.05408585892548,198.79469766580306,194.89170726825273,191.55169234576542,196.2630887790342,198.28870763760239,196.31240682383537,196.59279052339613,176.0084175237508,177.47250673988935,192.17190217307166,190.117702786665,189.59230985395124,182.76937404862355,191.39774336280877,194.52437327555924,203.17512481476098,191.7456126477366,197.1515404675427,218.94880599871755,218.22075551663508,215.78718010584436,217.69173339377403,214.7841151957365,211.75930291040476,201.66310648119395,202.8043426374938,199.56254654387192,212.58906128788766,188.06551559440365,182.15285177022403,183.52983916459965,177.66544748692766,187.26733115017566,199.6572704989078,201.51907249265582,201.30861837572684,214.6923398073453,206.78526588010615,218.33401929230791,229.5458369996236,229.90506449572985,230.61483329277013,234.45574396722358,233.7639000910779,235.46917081748768,222.1077566119327,232.70468776387148,241.23782187965966,254.5247470026929,256.76779796924774,254.80833136064234,248.50605402181793,249.98080757317732,254.74414765697998,251.08504080355638,240.70487105047934,231.88347827012157,225.19271745682653,228.54893981690992,223.36352597265352,221.0279037262135,220.1113044168408,223.300601981853,218.0039789389599,225.97497725410557,229.44450334932873,216.4436242067454,231.76263280233647,227.08388372900816,216.0420270804911,210.2224568339908,219.2991965269336,222.62286848730295,,225.25232398710244,228.14669675060367,234.1988704344678,233.48696103723003,228.97523368648902,227.35875356990135,232.01678702041013,229.56031594866562,228.7471169899501,217.43492608511443,223.1555524689923,227.01631361060788,218.60325330192273,211.85100841364965,207.02630767040347,202.90801066219836,204.4870316837335,200.77658626642778,194.4981051212338,182.4041986820675,186.3202770194266,187.20521631077838,189.0983222109835,191.76294648433864,198.18108784688326,198.40751233075696,195.28119726214922,203.9099130552261,212.83448426169775,215.45289676602988,207.54549420921515,203.31810707880095,201.85365020301924,205.6001518120499,199.9268703613306,191.23442026385433,191.4247133594675,196.855753340984,199.09082115148843,199.30686436801437,197.75666027115363,202.57930953882146,205.32781170036768,190.56781781256757,184.36574089434404
168,2000-08-22 18:00:17+00:00,252.63771443291557,253.98134988843236,252.10006229572804,252.71422855680845,249.59771226225837,252.97406714546838,245.52337724411512,258.13035666720396,258.94129481083166,253.96994018534676,257.1791580821422,248.75923407473118,231.61504023285187,222.81973257180766,,,,,,,,,207.2749350649185,207.28709154281626,205.3235642006924,,,,,,,,,,,,,,187.28951548887332,196.7243149998932,201.8650033022451,182.29999208525567,184.65683639139516,188.87918388195342,186.65072394823494,188.51964645221958,187.17978771714655,199.16522487642487,210.0917860495595,201.27947828834897,199.6674350929514,199.41812812576055,225.38925155219385,225.1696550845586,217.93227844743657,220.1991282926128,219.70935917220982,209.51998964978924,198.05554060489493,203.58889448150455,211.11451398047794,213.0304447660854,196.66231468945819,187.1439570839383,188.60432038436437,185.0858248401097,198.5879084453818,201.69025774658795,199.34383403462073,215.10065858749783,217.28835313719966,216.37183646134824,216.5083225383258,226.92163577971354,233.58170126222663,241.15696290186742,240.0000528605744,237.1000272512787,241.06116136434906,227.8744779739821,231.54145101812938,237.3087874029419,248.510780847844,256.7837463855511,257.56440427443005,252.80221865781735,258.0132942793778,260.7394097384471,252.46486436773378,233.5156472803256,227.83691615452773,225.44671375635664,224.66893867633183,225.88784185043198,219.84706339218152,219.8737680522631,217.37622202745806,219.20869169699716,224.78732245451602,225.15702294784813,213.0278230193178,226.30028672090555,226.98153059309283,225.59120748781686,218.6815693659082,208.3635564575598,215.86094836437638,219.85435051402843,234.29176196324772,234.88093471026968,238.24444135361767,227.38845348084732,225.72792752500567,221.72844472238995,230.19841930928533,237.33475068005328,231.40464210219034,226.33059836188295,227.08533994983196,229.09048383588672,220.59850299262365,217.32462001284688,207.23285243535912,203.63802903828844,201.94015449794136,203.75137791267053,203.82754800996565,188.8687774210842,190.77859362901077,186.9906264863601,185.12393335988347,192.74793153182756,200.6336181002312,203.80478562195322,203.51817374694969,204.58382299689922,217.22223085229473,218.27084752402064,209.12713880165958,198.4680004978654,201.78767616079398,208.3535238789319,202.84276817768648,194.27580014821348,195.11143514805258,201.78216776975796,203.85697039264207,209.44687190550917,202.34941102345437,201.68366849775416,199.61905174649183,191.39427145799613,183.5162024215245
169,2000-09-07 18:00:42+00:00,255.912277834445,253.54676558404793,248.28384263607433,258.3709473763388,255.97174848977107,255.506906096941,249.80888561903305,257.03715836565266,262.28510548234345,259.0774434109253,258.16776580014863,249.62643269564938,241.57280154964923,229.9959502208966,225.13013452305802,224.72091638898368,225.68886338332456,217.43783774432984,229.85540454178692,217.82532225955399,208.47152751534978,209.69248756479692,207.40739699425833,210.66999035790144,203.44372056192512,206.3453976997686,202.40104832591186,206.3556212480358,216.67420375782794,208.33741651078026,199.30564120209863,198.2975804791443,199.07180788589602,203.38092366320296,196.0500858852184,193.65931601101548,188.27486119147582,195.71160643365604,192.08326628074593,187.01232764111518,197.82184102176433,181.4761010773458,181.8051787382609,188.73068761911088,188.6604415991774,191.2891588553718,184.81986188896747,191.6754430477821,199.19036313567403,199.45901274819187,193.32909368533643,195.74128271978168,219.2413435828552,222.7018849020638,222.44916074644453,224.81390042947004,218.96038873820544,213.80778973452763,199.48228448471076,202.40538064929655,203.10651395425424,219.4223001834504,193.74534522026806,184.90141188179405,189.46591202826536,186.98762784902775,193.25269915385417,203.7542110039894,200.4931090546712,211.0023531457843,215.61990117351496,217.59256723654642,215.156963983883,228.94082986446998,226.96552224690743,231.86591818118308,244.0105147414386,241.7703393180796,244.27905492221623,222.63666933175756,227.68473444715528,242.3930981795175,250.3031481915797,256.7999290945253,254.99194810924513,263.47133112672935,256.65549880226644,256.62968637183553,249.57549241256544,235.95572555681838,228.96246521353964,226.16253341219124,226.6765306789522,224.67841982465112,221.47408740263486,218.79732884578732,215.23785278024175,221.61286710185252,224.34536756454293,231.91095280671067,216.26365044875132,229.25281441044825,232.84966468441957,229.36596429046165,221.0935047029779,221.76422208975868,224.3197617737404,220.727899502215,228.31518484055604,232.99054269445267,237.96255945125307,224.06700422742153,218.50668207120702,210.71693510309757,212.57443448453665,222.2020357582761,227.25554717945636,224.97375819999127,230.96177811467857,225.25067018979604,213.62924792939276,220.93333511798204,211.04448098606042,207.41804624308025,208.3949061285249,210.49954190411643,202.6301811206432,190.6758777677376,196.74707049873754,200.91532064613148,195.87442878514975,197.84230465341037,202.30328186306144,207.16988631832572,206.53216794726353,212.80433126522917,221.23773626101934,222.97962915557568,213.4718792105999,205.5844138011708,208.9875404239353,208.93330775639294,209.98506111973506,199.53335690072024,201.50759859467664,209.08539449173333,209.8275846213011,211.55697949637653,201.38120407532546,204.10560354242654,203.63168465242364,191.49950090148315,184.89088100819498
170,2000-10-17 18:12:42+00:00,251.64311243784192,250.60025873655678,248.91586544461555,241.66017417809638,248.59969068510537,246.71068805069513,241.29695297372203,251.28365488144007,251.96723457000002,255.0450481782323,248.71250740553666,242.73379228451122,233.05105255682014,223.00273872163436,216.93101776146057,222.04136214000548,210.51999840539503,204.26023325752857,225.99080036951295,222.02552248920512,208.93268746238394,204.93313179648615,197.88935277696513,203.99106847059974,203.80571681088225,198.67079930280053,195.1986680750012,205.2054066790072,210.13739822985804,205.82726144777678,200.65852821180636,195.1296381119647,190.8311371355773,192.35606394160072,196.03866235321894,196.24935586324492,189.89915234388138,194.19254980396025,190.5869163479794,191.63023196526035,194.58834078003775,180.79462736913348,180.10561875888573,188.85630816354734,185.02219991539857,188.02452527222164,176.89328326202244,195.38695770752147,193.97886359209167,198.85663489635243,188.46463437785695,195.96957350072447,206.8934078403128,217.32453607086404,215.5888972157275,215.48333048160976,215.49253823103027,215.65064915555342,203.80606628176736,204.34023597059854,201.80821796923885,212.57965449249696,,,,,,,,,,,216.28933257429685,227.188286476234,222.10124660641577,228.14664106256345,229.71452987920813,229.2186659210948,229.02366450376712,213.36818575788894,222.98019605217365,239.57682770446607,253.74562955433777,256.33599501354934,255.98806030644383,245.46857546016994,244.3647793415729,254.64776761835356,253.08010737062594,238.13905147629944,228.75095463272487,222.53722730082958,217.15691906810673,210.7664310894665,214.8348087056025,214.31997205878093,209.6256857514603,210.60013769453815,227.3594199320888,221.93912836476048,214.9822897839861,229.29179036643194,225.84545766636768,221.65028422487535,219.53836946451236,218.6765337249206,225.41427142677765,,222.99534033862193,222.99531622055719,224.26858237409357,223.8731394265552,214.94406115387397,220.05941677701549,228.87154457896892,220.5510776936295,218.87730303773372,220.99942856196432,227.2726007949616,231.03004782503683,220.02317996834415,218.08289756097693,212.6982329208551,206.20176145475762,207.0000899763058,205.62576045612954,202.12463778613116,193.71281894411283,189.80065112684846,195.95944571787763,188.92898548925172,199.4375305102245,200.52654497207897,202.88330692372003,199.70419949088483,205.41907148103954,212.00853700739327,207.92520691323944,207.8575674336277,205.91424896364947,202.57871456768243,210.2452845969609,198.3865829279448,196.82925592019717,196.9621712504401,202.48157989604988,205.57280430202752,203.91717073819365,195.70535107928072,202.4579341645558,202.3336186560952,194.81490553293733,187.37938291815888
171,2000-10-25 18:01:17+00:00,252.70499630965202,256.5120969704793,248.34478368170295,246.82473610495944,245.25015616368077,253.12665968506815,243.02824694240832,252.950005938627,250.96883099566088,252.95870065963675,251.09696207422488,241.78691728285762,231.8863579197444,219.72010300680387,224.45777833497107,226.79597225382423,221.0151062874456,217.94097271628146,227.86798638188372,220.14341251555294,206.96152653321118,200.95771834269473,198.54512480921449,204.764525839993,204.9528760461762,199.00616772470792,196.97093039327666,208.10428344525445,213.27330689102922,213.38356694505075,197.93535949085418,193.1360369185919,187.07007854788634,199.12643852073325,198.33828197809203,193.49333110040897,195.3230041211452,193.4124759168688,191.32492799520554,192.58652255372215,195.5261020447306,179.94749003456747,172.0860180535953,188.6115441213684,187.39275677046618,187.6621314472887,188.66072333029996,191.44025122202305,196.0147166477703,192.88779300160857,184.46564234640672,187.79111388332933,216.46557307579945,216.7352720316565,218.77160019259142,218.4280841816764,219.58848810772128,210.2386700047847,204.25848293089464,199.76676311276708,209.53040088752215,204.7849872968597,189.5551420786968,180.62346820334056,181.52734028956837,173.0564319791343,196.99664731723618,198.4454038041579,195.5951220907757,207.1702450404399,215.13849766746122,207.69870630308287,210.86780057650788,222.58945681743984,221.78779592167166,226.05911570211708,228.05085198349258,229.35579178200985,228.34142662740962,220.3247773081851,228.4951052760285,237.35957643881275,250.4563743400384,258.24073740048493,256.71814192064517,248.04893734978714,243.58307880500726,243.34077881678155,232.03487950279262,224.25738907851468,209.40387447625173,210.78615195800054,205.59701785447257,211.58930502641942,207.83748369835288,215.01052191115554,214.41713359815122,217.01673953278748,226.24623768038654,225.32150188129415,216.49014488437618,222.14082646752314,226.11069390685867,216.41630761051766,218.5547511299311,216.53372094001412,222.9710521502398,215.91229419973214,223.16120578805453,216.57891021897765,224.37860243640296,221.34110960818097,224.53261567965765,221.14494488392359,220.4507019516756,215.49254955272647,215.57832023263884,214.04154452873343,223.52295988309308,221.84594661075926,211.33853160671725,206.88015059978204,204.90880340334886,203.30592047998846,204.74116993349128,203.65930906630297,198.80408372866043,194.63414620924198,190.81197434200706,189.82159896289363,184.77699560507529,190.03477887790157,193.93550960036046,207.58606552219845,203.4738334131036,200.99482420187502,204.55658777147784,212.7304957993374,207.16292708892914,203.08066824653727,200.8608340843503,204.843981653494,197.27577567876187,189.4320263393582,194.36990204506583,199.67152522687323,201.01749149412657,201.79596160404031,197.6019935474858,197.7036858529113,198.70703495179106,191.39825494219372,181.55538760975674
172,2000-11-02 18:12:54+00:00,252.02251951346935,252.67640284873406,248.42257493671013,240.33248757480055,245.7065789451417,245.9218295759565,239.05415231038,252.17540209832848,253.43416980908052,251.97910351116167,250.9114902100743,243.93271969013819,233.3250051304034,226.90722855167948,220.58372807280213,219.27578330641973,220.21895020775747,214.09961855159708,229.5512234568415,219.92245743041298,210.58748136283253,207.63240872936598,200.93107583730813,204.39171766004966,200.32846844414004,199.88007467199196,202.97380542743855,207.6501334304361,214.38405260699352,212.78318212776446,200.09306590791647,198.08440820436817,198.97351501989914,199.97613039120378,195.97186428191804,196.44242652781895,199.1638807551617,202.80623268643203,196.81032135428165,190.0346609704298,196.91340597027494,177.27056616768243,180.73397894615505,191.97690298334862,188.52468558467723,187.7593858630022,184.95117880009417,193.3743255083075,195.8521209843874,196.77189786836612,192.64739840795008,194.58358742188173,214.08674155742347,217.90421460292453,219.11046420115377,223.61701037252345,218.61925773169858,214.38566861382265,203.83380025288332,203.95834380455477,207.0221013099114,211.86427061716012,200.74747282757733,184.85682394814359,183.73690376795483,,204.11206602815182,190.342509440958,205.1777699703107,213.3786122795077,216.46105351320702,211.5084570189333,212.1712961759607,228.3202281125182,222.4115631226212,230.17771738289133,230.9196178654335,232.24338548535516,229.35233955233457,215.82399263670567,230.2714421049238,238.7563887883404,252.46489582150474,256.3206579825835,259.7714248769175,251.10272119372365,251.6065271946887,254.76829737426837,255.61092538620957,238.74457629814702,222.8980462301812,219.13477470282226,220.18043032146807,220.02688901322495,210.67395693781796,206.74352198294173,202.99570180187231,208.14889559535368,223.4299211645491,218.53549672964783,209.42296308828097,226.86513989145055,229.6177679884791,217.30569541278447,221.00529515048333,217.28140730279435,225.89489381122146,,221.15665356942782,221.8883120802093,230.0703308955506,219.3410759922637,228.57653088817787,225.7729037341957,231.05203597102727,218.18233373814024,208.4807061837157,215.1700929774431,220.193075676442,224.82669183056188,207.14268152762122,203.18003930359853,206.69458288982537,201.28090636599507,200.3429849025123,200.1776958562339,199.8217779650444,190.09957757760515,194.30516790932595,188.24766890209608,189.16928158092344,193.24480834219983,197.64445965622514,204.1422003698581,202.2281780095418,204.55591289791613,210.67370762463662,214.34570538007222,208.48800068062667,199.2095373171028,201.51798666401922,205.41420906662938,197.93987715368308,190.3757071962383,198.17380699290905,202.13994733891843,203.32470729630086,201.98632441598096,201.15979907970623,200.72180811225064,198.37757523961818,186.56963395468978,183.18888447835224
173,2000-11-18 18:12:52+00:00,261.4364052986259,262.9371190214704,255.98274069310813,258.1651500047341,258.0077631386455,256.04410708037756,252.5952743549562,258.1415580918547,262.9974445288871,261.82675915417997,260.3695865522687,251.79302406744966,241.91250268229646,231.45359265454954,228.93315686129986,227.92770320429668,223.5020805722363,218.39433864238345,235.085211218284,225.29668026160007,216.58989268516586,209.06768341801697,208.1260584422784,207.97662576259881,209.82933684207399,204.536890455339,200.22620718680673,213.60018750587167,221.42990545659652,216.45553458086047,206.09742185041154,202.10361165531123,206.23267747869204,207.55294018832063,206.0962104004696,203.01385795902553,206.89291668259,212.57054160590437,206.60978991274197,196.6206086290245,204.6751903164689,188.44363332936155,191.85974946626953,202.50774704757214,197.7480446134124,189.31757060404257,194.68346262420218,196.39581809705544,204.47865891863927,209.10925543119828,203.39814117829928,206.54802247886516,217.96859313980107,223.36803224275423,222.29147963349342,223.12774569454868,224.49939819615537,221.0572783064172,213.83937251269953,213.59671931687868,222.8629450608662,221.25345030021788,208.02977634784816,194.8761744387251,196.0504128393947,198.7642698351603,214.97005483591647,206.5707494768645,207.32039676063596,217.3568615202208,219.3131382615369,226.26465426986204,217.2119907480341,235.48106822635577,228.74416220738487,232.6868196603649,235.7173956062467,234.8143938028311,236.01204585388075,222.00098360706346,229.60769640109572,244.31373310952935,261.5174026096506,264.7015531296579,270.34130572647655,258.2369367003619,261.7995408207919,267.3632114222198,260.13562835456054,249.0018315078029,230.6277519392354,223.20528842628556,230.69784676915606,228.18705518620266,222.6849350625232,220.44972625191372,222.08512412909755,231.46900121382382,228.15327833740815,236.31607291465104,222.36525591612258,235.88460735798577,233.30918614453884,233.1749726524409,236.63222415652552,222.36887120519543,233.36089614360566,,236.57052489704276,231.78703038372907,238.90029546940428,235.32647872489872,233.6951681922347,231.74952474961316,235.77256253792586,227.264174890041,223.62712965311658,217.85857667300547,234.87427683252494,232.43556360199432,219.2783334969151,215.51556849515663,208.06191985615885,201.96099740093547,208.1207478990627,216.14063666021366,210.74029273843033,198.1004596473212,200.24296179888248,201.53221350840994,203.441141917159,205.01355260162308,212.38587813653425,212.4720201302782,215.93652261037082,218.98284022268805,220.5629003835732,225.8722559056438,216.43023351208382,210.80528204774095,213.21158425906032,214.6933841432603,206.57768971368986,201.7950027864331,204.10394066246246,207.14541607655667,213.54359530876144,209.48635988198112,208.13377340138157,210.25081539029338,205.6889707595396,197.7832727014797,188.20625877493106
174,2000-11-26 18:01:45+00:00,245.15944627995356,242.77524013294766,240.58632984888243,236.9350015390096,236.900863137748,240.64244975588514,235.38660029542524,247.2529447755978,250.7008165536587,250.75418048399305,245.2752360180779,242.08943334633187,225.71462820076798,211.89106395358547,224.91679165905043,216.1506367615841,211.73988253293885,207.9879812637269,217.9855360121498,211.1575211954799,199.91775799343668,196.97893618307592,191.25970248827036,202.06089970806914,201.39218641435662,189.50051972218557,193.94113424660264,200.38825958352857,209.92141557648625,200.40497817418043,192.9129945293625,189.45730808904057,188.30196482802563,202.04963496591876,200.85494326071316,197.3265922651572,195.38910853429837,194.20177657736474,189.3956712292485,189.6779485155441,196.02069803841889,173.3177969064452,169.75780501241422,190.4059107994555,186.1975833428998,184.3017204653055,181.33376010088534,180.73535743651018,188.7141731337577,191.16926682290108,182.93250512808407,188.561049905861,209.16229595996577,216.91608729372928,214.01546621570077,220.5042023323739,213.57529555846622,205.88150366599507,197.00456143070684,193.68886491872,206.7878878659768,207.90714654709143,187.90413158339072,183.76909516220584,173.91426890328194,159.3652493253942,201.71514975614923,191.42449259656036,192.8528474022512,204.55285552293458,213.9321120745833,204.644076394933,203.1740265516983,215.82763496321047,215.6834585187575,217.7034117283555,220.61688383479685,218.38374456499656,209.64684690190745,210.85559613042068,221.14724709257922,234.00433538344254,247.67975697962,248.25095635499622,248.16572791791424,240.79891106996598,249.951677624356,246.0224713294831,234.7846594855601,223.06714398681672,199.85745671428657,184.3587940172028,196.43840468736715,199.1612479819933,213.2760197724849,204.21642380439482,209.41185789759822,211.0471925902052,224.74401964411624,222.03416856292841,215.86843035942684,226.136212893206,221.20454172947015,214.7818096792434,212.26800657125415,212.38425846204828,215.31175256914457,198.43997734851513,212.03259948926936,214.8810297530191,223.29382908586575,226.45257816533035,226.8012069543872,222.08114376918212,217.67652841167123,214.28443397933694,202.6787979827294,206.0981686887618,216.32859603718825,213.22875412306,206.2428538632936,201.02328871825182,195.51371231573935,194.62042855036708,188.7837276453527,195.0816615567601,192.85067565834458,185.75632996075228,182.21660185674446,187.06070281682253,182.9181833987187,185.25496221915955,189.2119115790619,198.59577363792476,196.26568279042922,198.25082839363304,197.71229165140164,204.87105573148918,199.0375733635061,192.72546648762008,194.98134349814214,194.11473574780536,189.84433520797563,177.78206101227,184.95295515587523,193.28720234369612,194.09502244527485,192.83026222422623,190.48053820220022,188.72555232707379,184.69363896575658,177.91308639410806,175.72349466030238
175,2000-12-20 18:12:58+00:00,259.4104853309449,260.4909914684217,254.86992167256645,256.09051691668594,256.93193300797986,258.7950678596949,253.56882795583573,261.4117166274875,264.7377439365376,261.7766274728684,260.8501135750255,255.3060398314185,242.3724237932073,232.3949161009126,231.385115034331,229.09307041797035,229.26111459703134,221.82734599110188,228.4643258532751,229.38588424162927,218.4311892092802,210.4260980385423,207.3375590486391,208.64946463545127,213.73483787272374,205.4577451384756,207.63906551134622,211.050776128765,222.08020476190478,218.94528918167492,207.13759676652194,203.55191231081693,207.62375917681908,207.75629382575136,206.93889590743737,203.85142969779673,206.7628487270208,207.21952542629256,202.8892119227116,200.70641271115704,205.56996822767593,189.8275452789021,192.80955905266083,195.54240840894596,198.32515051114595,187.97664130119895,187.19321746899823,191.79517136354542,199.06771832972169,210.25538517693678,201.21014802991667,205.3749870770006,222.20723879525713,220.94218054466523,226.33574846100777,225.1794988934633,226.95558433398938,219.964197236118,220.94211684117124,219.7713424483331,224.44868473940676,234.36225425466841,208.9218753605802,189.03541109581127,188.63597589345378,,208.51090780543734,207.21833480595302,201.86017220857696,219.12613954635196,219.46152604674248,220.59361705435748,215.77305431948363,233.0755873346349,235.8884691109406,234.11733928891402,239.32962960076776,233.82429773284036,238.45796255240612,225.90119165528057,246.06838315244818,253.71750136117512,257.5442344422022,265.1655664051941,259.590981323134,253.78815268478394,253.9300420133224,266.7560620186287,260.16331561101254,256.8376790286791,231.78278418116338,231.92287818581656,232.18976689659888,228.92607554790047,217.67907932402787,221.82106170164636,229.4271240837999,233.84142708557985,236.6518847278491,240.8015807847579,231.02376852462538,240.05874222686123,236.57929986306266,224.79008993618118,219.41249760119453,226.10780976695844,240.43516124336287,,243.8598740353316,240.47466296595502,244.13665621192914,237.11981432349035,236.58649201435426,236.6400572104081,240.14373148123926,226.66724812368312,218.4572565061078,215.3111014707768,230.6614729307558,234.28456511505354,217.65671762067558,210.79649265414125,208.3729472204484,202.6776617142399,207.2506914944379,209.20514783591244,209.26340714962456,201.9202714565531,202.65512739427047,204.95202380471335,202.06203297901803,198.52981774546274,203.38004301174203,210.15852026456656,218.57359448402383,220.5505148679711,224.99844971483128,226.78693465041573,217.450210698504,211.98961567503835,214.2099564018348,218.21537156137163,212.29492042837595,209.45168096649854,207.281044370055,214.25788984931495,214.44259061051494,217.99852254374528,213.78262121958102,216.09767545758143,215.89618690628734,199.5403182038315,196.41901530219508
176,2000-12-28 18:02:15+00:00,251.11321560372903,256.0067735071307,246.40950208585983,241.90849696760176,244.1746923313765,241.9616554867,244.40119065038948,255.0587886970099,256.0524208524926,254.40189725653954,247.39737701521082,240.9034348608513,230.93910160250584,221.20131796841247,213.1411662419976,228.1194002725141,218.65269452178177,217.81260976029517,228.67370607697632,219.01337190556325,210.29779185288055,205.23870644094904,200.4004583879303,201.90641118557494,210.88138520733918,200.44420993472758,204.00381006951017,212.84118103722628,211.47183715252467,207.9315394535846,199.6295221316383,192.09508430393385,194.67541959939717,196.49909502873692,203.50072436672622,198.01951130675496,203.88260117262524,201.7564813447608,198.20644705312452,194.22166664987833,195.92269345476853,181.17285390902126,179.82248755323587,185.25968492234307,199.55291257503728,180.08650568729306,177.7572926308021,179.39586942645303,191.38371162313726,190.17083243061478,189.2335852543922,192.43816657125615,206.7368484762166,222.23146726752265,223.89163934064692,222.32147572091432,223.19627906104034,217.0432944601781,208.06790296205634,207.74901655933525,214.811931340088,215.4247236265059,193.4051762999224,183.25487708813432,180.58508270192925,178.66739862633517,193.170651621724,184.48027977507644,195.0103278758255,205.20794962607752,211.6955496082853,206.53499687242385,210.32944015910968,218.7193987005181,220.8948605077253,226.36041993100133,226.98218621795684,217.9495942553457,224.09638080074274,205.50254144587313,232.0427362089115,248.2177161481568,256.48257498969485,261.0904076745925,260.4693251412625,243.67062346242938,249.67600850475114,252.37417665276286,247.82899417322517,228.98647197900817,214.71921495723484,210.6758568240767,212.78511610172842,209.96600082016127,199.43587816313794,204.09481284944243,192.0208333197695,202.62479811420258,218.51706674632857,221.28760606758647,203.8270012529225,230.63982660395425,226.73639380893974,217.02332547077052,218.80726758564526,208.98896475636047,221.642806684476,205.20668959609736,219.75175737674195,222.26051866871057,230.3318297563585,219.0126956996364,230.82393235746352,234.53391467192108,226.99486215186846,222.55363197261698,210.41340240049394,214.8723869573417,220.3274313323529,217.5765201417439,210.61596819513264,203.11076323309993,195.39768669526563,192.9018769437284,189.28141855991808,191.5921265213438,192.74006288593694,185.59669514720701,185.97384526146993,188.741117160147,182.3658941834158,176.59347090476612,176.8636321935449,191.39594380556116,198.0153968141464,200.47393128896837,203.238775374615,207.71481832710109,203.54039481153438,199.82111418716212,200.9841969311239,200.08260509709226,195.2854768650284,186.4311800111286,184.69000014648253,195.21221609604657,194.79245817600818,191.65057300223444,191.95361540652064,193.46321184556786,189.65903236067462,183.19072205549858,188.2295071700118
177,2001-01-13 18:02:23+00:00,244.06875394648122,244.19919061898008,236.99127410813503,232.17954345770684,234.47435063084282,236.04116119161966,236.39207064784912,242.82909447991835,244.95342781882243,242.54462426561275,240.4921865388784,234.8173621137398,220.33891108523574,211.52087559003428,204.78865223832554,217.07948499176968,211.87221490309634,208.09064785883655,218.93159771434927,210.09815757290943,203.2013694203466,195.11506851058112,193.5837848258942,194.44722011941687,198.49716371710196,193.46157253784503,194.1307528165297,200.9269808637771,210.89099763952143,200.4671752315379,187.71538017090074,188.3650759224236,188.9026804875366,187.9651013273287,184.85754030911426,199.03438110301062,192.15975977828487,198.28222654998143,192.4313965074577,184.91193182275669,189.53478323922062,179.37093014592898,175.67368663440774,178.55043487880914,187.5463202446053,180.44036080641655,170.5874856069799,175.26132358071607,180.36258803653647,188.92118745435857,187.90655196290857,196.65036840648906,204.68533383958973,206.2735739257144,213.46352042047093,210.27229066714557,209.80250002217878,208.6330611628977,200.41227007252292,195.33165067898898,196.88734142261447,206.96554873138388,185.55320245398988,174.85525033203896,173.6163010559692,177.41636715684427,185.7153083321381,165.2202774670395,187.3255320741775,201.09648143529307,205.2960536834662,204.7995592072008,206.73981132073834,223.20152415843407,214.65003249040416,227.55872067436474,225.34679382792524,216.44227970365594,218.09970365654738,207.0852382179604,227.48866838088736,241.53792057060298,249.3746791772851,255.38568536505593,250.96625842268767,243.10558164292746,242.52261454363713,248.16531201637412,237.15596377080192,232.02396214385027,206.03601486106365,212.44345054341076,204.31270721804725,207.83389309625562,200.30909848473297,198.2943302807211,189.15090416715125,202.89485349952764,214.5391525818703,215.23432761893912,198.93042206214145,217.96788107693897,213.9668603540374,210.9760269550496,208.21997147458836,206.87913646330907,215.15218421434685,205.4355003076532,212.47263216486442,223.16008446609897,221.94615319336557,212.35281668428956,228.00809503515458,230.78650510358364,228.28569693420195,208.36895016867425,195.817622236531,197.57110590940272,208.2627208090417,210.54416723781648,194.03743411566313,194.49400474173984,186.35301390621566,183.37366741668694,183.73286981996026,185.2333309156147,179.51177599495423,172.95037012161737,178.24011223578026,175.55997898726764,171.8496325839932,167.3925711526852,164.7405125171331,174.71751492564502,188.09149432453512,192.93225338239085,195.75306631862122,191.9378469344492,198.96973271840264,190.40718346891418,190.84257711786253,192.90320633230704,189.45554523363006,178.89556045186285,177.65275336992363,189.53833856777362,191.93107987300084,192.87632848744775,185.50755735239824,186.67938263914826,179.77370817888465,173.86983614246253,164.18056187285055
178,2001-02-14 18:02:32+00:00,263.4351842098275,260.4224292793439,252.72724637772842,250.34358799049923,261.0573433987288,259.2157196741069,256.2489113244915,256.94140416384187,258.7423954639304,258.7009595963665,254.22403149995966,245.32472716426938,233.42154888952786,226.97271119616417,228.0997686250124,226.05264059367275,223.21053340869827,221.75085465222938,225.08178776350857,222.7132645369232,205.8724849446133,203.34208083248944,213.63797548994648,209.02519934368433,211.22212894239027,205.77502743916403,213.24578574512535,214.08383979300598,219.0553824913843,215.3333488528536,213.33356681420884,201.80215212915118,209.08510043651802,210.20707931047482,216.17761001468534,209.10766391043373,205.52054117572558,217.45818674161018,212.87130944300668,199.3957427616001,199.17745956973081,194.31434879526105,196.99975622785482,203.5787714695739,199.33231327987917,187.93881612692417,182.46102935456636,193.30073195661015,205.66407490478417,214.69687700749535,202.4202406436373,215.73720707561614,222.56798466376688,225.2861446499628,222.02147871797382,226.20787859588287,222.77597391222287,218.95585836107233,211.53785589123297,204.4572050297968,215.1504623586999,223.869127432454,192.77358192291663,178.8019581366108,199.51650507069752,196.62159864463825,209.8953974690869,201.7025126884771,200.8722438382281,214.0541549604792,227.36569037140865,219.53006507103532,226.78553902513357,242.35824096695364,245.53455628799085,244.34515251782926,236.01758637543006,245.76725743476334,251.57805651750454,249.86141572754306,246.98605068860923,255.30529580130474,266.7592372192811,259.8269438168859,250.5097848540054,239.39200338634134,247.4229179233708,256.68680854222566,248.57821955259357,245.38247072062904,237.88188585149936,242.18027980654875,234.17621040401508,236.39127497674738,218.0354607041241,231.19012271000096,233.303271183336,236.50442221185367,247.9025802464208,246.90558000731454,230.04418874457332,237.71993030447044,229.9967415153273,220.22186557327163,221.79680881206787,221.9719430998126,241.6333173561227,220.0470278098943,239.45697811734496,238.83900106408845,246.3381612628911,238.35231759803935,246.0046997057346,247.7287824677316,238.83049326914642,216.1963018141057,214.16073570488157,216.57660480474442,229.56288338419063,229.60114262795958,212.4342576132198,209.06936550401022,202.97815034202912,197.89528411229176,194.54138714983026,198.50588116861158,191.4587615823959,189.10663236103795,193.61941297717945,192.02936042359562,187.84854379215068,181.5034190387932,174.2497346829741,186.38118849500336,198.40958260185803,210.2776333879989,217.39408514586427,215.11827302836122,207.33477987863347,202.32956401254455,201.42656203240364,198.25516539890612,198.47887590064198,195.7623313171615,198.75328233248422,201.6509797784047,204.16203489868207,205.28460513218454,205.8501329993785,213.2661681563389,207.67316516790996,188.3273559470208,185.89561995850823
179,2001-03-18 18:02:42+00:00,267.4792006451105,267.13885109896086,265.1877600330683,260.94689258327526,260.80127232516514,264.0529798415513,256.2821237824651,259.70764826550754,258.9354146227151,257.067764102498,253.06811908629197,246.49915040595712,235.63460576077154,230.49956371896008,227.36480888584813,231.40850849872353,228.01247621218803,222.15463191462555,226.6538585988294,216.54684751860634,213.72723636737607,202.55168714083874,206.9948643267428,210.14514015136007,208.54113428153897,207.46045053332247,207.8158962590841,217.60678206805682,228.51376333837837,220.8062432542137,214.3272943664784,210.88160695968207,211.00483740910875,218.37571885073115,210.92644788314863,214.27913126555165,209.7738066619707,218.36605669850337,208.42035026239523,204.1618960447981,204.93366629616372,189.07408838851114,197.94210738911593,200.54162323373745,198.6874934149905,193.94879628727156,186.77226679338986,196.856589998123,206.5565935908407,224.35981944606013,209.5332830943531,206.67315543952503,228.7216792389097,226.64266889452628,228.48423924601485,225.4072987447628,224.20172123798721,218.66126845401618,211.65609556011646,210.39578103967187,220.99349797260737,223.96920264170586,209.17586590138708,190.30416935646667,190.19907914804307,200.14680425323195,205.91762381763414,208.09362665605272,204.7281507967606,220.29898772473018,222.31235712833376,221.77370469074475,224.362799347965,243.08030802369038,240.8204398162914,246.87368659251166,242.03894719349378,234.62690536359952,263.4626605974439,252.40787251166972,255.78012857599794,258.9079141231268,264.1314626802349,262.6513393175407,257.1807206140187,247.5002374210978,244.66774975233557,248.11160593485556,249.11765615320166,247.62488110264437,238.648680620495,238.97321909546443,239.90475712296137,237.73964284966797,224.9942270405092,227.86830182482146,230.92571084926175,235.8785301084737,239.37983990572602,245.0953783932547,232.49900317138315,239.16768006878618,229.35952237386851,225.1251441744497,223.1577198142969,230.92564548756968,239.9635616685721,251.13827351576597,244.67536626582847,240.96066004432373,248.71912883222353,244.27837239483213,,,,,,,,,,,,,,,207.3270565238258,196.44170708501736,195.20795309131935,200.0390550826526,195.62803673920158,191.33160241481818,190.34813239839826,197.45953687156248,206.50893792858625,209.91841690591554,222.47148874295937,221.0496396514624,220.2325038857741,209.21284322170737,208.78812954902872,211.35763777103833,202.57567903336272,204.4803886649235,212.72349848733552,212.29731166422022,214.25129896306953,216.59968167672753,208.48398895493597,217.76288106952614,215.4370448380222,,
180,2001-05-05 18:02:45+00:00,247.0265644349886,253.10388640961833,247.96015670415318,244.4927937430334,245.09266729717405,252.25556343251276,242.6069751165731,249.94375052118687,252.1639147454965,253.9644610483199,245.16482605879466,238.6938351677868,227.63836757455326,210.4607734160558,215.06880938154092,223.53773099249156,212.4386775390793,206.99993364710122,213.8256942403932,212.11618402112128,203.17664749138746,203.79691903676547,197.1155771263633,205.80157137812284,203.10894704291286,201.1400154923439,204.13519380186247,213.08691399027734,214.67983812158303,211.17658489947547,203.5632479949411,202.18514094689306,198.24956029677264,200.51023403785175,200.63913942480795,196.3192665995374,185.97504573698157,192.60401601671975,193.67536618448926,184.76955530327297,192.22178410458912,169.80317949664288,162.27845064956256,180.57364356236013,183.40624584632417,184.09852158921643,180.10339777543066,182.12231088494121,196.2909837931,201.68828319367594,196.54038448658724,201.2106505271075,214.59341756910896,211.0672183856526,214.7952301852495,213.27707454710566,213.0827299032934,203.77509448914418,201.52771667655628,197.3345637364357,206.62964851247375,204.80202097193848,188.2307711493353,176.57392916385828,179.5657317961672,175.74680354177917,194.18347028136617,189.31585949543867,195.52605783717559,206.8897503160283,211.94977126382196,214.03129260513975,214.6924829017154,233.25547475508284,233.9732892019597,234.9995387395059,233.5947474791265,225.97137372417063,231.7822832755944,245.3086078498897,244.93720620571753,246.227025499944,255.52629894786344,251.4052996144839,245.73904808503104,243.59830977503404,237.09754746916454,233.52766064004038,232.97644117635258,227.58516327617986,213.8402849042728,214.14398900470496,209.5261681814099,216.05589196203596,210.8998963276656,214.60388650129633,218.15990795016737,225.49218132596758,227.1894882859192,228.68760729678058,217.4902774060588,225.15041809599612,225.28114382665555,210.89478686668477,213.00465718209063,211.54346715144123,225.48275692047156,213.43689386093268,226.58138835588437,229.06722463701053,237.13887498199526,230.18651686350097,225.73544935731167,222.2059434984953,222.96343338600767,225.26175503124819,222.92161963322275,224.5080490913171,228.8666063038788,221.27498249347525,209.85059089456848,204.414888082886,199.7249059173562,196.24372138268598,195.17891588420176,195.80833193210142,191.56957913415562,177.76426404650147,178.04480338391673,181.9005181311536,179.9377543903202,184.97305966114754,189.54333380292957,189.30050146764353,195.59019313548964,194.40124655383823,205.75908157269336,212.3674714892726,201.53072927621918,197.37896254479753,202.1680690030444,203.4177424675646,189.06622871039357,183.52717505834318,192.81504459584147,196.77422312552545,205.37315063295412,205.02222550985488,195.99400773477555,202.69471672002442,203.1899685332003,186.79736466946287,178.06863755519655
181,2001-05-29 18:12:19+00:00,265.930771300581,268.7840649514893,263.3328199041213,,,,,,,,,,,,,231.28177370329428,224.13666106878125,221.46068463198094,230.19206717403358,217.79890448124218,210.2199887879852,211.15064612345836,208.12927875149154,204.99754312592927,205.7215549477595,205.10020345598568,203.8849342586788,219.75361419406457,225.62587713365645,223.59451670783284,204.0390850679725,204.83298250817762,206.10403108485218,206.53291426501247,205.89007359775337,206.78682235589253,194.95637961399876,205.56187207208268,203.3004839511513,194.8426217874529,199.68563619230957,179.94018341041766,184.67747170406096,194.76915822957866,193.50792874564434,194.49919097413147,194.5068897025198,202.99698546600695,208.76442322416966,222.41766036462968,198.45300042771248,206.076370627975,215.6794866148009,217.87933413545326,218.9121426519873,220.915454239599,219.30598496512948,217.8839577502539,207.92348148231378,206.23914893756233,218.9264689914678,223.6842168366311,206.04120259821678,194.28273385539245,190.47817329780483,179.1210178611114,210.93361019982365,205.72377847532192,210.65416864240524,214.7686491612279,226.84633057143233,229.20191779708097,233.83942815109532,240.1371911049419,244.47045174032615,245.3636220390593,250.7391264746416,245.43884918066905,255.75348230097944,245.12193656701476,241.73038474404012,250.89710654398021,265.22343734209653,263.49015369270035,261.5752048932171,253.46742664536688,251.4901361417854,249.82118288186814,245.25646287342397,242.75131569212954,239.10710088699977,228.86501506536734,233.40269458067348,231.66493911016548,222.47456373930623,221.58729196348065,229.95077025144298,236.68045568192866,241.97689542043295,244.74752773056434,235.51903251814673,233.82293839489702,228.45377319225142,232.18194785580204,231.6791464964188,233.610636484468,250.51901655391904,,254.13072177110334,245.06953078767657,249.23105806434904,235.32194538026994,230.45554173049905,231.65223163280086,232.1235889841521,246.1095361545553,237.17836461211448,233.89788080554615,236.62265792081132,232.65845508736078,221.48083269655163,219.99790641015366,212.29615379296257,208.48545986953707,205.49911457060625,208.0580024836657,202.44427839514864,191.03522811577182,191.28685659653343,186.35533292778547,191.47933740701845,193.9898455636338,202.0884876113273,204.51585223333942,205.96750993366726,211.7409348445188,218.43174227647603,221.5182307800692,215.68072016284947,206.15449119604432,218.46835214591414,217.51252478258124,207.38157610803307,199.40463808468547,203.29031978635936,206.69025260851853,215.63564585257785,215.52901649213095,210.73606053912007,216.15493767266818,209.0581574006626,204.70179916280262,194.2429865626494
182,2001-06-14 18:12:08+00:00,259.4410719204734,261.3682861851339,256.1606481601361,260.15047294052465,257.25670731997025,259.23862018515354,254.11518140919384,258.5416239622783,264.26053244537184,256.2646055288756,253.32019286755855,250.87212084266451,238.9477314057783,226.43198440084814,227.70941234530596,224.45574719076265,223.38919145911078,216.950605333714,223.9864661454059,217.19233368196188,215.94827526867476,207.7630755252581,207.26543136091263,207.82566981765353,209.90862744099584,202.45625628820483,208.53395958610102,213.6105739767949,215.10730516194985,214.80050161983814,211.26213798893912,204.48780668838845,212.19634777534895,207.99390426219082,207.3141986405103,203.68252043061028,198.02455390567138,198.77546768440703,194.97950010705605,195.60212121382943,201.34597153891818,185.168698426451,191.4335458667503,193.14659813193833,195.56677410703298,195.68422585495043,190.57920544410814,197.89968370122534,213.56318039784205,217.48647957171534,198.86552711721305,200.34357792459372,217.0698428175154,212.91882350271572,220.6893565283657,226.19797551599743,220.0139700006972,212.25749320824642,204.91722839110054,203.1268127205994,219.2166217547981,215.56108921965304,199.23600504801314,191.5546735985762,191.95167528746487,182.82717976769788,195.70685264166565,198.05648568332504,202.80693432957418,218.6681216480948,229.41960256473783,225.4539678364515,229.82818993271502,231.09716105003676,243.2516532188754,245.1702853923972,244.26338364129526,246.44123251591594,248.68556861811203,241.35746183992586,235.7836902907791,240.23604248871294,250.9172785734935,260.92942130346717,258.17401223626416,255.42055688697542,250.18074566107236,255.13647533784294,244.7545512313548,236.56371252878984,229.07318974753474,224.74655462177876,224.77272880477466,227.4018382178338,214.99285664343432,220.51068678868378,214.10236004601668,228.75950898779118,229.5325308213215,226.69712169399924,223.23152329191655,233.61664216322885,226.96097807260037,221.67642552744132,221.70698118308428,223.52465212238047,238.5464773522184,,245.84670700550527,239.03452264947825,243.87663603692368,231.8393326855638,233.89973607679642,228.6660453315347,230.56473294490036,228.8417005839251,229.3258961151098,226.57141392955904,232.30552621124696,228.41920901710284,217.58210701314442,209.58997748711533,209.358437229738,202.27941501517,201.24440964800436,202.11074236827332,201.81038852778056,190.76804370684323,189.68801730485393,190.1520302446669,186.2119313852193,190.20632997328278,196.24778664282135,204.35104295585387,212.03465144069654,213.387267037318,219.6234394901063,223.7245670386753,216.83404984284905,211.72680692570128,209.5500660403016,214.37559819519143,210.02239412607122,200.59691169101177,202.39002079611984,208.05909891150657,214.32991370114826,212.41123490612145,212.48966546448577,218.22050047624845,213.53234186664622,200.247289180616,189.16573735070205
183,2001-07-08 18:02:57+00:00,253.45611189974193,258.9767982326459,252.73105968225457,252.8356251180873,250.86154899288135,249.02902208318505,246.5464628970509,253.8343947564129,253.34518240086038,261.12536337875576,251.85907945066697,243.9817467224813,231.61949095178153,222.39506286612453,221.38523082203648,217.54619753011045,218.41567701285305,207.05664352618186,228.40502566053158,223.02412806252974,208.7472444887463,205.895110611956,202.07223389214997,202.6550299373867,204.5993134976601,200.4842329768419,198.25166133228208,214.21820359446934,218.1182589345451,214.0409124969186,198.28340156032198,199.63298496162508,200.66733900272632,204.73904285999987,196.28004468000177,193.69459702914406,188.91509876429018,197.03858526003978,194.91946495269815,192.05560362876022,199.50642253249094,177.0174742404354,176.8888293251244,185.71166443547992,185.89688302356558,190.85218197292812,184.50933670366328,202.80884081635688,207.0801620055229,200.66160402451584,191.44040573075944,201.21886282484334,214.13810167761937,213.5413202840709,211.73825330069258,218.53671158657266,205.8154305529205,209.35680488986716,200.20044471529604,195.53047726761025,210.11290334110444,212.42749174479573,188.2523827341024,180.75411437227817,185.98504155514874,169.11880883068892,172.13477083185998,209.09824387858194,201.06806084530035,212.24325944173745,217.5944973634668,206.25314530339688,221.26368377229238,241.52435234089384,238.22852497729144,240.6371755836176,245.06841683535018,242.40475321679247,245.41215736603397,227.37538845885146,226.29373458546735,229.2576998728017,252.30765911382315,255.37317498371732,252.430307550997,242.74104909399,242.70433965810025,246.68357415772397,238.77894195561606,228.95015222563387,224.9671545013013,219.42670315670776,217.9180630841217,217.20200092431114,212.85790702665707,210.88009795983356,204.61308578423973,212.8440703604399,222.66240961291288,224.71101381771854,208.0094416496101,222.9383528998067,223.98909736821327,209.92831929152618,220.2530185254911,222.66150829569568,226.9282525821755,218.90990940858237,228.65317285224202,223.91907857568015,227.85391830442737,221.92333941754856,219.19949177655946,220.26060063458382,226.8683410893921,233.86456634663503,231.32922879690108,227.34141466567786,228.71529903449147,229.65252669963172,216.36443568515855,210.47482671378225,202.02049464358535,196.7737908699914,195.71927824303413,198.39604209608547,199.68992877537698,190.42931781767925,188.96742556461055,185.44259680180812,185.0018364595762,188.40180033628542,195.79366029512826,202.21078577617163,201.2386788821338,204.01179541164063,213.6084803323424,210.207451067713,205.7602955280204,199.87585829989433,208.12372902765148,209.70551054533047,203.25848487314056,194.77301912940428,193.53878808598367,203.62692290443698,203.44528524841027,206.18240368238116,199.98022056980096,206.34045596702475,200.03810337012263,194.98516777375968,184.0209426073842
184,2001-07-16 18:11:53+00:00,264.2735033493244,263.8250487477898,255.55276456207838,260.22950410378763,256.55358192880146,250.90322394090472,258.81895959093407,261.0031791420203,265.24969672497684,262.15109092901884,254.37436086109523,252.07725889870804,237.8750798612948,231.6550679578467,228.34202242326185,229.9099100363392,222.5736645771108,222.114066136737,230.29955596686924,224.75747045798965,211.6036025166929,210.71004889427488,209.23455807702237,208.76992364695462,211.37240528120452,210.67281788861698,209.49072304524137,216.0900279928489,225.03086672163022,218.04505261501055,205.29807123482433,206.09135988203386,208.01947599532718,207.4726536247266,205.2406183388769,207.52765266561397,204.23207712132353,206.64574845857723,199.1526225829656,197.16011967742025,198.1324642460728,185.1499808810634,178.43929737138663,192.37508845489975,195.24316893139053,197.55584061465882,193.07062565986791,199.1414956748521,202.0780854737842,206.1030669546728,191.81468435940644,201.30436479999693,212.22637653349082,222.03796281040775,217.05127727890212,231.58732740362655,218.95157894046048,215.24007671541753,203.05695158119292,207.34762261459912,210.5915654549123,215.33030742083875,200.40151109164816,187.16430674380334,188.16847103149956,180.36469245963508,198.32977790154408,203.2346131798649,207.54607602976012,213.83176380906,229.91493030469894,223.1399698448931,226.70543478401498,230.98501965263262,234.64312236694636,236.7885154712084,245.45632157791172,240.2820158043011,232.71632682146264,236.23938531269556,228.92843935859196,238.78069757325943,253.5980402599649,251.64516835687553,251.5739494254313,248.37376560051084,244.67017685688757,245.13393893841842,252.5306829986513,237.64265670319648,228.8554377601373,221.79385294310654,224.76860378224336,219.50173396531557,210.55962457333277,219.45001994053283,217.10313325490654,230.7778127987933,227.2291774790385,234.2660949248024,221.98900882395534,231.65361319055563,227.0897228177932,220.3441343761562,216.33118605071527,221.14002786875662,229.47152760728727,,230.8590813762064,226.29894226162708,230.5181348459845,226.23992239068272,221.39141931935131,220.9842662425574,228.59009299057976,219.25826651752863,217.68643881261818,215.51329893489248,225.50679491714084,217.377814842433,215.6650422164221,207.05218331661666,204.3254816515485,200.66134025608366,200.46948091350953,201.8919852440742,199.98599986106387,187.72086589762836,183.94101650578995,183.86378831310628,186.6031307022023,193.73820602081443,201.49943492648615,202.80503395591407,204.57660955429537,201.09493936902788,215.97073289700413,219.31509792314762,208.877613299276,206.58400530947586,209.42882997659592,208.66938994452872,200.29542293877762,198.17966424346804,200.11260582322794,210.19217406372974,209.46272018253217,212.44150024028534,202.04242237132257,205.76148199207535,201.79813793951465,197.95785586274656,187.15268044070916
185,2001-07-24 18:02:52+00:00,252.86843995770604,262.1888207325072,258.8262998302794,255.20593078389467,253.06810008771154,254.78179073980073,250.65129284105817,260.32229794481157,260.8893179971469,265.8516690217279,255.18756807558984,251.22606912572772,235.33726260842292,229.69655500142778,225.13520453134868,224.6983727982556,220.88236686385727,208.4656918467131,234.69916759714,228.8793355245977,217.10137513686698,213.54388112648158,207.4238413264838,211.07922311332158,208.71287722824513,207.74200639470095,203.2389057414461,215.79300179101972,226.1655067507068,217.57787232398383,205.57800724976306,202.04211376827567,205.06143798145746,210.49898444763818,205.3122312867723,202.0966443977298,193.80506418086526,198.14012768857134,200.75961640950283,197.29506323497776,204.41481403547724,182.8687124560089,184.25062327845978,188.241499484361,190.35086950913796,190.84891885768525,184.50490243404403,200.75708205770474,205.08114904223396,201.22710962440334,194.65238685028862,202.32958000161065,220.4466733872231,217.27951884791077,215.57031642129607,218.37517575296113,206.7642759477938,215.88651589431709,204.48817671906653,205.5860722363992,212.462242021613,212.10944303840265,193.5006051428573,184.47395665480596,191.41271345863674,185.79417238453135,188.54252586393704,202.46155772945764,198.54613712272936,214.16912039934698,220.32632691510472,207.5101774098399,218.78557551913968,244.92168690104245,240.98517603959607,239.3666237912302,243.9779591828423,236.70937775696964,247.7268641659593,227.02074819344733,228.47137799427264,232.5654507670592,251.29205116578936,251.87577925697815,253.79755412857912,246.87685895068847,246.01026067482655,247.93903787447607,238.0980154569333,230.69459366488806,224.46308184023323,222.9692775368635,219.6241994348067,219.13581229025743,208.42681137145468,211.90707082433363,202.6200410077488,218.47437188321166,223.72530747180554,226.56860291822852,217.24470624652514,230.2113286537564,226.56232864878828,216.8885589728465,213.83758946444513,231.5323230246948,232.58920631052084,222.5688795306446,230.2204647834186,229.56749193763793,237.06875157151546,226.48493021600726,222.97515580239354,218.54131208565744,230.9446333112145,233.87309301954375,229.21561381148717,223.3783787344202,223.29580215408592,219.26518774574134,210.5880652044251,207.90441922516686,198.62945651350708,193.58042319716634,200.24396548384286,201.72756809227872,199.6772444118517,189.01805870417334,190.53214631282452,190.3872843146576,187.80625386074226,195.03843490975112,201.02215383635226,201.85579877471443,200.38467232289565,203.72973198268613,213.11040602206617,214.03781736731975,208.28292288938928,203.36586270413824,211.45998405627083,211.2325451641647,209.0841321538759,198.77157729224092,197.92933794637554,206.6811941089616,208.95951808948092,208.50886605883093,205.06213982275466,207.7396373194376,205.86298482214576,194.39528323889613,180.63465471264664
186,2001-08-09 18:02:51+00:00,252.02834478674959,254.69622109128133,249.72966875841,247.9038639582573,250.8325083666743,246.13877311468366,242.03737596068225,249.08088889221165,258.51541805583986,257.82286545202834,251.80950089002692,246.33590767496494,236.16302648438614,224.9636666246688,222.13620541837867,220.4643867707593,218.23451955445455,219.27400179989792,228.93716240842832,220.95994344111114,213.7092646074343,206.83559652286232,206.11147220552238,204.83586758786544,206.66338613835356,190.0805727313019,209.4335420371878,211.98073393617284,217.37023629243686,211.42963750633413,198.2182223238282,197.9064664074045,199.22693808820742,204.4105098832149,195.82730171200973,190.4452950560124,197.3215096309129,200.03433693570457,190.92846588068397,189.61398716781216,193.09115322203797,175.3912798579807,174.4894286022415,184.28019669495802,184.46464835696207,179.83232027922014,192.19807481861193,190.8586800407952,202.71366339827102,197.88539126832995,192.62638412078746,195.45239995609478,211.1723333410527,212.29296569993085,207.19358552405282,210.598399632471,213.26434065142524,205.35864397335962,200.11569049576477,198.890892778935,209.7245808662655,206.4841473806855,194.76319919162145,184.62181518311817,187.88041677626538,178.68212253468295,192.51119842129782,195.4783957522879,190.2237237180218,196.86285930510383,223.50121094394999,213.87455965003002,223.18845620722644,230.98209061444854,232.86625490219222,235.06568393247665,235.35246638096356,231.37375988699992,237.67052878167874,219.60080570642083,225.14348814915533,236.06782217190036,249.46115082575722,249.18485839291645,249.41582499411314,245.87882198071006,251.8785405295326,254.32217165861132,235.26388052593322,,,,,,,202.99512774992553,205.30209140772766,212.37107820555826,220.34962774777233,221.93782785120226,209.99817033058645,226.37412215503656,216.53772634240084,220.16532412016812,219.22576325074112,214.23076909213682,227.8285549444327,214.84921423901895,228.9596631912965,227.7030880104757,232.8951505325333,225.2988726993878,220.80400301374527,218.2912549343934,224.58657012490767,226.8125993916275,223.83597459384436,210.70038407100276,224.22577084983354,231.65888751219,217.33801308136538,214.84897424710323,209.2033839176151,204.17612940911292,197.698858776628,203.7711566677571,196.07593580851398,182.34468260765146,184.97305294386757,183.18949956120088,183.32501171817202,197.54877242327882,204.59149907287207,208.24365525269155,208.2836836568946,202.8217154421992,213.44530722185942,215.87077329391389,207.0755508900814,204.24183403774586,207.16467135335589,207.6822459538679,198.33828657467447,193.0350610871934,196.26036186486058,202.03151987067554,210.79295372813107,212.03793503125453,205.97562194035874,214.88806644478117,207.02637646982143,195.38053870485425,187.52720553403617
187,2001-09-02 18:11:11+00:00,255.3227088877767,250.08633089529792,251.3427274991323,249.37863513688376,247.8826120290534,250.1326910362561,245.0907682726118,253.774472137981,262.23315666060626,253.8299628360475,264.48300495867795,,230.05898448833995,223.24999177642945,224.5146721224313,222.4721253105547,217.5008598158469,214.39076950270618,223.88775946392826,224.44388942778073,215.32792058342008,212.94427806154067,208.24977761222868,210.22581918859322,207.00403827528606,203.68900136036535,204.7723826120728,209.32200888384506,216.90392193198238,208.27269439849692,202.3282721665696,197.70733280731355,203.22694397363307,207.7147051150249,198.99286814515676,194.3750954586111,192.29729458427065,199.15168579353917,190.4961005290483,189.67408505090165,196.85171928206304,178.57367720491135,178.31891750250452,193.1557748119312,188.95722284329125,190.87266822725627,185.28914820490104,184.45962248612858,195.3895708958066,197.18967177845371,188.04477961848286,197.17554096360521,212.1640266252615,212.96971658754524,206.78421909842365,213.26507349201654,206.74341665089113,197.4406449566642,202.59654099127738,201.31161491813822,207.84756672682067,212.11442620428286,203.8564479463372,189.24947409547892,195.7875054927049,185.74108182839137,188.64910529849436,203.76809286309143,209.43951296349638,220.68294131769966,230.41370172395895,214.430382123441,217.38624990483436,227.3459100301092,230.18361167895637,229.7457965011535,233.8787529641902,240.7665233095071,236.27501786001642,215.9334650639209,225.40332554467724,233.7130991739997,246.23558879033328,249.88876010069708,248.80996812782905,248.37340284049213,249.95790699106203,251.6864783092466,252.17265173640305,240.55914322533062,225.09656299515316,219.1328544776481,215.9970864361464,211.8071179445941,210.27677936065848,218.4927834599469,211.31493481196893,219.92353754801803,225.49814582843499,228.50002681052428,222.93278180075697,216.66728749602697,223.34538913799076,216.25138593074493,211.99591254496323,206.1560725967128,227.90454242504484,,223.2568194219832,225.67648876970284,227.78366184596686,226.82777376243519,226.95245920640622,214.1465660241972,223.17995512657473,220.51125264174436,226.26038745558193,225.75909669121688,227.73349324561013,228.07380198278432,215.565794771427,207.02719648629892,201.0387442633064,197.71125421014833,197.2884885624783,197.22917098978675,199.75711583292662,188.72483282801187,188.22723798810276,183.08086014707118,186.76645132487272,193.39521962589924,197.73109585645267,204.0730543304145,201.51159673060323,207.6416073159265,213.6416357344308,214.80367261147444,209.6022939896033,202.4207182169519,200.34882467522522,204.9473737071118,199.50162320149718,191.7783568769174,195.00163654886256,203.15114664124383,204.2579602104779,206.4961333042356,197.40853261787748,201.98393762258183,203.2384535712274,189.68078201920463,181.67278811655342
188,2001-09-18 18:10:59+00:00,,,,,,,,,,241.6440261258258,236.0555357050321,231.53828393447742,218.72513336755011,207.22398105899128,205.51062851216813,206.76093591569781,202.99418372384827,198.94602515322413,213.9372195812644,204.89157872473493,198.80607529828058,189.6600527101344,186.24265151431112,195.0305883745769,192.60728924544983,187.8817575815338,192.85530046276224,201.22607710189348,205.1799328917387,193.94477584929518,189.4962204912684,182.57254771993095,179.91052060520286,189.58711106619717,186.59971200448967,186.7378308604456,184.80684686861332,192.16215501010905,187.38736515087692,184.80385578110548,189.41563407950954,166.02152884715304,169.3453700875038,178.0208761668295,178.38289785024983,176.7793214969317,176.39237477672185,178.42457963881412,183.9106838129838,182.60913259398225,174.32123488073506,,,,,,203.30798547603024,192.85302505856026,188.65505690309226,191.67347436966654,199.32679574208217,201.8148637995348,180.44959642833535,175.95229565080058,178.4351391759418,177.63484122170078,184.62532686898913,193.1393158183624,190.6071755145368,197.17312200506393,205.94935717985288,201.73966204334957,206.19704075467388,217.02621170298656,214.5947954170938,218.93487147550843,218.32351393466135,218.25377071404208,223.2433076155993,204.7667521623996,210.10204852042983,220.4180435956202,232.28811444395643,240.86732825891727,241.39710336579947,233.1362138878333,227.3728217589299,238.92204879925322,229.40819768107195,225.44872811089797,201.21950026898736,205.14653815420715,205.2144945469389,201.73383850469259,198.2267098507946,194.75139394595158,200.93551574593275,207.8064396612084,219.461901116955,216.158740464989,200.76677186384973,209.96244830088972,210.461180095315,202.1178030483776,204.64549356867798,208.74814526275725,205.89528347581205,,202.50400808538058,207.77714777147517,216.66577932550044,210.38039749870427,199.2993935645233,193.55232498714926,207.18248331538126,214.96467229852476,207.06755673019902,210.32138211529815,214.83185129859453,208.65782274980134,199.97576129455257,197.9469828779339,187.96214936388014,186.6775784040842,181.35831159310976,189.11969303896603,190.39275587528692,172.989739252069,179.15565227630023,173.41916908217928,179.02898499754463,181.71985323848585,184.3691233531524,189.7836949720665,187.5239294618013,193.351915377569,203.93149763811766,201.1941200571825,199.81437924114547,192.25305766531733,196.35882216523416,198.5047102317939,188.39125523504143,183.2864576215748,187.04207987348985,193.99379141197133,195.39713191295442,193.29112822848296,185.53047804896528,191.91168489765033,194.74611848047618,181.47669572090476,174.51348974494329
189,2001-09-26 18:02:33+00:00,255.23363120418628,260.92657871583543,253.12314940206085,250.81596202480367,251.14339176251553,252.92699367224847,245.6478629082151,253.8940952448055,258.36143999513763,259.14238580844517,258.25779913094345,254.15807273724153,241.28846587463053,230.79460815244835,227.25260451486344,227.69488136869293,226.52608887952343,219.78186355283339,236.27129595915795,227.4328250993148,217.31252287007715,215.4506544317767,206.82163646198484,212.4191626202433,211.34672607419054,202.10028976333479,204.54036792567757,207.49683320583733,224.2436326683582,217.56855822064472,200.80459214854324,200.7008646732577,201.16831806388245,206.73401958574772,200.55857910959202,204.72553284959878,199.03745495333123,198.55602652292055,204.18290830865902,194.54943933950034,200.89976362584383,179.12394270453467,183.51449787334838,190.67342711446273,189.12129234617944,190.83120049319643,187.7417357140477,189.59158229262158,206.87903485160882,203.36517392822537,191.99519507044084,201.58677690347182,215.55983727152466,218.10991263824832,215.86673772267028,219.61922000923659,215.30528863659723,203.61919326170812,205.36871101454713,206.28127216673784,216.7670464027659,220.89556161959104,200.81049736883062,188.60317393304553,191.65714947491344,185.46549413091023,196.50778747029744,205.55413203580713,204.81971467126203,218.88218877935023,217.55040193197866,219.97225397409034,215.51500346202494,233.15897019310924,238.02951796785024,236.66059187115192,243.76539156440765,239.28272175848076,242.32178024899284,221.43055096395753,228.34962261437397,237.3022941479632,247.7634649425064,249.9506052147288,254.56770096380137,253.74850277909673,250.81530635985757,257.7176356270467,254.14661102368066,238.6255654424354,229.01255881491466,220.79837136060948,223.02455847189864,217.3227996134434,211.20365110674376,214.47292166157104,211.01642684266415,218.10048973747246,227.01246468357476,225.39576931046844,214.75362351836765,227.39952998111295,221.93744572148768,219.2082557160743,219.58282067588965,211.070015081983,232.4725114781033,217.23927916733044,230.23761111334886,231.58778294796397,237.9494906863274,225.06675924364367,221.13510746438953,223.77981288357037,221.27800995339948,224.01626986577074,217.11006540539336,218.66375263928938,220.72321781175881,219.5543871931811,218.94153161927198,212.90469126045446,203.90339518949693,198.49947114858995,203.10845140335488,205.03757147403576,198.75607933386186,187.81115621318773,187.3477032133588,188.91162646987823,191.02942813284943,196.07728198565113,198.57032970264333,210.19947499407408,208.76021657137488,207.89315872114213,214.2915080084541,219.56501501126291,214.59595444607464,204.33628122819204,211.77026625183947,213.68914659829676,207.30855370996179,199.63113910226247,201.38150782076423,208.48767093498964,209.48764939242554,208.3870022414307,210.4600448570066,214.6432099977032,208.83098745827715,199.444512860038,191.28968732801437
190,2001-10-04 18:10:48+00:00,246.7773481690944,249.8233418475482,244.64520078956343,241.84691428999926,245.79869200799578,241.31683197213476,239.4845332414,249.02424859248333,251.26437094230454,246.9183707792729,243.36764101469632,239.1008910200086,226.0222981155371,219.27897759214164,215.09436619673306,216.48994696047907,214.3053107524187,213.74123516343423,220.94448113070948,212.86098789456412,203.34982256087324,201.61360386428163,195.54094102039016,194.43730574918874,199.70163206172435,191.7774121752912,198.19879404257034,208.4953775329397,211.17247879796793,198.66691070338544,198.42307203161806,195.54461929308616,192.80035154114137,193.2912312618422,197.86477174400056,190.57660281562096,187.53538513463693,194.44038423363506,190.26665473625303,187.604045412574,190.1345745265883,169.51100281387517,167.75017033021084,181.3743950395766,183.187179851643,186.37225229971142,185.01083036305621,191.2388737308674,191.54026504967584,195.39331419196498,184.4748293120308,190.44909938870074,204.35274842702734,216.032007936048,215.36970118194245,218.74268055931105,214.35006258065428,205.43882043795148,198.21972200531263,198.93317497294535,201.64322628914388,211.3017187123686,193.2468408716544,180.89979460364674,186.1774899956095,178.18601460663993,188.31268435937892,204.41413124379196,202.92389888884276,210.08615295551422,220.53038717577823,204.26195751035883,212.66637365052102,228.28438730648355,226.4940055322126,229.71454630211713,231.01393857774036,228.63273798662215,217.73765893165364,217.21731991709598,225.9644575235492,231.00786256027249,241.78171863246575,249.8455421698294,249.45288470375948,239.96973526920732,241.26184241412335,239.2236371868889,233.0447097800719,221.6840854526749,205.22775138124769,202.58111257391062,195.89958749869132,201.93766886454657,204.1041518552466,212.16088719977046,212.96763389930186,211.140454863983,224.632375261145,223.59918166128304,207.24400662898287,218.27238329672417,226.48654159983323,207.54930671314222,213.96191984812572,204.49158853266744,216.9345418039984,,214.88745979975766,216.93790725351295,228.242560246077,220.07320116524113,219.42444362593807,208.36572577822793,218.50734659816158,221.2615765956176,221.85621528112415,218.37860580680632,221.81127046519921,227.1319745585041,213.89142619370625,208.22552594644077,204.36206688815815,197.73491155920232,196.4835897697344,202.21009990394586,200.45891994314115,186.89538906916172,181.63020968210105,184.49953141482354,187.44044445990204,187.88614282636064,195.51952260232665,197.4282821897056,196.51596798908372,196.36359096764545,207.912098846763,208.48030405736733,200.8865128502323,194.00441359399014,197.03707795437674,198.5445288238682,192.4184926864209,186.47920920760578,190.7060447936506,198.33386925099154,202.10673282531218,199.29883345837783,193.76945555160646,196.44698368090133,195.55797859432118,184.76292004211143,175.42302082306412
191,2001-10-12 18:02:30+00:00,251.27114394883864,253.43417851163974,245.66447852137543,246.18967101789906,254.8204375564764,256.0764308319804,250.09490713398867,259.64984010873525,258.72385168252833,258.5389911603728,251.53672035659628,250.98823125415265,235.1386457439457,229.61675268684124,224.09491765260194,225.76419169076897,220.00033206567633,218.4668864142326,226.0515712633853,219.75088288487686,207.83187815058966,200.51577526134105,208.95096841095173,208.77606156501957,210.58953359691577,199.60382837802018,205.4670655412534,211.23455963008414,215.9034293444392,212.61867254030872,198.34688910088306,189.97766812358321,202.25573991809975,198.0781884673867,195.7908622384527,193.3949794435939,194.05648309496155,193.2771296015706,186.67566329414205,186.121990463108,190.59607643062623,168.42748945493483,179.67495210416433,185.38010344974538,193.48253754501968,187.53369370033988,190.0404612572923,188.21802252073365,199.25401062096142,198.13162143876107,183.5438714664386,192.98009205287303,206.08569385679715,207.99355372453908,208.973192446724,211.52504366193278,208.79515565275506,202.84279693215177,194.30245034458397,193.222617687452,208.06396351886866,209.88185023828282,186.25193980474637,,,,,,,,,,,,,,,,,218.61583164192302,,,,,,,,,,,,,,214.5510158458495,203.27283364204052,211.54007503918717,214.41761526597477,223.8948339022211,,230.85403135971052,215.8709251769851,225.03945110018202,228.28443090237738,,,,,,,,,,,,202.62328163255583,212.83653524965945,,,,,,,,,,,,,183.695799763349,187.73896136757108,187.530422306297,,,,,,,,,,,,,,,,,,,,,,
192,2001-11-13 18:02:06+00:00,248.1045647313522,254.3577191323127,248.68713410222256,245.48811943364632,246.65942148902673,235.75743004519364,231.2043464536216,235.38801736252157,237.03680851086654,246.37764576284934,253.05271738133723,244.89513746504787,229.45710672631012,215.89101920399355,213.48473044111898,208.6452093897289,204.99110919835067,205.067202015438,232.15399318902627,220.4336356759964,213.19539467370998,206.01719907907895,205.28901554328732,204.69051834089635,204.39206487166268,196.80791827918637,197.9542558607852,206.14668752244998,218.96893115884825,206.952102200389,195.9909530537654,191.4647806145563,195.5239099850823,198.934296019088,195.40122197916514,192.56745539654324,193.20957128849287,190.80270639010953,192.3362028907809,192.63433832762618,195.86000482220206,177.46962151587957,182.3576455221563,185.28639907963293,187.80270287963248,184.06950307100533,177.91896211475495,193.29236257754198,190.3267454510431,191.1177472168815,183.53161476503777,193.6281992140224,205.42905778417665,211.1315020423233,211.12578810336214,213.09986980583943,205.217260617789,209.1748531519838,201.66168249950678,206.87796882062344,213.23214849898176,217.00126324177702,195.32967214560185,181.2314282736731,188.62944441258585,180.77072187155744,197.4972776066526,196.24113853731902,198.08183319670357,212.15999392476968,220.923836172053,208.93281380747717,208.88207814227815,238.36871845231522,225.3177358130319,228.04882120204886,229.581898442943,231.81104213823915,224.42931765958872,212.1219188617104,220.46166969368642,227.0276801773465,237.1143218661582,247.6044667363666,249.86598610123932,249.85742410750157,254.25691637054285,254.971276509998,245.7975653807209,237.1129684813033,217.1209812245028,214.77092833989676,210.06228709259324,213.6781687115275,199.71721295172034,208.39000592128195,203.74627045116216,214.26429258612538,221.55062052708158,218.60637176024656,212.96933320963842,219.05071872673562,223.27082273913993,212.99316723214494,207.97332379048265,217.90893772370453,221.9574352968072,216.1206492710965,217.79452901225534,217.696342092699,221.38220848257566,215.37344731596892,211.04277255803248,215.3898734231857,217.52703004200134,214.23449883143144,205.60464752158526,205.75545423484755,218.31067419967957,221.4183689775569,209.11305788909334,208.16333311121582,204.48108166872765,198.87117432116776,200.1073804542349,201.70137364551874,198.905308418788,190.39691262734436,190.96727233851763,190.027500125402,188.22905842621785,191.38269047510178,193.7876237653212,201.02952468693678,200.28867637495154,206.21335540913296,210.8595653673016,212.55277378687236,209.21296168361607,198.82208444847143,206.71597445761594,209.5745110044363,207.0852201540868,193.82367741591065,200.26140214703798,203.93850459479205,209.47180715036595,206.6796979052625,206.31728595642033,203.14547234021074,200.19521310876817,191.29608388700376,185.11855243367154
193,2001-12-07 18:11:06+00:00,261.0301588513749,263.24868646188816,255.79087293545805,255.30285012013567,254.0393486724514,257.9871618406437,251.24213151089612,261.2183367424661,264.7156237023439,260.82793083501906,259.4416571406791,251.60018724439948,240.57216735499816,234.22488367260064,228.02984199673725,230.9332862760905,226.3191924271815,222.99397534766928,233.8778054560621,226.14249512650483,219.2598212631616,210.36015246592427,209.15444733377979,214.7199664076303,217.81768582158517,210.4555834236242,210.06661389080398,219.15760215281068,224.34079756148284,215.2828508088542,207.3346444005594,200.53984171069789,206.43812895651146,213.0719634989967,207.94765507824053,212.06179612693055,205.91571383704508,213.2170730296092,203.17193261829385,201.457693862987,206.55085619896408,189.77215952763635,191.87946070010827,201.7059682838368,205.3929628934923,195.89604137016113,187.95195484073875,194.74449650905794,200.6962399252776,209.28444915289938,199.83662624678792,205.8007482225301,218.25317237736417,223.99017665328395,221.90768107319658,225.8398859441274,224.60580909694255,216.95837786943378,210.97900541828443,212.1636574367011,215.30196365156468,222.77073373645524,216.52397370859663,194.77338546787507,193.71986537005154,,215.94333427019183,210.30948601028243,210.46968581951626,223.16465485933264,228.76249574117736,223.8755591728311,224.42325139769525,239.32200437043838,237.4182992471037,241.3108864711941,239.42946338721174,233.63859820621644,241.98041736931475,229.06950794061322,240.96813317992135,249.79262728928512,256.6205399640246,262.7237756559156,260.4631788464874,253.61048771627856,253.47056061814214,268.0389997086466,259.4144775096813,247.88533182484326,232.1259999892201,224.89154880414623,231.50101171042184,224.82547946088891,217.89438822104557,219.64343171216981,226.48359130658957,234.29357194126385,233.46543985216482,242.80258159257653,227.70669657431606,243.21141062293307,234.67385991503042,230.19493031886657,220.7212725251378,220.43661588768487,229.44949265386487,,233.50683256785567,232.00316772131106,248.00452792262968,244.14075101367195,236.94059018005964,235.71992579640266,230.3494880640938,221.01176548189616,213.30360981309445,221.17934945892355,227.685920140142,230.0741086365022,217.95717640210756,211.57123899528838,213.55219249024677,210.0549639776245,206.03414144300996,208.1106475162929,208.8204000297918,195.9516774576507,199.6519879563047,199.57261533449946,197.95139024644544,197.54428649057436,193.79644610621287,205.6008320070971,211.44003242989118,219.91540580336985,215.6691434094381,222.2664771357308,212.64356868644933,203.03478951052665,207.66822170234522,210.6548553178014,209.53143931048874,202.09908185317101,203.18860581112733,212.3819529193034,207.62397994402,210.6226041225195,210.9106282291927,210.26018687032712,211.51144334012312,198.25414214810053,193.0972518575449
194,2002-01-08 18:11:17+00:00,258.7410265663989,258.18120866934623,250.63755094442314,248.51369307078772,248.88725768997574,252.95847874128597,244.9323437084537,257.74601342649447,258.9323094230931,259.6454961327785,252.29226698433263,249.963077999872,233.3408221941438,224.5610188366557,221.23672653880007,218.34917996452026,219.60541705344554,217.0423686766702,225.23244830769937,221.61731888359958,211.5784929902012,206.2719924596025,207.30737214789147,206.36918100739888,201.7397706386724,201.61762137174793,196.50701278399657,206.40843184457566,210.2859196836796,209.120823565691,205.15133773058432,198.47263636581445,201.9592454138209,205.6562414336417,209.11689309906942,207.95468874011988,200.3092411196397,208.67827023895376,195.6341453135002,195.52140232701785,201.24887459616997,186.74437283078413,180.95865468173838,187.2020063351659,183.97209804187963,191.44168292325259,180.2147011093404,182.5146504053028,193.9086792651213,209.37426934459114,198.61709952943914,202.9964173383703,215.09176724369672,210.62081752837778,212.06036890714836,221.6849871984354,221.09602266401572,217.84412029683364,210.87740011931902,207.06890949055,214.52919949786389,223.318411556463,212.05903662890225,181.70167478589292,188.94151888104486,,202.59131158825917,188.5328156865645,194.3510680518782,209.77847145177446,216.14346253657232,211.36565363943967,218.9578186888432,235.2795604682883,238.25781977158329,244.16300884140134,233.14927666538512,226.6029195818948,235.29580425303396,226.02694654058516,238.6992003329938,247.97989436902373,256.0481002635994,255.3234781599976,248.31552831707776,236.7575842659523,234.9597636796625,240.6413636158846,229.80574779023237,235.07216467409302,224.18241762138948,218.06317515253454,220.654158700021,218.32887903187944,210.4441032702329,212.9438264041072,215.66905713349664,223.46629099702244,229.45320871151552,231.3218074174011,221.46378718793196,222.75275762236944,223.5813300770145,211.83957002470345,213.57486261801216,218.73436243348795,228.9698219777242,,235.7331120825128,232.67741006570168,233.1787689560953,223.10277571969445,230.3772102353152,236.00891722384372,236.56030661240237,218.28364588606127,204.03012591207136,206.16024621851577,223.97675779026787,226.3260692344266,206.3481513499811,199.5595269952791,194.49214734054232,192.40920786686092,186.74649859379036,190.91219842194636,190.74708290657813,185.80847707476525,184.82541473340171,188.0729360184345,184.3166525226504,180.58642392295403,178.944772369266,191.25305597943776,205.43753676197298,212.86412426488675,207.98678252838317,215.42397988297492,211.45333701427086,198.3073679962694,199.0968277942984,201.57991437716396,199.29830622197346,189.984094274468,184.8234223596932,200.25664855356175,203.40338249367204,199.45537580639768,201.21701449755236,201.1651088767102,197.70116563943577,189.0456107384114,179.94503939326523
195,2002-01-24 18:11:24+00:00,273.12706142994307,270.41922422888274,263.43974881176644,260.391852883522,259.88704948651497,258.6511757540808,255.4073611753973,261.8800551378391,263.4679972110459,261.82023631488244,257.3180366448809,250.13225077425056,236.5976124447944,228.91182297063744,226.96185078574905,229.72446548340196,224.6846990136156,223.47129857143193,230.4703667888403,228.86872535172955,217.32261145569151,210.141474743763,206.39505512297086,208.53528557879554,200.7818152001203,204.97773052976106,201.0440828117073,215.46435631880902,219.01377417214084,219.6999222831244,217.37632840777422,211.07978081732278,214.17433113809608,211.328457410812,216.2642686302771,211.39383896822648,203.7432119117565,211.30842729536766,209.76216793509332,205.90597969033226,204.4126749275708,183.63148994647602,182.38486038415365,192.66168553775935,189.4090889878701,187.25733229883838,183.6269975593411,197.70372606777815,211.81835292836635,220.33545130163094,206.97714579495477,214.14501356965377,222.33678039493043,219.9334715363856,220.38218403327483,225.0918253242314,231.36639440234597,228.56416065949833,219.0749173071944,214.90520957972376,223.8462312830041,232.24254223090745,211.7173511896949,193.70319644427371,192.9802987956494,,208.75823362663724,197.06938231561745,203.74283498129796,205.35948514589407,211.73897115419575,224.76007054062492,219.99595400997558,244.7864297401146,241.24711428080582,245.16473403045393,236.49082969575545,233.56479312788923,241.02587677270594,244.67613538772665,242.62817648115083,255.667211837927,263.79249081074397,262.5438726158236,254.477623534278,246.41839457555471,243.66060710338238,245.42872912140632,249.26955074468484,240.36346050993262,231.7785812343932,221.01171696219598,228.67191860675783,227.2849943638569,214.14331268860371,221.31628108015923,221.91624731945979,234.92546361499032,233.29475478184324,243.85720887624788,231.44913171430454,235.27560373724467,222.84011851705537,221.92248695175863,223.0019690086058,224.6475519245365,241.22104139752284,,245.63112555536776,244.2713334181438,250.48803614818118,242.53646572330425,240.61916064749954,245.3517751300624,243.35746283519165,237.609769004232,209.63937643986782,208.51042723977687,229.81172207302862,235.80755758871436,219.87822556778306,212.49097731036494,205.6811893072163,197.31004004793675,200.02689590893868,199.221820311018,196.0021411641295,194.0411816549555,195.56072858549132,197.88174315527,188.999108538582,184.87523746956862,183.62643296338638,196.0560874473744,208.28079936134688,216.9921519698288,218.9684543044084,226.3252842889431,215.4990578651117,211.6522638017176,212.21114772162701,209.83909022506333,205.19126756028317,199.33374962998758,198.67197996538346,198.01898507322014,211.97763966869678,208.20091296071885,208.96130846774,216.4416109822397,207.23846870402184,199.3336939045874,186.60338233351925
196,2002-02-09 18:11:27+00:00,255.01528477139507,251.2032929506687,247.30886484420392,240.71514260521468,246.47989768565037,244.85969804300709,243.35879542954885,249.49608878315138,248.15804067793283,247.51493871704398,244.1055997814521,241.2144130135532,229.9723815034414,222.28391991636954,218.49618522202297,220.34282079573345,215.39828031819806,212.66011879028133,221.9583152037922,214.66922455800164,202.0210627947086,204.04679646120036,199.7848919378739,203.74567016194018,201.73284052252103,196.53079090130996,201.27601120972471,210.39713862905288,212.17663983989627,208.12430539824538,204.60055526031198,202.75388590332457,202.66886564991057,202.42796852591061,203.69810506774434,201.2387527144519,191.41969873781196,201.79199102272906,196.8978102704005,191.38731720432952,191.6670532921257,170.5270395730392,174.0495946960562,180.98868280849427,179.594943953794,179.9898584643205,174.35634244164748,180.604360223477,189.7308696116599,206.5752341138329,195.27214612180853,206.7722174525133,215.35629682468124,217.16439980787763,215.10935071742972,221.3438402508928,219.81685145578254,219.52724024135222,204.6472752671006,200.30833369372306,213.6900262849325,213.2365897623348,185.0666776294894,186.97163742705766,186.98123841390682,188.08721492039223,202.8137332867331,194.61621625742026,193.02414109336377,199.63554857795253,206.94722049319302,203.54741807186463,210.4821188118965,232.5424510924917,228.45059665339056,231.2176996748437,224.9679032486007,224.17192413554648,226.52319575427933,224.29779616143585,234.42105192905805,243.56044487143438,254.22405086815294,255.81533722284146,247.03206083538663,247.19494953756185,235.82277214166862,241.4256599805152,239.44954631729144,235.5932980599223,214.68476135900607,219.67447811594621,213.40151213054793,217.17090524075743,201.04960044886508,210.4982300059933,213.87175300374327,220.8834024258224,224.56486344546602,224.2670388435193,222.96638658632517,225.49511742878565,218.08201642810883,207.88505759564404,211.09341196548547,217.56519435276942,223.46751220210768,,230.98981697318354,232.8315288635123,234.65701903213642,228.48018071514724,233.38538348091447,234.42239365622868,238.1554624276681,231.22337993034537,207.04763776912137,203.68888431975182,221.9636084537687,223.01680899149972,209.8058362192719,199.84426811108563,191.19006103032382,184.79280849988868,183.66459948958857,187.84767266090358,186.2003363969976,181.72181385684493,181.99989099971097,180.70114271548837,177.16782481133345,176.02787083946774,171.86187472128702,179.82024869585933,200.1132960155919,206.1655510156461,210.48696358722054,214.29322456821706,206.5308878738635,201.77637800984218,199.09375904904647,199.01018969852248,198.05171139204467,191.4222221967602,187.2953198371479,195.19520836306918,201.1629555126201,196.33099102552,195.29332612318547,199.6538933143506,197.4585477571627,183.015997758156,175.95174755388012
197,2002-05-24 17:59:16+00:00,256.6101822203698,257.54672713748573,253.56849735392598,253.2475670393222,252.24087322264,251.51893078027575,249.8821221967328,256.0735064030322,255.6381139209961,253.4112013638086,249.22102642623472,245.33830410307849,234.06146137058533,225.4412533762077,218.30862391088755,220.06571896211227,215.4405277891188,214.0392798591172,225.2063775239162,219.36927393306635,217.8272924796783,212.68017004745357,206.04642450806844,210.11120951453103,209.955172322902,208.60524057699672,199.98759622264936,214.54998910561585,211.54271749279692,210.82893167991017,203.74621126579126,200.54532288625592,197.89680374192827,201.22173651478278,199.03338990991523,199.86613751243095,202.01848457407243,204.88689591610262,194.36086716873683,196.6276052027323,204.19473838707353,186.60534259314863,187.37111678525858,189.23212113491854,193.09300307347672,183.60143556100195,180.81857736885894,183.2351240422276,199.93690880333585,204.7378976193597,200.36973321409215,202.61827398194103,216.6615885176363,215.87806288549692,214.05322856372192,219.0175171115455,213.62538357146923,209.83901651523686,201.50498128791742,204.22717671325933,211.87701797862644,215.60570701053564,191.0664172968033,182.50579196649062,181.46743552556586,177.46566273361424,182.16857491346235,192.97115180279087,196.9299629115883,204.46634032627895,213.94233180001024,207.69176483834102,212.4306790527574,229.91877552035498,231.94929263426184,232.9567070139574,232.52942561805088,232.62152419391276,240.14894904733382,233.08426433546384,237.68332590423978,244.5531484342681,252.3335578072768,257.7245664183159,256.62572169046797,244.43976672148295,241.86899171779467,245.67036324196567,237.67390601845403,229.3331290610534,219.51599938304716,213.46602191502288,219.03032767427624,215.6650601601893,211.50046318571665,212.04482386615655,208.17402133352476,216.07571506532744,224.8562139986156,227.96276784379245,215.65246210065038,228.07795222305606,221.16322253429078,214.89360245268853,210.99539907867512,214.7373875383267,229.56542810888757,233.02088415157164,239.07612025058773,237.79324850772696,246.97878946948293,242.99645061738215,241.4181583370582,231.8280728453358,243.29029646070444,241.01819201114205,234.53742861697097,230.63356433126143,232.15283733036952,223.30474064411413,210.47223028422246,203.66725883423703,194.81551076280505,190.78603229819194,188.2232619919987,199.84295589304378,194.3864801460864,182.11527412922226,180.10850461079897,182.82622347046794,178.32092285521048,181.96548368493436,188.20039154415534,200.83364324746023,199.98651794366947,205.37815185682945,211.45435510120177,213.74940579120107,209.43082211540008,205.9168749223778,207.80369129395405,205.66645715097286,199.4738648370486,193.2195178514101,189.92541026110132,198.93523731972965,199.5317697319096,201.64022926412335,199.33728234456962,208.33286795978591,204.50136013194913,189.17478886906866,184.85227934585362
198,2002-06-01 18:11:09+00:00,263.95747925813663,266.10522134066184,259.5621131563308,255.67574071889925,256.47365958014467,254.5621268474082,248.43751568321238,255.37000573142154,257.66717113990165,258.7206976688642,253.05738450436016,250.1020219125836,237.41730626385373,233.61675494676805,228.00279515590995,229.37438871179017,224.41199331240068,222.54622435363717,232.16010008857677,226.08723520105383,216.9283598621106,212.2045503165333,211.59912158357804,211.29502635568187,214.14385762269148,206.1731718338351,206.16070636687115,216.89951942574575,221.6498510961105,219.1271649231158,211.00072488521505,208.78381458550433,204.4162971363952,206.7752444300504,204.81565410044954,209.44542655110928,204.02281077196847,219.861274331056,210.41110812639312,204.07167287092966,205.34709996012793,192.2668056060782,193.5603802706383,198.53475993751076,190.13485381088518,188.36497040684608,189.52861503204485,200.37755417541155,211.58748643167863,221.12116488820016,211.19818145132584,214.93114345588154,224.1981419819462,224.72668117493052,224.5347768827607,221.9056486411044,230.4982174126449,221.3291939522737,212.94025197429295,208.06298688831845,216.5759504720517,219.38282367322898,204.1999910172332,192.7357113831244,189.04928706930824,190.50836886516282,214.75617375885923,207.33371024230763,212.47133694506482,221.42068980760286,220.48045934855975,231.1702910996593,226.93308588275113,243.15157841283195,241.03521118504835,248.21122023286034,242.9707913005833,243.14830716154938,251.58158975216972,244.08591684123317,251.37677929767426,251.1311719099774,261.9589525715131,259.31627892180853,256.542730528289,248.62039709908822,246.5846013913464,245.1195826326299,242.0084521701823,238.039061843933,230.8668521572597,221.32203331663334,231.4129063311112,228.58951745300575,213.30558822213592,219.18094627000664,219.25173531660096,233.3331644031773,232.9686107619848,239.73797677583946,232.00309545101968,236.13281214127844,231.51644888784,223.87108612339318,230.14505353615306,225.24135805705262,250.75992859793942,,253.10569430082552,247.87178642099116,253.680214935959,249.2959461623699,247.69129824198228,237.92001540280177,245.13934177851178,248.50603016468727,238.99301547699213,236.87080335860878,241.6441346701286,235.63357206083822,219.85204817473513,213.23615053690637,207.09634650986175,200.06522263862917,202.25046791065847,207.0422727797769,203.6322547994923,193.74500885547684,189.90108165452938,189.9092658034566,185.1836120452397,188.55211399282973,198.4072238501132,206.15072273993337,213.8383811086328,217.10027689428563,223.2212950531819,228.79269022771302,221.0600619419996,215.5627412643572,213.9435790465241,217.63516340497597,208.19002071963857,198.27307412652672,202.38487507542158,207.48267045386928,217.66239318353132,213.45516480579835,213.8855486148796,217.92682633679107,218.0851848259431,205.93729175861262,195.03397170687154
199,2002-06-17 18:11:03+00:00,260.94886126867834,262.56517382069205,257.34011729900476,256.26694400907024,256.9367906896143,259.98223782056425,252.35979476751788,258.44836983722735,261.28464208397133,258.23087770089535,253.54138377874443,247.06105190329953,240.62539353512352,228.49835856860534,226.335355275119,223.8997989619973,226.60772546966766,218.8952511428035,231.4355868306753,222.96686465946456,209.4595056727276,212.1145183815587,211.339891991478,211.09264991681817,215.04875089105673,206.13399357222474,208.8175133543633,213.2594067253836,221.1325765539501,215.28510684430495,204.17199506182126,207.6205756795216,203.79531542416774,205.95486689121924,208.6679529750252,205.32546597116686,205.55144334732677,207.56429658869519,201.67737415263468,197.69107827737236,199.96998177793483,189.92163445349263,193.1771062917819,195.64678869445385,196.67593194505096,193.22797525165822,189.14218965682704,199.37380298478814,207.0930986001033,213.43789134257133,207.59060208132092,212.87716401424157,224.93762212251988,220.6712102780939,223.44161258336126,223.58265375000948,223.23283083784932,216.6020392797653,209.36182454155568,203.26215191233837,204.8128376347109,214.7107053451239,200.9383957741539,189.21132595040797,192.08642392242075,193.52011518653453,212.7576473130964,209.34858070141888,205.44250656511682,224.72856651730334,222.79067334523177,223.24355638001572,221.15825020025773,238.70335742052444,236.24662725374662,240.0523740819403,246.910899152751,243.9625491365564,250.87442576176758,242.88616434214947,245.70093683815108,249.52107990065633,256.6742429492628,260.1264461325738,254.39732360194705,250.6331228221997,245.99192094399217,248.94446985841483,240.85915390407717,240.7030925027773,234.77197874806964,224.7088855546263,231.3646504216278,224.49063005353423,214.95426092890125,219.77574950024538,223.06654811876754,234.53801147339763,235.86531695420598,243.43475890477714,237.9142802546587,242.30460583188187,232.43232707102533,224.36388938477512,222.35935112132637,226.29397142164515,248.68414524644828,,245.36114522579504,242.22192267025048,250.38792134132183,244.03769226389642,235.8812168908765,233.99615361927394,248.45884799191418,246.5197402229536,237.49238107471186,234.68329679096666,237.02618516748942,231.65352600584762,217.87049472584357,206.35572226812604,198.55579263609712,195.93286718682563,196.72407660377363,198.3040213225878,195.8692130217514,187.99158797778307,185.245418482308,185.89015010485508,185.44816427225123,194.01248389023567,197.87641060398596,204.63401954880413,209.24606730458538,210.42548863060753,223.57884887100556,224.53460378941926,215.84623867391122,209.02527518670792,211.3735534734522,209.89711971815103,205.24429807740228,197.54383158524905,199.7847692801156,207.9861548353691,208.37100172690626,212.43493250026287,205.68735556264124,216.98585213125926,212.1756156107848,203.64386213207567,189.98296063013942
200,2002-06-25 17:58:31+00:00,259.73143921698215,262.69471153406795,254.51987768947222,252.77605650649008,256.8187917416484,260.85181157241027,248.6321141273167,258.6212906926837,253.43121695739026,252.73538206881113,247.46289606032857,241.76002927526534,228.03950277790022,217.46954077579764,207.88022153222536,224.75580710175703,220.0025733447295,216.37296727653006,230.033930292016,221.90609079917084,214.61457352971797,205.6545084136578,204.59607288163207,204.27244664580843,203.4674440315962,198.73066183216216,202.9142882585408,206.8656028291532,212.31598069940034,199.76720361192497,197.16474102957756,195.59709013611678,198.03631710925532,192.47237617621676,203.8707608440103,203.8991204091236,208.99865210956813,210.54540299416442,202.77079339729244,194.14810247655055,196.26488702884882,180.73883593060322,181.10787138598755,183.6749543421672,181.2101716767064,184.4128845659298,175.94431046760354,177.48255056767204,185.26448597312373,192.86128610640884,190.91316179146975,202.45059608980296,205.80854393329105,220.74501845666975,214.36293485858252,222.62927445186045,215.56279793870917,215.093990493935,200.51513012460788,199.3953955148379,205.3278597527083,211.95667368945638,189.90609175072973,185.17728485437024,186.7668547455553,179.0571617540839,200.1455301963088,191.08755429363885,197.703536350866,205.62108521665135,216.23611092273455,207.50011206616665,212.5006026293376,224.89133494755885,225.88258486490247,224.06256010746353,226.16194340450812,226.7247490004067,229.62341279673618,233.6112857749941,247.04421003177904,245.99190193483045,254.38662498635264,251.08224919869372,248.6711122591184,242.110524443313,234.06398476263604,239.79443478003623,234.67351335065382,230.99259533805633,205.98064841186792,202.7342951602056,203.84059405650845,202.80545489234777,210.1817112448207,204.0134090105049,209.1412769327451,217.10555919546613,225.5256428963443,221.03972940087104,217.40435335766955,225.2310396739951,219.173047633186,213.5200844685554,212.737065752302,214.82574125020892,224.05757064317214,227.18164836220285,225.4593869880183,225.87274892598614,232.4425773753415,241.81850154524378,236.59848003302722,230.61975412995127,241.70191243728055,238.22825829568166,229.91410364191034,224.44331917397227,227.06197464590824,222.9781498458974,206.33094667441364,197.1379940109632,202.64529143171944,190.04866915849584,181.29740014207727,198.13073651987077,192.91438791498948,182.30546789755977,180.65534811751957,172.45731105118986,170.9640491087988,178.3360741013314,186.2548242143775,189.9062991287134,194.12462870799777,200.8470633080986,218.52742040211214,216.46501315689727,214.29095882576888,205.3421947779524,205.89598727783704,206.09887259751792,198.46983826809463,188.01007136204794,184.75536642227217,193.9993668911398,195.75476724172316,194.18099986911125,190.67002205427917,197.55664683824838,202.41564582660746,194.84632568875475,187.07498538598776
201,2002-07-27 17:57:48+00:00,253.6479661889626,258.3486655220917,248.97361068094105,245.22113620069416,246.19058205792308,249.23097211880963,246.80695341145454,255.64608635373028,253.1067360414169,250.42722607730195,249.48828563599383,243.08902682050712,228.2043421592643,225.79703034862632,223.41832445105064,220.6813671402729,218.11995704651554,214.92309645577944,227.3529491742635,220.1863566571129,208.95178148117867,199.06090600924938,202.5458957396432,206.8134861188156,206.78383574596006,199.1289355491332,200.03680945453186,206.17353080275777,206.22766441303463,202.9035312115078,189.7860411133737,184.50228294321917,190.09358611311566,195.2618599244733,195.78174530756576,195.22296801427217,191.74169789906398,202.68204352447705,189.5976531876305,188.99391305083594,190.44290936179794,175.49763366805882,179.98932433448968,187.38716562577457,186.26312592470669,181.3392449721885,176.59715241964503,181.0448553930264,191.36443960543502,192.82599094512324,185.17154578812307,200.65465388607026,209.78374441300616,211.87433470754894,213.88227728517606,213.91459164378296,212.15692953264005,206.05429018590831,198.1243381814202,193.5408914501997,199.93504896294792,204.73446806158248,188.72248296250967,177.683109093516,178.36707617561777,180.25068430394558,182.36166127555666,198.3270062666419,195.06823706331366,219.2771493736168,216.40376582477097,214.1022886965715,212.13415048536152,228.04883797986292,222.26552842560483,227.4436448544895,223.54288387816945,233.31214138194966,237.386041669422,228.28937912304917,228.84010631890476,235.90705708606592,238.82632397385572,240.7714811423458,239.46628476878462,232.66684951416914,233.60273565179645,234.65726966969248,231.7763833922176,223.05018418207197,212.820141149157,212.29698672466145,208.89772579364302,210.88416215209548,200.56752449123027,207.5023156041794,207.08171266094547,213.0785522251917,219.77646169719776,223.15318287250517,214.0701348439461,218.5597419978742,225.80330702610334,214.14725338697835,214.0197448995609,209.71932574541916,223.7339963442567,216.16459752942677,220.2649783538301,225.21777465406524,240.3126982360344,236.29490398043936,230.82101775686058,225.35700235848353,232.24841270660883,226.6976345875317,227.56505029451841,231.05508550273854,229.436337954276,222.94471234473377,207.29861974315827,204.6467595879172,194.92230346089804,188.8576338986292,188.4321603107151,187.61189721845136,182.10243800416032,176.56601650558338,173.70089479319478,173.52900372712983,171.12546170618165,173.0803012481628,184.03478739596935,185.03370115060056,195.68654672801156,203.17187079908928,209.3390659300469,210.3917780343528,207.24924736685102,200.57463137079705,195.60538440006871,197.22320639990247,193.58190082005157,184.70833583078235,182.20791577403858,186.2292237884862,197.97222668548756,194.54114337910312,189.12318006779043,201.8912406251568,201.50431793454175,190.1820166763166,181.98308137370282
202,2002-08-04 18:10:44+00:00,258.53157209300514,264.75157078634646,253.93504753108874,257.29460594363616,258.3115165777235,254.21437428700924,250.6872163725353,257.65787075150956,258.2014519645422,260.18448701290316,255.42289076635808,250.1756000862234,237.2588965299436,224.49688819053804,223.23687085407772,222.87143446403851,223.93925346113406,218.77220332377476,232.57779726593859,221.78537872973587,215.62456018963826,209.72898063576127,208.38491377203255,207.5828413019291,208.89487108961916,198.74923406005817,206.97521636355168,204.18276233536636,215.05973777150672,212.12335378623862,203.19675027913445,198.03751585757567,201.4825831322063,201.77127414486827,202.5140065889169,200.03846513655606,202.5401849760268,203.5453386346662,199.60942063799226,196.57995867294562,201.83050317102732,182.36036295869349,186.82095679098816,192.10951535756027,192.75913306078752,186.94131805722327,184.3259891717957,204.08181818111078,203.78144382484058,208.56261538872343,201.28473755799774,205.7582789012812,219.79106085616598,217.27396416231085,218.93958389726143,218.7529393681657,215.2291966120734,214.82322366573575,206.53304554996646,200.64630092284781,211.151960120496,214.15353675680714,203.45541190821737,192.12808699415774,189.7946246862879,184.62273579229654,186.87811927961954,203.53497641626683,207.59109909536153,223.27103079168674,230.32769269592012,218.15824572317698,220.17610570105077,240.20476213715105,235.34943802189392,234.2602644323618,238.61408999381428,238.76740114443766,246.3285964399173,234.5372162104125,236.00044536574688,241.67031331641797,256.7217274681022,256.05643900764596,252.40865797153862,248.91550233860653,244.34960724665478,249.23010406129913,237.65771098849174,234.8289096136376,214.93416615633288,216.1822646907027,206.2823786642144,215.5906240588711,208.89656058855175,210.48077055070837,212.82995991047335,214.43283182606987,225.67018302325866,223.59546707182406,220.2636586258559,226.49015279989726,235.28754379832915,220.38617630730334,227.1604282646494,225.31407052702463,227.86744245857227,,236.46668080670986,236.65103429942462,240.8176443479885,236.51615728689467,236.18236863059965,227.75343656331347,245.2378548395929,247.68368986408638,241.68692974336818,239.1432620919332,237.89672344842893,237.45116727817955,221.3392185947978,216.99746684719733,209.4274055362203,201.69317550605305,199.24300971559944,198.66611200680995,197.43043923904457,185.88779064735144,181.99027473073102,183.47670758353755,183.62013501984393,184.62135790865312,196.31891662580438,205.22976654353675,205.69932112674792,211.81614042206522,219.23938687701155,222.68011584513033,212.53280178600653,206.67921541596752,207.4390478280322,209.03717332243215,197.7189154360285,193.0375836736118,191.3475341864849,202.02793342197037,202.43986924620035,208.41835145360028,203.90799293566536,212.02293103912473,203.39009077267872,195.06440489414712,190.69408421691196
203,2002-08-28 17:56:49+00:00,249.56257247891676,250.1623802207684,244.02508781350414,246.96181019572472,245.1607132503171,250.80035178544847,245.16399798434156,251.69115077230452,251.28829238854615,249.25850371980715,247.36209848642832,239.23238029426224,229.6973508529575,219.66675730612775,216.12250262492455,217.5894782729195,216.3392178459227,209.54246752474018,226.00600331863393,211.63671445639883,205.27831387433963,196.1817797910827,201.8334176570482,201.59727031724816,204.60577577030102,195.04539957722812,201.14909827817027,205.30273348283575,209.27632271369427,204.11982269287824,194.96028095414061,188.72129162917207,190.61072803008233,194.0955652465218,193.51039927323103,189.70022820024184,192.322426619069,195.340555987766,185.65999645461287,181.55754965827202,186.144339849745,170.77630796194424,174.65705442235821,182.11732264530917,182.32394338007188,183.32834720877236,181.340346101418,187.32094701627054,190.096207874857,195.77982975339359,178.58663859402878,187.1922154750394,208.40346228121692,214.31278937209493,208.5460856576758,215.53054742745587,208.87471692438896,205.8037262600899,198.4712859826607,192.2260170951896,199.75445303742538,206.4781403340005,184.07110833502145,183.38746965951725,181.5788555785392,178.600195157732,183.156206143963,205.00948075263574,202.90348517414557,216.33997166245354,219.8528678320496,219.5531923965084,215.33689970585624,224.43451552570332,223.28863505967058,226.63631385640818,227.79778390319643,236.1837592799251,235.2487261524396,223.9989924435589,225.580934467384,237.28197238635164,241.70274544994888,242.66793293169547,239.71934200067398,240.1224317305668,238.52139659088135,242.59860294868875,232.47050892020172,231.09731888081376,211.982129124121,210.5749408295819,203.34670569508128,211.8154294179112,198.95661590435748,201.27380409279112,208.90888192989686,222.570116389051,223.67340949134143,222.20408970231264,215.38115142674098,226.1875096281703,232.42507293942472,210.82200380487436,213.92812459824597,209.9863282505781,221.49806410187063,213.4552436968018,226.1144594028765,223.73853732102037,230.0973406136315,216.38506739565548,217.4742672755259,219.57088736901426,223.36282798800346,231.18066927843472,233.40294073250828,234.51583645836567,232.69888034639956,231.6883709823968,218.14811418115636,208.97605493343355,203.30904510625464,195.94001044177824,195.34709053439622,191.18591829878318,194.92233997984874,185.9425523203744,184.6059868227366,186.94053907649965,183.01476109961882,183.09287598465713,191.76099992029086,194.0394905189735,198.46867430399465,197.7713805946824,206.91159980245567,207.23374219252287,204.86405420466158,194.35295981064434,189.52226147026914,199.2812507302072,192.0069134903403,186.5526582186776,187.81401252462268,189.30273224387153,197.67605056849106,198.3650795824769,198.14529408519135,197.93627610950662,191.11978906652521,186.00681551768656,177.8755149547631
204,2002-09-13 17:56:32+00:00,252.4814772402818,252.90899536002536,250.12994507766717,254.05719315562013,254.31791236497116,250.2044088343148,245.98319389475392,256.08672605726736,256.67356701659514,251.97652793708983,246.95460381442635,237.2004450851835,225.21894083288606,218.82525189176462,210.79808222366398,213.91989884263376,211.44374554077496,217.3968451693381,229.7087701554878,224.3634788914844,211.4344264734733,209.15845986159638,202.68805315851023,204.23382821211857,200.3600249797014,197.12413204320984,196.5282144080304,211.25225709194467,215.62633829298557,206.19668189005938,195.5753729546122,195.74579608143137,193.23887748651944,194.0364960563149,193.60904181149405,191.18626011227255,198.48510865114065,198.77225455683703,193.60344727458784,189.89826089107146,199.56015485730703,179.25583228477333,178.1076389155079,185.23367058084477,183.3535992445834,180.30569389861242,185.08498374675008,189.42110502389642,200.4989346221375,199.59993151852777,190.16680000534018,189.138313060071,201.08258354424817,206.50706725259653,207.34874855857646,216.361646768531,217.50218668666844,215.0952429703325,209.4419467736216,211.2727142995767,207.22194594481113,217.09570105368067,203.1319551391791,182.42901899038128,188.4067340148404,179.31758415612134,187.74617940529765,190.97272213019355,197.0479007566106,209.03784092059755,225.90947332377556,219.99288985721927,223.71693057892017,230.30571560671615,230.7185056787926,229.23155324180595,239.8264861476885,234.9918587786935,244.29193002476308,223.56122705464554,230.23515259142982,235.52384334912196,248.16611500956256,250.29984264566605,248.76474137510002,240.41625959838052,242.36726513605302,251.95629823058476,235.25942838714343,230.18830936870916,211.7557257245453,209.05362978822393,202.84206651875957,210.5062816090052,207.5716652110391,201.94214435321965,208.61430634242265,213.5805090901669,223.18506041265738,222.0508369201367,212.15652502637414,218.01022288653235,225.75096063382932,222.15616756052808,225.60937442144768,222.3516888790782,226.02369945742083,226.42788551855676,220.65050809901226,226.18242285000557,221.63132912583922,214.7276873682908,218.95804945844648,211.27726320454104,221.84977946228202,234.71741789515892,235.50722605385693,231.4715651020863,232.06964826631952,224.0814875806339,214.73511541568195,213.51660663892164,203.99920261381033,198.7454187532327,208.83714190871285,211.995733788192,205.21083416781087,193.84557241233728,193.64539146739585,189.14174592639134,183.3839659229137,183.49066506764424,189.48137261145973,197.51387200059622,199.03069738274513,200.34143932460626,206.19250542325153,213.23847139788933,209.26476031113407,198.24872757074166,203.35530537305195,202.2598127959664,196.89498278037348,189.88134695412543,192.5027932772693,196.25818459604727,199.84091903490202,205.0252670063711,196.6660513721518,197.24045307138724,193.17975836997047,185.7995451831991,191.15366196169975
205,2002-09-29 17:56:02+00:00,251.77005114429988,249.6264666792712,243.32427936883278,243.90843342713924,245.61493361351162,245.7161113840665,244.3234016347948,249.29017431015518,255.00000687117287,252.69927919476277,252.96133174074313,244.03119543931777,230.31796286028305,223.1294575599453,215.50172482557412,215.93684601970625,214.48204659338148,213.49806809274247,224.27287546368825,217.43861445436983,205.52440535664076,202.07678915503953,193.3560719676164,195.50507380743318,193.67928269859544,196.4469709909909,202.00309444038507,211.22423919737867,212.30445515272078,211.23687413818675,198.7844738069489,195.31727758182603,196.95557225596195,197.5090104499988,193.88788051868977,193.37871254610997,190.53274820239642,192.5616776867339,186.55038401658982,182.21229578766076,189.81945350637488,170.10282438230374,173.67762470168446,181.03696391644522,178.63725310278528,184.88439836471818,186.49287271107067,191.1350228658464,194.4526986707427,191.5879494948239,183.78526269205224,191.02126118710447,207.04967543755808,208.31626898924134,208.02724862258484,208.66399469250044,213.28233745899254,205.0810292897032,201.26336010287892,199.14947031691366,209.45561939631384,212.0244527293751,188.44036038300408,185.3000462397918,181.57344206215765,175.3383985162854,175.60233555506701,183.3151129435404,197.08623116077007,221.17794773796155,221.54257550096906,220.6773858150013,217.91896117884153,230.69315537146466,223.2060068253009,232.36036370103278,227.2059732817816,229.6569394052256,232.26689214781942,226.49810961292638,222.3135623663533,220.83795070955165,232.68607796558575,234.22096808521167,235.34335251542808,230.60954931924584,234.64637697064865,238.18762562907054,226.70630599372876,218.24694555338823,206.30013461351868,204.0246138206301,210.79413947689076,201.9898219942861,193.64286841127884,197.3034441840316,197.78442232638156,216.78787078935218,219.0515532497452,216.79763324118048,204.88020207133758,221.10357478136797,228.26614718063013,219.139965219067,209.79839060465716,211.622946212017,223.36018051682527,215.35474440001693,220.2898662770396,223.54158654964436,224.5543789122536,216.28907256983825,206.2089623231444,193.53697487220816,194.2620249537127,209.00794505831044,219.9617972765006,218.46674535714575,222.85804056317457,225.44903915024466,211.75912766712642,209.7962917309424,204.64773865512657,191.6318196939192,200.17498098215734,198.33320278173375,194.16074412572596,184.02493668915338,177.43520228877352,182.65538749875725,192.62234570272958,194.12959961465145,200.11333013019333,200.36842418627447,197.17933088983136,201.71997515440358,207.92001875868505,214.58300780393876,200.2534702722619,193.07095338105017,198.53913711337503,194.06363880811676,187.91991887988016,178.4546853159955,193.45724449715013,200.19724430913465,203.6107197946179,209.48554306870608,195.72688672772387,200.99058010845118,198.6077570075692,190.55746224358984,183.5752918094114
206,2002-10-07 18:10:15+00:00,254.0988329227014,251.08754028615013,248.93027583044528,239.4834429835412,246.90746979294735,246.48795047549262,243.30157663738547,243.10316360980966,251.8056938018975,246.7705576707706,244.57385317811162,238.3240904499333,226.23094039675976,216.43883587706264,212.8324970471641,217.1182335822134,217.31946238962442,206.67878370701914,227.37860307448318,218.32719042909875,206.6544390389515,199.82619998591042,197.7158627173662,196.8089125379878,202.7676838544325,193.29711659087974,199.5939726877392,206.44402019731598,213.90721454565738,202.73426708790134,196.93491892172466,194.9855910078373,193.85374509399895,193.66691561465134,196.27622723568368,189.92772635350863,197.11583774686235,197.13276789576912,190.2755161868824,187.36892321731608,192.62901265783796,176.3617475266268,173.10939999653942,185.57245642571365,189.13297088587152,185.4689204136149,189.9939462293314,191.63897811981985,198.85950723604068,198.80437319017688,192.65016181744267,195.773937965464,204.02033407503967,213.48801090663108,215.82512351941057,215.82351212546604,219.5462177459115,209.21217576985487,206.35945330081304,201.85009940431584,209.80901039478965,213.65613923749578,199.62291816946768,189.55305065572333,194.7959405646813,186.20222901374476,189.28343415731894,207.71199093647073,204.09602097167704,223.13095810917537,219.6356581569691,219.08852042335877,214.76081245217114,226.7055693757929,220.55564219182037,226.7757266228491,235.36326434730964,236.11771841610852,231.11987539087318,228.32414708858033,233.77738221529873,236.51262448557372,246.41069673036654,249.85828527383666,246.3847486138004,242.366415800317,247.8044673781478,249.48446195751663,231.77813237564274,221.7727900491468,203.26620728853538,193.90581036017406,202.54643554279812,200.3788674463363,209.853404556045,196.89282389602744,212.51342282941985,217.2203244579859,232.00833597278717,224.63010264794102,215.2847130196444,222.69056805582298,232.98832508938068,220.4781042792523,220.07220213396536,217.76380680333287,221.9218476413863,213.05409000130157,222.9265875634307,220.9822253390544,230.00394556978517,221.56313928514277,222.72547397874234,209.795152032265,221.18474356933484,233.96371726889453,236.5805798838127,236.10756644661853,238.28162352234438,235.54546132196748,219.09268129833129,219.27569554922053,212.69771304623464,213.36650286062599,208.48276487172933,207.68472727364312,201.5333244300938,192.98909611488574,188.25787246406355,197.860836146495,184.12317242591794,186.5282815452382,195.5469297191143,203.9747007757749,202.69741085907074,203.5663886666452,209.50154064530614,213.22499199398376,212.02521619888364,195.91381805401642,198.6439982068035,198.22974458344552,192.6818341721298,185.52930128915617,191.11440074848363,201.87793092375875,200.2430180013138,209.49180881754424,195.9088126726267,198.9312732594444,199.06758872601313,192.35343373370267,187.25802859833408
207,2002-11-16 17:54:24+00:00,255.71738331663676,255.07872197966316,249.1316815704563,249.4165911394744,250.6687302442486,251.69589671458058,246.6947724864949,257.4747231860699,256.1629714672981,251.67850806814533,246.7176935702748,241.2889127378563,233.26249655760256,225.518857196121,225.82632880620642,224.73332275559812,223.17173604603164,217.24200059248722,233.7623237702365,221.89063654661186,209.8306375840697,206.9401198845516,206.9880343731037,206.16322958717797,205.6356130335583,202.70806500627964,205.0281443801049,208.01548663285922,209.18587013039783,207.8878074229272,198.7314012542666,197.11401581715836,198.20669003947864,199.82218438941894,199.1912587969184,200.2893589219007,197.12405852842608,205.03155483152685,197.54099330869093,196.4194103337715,198.6228669422089,184.93813616070292,187.4632592785234,197.9491618517817,187.81079231287026,187.78366891422166,176.12145067256182,189.3379798191765,191.85947737697478,200.3054123692797,198.0480709809217,202.99216807449056,213.57016259331255,222.80294805310103,223.91917953981266,223.24316402357277,221.83613676743408,219.70460095901024,214.20132356465186,208.1793094118297,215.86684034636517,228.1615248712133,211.9926739151017,191.2002477757357,194.89366550391077,188.20101020755448,201.79653203449783,204.59187298728096,206.56637611694407,221.76553857846582,226.40978603618942,217.21062907690856,215.63632573940123,230.92190471987618,232.32445931639433,234.37484435736087,242.71847620061868,241.46531105680114,246.290871450959,231.79101047190176,241.44871798668763,244.23943426930794,249.66007310129245,252.90347839549162,254.71248734679534,,,,,,,,,,,,,,,225.18438160816206,,,,,,,,,,,,,,,,,,,,,,,,,,,,,,,,185.51243251105723,178.61608855670886,201.8015236299201,216.65589141340575,209.649267567486,210.37561158108213,216.72152832026646,212.957646939691,203.33426260403317,200.30136688556695,202.27979648080412,199.6544915649325,,,,,,,,,,
208,2002-12-02 17:54:05+00:00,253.92299584043533,250.17905531340153,248.19789844160516,243.74198796357774,244.68127726329703,243.87174031969647,240.94859451458464,254.65800167346384,258.9056444162519,255.38376028098097,250.80307854558512,245.55065478911393,231.5236857235456,224.4687467813206,218.9812678668858,218.32685985417854,216.9809102295133,213.02788920002905,224.73662061160923,215.46905062900964,207.8333898986321,205.85728127289207,200.12124206407145,197.87760725265028,196.16179595231864,200.528248381943,201.14504835258265,208.289529633607,216.46373467504662,204.09105012250012,199.1495295908476,193.03034887354804,195.59615361988233,197.8956868673855,198.61382446397266,198.63710022097388,196.26898163967167,198.12716038154542,193.46642562002404,186.16106627076073,196.68988975976185,176.42393278204702,175.17218209339597,177.5405925301523,180.34013001655634,184.72199604119055,177.97508112340196,181.74700466169978,193.06311272197962,195.38193173803143,190.00862447956075,197.30316140601616,209.84983771798733,214.04889550207088,215.20672743480998,218.78282586344596,217.7197842505192,217.41605333150733,206.45181441319565,206.7831326751758,211.30527541259323,218.85681661319288,191.19490498093728,176.01617665221565,181.86171397240264,175.35855504033748,187.80765139816538,179.73784529241908,195.88396073472114,212.1344999388594,223.71208462203236,213.2666163812702,212.75307526014024,229.51371146294332,228.22554526068188,230.60268103709606,230.96603139028437,230.8509223285139,233.57769806780686,217.77695422901894,223.4619013955939,229.042728915593,238.13175677564163,247.18225128498688,248.24947564498729,240.61047312907567,242.75384850842528,249.34617341452903,234.57288304511872,229.99779291094057,203.7426983867228,204.22828630204373,200.82690677438447,196.5801375635368,199.90047352491263,200.2626642307085,208.27192708355471,209.4701990435987,217.69443011253773,219.530905233504,209.65979833395124,230.5721466487971,219.97274670179385,215.29009135156642,220.8686597276061,213.76116775203147,219.58586057737648,214.63138288334696,224.85888386127334,225.58801916188426,233.16934688973384,222.42136073402042,224.53603794322458,225.00337340451733,222.1457401565289,209.78000932337758,200.8447636002368,214.74071997304014,232.30250602536086,230.74660564732142,213.19193303927173,203.09909216709354,197.59325052206265,192.7366622638295,192.72651310892255,200.0902393275378,194.46031603628836,186.4090181779486,188.9673259397889,189.39160593056965,192.38489287340707,184.43100097791046,180.28792187059986,191.85713484701466,207.23659979664214,209.8970595591087,208.89324805311895,211.0058434491496,206.18593773942345,192.3166449074347,194.6974871615091,194.10678993172706,190.66986636525863,188.68953983383017,195.0792078488086,204.48323154166087,206.67532744808966,202.29052134775384,197.9716054903887,196.84845909635803,198.77108971310233,186.43780517040165,181.10154445708093
209,2002-12-18 17:54:12+00:00,246.08937122485375,243.61731483914045,242.98344619138095,235.7875575949323,236.64939785333488,236.64807391566745,231.80525117677587,239.5913603607744,240.71110003770684,240.5285922126007,236.8256233680059,234.04203566138847,225.86231992688917,216.71243139653032,212.88615175109464,210.26135139356688,208.4505912501409,203.83394346681277,217.58060308219746,208.80777939878368,200.07511024310406,194.18462773941454,185.1124166842281,189.75910479591502,192.95200287090074,185.10637012786094,187.66419502367074,194.51278616127735,200.05516189526122,191.84878064499122,186.89857286772144,186.6948158804842,184.03682584735526,197.56314404410807,191.84075547898033,192.0294544027967,190.26231679205873,195.94403769788812,187.585070481417,187.7423317800337,187.94536206643244,165.2808671864948,163.19653538745416,171.68456907286975,173.7067055428353,170.54648009101805,162.70407119388938,169.22519243102727,174.17021017696544,181.6391527435793,183.65054815560936,190.50211799869334,202.77919808992272,206.642089640093,205.58345783481872,207.49053697408723,208.7574856414679,205.4912205795929,199.5880061337754,190.7151969327829,200.00232047479722,204.37822680505164,188.48892974588668,181.52641841379636,176.76327232608654,176.452503938525,172.49158449103962,173.00644242302553,184.8345683086519,203.16169584422062,202.56470540501692,201.413811037813,206.4786506828299,226.7150174938864,220.4232905806752,229.7476880759051,229.1245840921991,226.96768421917858,228.33544647221674,221.51917744081493,223.50768374486552,230.6293094003912,233.5187948817739,233.96685087276518,228.44558532074615,226.18019503546765,228.34861001075018,230.34393860767375,217.6824004523565,211.1849547354518,197.6853494326687,203.1785676921265,202.79515037263184,197.62830971981035,189.08053924397638,199.93543142787442,200.35622555101085,210.73115645101805,220.4974733226524,217.24753173243647,213.1596598783932,205.59433410755543,206.7022494329105,192.76254720551594,193.6686685977301,197.9375418045888,210.56839973863072,200.5426454798952,212.25696981992428,220.5943752059055,223.46288766830136,218.80914264180694,219.2582840177961,223.14117645546804,219.36866100525822,200.1904842864575,192.42362646941208,198.31181474765987,206.45207198223386,202.10351794288164,193.84647859786622,195.18076089337657,190.81613728424946,186.51475135734634,175.72054866923156,177.5844452228668,178.7567273663155,166.88136350253112,169.6788097950725,170.28109282246373,160.7484834113395,155.31266141738928,158.99861878148425,177.68885756631485,192.46290486922177,189.27484981251484,195.30379267187368,200.7533696419608,196.66911088786384,190.50303248104507,184.28195668854258,186.21269331537408,176.8384240657346,172.1683359329524,177.8925025934106,178.34014700313998,179.4693555649771,178.66623728984308,192.146135282501,192.3234299179483,190.63835907368417,182.2324281909573,177.06729999029443
210,2002-12-26 18:10:53+00:00,256.54426999448606,251.80986032732028,249.41913672729962,243.7172706024197,247.0256530819227,250.08653247699806,245.68774307296658,255.25253351400724,258.292072778417,256.88277266992816,251.73218593021124,243.35479529990863,230.17834976813356,222.79088747248397,222.20486144966938,221.71337800753088,219.08879100316085,214.7917638559534,228.37919869524254,221.4675108212058,209.54127030754884,205.27119538555488,208.26684393549618,205.34226490289439,206.73307919482843,200.757337494846,204.39534392302178,212.48956435924373,213.88908678967073,209.72966517155382,199.7350956231524,197.4260428090173,205.5565778015448,205.7244928726654,205.17866937180287,201.2705450164616,206.2296476872315,206.9317066448403,203.937629350034,193.40822687073575,195.15066573906972,184.97000085857854,188.3718047306939,193.12711520480377,194.502486262935,183.51562736318306,182.33724790572217,182.45312696245696,196.57591706018195,203.5378677247055,202.21767629191382,207.03378797616617,222.48009704647254,212.7448658521704,221.12222004639267,222.3567905732802,225.6339011752865,221.31107742752036,213.03150737701333,207.23470193493347,213.7087945577913,212.5450677459921,184.46735756315982,,,,,199.55431324185983,201.8628210941891,214.87175637369478,212.2918060499535,214.5737419966399,215.81325695590448,235.2440910538935,230.84776662403047,241.50196109017918,231.57024688388825,228.4049065023538,242.5480197882956,234.0535603052085,237.06325530582208,244.44843459723307,243.85139989417985,246.11090690288208,243.20104054916476,243.1643120475655,241.89832677864956,246.83554384404076,230.940074770151,230.26562823278852,218.84865250629483,215.8836448131645,226.54115618972764,212.52069350477188,207.15566696671453,218.0989220507242,230.17665898601877,233.71466504115816,239.0197350481579,241.09952508926185,221.96288694625943,231.25872576136797,223.89325653863372,215.67133150509875,212.61143817201258,220.03858936692578,232.11736618864262,,232.67820452168152,237.2721781848288,236.12092250390893,225.42844290545304,229.59458549646556,233.37449585833372,230.16189890700318,218.66402728197127,209.4797629479844,205.3164331591574,224.0531689144359,217.2391675215534,201.59747127062235,202.1987762422435,197.19724294826688,197.37349397765644,184.29945479982837,191.18621316714672,193.31814961511824,184.54377071681523,188.25228483275498,187.2417270839648,183.2093503292638,169.94780477070816,171.50392759360645,190.67455928730823,201.233750461922,212.08263675924138,210.02994266620817,217.52885892091297,210.62381023329723,195.68615931446956,199.05292383373697,197.99883224470216,197.21793790340658,194.54290594458712,192.3144994018513,197.55056275350742,194.07910500806636,198.2256336988616,198.3563458063317,197.55274078101402,197.76535255322665,194.9025234213368,178.18256494810583
211,2003-01-03 17:54:40+00:00,238.39904649011896,236.76018537407214,241.16374270903478,236.0493880009756,237.33429813018063,237.7132519618617,234.85239988306074,238.21711052221372,240.3286060006689,242.52225119433086,236.86639859109903,231.45669130563775,215.93062677389074,206.78898736835873,203.83185546856276,204.90548225448373,197.59570829641302,192.11286106757916,207.42351542857472,205.21627517955704,191.1387667469773,193.62237304699906,188.9650886257602,191.32572331927724,188.64119318118344,186.54118732908898,190.42170165831277,195.306652238748,195.4561322899018,194.18441655974968,191.26959290018925,186.94738152841694,185.00092499704414,191.84085529369557,188.19994072790638,186.08575580739614,188.1258382475097,187.76923123990656,181.1295164582811,189.77210866175255,195.16090000365918,173.75592942207408,175.52759740224252,178.3924611679014,172.43313263905162,169.41514190687883,164.72408214311167,161.95185111726437,181.18365371134232,183.6951147919684,175.84522724856612,182.21261125669974,194.4738870617856,199.99401131213574,202.28762970042675,205.84749091416384,212.6028352003661,204.3241425707106,202.29215124311537,197.28383800388553,212.34597583261922,205.7318535865984,194.00134536685675,188.04383506550909,169.75229798034724,177.79114564401337,184.51103079699942,175.38023077830337,184.626766174765,201.05078850852544,203.1615528829094,200.73593563208487,195.8103699645696,218.10817989337716,219.0544268630151,224.96597867044565,219.06057157379217,214.1217635377864,217.9475060343106,212.81318524975853,221.72356440890619,230.83406221086312,230.72914882937584,242.22577976833475,245.77156318667227,236.4602828168085,240.49813934703008,237.5775352275478,225.63495021985204,206.3414656209358,196.24629138697816,197.4361528523433,198.4954440373897,197.05202981719026,195.85843708880788,201.27774524891845,205.30647189447308,214.19255869789572,220.97642615805682,218.17369352047803,209.1289659231735,212.75005706205374,209.0761157248644,199.0739638054375,199.15153313181452,196.66696511612622,208.9731581815252,201.96499780679082,212.34918414033035,216.33736366680728,222.20252751876055,208.59452814194788,202.06580905160808,221.08487202671992,213.0232501971558,202.69073644697443,196.0689314758451,200.8920686557929,218.36219060868206,214.8727201856295,194.9069358966313,196.72160553254736,184.63158155254354,184.41000343152655,175.99428442441533,181.77728617605146,183.57492255025687,174.48183327092056,171.42240583337514,171.99020430994815,167.82631397432465,165.0245565917109,163.94107295613978,175.96652871937525,194.1987039145277,178.9696218174932,190.1174169616982,196.22297061159313,194.83261156516548,190.54503794345476,189.65503553796933,189.25240396178896,186.1578851265815,178.59149852365732,168.24802013172356,173.99444379779112,178.22582269013918,186.11913793056263,178.75750608139154,180.3671893107322,182.70279402615455,171.78036590203533,164.01206234602424
212,2003-01-11 18:10:55+00:00,265.3972141638562,261.9046700440197,255.2962990739366,254.28503687313014,256.5920408304403,260.3906920823256,252.61899125706793,259.86286359314386,262.0314248902853,258.57469717446133,252.34435102127563,243.79249183129252,229.14672989984018,224.5205594745111,220.7543362948806,219.6260097615022,221.19498811434931,220.99295218096552,231.38075255167706,222.93207335408516,206.30510910512942,203.89825530724193,202.08414386882296,205.24725303827523,202.88186088460822,194.45434201467518,212.28404551305817,212.21625860524466,210.8903200663007,215.75905372868806,207.10897632374486,204.04313930843466,202.3244886362308,208.8722540681697,210.51735863197564,217.26300526832784,204.18588661390746,212.65603671335052,205.0514357181663,203.14570944331194,209.2364372162932,190.70980635766756,184.29905104622176,192.35435636494427,185.09793561069438,190.00966726681565,184.41336021758588,189.93851245067907,199.1904602615365,207.34737096130215,202.84054975624804,218.85594202502944,210.7607461578167,217.8681448744581,224.1385944950538,251.37726237967559,,,,,,,197.59259340034146,179.64844041595796,,,,190.1525047719464,189.1777427306594,213.2878763312901,213.25347233647247,218.26806456734545,215.80173768439835,244.19013972667102,241.85120618254757,248.41400480035472,235.94850182664425,233.15458668851136,239.33372858136738,234.65494128964346,240.74701714209215,248.72927828907063,256.9749149147192,253.61106593996138,248.8119316141803,236.96399464967962,233.65294055797344,234.16375080091973,228.08127632863582,226.05502180404358,222.1089000874526,217.6397912849495,216.08917313589137,220.5748156354295,206.68861752044324,219.92288726961766,214.38019736583723,224.94675959729892,224.52595539439744,226.8571925244234,219.93919782883899,221.39986525028704,222.307833217889,217.1064552204175,216.88637643772188,218.9918610172779,232.47829433484972,,238.44146871131807,240.4641848683069,238.1207610258807,228.6547385777065,236.41556364647326,243.7245476411852,233.05742989629493,225.29419363677093,210.1715533831096,215.65037153632943,232.90454507837205,229.66766961587828,218.47351326320944,207.73198867728811,202.67578561492962,197.5099245818128,191.02428893730084,191.45678567345044,191.9036631382157,185.42582907915133,187.74645270805257,191.63725768354712,186.45747020248479,173.74849512606804,174.34880179439344,184.71775085647948,210.36524719886467,210.7263416797516,213.11143274736096,216.97030658641313,211.13578677634484,202.4969641349356,202.64194139084057,204.637040852701,201.21211393205888,191.36795209263985,186.23695804861455,198.4280768369083,206.33363533578046,194.39526111750502,195.88242470970636,207.56901329190208,205.7167511741857,191.2621385511777,185.4298785138284
213,2003-01-19 17:55:01+00:00,244.09725301684713,249.5009299501074,241.91058463691408,242.4372102145784,245.24757332537476,246.32858700550364,238.2762192687253,248.10538475291298,247.48709862725835,247.16305558944583,243.86349191480159,233.9099321554928,224.95935373907207,214.90739291877657,208.64451678345148,212.34971167145568,210.21905965065167,205.00846040458168,219.9395135097323,210.9648816345786,194.79773678124153,195.1526143568252,195.77230386298643,201.47457417467734,202.30560459879504,195.9091989049523,203.0430918409579,201.8179152406478,196.31366814296237,199.1390500857937,197.14167038867365,190.50899611289822,190.83829221932146,195.90129425100758,203.13447047996397,189.34023509972562,191.12937888016197,197.25848828521816,189.17559938168426,181.33654954666034,197.43520001425406,175.6452009239745,178.09318021548796,182.5333784000493,177.67378490994838,176.73158107179444,167.00590854707713,170.39965155953703,181.9906006423535,187.02979844036992,188.4936170972441,191.8936085797888,205.0970735083061,211.3145115350789,207.22905004872757,215.53265812617082,215.07696061234762,214.27622512029777,204.00488292778735,198.20408393133016,205.33649159335155,214.37617821932326,205.39520311320297,191.84376075606033,179.46733255918087,181.43804112129195,196.70918661272873,185.7517281179848,195.82934733945376,197.14836607509272,205.93349976673858,197.28174896960547,205.45183566062568,219.45914356015584,225.04418875662975,230.26896962538234,226.81793876810963,221.14274213564377,224.58748533504126,223.89746175733592,233.99399330152974,237.44062023871612,241.387211738575,247.10755095001488,247.31695499912553,235.67669347293403,235.23209871242474,238.37086969905153,228.41884636271212,223.20260539067914,205.1359830817176,198.94345476155,206.86431297446092,205.10744329107936,206.28665999221056,203.40840385793877,207.4358678473038,216.6082972742613,219.920541127425,227.3944193657378,214.31436441467005,224.50950215133597,213.94290155178038,203.07745572367816,195.2454815669084,211.36372830307914,209.606197592603,198.49100753815654,222.77895309428965,229.41074776903747,230.51911000631782,227.01286045182954,221.7697216752245,227.54047639717473,226.66117712441556,219.6547397136007,204.68588428449272,210.6382865475365,220.44403504873372,229.8792353653902,218.42409548717345,206.7722784731503,198.6224260826767,190.2506713200628,181.19333013619445,183.79126834710075,183.60949024760004,182.06608341618195,179.88674494487773,179.64871887197378,180.8459847406197,169.46418336141602,166.3952033651489,185.30593913738184,199.7026587403627,203.86594769392505,202.61805091885262,202.81289575776725,202.76863188734785,194.48689055934108,195.24428862914678,199.93682809577595,197.64698502205297,186.93121787870228,184.73106880574045,187.13980065119813,192.45432253139552,187.33061070192872,191.4048390015813,197.08570829008167,197.18725761991777,190.24907214267142,175.47994249970378
214,2003-01-26 18:01:20+00:00,,,,,,,,,,,,,,,,,,,,,,,,,,,,,,,,,,,,,,,,,,,,,,,,,,,,,,,,,,,,,,,,,,,,,,,,,,,,,,,,,,,,,,,,,,,,,,,,,,,,,,,,,,227.49085440153482,247.69665718075626,238.34525619868458,245.02369813364672,243.98126093283406,248.76648992819628,,,,,,,,235.12127413191834,232.22752785215053,216.75132993457555,211.73370002071283,206.80082773376813,,,,,,,,187.87453075095948,184.64616541212644,174.07686173345712,184.51165406022037,210.60848699201534,220.4416668206647,,,,,,210.55828915940128,207.31687873937148,199.36138814833686,199.17783089632084,209.36296829151058,214.83729726617577,207.25384734583417,211.3355299284446,215.30378710866364,207.80901599281384,209.84600971718186,198.01725325827428
215,2003-02-20 17:55:43+00:00,248.89202237358367,246.07200563221883,240.7396785053241,235.43676543399062,241.49140529125924,239.17100588314855,235.27546667938296,243.1261850689102,247.79369153832053,242.7787024026613,239.19311694466333,234.77639684444344,222.08736679571268,212.86631503827863,207.28970757838863,208.73222933609958,203.54522877230562,203.46027132182346,216.199930053063,208.84099927023527,198.78604969090344,195.96325399234334,191.87463941467416,191.6616092704101,194.43683596069025,186.24852383529645,200.11231158281674,205.06066273083076,206.94613243108031,199.22211074260895,197.12108322312218,190.8140811075703,189.54038904123593,192.28573672358687,195.60972149003356,189.03503663582808,189.64682885995074,196.96445579460652,190.9745860317469,186.70544662363199,192.56090240381099,171.42348364544773,167.92614045399807,174.9449424159613,172.38646783107296,174.80377116332593,171.78867216489834,175.3675759222947,187.7257501976503,187.10482549741238,186.54938004228973,194.3926506203273,206.6813056338027,207.64252177868815,204.50283913998038,211.956289812565,217.77694649862948,214.59024707867744,199.07405398469675,196.3897025293188,203.49165162428127,204.92053581456318,192.03718367428237,183.79478972377336,179.73446883920568,174.35313813196126,187.5654484874889,181.063017303539,183.28317870380158,203.34027097399127,208.31683047041588,211.60326545687235,216.45949857305396,234.6271985049358,233.0891190045426,233.71820247879526,227.01862268487665,225.0432046660353,228.21967874649476,220.74221567707377,226.3562592249845,235.4889515555989,245.09574886218115,240.18083180077184,233.38913492824344,223.7830967225778,229.03699921600924,225.76221880787375,222.92155656197804,218.71828417002513,208.24438915029222,204.81947726393048,204.500622847688,201.61831198156904,198.03662100110108,200.21927404921328,199.14666909066102,213.1065317982265,216.64462070290676,217.94504814215995,207.14045812311775,211.24876698943933,210.03768351961338,207.09891180848902,206.3969692034429,207.9397140516334,223.7997564934288,215.43826994992844,220.14125189537594,221.48686832695688,228.06281669731794,227.02525796190753,227.88474082965143,226.10297563613844,229.36274273105693,221.16753882640228,203.23229906797252,204.86175197970238,219.70461473571987,218.1237256030642,209.18014235445432,194.83857144607006,189.92856778852342,187.50407618583571,181.29889398371833,184.5074334655299,181.1144633449821,172.40603758875028,175.3519183777617,171.43278871644924,174.01877762526323,171.56498991490793,166.74768424522665,174.18073707711272,187.08063275353084,199.1756822333238,201.81801539142455,205.16315761336398,197.5079497383259,193.7500382815337,193.5399283580453,198.1995592426254,187.55206294008264,180.80498084491927,186.8447110074065,191.4147195067878,197.6738435299855,196.66115009245712,187.0932604463906,195.47935717986525,198.20057663335024,188.97413031562778,179.14632216189915
216,2003-03-31 18:02:55+00:00,,,,,,,,,,,,,,,,,,,,,,,,,,,,,,,,,,,,,,,,,,,,,,,,,,,,,,,,,,,,,,,,,,,,,,,,,,,,,,,,,,,,,,,240.64048467686186,240.1250480177622,233.53372315881143,223.8805052855461,219.9310850086142,215.28485563902615,215.2932129401831,218.33817668411325,207.28553105065834,207.53612757847543,219.32445683983423,218.70928594893127,232.35847387014695,230.86369338339236,224.4563771675156,236.8387454236947,222.56470487041216,209.38261731061962,215.70562448738758,223.96320661240142,229.65164742112793,233.603751350303,,,,,,,243.81819994432868,239.78687045657315,228.47690627083193,226.25630512603402,229.72528322494287,231.51178365717593,217.66640325616333,210.77842163032136,203.38851477316723,198.1561526438918,189.95409895456612,190.33728738889454,192.69814123345822,190.67104534165574,186.66826643041838,192.40827791161013,180.08803452605525,177.64265951443926,182.2357807790169,187.09148986422647,203.7607601719924,214.73503579003702,212.06667772463652,215.91431526507702,209.72574034159618,197.95816115291166,193.0778784867963,212.62711341389735,204.53392357738136,197.43111411794234,197.40092402925075,204.2491207444255,207.06812722031307,206.20212810757886,204.7868316134496,204.40464593582814,200.0427465279091,194.2052039434923,188.69637022125454
217,2003-04-09 17:57:00+00:00,269.5808120126145,271.20850152604373,263.93307323797217,262.1633391884204,263.6085495484575,268.26733490061827,264.8506604726877,271.4579027466245,271.17515212972944,262.5991474415639,256.8741531690463,249.28815558567868,238.61959057008318,229.63326602392578,225.09482705252833,225.94767255616358,228.42309657506814,223.44199627327043,235.79162399263504,224.1388842314292,216.87700312440205,208.14140861216032,222.2476931197075,216.49715981338846,220.57550292231588,214.45122694014538,218.50733283012994,218.34260909673827,224.05310811541204,223.74253021381435,220.58957348029818,212.03541994765595,212.99515981983507,210.04494058731575,214.06616350560867,209.83977849522205,204.0362579035405,212.54601620755722,209.5785236204785,201.83031473826236,205.46573113929327,187.73332350359118,197.8418758465355,199.9727919834677,197.47627427263458,198.81498384352562,189.32887317916294,201.67825009029872,212.05712371593668,222.31007811175252,208.79808197563003,214.46493183395444,220.43391519508845,222.93158887330137,222.49787949954143,228.28037385596136,225.55200453612807,222.3849870757523,209.2687221310643,210.28678592022072,214.9040717546917,221.03517809913689,205.74259164089045,188.42426102299038,198.80310187659396,200.68962491785973,214.46833632444836,206.62959286867908,210.2963246203741,213.00432284010307,225.6793184129299,224.42666349029668,235.96819522730127,248.21907686128696,256.4975166772989,253.86175429301286,251.23893129452856,242.84683344351075,256.89454155086594,257.5399683020884,252.63151321114898,249.58319933680704,256.7322307278622,251.32382719417592,251.0257877982334,244.6866579355964,244.69559095662467,244.162609523588,228.82791161630527,243.63915474376262,242.57546257038433,238.70297772491062,237.42898149328767,241.90051293296438,221.0416329424586,227.19225693812845,239.72678642664647,242.1532840812077,248.31250841940266,247.05638262307707,238.37918320110546,249.0232056186898,239.62371271714366,231.03295717203642,231.27293101736961,241.0650545937018,257.6216351589445,265.30588669792985,251.851215574003,257.26850976911015,263.8176739789533,250.8994324676786,243.23553517829532,237.38717829367005,242.37595429941032,248.112510486305,243.85660739223806,236.70713366718027,236.15484883822,238.62344770758182,228.27100167084922,217.15264156131477,207.89586256666706,197.68763646178496,201.40994002580987,201.8043461380219,194.36545625935855,191.2174376056555,194.30882883599318,191.4480911469421,187.68165372190037,186.89627455445464,189.93489798928226,203.4879545690788,210.99723570456553,212.59919851321797,224.94272793897613,222.7494766190567,215.4200155259604,211.12901760157712,213.39012467911977,210.93736554293568,212.39300812191644,206.59518090139522,207.88829184812175,208.06920231279983,212.02414318805373,215.65407191692603,215.0335570354517,219.5329831615387,215.73779778552222,197.2190066813041,198.41749090760408
218,2003-04-16 18:03:21+00:00,,,,,,,,,,,,,,,,,,,,,,,,,,,,,,,,,,,,,,,,,,,,,,,,,,,,,,,,,,,,,,,,,,,,,,,,,,,,,,,,,,,,,,,,,,,,,,,,,,,,,,,,,,,,,,,,,,,225.6053220781281,225.06373611996838,213.93709077664016,209.18038596535317,,,,,,,,,,167.6998732762094,166.50422496336364,159.62945775259004,156.94697623475616,,,,,,,,191.96452186176782,189.35419427626965,192.8048352696593,190.2277421856001,188.8637108076956,179.0888312858094,179.90670838967927,186.14527457070147,191.98126227815152,185.98312481292868,181.67258825937841,184.75080398493756,183.8907643463922,170.7585393227643,168.4547123234429
219,2003-05-11 17:57:41+00:00,268.4191056668373,265.0982932638041,262.20452088746293,257.15944162866305,258.6727277012045,262.20734743673086,262.19102497362394,269.23559165467555,270.10153721418726,262.3781861747586,255.54670330976364,254.43320634239836,240.0233801171558,229.29975912136095,223.9007073347999,228.6751988319499,227.5991228543613,227.8775600597529,233.48538086741723,227.29566083503403,216.5772926407172,209.2149032280295,214.8408299980058,219.09192614948614,216.07138350314665,208.50270947802272,212.4337833958558,219.32976556560652,220.22753899122682,218.21065994768998,219.66780211906067,205.50715967834523,212.90379622278024,207.95895106887104,213.83410069538394,208.464989551127,205.5434901758649,209.93040573470614,208.68240741564478,199.5449319218988,207.78081460272057,188.5620061540933,194.23614878463368,193.0876568137306,197.4866268282116,190.9999613862301,184.96837930155655,192.54165344842045,205.99934407544976,219.84709208880037,201.82383518694616,202.06195518382958,217.63942254793628,218.00320668559357,219.64837447551804,221.9862857714782,222.30895638160973,219.1847001617018,208.77890229905373,203.93356596875176,209.11335628551532,216.1216630422736,196.86339002537574,186.85449314077596,193.3150151783848,200.8003047730495,214.7924516581875,202.89782179925635,206.21713027966584,219.96157101522186,227.99642550170933,221.8686092818972,228.90147448682754,243.54888237476882,248.36019468910814,248.7628251757481,244.02910771916572,247.29858614327082,254.6533004065497,249.5595127387005,244.18680677691088,245.16949589727662,254.40571004589728,249.33282139118563,250.93329195586983,241.23853416222286,245.06571038014306,242.07089158584085,230.99745097814878,238.43328793861104,239.35372671718397,229.62005277340768,236.03665040715737,231.62341331641466,222.0175133388289,225.1700042493003,236.12513749769147,242.33559092838254,244.77398069095005,250.2447240647747,238.7261808789844,245.7294449058453,233.10582392293736,224.93152359216754,222.55817292824514,232.89165831463433,246.83089299973258,,251.6883070799425,251.11818175069317,254.46472118333185,245.36628688929994,240.0622690604975,238.118287817552,249.84282669839894,243.47694890442634,236.372784633999,234.330988224918,238.1585439246292,236.1300140662683,223.3046577126915,218.2534982010962,207.55976478006426,204.97453219961048,201.12274362160562,203.1422381464547,197.59658794276976,187.0244436638606,190.22756118574108,184.41336646283713,184.72169403973243,188.39694153310796,197.49985415619432,202.54968163364867,208.2709073407275,214.34664325085484,226.14357477154033,228.54990382719603,217.17853557717356,211.6646928804036,215.06476629813557,214.87764955077537,210.56811498488386,203.50072350714612,208.4461357988547,210.6948932439896,212.77073657213236,213.84279081907505,210.16379962541876,218.44054428662272,215.63997220710684,199.7352581231507,191.9328258830323
220,2003-05-18 18:04:01+00:00,,,,,,,,,,,,,,,,,,,,,,,,,,,,,,,,,,,,,,,,,,,,,,,,,,,,,,,,,,,,,,,,,,,,,,,,,,,,,,,,,,,,,,,,,,,,,,,,,,,,,,,,,,,,,,,,,,,,,,,,,,,,,,,,,,,,,,,,,,,,,,,,,,,,,,,,,
221,2003-08-06 18:05:33+00:00,,,,,,,,,,,,,,,,,,,,,,,,,,,,,,,,,,,,,,,,,,,,,,,,,,,,,,,,,,,,,,,,,,,,,,,,,,,,,,,,,,,,,,,,,,,,,,,,,,,,,,,,,,,,,,,,,,,,,,,,,,,212.03351765618865,205.73661739497584,204.15080800363117,209.81604844412556,,,,,,,,,,,223.1107656897215,230.1437254494129,223.5568914435921,210.5605667384056,,,,,,,,,211.7112640144137,220.2939696111061,211.5961290422438,208.14243502053384,195.4802425239768
222,2003-08-23 18:10:56+00:00,257.0954546671248,258.9566038128608,254.23994022213964,254.14101346635212,252.00516346569404,250.49606389505635,244.53245174486742,252.64014288938245,253.67775220923951,,,,,227.80429116827182,227.23450319105046,225.80977159453357,223.45012426248658,218.97508496783422,229.9976751485413,220.60051616481542,211.82236215866357,209.75041686117692,211.19206238579463,208.09848520685478,209.4286923669915,202.74601646126447,203.96817093465873,,,,,,201.84461916504307,199.49009389308765,197.1544364316944,194.3050009087459,197.388479077808,196.61293366755132,190.94375564716853,192.00806482556447,197.06081971455882,177.73201105360943,185.17184420353172,189.75533886379037,193.54640930910045,190.5757994946528,178.08384445872497,,,,,196.84489580443648,212.05100390046022,213.56142152472566,212.78339502379364,215.2576488049677,215.4468219301954,213.0718894592755,204.35314361217578,198.83823196237458,209.04039207996135,214.42094424767274,197.5842411668113,183.2197301956352,187.95155689459597,189.1975757508563,182.74077898821744,198.50916427143935,202.78730776328007,215.83650229547092,225.74178263424832,220.76622451409636,,,,,,237.04794121135174,238.8977328439629,227.4718040277262,230.0209845834275,232.43199872172895,241.25809668038525,244.31215730804894,242.98863305762387,240.2834921901601,238.5328108729426,239.55504832069207,239.89827414666254,231.40406444867077,212.25610569377898,217.53432126380818,207.71314482567985,216.5078576618521,201.32140387486245,212.2265745668938,213.35556270549228,217.09389039852925,224.8090571145305,224.09720850921767,221.00456156465904,224.34350770623533,225.56083394201946,,,,,,,,232.6049036715284,229.0404141617468,225.1684571960949,217.367013985086,223.71602314367192,232.18516080666697,231.05201657453654,233.17628214913634,219.32887475300453,,,,202.83078524825788,202.00443696100575,207.72658265886048,208.77095209856617,205.2867810927408,189.91927532315572,190.43693620729746,194.77640570452124,192.4703932620794,185.75392925043724,,,,214.5627300646014,219.5341994596061,224.97536666233094,219.9866103524657,207.5464925602107,204.58517252897758,212.44886075591597,205.49235499713848,194.32754630286053,195.86340462119045,204.25267390042316,,,,,209.08180222126288,197.89232126686193,192.30273525199115
223,2003-08-31 17:59:48+00:00,243.11972173780163,242.47520764415364,245.83523371198424,241.53127978393445,241.5002463179834,236.98383554165156,233.91770668332703,244.79868643998878,241.98572526867383,241.69647960028541,236.5818906922952,237.72684950851902,224.0965887801296,217.24572338244406,210.02009524027142,215.20110841867094,208.58271030243472,203.80721148584598,212.77579712082945,209.03197211447576,200.29013967832412,198.91423464594206,192.64606411511406,192.6614996850948,195.06839661511333,193.5286519770706,190.89574314982502,197.1025256044693,196.2893735459312,193.08398959073276,183.48444503981148,182.1882770410935,186.46636135439527,190.3158186138716,183.3469460832655,183.74011982843942,186.83576145537907,189.3812863057372,179.98941782593144,185.34521592386164,185.24081190383845,168.72171958026405,167.82244864108617,176.82059322992603,179.60517261414026,175.80613553703114,175.0822505231113,173.34965128355628,193.8712722867278,185.58365138183427,179.04148497673577,183.5945143515246,199.47273166681407,206.59860271321367,201.62968756532717,207.34135109612208,206.40014828793346,195.87762797916082,189.5360954944437,192.3561865297226,203.4653587462747,203.64783988966383,186.15687548737017,177.1835090630507,181.7364435185464,171.6640670907331,166.43608545318145,190.76073471693502,196.89748086556548,206.91762862676768,213.61606946922555,204.9495447396118,208.07327282339534,219.7166750935895,221.89062330062836,226.19155921447452,226.6636512180454,224.424386517414,225.14138078749602,206.8487392160917,212.47242058719078,218.16027084752253,227.4006900120051,232.4069055304595,234.3442356770978,229.343104974499,228.66681248756197,232.2117348231701,226.49763318234943,218.18115467314874,203.58206894074948,196.72901254389413,198.32521472347784,196.4645256907134,204.16551536374277,198.55297939437185,202.46496842785538,212.36932008032014,212.94629536721862,212.06694340952396,193.28197807438147,211.81383501403005,214.26796423577937,205.0490614127773,203.8947154943041,207.9127518741406,219.02623702767715,211.4141170400584,210.8226181273157,214.60460354466653,221.51483794889012,219.94874304117053,212.99346966339994,210.5267337483766,223.57453214548943,225.25764051235032,224.04925189515149,223.57714726341095,229.7334826580778,227.55116248508253,213.73970607538257,207.4235743477444,205.42504041962036,196.04240378236364,199.0111889491747,204.9541922230831,199.2145080783269,182.4651503707471,181.20916345477968,185.27337444772934,185.59700233131434,191.62973495806523,202.87499535277183,202.82981029142195,205.21889462603778,206.34783533165552,208.6730831571071,211.28551028747177,208.60726420492497,197.37566771942184,200.82805437928067,203.62206572611666,195.24738851263302,187.44048847919598,189.61202373423117,195.01234036323456,192.95589060096387,201.37250982117928,195.341344762165,201.26626791165717,199.84670969509895,188.15848561222623,179.37217898828993
224,2003-09-07 18:06:06+00:00,,,,,,,,,,,,,,,,,,,,,,,,,,,,,,,,,,,,,,,,,,,,,,,,,,,,,,,,,,,,,,,,,,,,,,,,,,,,,,,,,,,,,,,,,,,,,,,,,,,,,,,,,,,,,,,,,,,,,,,,231.99279448303173,217.0307968733551,212.02192250630694,206.26968199038353,206.03179067093808,,,,,,,,,,216.1232052001335,214.7907929973695,215.02792595492065,220.5210529095425,224.7133100905786,,,,,,,,205.62416392811917,213.97388188959843,216.91553738680273,211.38626615718536,212.46237707773116,207.62535994986143,196.8205592756646,192.9610006830441
225,2003-10-26 18:10:56+00:00,240.86270861275017,242.21964509303393,237.2993054214187,,,,,246.85480695030148,248.25680495451545,248.00301838864104,245.10949213446327,237.26248613696538,226.36585826519956,218.2947828256763,213.54461394554676,217.30205977414627,213.82667566236296,207.9222555304057,223.88786704516144,211.19067389338846,196.3700543332447,,,,,192.39899435658253,193.24511405836677,199.96739240547709,205.69760506619275,195.8103470763873,189.55711835177473,186.95799345135265,187.6496407719074,192.1651741267297,190.43370119423588,188.85959510227275,186.27867722921076,188.80710825932402,182.6336937546995,181.19364547647925,,,,,,174.19364045131607,168.53734035200404,170.7116941735349,175.96392491239965,185.58643040673496,184.94309946867747,186.71129546575213,198.2908511822733,203.03547119335673,204.8237846079292,206.52159530835507,209.25396114216008,205.7425655610394,196.97651817131384,196.22794250263522,205.65636466999806,,,,,,,,186.93007694635367,201.9840756818524,207.9934334886546,197.8785426518422,206.38990633973586,217.57986186105302,212.0009505647663,220.42577438842318,222.7801764262441,226.87152384861622,216.60825277589356,209.22923723586172,223.06557746811717,224.30463833671075,236.69612411399333,238.9060859704306,,,,,,,,,,,,,,,,,,,212.72725453811898,206.841370057514,209.60280992602566,211.0273019005113,214.5598049567161,195.95778944109503,205.9097929131108,218.46305637673535,229.5391107313723,226.61420640226854,215.8321925875401,217.47027853131297,223.52501077289207,,,,231.32358363375164,225.3879014516441,209.63008400158432,206.94151888499326,201.44287263992186,191.90486461277212,189.67226003984558,191.1096501711923,184.68567147203186,,,,,180.58409088233333,184.11322527589368,183.77169441418448,188.20795452232946,198.5220806100766,207.88045201571933,203.64445431907075,200.02677335499436,195.64763023737802,195.9289992446998,,,,,195.0376411420939,197.9882036449182,192.45992659134487,188.5297024618951,192.13721524618504,193.29909124507236,186.34758149468757,177.106748099662
226,2003-11-03 18:00:33+00:00,261.0366964137977,257.24526959614514,254.43917021386852,253.22776422860906,256.71488696532333,252.55292640949253,247.4537122254864,251.41909413421067,251.36798947681197,252.83938358905613,246.5491677684754,242.59815289926834,231.30853870702677,225.60916719816203,227.03227643532375,229.42249619566354,227.736394490738,223.65031101129406,232.87043273552052,221.36969120662886,214.37719168029278,207.77516192426276,203.8373888223657,209.28875341655564,209.71992642136377,200.30939459352717,202.5340640685614,210.938483609649,219.83510197328997,207.0667495121594,195.63705460348524,192.83297611929186,195.2992783427281,199.9285275354809,199.94418964238054,198.45170740259795,198.61531766430295,197.99557231938104,192.01447573215103,189.69144224405787,197.7706313120589,184.2520738333772,185.4361567608289,192.081081305053,194.13964256702576,189.6016739274217,184.70847044327095,189.1678977658753,198.91547976374898,193.71738713220225,182.47071223927077,188.23587008216245,214.10510605656106,220.93131990679555,212.24622909644177,220.33992603213588,212.02937647990774,210.13891984186336,201.08674633875123,200.2052692737797,202.4655524677902,211.0879305796221,193.8351908116929,180.10336187185231,184.88065607549277,177.45125393406968,180.49935377332764,201.62855320013398,209.4698996352205,220.5562830437505,225.2775627873911,218.83222592996736,222.6520097265731,234.4555166026414,231.06477604690397,232.02114169796715,236.3819796834669,237.02740837285668,239.29250535261687,218.58923367943814,228.26728325874353,234.80038051559376,240.4454459652745,246.8776129603807,242.40547398002533,238.23592701271025,244.54626622472648,253.32570487404578,244.26264452770727,234.48411721428832,214.26746923454135,208.09724732810827,211.1925381749812,212.2178118253916,206.00486239422983,213.6722467042285,222.23488028232305,224.56688472348367,227.03068220262998,231.44125143730582,220.31686844259167,224.81341713766125,224.19607025277156,219.53993699761327,217.05248465686083,214.70976193768502,224.1290965134313,223.07201304032264,222.44737538718198,227.8820941684535,236.8692770987931,231.85946403798232,229.06295828196028,222.2379671059203,225.24767930519022,232.2012978364945,225.65505618687519,223.226630029252,228.44958974707646,227.13362646791933,211.12120398438174,208.40158207632,205.8334715084859,202.53134824803826,205.53394409809994,208.45409195882212,206.70809888692833,194.49338075690343,191.45350155964394,194.3987414290391,197.45936633795105,197.45255711551033,204.29795288489206,207.448563988214,207.06066828234307,219.60843474618076,225.51142111291517,230.11591216984942,222.4943528491086,213.0404053583178,215.43735028659916,214.28013145310277,211.1314166913822,202.85858128390984,201.72702660194426,207.4467025604422,213.06339121490043,215.41759813806115,207.52186227495883,211.18287697198772,213.13831097987367,201.0809451420047,195.4562005006004
227,2003-11-19 18:00:55+00:00,261.82318125472995,263.2794701411366,261.3350057731726,257.02447737316675,258.58158891470737,260.2467300102976,253.8065711143216,259.41005828512886,258.90657700581534,260.884651162249,258.021846571482,254.85641208371317,244.76255272312267,237.73783550500642,234.81934924877092,234.03737815338962,231.90002193716123,225.62635954347164,240.356615507258,229.93507963630077,220.04077540217241,211.07234362174987,211.54237386892277,208.59521788953975,211.43698088731628,199.7518335024147,205.4003710831979,209.10370275875553,223.8839247008383,217.24795545944485,206.64591967155624,202.31055928163886,202.30682623890613,204.56143584229227,203.39080152876005,201.40025873868134,200.67348231508237,201.15495324539836,200.1199862791938,198.51277574526205,202.5830023622754,187.6187210181464,189.8542900469211,200.15233021516366,196.36739844760342,193.52353688193415,190.6758452319931,204.42123028968194,206.68024505529917,211.55883992946616,194.09924955858364,196.16293452817828,215.42619495680225,222.48743819444005,216.487125906669,222.99673100823912,217.96997265772563,219.34601858441255,209.6384556290373,207.477807542558,213.22037760345532,224.80690423874086,205.50703579363756,195.70714548050088,192.17676303564173,186.2032882844026,198.99387790028027,199.89125293035812,207.84985068629527,218.17616058843166,225.0002357071248,219.1410829686672,237.67917296603,245.42690288829294,246.32720307369982,242.91557983731965,244.51936672637282,241.769471292182,240.1339581675729,223.81971517564696,230.01835675945924,235.5703968742062,243.93395010191597,247.47248052133128,248.3969784684194,245.49645379642453,243.98240253168004,253.7264475462763,243.8578229766071,238.03288491653248,218.07797076336504,217.7581968762932,222.72177464867585,219.63163581148154,209.27565147067443,213.42812278626863,219.98455784651762,225.51124484458194,234.65373503730194,237.11374700796762,228.98429481287195,229.45344790148675,225.8776855572491,226.90619306725034,224.42657960145377,228.33906470293826,234.61003417816318,233.3366012138407,236.44827397323132,234.7811275868135,240.87227682688766,232.96764213918908,234.56402811948914,219.19235050882205,223.811121090522,231.1772474756274,226.1744719378091,221.49653972590096,227.0361679262224,230.8443374799337,219.13310738978817,214.04241376566085,206.83135765830923,206.32725779159392,201.04542060469595,211.330002384488,205.6437594294381,198.59847025254143,199.0082880958422,197.82184958151447,201.46636027004632,203.58549926909237,208.3331127605682,220.37800795051126,217.78562540876277,223.68802977639103,227.11790660144703,236.58207856869478,225.33649467742904,215.28457320039283,216.65078336493252,221.18287760385942,214.04368018829103,203.35719399472424,206.04259748351268,213.6720663378792,225.237885280012,226.89089045072072,221.86877943040923,220.7835211903935,218.97366326184851,207.40585855394437,202.11204144487925
228,2003-11-27 18:11:13+00:00,250.98642968894293,245.98347950208117,241.0832804108895,235.8387827402131,,,,,248.47583106270216,246.14795457187722,237.80604820874711,235.40540254862424,217.7714067237888,215.1646123894207,210.74584000812607,210.26074498447417,210.39325806120914,209.12459400290504,218.44782572492954,213.16452334403624,203.34058693523792,,,,,,193.1300543595614,197.08696393446397,198.75787761281083,197.66177840477008,188.08846906983797,180.42759946875313,187.26690219164422,188.85914888791316,188.64841505483267,186.5340703600421,188.35963448007408,192.26521064047452,183.01378459543355,179.9945629974942,176.03908450781162,,,,,178.79781962330327,182.4590939177094,178.74794352340177,189.09239327407585,184.2632072183257,181.20608853124105,179.01387734135318,198.08648875133002,208.3005355966796,204.85158361459082,209.7193978535975,203.62462803765897,206.91888722293965,196.84991728492565,200.85695794756128,201.85132062848413,208.45936594991502,202.50457818366817,,,,,,,,220.4180829758911,209.05581103617237,214.35182358300298,221.8919240361596,225.34855802836233,221.7602734901348,226.5710805083504,226.36342074793396,223.88315798460928,216.8233756970916,221.46910559808043,221.7424336925855,236.53420825307575,234.53367635371845,235.88816620690386,,,,,,,,,,,,,,,,,,,210.98962294725516,212.43529587441182,202.00234780645908,214.08605254906053,207.8889943493694,218.66816838052233,216.70555214408398,228.83507622290608,219.89569845581968,220.06553141555574,224.69674407021787,227.84111383113031,215.58987447439983,,,229.06956447244332,227.2401459317144,215.5345779701326,198.79838875204442,198.46984776489865,195.44042198714436,198.6638553400444,201.25889864450085,198.7005800382104,188.9053484410332,,,,195.77774385298716,193.4004971024408,197.51745151411296,198.6037653228042,205.15689052969816,214.97064019718468,219.6847005293657,209.8251807217896,203.06305398046462,202.08146739101403,207.5781682579968,,,,,202.49069411547748,202.74322238953482,196.34249752017863,198.18676510284095,193.39201326186986,186.3896484526514,178.08361225422772
229,2004-01-06 18:01:19+00:00,248.43160721776295,245.8335461856496,244.83626065302516,244.2083479611622,250.40532193375066,251.07973712652358,246.49092129552207,252.5049447063713,252.7583000168214,255.31965051434364,249.16811695944594,243.05106549765836,230.4679724912947,225.71575173226844,216.85685247179703,219.84174633812347,212.98486871941637,214.84185820256658,225.47544382639512,217.1614721792276,206.23240987674782,209.16191671014042,206.0849956627457,208.37876532999894,205.7923974446348,201.71106235916744,199.03664996599906,208.31721963453725,213.22665941234672,198.46953002587674,198.6119013559428,190.43988442907198,192.3269547070414,200.73676440950572,200.7005766695166,197.8719075174479,200.72586155253768,197.52647210144966,193.9644990187628,185.05618888621547,200.66797660658523,183.08196192253428,188.13242778023613,192.95580717758182,196.4179428084695,179.94459346642532,178.2895746420241,176.2403180592316,189.4522698872658,196.92244342984037,196.74753903444415,200.36959288223193,210.31654380086763,213.75762132096526,210.73581644597112,217.17459340166204,212.84916374162205,210.25794255896693,202.71396255901212,200.63959671242333,221.8090450217528,225.0559158370745,217.5734206253681,190.3052700227817,190.65527055607473,183.46600045223846,196.92407811661073,203.17353568229936,201.08676095514576,211.27144431723536,219.4390507934372,212.4950218265872,210.90155694174973,228.2840866915097,218.99500922975867,233.45716224915927,234.38616991377336,230.1481880295714,223.73829084688205,211.50636613583296,221.73302470678402,231.01472492534737,240.61349454820595,239.32598845359095,252.45976577397187,240.9142500481156,244.33432292502775,245.16380726418757,236.8894723875086,225.32298611148317,213.58787816796718,208.89473664459413,218.36352681216488,213.89978695798516,208.7601881626992,212.22152572256238,218.41517746865716,227.15181113136106,224.42398346900535,227.5180344548006,216.17415456005517,226.57956311303923,219.05660718016614,204.81498193141738,205.26682939683275,207.4092280167822,212.28767250969287,197.54673473957826,228.8793422882569,235.701952085014,244.40052936472216,239.91207613198497,235.4323724662786,232.5247190423309,235.7609306871753,225.97763479444262,216.3781475248467,217.37283614828044,221.36806019184237,220.13413772559903,209.75616421671128,204.88915756186833,191.88134170788655,191.22796797912218,181.66442514045826,186.8905073013093,194.41655589984168,189.48099543527846,187.96607285631637,187.15373611152137,182.08120166275648,180.8134313974334,180.96591065553045,192.63808034397383,203.21480271545676,205.53935730347533,208.44461962186165,209.76196555111443,206.21846937786384,197.64939513036109,202.15539342238486,203.33621492451678,199.68475536445482,193.70026613711303,192.07132664977937,195.65928883175155,196.89973999970215,,,,,,
230,2004-01-14 18:11:28+00:00,,,,245.6960487027144,247.45858156574144,249.71828288657522,245.20824282990515,254.81270397121335,260.02986299492,258.68991532800544,258.23838664316366,251.65582764528705,239.41021788264476,231.69811610044962,222.78580312709187,223.03713679469865,206.28686648313246,,,,,205.57279257631086,211.50618337386732,202.6236558539381,207.90415276992064,204.09874759332385,204.01708853017507,210.60534678086253,209.96532762335866,213.74145535098577,206.05698527155818,201.9358301192682,199.89336232482827,204.81307969656973,207.58319502274793,204.2159260494419,,,,,,189.72164746247876,185.99731277012228,191.04386497131745,190.79884560915335,187.7924036399271,182.11537170612488,185.14923396803587,204.3304538751001,207.37321182313627,198.06197061572846,202.3326845865136,209.95116907523936,215.76635351563272,210.4308028452596,,,,,,,,212.5001368180556,189.8102462316868,198.16445716014513,,212.48011222908093,203.98789848886062,202.7355137563415,213.250535465665,218.8944448253352,216.62249646049503,220.6238550082116,237.67762297436116,230.27369243895512,241.5187890103174,239.6305077937079,234.2502125168112,234.08437464510047,231.05134324235814,235.7343181123305,,,,,242.49530899528406,243.89495256887207,246.11355799688135,242.99468903223416,236.83010421346304,216.54033943190797,218.4514881922941,213.14671458613168,221.71945227904288,210.8933399489817,220.24123780626488,219.7059424109759,228.45661658451118,231.41619219728182,228.92302131562963,224.39898477778274,231.92682403124098,228.44004503688822,213.58114232557952,217.07255599717635,220.36492035885118,229.27461291269873,212.25873592618802,239.4999185527894,241.69906070782045,248.85541830112473,242.7941743325221,,,,228.10036658136664,214.36274490998818,216.54792479086376,231.15504464999987,232.3838557134573,217.00149543088122,208.68984097733085,202.92712855001145,197.7252237040403,,,,186.85485130928646,195.47991019349712,192.34704280879185,187.2563835372861,185.67816003760416,191.18057580120248,196.12998511079593,209.1626307648989,213.2253262785955,214.22010947970227,216.41787953474662,,,,,205.60132799239122,196.25481032029364,197.59957078412674,204.64570382844266,207.11609331559538,208.20969823806186,209.6700514049605,210.7146341192655,210.65896295090525,198.4836703004626,187.1414813781892
231,2004-01-22 18:01:22+00:00,243.29171428750536,246.72710674203168,239.7639958764895,234.34695457908308,236.0645781847308,237.14106061395273,237.43595150458327,241.81135803212794,245.35339770371428,241.67406163552087,235.81755116256284,233.05584645702623,224.18657226513704,213.705615242336,210.91639869858815,210.28663747762369,209.32995403741893,204.4332100217353,215.96054538510054,212.6804122214018,198.62473994692962,189.5707061950641,193.338862007155,192.9023561941395,194.44842495676465,186.14574807618337,188.136415520869,195.8337886305709,190.4750503043282,182.29184504062914,190.79009263532242,182.8861780912236,188.6865942388294,193.59360124263804,189.32754951869856,189.3434522642585,185.90631225622323,190.79286777050123,182.15656718336348,182.12843366773342,190.51964716487882,170.2583809048923,169.88596895129263,181.31066094847833,181.66569036390558,173.82969134192334,161.62765112307832,169.51043591505578,175.69397562671227,189.5184177729272,178.41359206848435,189.80992376495917,202.77860845320743,200.5534906738344,208.03478154192186,205.68081876574428,208.38246405857888,205.25751589198856,196.2677816253871,196.42656775196096,207.8518710833515,206.73335982366504,193.0319570560021,185.64338194517507,183.34077334438487,180.13848227242562,193.32419002666944,183.40203255295324,188.12973668070566,197.8740370119715,202.3184508932917,197.20706691279568,200.74015329308645,215.7384745716892,213.30584134356388,230.9087527107479,229.07298536564795,219.8492011924874,218.76255927611072,206.2898951912931,217.17349930458118,221.97454556269082,231.6624146904494,240.38613534849117,241.8398393890658,230.25663729467897,234.19941819344723,236.05623915923888,224.24981087237643,213.80066533295556,193.5961800249866,190.4040072433188,201.12931882302917,195.82316802753516,196.32178520800602,208.33250401006654,208.8585115827256,213.8054942253395,220.1308701142138,213.66159635308847,207.50821222266921,214.07676808647318,206.61614845268082,192.6370648960264,203.91072274614618,193.5439489026651,201.757975145437,205.93446714355673,223.93789984176738,231.55373622445276,227.6846442462588,215.74983577849616,222.0183035480544,225.75872996254463,224.89451805885932,211.66501883745238,198.53675910993758,204.76753991731164,212.47928960549947,212.29407435866634,200.53889635428328,199.65676090293363,192.7614779041835,188.40296055826255,180.41533945696213,184.83141189118993,184.1759930094198,170.41560180480792,167.47800698819813,170.88631106015356,170.5208150634322,168.01988271382987,163.8803286538783,184.43086227691916,200.33442187270003,198.12857876247057,197.57007117790727,193.63023698623783,197.07291255668304,192.46643239596187,185.52549453706087,191.2235807447347,179.15213710058833,177.43255303796093,171.37576585408175,179.90928005312847,189.07643243286014,187.89891271796742,186.4433462310725,190.138633284077,192.8691086586078,175.8386555079121,164.0729193009787
232,2004-01-29 18:07:34+00:00,,,,,,,,,,,,,,,,,,,,,,,,,,,,,,,,,,,,,,,,,,,,,,,,,,,,,,,,,,,,,,,,,,,,,,,,,,,,,,,,,,,,,,,,,,,,,,,,,,,,,,,,,,,,,,,,,,,,,,,,,,,,,,202.06195755327627,200.3965978906791,191.18746431799286,194.56111958089173,198.73736388427795,,,,,,,,,,216.04396307256837,213.70277554210818,211.492101173584,209.97424300296336,197.70305000955022,,,,,,,,,
233,2004-01-30 18:11:37+00:00,265.39938219465637,267.45940345619175,257.21731889022624,254.00506667460135,252.3528168186947,254.21907632738962,247.27417657736828,258.7252791722704,259.68178973553324,,,,,230.84938626811783,222.92843797874397,223.88817078073913,221.33573526555602,220.97589764846612,223.9000795395956,222.96864040846242,214.20446135800444,206.72424031235664,207.04494787318256,205.306048335737,208.05328430906104,201.38429863777995,207.7918595893368,,,,,,204.88376931249408,208.4693750173082,208.96917483264417,212.44338546642504,203.81629897805124,210.13254933189427,201.86101866971066,198.87392534925092,205.21984481644563,185.66377645505787,180.99156791202608,187.15540482101582,189.27666800381638,184.4095039408498,178.04941689221215,,,,,203.6985186987286,218.53124967684644,217.7134938945554,218.58030044898368,224.42110001317096,225.97643896330217,221.13887931851514,216.506236683329,212.77531948168203,225.66127811097286,230.70829973781434,209.29024236705476,188.7667074740354,186.59624307525286,,206.5714545559282,199.14462665021858,203.44860129118658,211.60233761791733,212.64465844676164,203.92935175762247,,,,,,,234.1936620428487,223.7361184557784,232.5436229287218,241.5253838330564,249.95000079047873,249.80078456916095,245.7035873863569,237.92178219847852,239.6380200963691,242.86929863814981,230.35425066428496,234.47014039630272,226.05966159679127,219.2538133239458,226.20777902148876,217.00478901958476,210.83041170454672,217.96112376383775,221.69178583797324,229.04903344321315,234.2822852493407,234.13734187144678,224.41199257496083,230.28402749346054,218.6062033053554,199.32198529676128,,,,,,,248.89351897502442,241.72197261249875,236.0083854949355,240.79579697460707,238.96529485230542,230.460288458437,210.26073828459585,215.95102257726614,224.87261027989928,,,,198.64999541568181,195.87868280400755,192.1716493024835,196.31941742785648,196.90223383385455,188.14560263689776,191.59795468012402,189.38720290821763,188.1082673140441,180.24619361761455,,,,,210.28606470077307,218.1432227173448,216.3350319138484,208.07776169594408,205.33750764869058,207.4033309181394,203.19158903054358,194.15354138087716,195.16526030480395,204.2884704360943,206.37131748255246,,,,,194.3372137527881,187.18006536398258
234,2004-02-07 18:01:25+00:00,255.10581824193196,257.04675235996194,249.38084173973462,246.2834640690664,242.30377967929775,245.51474347066613,248.67348318468353,257.7817629000013,255.43229874671917,253.2696962445995,250.3772390373172,241.703510555829,234.82608989127533,221.5484356872892,216.88928298212625,219.00005049217515,222.2032807672186,214.43723168550216,224.7604332240874,217.10584587638397,209.81740915546658,201.3261658218875,203.34350111817122,199.91875416888678,204.7026403973773,194.31481883298952,204.6821449044682,203.21243819229295,204.94364039287376,200.64703040116126,203.58143685031592,194.08859782517004,195.66377024706992,193.39272895123116,200.91842711078743,200.1317981761708,195.1166969099336,195.91923664308473,192.8174729147301,194.938380970948,202.0275403148768,185.53132302210923,180.92736494074947,193.14920418520012,189.15393011036417,183.1439246017921,171.11179617777609,177.911361094131,191.4789933793823,199.38811158977097,195.57185539732478,199.87550363247166,211.4239169104103,211.07900381581248,216.8103290554522,211.82644216706194,216.28590955721614,211.97090811123678,204.72761629751452,206.6980931105528,216.6715455439496,217.32692264411008,196.27347393865023,194.00231337653244,188.27057181723927,183.1213263186154,202.64922153943368,194.84025365608022,198.11719799536027,208.0590869516135,209.12797667258997,208.51937270525525,211.19905186575784,226.5445533219612,220.66568715206094,235.84880567425762,226.60522988212523,217.24320291268276,222.96437524103175,213.05230673441503,228.6973817890359,236.72425606274763,247.35527407461828,248.40669195871894,245.4987939763647,235.27339555392714,232.41772790906163,242.8226022386501,241.28711279958452,228.41292289327052,220.52523498953744,218.35019476192588,211.5766873322028,221.3085003811142,211.41791211588838,214.83463358683002,216.76781184432792,223.4886403593402,231.73621151731015,228.8838740154731,226.6381374743291,226.20198212075024,214.15481916311268,201.20872491318107,208.3527196778967,205.77221472782762,217.44634596183548,218.68450140632538,227.47874717519133,230.85913337985934,239.3912974210786,239.9826646887902,237.79970492877442,239.1334524968064,233.9935454505436,220.66835975310346,206.2733738687046,214.79470465260437,227.74870641628246,227.96083034328095,212.77909723911347,206.33128021183228,199.57923933268162,195.3156770796279,190.8889956101446,190.142007673504,189.5216476979008,183.09618584813677,183.70999331735987,182.82913783444556,181.78345489266945,173.80980802015674,175.73107826309493,188.54802643355808,204.25615978194674,204.22413997125471,204.49059001986285,212.35087271959924,212.93587124221978,204.76765221377184,197.84995321299044,201.17229211731933,193.27345827083388,190.97740680950153,192.20640659439513,196.8932136483437,205.11584321846206,194.5815369718547,196.3644225401914,198.59836091856465,196.0764331082391,189.27253448623145,182.2569176234915
235,2004-02-15 18:11:39+00:00,265.79029242821673,,,,,259.80561463412687,259.354992590194,262.0171821887445,260.58369185633205,259.2720845142229,255.5539892884558,251.47003200229574,234.89835644627232,227.23496731328305,224.23566155050395,220.16698801582368,223.0014514015749,220.45348786990309,,,,,,208.3178045153644,207.4368297468202,202.67802312078987,206.06541746856112,213.8186083194681,211.76931950772732,211.8252144959284,214.00634669177504,206.1184581393811,201.3137684494254,204.7009745668038,208.59741816708572,202.6744679631875,199.7546634497836,193.86083711692578,,,,,185.10129852323428,189.66574706815624,191.37871467301056,183.65305788412365,178.01665857231367,187.63548389947618,197.2989985902857,212.40202729569137,200.92511053316915,206.23940074896106,216.2489060410877,218.36413222472612,217.48339627341323,221.6258217641178,223.4464766599496,219.3654905016913,,,,,,,,,,,,,,,,,,,,,,,,248.57651907015733,,,,,,,233.36963772791114,,,,,,216.02429875481778,221.84147235948592,228.64303600734883,234.3278483785597,235.6649192198516,244.17666437570028,228.20027167952435,236.54031922233412,225.78994417925037,211.37220231820024,214.67723626914258,222.66304368576314,236.24754130150623,249.6442710227426,251.03931424145935,250.0334589521591,259.922459689408,249.0128693071832,252.30218961337752,248.08872558307013,,,,220.0648383866528,228.32938172750167,230.12775953661347,217.50124903667256,201.21731756792678,199.41802875993875,198.01761509051073,196.1175978682764,191.68815524489048,,,,192.1772924161308,184.60407251806376,180.08892968533272,183.53050916958568,193.4146630062234,208.76642873470342,,,,,,,,,,,,,,,,,,
236,2004-02-23 18:01:31+00:00,228.54380850071425,221.41089778791982,218.67440198063895,216.0536766724291,214.4670070890423,,,223.06196131819067,234.65796120436698,239.93498418185737,234.22942699248182,223.2082374572347,212.03671640449573,204.0060805843977,199.38376896419732,201.88989079750505,200.9037509977714,195.94934486558276,205.24956653899395,203.0475098166614,191.9321937330221,190.5157306785486,187.01786434197982,189.90120286593665,185.64848892037605,178.06660119266175,184.54276925034833,197.82795439806694,193.73055809092142,186.88340042427131,187.65454637883522,181.79950377031233,180.76602102307453,180.45670056143837,181.13775747602958,182.3217696489595,174.88460828402592,184.51299976864112,176.15633832069653,178.17802887835313,182.84648914402158,163.50329139058493,157.57812890411665,167.51781186070144,166.53058757568414,159.5802585120915,163.44336566499018,161.38641444066116,181.14605818178748,181.6597925960403,179.91585975122103,182.11545075459685,194.06794207446814,197.6822374319193,194.06834053955902,195.7261217978073,200.00923605305923,199.8671220042175,188.35076619634063,188.79136038835844,199.5487086290496,205.8390897643433,,171.59395314960437,164.08506897030475,165.18901983861963,172.11383464218676,169.7076733273085,162.61095683513673,186.22786563440184,195.41636815147723,199.47511402673445,197.21705369408087,220.69206292230115,213.55113290760926,,,,,,,,,,,,,,,,,,,,,,,205.80092114902226,211.32075688649573,211.66668561449362,195.99193735727152,203.2220860132188,199.72513118847377,192.19716085504334,193.17065806057013,191.36374282727417,211.12875085795412,215.5341731550502,216.7796365647918,217.7816824900588,223.9117796847168,223.19839424517872,224.3658652317871,223.1829065072958,223.017275862799,205.25953987231395,186.33464579175188,185.70275925512345,206.36716438311265,206.39585295466472,199.05405324810872,190.84036101050285,180.89777300460185,176.8324593884704,171.20313767373946,177.0923075043496,169.42990345942786,159.32719349096243,167.18963490265088,162.67239752822934,157.69495905523297,153.94923261383394,153.85329766838424,164.87167089111284,179.9287493757135,186.45271313244407,193.36967100532755,192.14351012895474,193.1186914739441,186.9556559470789,190.94569515571914,188.85885160968712,180.70506500723997,169.9650163052748,171.00640114975562,182.9190977049682,187.6739439741675,188.24825848617974,184.85456380755926,184.31626669883138,179.34815370141473,172.8234148490236,168.75139032450403
237,2004-04-11 18:02:08+00:00,272.0586577480143,275.78447647574166,273.01090807543477,269.2282889439897,270.4528073666816,269.4124715394289,260.90275787460786,261.63587665888053,261.8721056454857,258.5813278250755,260.8900829124061,252.858896505988,248.02875569543716,235.63531359087307,230.02016830651385,228.8005060440653,227.40937260369066,228.86232480250322,233.54590268036858,226.97615840723375,218.39309370561276,212.32940634835865,210.96986706137437,220.16158355089757,212.31054110311874,210.03922651201572,207.72148000231255,213.09853492025104,215.1773972941172,219.23599819154057,221.0952113409612,212.61959794199936,215.64932113246934,211.84093874231246,213.63777173360563,210.3897759255558,202.6881291267095,208.61001900827395,209.58932268746236,207.63137977086467,212.02294759894642,193.4834038966646,187.15811207548666,185.4890481755927,186.3027506796245,182.81396254442956,179.01007509913066,190.23764985685278,205.52987158811624,218.84242831611442,212.67327684963288,210.7589885126668,224.72710546548478,221.70853394615568,227.37073534474922,228.06911536344725,230.9476510131448,227.90228918512827,217.27967359120345,211.43936911873374,225.31790053726033,227.60674589994977,205.4388940117415,194.1813975484481,200.05609178175393,212.627175012669,217.29905812694403,210.71568423666236,209.48361969636647,220.12266947328519,223.4632869015679,221.89825113681246,224.5002880363425,,249.26498694846325,256.16723568286443,246.31544866721794,246.7435105768663,254.2429537854798,255.00407476256493,254.37400030287006,255.5426873578135,260.0788146688281,260.99561637323757,253.46495556360867,241.28766399690937,237.575810114067,240.54684646810173,243.95149751655578,244.0514084862811,242.32925691043204,231.1609704665942,232.93039723787422,234.32632492275363,216.9867221876263,228.19357876548563,230.37934966284655,241.3358846966584,246.41989910044242,249.57527872405245,242.55181381548232,238.22212884929954,228.87656495102004,217.7180662399329,226.09698940859818,236.32052352148878,260.22845531897235,,260.1379826050986,257.30848686561086,260.716092464259,251.09407925903378,251.6735732106397,253.2381278612461,251.83137608944799,245.0284533213698,231.87930886492518,224.26576172192284,236.94616404128402,232.63496673637087,227.25861018275705,219.62168555919794,208.01919678879528,207.0363983934855,200.04032945946503,203.60726142763474,204.2105385800297,195.0061671498056,198.20473878850447,196.38332402436794,189.75855992571513,189.8292022164509,190.42441966316443,205.7682047476838,216.28365897328416,221.41882193847567,229.3219452622572,231.94758868154096,219.9801044770366,215.88329718548647,215.20782750735785,215.76852958631406,211.90031356279385,203.18723181652751,202.70795578277134,206.66475845533046,213.10315856181234,210.9046676911379,219.05909472028733,219.12778903681775,216.6845507572529,209.2330805078829,195.02662593563417
238,2004-04-18 18:08:31+00:00,,,,,,,,,,,,,,,,,,,,,,,,,,,,,,,,,,,,,,,,,,,,,,,,,,,,,,,,,,,,,,,,,,,,,,,,,,,233.3952055903256,233.096055699827,230.0883540697119,223.08999332568294,235.58812844587726,,,,,,,,,,,,,,,,,198.78100177153613,210.24842922120115,213.46784279688367,217.85869246819573,220.6131591884414,210.9199351833858,217.29794333277243,214.63062992628102,204.72434662834485,204.3852590787228,209.5430174141558,225.13812563529274,222.22270625063885,227.4015771190077,228.218739865977,237.14868121968638,235.55952518103305,228.49211932897165,228.2833755849368,231.0947320603539,229.06568683010545,214.04911082936056,210.466457346814,216.3729965441882,224.34488704822041,210.26979155101583,193.64319201040757,191.08652306893373,188.35356439263288,180.98221037048907,186.91409842819291,183.62259359579076,178.6436267705434,176.27346000116816,173.36796974846186,174.6353002909323,176.24235584009563,176.873561088325,186.6562559075598,198.30011377396568,202.8124276217004,208.50346955417314,212.172195477663,202.079546242846,191.5257739110897,194.7266826296925,199.4895319995684,186.71909732307626,182.2408994210224,183.65448557271543,198.62590146622006,201.47940851811336,202.88089034782524,194.83016111938352,204.52900795389596,202.34199917991077,190.79040586510166,183.07506235235832
239,2004-04-19 18:11:40+00:00,252.67005158467373,253.05033037909652,245.86873746833277,241.6735917163179,241.69330512946158,240.98887136604174,233.53840283568172,231.3324958780301,,,,,229.4966057203607,219.53658558865598,213.89063245474836,215.15934820444,212.13729483826876,208.93732274879244,220.8148663861113,213.78609932300697,204.60978210167883,197.31918597543304,198.18945435938474,199.7317678574424,198.57222286210606,178.27975733144905,,,,,,193.5040214108498,196.6958728838794,191.64347461615938,191.79534682695058,193.29788501538587,189.6574994657281,195.2011648381889,192.1425978374071,190.1249765202117,191.80909358937797,171.5486209628885,171.88575634290996,172.98089489051003,174.539845398191,,,,,,195.67495250166223,193.73194668807042,205.14634547293792,205.88889958397777,201.92861370415218,210.40020185220246,205.8930872493711,206.36424663512463,201.1708577076452,199.31859646016522,204.9930027098285,209.55196478121354,186.31344664348313,183.50054019337537,183.16806667046473,180.5181380212263,195.14866932677506,197.8951745070867,181.9399896092756,,,,,,,,225.14830784260835,219.76970724517633,228.25559777531942,228.00760403438107,232.62019145602815,238.52788172776965,247.2360245124111,243.52669334277806,235.38769884633172,224.29671770256266,216.77881385234764,221.93039340995452,214.57361375314076,221.6165735877483,206.13068921310665,212.9982682955185,204.99424926297579,207.4166587606354,201.80481848649922,203.93840238183134,211.52560123894816,214.39079921774587,224.84589300624998,219.18175617603924,214.3114263919243,215.26647511301917,,,,,,,,228.9664778838303,232.02631920851914,227.60045797436635,226.8833435159128,226.01016217938812,232.85440975318426,230.4695665822934,213.0051906669463,214.02368144673403,,,,196.2251091661044,186.7117428382641,185.04317347713194,181.61834348690476,183.40892943765544,186.00470122912583,177.22188484455185,172.554122464179,173.33255318219108,167.89115013037917,,,,195.5552362888738,200.55755889547316,205.03346086834446,210.54456708662616,203.11524513844648,197.9407960488852,199.42440535405962,197.14302432040176,189.09874906335762,177.3602924154074,179.27195080484734,,,,,,201.92031417280165,188.79419417267388,179.67996017235174
240,2004-04-27 18:02:35+00:00,271.8554429616156,271.6110945836226,266.78848966739736,259.9062633163745,258.52221591615626,258.2963141643557,251.83582305872093,257.45479164975825,257.92268996369927,258.9002475462244,256.4223170161871,250.52190210271092,238.82519911066265,229.56268411428698,221.42375761491022,227.1962773427545,227.36044478949634,226.90252614019943,232.6281405059606,228.00964282007277,214.63260208343848,212.33321269173425,208.20436000815323,210.23977429885434,208.2068597013511,209.88399497194825,205.32209287035946,210.42307616565495,214.87500219792904,212.51530634670513,211.6328858621544,202.58199833674598,208.2237731125041,201.09257354986704,206.12009405479245,208.91903291905805,203.7002531331575,209.3449405000151,201.90842068227096,200.7230436985555,202.95352402099962,184.21192954589287,181.52466321945207,182.58543717059948,186.01010798606552,184.7142962698236,177.5084206322527,187.78737233350205,203.49628770308857,209.0082022176436,201.50903353077226,200.76848973790308,210.07536268628323,216.0483939816756,223.0669598524028,223.6145533593503,226.33402999798574,219.2213232281913,214.90412940290733,208.1691848903161,215.5409541554932,216.15557084604092,203.61039438165676,182.9835894250589,188.0290144923402,189.57352666220112,205.74268655945204,209.28422445228762,205.59371535732558,215.66255975951125,216.56201015685767,219.88757885138233,220.0596100084777,235.18845789158334,239.12674302084122,243.96181588552238,236.28048994690585,233.76577857385104,238.14584083224543,240.38914597219605,243.60663329339934,245.48257310762276,252.77665311935542,248.99722082120846,243.40258245809457,228.80167981403628,228.78066693386586,228.7966964786399,219.79525273754518,222.6646687699424,221.52932825827347,216.54588567940212,212.45092625737672,217.13205442114318,208.8520094975356,217.63135207403712,219.97036993891192,227.91037474463116,235.7426730329708,231.67665141349033,219.51585893897638,220.88000846449825,224.98878847610985,209.87014890445715,216.81773521291555,224.09392404050521,241.86263081519206,244.32842675761503,244.83900211327074,238.35750876714656,245.27037449227942,243.84736473878453,238.6066468138455,227.7251134298188,231.47898723431408,233.163294766516,231.2698488142437,223.51973934094156,220.35362107585823,222.34050608767038,215.50793693040174,207.86514937115894,197.76104058124497,200.009106724998,194.28128587696216,197.9993532436221,196.83525289817413,182.34247819208176,185.3169399295328,187.14922623954465,182.71080143953105,180.6942975176487,186.5780532614712,191.53435634903664,200.63390208748388,201.23114811302867,221.20343563747008,226.5697704098123,215.81308128383637,208.38900847813767,213.05599643613238,213.08332597956857,197.95650429577776,192.5705740809748,192.88941773641932,199.47938250211064,200.39664889404088,204.38388415899078,204.09165364215715,208.17032870672983,207.88484403801897,202.44695582519296,195.74365524672817
241,2004-05-04 18:08:58+00:00,,,,,,,,,,,,,,,,,,,,,,,,,,,,,,,,,,,,,,,,,,,,,,,,,,,,,,,,,,,,,,,,,,,,,,,,,,,,235.43037112695137,230.4914102586862,223.75290677352655,231.27903790608082,234.54201334953189,,,,,,,,,,,,,,,,,,,,220.06057007859442,208.08001139097738,214.35780029863673,212.32958270159406,205.73640160251892,203.99317925325653,208.65649883520598,226.44635672228668,226.88184148623552,227.73780086215936,233.12982194549778,239.21450786585814,232.51705422386596,230.35636710950985,218.10602334842625,222.10935131725302,228.2969600591728,227.84228280267104,226.1936805637261,226.25525402677772,222.4997343332161,204.5436676923565,199.03999986210619,193.15026310706742,191.79600799428607,187.22976766877377,189.26025887142305,190.40698561298132,182.71436457121325,178.88884652906975,173.69357225734666,172.59143445970295,180.839707171155,181.19215049384388,191.39711425715257,197.8113524582131,197.9341999130706,211.20989781900917,215.13430294843215,204.25096006247452,195.25739169020926,199.95460762981224,202.47259486314863,193.46357887669893,182.43669148995733,184.16690123082265,190.49826042591442,200.91836166864033,204.32127444509038,198.9356491198219,198.85461131491283,196.5625328383314,190.42145276408152,184.70517308574216
242,2004-05-13 18:03:03+00:00,270.3283251148227,267.6244652682692,264.22454830803736,262.99830100007233,264.167693737327,258.4682333766261,253.44532068733807,259.8780895590904,260.3894404268857,261.09076271873084,255.49265303022128,253.28452423773885,242.01707386498356,237.05524623353006,228.8663677841939,231.48231582884097,227.02240803453728,224.99607702804917,231.6710335079415,224.80037919348172,211.61679498282945,211.3983366163406,212.25470008228217,213.53946897890944,207.1065304375868,204.70570358652682,207.8150709140969,210.6590378602184,216.9416986360502,213.9127518017805,204.39265096690877,207.905961317939,210.39431420707336,209.10292594866817,207.57840172052767,206.1370015871989,203.15786386011928,207.59721749938973,205.99726121012793,199.89816646902509,201.3206163630481,185.78246021405505,187.30355167489265,189.72638492407197,191.50077893385628,186.3300216381608,184.89260595769463,194.2889683714829,203.98134307329116,205.2603336281584,204.3867395096588,204.26978587436005,220.08232886412503,216.86723390380445,224.78786574556113,220.50537762032428,226.58562767168033,222.01908733529285,209.86288445277705,208.39459710011198,215.87124027590426,221.30305636058335,208.64226922625357,193.55245295748995,193.51688717679224,192.30521683563086,205.71583780929933,206.03790962722843,212.5821739577918,216.48130091256058,225.1228941313065,220.36219174515253,225.12476560223521,237.90872035071322,237.71059079062329,238.8876249581069,242.4332938587886,243.1846461070491,249.15987652359544,247.82471267768256,239.59604061959666,242.35355492348577,251.33476420249082,250.42078610030876,246.81114959168218,239.6538555914675,239.1097728895537,234.69168125560606,231.5559093329013,234.05736951850355,235.08473559593745,225.4079311870278,229.58711015807447,225.860384598299,215.8692839394233,222.0127481325818,222.4421182966367,231.89627599512605,236.55163116895304,238.02661921577734,232.2205254937926,234.51206820057746,226.39320793745998,219.73658841144834,221.05104464077925,229.86953564915189,243.89377818813207,260.690501329931,248.98357173755466,249.27019664307562,255.31407158302184,243.12265827055046,235.2195040459545,225.47645742782638,231.90115695937845,239.0139448417564,234.88366998187,235.23659232732714,239.4696781234619,231.11100845709393,220.5276059442834,211.21564132803076,205.4612415009458,202.151388732101,202.24363439986485,204.55125166964632,201.980210961837,190.25955274486057,189.6717885874538,189.89039156638546,186.28428060783182,191.11358098787548,199.72982126007628,202.43592957388717,211.04263719880936,215.3010574792125,227.8522124496717,230.67535729629287,216.28585897420464,209.7672657507857,212.47039185248983,220.8490159408944,207.32521203532104,200.24951157780052,206.9341303107,204.54982586362544,216.48297926883026,215.42968154232773,209.59970597807978,208.27650531712803,215.79641656936553,198.3839814634524,192.37109969732865
243,2004-08-08 18:11:33+00:00,,,,,,,,,,,,,,,,,,,,,,,,,,,,,,,,,,,,,,,,,,,,,,,,,,,,,,,,,,,,,,,,,166.54645422350774,164.36438074276498,,201.17340982920604,197.64390082717517,,,,,,,,,,,,,211.6301452300027,241.35142192655826,243.34044123394304,239.88948877675904,233.32051519043017,229.59851228573322,232.13428777827875,223.57554908536022,218.68385002642955,205.0601076175452,208.95769442849416,201.90285805684658,205.17703936622124,203.8491854851265,197.06095229824086,202.85051373247563,210.4846660472437,216.51804504299386,217.83596269698268,202.6156587402367,214.9067566156982,214.98761829102438,210.32478514461323,215.90361002233035,214.35055299268845,225.21895788201732,215.7315304339798,226.62578714516187,215.23467181936778,219.74030948634672,213.60740322371743,,,,,,,,,212.05828151532654,201.45076626699972,207.0763516528515,195.37349539182605,202.38445586196443,210.79120176026439,207.62048619928314,192.79127891288607,191.94690299373184,195.58213384532638,189.975542786996,194.40682095273976,205.64225639293582,215.07212781784608,212.0822032459082,214.5800156001555,220.90734553862697,216.64923086202586,214.80308615399514,209.2793368389403,210.49118395014304,212.5718912524279,201.25334635527557,200.13864277704803,199.7105045957636,210.07789187700257,209.39251966543654,211.00774466582328,202.78987357061976,212.46676004791473,,,
244,2004-08-24 18:12:00+00:00,,,,,,,,,,,,,,,,,,,,,,,,,,,,,,,,,,,,,,,,,,,,,,,,,,,,,,,,,,,,,,,,,,,,,,,,,,,,,,,,,,,,,,,,,,,,,,,,,,,,,,,,,,,,,222.1344965721853,225.49658938460422,231.1293191763466,227.0189725212414,222.13349648750724,214.01648997042426,214.43227607641109,227.69706185426085,232.5420657405588,226.9077445875844,227.18348802355086,221.2021229569812,215.17109486132082,216.38830747028226,210.5871512164608,203.9192793670207,200.89673042132065,208.77351563485345,204.2538098889103,191.82863857581052,189.25888412781265,191.89752135028647,195.18516864504963,201.72701928306157,203.45909735423504,206.51681473133596,207.69252001754052,213.34880274407953,217.19701324324785,223.55146015789285,212.7777591402878,208.58619462516458,208.40743346870332,214.40550961582113,202.50810334117642,192.16044305979278,197.10117527389934,201.15714600139745,209.69615201621684,205.41992629669073,200.36292702837483,206.2550072935182,208.27904189515647,192.208582785097,184.07721423622533
245,2004-08-25 18:11:19+00:00,262.50000276107573,,,,,263.2618107120486,254.44846739809853,261.8678428476767,260.98647742071745,258.62780788728355,253.6859335399589,249.2539233996677,237.06464846576705,231.35451406848455,228.68282698795616,232.42799715026862,226.69672977615932,222.42307989302725,227.52881704027976,,,,210.04413227859746,214.68168060439945,207.85356176843936,203.43178989525347,202.5703474007922,206.80064663526645,216.49226821935204,216.03419860423148,204.23839433010198,202.956981586545,204.26367617982282,207.4868793235807,203.78162690006698,201.85306877205164,195.28897286167046,,,,,,180.0747036810958,185.9677178865109,188.99461106953507,190.21992409788845,193.52930967975834,197.46707845140963,202.50441734189957,203.6487951586491,194.92026778200082,205.55419446223175,214.46188288247737,223.7330704827447,225.82522837448036,228.01525016510539,223.3170989802214,,,,,,,,,192.77661931454253,195.17760146482146,207.6520833236208,205.15031123552086,225.64847494659682,231.44643127622192,229.11948720412153,223.14150133892267,237.9631939825461,235.8332209511101,242.23451280079513,247.74896342394152,243.5837143335752,246.94804468923147,229.6394875612282,232.05638813373383,230.1215735737733,,,,,,243.696517441828,236.25629277904912,231.30007413043464,218.84626886829716,220.4027205429332,216.73534764299887,220.11284869512724,215.1826494714079,215.72905546692152,215.4721094342691,232.32341333848473,227.6430653031108,227.87798053200623,220.86027816714972,230.72870298972032,234.19011325100513,222.2910093245206,219.68639694882467,220.63383723756365,228.94686647274182,229.45092366112152,236.12151406547167,232.08699482094426,240.86983219547722,239.02107358479813,235.23794556886844,,,,238.40295411275724,237.60615157386175,242.64227248383253,237.17008235265206,225.62246876655553,223.2717828062007,215.44091501342433,209.93296472515976,204.6680852746178,,,,,209.82492803140514,206.170129853802,209.06313074022972,217.68527105405073,218.26098974969796,218.9175787578503,223.47397185296808,230.34517830431395,232.43243837771203,223.10789842972184,,,,,205.13527693911567,206.46651578286935,212.99167456902973,217.83194046835462,220.1183980143506,211.80800606811408,219.7729467568793,216.71794187835542,203.6044999208567,195.8832372766883
246,2004-09-02 18:06:03+00:00,250.52510171899743,251.47898038836658,247.76757382659446,243.4045588531371,243.5431113232827,242.40708569803846,243.7895062334439,246.6416828379759,252.7983187042099,248.0256502444671,242.00721194167102,233.50317727625963,222.94804615736825,217.41432579808708,214.99058503077822,217.69477964502482,211.1213907905697,214.10629126748972,228.0035574050375,217.45268038863446,208.5200385017773,207.2130606983105,197.11724458936504,198.38227254176942,193.38046535301646,188.1622754263177,187.1578594381859,194.22949415184178,202.9936983245458,197.30572891178846,194.22460377794317,190.43813160844437,190.25187891136704,194.1757868660264,189.7932273041848,183.08848222888417,189.23730958512766,192.2712423940902,190.18007169029678,182.34975058062545,190.9728060648995,172.709775843735,170.9035843380916,178.8326134057809,183.33842853030197,184.52331820409043,184.04403545347003,192.59913257131325,187.3092163761865,181.4698013471204,181.07483837020712,184.96001960558476,202.41080179449392,207.61840565753835,208.22413752089693,215.47804359275025,210.55387951446943,206.82350610098837,199.10092392599364,196.0960962640218,204.76025328524486,210.20146097461532,190.25215463016127,184.13786925272427,190.3593212690384,184.79537403363702,182.17787250242432,197.68352832577824,197.04607929773604,220.7884542023182,221.3362877863737,213.87141539729964,214.1566659188067,222.0115032810756,220.46565161658987,222.1385684329826,224.8876792739336,228.2077026485673,223.23742274180137,207.67362034200636,212.56542653179392,222.76681099314206,228.94065268476564,242.9096856611795,239.53463019979972,229.56926923182246,227.72482427059165,229.31794305744845,223.9836987111002,212.22453916461893,201.69026382430917,205.50964257284144,199.2710977338421,206.05935911413349,193.5615143114427,200.9324009934257,209.5935962643908,215.19574881890404,219.43081678910238,222.69717185974616,201.0623425453427,208.62013302257347,221.9040243803599,205.07856416892844,204.9754714378494,203.6564062289504,218.67611283675313,205.97208635835983,211.13315506561588,218.80006765871576,221.32249791238672,218.31656222813916,226.3141395000066,222.11358891339705,226.23246656133495,223.35767699634442,229.51406406018776,224.83654613014235,230.17510429017875,222.84735950023645,214.17105526286076,209.80182108695374,202.17866190163517,195.57209538841565,197.47931364511845,201.15519961774172,197.0813299460595,190.702840159782,193.3490407594658,194.78516762268836,188.54458810968958,195.00243310345007,202.5219687201785,202.94170093294252,210.93434169570256,208.05207830628996,214.21451119078623,216.0796988267059,214.1152917315156,204.55239806328188,202.51620864244353,200.63231017135436,197.479800031229,193.4203243714971,190.95313683060886,203.61644630321348,202.66502919649653,200.4372947388182,193.35375115091117,202.18144544512307,199.12306499566546,185.6529327776193,185.22662806984385
247,2004-09-10 18:11:13+00:00,254.1337612711976,,,,,252.36962983664694,251.05043157231574,251.20563764736482,253.15121162705796,249.790633890408,245.8373699152619,243.43299907267476,230.25347880722074,225.90597183535044,221.25260761691143,219.942767844866,222.3361270174664,215.97162153756153,,,,,,204.85523148059409,202.77027147552997,194.39977447194727,200.36777369014317,201.29532640826187,214.56659022295756,206.6680267299306,198.5445448179252,194.5854599284052,192.06180465398762,197.23263251806108,198.25662418131984,195.13877703282026,192.00293541549135,182.99172999085596,,,,,172.4449370700027,183.8280170869677,183.4896463477773,186.98834469403346,187.69823418502062,197.07441256687258,197.69115703968873,193.0372996449741,185.91246857155267,201.25076072038684,219.22306137816332,217.75551719759977,218.05227464859314,217.1448386023663,217.86927265854328,211.99876185611066,,,,,,,,189.925321286115,192.71614368127163,199.4206027717551,204.52412980514265,213.57571179994804,228.9359868150112,219.6721441900979,225.69570642264142,229.44691007703665,229.23636164202213,229.6287604594579,239.1094130270867,239.32701267980363,239.81693286546414,220.41872387367442,221.2203100665619,224.69718378856547,,,,,,,234.51037230117845,237.4737537204445,207.70407526096156,215.25362231834086,204.5330619023757,206.08223033507358,208.2141036407887,204.38481075424704,214.36467068335733,217.5252441319554,221.8389356545897,221.16418570272106,210.5779305905506,216.75596407460432,219.04720672535308,216.90692076298325,219.45918612449105,218.08535458263782,226.0210628878854,217.39364638459978,222.09650483021062,223.10395012841013,225.10804305226355,216.82289113865312,221.90423715407042,,,,232.12316579369676,230.7675473558786,234.49247552298402,224.51347732276224,215.39439822653677,208.94566879067827,208.08008826910637,200.67021011647446,202.4782475402472,,,,,197.61758430807683,199.55707132816582,205.35139051182054,207.40700756126608,210.1986806615293,209.41775986718528,215.0563845937004,218.93751867958588,215.08192278538885,215.13372552756107,212.58741333336783,,,,197.09239517389386,199.17779711481933,202.43498906620994,210.38464112700225,203.5310645672602,196.61665041247437,203.83976667099125,205.37285919092488,194.15937717893166,187.11629201237258
248,2004-09-18 18:06:28+00:00,241.94869320424095,250.59894676280013,245.04137913929657,243.10325472474796,243.2930382487914,240.88967175702697,239.14271728025386,246.9783036039389,248.01848094503956,246.09979615745812,240.54204773418704,232.5845861398481,223.49370036716624,214.89606681011566,209.84145274750193,213.77896719318193,207.1504789281533,199.62837396595825,217.48117563678153,211.17643886514952,197.80135962425504,196.35699241764624,192.0051810015338,197.26695481892494,194.3237360755222,188.57852796878566,185.65869329069642,191.82661352515612,196.4233500100578,195.6283292274073,190.1541589006589,185.33609072127646,188.45818788528368,190.16835434439855,185.79860449770547,182.12673391689896,177.6292075636893,186.0294298045414,177.0733163190153,183.12372425861594,187.4098072541019,163.99782037284308,163.12727254236387,170.8322046777178,171.50135452952048,169.16271152421461,168.43582255275675,174.10744836629877,186.64344979960322,185.84693632205386,178.96538919687842,184.43515911124533,202.50075454142177,205.86468395414556,206.4122622356162,201.19972964826658,207.61229887733407,205.78910821254638,198.0884275050279,197.93261371954358,204.1258965688741,205.44461402531408,191.8214842160182,183.05684934861,182.51131708684352,177.96061074467497,174.9118228727575,191.82112350445422,194.76758293122202,199.33657433334776,210.76287791791466,215.31064769731347,211.08792225671135,222.56834058557465,216.9558604174838,221.22990601021172,223.50592772434527,224.4810725277523,219.91866043971845,210.73702143802484,217.20930642841347,225.51877478301367,238.55487901388983,236.11614062275186,236.31066688949062,224.5007912495405,224.11166231955912,226.53794254745384,222.966795418329,211.74663140565218,201.08005160672275,190.74824348666402,195.29683973056314,200.60612751468727,196.5679399795709,197.71890659245042,206.7801535266829,218.1746828506723,213.48774545141703,216.57216413546152,199.5614390441392,207.4693308560557,208.9577192780277,203.83463940657822,211.6581897011366,199.859816335948,215.35707723955363,200.89698729974629,206.8327356638122,211.2951927604454,215.7584337914011,213.31052960092455,210.38340686171549,203.8812440703711,218.74035248938947,223.72701719760138,220.18101754791502,223.75977541192577,223.01699418266563,220.58173523186764,209.82956844051324,205.0018792476962,197.9496983124403,193.87133396813198,196.06190935581543,187.47169294114994,192.1587230638139,187.14187831086363,182.4623541675911,184.2555630771422,190.01160314166773,191.33017865422676,202.81838514150147,202.98497967601003,197.55038774158314,197.87913029534957,208.18381356559343,206.47891238256284,202.2231122777398,198.75508641785956,198.491545066409,203.1183986877925,193.9711794465067,188.29020604035554,189.73640218602677,194.6553448032171,200.3138984787484,195.5316542207053,188.21468420868638,193.88106001158735,195.4944578593897,184.4858857548263,174.88837965481235
249,2004-09-25 18:12:48+00:00,,,,,,,,,,,,,,,,,,,,,,,,,,,,,,,,,,,,,,,,,,,,,,,,,,,,,,,,,,,,,,,,,,,,,,,,,,,,,,,,,,,,,,,,,,,,,,,,,,,,,,,,,220.21864612450548,219.10961311465917,230.8670815306536,225.10019792195033,227.0643595724252,228.50692627720653,231.1200720158294,,,,,,,230.96727147713852,229.58201812411937,226.37396013705876,215.52358234522086,215.66843837069484,215.59755072270178,201.24416764598112,200.1776876201531,201.38205222573558,203.7051172218031,189.30634848686083,193.95696739453064,198.15469641079238,197.7364155223287,209.72726047785886,211.7773702048319,215.8364525072895,216.2942771097875,217.18217717570604,226.94642331483993,225.40805216486905,217.68558213207598,205.0159955299318,203.65580135485632,206.6912434680153,201.19910092164014,187.61600942635857,200.7890986076676,208.4407915077329,213.61697421662694,215.089588830141,207.72795499227715,210.1503908232944,208.2144155196363,200.50612085088005,186.49184047619653
250,2004-09-26 18:11:08+00:00,,,,,,,,,247.74798970985387,,,,,221.34107783805248,219.68575945993044,220.43895997987934,217.87716926889703,214.49167443449983,225.09768500739438,221.6911625927977,209.6247125935805,207.65393079606977,200.65941401053638,201.32955878434768,199.08585933898027,194.93730150596258,196.0253200835397,,,,,192.89447479233112,190.97093746456767,192.735609471075,199.57910501946387,191.14951327800344,181.59384511193656,193.07146589690797,187.44347542506614,186.23572611595287,189.78550437956372,172.53768485226635,171.51140965391807,180.21310410807652,179.2127913152658,185.97734517143192,,,,,184.0950883805518,193.73495815045646,208.982496145215,212.61848597414956,210.6881991075832,215.0054366828976,211.2050339949406,206.75067767579066,201.52156259040277,203.74886401818318,205.7708969352122,214.97579189462488,202.1369943168824,184.24507312328933,186.05953942029805,186.56961507616842,192.52344942015674,199.1857802079202,204.91350819037842,211.6042188402693,215.41767506378483,,,,,,,238.2845422232026,235.3385295815204,221.32583993251728,224.53259122176476,224.11465245705463,236.18572103208055,240.9411319702324,242.66412435298975,234.09958494543756,238.5152762620688,238.29262037508818,229.68852032456616,218.94431496918938,207.59424909341942,200.67624866349433,202.60487063907476,203.60836614640877,207.90904474800243,197.09016376411006,206.28959077099591,213.4888854206234,222.51277506334804,221.3831423562931,205.2204797815493,214.04403838608826,211.23820000494857,,,,,,,,229.87499914577955,223.06353297965825,219.33384375969197,216.58467582047626,224.90364027927242,229.21519862700728,232.39909307695757,222.0570117432467,,,,,208.6291178342517,199.31369120229692,197.87833623943732,206.27432911030172,207.3840202330002,189.83214881412135,195.6315896283166,194.8872237228117,196.82167433264974,,,,,218.55615775432165,221.61671110136348,226.63930994525828,219.53211513052298,209.61466454727508,206.9740219513702,212.50632819570245,208.88279564224644,192.8369973395864,196.96101937224913,204.55410361765735,,,,,205.4173376116832,193.72018722911452,185.14537053670003
251,2004-10-11 18:13:08+00:00,,,,,,,,,,,,,,,,,,,,,,,,,,,,,,,,,,,,,,,,,,,,,,,,,,,,,,,,,,,,,,,,,,,,,,,,,,,,,,,,,,,,,,,,,,,,,,,,,,,,,,,,,,,,,,,224.48860633691737,223.61523633000343,224.66400869057435,219.30040262857966,215.14289864410773,227.06506752807218,216.3836183841464,212.83057304026835,223.00185099796352,217.16544418004293,203.76193872118853,203.08965098501832,206.23954968027903,206.62641118492314,205.56099628780268,200.86677263862165,200.25727299826136,196.2639381964196,197.4905032651406,193.63215830610807,193.8142686567838,198.0489093967994,201.6711674231043,207.3814334221079,209.7428180344375,208.9709441283645,222.82231853016884,228.02144097729973,220.52830621410072,210.75302909521952,208.9271174189447,215.19235390899854,207.1031367878217,198.3124782426935,195.1808249868894,204.95016331056064,206.96443988194778,207.39772363105527,202.7824398502752,202.45976917500522,202.01920203191506,196.39422369533824,192.11753431496646
252,2004-10-12 18:11:06+00:00,251.55660239586663,251.92094074695444,245.97774254846854,244.34797364112575,244.43155382667118,246.31308992879912,241.31134499500004,248.63456238387369,236.68134461643476,,,,,221.0063830112628,218.677096989364,221.04815368321704,216.58808088318824,215.13949590700784,224.86206939439546,219.87584562671464,204.70326710827905,203.57704526940861,199.08972306439733,199.93510626065296,197.04666948178587,192.7444199009828,174.46590410233273,,,,,,192.15636888239987,195.04453956421546,191.96016631602373,185.18123554455252,190.4851399739984,192.1866592068348,188.939969599584,186.8694656768286,189.25064911967004,172.06321125032696,169.67321992160763,179.42057396798816,183.55942513546094,182.81591480359725,,,,,,188.81289498775726,204.34616279406507,211.5463172466145,214.22712271895477,215.31630737874139,214.9842568783485,208.89952428981755,202.41588527194557,202.9848863224986,210.75337451557982,213.52138204536237,199.4894670647578,185.30248681475138,182.59770872582902,192.29116803616841,199.210674317805,197.37277034304932,202.81561122935835,207.95793064835857,211.80424918635958,,,,,,,231.03690085201345,226.10559166577417,216.38036855226284,220.81368743974267,223.23152049553545,238.21122744011126,237.6937958461425,239.18790188504505,230.78723901492967,233.38908226117297,237.73691600313498,239.9659944613217,220.89025315940154,213.90913181520244,213.1806242062783,204.31551455516382,205.895600697246,199.40547184383996,206.32321886556073,212.7045591674964,219.59585285207962,224.14210364318313,224.1603921844648,212.93724696022898,218.06301342939156,216.34348950439085,,,,,,,,220.82354460891895,214.0712671757725,207.54514957062656,205.42748071386274,215.89642911793862,215.40930884972082,214.34433578580186,213.08172137077327,220.1030748545886,,,,198.89747754749465,196.18957637730037,199.92835131351478,200.6514257719607,202.23659392458566,187.9631255404796,185.99095108913497,186.00033201258833,193.30071017581201,191.79487064414548,,,,,217.89894667088038,219.9459422600992,211.89038047927846,204.9782932873107,204.15976046967944,209.26665921692938,203.84623826861528,192.66459647606607,200.14444130267697,203.5061700591198,,,,,200.80492389758024,194.059890127925,183.5269113114687
253,2004-10-27 18:13:28+00:00,,,,,,,,,,,,,,,,,,,,,,,,,,,,,,,,,,,,,,,,,,,,,,,,,,,,,,,,,,,,,,,,,,,,,,,,,,,,,,,,,,,,,,,,,207.26540786252997,209.1226967708211,147.57540944323728,186.08785584014055,194.26043194833363,193.47226183725476,180.06641197803845,181.7929645727324,195.105369180389,205.0335105772142,210.64984947628415,208.48182386050047,191.61682539598078,199.09273586599073,,,,,,,,,,,197.66019140880508,191.19056171064707,191.20082633464,194.69266623880856,194.05248157784567,195.491428599852,,204.2930970034452,195.8520820449454,188.891183101491,179.0031091471499,,,,,,170.79367923174232,171.43909712343032,171.69428607542397,179.9925609937337,188.57467278973274,,,,,,,176.69208347611647,185.8162983224836,187.56304719563116,175.00756455554318,172.5510668705105,173.9565596583355,185.13043758701036,191.43938309187007,190.52198317024,179.9940014363854,183.92902548623425,183.57371722244847,172.78949403112998,164.4265667007807
254,2004-10-28 18:11:22+00:00,238.38890878454015,243.2563249718915,239.5520790906985,238.6462264410988,234.6585097132042,241.3530337333612,234.8122551453361,,,,,230.11899394756716,218.78052959488943,213.8147820444688,206.91182585873605,206.79390173797637,206.775441516698,202.9716922546246,217.08892806098862,208.6445012172198,195.29811275614145,189.16242164990283,189.30426467068276,190.0066397544887,187.88745047012992,,,,,,183.2646392280887,184.45271467505023,183.38252915881748,190.4738105288579,185.91238350480444,185.20874208630715,182.814909269554,187.66780244504258,183.15150075058938,179.24824541180107,186.54286610151246,170.9283869754941,168.17672869080775,173.4349872021677,167.75532264258828,,,,,,171.14068688623422,176.06171926097613,186.1060609817655,194.90304783793698,197.90113723662316,203.53875471082904,198.76910291785524,196.2064435380629,187.94047172647646,194.8726486425469,196.41468430779742,205.19571477577404,184.07917440042053,184.63248815552902,182.8003118017586,179.98562578766513,175.6797854818051,186.38985466365096,194.16946285985088,,,,,,,,216.75663924712137,220.0934089570532,213.58535761636364,201.16966956304577,202.05131575866443,209.33523562681853,221.25680742722818,225.26754638987074,225.88177977858987,220.35205556181023,230.49050164674932,235.46501078511344,228.31442865964956,212.2205644910479,183.05044042433326,189.36217604661832,194.5452426719065,194.91807641917234,200.81999885668932,190.55719665723063,200.54214271428475,206.6675020620973,217.28898467611074,213.82585720816985,194.913260111573,195.07627251558768,,,,,,,,210.43051690615698,211.91018025387532,200.920839873094,208.4286365337523,204.10093982559997,212.48419803342674,199.28943669769015,204.2404469065741,208.3520711640653,,,,195.58058742634404,192.71645419751914,191.36586580222172,183.09556394095543,186.26719561006544,188.7409672307389,185.3518163882976,180.01221503238295,182.8932615428677,182.77791944029713,,,,200.12016571584516,197.40279527081853,208.75340111565117,206.8341777441487,198.93414853957424,194.39720042731008,192.62784782376792,195.7578372156454,189.72461919770853,179.94129389188902,183.88212440902524,,,,,189.59242646721503,188.42945722242146,179.25937987640327,171.38914790608527
255,2004-11-05 18:07:28+00:00,258.37688027196845,255.85598826337565,251.37203864743432,248.16756499877894,255.11768358258274,256.18094011146894,250.78848763539378,257.18656866249603,258.5339070789647,255.4038881679518,249.6382093455287,243.8023811206281,231.40404068107546,224.47952526911806,222.28597176945817,227.61350062076602,222.34478620408623,219.96129783716987,228.37754744425786,222.8257246195746,208.62566181593198,209.1693247931028,207.30816265041082,209.17364997629448,204.4519266433631,199.89492555681414,196.80037397181462,206.04008619642158,209.9147372965191,209.03700481163128,195.7433900940378,200.2347626359188,201.2331127279663,203.93778732347533,197.01057174689282,199.4021170190706,192.93742521378687,192.73158016500753,185.95466028875688,187.0309974334338,194.43341473969664,181.11583789773422,180.79427031265564,185.10862541420116,186.17877149757177,184.03200072911864,188.93151008200175,191.6616931077324,196.49615371370783,189.23722338513818,180.3790417587026,193.7944949413505,208.98181893568898,211.7381391151282,213.2325304821381,216.7500291865808,220.0032352850601,210.70010390059264,207.25588998277993,207.88805334158894,215.78032732003294,219.2264032530532,205.19730586790877,189.2303960437402,194.08888237532483,192.37792490478355,198.51189418106225,210.95819600948067,212.96204863201723,219.34215270757346,223.01709281500843,219.12751995845395,218.70391586345826,231.41735863443319,224.3362984570728,230.0022371365617,232.42072523651836,236.34175367946403,232.21481757837972,216.9772098732688,222.69058984042434,229.24700870867582,235.4497933788017,238.57945243879004,244.29478090187484,237.12477099787904,242.23005616643673,251.6710987562066,250.191732516969,232.00678044234508,218.2426012504802,209.89724307897296,208.97387058402765,212.84156414742415,203.8801618797131,213.7039268759634,216.90418406279477,226.98416928096304,224.57837416764056,231.0934470108971,218.97182808004857,223.3579268006559,222.07270045052667,213.11803510822602,218.63239825591648,214.79007986297734,222.67946106656638,210.94130010608762,221.11596758759404,225.13053139183123,228.77352637458011,220.21764361047423,217.46317673476543,215.566863918308,221.44347572137485,222.0143349555218,216.0862717337886,225.46723379865364,223.90348686398875,223.99170820315285,216.36917598031147,210.4834957499947,203.47374405271486,196.9761863558589,192.597112918562,195.81331518070857,197.5176182440988,191.0672038791709,193.48452359278025,192.58929937423034,193.0886062083421,202.92203531126185,209.98780260106173,210.43997863044353,213.19314012801462,217.12201066556355,224.67388972609592,226.02188789782915,212.13824195001746,206.27227349195653,209.76765862103082,212.72956616584327,207.60541707667045,200.9210371972327,206.8095768504777,206.41883860013516,212.4327735611222,207.91119719984908,204.66771997112522,206.16046915451648,202.49227334087237,194.36344072934955,186.78629001173647
256,2004-11-12 18:13:45+00:00,,,,,,,,,,,,,,,,,,,,,,,,,,,,,,,,,,,,,,,,,,,,,,,,,,,,,,,,,,,,,,,,,,,,,,,,,,,,,,,,,,,,,,,,,,,,,,,,,,,,,,,,,,,,,210.49404917027485,212.91946332664543,220.60440033624496,215.6421807801351,210.14876406135036,210.85284624439856,219.57707442478704,213.82036902389595,208.34778487248016,210.64791651850277,223.27841011760228,216.16415778048835,210.90908825243594,206.32491647761475,198.24270277710187,198.17751071191867,192.5528658620563,196.18240888458908,200.89809344123344,189.33296312755584,189.73429050528813,194.58299428403183,190.796437347213,197.66539260423832,197.18550340832348,202.52464691049246,205.0877460362736,206.3123178383514,214.68063470714694,214.23910527101754,206.93907367788444,200.6896236607899,204.80208911627608,204.40151920158593,195.66984224508343,187.96126230614806,191.66717191053812,200.3696877178075,199.06985079269722,198.31745988475296,191.63752342083575,200.87645091537868,196.43127568301662,188.38908424982145,177.96653590187367
257,2004-11-21 18:07:43+00:00,254.7889954874393,239.19132807330845,216.34591749211657,214.11557803646912,,,232.85834129069332,231.1452534271558,230.48884661440354,236.29930273960957,230.9575223220662,199.66621576248656,221.95353126573372,,,,,,,,205.7060951065464,207.66231425511074,202.88417869379896,199.4952878662176,202.08102253358913,201.45935782394747,201.63604827717776,204.45173671936953,213.5579748536623,202.78911627332576,196.02620814093922,191.41034517555056,193.15649196798825,193.70688388013718,191.01375180887754,193.36325611554787,193.46573191059935,196.21946520327066,195.53758137686117,191.02146366919152,195.3464750957049,177.60265855254215,178.76251318918608,185.57176107729464,182.6481840780931,183.65960871430607,185.85816531835422,188.07683967632485,190.37606898436417,189.07769952288442,185.0705287258354,195.86113932694084,206.81827508648058,208.9828506507792,208.43797916983675,188.36743355546344,198.04172659631092,203.75410680797083,207.735108452747,206.37151727522917,214.18049265071392,218.99185354128429,200.9850938349183,181.58434785234434,,182.31733015006384,198.51052966660762,195.63416768551627,200.28055354277978,216.19654690239543,222.07698055289842,218.08653300484627,215.35651459303688,232.01575718102953,225.44095255518783,230.11620875171008,229.20641002237835,231.62328806937322,222.09763920326685,208.22365602454448,220.98865554719646,226.1824506085403,235.45592106947126,238.01151186775922,237.5754975451433,231.22716994017065,235.23425972074799,240.26275259283756,232.40711065312058,216.46585982176475,203.27597469766303,196.72994444116787,203.99177560734924,200.4365527217384,190.25649297236419,204.06806021260982,206.23515189718339,216.54416783812414,221.34481635771203,221.8880599537387,215.25394940630372,221.62448403242058,223.81438188470815,215.89330454490272,213.63030743925202,216.91708159318702,225.25491639509704,212.56853828437127,226.1311613641168,220.78325442141266,231.2077681366456,,,,,,,,227.35601896537676,224.77076728704512,214.7107584509172,208.04004661740203,208.8152625740748,206.63297296649978,207.24894584416785,,,,,,,,,,,,,,,,,,,,,,,,,,,,
258,2004-11-28 18:14:05+00:00,,,,,,,,,,,,,,,,,,,,,,,,,,,,,,,,,,,,,,,,,,,,,,,,,,,,,,,,,,,,,,,,,,,,,,,,,,,,,,,,,,,,,,,,,,,,,,,,,,,,,,,,,,,,,207.73345164049383,213.33049248254545,221.47836425857304,216.4959524167661,215.20662646807082,,,,,,,,207.92560604796537,200.56206050341666,194.07819047663293,190.92488695450282,188.48739153303544,,,,,,,183.52913747683502,198.86143388652187,206.07614815217565,208.08726331336555,210.53723938923414,212.14167616010639,212.96472473603097,210.35068071520192,200.3261714777827,198.93882638900843,198.92657807706672,190.17128317408617,185.79168327758165,185.65616185559847,194.42912381633613,199.0340959590768,194.877511614092,194.85859585796615,195.9340548700882,193.12372969596413,185.38559502704965,178.55225172011444
259,2004-11-29 18:11:39+00:00,243.15629616088603,250.10671999775045,245.75315241193084,239.45997841859824,242.21119128874693,241.87913512765778,241.14101509582002,244.25751980844967,249.9518961609429,248.1238633782116,,,,,,213.57688820548083,209.5073285110936,205.4781636447072,222.13814984167766,207.34817186792998,202.5300992702623,202.4800108075459,195.48665084814405,193.81076677453424,197.93684134022664,186.75754032157118,190.25872164627555,198.41401557110248,207.81608888407123,,,,,,190.29190010776034,188.8506035510054,186.15233549226073,191.6562612808977,184.39057418065042,182.56031454273185,185.39546661190064,171.62537055946206,172.45077943762757,182.36180174001635,174.73713198690984,177.9035682179375,177.67929288477862,181.18009418486113,190.20328185955574,,,,,209.13139924844864,208.27700441508733,208.957624338421,215.29716551507784,206.822369322162,204.1235369224461,201.7482035822394,212.91768960022668,213.12497937746258,198.61174996245128,182.82667440495925,182.84493518782628,,195.94376546587765,199.71048518408003,202.90437205625364,209.68404706017736,216.32043904877628,212.01953380318125,211.1614985659246,216.54567564319308,209.83333049277644,,,,,,216.80013495346893,220.6223591095531,229.56917186023128,237.39576053680395,231.76131325241818,225.7312668576906,238.1797351797207,239.0475329752099,236.24639199508857,219.13903092363842,202.01431052587327,191.96992888578254,200.23047418220958,199.88135086746013,198.53809479725632,194.10393713735067,209.12421414686997,210.93832561152755,218.35959745973383,217.67366739563158,198.38290938822976,217.29356413481906,211.31435677471586,210.36823599881794,211.56402643089075,210.0922034844392,192.80553193521607,,,,,213.67011971515097,216.85270593033363,218.06264694186876,213.3242658909192,213.33508642264155,209.86369706834327,210.56416440756763,221.59610856847485,220.98516212157247,,,,195.22630498552707,193.39839113739464,200.7451724304144,193.9831877342043,189.98608704213785,190.9740034117552,188.55327450945168,193.42838661321574,197.33227738366702,200.80966538481562,,,,,217.1566362820892,206.95788698240602,205.51092640979806,202.51514247587426,203.82293498982523,199.93929020416604,193.52845721777646,195.20218554357348,200.21413571957115,202.63613957930943,196.57435858686074,,,,,180.2166228979365
260,2004-12-14 18:14:25+00:00,,,,,,,,,,,,,,,,,,,,,,,,,,,,,,,,,,,,,,,,,,,,,,,,,,,,,,,,,,,,,,,,,,,,,,,,,,,,,,,,,,,,,,,,,,,,,,,,,,,,,,,,,,,,,,,,,,,,,,,,,,,,,,,,,184.65357061046615,186.8866850283426,184.96756901539516,183.1241915783355,,,,,,,,,,,195.3129473316181,183.9288097269929,180.71366054068892,188.15479521307049,194.43891036633988,,,,,,
261,2004-12-15 18:11:45+00:00,239.20297976779136,,,,,233.68654004832058,237.3952560641212,243.94920701929072,239.8384387112122,236.6588975506437,234.79631999279874,231.25787481972577,217.8809986906985,206.6101567568016,204.4264587468155,207.15098560166948,202.20176814762425,201.55866900787802,,,,,186.7619040980477,189.64361636520914,194.2935649888661,184.51663954802956,187.21251546147488,195.59263249530602,201.93817452636577,193.6082679979387,186.77710207677183,177.2075808035391,176.15457349915403,177.44204920186954,184.62595563797518,176.75036366471198,180.80809713000002,,,,,,160.82484231093906,173.60097682008586,169.90706092946243,171.18183543906758,171.33312455415697,171.0512078569166,178.42598582467997,178.02377408805,172.47361055701674,179.15760967520808,198.09925738279446,197.6315445403128,197.47290029135294,212.4491213234808,200.9542905302193,,,,,,,,,,,189.40963378453256,193.01661907820107,204.4082961909919,215.76990476364404,201.73968672423064,205.36610622827067,210.79169816396083,210.83500900434564,214.49542454090295,216.267757597398,222.63685089328723,207.95028606426263,210.23440455191223,211.00495669656527,208.01670696321372,,,,,,235.58742893937415,230.75892402356618,205.26372931989852,184.81665417838002,182.20827228449775,191.67014579236974,192.57691235095177,188.18744493403543,194.3484909624716,211.26631500271645,208.18421981300685,220.13881940619467,215.21962317632193,204.56570986841973,206.2995800002592,207.61565787898763,197.7752079895036,204.10542168605207,190.4099027044715,203.75609657432955,193.17196501239408,204.2274679329507,208.9962458332224,216.749014766994,211.95294294573472,205.57567273137528,,,,185.7396380289311,195.54688230923549,209.9679787165448,214.7798773790002,204.37520964978336,197.4079193571239,183.14381731502885,181.04506363130787,179.23362951749735,,,,,181.40823511250812,177.56058807354168,179.03497364376682,183.2167303559503,191.8944757673353,200.98396611637105,203.71679581712542,208.0769577587993,207.80245462199184,204.28471997865915,,,,,178.9853473927352,180.65018144246864,187.95922514398796,192.94227070496333,188.74065916761458,184.79709296416758,187.31449224814634,188.33263515674173,179.91901215340278,174.40619367340275
262,2004-12-23 18:08:23+00:00,256.9766392316398,257.0868033382799,250.53834241088845,253.87999917267882,257.9937897935108,259.44927063267926,253.50792137665437,260.84926544920984,261.3335677903599,259.3787075264022,257.38036562044863,250.91758906245866,240.14847869933726,228.50461670681335,224.98128672604778,223.88998346883056,222.2330355478997,215.3592195726622,228.73830982079576,218.8204674845125,207.0943722693142,208.46460264974792,207.44167288293073,204.91310592134204,208.34544659378747,199.97934471832113,201.71893575633828,205.40326311257348,212.80800301075413,207.88569596338084,198.51417525080632,195.86945048570422,199.8696567990255,200.662719906333,199.49366843673417,199.15115897155871,200.3751336546762,201.79390878455806,189.54010106590658,189.5138636905535,200.0818551246989,184.95494433136926,187.58686072836568,192.93253064775897,190.38709135435585,189.89976693223014,183.3164092380723,189.93073383283652,191.53346625039484,192.01136851238437,191.527482527889,198.5842290310128,209.3466400516357,214.90189848522635,214.95851084097922,221.5985356004577,215.90136991463953,213.4390972031693,208.61178884535047,207.28880950933785,219.68027933262437,235.8554149739121,216.77133819422048,195.80564485530527,195.50876961391458,198.47147455231539,213.48241642061785,206.21406754854982,202.97071807614148,216.02147227696327,223.22800983195145,214.69127504729317,218.08262284765027,227.4800766306312,227.8328288412698,232.8784269496307,234.0816437217804,227.50474277812265,224.72188044338054,214.98818390103696,226.6709879782928,232.54800525901004,236.64770113403995,237.10964842243953,248.30076112773835,240.81095781584003,241.84974535073766,252.92082510454804,243.52709233200346,235.02021350961053,207.89558921050016,205.37719265938946,211.28872174922802,209.7601721648806,208.63822585255724,210.43038061400125,222.7280688335655,225.42171507568,229.60985987498492,231.13237610400182,219.0242149786107,233.20857971352586,224.0916836584451,215.461872014597,219.6602080760097,216.30590479648947,221.54257819167634,210.84458776918933,224.19942202309147,235.19591725363262,235.0993678816329,225.00691090380616,228.01844890124707,224.1590822804888,225.86946880796992,222.68001063690565,213.1304757882422,221.0728091891568,229.5574154869474,231.58244146906085,211.40185966257178,205.46087684854598,201.62360336052953,198.13432370012032,197.72809328847828,197.4369753087732,201.36675708767416,200.46666979270066,201.4151872200657,205.47498474974853,199.55042743252608,193.91919071017088,199.61321485143208,205.0261751091153,220.26631321400242,226.37944374228545,222.86153623321263,222.29944950414685,216.15375043326918,209.3634269817662,208.11456244124946,214.0280172410075,213.5626434355172,204.8857084944267,206.3638643135298,207.623451695579,212.33176655900496,212.88766956956275,209.2297415746875,209.81684198171004,203.50970221181058,192.61433533238073,191.49769335107808
263,2004-12-30 18:14:39+00:00,,,,,,,,,,,,,,,,,,,,,,,,,,,,,,,,,,,,,,,,,,,,,,,,,,,,,,,,,,,,,,,,,,,,,,,,,,,,,,,,,,,,,,,,,,,,,,,,,,,,,,,,,,,,,,,,,,,,,,,,,,,,,,,,,,,,,,,,,,,,,,,,,,,,,,,,,
264,2005-01-15 18:14:50+00:00,,,,,,,,,,,,,,,,,,,,,,,,,,,,,,,,,,,,,,,,,,,,,,,,,,,,,,,,,,,,,,,,,,,,,,,,,,,,,,,,,,,,,,,,,,,,,,,,,,,,,,,,,,,,,,,242.7194102978553,237.53612378856715,226.95741460861672,228.93022036865034,236.24549693967424,,,,,,213.75049972499968,216.5879978415305,207.17661143779833,204.23275307517122,203.4610882278644,212.79098054798678,210.8203378425072,,,197.23139343983905,193.4061927746862,185.21673210270663,194.07132046713878,201.3155204332924,215.53866399863458,211.46290116906223,224.8298893568553,227.33447621602897,217.5025447882661,209.53760505871725,208.9493161832126,218.10079010309178,208.2996728615496,195.46642189646158,197.30166460174092,208.76246745698467,207.0809490506874,206.72159620490726,205.98229419163528,209.103200557509,205.4986926511317,201.2876750724705,196.98154577747795
265,2005-01-16 18:11:57+00:00,,,,,,,,,,,,,,,,,,,220.62894919541048,213.20849170574132,205.7196641151577,199.82569231697227,200.08959931644856,198.44025811373638,198.7716562852255,194.90661644936128,201.25898791604493,203.6351067349578,208.8386333107548,201.20751844915816,194.60148873172366,190.35089938176588,189.91675686937918,,,,,191.16245348203293,193.15765743965102,195.16359702282918,196.31978665848837,182.67298271653834,178.17618522973436,182.64015989597436,180.73473955177622,176.0416434027733,181.79843234957258,184.24066935189575,189.88447346684165,194.36004553241344,190.58354859397855,189.56453932216434,,,,,,197.65444052621928,200.78312092432066,208.20261794910115,,,,,,,,,,213.30026754413592,216.07708928324547,215.65134072618974,215.0823424261284,229.09024019509195,225.69142926487785,228.3567678603751,222.89578795643365,217.34472068974355,,,,,232.3919618547854,236.69917987912365,230.20166035921022,233.02361457031213,224.4795718723999,233.83168469041914,221.74447210652806,215.47577885098661,210.27943434237318,,200.42390642256996,206.3103088657059,194.92204436868292,195.44345881405263,208.82363091385304,209.93824956615396,220.1943301367788,217.3459375670452,213.09829770309767,220.11637838767592,208.90885755430162,205.0856337765871,207.95668541173433,212.50377808666352,231.81470415689782,,,216.8331282927924,231.59820181994948,,,216.8408385719158,211.63262874438936,197.21845619739076,198.29140280530112,207.13482089898338,220.77955285043066,215.46538588067324,203.21564948040938,198.8225326168743,,,,193.35900633090364,186.9335600329062,181.75686577698227,182.3929029725347,183.60450661624793,174.30592273104037,,183.74500713991196,192.83985694393147,192.53726081117952,190.38124237863417,,,,,193.5473766311037,,,,187.1824715710091,190.7916911154031,196.8059286654837,,195.3596202094837,190.98284614575226,,,
266,2005-01-24 18:08:47+00:00,222.12067258795395,207.11222823739183,219.367891990209,210.33899016733034,224.99100943465368,223.70923440475744,,,,,,208.08627343118235,202.60296790243723,199.0333320771515,206.06491021784223,207.93509210453982,199.60547140423836,202.73870778175763,217.4433281369821,208.86275209496512,196.35639108649357,190.0557061507512,184.18763049727224,185.02933712835926,187.7295800401111,180.62624258868465,179.96793586130607,189.69275509518206,200.9404115220582,190.0330527171133,187.41512125111828,183.94255253936655,179.4500446723099,184.3609201349437,182.29885621913544,178.05922015933646,181.3242718703852,178.60827546088032,173.20609532070614,177.34658499861536,188.20511114521622,164.7595691325009,163.9256585779744,175.34015286460163,174.8495827425176,172.10020970279703,166.18638581789824,171.43732614090663,183.16342075688607,181.8586742905834,181.82887975552043,178.61726735660503,190.81982150199585,205.59539086004565,198.39300675033363,201.0175250163008,195.50167074846644,201.43265666604947,196.5666697186361,197.54227930188503,203.69120614563133,210.6037621067693,187.7592560733725,177.13180285502793,,168.78641540202577,184.34254872734735,189.04852980147814,194.2474195015264,197.60806518149684,204.3998581488135,197.85789220684399,207.17962189690812,219.417934273208,216.40896020033784,220.08614024973042,214.80208330569997,211.91952435536012,215.90814721879974,206.16669239501454,208.73894617460363,214.46509806405516,220.18687060257113,232.60289660500354,227.25555231476648,224.37105428430723,225.99577583467232,232.32823489753463,222.16178507956243,219.5167408823729,201.69907610493462,192.32931248374268,200.79251333634187,196.8672871644385,186.02509389047532,189.27743782579876,206.7102303521828,213.64065267661357,218.33024775591306,213.85890408226646,202.95121706452204,209.38953606930565,205.88778259564594,197.059378812496,205.63865252593445,213.1197556360016,214.50057732177441,,212.69904774669078,217.31731157377334,220.7215366046662,211.55279708426278,208.12192354627442,195.92054481959275,198.64325120122135,200.3018586666593,190.0156347522207,196.34234605884478,206.9453437217642,211.579662695357,193.19059775287337,189.2679902698819,181.97456326891188,182.85540782075677,173.95741188969166,187.22173579647674,187.26040899932383,177.84481548916784,174.04157988220547,170.08460710518244,166.93668817398606,169.95827086606303,170.03996839143986,179.16387522365508,193.9529501993695,198.6762701435656,199.6879203827444,202.14152199120116,203.15197255177466,192.75529401669291,192.3459779566766,192.25105275794533,188.52193308474375,179.44209149869994,179.9856317914228,188.62079348435032,193.87565319325017,196.02800145203787,189.69517370139084,185.61053081608912,183.45148451021663,175.34351732965212,173.75279209606742
267,2005-01-31 18:15:02+00:00,,,,,,,,,,,,,,,,,,,,,,,,,,,,,,,,,,,,,,,,,,,,,,,,,,,,,,,,,,,,,,,,,,,,,,,,,,,,,,,,,,,,,,,,269.09747611103774,,,,,,,,214.064640195576,219.3187761595366,229.34897288116173,233.63235761712406,231.426539811873,223.67702428561887,236.87614494821636,230.02730385912471,220.51777950458802,222.7344319596035,227.89956197808377,249.05622475761027,,238.05381523226626,238.71941705323385,,,224.66333442673488,224.51910854934314,223.46444639231436,212.22476992316552,224.07796144687987,227.52821897395071,239.38499361752477,236.13814625293136,224.88339050889502,218.55185125541857,188.50181215000663,191.0257294095341,186.88613012874615,188.62880868777614,192.0964516460969,188.05525800595393,193.50171491862534,211.75837263098737,202.72225130651597,198.02496268922795,196.6585009114736,207.12943071853277,218.34499262201896,228.62480674943433,212.37957319198557,212.34629299370846,206.85124018213378,201.61307415785245,201.57184091417463,203.29955963413852,201.6259103914753,213.8397194220809,211.92728903371903,214.5326448950782,218.02267080918895,213.21365530677775,216.7801880559597,220.73430645318126,226.12221658441854,191.61269561293892,180.82990460119984
268,2005-02-01 18:12:01+00:00,,,,,256.24473852973694,256.9569673840202,253.1447347942186,257.8387276472869,258.3217902260627,255.65660271587126,256.0994773274254,246.9539026067188,234.9809071854319,223.76609825769972,221.25969311204034,222.83818185184361,215.67390387237253,,,,,207.25083472866257,206.13145217826207,204.85493470765405,209.95836272595042,201.07450860517974,212.97542745588248,210.78354022647721,215.47465204760255,205.34324588891582,210.25499796839364,202.8275989025026,201.8006909746385,202.61733723939454,204.18148434450413,204.06912165416122,198.36806062043294,,,,,192.03416341993682,186.61369947099874,196.0169154522016,193.48590026264154,189.78120585649125,179.19305772098795,183.8106574984626,203.88757066755477,207.48544168173905,204.09857487723292,199.06476803566594,215.3810979130197,219.29256415588844,216.93244018838834,209.76315459240132,,,,,,,,193.88780025241272,203.63054635317133,,206.54227487729787,206.41326836919063,210.32458855420288,215.3505015646396,218.97020487656187,217.97336557229585,217.77371716982717,235.3422870010094,231.4304293012973,235.45900417556928,229.12705993559123,226.70269364080144,226.6615792622476,230.26208385522594,228.0979937408309,,,,,,235.46838900676846,238.2565864717412,225.33036397454939,234.15279129360675,229.48449317579423,230.33718525977628,219.80678550237562,219.36377978268825,208.3056583941161,212.434834328406,217.97927583047448,228.14339601139645,228.01620869171845,230.09367269356852,223.2506873174585,227.63797710242258,219.6098453903354,215.3062232936377,218.8495559146957,262.13273432440826,259.94373138606244,,240.16273139309163,232.3694973924977,234.06385410679837,231.32792005565534,231.13605123424088,,,,203.39301732994005,207.13540653766486,222.05979315757276,223.36346773659866,209.6844522947264,203.087139649986,197.89842243139094,194.87344384587078,,,,,196.66276445163362,199.4479620891584,191.71978334722493,184.12784493641627,184.62773958585348,193.0950115555641,215.45998301578265,214.74680017767474,216.93228530413427,220.2688342671265,210.5123060182067,,,,,200.83921345010447,201.36068600699124,204.2310817801977,207.6712176798558,205.28796625855767,205.92248291397271,210.47199948304655,206.24703097843178,195.2449885662131,185.85700852899834
269,2005-02-09 18:09:00+00:00,249.62631918153411,243.64094577714988,240.7126843480144,236.63071448218713,237.9407739153093,236.51042051246088,232.53457248405743,243.5374607096075,252.50976938624078,254.6446537605048,247.02095940167234,234.92849529739323,226.55789067851634,218.53451381281377,210.92389162403924,211.61397764499142,208.6440699397741,200.83658447156057,214.12058696879754,207.28150802203118,197.0861063901922,191.17081328114054,185.07624966929754,185.47586603110315,186.90166714548573,178.6141820191288,198.18806199999835,199.43407871691812,207.37664238472502,198.3087719274294,190.6017561497208,187.5180039340271,189.47610257942,188.0108702540029,191.5905023371044,187.1571054550694,186.63771042904293,182.0421977209362,179.74379751153168,176.26453515511798,188.9126698768334,169.69783631114794,166.84711943490805,170.48259965564114,166.2004126697219,177.80858149306005,173.46207339219856,178.71369458171355,184.84264596958258,185.37850785747503,184.33303153576193,185.24403561932743,199.84927416252248,204.00864234511437,203.1431623754111,207.6883049677777,197.0239165164097,202.98445726161162,193.5992926828791,196.14343777651823,206.23003673787827,208.6410691251659,189.47109798609398,182.86008364861465,184.02276873744927,176.30103916432748,184.65951068826237,188.2059214894049,195.33656730606486,202.20313696931197,210.0680212538823,201.53450822976808,206.5935598234837,217.4429115149266,216.71400645058677,219.93792155483004,220.0237839913646,213.38020654696993,213.16858806783546,207.3251444201718,212.85929573599205,222.13454243444568,227.4613341490807,234.55359679181902,226.8215803673812,220.98309302705732,223.537581154214,232.0779610251965,219.3632725408577,214.64362360210117,185.46711370796194,176.83545756287228,198.22608528299503,189.90626880812144,193.3669731868415,196.11731261396423,209.9596638348353,211.85569798879834,216.60622111764349,216.56947589872965,200.02743365161058,207.92638931055347,219.83639852981187,205.56501193807367,206.4048077016186,215.4620361271933,210.49527109759612,,210.3780443586909,217.9221928871297,223.82847781219908,224.08472518083963,215.59841713164576,208.82355025460168,214.23894790831392,203.6670293758292,193.24809803268423,206.30153999256427,224.2304653165525,223.9162039718671,209.40229327095693,209.6293044497335,197.28189124567933,187.8962511796429,184.78805542050193,187.0549739993843,186.54398500533566,179.97187906940127,181.18309814095292,179.63916684575796,182.3256543445332,185.01611239936443,177.45579107095585,188.78893300658538,199.35872812639212,199.49190375087676,207.97138016399774,204.19986685161643,201.6180595546292,195.39943359339946,185.64665866505428,196.9361012547243,186.49414243687465,180.70826533131915,194.89049120814553,200.8722994267401,205.69621393291618,200.24947957690287,194.93282894770846,193.25426601139617,192.43464669528638,185.8999133709293,174.32175544127188
270,2005-02-16 18:15:18+00:00,,,,,,,,,,,,,,,,,,,,,,,,,,,,,,,,,,,,,,,,,,,,,,,,,,,,,,,,,,,,,,,,,,,,,,,,,,,,,,,,,,,,,,,,,,,,,,,,,,,235.82881631269115,240.1824193860789,218.8079876760743,226.16527298755003,226.411813156,223.43350319982574,239.15837820835637,244.0617528184797,247.91691723071364,,,,,,,,,226.97667223141534,209.30512404037887,211.90696737572426,228.33531471038282,234.27108378863076,,,,,,,201.69723312542177,200.4752037309266,204.098760270091,204.20619401264233,198.30463538934598,193.2262262455841,197.3348990068598,201.7720179587493,211.34350081854592,218.62946804045185,221.41729906776882,220.76880293166903,214.8960088809036,210.85742560452658,211.78431960897575,218.02423032933328,209.62895770744385,206.06362339770277,201.93555956632235,208.2280240828183,211.9376106933583,214.39724704364704,210.1293725585678,217.0978900291895,211.42129505315606,198.65501885623306,189.46512760560327
271,2005-03-04 18:15:33+00:00,,,,,,,,,,,,,,,,,,,,,,,,,,,,,,,,,,,,,,,,,,,,,,,,,,,,,,,,,,,,,,,,,,,,,,,,,,,,,,,,,,,,,,,,,,,,,,,,,,,,,,,,,,,,,,,,,,,,,,,,,,,,,,,,,,,,,,,,,,,,,,,171.91785323981208,192.19682687469657,185.67771722383927,192.91200803599253,198.60523899194231,207.14043132210642,206.129554862517,,,,
272,2005-03-21 18:12:14+00:00,258.6989607440536,260.66779117857715,253.15522973736347,247.9307668579082,247.21491512600147,252.15841087964873,248.10058116588888,254.80530890155353,252.50232275861026,251.6757879673424,244.62497538914707,228.97094702695432,,,,,215.34367352913796,213.08263067405062,214.54711387024238,207.6405742622277,193.79890335079605,194.9986241551402,197.55925695755766,203.25018186310962,200.90772691584704,197.30903631052405,197.34307670366866,207.06444523707302,206.74605001171517,203.43201366631843,,,,,,199.07193903073386,194.44730218867267,202.23759181943848,198.03345938551496,,,,,,186.23170362767627,186.88313395864702,177.87973176131027,189.13442325117214,193.4756351853045,202.083407760719,,,,,208.1491911102299,211.55809840190528,215.91277634295028,208.46510408616425,202.51274518538628,202.55067246883218,217.33461582957506,225.78961233722424,198.28057569580574,182.19778393892466,193.51107880510511,,,199.63549546173329,201.0520186797118,204.28179027392792,208.69391393698197,210.62915724271215,214.0325937293958,231.51074425180622,232.13015795486132,230.7900559588765,,,,,,234.94671284420957,240.6852636508305,242.93775946738128,237.2599867527023,239.09163529821103,240.23395558674292,239.3337474666667,228.45414445712078,227.42200618549793,203.4310220501905,216.35564614520916,210.70262626011055,222.5403158003403,197.19201965360864,209.2739044417793,214.08763746562647,224.71978586323047,224.01865887838804,227.46390365889843,219.14512428786867,225.04764456768913,224.6533772556124,225.19032906471088,242.94004659097294,244.55309279413876,244.11894570433387,197.48626609448672,,,,,210.5575969435006,211.53778166224686,213.36197132840852,202.53930413304067,190.47964764415428,196.44171808585043,207.55229089861143,206.4397304230812,201.62580559290424,,,,186.39507897364342,188.07474252777772,187.79020986573082,183.56626987429917,187.98128012680354,188.74858169259153,185.77437991040978,182.41317289284694,182.5162511685578,192.88169960779555,,,,,212.06331448752604,200.16946497414153,205.3311203533395,207.3395416296638,199.6781752037291,203.3095888640937,196.30393957416524,206.14905036655608,213.12082750518925,204.09946134580497,206.12749919706022,,,,
273,2005-03-29 18:09:37+00:00,256.14952141512424,262.1869057443391,260.2470456129721,253.34182785697692,253.3274089386034,258.2566783835954,255.4520750381978,259.0248440428751,258.7196266962493,256.467708569115,251.47010826727657,241.60772137252695,228.72806903622558,218.41121533864418,218.07200068670343,219.4775615880318,217.07585944641764,212.89697820730032,225.82094131832073,219.1508089496879,212.30309308016422,204.81887938832475,206.12963348315262,206.09424154482696,201.89697740498775,195.91238624708922,202.22514415399837,203.19118076806623,208.81102095181626,206.9155265893283,203.79235697722729,199.00527532860644,201.17861508295408,202.88127283408085,202.0271143715413,201.54493616168662,186.8414529706975,194.61730435366655,202.10274533188863,195.15731307137003,200.48338818737403,178.70032009606018,181.81372058569687,185.78791976436446,183.1593278523073,181.0504380262391,167.52412556865497,184.50461498926248,195.2457576729696,202.15917821551028,196.16869907910404,197.1607918191712,200.8987719433073,213.90925278959935,209.95368483009653,213.00579220441682,210.05358566601032,216.3597927665991,200.74782899865426,211.0723249267158,217.31384527832887,230.0888200853049,199.5260438206165,190.18349212666226,200.03796166689702,195.42717485018608,203.78856852510268,201.45224941031734,200.14921104352095,205.8745093603797,204.30687652064174,206.91488269953305,220.70927359506848,233.81071699569145,234.16322230061633,231.57159020054104,224.1644294680431,218.66721620736104,232.70441049454524,230.05427744159095,229.2334662660413,236.6201146285494,250.95216527232412,246.73193727493236,239.4338879159089,237.75062892159454,238.5239724589339,239.86232524830245,226.26060614234507,227.69395168472843,210.5627628080796,209.98968763498777,216.4223553825031,217.63958264680394,205.12749977544877,207.130707162813,220.0113657062311,222.20234920162147,231.1746415204849,228.1237036128188,229.33039066100167,229.43050894087324,232.1431674552581,242.3530812439144,248.5019958892322,242.3744291930785,236.9130928560739,202.41134950833282,220.24256610230054,225.48289536139677,230.75206277216103,219.94471093551687,221.1901885117913,225.19337575424538,225.5377162718881,218.5203050285581,200.58509321794145,203.87105362709846,215.96373979674928,220.91615384143745,204.70936322484823,199.5234400316177,196.80622200839912,195.61474278337445,194.90691612359672,197.98999148101058,199.00525248861237,188.51344186098177,192.1966404550162,188.08051497664843,187.5730416199471,184.02570597370504,189.44913672774234,197.2985612362126,202.61685025110856,209.04782289488088,213.38203629047138,217.21144168267602,212.15440616726937,204.94964447463812,208.6147644938471,207.8165463030456,203.83336782414915,200.1429484919056,198.1042627410501,202.05478361003736,208.02431706998428,205.02860363018738,205.13351858731642,209.17857174359642,200.99866474355176,192.3051035498804,188.57096938417496
274,2005-04-05 18:15:49+00:00,,,,,,,,,,,,,,,,,,,,,,,,,,,,,,,,,,,,,,,,,,,,,,,,,,,,,,,,,,,,,,,,,,,,,,,,,,,,,,,,,,,,,,,,,,,,,,,,,,,,,,,,,,,,,,,,,,,,,,,,,,,,207.20621602494924,202.1086275910838,206.53302359191798,204.9545846197746,,,,,,,,,,,227.36719509659247,221.220988279147,215.19090557266279,214.54835624956178,,,,,,,,,216.95019270350878,218.33801214713594,207.36846768633376,198.66542268809013
275,2005-04-14 18:09:40+00:00,267.69653473257927,262.438703747575,263.8740600478392,259.2254503045307,261.40656890901977,261.2211000272445,259.8572357653742,263.78383715375827,264.07928057329786,261.82298470046743,254.41174333159458,248.9510237210607,231.16418033085563,222.78299710931452,216.29337287766782,226.271426982703,230.75100616787023,226.50781771094307,232.357395644333,224.4114610770842,211.11061502814377,210.14917937360428,207.5056850150871,210.50429672877868,205.83574762338847,204.69369477227175,204.14035888085962,212.82571601464377,213.04867362616906,219.15564376414028,215.02843665928697,207.7017563573092,206.31256521443737,202.10785308394912,215.55277587853627,216.35046602430216,207.57950353707463,214.69144948172254,207.2898389527628,206.9303761786588,206.36178280481752,189.78179122476348,190.02588271850715,189.5816951447643,195.4497181858372,186.64502864003916,178.73277116816433,191.8236311188287,204.80558452608426,210.45161007911645,204.827225108706,202.75951129754606,206.95828877536178,222.14517035298493,225.85925484558084,224.69781747289022,224.60105362235072,216.64907638138536,213.7719027649092,209.9510527576282,223.36735449372668,229.52272867898404,221.41063068017735,197.57731983593658,209.69178735887044,204.69605929585265,208.54344994701236,211.7175877115918,213.32305122562863,219.5069445675078,222.75721749382456,222.37247191309024,220.94383826129396,235.7448295555187,233.4603526754383,240.26299396503208,228.7016871933168,226.4713088753128,233.93423535878492,241.40603266818653,240.8162761029374,246.7704449671017,256.38033994143757,251.18986146027288,246.39529438572208,236.3042702879801,241.659737883654,238.1878218500909,232.73106495953166,222.22845416908592,224.46562327968363,211.47453572216963,216.69386814591056,220.53312206132662,214.062108803064,219.67801867756867,229.6117553437404,242.3272487360612,247.5852927290882,246.76704564888152,238.8562783864844,243.7767723006633,248.58709018969859,239.6773653707273,240.42466065699375,235.64466401981213,244.09651913379338,,236.39474791966188,232.3783190315051,240.2333657471897,238.8661377006944,233.47649643447787,234.03675424818476,231.07954163837746,223.21369406010749,209.8687368260069,208.75125123194132,222.1573788069869,223.44577143201715,210.8665980166992,206.4181501205104,200.24116409660934,202.20836724019415,203.8757995578012,203.6378367574185,201.56973817836416,194.14526190411237,194.80604389542253,192.32535582553757,185.10711442696712,186.47974187339375,192.93364785925183,197.26625384500323,204.77524425329742,211.83237110808966,225.77879103268583,230.38727737842726,222.49711373390545,212.0907262588164,211.808913129016,216.1470194398663,209.0763218374256,200.957112440439,205.4348016721132,206.0330948480799,211.62677696878,215.00983511368077,212.87275913175196,210.43759269578686,210.96687132969302,205.23231124797147,195.9346714001108
276,2005-04-21 18:15:53+00:00,,,,,,,,,,,,,,,,,,,,,,,,,,,,,,,,,,,,,,,,,,,,,,,,,,,,,,,,,,,,,,,,,,,,,,,,,,,,,,,,,,,,,,,,,,,,,,,,,,,,,,,,,,,,,,,,,,225.57568639128957,233.10357862600046,225.47303606948913,215.773936664605,,,,,,,198.1032988775178,195.06071826236717,201.76723573393633,199.61877587499976,188.96115371579307,192.04556862544052,,,,,,211.3052402762939,212.4712160832375,217.2424282893623,226.90002206846682,216.04618142888756,209.80685748510672,210.41330373821637,209.69016658012708,202.98208065667936,197.86146395134182,206.2385251152037,206.86854091077075,213.25408193322275,212.09577621354504,210.43495874420404,210.47731176387714,206.52575642284592,195.92983146102927,191.6099003751935
277,2005-04-30 18:09:45+00:00,270.6933791767715,267.59962956384885,264.88792468490857,260.68697621530964,263.39421061714586,261.74679967119073,262.3771716539936,269.9480278419482,272.59009993036335,269.2584089610936,260.6104126567951,254.71365145208867,239.90386953757405,231.30273167535125,226.63483445639434,229.1929840526036,227.5759726204441,226.08099249538753,227.02506757989417,220.81860755219387,212.57670696265194,206.06991679740042,208.6587608654175,211.16301800305354,203.81706371835966,207.40641347149136,209.95757875068875,215.69585469852672,220.4929951104337,223.3273476127863,218.38539054487677,211.31792024431758,212.1480664384914,210.72976701273598,211.58813702260505,212.90712188823335,211.79589780271158,214.3736390761912,206.65966790817683,201.86515401819383,207.4342853438481,187.24086643883737,193.8413770342023,191.65114070199195,202.27773966672072,192.38183136751678,190.27674924841796,203.12754659642655,216.07929285679774,221.41164447934398,201.83641506139261,198.7012843808521,216.59507713679443,213.73499288036788,224.1538462348538,220.481832084426,219.54034430589616,214.89450756053355,209.85766180860352,214.3111378528988,227.58740906173313,235.34830596489334,217.39342897687274,194.14547375560613,203.24768725576874,203.37468641104962,206.61913257791136,210.69665299155207,214.0444732851726,222.412058450928,224.11297519711485,222.4314323080294,221.1546927972151,247.85752567236273,238.82203650071497,239.954503044335,237.1297410188207,234.40561730650796,245.85772189283313,242.21428759525696,237.80333821322682,238.8316232020211,246.65521025145955,248.7282690090003,251.92861154346167,244.9311807195962,243.5002545680162,245.00413898878242,228.82934041631074,228.20725367596089,239.71323410024405,219.8969323003163,227.82197495493423,220.27975657781676,209.85704312830362,226.01674319437583,231.7853368299344,241.9584786743898,241.06495113595008,249.96635946864126,237.18684907196507,248.63181464372303,253.61311853446858,244.01701712591523,240.8722545160316,240.11232030681228,244.4788485684004,,251.44845535199096,241.60649458056375,248.97725831973818,240.86788453447605,230.80888658228662,222.77338071025264,230.76080970412198,235.50647022119546,225.8398165953087,223.48362309759773,229.43990293831158,225.98706801491912,214.1744725274698,214.5657695786084,204.53432432325798,199.7743062418374,199.57273541242546,204.14770176696717,202.30647628565487,193.74975934699324,191.74059762569902,193.1765898353578,192.71600133418897,193.1261802557487,200.40372344548223,205.81453006484867,213.17543339725512,214.32176478263932,226.68033347217977,228.46643576702104,213.32080605740248,212.23610148872643,217.46318353053368,215.7474550201457,206.8706003835655,201.32224507957062,207.0980244398167,213.20858279974425,220.8619497754374,217.5521566362115,212.01575483065145,217.46611944163345,211.63685369739414,207.65932563562694,195.3621228731224
278,2005-05-07 18:15:58+00:00,,,,,,,,,,,,,,,,,,,,,,,,,,,,,,,,,,,,,,,,,,,,,,,,,,,,,,,,,,,,,,,,,,,,,,,,,,,,,,,,,,,,,,,,,,,,,,,,,,,,,,,,,,,,,,228.02457008368495,231.61737776828636,226.5392641699704,,,,,,,211.29516448079687,212.58274484364497,205.1771791755538,196.81135819140877,192.87328714638454,189.00659582544887,,,,,181.25053737308656,175.75770508335097,177.40981793702744,183.03865316411014,184.54538520428156,191.40725660128405,195.9328904661688,200.13694214411188,211.29235150163822,211.27904943625788,204.05399180983164,198.45075294715792,200.7259492050875,198.20536325001547,193.12576586591697,183.07104433907756,192.05818222519827,190.7634966503072,205.00179811588148,201.42736105315635,197.29754605414803,197.64969121257482,196.90155091137797,190.83340727728427,182.77351810558417
279,2005-05-08 18:12:09+00:00,252.90965562213447,250.2769040011196,248.92664728006696,242.5381404240382,245.65470742884114,245.83380090151957,245.3060964644916,250.4461061576774,253.04967620802174,251.58662284288897,,,,,211.28588623936903,210.2949359375164,210.1490247481483,205.34246350786066,215.3613397681153,209.24139538043508,199.13797832118414,195.05080286733153,200.88587771531002,196.02571073029338,194.41228708181126,190.3866569263488,196.05716216981727,199.01725205379316,188.38852855854861,,,,,,192.8352304064029,193.45974734080457,190.9592724025734,189.52640496463857,184.17780995083228,186.75921710076193,190.7741108351341,172.1042123553827,175.84277332413905,179.83809916212746,183.72257058362277,176.52507957444462,175.467454616145,178.0515530160743,200.34966434477852,,,,,206.79305560219981,202.0208362878406,205.15895364380688,198.30839469552936,200.34126469054155,188.94949802002571,198.71727431115698,207.12829059043614,216.4570879828722,194.61343842864247,177.8802151487609,181.79194997789347,178.28693402503626,188.76543155319544,198.2406962474394,188.43718479382443,192.540805523149,194.1692999568253,197.6592509849379,201.52783793472682,219.56427242061005,,,,,,,220.04925500487482,224.74816157868753,233.10471658721812,233.64912564319042,234.2587077583149,229.69418274350676,223.39404039289778,227.50370327020084,219.66919919518415,213.14036458075955,199.19789787702456,207.567238856279,203.7326450397015,203.3478097968673,200.4469327653798,204.6810678382895,213.26350611173663,218.09844159635614,226.34459740442153,217.10669693387302,211.83608367312144,223.34258438514112,226.41317709905684,216.37380221191427,214.99575716069532,196.5063110291754,217.40656350183227,,,,,215.4233246370992,204.0953414144197,195.7472074339091,209.78060583179897,215.8816683722,202.73245654870377,203.3904037041769,204.76101608611822,207.84461998425311,,,,186.5176017503884,181.14187484833735,184.0091392591165,184.27188196459701,173.71817556895348,174.83144022873756,180.0200279784109,178.09192109668928,176.28244207174404,179.39371667769237,,,,,205.78303622531934,198.33254446723151,193.8742736565803,198.3302235740528,197.52048758151827,190.3577775772303,183.19153967378696,187.3560794784318,196.36327236784018,198.91580559045372,201.71830149892685,,,,,179.0477584060427
280,2005-06-17 18:10:06+00:00,262.6059087973998,265.4072114796353,258.66085240588006,258.6096779289435,258.8095830352112,261.7724205174445,257.23785065009156,262.0799566393801,268.0598210115171,260.29862066108876,260.0706525182111,253.17602063413506,241.74024333892783,230.3158278403127,227.8428942153165,227.96798461691378,226.24385332830377,218.7052618644608,230.19114306641706,223.01053815697918,218.26062781508125,212.5207696548486,207.2107216895202,211.3548894868837,210.65499097249116,206.8941098235748,204.8128342681715,213.48254479730707,210.02923186419557,218.3461052682989,210.48129128646013,210.53555867632454,207.6071929304086,211.92153989770793,210.11180331035536,208.47740212589332,201.26892638153856,207.2368733646801,192.8271724133971,197.53698272575105,203.45891419095398,189.91080756422826,189.41733623087123,192.03142724526248,193.06766806475093,185.24364995574837,183.38341654615073,190.85253179310314,202.62334982768033,215.3205009060389,200.69968408763708,206.45862242430158,215.59208863590638,217.41177622861943,220.77305693916796,213.2914530962823,214.6108788917466,206.27665118466666,206.15151398552274,212.86688097312947,231.31317969221317,234.25261726938226,220.71778622655734,191.08702378893057,194.86271860921013,190.4036480193891,201.17062916073823,207.924391435845,200.23555140022836,217.36448674494005,216.23246513184364,220.91070409410779,217.54102617689065,231.6128163467369,234.1759438045013,239.1972338830305,235.13484511719668,236.5500047875171,235.16399055727786,234.04554946278802,229.11905275365177,236.52278182157187,243.53670880481587,250.2082948406018,249.7149056730096,240.56660071770483,243.08947188988486,245.66594713993123,235.66850206646257,228.38217334241983,226.8021467738127,214.41703875116377,219.5845664017003,224.75243593942093,215.38040799968843,225.32459475209558,223.861429064796,234.78765744717575,234.78805833037788,239.0822329602234,231.2875371569839,239.5105579400701,243.3879300425334,228.756277070897,225.87862003075176,219.71577135739528,234.8105917681598,219.29521148931482,240.19146749071538,237.60480477830725,243.1628586864607,236.4904019354654,226.76120102135712,221.44561952174158,231.18532610051102,227.43617948040452,227.18104621407025,221.9121320058345,229.9603498426932,229.8926065168397,214.03600592471383,212.5494832223423,202.67052082405155,197.99591343495072,197.47054352724115,200.41219146083398,200.33477986363468,191.34199655673717,189.0084984869276,191.4114760834983,187.52272126726174,191.04472380742442,203.10880511819565,206.5129251682022,209.59960387711578,211.82783096731737,223.39588159792547,221.20239680372848,214.73955972396493,210.17483893497734,211.85783079498447,215.03122624182112,209.3981243727756,198.68522976201248,203.79797149805947,207.703784537545,216.14798653068345,217.0244914430877,214.27328634719314,218.07468281470307,213.49730588241113,205.8866955758466,188.56867143594158
281,2005-06-25 18:11:57+00:00,256.1458203937924,,,,,252.18324751092774,245.52455966481904,256.7987373531109,259.5479007929739,252.9344516147513,251.52711384703144,246.76605858046412,234.60865637378174,222.31096679334246,221.34454507213974,222.21301505728877,220.94038121556915,216.07865241452322,,,,,,201.24308598631882,202.66005125610508,198.74228010380142,199.7654630687148,202.81388570981113,208.43143579260484,199.3568295315123,204.44112419402305,198.2542019755784,203.8720501604647,201.45516486977357,204.44224981251693,199.97835394217944,199.35355692374907,193.49889122789483,,,,,183.71590105793257,191.40031197013724,185.36480278109707,179.16533964408438,176.2461220960057,193.15890765313048,195.5813728637297,203.81681238545298,192.98593201721854,196.38333634626213,215.33759338874546,214.8394913912479,215.2234571328528,211.85317507021068,210.67305860164365,,,,,,,,,192.12317886206307,205.27481796701383,203.00178292972885,204.7711706456859,212.36426609513245,215.01638527947944,217.33835232786805,215.40359799415532,228.92962952623756,225.72961148204672,229.47736523058353,233.78589628038122,229.00364497165003,227.93605827173934,221.7525413545303,226.36294226651714,228.67286045982053,,,,,,,227.9513493578068,223.0669217761837,214.91342360112708,214.8810710522717,,211.95659330775715,210.61586773804572,220.49698833665107,225.473245878701,233.5882648663056,232.4903906538538,242.6538747832691,224.39519627084601,231.31667540375514,228.6730503526229,222.67606869712074,216.66984720880595,218.01580886671786,218.37489359941216,206.27201110121854,221.18373698811408,226.76675503695185,229.13772315668535,221.03708552923507,215.12093475097646,,,,206.47615586864413,207.22243908285623,213.68829410842193,210.87571922678734,204.50914571174022,198.24293193730838,196.5174833153452,189.42745065306633,189.20597871787976,,,,,180.45841937534146,183.74775937539437,186.19266198456137,192.2158921884556,195.37429641574494,199.73657549536824,201.75507345175396,209.94859349246798,212.24297576520837,204.78134999131981,,,,,190.44998016916708,193.86679633079447,199.93654473594896,205.32888070820587,201.72785811498954,198.82554641597028,207.13000243887154,201.76322866696967,191.6361760844504,184.32083066379903
282,2005-07-27 18:11:57+00:00,260.0909493781485,259.6053055777183,255.6526660345957,251.7191655852484,251.3562469049772,255.75230227874945,248.08140456161817,255.8892137962114,258.0157142547716,254.319320809727,253.25420969906952,,,,,230.01382830508612,227.24194101487183,221.38741279301084,232.21018818144995,222.69129029205493,213.39353563677744,209.2706436832807,210.71550291587417,206.3609299777795,209.83294018230615,201.6965384551665,207.1656577258324,210.12007543157597,215.76330795657123,191.80432050248274,,,,,,207.7358138745826,203.35087631386418,204.56196309747517,194.7154627494737,193.28906031797794,198.31404961848693,185.08275053493884,186.20982124149086,193.36480017713671,196.64631415501586,180.620427083724,189.98191526183166,197.3900468619336,204.03162219759122,,,,,,216.73851067568683,221.32203553252765,214.13080283706864,207.12691385170615,202.46007062562495,207.78076810302792,217.4824269623785,226.5433367940052,205.17337866938922,180.79707738475497,186.11114089303052,190.10454063748867,195.14449983467915,207.63928022468295,205.9047225792208,220.70735944274196,219.61512180395783,220.3604478080459,215.78682434629138,227.34106680817544,224.5243372781597,,,,,,225.135388371151,232.85860285775806,241.06480933572956,241.68682163846128,241.72161476366432,233.5050578483906,239.7810694894166,240.7095453199102,230.60900787780784,232.12370830728065,215.79433436565267,214.07624424366062,215.00670768466586,218.9123574722935,216.21509919496444,220.92632594200884,229.63408784218225,233.47262881913758,237.6955922846068,243.88887848675802,222.40269990910645,229.91125124156144,232.14407096789475,221.72749656235777,228.24407569692585,220.55413642834083,222.19382913652936,,,,,,221.05257106835253,212.07059392578,220.18698192495083,223.36582624637106,230.31715951925025,223.7451087172385,225.75722543127068,227.50506185309948,,,,,201.48925342922186,204.58747666621463,206.16912724664013,,,,,,,,,,,,,,,,,,,,,,,,,,
283,2005-08-20 18:10:37+00:00,257.43029389321487,253.25817957266784,246.97161125881337,241.62964962412826,242.26011280900084,240.2542726987825,236.0863838225492,249.78047423281762,251.44487611129603,247.3141294540112,238.7394395896921,235.18416883188024,224.1299345240691,220.21315578246015,216.0349187194238,219.3232942780972,216.9777050141023,217.88475816081439,223.9504569496981,215.77197539796725,203.72486583109952,198.7246325968904,194.48463012293388,192.75596260389904,187.4575895047938,185.53280926886464,189.31279482562275,194.51915990160262,201.50889344642138,193.17204283469732,187.9288277283619,189.4289490110482,195.8065292462956,191.75345802226013,190.1321751463609,196.23660054264624,192.08268007658756,194.29545448981082,186.1468367390955,184.04180207379335,188.35116513009396,166.15445211920684,175.5673063877041,180.88150428550392,182.80747888629293,176.11033615618535,176.29006725285575,182.43080265199825,196.31271135064134,193.1426362983607,185.03616841664115,185.62141048930135,196.67578028257932,205.2872673633106,213.03193964063894,213.15186512063568,209.73758692735748,198.24487808712814,198.01984815597035,197.35191129240877,215.16268159503704,218.00964038517114,201.62452887259738,177.52180228239644,176.17459007616142,172.7921937076223,171.09418260322698,201.6593219308291,203.18502226414353,207.136222160439,210.3495182904193,202.1909358780697,203.2638714769874,214.43019506843757,209.39261655774908,213.93425064068555,219.83294308641473,219.3600404833894,209.44940765769553,206.046434180664,220.18389047261113,226.27172524598348,237.57162915853894,233.1504121806814,236.0766734775625,227.4842109465206,227.4077972760445,226.72649250226402,222.48924223785156,211.56190280508252,199.65810275208528,188.71641672991603,195.32072769678837,199.973174073486,200.14769573611778,214.49130026218327,216.66710940881245,227.8972972931935,228.8473971266912,231.79399092564128,201.3532985177995,216.46817531021082,224.5711345464889,213.9186646681361,212.7971276613199,208.41249799893438,199.95031837406452,189.75819603020466,206.1318026057178,206.04672838389362,217.7612713198783,219.6266153420081,214.43704876305094,193.0447614171902,202.25378591593383,219.29973197203935,226.14731138140132,223.7400122096804,222.79657413584707,218.9088606182221,211.6045609212908,199.59664809313097,195.6657165507764,199.30233333114353,198.88833313922433,200.94967471825743,195.27685782189002,180.54532360046142,184.83034946357512,188.238881853995,188.24013668027638,193.14060291356344,194.05656751801087,195.76830639597387,193.25770317599796,196.0316906730584,209.48853133732945,215.2562662981443,208.63960269776967,195.5494048739912,196.19239466637393,201.19374061745646,200.0370935144802,186.83758724441842,188.01981747854038,192.89690485925638,196.30957263668603,199.2329285553629,190.87749557879633,197.03376611728808,193.4824807878116,190.63069480125856,182.46240876514867
284,2005-08-28 18:11:46+00:00,263.2491599054465,262.7608232476164,255.7018878154775,256.965068751594,256.7169474844253,255.8241937850988,250.86468092627024,258.63629823754275,259.31780718114396,,,,,230.60575552672321,229.87118241803228,230.72774122111156,229.32785570998118,221.97014219362862,233.8657838327563,225.668517269264,219.30892489466478,213.3527089015697,211.80708533559175,209.89317944832152,208.57888141022184,201.19952846534107,208.47939287998094,,,,,,210.57615884422154,207.8777258527329,204.11727745927266,202.97569584457653,200.74806079075267,204.26331673658225,194.0508203856656,195.4909002974234,199.25744009440947,186.01994553960827,189.71954185359598,194.7020038246231,194.02677860369639,180.2997964883333,184.69219358038754,,,,,203.2721916796409,214.47766533502266,222.39510203534724,217.75133454895726,218.3934470591326,214.62608534933696,211.53526743501897,204.73123681425574,210.69927538622255,222.03665868638274,226.23882964167524,204.96637505994545,185.31831779693536,191.45936099289594,187.49345217424025,189.8138988863194,208.85908800376512,203.3832246733861,220.26877827445117,214.59099705360052,208.35929180804612,,,,,,,232.37170773220265,221.12169826441362,226.22865851981948,231.99167427049318,241.65645331934172,242.6819555731439,241.7640820494769,238.71111812426625,237.7850660704559,245.44269608105824,231.19985163507454,226.42728245684665,209.82366458789343,213.55866641858105,206.47944432925726,209.9793395724126,206.51005752501263,213.37694850648143,226.09084358324213,226.91575871305398,231.0096931294017,224.86371960851466,213.95219957957207,221.67801132258353,229.67019468555736,209.03034086790524,,,,,,,226.82065979456823,218.76223256735068,216.15897603274254,211.08036357792668,213.04942536482775,214.03709155402257,224.2692879591108,222.09313315036633,224.5408227868349,,,,204.35207179063144,202.612010003129,203.748237762962,205.89236354681555,201.327269356987,187.9308988362149,188.4631586863677,193.87669754669594,192.95130135443625,201.77424744537902,,,,,217.57613158222267,223.56615979172835,214.27704735016178,205.05381842727533,206.61254037053845,209.76883627605224,206.60586016916892,200.4343113039759,201.39321229294939,208.27289185354925,209.12774065971817,,,,,200.40501299773655,194.76458034077683
285,2005-09-13 18:11:36+00:00,255.4855466972423,257.43028717491046,238.71612592105123,,,,,253.34325422105877,253.99782936519512,253.01813479766554,246.94120019356836,244.08784932679262,233.69729552313922,226.52175265731003,222.97585999438064,228.4393660829333,222.4721046605511,217.8804498963099,228.5422657958114,215.88057268538725,,,,,,200.27074447709134,201.92531909133913,209.95789193692625,211.46508110953357,213.14483349571012,196.15596596024207,197.66279102131534,201.4072956554205,205.1118877497433,201.22454364398453,201.83465173014167,198.30952626054122,199.94041540620893,190.09015795013437,188.23648219783615,,,,,189.12868854580677,179.82100626009515,186.86302997499078,195.9967589676462,203.32181335311685,209.5459916268117,190.55377629332446,204.56615507906145,210.82221113733215,218.29312761238643,220.5221306867352,220.25748808954637,218.2174162012288,213.6959486400002,209.12709920294984,202.46679831455384,,,,,,,,,210.4205329426831,215.56885075157106,219.4639818419792,215.86860273358934,213.59089523785156,226.96649985710872,228.38581040529334,227.49963562907385,229.1989384289542,230.81660856251148,238.83397126093104,219.38685929198618,224.70792269009277,230.14873111297354,239.54040043078044,237.83312318479966,,,,,,,,,,,,,,,,,,,233.2604468413969,218.55232038676428,225.72197599193106,219.269507964059,222.08814526848184,,224.46514784818925,225.04753246440853,229.41595554104606,221.6843433738223,215.2122664039406,216.04215264031126,218.1487168160753,,,,225.91879074435428,222.87099067615208,210.92125680135265,206.08686747564974,202.10884799062023,198.2933726956024,199.74305740685753,203.41065247473279,200.17304266267402,,,,193.0990534412851,200.1072833238262,205.2283633678566,207.25398697543386,210.5556902941765,217.12648771667324,221.70868426713346,226.70839031018465,216.51762235407506,205.28031723634422,208.70320225584254,,,,,209.4971459463262,214.00902120164585,214.64478391416915,202.65664513561407,212.45782774961322,209.97832741972516,198.50857086106964,193.5520025645672
286,2005-09-21 18:10:39+00:00,244.94225763772567,246.6814276255222,240.9014392920716,234.659898926586,236.45369671328945,236.7762090464661,234.30507419167554,242.24802371886975,244.37788496077442,243.41378232026335,240.89858767592256,233.144239957326,221.47944073466817,212.62247429116152,206.89268408238758,213.09740432817014,206.6559252759205,207.04258082440225,215.66545318386352,206.1317355342557,197.15947695896313,193.80480077600592,184.93447515536465,186.5521488478072,185.66759713072219,180.44969438629255,182.6212922282018,192.47875068602332,199.8267310654178,192.33065700130297,183.44089139873773,180.7143295193451,175.20326101750987,179.29960631152358,177.32822946604205,180.3541221161766,184.64122364276395,182.3482212393279,178.38173873441625,181.70329178326529,187.11342994545873,163.75027902965437,166.36273278524223,176.85189955315624,175.50236031070372,169.6767103631957,170.76777590713525,176.4048038433393,194.36528120483834,186.62291871385509,178.6296139228422,185.27505552687828,197.44619074572117,201.82119909738253,199.3468499071968,203.14490782752114,209.34801606924856,193.8986305392663,195.49338513218493,202.72760507025208,213.19192063293073,216.73657299056777,187.73816227101858,175.77715217191442,178.00874316728044,172.65005893203954,172.03928312746248,184.313149943327,191.6096331532363,202.8600645800003,204.9051765920821,202.2560076346984,202.81022377499858,214.4835707890996,208.17004805204388,211.74604008585396,215.07411424459536,214.92430683932153,210.71723245033166,202.97441930514458,213.10304317873556,222.39771508686582,236.74563552827644,235.23832819246485,232.5632841214563,226.15760637251992,225.90063653061583,226.20737753588867,222.72629042216442,213.58309017391858,203.12712508433378,192.95459330103128,195.096321618702,202.78851990549134,206.01533069306475,209.98774978033669,208.7333535552284,212.60680094453207,213.2474642876748,206.84249096596028,192.1391873145179,206.79092867214803,222.30031200298853,211.13129978815317,207.2710188577559,207.39503027640586,202.91535032379653,190.027026930443,202.1799476233599,213.1779549525907,209.3226669179514,205.36167359899844,200.174422632021,188.33542350392793,197.73257996423285,207.8402787388503,212.44923517850327,204.92639380077958,217.23662802588214,215.781583059377,206.17749223396285,198.19868011538176,193.9504794320428,191.1359945681846,186.17170499494367,197.67551391918352,191.5075284657284,175.61222953651938,172.81638765876488,176.98878582617684,179.403637169973,182.11091458563698,185.21070746069682,190.63942037149286,191.36339465895668,194.2227539177108,201.7842741710274,208.55281776837614,201.0115623618838,197.82325392491003,199.55961856502503,195.9997198085465,196.24367769710435,182.0190711227144,186.4599588424526,193.8611810670309,197.58292383344238,198.21738275744372,188.18849739963406,188.56902722289868,188.96051451304064,182.66051142315024,182.6155366620554
287,2005-09-29 18:11:37+00:00,260.4586840965169,259.16767883050056,255.75912707973683,252.9151048444747,253.5367240813374,254.01915845048293,249.21636379964966,260.89920880855743,262.181501618148,261.14222905297663,255.83296664799602,249.43775730491177,,,,,229.80992006106374,225.78846026650962,235.90514857753038,223.64230120237198,217.9646414011534,210.17698181121284,210.7529308361725,216.60219613840533,206.764194135718,204.28240813418802,204.14817606491107,215.5002962673076,218.3878452790883,217.5767511285078,191.68688843948775,,,,,207.44054555133562,203.71600066096823,205.42581503083653,192.20924844212354,194.04634422553158,198.6573536513748,187.4370016205312,187.81034925953827,197.70245361082308,191.2347000724383,189.89242234783484,191.92827206365732,199.8798455889768,202.13968426151047,210.02843925137947,,,,,222.02128332367607,221.8292313894355,220.3919435985762,214.77597416933176,209.5078737391391,211.45137379178257,223.664360758803,224.31266337104265,212.11166656696457,192.6593072663546,195.42040305502695,194.11919005783457,207.46111661317406,214.7795389611748,218.26973433947575,225.45688573161064,227.31084549276326,216.89622004794313,220.3052054764513,228.71964783486766,229.30152985899923,229.60412495289864,,,,,,239.02423942997615,247.48510156765767,247.96660337233385,243.7585565236932,242.05243701261776,237.70657584766496,245.38288286433138,244.78065751895744,237.86479165932076,225.88794781257334,219.0772102897747,216.2725731882614,227.59786793385425,217.66979766824846,223.3869746305344,216.41794993992804,226.98080288080715,227.0169483472124,229.73897738108926,222.89843566048634,228.5275788613871,234.89216042116007,225.40954966649315,222.473752421581,226.31626630664087,223.64276876105555,211.6802875946297,222.97877417757218,,,,218.38140944885737,206.89835478992353,209.6787199309035,222.6517383417067,234.54863304337226,230.93076515262823,231.24215916497144,228.73583123630263,217.75593451343457,,,,214.10166116483398,218.8099439849259,212.36451234130982,199.49498764232732,203.06761083678816,208.75967378408635,208.00302435158812,208.51045315067654,215.94195565914362,217.6540023854418,,,,,225.1925900765169,214.2783611428877,215.3111566515762,218.04329141018138,211.9824686491943,208.15862820602712,209.78941147403003,218.03696620131763,217.93741436326252,221.05463364436758,217.9732834186392,215.9729918365659,,,
288,2005-10-07 18:10:36+00:00,244.27741054185853,251.0354909342831,244.19461765511704,239.23818473442566,239.025018000371,240.88525995628873,235.87957494164613,243.2828329136127,244.65706174648693,243.18232249821133,240.54515493654594,232.09738706453402,219.82514054250538,211.21273642807535,216.05621856224428,213.07723428648234,214.11959544293592,205.45393327883983,218.40787274950563,205.63896563470502,198.69655299926782,193.68658741050223,189.2714706901671,186.33532432315775,187.89326926516907,177.36020528305943,184.4714549374716,188.81394854080148,196.20660944497928,190.9512034157993,183.11828278571284,178.76013836434788,184.91604144797705,191.62564202495145,195.17771146122556,188.8466643686611,187.95088457479463,185.30131609955288,180.1410520216495,185.59461461327498,193.2647176676807,169.71064241650075,167.60844983541028,178.31150178301405,172.795135757645,172.4096100009212,173.66458143981208,186.47147107583623,190.43959624049086,187.28637687073285,180.17607272220275,196.80769976154644,209.71259596558605,212.48331813040434,214.21392201216992,213.31141308175086,203.00645587925356,196.368839195005,192.3644408289345,197.4394155532676,211.56379541728143,216.9647625601665,190.08200957149904,179.41192834455796,187.77474000434648,182.07319399750793,181.6186134894424,195.4143772296625,195.28766538813755,196.37822854291846,203.16508207974562,194.55165099925316,202.2367476995512,209.57588610245892,210.11576284427792,212.01954606306742,210.18267985746314,221.8370796933056,219.77661773769415,211.89931346316865,220.82881591689681,223.61016129985506,232.2929447139917,231.70665502916188,230.0016242304934,220.22980456199505,223.43291108990292,228.7706576187367,220.19765683404654,208.00038879722877,204.63625489002385,206.42343466985358,199.15279750441294,202.85908632868947,198.3356325866336,202.98693406008948,207.12925027588165,209.54670371399664,226.25898123602192,218.45019766522557,205.22142110170634,211.59820782083168,217.62934996916744,206.31976561699437,205.85837177440158,194.44184520594587,203.44728694493386,192.02776653432812,203.36681334533029,202.8950004084358,222.8345411919773,212.13958866408714,207.09002714894442,191.7345564647783,195.25547852800022,207.35234618780115,206.87253088626608,212.2626717226275,216.62158961912328,210.60079020834849,202.008340178657,202.53400272895598,201.3730798486455,201.01560548928504,200.73131240546903,199.20261832551608,199.4488190329355,190.95982654091642,185.97655474748916,180.06580397050578,183.156362035656,185.4947777642156,180.9978954755577,190.1869116898432,202.4060401425512,199.47109287478554,207.43307514291354,212.19778662957805,205.57392751773227,200.49424062851614,195.9972183249313,200.70095971712846,192.81042639967987,183.55357688654482,183.6287635571505,194.76611847807334,202.26234151582074,194.1590997268243,187.13230461216116,193.2351274526834,195.23169636889133,186.90446260563618,180.17347200217068
289,2005-10-30 18:16:45+00:00,,,,,,,,,,,,,,,,,,,,,,,,,,,,,,,,,,,,,,,,,,,,,,,,,,,,,,,,,,,,,,,,,,,,,,,,,,,,,,,,,,,,,,,,,,,,,,,210.87683334085145,219.79177888463147,220.32284652027704,230.9953302214637,230.51678753614954,225.90508180781364,223.34715627504906,229.99846296208472,226.64139987402123,219.03233599622018,215.33101647218226,219.13502025668453,222.18380353691083,209.28460118451622,223.0746899476153,229.87120988742504,225.36098327217564,218.0136213129527,210.3381997337113,206.57587665369334,202.92723907211874,212.93844921579333,208.4184818122004,205.52462397324786,216.61217176348606,222.27426321264568,211.05026064602896,209.4752048620095,204.48692908549714,199.4179935334813,199.40552755407668,203.57960694515245,204.24035029148988,190.82432918116476,203.6869663042508,204.50202948011642,204.79599119489484,206.6866221569314,206.43492957046288,211.84832794458333,219.2467069122643,212.54301788376634,221.56128471116102,221.48437476378828,214.38751564002945,207.9499636811375,209.4604336150099,212.57465214659888,212.8834775987466,203.14136580111375,210.41122542671036,213.80275992954432,219.23114600633102,214.85591514387696,211.05586103197606,214.1984602159588,205.97443839420646,196.875134288401,190.45829247304215
290,2005-10-31 18:11:53+00:00,256.55695461876064,252.15334942185765,247.70880304476168,247.48306109495363,246.9169058880657,251.0863673238782,243.76358300413474,251.50397107376955,254.78975470750458,241.50970724518461,,,,226.19303393517,227.1513859890352,225.3822005519223,224.1662253834187,218.79187726953978,229.77450822387272,220.24539466794772,212.27528352016884,207.9853503432562,202.99092674405446,203.4240276273537,204.19887871206083,195.38127180620916,201.1559902432648,190.65473837233276,,,,,,204.58826824140388,200.91972957245557,202.3001647621186,197.16390204461214,200.21191313574036,191.23852760950254,188.15924363159897,194.70156010439035,175.7454848365498,185.27272040133147,190.6608544028097,190.47363966702255,181.0983056764053,181.40323391092198,185.33574853442298,,,,,211.01319978107688,217.47429800211688,217.5105376211913,220.5656223987006,216.82737813614585,211.63174356191763,208.2952012750037,210.17287472743453,222.71207003383958,230.87378967352015,202.93603764661322,188.51868384633337,187.93962978632908,189.12434260756834,193.80810161993915,204.0573657951691,203.65114509533015,212.46534941717988,212.58515666398125,206.9030679852283,209.53599539028852,,,,,,226.24156665403964,211.71428693484785,218.23622591140105,223.29626748619833,234.88902378948308,240.05823933908022,241.72613169865048,236.1868383050994,240.37281395198391,244.57042532214888,229.61217818319602,229.00171101516975,225.55675068619684,216.01822568962217,218.77830105236316,218.4887769056065,216.72551769299102,218.36262635000224,228.32896571718268,234.00803306472173,233.64264860585604,231.35918783887752,225.32616497745835,228.55252187235482,223.6894154138357,215.802601011106,197.5421495497515,,,,,,,212.36997978778473,206.39622340250168,198.89529441502367,204.67273209810412,212.99681129952367,205.6342286192074,206.6582521631284,216.3886850473736,,,,201.6954701954819,198.01141527136008,200.77231714829085,206.15836674674912,199.54642021462445,195.16917595336642,198.2719484744519,197.2833594476452,195.12160359196355,198.31283530021594,,,,,223.54666047199976,222.79139739319487,216.7339497564884,207.26980778598022,210.133591172926,214.66700621003096,209.13221243458844,201.3813515163098,206.9622756063802,211.83684569718952,217.9429197472395,,,,,199.05332649502418,192.36128924069016
291,2005-11-16 18:12:03+00:00,249.7403689317186,247.84215538453367,241.36110002263686,241.7842355541813,239.32739368527916,246.18022842809754,238.54992336150661,246.75053991160996,249.11146546159767,248.17373704430022,244.3920648344657,236.71316891533706,,,,,215.19267950709096,214.6812486675094,226.45880829644997,216.15308526926904,206.62856969101725,200.8900766474135,198.17714819815032,197.92195554497698,200.5269527642267,190.27843469826797,192.82526999432525,198.9033079343139,203.6221228526254,204.08501809062892,179.56887920302788,,,,,193.7773334079793,191.7391408798589,191.37054434615206,185.9697260405734,185.8528934365654,194.35592306241875,174.8058276997703,179.6744842858013,186.58076613606684,183.405611916076,180.44772290956507,179.25019828578905,181.91648899475663,193.88629785517588,193.28391114273307,,,,,,216.09246811767673,210.18273189646345,209.60601303235921,198.2279560374717,207.42239476054712,216.79980205051882,218.1739286188563,198.4813508587094,181.3110820246922,187.4323264556076,,197.43597812342722,205.67860033633045,205.09614311288055,214.5334402413934,209.72765605997927,205.74861533741534,210.63965033141415,217.1272205030792,214.03667093524422,216.99954334646299,,,,,,226.49980871865625,233.0378072269816,238.91286339570314,232.8828976979571,233.4976208369398,234.36145622419417,235.8236917534682,231.16765649097434,219.3958293501924,206.47996938268093,201.6885864806757,202.2268899658903,211.16059668717304,214.9466896051073,214.95692824631425,209.2630929578684,212.9913624937892,224.983006906136,217.7539490583967,204.3915348422359,225.048582933502,223.61822542148343,216.3590430719707,208.7403804118906,205.95860512412844,202.44143496645515,198.8721194751592,208.57789357636824,,,,215.02230652333623,204.4574402613078,206.5901415904347,208.1419239291036,207.25028265268386,213.84430883655992,217.9047964147316,223.09567661850292,213.06291760022776,,,,202.41526483154837,209.14379502570722,203.97011418022458,193.91650699958163,194.49877378572822,195.6861460608974,194.5776976351228,199.34161437060087,204.8029127962012,210.66932222247576,212.73050372411487,,,,209.36650338293083,206.63520350379127,207.03740465995907,211.38488196666088,200.98532682817068,197.99187007741443,198.32818972795152,207.70653892501116,209.36005553657264,203.67215482817022,201.28715592961206,,,,
292,2006-01-03 18:12:19+00:00,239.18496732304374,241.1550357375308,238.38063771453994,233.3079567264537,234.522695082602,234.82112050446153,234.7767947756032,,,,,,221.90778612333327,211.20780663930543,209.83436267298305,208.0888577426114,207.93119726591152,201.1687027884056,214.22251126133511,207.17623945658946,194.2772692746531,191.62688452858401,185.42750117350784,191.06992932764598,188.39703239843908,179.4594172999411,,,,,186.06511741122273,181.43774541758017,184.63030444803323,189.4607250963525,187.3418932361978,177.3921170608309,174.25734524107304,179.50839961248556,176.8132706644679,176.89372639850575,181.83584499733252,159.29407734679097,151.653968175156,170.19698484998918,169.5167699410212,,,,,,183.13834308001623,178.6598745599806,186.72521151833536,201.77456759920693,202.17018608756013,204.32144121710792,202.34798977715252,196.27513661543676,191.8632253288019,193.3812245146243,207.38663689334183,215.98758674490944,200.0861424735954,181.86805452431668,180.06098708570636,178.84900407784016,184.17463537504887,174.8692845472572,,,,,,,,,207.15541117120947,202.2520327710564,205.96378911109298,201.26448493001084,206.6763531850262,213.12301264071104,223.7062253343548,231.77199780695975,225.12189876493127,214.2081756262952,218.24318412697332,221.60385452074837,209.62074181469626,208.9649299867923,203.11057666517644,204.4571272711696,199.69875807765266,201.89858951309856,192.30727537712846,203.884889290534,204.4824147404061,208.40321516188573,215.09247402284737,209.05296222097815,207.62611220671096,206.46964541882198,,,,,,,,215.1163790355456,220.84643953059347,213.46654652433972,208.2879797634513,208.19356806867393,214.87235895512498,195.07897758962696,180.1809029757229,184.25616705094188,,,,188.50361273296318,183.8850296084471,180.37896459687502,173.52985054365539,177.53911842490652,175.25801600404466,174.55767014234254,177.1466472330021,181.23695273758216,175.34620178282637,,,,190.0602066631013,192.6508164361045,200.5047122730277,197.54454376261367,197.0797057023688,190.30817378381647,194.07822760324154,196.29684722530806,193.38790784411242,177.86662497050102,175.54542757956222,,,,,192.24698674973553,185.97923061430674,165.7909365886074,170.3165782434267
293,2006-01-18 18:18:35+00:00,,,,,,,,,,,,,,,,,,,,,,,,,,,,,,,,,,,,,,,,,,,,,,,,,,,,213.2271439256623,214.8409381499429,220.61073515985902,217.53240697708992,219.60284658509647,219.5099985612204,217.14866457802054,207.5070983386343,,,,,,,,203.47159536238593,192.75402360180433,189.010005857684,202.10971381941815,198.858810517197,201.59123603060323,202.94901137071275,220.5874929413327,218.8299806665642,227.63946347313913,225.8472837926859,218.29573350263183,226.28560803372295,222.83691180263673,237.97173064179066,239.4100043102594,243.54608217393425,252.41465000695965,239.80336753874457,228.4378541511606,228.35653041264788,231.16875767152624,227.45548363686038,223.66061080418996,222.0623062836561,215.16029636427578,223.0965284534867,216.52666190093476,208.42331731530973,213.01774182056954,214.0636892220897,224.76616446685432,225.37093273836862,221.13512398532347,219.353390705183,220.4493038008839,210.7904595360091,200.46358963618692,201.46804513130266,204.08779049001797,207.13485985159767,201.37950710615223,211.07226624187376,232.95467581115093,242.45277485287403,234.77674226990894,230.0177402071771,229.6557351365614,231.05990459759687,204.0378528375648,197.2044641367217,206.80485998539808,222.43635868927214,213.55912869760738,205.1310391146879,207.4759425374215,206.46376014089162,199.7044564898043,193.2269502691005,201.64803675742468,202.33503610365108,190.78977821727688,191.32933359815675,189.34558643101832,186.12464228558207,182.12634058662056,172.22105469483083,182.69917304789695,214.09627454530647,222.21624463529102,223.86759696204194,220.07303302911356,217.0031718182293,210.30525582558653,208.43125335006852,216.78377896344847,194.39926766506477,180.92814961046054,185.3297965026371,192.30165012282595,194.63042375911743,188.03189950747628,188.18186169497102,209.51514633314005,206.37352829751518,201.82856227957797,191.73889730243178
294,2006-01-19 18:12:28+00:00,251.9909326619221,251.6307551403989,251.14923070409006,245.9352022555141,254.86931126921144,252.6257114827784,247.40332838585272,259.2044036891794,,,,,,222.39246288700977,218.04110948579643,221.27740524839658,217.03094497627148,213.92231342310646,226.1817986643491,217.33738086465462,205.30606404617617,200.64141981686362,199.49603941477966,199.6821802313131,199.23689173723545,196.05890435774973,191.97285006853082,,,,,,201.49616340361018,198.90798716626105,205.01263156616756,196.94777168986553,,,,,191.16112259427416,176.26215352181143,167.88071252367007,179.27636225374187,178.65772913766813,178.6220350672201,170.95221812376695,,,,,206.35242376009217,212.96543193673634,213.8192134280162,211.22297616534422,210.55706625871323,218.53616291877353,214.0114970600909,207.0473095280076,204.19186413910273,224.3031873562988,230.5717184192987,212.13491003968903,186.36082163905502,182.75764930181157,,195.72706734208288,189.88647074055336,190.96249588656693,194.9595071597904,198.79221087513412,190.0022146310405,,,,,,215.5592923888048,223.9778871657713,219.90775563042695,229.10947698785577,230.33559117692454,242.18787144371439,238.02444227570322,239.98527467521433,232.8943093710659,228.56959255347664,230.5179252219923,223.94762667827843,214.3507816450784,215.75283427996578,217.26752009365197,213.36419082127202,219.14560194469254,210.65082925557516,214.09205989169908,215.63101960197957,222.18655394766512,224.933206298321,221.9129579807024,221.73238706428234,219.9808738636788,216.9154530409126,211.68796500882308,,,,,,,227.68008984446078,225.66129951699224,225.30692876494825,226.63377594558034,222.75518278054827,215.36391068509312,194.9009502948054,200.21682607418583,212.99920502696338,,,,194.92279154197536,193.54473708238672,190.58191079928847,190.94656531280617,191.7202806281304,186.63039641904004,190.2995145643372,192.82252976660112,186.76929670495153,176.1673439291773,,,,,212.54028529751366,215.74097279518904,210.661087131401,205.06826164151448,199.06744927097725,209.34476647848174,200.1639465668221,191.5074201361455,190.41217485295624,197.04440198261275,198.17841912672736,,,,,191.392367537182,178.24644784478684
295,2006-02-12 18:13:01+00:00,251.70773237060394,249.3450848277592,247.36430656999767,243.55539829381496,250.44826405390324,253.58362109030884,247.84497190667457,251.723831830166,250.87706127709077,251.01825004920767,241.85458103897588,235.1732015093513,227.00945856813524,226.89512955204526,220.49579389568845,222.6276610385106,218.29743703272067,219.05174475290818,226.53812345230853,214.79213055755108,205.59841271258148,204.4520350621728,204.08451310449604,200.82623351600773,200.73773861399144,196.28365615252312,197.46965612345485,194.9132534002881,194.37438257344525,196.94205773542188,201.1927960332871,198.85594087817054,200.61789881767515,197.32034351254487,202.5210362863827,196.41589468012813,191.05303838435992,191.07462218360786,188.1218188773036,185.04736942536556,191.12496271833064,172.36859327326448,171.3521825242529,174.1035825061332,177.0613812883871,171.31719038537562,167.41856144375654,181.07218776936548,196.62688671025717,203.06051080126628,202.16602959858182,204.37597115780096,213.11377624121616,215.11066634606243,213.10615395956947,215.09462930479066,214.87695296094063,212.18274229163944,207.69724145604863,204.66471459377843,218.60809451000247,229.90116245318168,209.07310031407528,185.05675992684678,185.39175223683225,182.3622505971909,196.78767741323225,191.9132902548259,191.72154765287223,194.56667853893592,199.01782277568844,197.3783676990365,202.57906419866453,219.79585178399833,219.34156852858527,223.25804352732587,216.92942911615762,207.95829927552523,224.4380470776646,219.99269594853496,228.6971442300561,238.14944574989408,243.11546999443595,241.137970160453,236.97636927907138,228.31608256880713,233.58521704845356,233.04829422036175,223.95585776166078,228.8159384998923,220.7447008420927,219.96580989013543,225.48550423532404,219.55132039211276,216.59510997504475,218.64664626437244,223.30690893958558,218.28278059934672,222.25389827461686,220.2477510416806,210.3666649668018,223.27043023438384,213.5737336698782,205.99705362965875,198.31552957191366,206.59198880052259,209.37944498416886,206.98168019680554,216.5084936894021,232.16976225495884,229.4724043902516,229.93390390863135,230.97842505327714,224.6567486668207,229.28352270859966,216.6606202557786,201.03285853968,207.11902346094786,216.2662020219073,214.02825740366094,205.77475725261377,199.88501003131495,198.948960873433,193.39509586219586,185.99776535801195,196.66561087884978,189.00622192868215,184.90804032138368,186.41104646751398,183.01634601547102,179.13698787683012,174.4135572418325,174.61348058053647,194.22839356357485,204.59043694923523,213.61490473169454,212.38339758743757,216.9473022946366,213.13545968927968,205.0129483345192,205.39634303642,205.08793883827644,195.6614537322177,190.20645393891095,191.37290665366407,196.04241688385707,198.24023377632756,194.71981358822535,192.19053794098517,198.25572382287487,202.7694094555534,189.43334599573848,186.56456054833518
296,2006-02-20 18:12:37+00:00,268.258604282624,,,,,268.6958516148664,265.8885341798253,271.2360546876806,269.7368915746846,264.0669299585547,256.3236202482987,254.54002988540444,246.77133399902925,236.97421130444883,232.07747980209143,234.11876140028107,233.14332586906397,223.89251085852854,,,,,212.94528949492,214.103949197068,212.23475125896448,204.59575496120033,210.36635896822622,210.35928105869493,214.5679236714784,225.93432443046254,227.64543373514098,213.71955499936365,214.91166080302494,210.55292827758845,217.8991542305181,214.82950434720794,212.01142029992843,196.4591766229633,,,,,180.69738830499244,191.81829002981235,191.4605161291397,190.5790499083829,182.03907771594396,203.04154462728255,213.87594507709593,230.02004157768587,216.01970718248384,218.28556271026582,225.01726761241667,220.48029059345575,225.7118202927118,223.8702983899487,228.69690188774265,,,,,,,,187.39836810340523,202.41398990640218,213.28212694414026,208.537027174385,200.6893831454592,211.58405044889534,213.58124639037393,218.15777108384668,217.10044016636257,235.7176580707856,231.69726741639494,239.40096970481176,235.54161149716992,229.3717518142664,244.16090172800423,236.27448349462372,242.25764025007607,249.20786092758664,,,,,,237.97984766761672,229.54219079658472,239.31945092107955,235.80305822368803,225.46002067776067,229.78861442408757,231.34993690417855,223.397262707077,223.61634150585027,234.5018632015635,236.2957289069413,235.3820358528166,242.57631784352702,229.11602187073697,237.12502009901056,226.52014542001837,215.8528182852363,214.02808628669533,220.94244768209626,237.07190818376347,,244.93399655664666,244.14303537860872,248.94812084154944,244.1379261351145,237.98281222637092,,,,218.24524572732665,217.00527689709543,229.9556861362588,232.0056453699036,220.2464746166356,212.99419518956717,206.77569076553777,202.48393785103804,202.31971919640785,,,,,202.28647581523913,197.24304759349042,193.7150928606801,193.7221532094496,202.24885080892471,214.9648381781748,224.70667500235243,230.49601130633945,231.41836143173356,226.55863821464953,,,,,206.4349856637591,205.09543459123788,213.69630248218886,217.9353772583094,217.66540384234702,211.84354428010516,220.1202090937421,220.00083498672086,207.43542809844334,202.2650591952672
297,2006-03-07 18:19:42+00:00,,,,,,,,,,,,,,,,,,,,,,,,,,,,,,,,,,,,,,,,,,,,,,,,,,,,,,,,,,,,,,,,,,,,,,,,,,,,,,,,,250.76500620590747,252.7802869989877,262.1291687602278,257.8019001452134,253.08113548605448,239.7943147472315,,,,,,,,,,,,,,,,,,,214.974017373614,210.06587454863725,233.94786368595902,,227.37380652237914,221.9909714588414,,,,,,,,,,,,,,,,,,,,,193.60842256558882,185.60823271002647,193.4252521121722,198.62598857237202,206.10470887599823,204.2478393801669,232.6577195845006,240.59702161807428,232.1195123018249,226.621417729948,,,,,,,,,,,,,
298,2006-03-08 18:12:39+00:00,,,268.66524853560963,267.43776389535117,265.27488571240247,267.6298437556949,264.3172700028221,270.4361695696776,269.86190423743284,268.46945571973185,261.5439452576185,255.94762866724824,243.94212794378598,238.06095642408536,232.86069350477857,,,,,,220.5935332765631,212.7595976286807,211.95492321523608,215.47791715543048,210.29857299846668,204.45838624948266,210.5898343053125,213.78591560755848,218.11269805382082,233.6367366155514,225.17590857687878,216.58753921221938,214.06598577951848,215.97424104760006,199.69880313494713,,,,,205.81561956257275,204.18545391593236,185.92188149527675,181.54538083002058,189.34603573047252,197.30943908463672,189.20651913175183,189.96346085334488,201.9669502679488,215.83903017519788,227.92445015617014,213.37912741130253,216.43861795680735,222.60375368466384,224.94643433764315,,,,,,,233.69104703993762,238.92470238900853,214.55639528171028,191.52540960186718,189.08433347940388,199.23229411503985,213.06716106837763,206.84175652787843,203.15035775702142,211.65500687241203,210.52196843734674,219.70466296275848,215.6808970999883,239.0493698890396,235.39475879342655,240.61093637055905,231.75044263785398,230.8523380751133,243.2432023074216,239.5457582359085,,,,,249.9502407618233,239.20354330597155,238.33346135794392,237.19736897917332,235.97229141596347,239.8604360575705,242.3015316139844,230.14469220371774,235.34547270965416,239.25962403740846,219.37524850159687,232.33479013931213,235.71619538021955,239.20047437336075,242.81581127514124,243.74813254198784,234.07028437317217,235.236310873943,227.9192513520834,219.57348255388592,222.13562400077245,226.7865320855504,243.17279875890995,,246.18095130446875,241.78510254921233,245.75184129512604,242.2754706553231,,,,236.05772918096142,220.84461532496522,219.822879129571,227.91059120748207,228.80211497537817,220.14496448903822,207.53966356086363,202.1096208422502,198.89707034868965,,,,194.2204231914238,198.62480829655502,195.98415560664483,191.64464038197679,195.228911775823,196.3820944921782,206.0806980697247,213.19622264987083,219.07639672626402,232.11783704134876,229.33430458237945,,,,218.96849948058164,213.60764294619634,207.42196128295205,204.741926324648,212.82813775935637,218.612361164734,218.1911799848156,216.22845950178117,219.09203390684488,216.98787351699875,208.09955836192862,
299,2006-03-24 18:12:38+00:00,269.6257321813548,275.1586352235619,,,,,265.55985739599333,268.91849866450224,271.76745429569513,271.1217381861211,267.1571647662282,256.2473056077766,245.38374173854578,237.63957792824766,230.98785545437448,230.97985314717442,229.63497601129507,226.78762454254934,232.27892982751126,,,,,,210.99779651588182,208.30638725096753,208.5087928200465,214.79422424955126,214.00890733350724,229.5611456778292,228.45988461140348,218.72078558166845,216.70788760617432,215.85499464646034,218.0571819969084,213.75923939157803,209.08893067763313,214.19453697917146,211.3825377039733,,,,,194.77585996637552,198.54902678575783,185.66145290979068,189.93381682154842,204.7581684511149,219.98354968727642,227.72473145620356,218.1886774950026,221.01752794986479,225.2532955719053,230.5839445079487,227.31924648288737,231.7745872618259,229.4884736908091,228.6450215939622,219.725628115459,,,,,,,,,204.3908162096391,207.05188437960777,208.87651581423555,216.02650362052086,211.41601846602168,217.23241025540815,240.55096834968646,242.66755265148163,242.74941960300458,237.77036890134227,240.42987950057125,248.0543505433623,252.3086624042058,251.13322429973215,254.34578773090067,259.75447036419735,,,,,,,,,,,,,,,,,,,241.31742893877134,232.73183579811416,216.3918316893152,222.50389477468008,225.45318681656647,248.09306917288302,,255.31363365010964,252.22707700119992,258.399634390418,246.54441394637422,250.77979449470462,251.81384933397038,,,,226.68541335732957,237.8611960050833,236.83706434401213,220.88002392454544,220.464741545943,210.78710861220637,203.76493708558053,208.64978434899092,213.01956379727653,,,,,197.96649916852954,196.3873109034221,197.53459884780233,206.5051150939782,213.24726000650372,223.6049309127896,231.00168451429278,231.54168858531443,225.38905269439687,217.75545026435952,219.01889163065619,,,,205.26907256992052,209.16223997211895,218.7101481702954,213.23069789479192,209.69013678812087,212.59690183353615,216.4032780232327,208.5230534786145,203.21859718295298
300,2006-04-08 18:20:18+00:00,,,,,,,,,,,,,,,,,,,,,,,,,,,,,,,,,,,,,,,,,,,,,,,,,,,,,,,,,,,,,,,,,,,,,,,,,,,,,,,,,,,,,,,,,,,,,235.45299200441647,234.41481665601796,224.16044697393988,227.96376316500383,229.6221810777889,238.58797145654833,236.28297646780186,236.91542126576002,231.44406298311657,232.7643141636437,225.7272313153584,210.99817706300243,,,,,,,,,,242.76752775028547,252.58055625696312,243.16564445382298,232.1562940473276,223.22079442980038,234.34147698534713,,,,,,,208.06473411587206,209.13964052212043,197.97587821858184,197.72119962229635,197.14598045178928,198.1883629602105,197.7274764616057,201.3305561906264,204.8381644964411,211.82680557087846,220.3407897109167,227.4508553228355,229.46697093402213,220.7798717214098,215.81208021016522,225.21760443671118,222.38670182865013,214.97014926166668,206.2046482780694,205.28182150970292,210.88492816233082,216.0642376293101,216.26302770648354,214.72462875582255,218.5941577635664,210.94015854789808,209.3701278068333,195.92670063117254
301,2006-04-09 18:12:35+00:00,265.1711485279957,264.58273042862737,256.39318947748063,244.12345710971888,,,,263.18068359367606,265.2527622077782,261.9150469744493,259.53517250186985,251.88133315243448,235.71758886609703,227.92703051399883,224.72946924643065,222.85998884847132,221.8603749095537,216.80272773787806,227.675718188583,223.63891517123136,200.12465315700575,,,,,199.51109587857252,197.45784599552246,203.96020118716632,208.73977013661795,204.30739815289166,213.52691424915258,200.40348886618472,200.9084131469451,200.75113389301015,202.80376526864458,196.70743463496402,193.805136710071,200.27214160825275,202.8401664713174,196.6553134274488,196.25458467341105,,,,,181.24530755690031,175.54291452179805,196.7051914699852,207.441994205798,214.60091248049423,207.4689057673868,211.40640515902768,220.21890421445363,219.55442013590118,223.3029609746185,220.97587199417129,219.90615114214913,216.45549922485645,213.65085946662157,214.23979151134827,224.40067750150513,217.17664499366947,,,,,,,,199.43094019819853,202.96424371073545,201.00605012980265,204.18113777854182,227.40638807345422,225.35212493538734,231.8496758114601,226.84069105293702,227.1810797895336,236.92744311881145,235.65284879121043,239.2431062633463,243.16105740725192,248.32151608580236,247.63599606641662,,,,,,,,,,,,,,,,,,,217.40949458053052,210.21292541203528,212.91019619039213,220.36395642220015,225.9398520201392,239.37328750923905,234.8654015746646,234.35451671983202,239.9215104302831,242.6640024473506,239.22031218152557,233.67464876403523,242.11768938138619,,,,225.33087400556255,226.9419447299428,215.6649355075441,200.75838973415438,198.28839227079584,195.82841113142172,196.284326273796,197.36812908969233,195.7813536308621,,,,,185.93031640705593,185.77810999907194,194.7440779770337,202.87517990778738,210.33479202248083,217.58984410428877,217.56972282314595,211.47107815032874,206.18689959857446,206.63463366121294,204.22316086928146,,,,,204.82916590452666,202.86484002513322,201.07077737424885,205.28110067701007,203.93106494602492,198.48203679705398,191.3635062352551
302,2006-04-17 18:14:16+00:00,257.9573591220152,258.715292284304,258.80917634008375,254.21200701523554,256.4975186393362,258.4661773516255,256.3233379377798,260.69514754223695,264.4454079785542,260.4479328417194,257.5349987671077,249.30243819386013,236.86392152324726,222.60414283228835,218.31123763672446,219.59261364671238,218.93379801592303,216.499348452978,224.8725038435254,223.43638749799834,217.93409235761578,208.628265536184,206.81793651340377,207.3830319806415,199.17720846132443,195.7902063926336,197.27812817336786,206.75664088360932,205.73162519593592,214.16176253240855,207.77412114906818,202.1280118965987,201.15073811495694,204.31634006860003,202.49683518631952,194.18085602876226,185.79129324843868,195.7546759416441,190.14601556155662,193.8697307939314,198.93021767753152,188.70961164620977,183.0071658919572,186.93383126424303,185.92102637316842,179.61667349265696,182.17283045677084,193.74265618262052,205.1680450447003,209.60468757823764,201.8977701042914,205.92813740398645,218.5725747258414,218.04695737940386,216.58112904544697,211.9057870322734,217.40472307541597,212.69876898285528,218.60326688027854,223.497856178398,228.07089771567826,231.8709870616982,203.90265238677952,181.94543231756984,189.29327734569677,186.7122357876404,205.7909322850943,199.6146407804321,195.20530888074828,204.6533964232158,206.14879900426004,208.11101267823898,211.5589162895841,226.3524431615412,235.0050226073758,232.10728731121466,228.79153465345493,225.56000891865529,237.83128478303092,231.17987911851887,230.6257470361474,235.27705567655414,245.13001357528333,249.40875691842973,242.52543100231162,235.12054840125205,230.18182900150612,232.6326277451359,229.7050767955343,231.59787661631725,228.31625967731603,229.465717269397,227.23355568188384,230.8985633002576,216.22273124297175,224.80422907340287,223.28176015327847,226.15824364219162,229.6700656420186,225.1190569452265,222.112463180446,221.56703869921728,220.75647270784287,203.62874698545687,208.88541602853974,225.14811256865698,239.18466179289868,249.7326783108007,230.26837669520933,230.64068174308315,235.67109804218077,234.36382808827042,230.0216302139608,226.23416406637654,240.38918416304386,235.60833399619025,219.41271928539481,212.7634681037524,226.18249152102356,214.31636815795608,203.5544201439647,197.55175274107881,192.14661667628866,192.3394831482263,188.08185366065987,201.96921451455086,197.41368793902188,186.29354062294203,189.27313713368105,190.44469329657073,186.74683167347678,186.52550903156626,186.060256299826,194.08437833795614,200.23294143234625,207.761033706401,219.6375000405113,213.78249381138926,211.47952021583416,208.03949050546763,212.26486478331293,213.67646426502318,206.77740743497017,195.87339376959665,197.402267963702,202.1277439033994,207.15028060141088,205.15055470420324,203.8280004124711,207.28947285715597,207.21743203327335,193.26041180254919,183.20298990245223
303,2006-04-24 18:20:33+00:00,,,,,,,,,,,,,,,,,,,,,,,,,,,,,,,,,,,,,,,,,,,,,,,,,,,,,,,,,,,,,,,,,,,,,,,,,,,,,,,,,,,,,,,,,,,,,,,,,,,,,,232.55374790465902,225.64514333321853,207.9987406214212,210.7174905213712,216.6115855914614,232.6397451723484,243.92138940115257,238.06970740390676,,,,,,,232.87156906121726,222.23490000719525,218.83738887741282,226.02954203105975,224.7898595258014,213.51749430925574,204.81526663901414,200.5292267405181,196.62225949240838,199.4243334914415,196.1475377125515,195.22443312230467,190.01190695700652,194.98295436483608,194.26901064226894,189.2412159089686,190.43557712024216,192.83937862449298,202.16808274895698,206.12345602053847,214.95048716500986,220.47562481994353,222.17902171866396,214.6402273401299,208.22257398583653,208.422509559822,207.95805080135824,209.47591572972465,201.0740863429912,202.88986104818505,205.9876891756216,209.68087893932693,209.49936777663277,208.01073193176506,211.30490478525414,205.16806745677582,197.29925156083,186.87596762642445
304,2006-06-20 18:15:13+00:00,257.2291988536182,263.826451749763,260.3596376985448,259.8587357836936,254.58253172569152,257.1364509151941,253.22717066878946,259.00339134995295,262.0734491850984,260.57614054288746,258.4584433181874,254.13848314568656,243.16502131682097,230.8705148111966,227.95355417474096,224.10593792708318,223.583528659828,216.1772051109239,228.60084499012012,220.3677174592307,215.80295171606414,205.78219443602154,203.86844181271522,201.78203813388362,199.6520212499067,193.00746674317702,198.3750429166199,205.68013078706448,211.35227136606773,208.87150741032093,206.6120840083799,200.84613658356494,204.77894920493185,203.71081803275143,200.99153731237232,198.91424125852714,196.15941409775758,200.5566077240266,195.28496172964256,197.65867692169283,199.93405785470316,184.80050353436707,180.78358814026325,186.5845460554712,183.8961124386746,182.80201561574464,176.073572854708,191.06649136231948,205.54677699588132,213.49247759465874,195.46959165012277,202.37060118620326,214.73951003044715,220.38732763967224,215.80865190922054,217.37189749194107,213.11409575548439,206.64555460412421,207.2903774120009,217.36225046212138,222.02747416326616,231.1351809855639,200.53431735907435,180.50549649114794,186.13142258269426,181.22299261961638,187.3746865878445,189.66012003689994,197.3870869313983,210.89146800671796,206.57127004264123,206.9657733073022,209.42507264563983,221.54358308607493,235.72751261077468,233.70353098449482,234.8902764557994,234.28442533863756,241.3835230013468,232.75396206023402,227.26528100527338,224.70845593292597,232.03043168534265,241.8067095201481,242.20274689379727,239.50635032111683,233.23731417998445,241.29733558357378,230.55494170694936,231.62594544286287,223.11690391981253,225.39862246450645,218.1338575209809,221.86254675287455,211.41087180990334,215.78676620563897,218.18509340971622,218.26390354381243,225.460669156656,222.62390032223925,219.5552529258391,220.3707827049143,221.2177455929154,205.79105164224234,210.7885254313261,217.7107914605612,238.9629551534053,239.22935137229013,236.55437495258968,236.8820206536377,241.58514984893242,233.18968828000803,228.14093797498083,222.86281937497256,216.73975638013502,233.56140972250083,226.13265099929845,222.5910986838271,220.45949450994573,219.3215753342602,208.07961949361206,205.5655505037232,199.00022684347164,195.44198840811953,192.15063702454103,204.7404737829934,202.8853438674999,189.88406313224036,189.84767533154277,187.7534529748586,185.002292965552,193.12383637472442,196.1234673000124,201.320494487011,203.66937952981095,201.44415430517728,215.81424339132616,217.1782571676194,209.43450823385092,204.30218895739796,207.60563267868264,215.17477902496114,202.48995552381953,193.6024295924312,197.55487659998943,205.11161142754756,208.99099736719634,213.8775271362809,210.84999470047885,209.06959880730017,207.30713990170773,198.59494756589928,186.99600707270196
305,2006-06-28 18:12:28+00:00,253.01588982504074,251.87257732385336,250.35484885504434,243.2153518649638,239.21690692084056,243.37700917863947,242.16090622250033,248.9386198098103,253.7178312584762,251.9602212594337,249.38949851974763,241.54313191050494,225.9192355436284,,,,,211.63829166734072,223.0932218346058,214.06159212767787,200.7657090601136,195.84211982814568,195.3420840180362,195.0672330526557,192.6223248856891,186.86140588531794,190.5981797187374,194.46452800904416,204.19372436928745,201.47062928542837,192.5488173100474,182.08128953496526,,,,,189.5395598010187,190.18963231094116,193.4218146078414,183.37326134712077,187.37178246300857,164.69299020988512,170.53262496887595,177.3760028564451,175.40057597655502,173.34612899743865,176.1458463715676,182.80023885486364,200.41763128414394,190.18505088022746,169.9130259288939,,,,,,211.39744205814043,203.74221762339195,201.95046283682262,209.12049144078813,219.86965635528475,223.26763376615511,194.5986075368584,181.36086249697632,182.69076208627192,177.14572578956063,181.03229657341268,194.9387523313529,200.13531226046894,207.15339643303247,211.81595472879442,210.98584254444228,212.74181931670716,218.08735685969427,222.7932289973441,224.2809309273535,218.36330272521627,,,,,221.994472968031,232.2306559204798,234.10316414150432,237.93181728962463,229.74012502408203,230.5639766877958,233.84145011814508,222.63315531207675,220.35457014144288,223.31181887393694,218.4209787801558,213.31674307436936,218.25045821874645,204.07912381690977,219.6304613610489,218.77864666962984,229.7609228180801,227.7847032362021,225.5692365119689,214.68762517834955,219.0238397207053,216.39027841206104,211.61378110099656,212.18189154829707,219.17196619072848,223.21151063194083,223.3147209712346,221.1539142285414,,,,,199.61824471630342,208.36674664092484,228.10239871252207,221.7366895741789,218.38820881731624,219.70865791641825,209.46949984331863,206.34209752958546,,,,,192.62538217554743,192.63601243207913,180.01210429642344,177.43908027594873,175.61286943363058,176.54099309769214,185.88538717804516,190.455048469357,192.42132737460008,193.2528270646961,,,,,195.43512519207786,200.7464215512615,201.7090992697906,188.55378134718325,184.11075434570233,192.24355555240209,195.46811721284706,201.4524309882728,198.4287717509595,196.9160303899496,196.8039251837207,,,
306,2006-07-06 18:15:28+00:00,,,,,,,,,,,,,,,,,,,,,,202.60955989963742,199.78787230377048,195.94058288140826,206.4450537969931,201.57063528679083,193.96178517295124,204.84983831951624,210.20898700013862,206.560679056217,197.52394421714473,195.9702566177475,200.20330055321944,194.8860005689682,197.780887576052,196.5881789031335,191.52500374247234,197.25483530478806,195.95783277509318,188.58980170430414,195.10139154967638,182.3079126263002,,,,,,,,,,195.92835212812116,207.94096461121643,217.99472717700186,223.68587663591165,222.35176841153802,219.71789179554594,205.9562692142658,207.53628023599282,210.82413850172503,222.49863388641836,221.8658795680722,190.18240694804302,176.7348932767949,181.15119137240254,173.54543434052948,177.98528665893957,200.32269200659562,203.3210794542408,209.17826631268912,209.7158931113352,211.0547551244087,207.1026765000756,225.5553054039454,218.9199316791121,233.28867359912462,228.51913078879483,229.9958629051839,229.3434182967536,229.5621106468218,229.99663902246272,231.37372192900574,236.19325340500467,234.80021375285992,236.20197568532214,224.60535446507106,229.0921957654726,230.88809125797775,222.16530417670418,216.54596995381954,220.92521392056815,215.63688935337265,210.38450974613983,212.9696600445501,213.6467287805574,220.3719528075314,217.55231319366922,223.41470280184768,227.720063495925,227.42076179792596,217.00916074611638,224.52128557054118,219.12585434655438,205.5690478640656,204.32814070925485,213.77665723925358,226.150252212589,220.69362818251412,231.6325247295124,225.95390465155364,231.9235213131284,226.40956183663098,217.1429879134247,213.69150154078787,218.45916153838175,220.81940806883054,220.36647283642023,224.49604017810697,220.67079248013928,222.8177571117709,211.3546077288195,200.1016127189237,198.44925851983382,194.2812733401147,196.22276975186233,199.0921888447101,194.39992986767814,182.03807371388856,183.01593303628874,190.14969106751,186.9435063018904,191.4776554403211,,,,,,,,,,208.04119284005304,196.1326083878606,194.195067175374,197.78288338057516,203.21746641055734,208.23217663295466,205.70212723606141,202.75489108898978,207.04994745954156,202.86567345095526,196.29724308996506,187.3611393286895
307,2006-07-14 18:12:20+00:00,,,,,,,,,,,,,,,,,,,,,,,,,,,191.57391043163656,197.64017116837041,202.1786189058812,198.78640437045183,191.7722834954243,190.3981537004159,,,,,,194.41901702620083,187.01343017715263,183.1368686076264,190.83044092990892,166.53633937466353,174.1570176204757,181.0423049979782,176.8593128096926,175.69198615389365,167.6418893413486,179.95435922007974,187.5755190854649,193.16497817376916,186.48886945129692,188.41866360407863,,,,,,205.45257110910575,202.55830219953108,202.7849420266993,215.72113702099657,217.97647435197175,188.33957793870192,177.97297628201522,181.19956730246486,179.02686979624713,179.12959278405316,186.9189817112106,194.56493041182742,197.6641400711169,206.05278989080878,195.90722797172123,204.4534508448258,213.35260794384533,213.6590042191625,220.35537832751447,219.527740534146,210.12204653220263,,,,,231.06322587744893,231.02284206247379,232.249933582387,225.0703980373668,226.04078805262733,230.91576106189842,226.03534363319693,215.2094066727883,216.3273197377906,216.25481578021274,214.71975681712954,206.1375580841368,201.663930113705,206.3517211528736,,,,,,,,,,,,,,,,,,,,,,,,,,,,,,,,,,,,,196.45040596887105,198.16928251566506,198.42205387134678,199.42299500105656,,,,,,,,,,,,,,,,,
308,2006-07-22 18:15:41+00:00,,,,,,,,,,,,,,,215.6834689400954,218.9360830237772,217.08245649314335,212.34521830367373,220.8953479660736,208.3705172697189,,,,,,,,,,,164.72680387654904,190.14915918307338,198.6264383333292,196.03472912309442,197.28165751966614,190.517777633295,188.7976552464894,193.63300985435478,193.3869992996506,187.06643735677568,193.4598662067252,178.42699552442951,174.0288194153429,176.7183646655547,173.10102164072248,181.0109851293222,179.6667143064511,186.25408318124937,197.3468221149875,196.22294768354433,186.93437176756126,196.41315710232902,216.69694056414482,219.3443544797692,217.9551841700785,220.44657176860989,217.26540759004956,205.44372636984556,203.72916140165722,206.62945808211003,217.94956596701869,215.36891935186875,188.6032009205149,177.9901142566152,181.51720585887344,176.1317148580357,189.21232546046917,189.28772052881396,191.18269490777212,211.46496861119496,211.9304313987658,208.67659312725704,210.94265842891562,225.1892815288825,221.57185187753808,228.8997175642217,224.57178535684153,228.27133314080055,229.5745054883827,219.55128653729923,224.5984034150115,225.4878917421504,235.48230628093427,233.383491549013,235.7124142383043,232.15466470616315,228.6195645784037,233.63979113111367,227.23991586277614,223.8150293112262,219.4518806780872,213.86668300065529,218.15448386164385,210.78171065074264,210.34864877923027,211.20455932320976,207.18003708932272,209.52733777342203,216.75754134164032,215.85902558909854,197.3057619988845,205.06707490532648,222.21183555960602,200.75535177959054,204.40276073804944,207.61374695109373,223.80611859967064,217.84856442751345,225.86409480701892,221.62717942245976,230.0783153547032,222.86403974114046,219.61786278115903,210.969197941082,223.8633020543756,229.2397067357412,219.20437754760218,221.49302041369572,229.95842234411145,225.26569612123814,214.1242853695643,203.66071432880034,202.72229999851766,195.8210311062146,197.62749718518245,201.49556646391545,197.60795735720353,185.28151852254314,179.24973910515888,179.13115342263646,186.49450582337738,200.91018344002816,204.34245272051942,204.05467450703256,204.59738864848137,205.27758046758356,214.62669862038803,214.82128950432963,204.8389958536638,201.7680039317283,203.88688110792143,204.7027423903969,194.94217841936842,185.6141160673384,194.20809498109142,205.44966867906965,212.36722412226135,208.04219259543123,203.457742904109,201.9003765078848,203.43284058587113,190.08624354442284,181.2845174483067
309,2006-08-14 18:22:08+00:00,,,,,,,,,,,,,,,,,,,,,,,,,,,,,,,,,,,,,,,,,,,,,,,,,,,,,,,,,,,,,,,,,,,,,,,,,,,,,,,,,,,,,,,,,,,,,,,,,,,,,,,,,,,,,,,,226.61479524944252,213.57201102522725,212.3855354828056,,,,,,,212.0048118430299,205.83201470358154,210.53294717538816,201.72679753220197,201.90885842959452,211.55936770362962,212.76856981457632,,,,189.45490350718518,191.58762898610155,197.51197781743477,201.3486528867837,211.6065741886469,211.0495779004949,216.09297079102498,218.10572552304103,207.5830380527292,203.23329169106265,205.35157241533352,210.66447916600274,200.3514566776422,192.38533049120403,192.97429145663943,198.20811811606418,201.1302528449903,200.01193068348712,197.32438902980817,204.69222327201746,206.11473751225992,195.01614797052872,191.60022941351733
310,2006-08-31 18:12:10+00:00,255.9716060263667,257.75494817253315,250.55821687049823,245.54631784772099,244.39751944776285,246.42397406478776,242.80401411846108,251.5030272514841,256.4158775958175,251.59697271525715,,,,,225.49793602865932,225.5057707726421,218.70619002543611,214.62050629620828,223.57370533348887,216.1824533934152,205.5927150331995,201.72414037352797,196.8983421215577,192.52690482159696,194.79137272439925,187.65274848878343,194.53757807522754,197.95351787362245,,,,,,193.76897440537186,193.21240615247717,191.56907580578792,191.44098407232326,191.1111578958198,184.70913125754095,182.9322362462158,192.99320166618816,175.7585444291332,177.5555482738769,184.01873424642622,185.67502506845983,179.02002835358957,179.54865626992165,176.7536506454196,,,,,213.957726415126,220.86545618942927,217.49063652302473,220.52762997977538,219.16347046376922,213.00992005135018,203.59778281085175,209.81548428757753,218.08457305422027,219.90461657467242,192.2867194294592,180.72934912611095,183.88655464468155,186.01625098074229,189.9530146338691,200.24931899062443,200.11124779076528,208.55497135751128,208.21043217514497,208.24897418465548,210.12574012437517,212.83157432438213,,,,,,215.29074096675825,217.1335409260104,220.50836582961844,234.65350290056182,233.98997644122682,244.08503334908076,238.05840020634002,232.2586380665062,241.7911228798779,230.623485842656,224.80999228106768,222.44690373467216,219.88854456865414,211.40151687657797,207.447806066252,204.0385085899145,204.61451082063653,209.47453666163602,210.2093163675845,225.35089894283766,218.41620312675985,205.1210925249148,215.1425035450648,218.86429420167048,209.21475507209163,203.61418628133617,,,,,,,217.66128565401976,211.1833097506978,206.8161372627302,216.41493016801147,219.26727880353928,218.5351262519187,224.55396986752916,224.13263208144616,215.17593161867416,,,,205.45494871901371,208.2743572996238,211.27959320721365,207.54301785118082,193.42488627828564,196.3479510202688,197.67610865436774,196.46923439456418,198.05624756780404,206.09127565010886,,,,,217.3419942389801,210.2315035872793,205.06319632038185,204.6760522419414,207.89524832257823,201.2470625340892,197.70051687896967,203.0614123154229,206.79572779857443,209.66630873062962,208.40230855413023,,,,192.0777467798101,186.8402888684245
311,2006-09-08 18:16:15+00:00,245.31753622615565,244.8655025975184,238.74760255624955,234.96443097154454,235.13036160569163,241.13335241694818,236.41654070346144,243.50279655584313,242.26657881632354,243.47629288319004,247.0209783789022,244.1220032251687,230.02862575744092,217.67137683002852,212.7664513010858,212.89113445808562,210.56923274352545,204.5768972619506,214.6285525524963,204.06549909783797,195.84454615008798,189.5048875110411,183.8579377569851,181.5926290520228,185.13150866318367,174.594964057831,178.40345940020597,180.71279260017596,195.88827928500376,192.20795452397368,186.40592439196467,183.48503030401304,189.93485190816966,189.21346267748,187.1602985122559,183.19693866712117,181.77587733460044,185.59970590401662,179.860489928175,181.26389139250261,189.74139883935703,165.53333080819704,166.51684027339928,177.33051932802738,167.73821063520592,166.10121289128708,158.71649976970394,168.49450011067847,177.4602518537728,186.0590238195848,174.6688110236526,174.97049057180743,199.28188909932922,207.19793020625025,207.4537498096913,207.23620322011294,204.3639672217913,197.98794022793322,194.7186604131408,202.04126214631071,206.8980378994922,209.89580502883425,187.2345595320017,173.9772819730778,179.42621935135966,173.04315517444076,179.28885753469925,185.2959049448725,179.12469171004918,191.1613086848796,191.39134487449365,185.03648237192817,200.38247272879613,208.9457155927031,210.7224448442176,214.19024216290939,212.5541173819612,216.13330221544987,214.19977707959737,201.7941421461263,204.31014574975677,212.24418970036305,225.8671238121981,228.57735971904305,226.87450867542597,217.99821958165558,220.90884105254332,228.6423153868215,227.36639476235212,218.04551749184705,209.13211632724312,209.87591648522516,201.84915021564098,202.50800441267518,197.86720704673698,202.47584623412828,210.76537409405947,213.05152417088397,218.2758007090585,214.68208273705062,200.11483580399846,198.47493249660857,203.56428623174494,193.44703844629146,203.4576239616407,199.17751638228324,207.10876334997238,203.00027403885306,213.30789099800614,209.72227139739215,216.2615602108164,217.1295500267896,207.6954509475155,195.78470413107587,196.95260967654812,209.18477095250975,213.05964593940985,209.59428811294617,213.12451295278953,217.79095126847065,209.4645095418643,203.0828610563139,190.34851909456205,194.91253461631587,195.27359322931073,194.92528498163125,195.6540623724861,180.4881804544642,177.9365169353568,171.0704556115412,176.13382995572218,180.8144208772162,186.68184499057398,190.92818064394464,198.00092098532275,197.66062507274424,206.04542237111917,207.3658608910007,198.87659305521393,197.33309434988297,195.00435765588554,192.97266896245532,188.05836727853875,181.19402878076394,182.83582590353825,187.64970171594595,198.0205831438806,195.09283671836135,189.6785363202061,189.69402666899202,190.74877217711023,181.5039417919524,172.7275000019011
312,2006-09-15 18:22:31+00:00,,,,,,,,,,,,,,,,,,,,,,,,,,,,,,,,,,,,,,,,,,,,,,,,,,,,,,,,,,,,,,,,,,,,,,,,,,,,,,,,,,,,,,,,,,,,,,,,,,,,,,,,,,,,,,,,,,,,227.92738178799334,216.35345818539696,215.68328402314813,222.39279402753948,,,,,,,,,,195.02301858667562,195.1023239234509,199.43148391763512,202.9306636248701,,,,,,,,203.4564840562084,210.03949797791898,211.22682692511796,204.48761076542795,196.37947248198017,201.68369491737235,209.11517587836448,209.6830394949351,218.5206311747304,207.95333141963067,207.7640788720414,205.38674503885812,197.45353944773476,189.09156423057556
313,2006-09-16 18:12:04+00:00,255.9952144324731,259.91589825037477,256.0790652261598,252.9415604750609,,,,256.4071823441535,262.10132426683776,259.1960573402889,254.90572346143006,253.67415458515325,240.3865023004705,231.09399281927617,228.49853525258658,229.8789990707176,224.03957107289384,218.25272904634204,232.25349677364304,220.03320077445704,209.63824978974583,,,,,197.44055312706325,196.76073198909302,202.5286860489134,213.4884146759733,207.0279502326086,199.55711093865733,198.5100385515639,202.34125354966417,202.86357133662978,197.60988483791118,195.08734087157865,193.37349038064082,196.17486170804426,192.47431260187744,188.24693592147656,,,,,,186.50860980184248,183.6463991958133,194.23929080260615,197.83242070261548,196.57797961386748,184.53089894115914,199.3752441340927,217.07177881562367,220.96253466457594,221.00787021501063,225.23481320884295,218.3755724167225,214.39716654522604,205.2353892655379,209.28183562199746,206.0461909203358,,,,,,,,,205.58483989749033,208.00802068188926,211.63092250343746,213.91717294972818,226.03204517041846,220.96293315319065,228.89857997086466,225.1642850799284,227.6279385993782,228.5713355957427,215.10764492932265,215.7943507572067,222.905618209352,236.6542327399477,236.91471936549573,235.6779723803545,,,,,,,,,,,,,,,,,,214.90892485445352,208.5930325724204,214.4890793590826,216.36159156605976,219.4465050815911,216.03678370792318,221.28726364155455,218.98240990674577,225.7971751221099,215.40373270711206,210.7640842870798,203.82428501853443,205.2360875703534,,,,211.91220725009146,212.49174258090773,201.55535482404105,197.60784131754562,198.50157187502776,196.45166987533463,194.34876619354034,196.99985280880486,198.0757494812102,,,,,197.02410524871837,200.71035586063653,204.2885259146575,207.23818929409003,212.10142275935146,219.43396346010525,224.02370558146504,213.4039178303824,205.31974487176745,207.38076170323785,215.81556522340975,,,,,213.7742802731729,216.16482230639232,204.31235339317755,205.990111060807,206.94672200665613,200.41195409130324,192.19897784701078
314,2006-09-24 18:16:27+00:00,246.0797100044346,248.0639217010483,246.88853869966192,242.98203141137702,242.4758422411142,243.59191379406775,237.72950529129673,242.7830953446934,245.85281007801353,248.92937382650373,245.54691498947486,239.34266232862512,227.55179519019094,215.32346482312687,213.92042277304284,213.7633491382969,208.37920843770638,202.6168224568417,216.0610669213445,206.99698091561197,200.3337715703021,197.83479016906563,192.79586649193004,185.26998766716946,189.98090357324816,180.09496978619103,182.00541588439268,187.40078939307756,195.2865244778772,186.9203326316482,183.33986724662623,179.92920277697095,183.99914483871584,185.05503713228464,184.16372105746802,177.86148400195322,180.5845485791502,184.9882975434928,183.4570742971465,189.04877649757037,193.5487819403391,168.30851910844075,164.77940994794486,175.20577371591804,175.5450575733176,173.6128209588466,172.431157751319,178.5550565721246,189.35718743476954,184.7297582882455,179.1535833419925,190.08222220673701,204.07505182612593,211.2256068135854,208.8576060843933,208.82753093226953,202.46900065970826,201.7312409373566,196.60570541969977,198.96964167882788,212.67573943317637,219.33273731734155,194.52635643605123,182.63157320358374,182.36450180561206,180.40295711820258,180.31402658964922,185.56437981658956,187.47677491491896,197.29737434738036,200.26799467947444,192.00181459837668,195.68683067164392,210.72302655123627,211.89992143688022,218.5927370864236,219.03685413622395,217.6271098113362,219.0378188942496,209.3857107658723,211.09482714814163,217.00065684153378,233.0278332238004,237.48934225209095,230.79355348227324,224.26926794371923,224.68445732851518,227.87978493875596,217.18675269863058,211.78079614232493,207.03949612472798,211.946838513172,202.05784080104263,202.0587794826433,195.14169722851148,196.66615867476662,210.51040544515354,210.42618702931986,211.78515970702037,209.49635925609442,203.54632232503062,202.14457882379983,202.43539512703597,190.60321377587601,191.2449633313874,196.65349076826175,208.19115845272205,203.86653959573576,211.49879662347652,214.57018284853865,217.5905268609461,212.77660128104475,208.84839036433095,196.15974697142505,202.5957460216014,210.64183734146985,207.03184479014996,210.83514687855399,212.23866081490814,215.00945412750625,207.6353563924089,194.42593681790672,184.43495777480388,181.09463523878952,191.33518062474647,192.5660251956051,195.00073649992262,184.38128685369958,185.9651558003083,188.34085022734473,190.47309623352547,193.21494467607107,197.68306508110294,195.00886298121597,199.14015656301194,200.84489445338323,206.65512996617855,208.09012226560378,202.1957964888348,199.03669815787828,200.97890922959795,204.464821317432,194.1989223851618,187.77150965477068,189.24601461713263,194.81378579413368,202.21778391856083,202.72506672029357,192.3582101318197,188.1594797289917,192.54299917635336,183.37552432877678,174.23140498818594
315,2006-10-02 18:11:57+00:00,,,,,,,,,,,,,,245.13052799995933,,,,,,,,,,,,,,,,,,,,,,,,,,,,,,,,,,,,,194.31920424838535,205.37496649365028,225.70330697484874,,,,,,,217.10383092329818,228.5211876027513,229.54291476673183,206.19813617931823,196.1179485326932,179.34142025029894,181.23221398690626,172.4669295023483,,,,,,,,,,,215.97278648803362,211.47782030983566,212.81886739380946,,,,235.26956920048463,231.89807127191156,233.0245406960782,242.72665589641187,245.70326005642954,238.20681875866296,237.6398353749878,230.10358157576965,222.6064779562319,221.7952714224101,221.08183286399523,217.65473885405908,217.52397001601807,218.0057806157644,228.81885773044712,228.4704245273649,226.88079684230513,222.22483748682953,223.56379720529543,222.44035862285784,213.68886829711028,217.89221047775754,218.60444984859973,227.12574462189664,215.76287375905494,228.5369028224834,227.27421502741373,227.97621121671224,220.29319613224834,,,,,,,,,,,,,,,,,,,,,,,,,,,,,,,,,,215.3582414057339,217.7291890726354,219.96912423441466,214.12587010706898,217.13328621685304,209.03346350647547,194.03418395635148,
316,2006-10-10 18:16:38+00:00,252.18986449238284,251.8802087016828,252.98970843332043,245.63034857305564,243.90886301800302,243.7905406540398,246.24088605839452,252.39257931835655,254.19532422880818,250.3832004101709,245.50111860466754,240.23635178976383,225.05575354823668,219.3012802565135,215.24130146693324,224.52133690915795,217.99386753421703,211.59080977627232,215.76920070053754,215.90943381058727,204.66479526410762,197.96865224020053,186.4072118344967,186.42075889762037,195.59464147088357,186.8553469371497,183.94101014300574,191.97707330827984,201.2853169880777,195.1277776839972,190.57012889984273,187.26932629068267,187.72244850162417,193.1281512344575,192.72701435895488,189.3093364045792,184.54423572440584,185.5863117987839,179.71347296001818,182.17108557504054,192.36969626130332,165.54880664151563,167.52222515047595,179.44591444355592,183.73025941183766,168.65418723452893,171.56171577311773,180.26669341437653,189.25372791268524,187.6468272865504,188.02981124066784,188.35341116504082,203.851872287956,223.58692106269046,221.01155504411958,216.36523188815352,213.69972126694296,205.90917187074436,197.92974911829222,201.145352072462,215.5064153598422,218.375549772286,197.13443419559127,185.75423262800496,185.31532835217465,180.47626696364733,186.8330481134683,194.5662272136371,199.53153940314724,198.7889076575819,207.08687319612568,200.30108968737022,204.37556893104957,210.27610555829057,210.4214971507274,215.02897903763034,220.22592211930277,221.65273020951025,220.0748801527455,211.50298098133993,215.29865859536608,219.9562938885395,235.22207769671348,234.9708911340229,231.08405897980472,223.81080848277617,226.4031037059073,233.92365561834686,228.27755899967673,221.91693677141825,207.37667905922711,199.714868033377,197.37920457627894,196.9698853863815,208.78328196301507,206.2579419541578,216.05835176907905,221.66428503177298,226.87564997958566,221.91665892017176,202.9228504074066,209.32847987780812,209.19848687729225,204.8901261627137,203.03804478670287,212.9213853279489,203.49083697259186,201.01104690650791,210.78463113214374,217.08558445686248,227.25034899838045,219.77598077739873,210.8890613338099,202.8766549728166,215.0563274192192,219.3509301088528,215.50148888278218,215.19571080320384,221.2054852257421,218.65870518965272,210.39250830281858,209.63261548490516,206.1952888074589,202.31688432032962,200.88794901510667,204.68727470801076,198.98621956098913,187.93033645591885,192.06420982794825,195.82473584901481,197.77392724102148,200.4407724843004,202.2832845826265,206.08562109709098,204.90071702660256,208.62494759606824,218.0191867387233,220.47258160161044,211.22191523085493,204.83394908672213,205.64985844852148,205.00383629038816,196.35256273400498,191.63487282274895,191.58347150154555,198.7831330604443,199.03363009532853,200.4362988992786,192.49504569716538,195.2385997633619,195.71054809809584,187.68224137883533,184.3328740425983
317,2006-10-18 18:12:05+00:00,255.71614906249695,258.2691681263097,252.81218109895588,251.18831851484123,250.90180891882704,246.94601770299883,,,,,256.07514769138584,253.83528283151523,240.64341275074594,232.10729490101411,229.06924065196932,229.07726368542433,224.7131960932273,221.90057971067904,231.02911618952177,224.08796184496862,212.75951971216026,208.5072459796371,204.16707113833627,187.13955507881903,,,,,212.15460966048477,213.80256995272083,201.2037457364956,197.45719631104458,198.1900066875457,203.78394856849644,197.65955847766404,197.76368101399953,195.1739334141296,199.5845884756259,190.47155845194803,189.95619474921372,195.7644669420696,179.73085077823492,180.36115715601363,189.227957260937,,,,,202.86988658007073,197.91856028669213,190.7293129897091,202.7932850542005,219.4940747766093,221.0398480736783,226.0231069490319,226.51748584401844,225.08949861556508,217.8676623754139,210.41711645718732,215.10823240944072,225.84220270870517,226.447492507924,204.70681059695931,192.95021974892114,188.92860364715017,183.80358574358556,,,,,,,,,222.95992831459608,227.6501665412132,228.61682896506773,228.20130596380483,229.99070618983865,215.31613047537593,217.09588580325908,224.6477456294814,236.50354697472517,240.0364742748563,241.36732260366915,235.46840345476278,236.1998412885096,236.19100734112834,237.14017947802543,219.50441390435714,224.2120696484384,213.8419834178448,211.7964774761784,214.26121218347205,,,,,,,,,,,,,,,222.54305554684657,224.20325345975795,228.2935901857051,217.93530097035662,211.4988767359115,217.63067680034538,209.40066008499704,216.06358753538694,214.8690627660104,,,,211.7094854894167,206.96064240759125,206.2145453362991,202.76968267932347,207.74231120573006,212.64074967064624,209.8108254904369,193.47653490671132,195.01697298069843,198.40348479324044,,,,212.7563596202108,214.46620808511676,218.20523630846327,226.6101433996004,229.24846198775015,221.89043951377897,216.36490930792283,221.17008681339462,218.3877174336306,213.63730847320238,206.50043588251089,,,,,,215.48406971897043,211.78708043907375,201.11091480425165,198.84596500002687
318,2006-10-26 18:16:49+00:00,244.36189045753872,248.58687339379782,241.32014944326673,242.0355864087548,240.3674915334446,242.29938299767383,237.3315752889908,245.28025286699358,245.70197554018222,243.58625427272926,244.67313931318085,238.39113640377553,230.60266531838104,218.11718130177252,216.32680968217488,215.59686826278647,211.6346480391207,203.94971877888958,215.62416290024214,204.87505287332846,199.53790003547988,192.94504118997344,189.2096725738046,185.4560980005851,186.89203208543478,173.52829876758614,179.08327852368967,182.97479746473164,189.27515526739845,178.64715296647557,180.18244023670883,179.16016524756765,180.8352463716691,182.23980280676471,180.6276799955631,174.71434873192402,175.36431691037296,174.21065343422885,170.5664931144219,171.8982945996047,183.3543988950317,159.91495588289195,156.89145480267365,172.95580999878564,172.44411076996704,169.8614940028036,167.96542364339115,169.77572377539542,175.24037843087956,175.00176933657474,,175.80240384135948,197.92754537408314,214.65578246256354,210.31946058148645,211.56555585145514,207.11078008512658,200.28608780305845,190.1261029000432,200.5015040437936,216.18407874161474,219.66142968986554,187.31985358576256,171.92324726267458,,168.42813467829308,177.1754126570347,182.98947173878983,189.54971601246694,191.30276647319818,193.18102032279256,188.87992804416595,194.30446958676646,204.37326945737715,203.59602434070578,211.71237344622483,215.33618130872384,213.04502621169976,214.39899733835472,201.5016864354206,202.1122451986219,212.17813532356047,222.91758046632813,228.3103372150345,229.6344895602925,227.6148299966339,224.7311347238561,232.86978302166213,225.85197451696726,216.86128314501033,207.14984101824643,208.16507267250137,199.606650964648,199.73653424089116,196.00619485798532,195.1517823749091,206.43628837020356,209.93890214753154,218.03354680240975,213.64969937069273,200.4340661135314,206.66922664518484,207.61426481092172,195.50953327482986,198.11077902250094,195.14177904612103,198.6982141350046,202.14447624409019,210.93413682880106,216.1257260366287,221.2668404348713,211.31068708694758,202.02158370612736,191.2088549481786,203.08379976678674,213.84520641201763,207.1211600911061,206.07516478601596,207.7665036244076,208.10928699522566,201.63990448543137,200.72828211446932,194.1587535131523,191.9342965369779,191.10963250288634,193.4424531614789,197.44390605360672,187.74557315342577,188.00866090602165,187.73315375386463,184.91357457082003,188.6089951653485,190.91176140821995,202.12772064777948,200.84937851218936,204.57031644956953,214.5942301134669,214.7572351509168,208.03018295069708,201.2968130315274,209.16296776436036,209.26789835891412,197.79128591399302,191.75371127247334,192.71783398437216,200.7606567694672,204.35596783773565,200.10970593423144,195.60588046470207,195.7412987911749,196.27289160884243,186.23668093190065,181.14051301811685
319,2006-11-19 18:12:32+00:00,,,,255.69130825211957,255.31334545502665,253.74711260773216,250.5253773530104,258.2327066564907,264.48158310021006,262.76055500440873,260.14920697957757,253.1996360638058,241.39322986900424,234.1465848131408,228.86300555831804,231.6973137298245,217.14687003994555,,,,211.69728065617522,208.71470765993791,204.2090568351797,201.1874065409026,200.4750215468642,194.67194294868023,194.5175596404241,201.39727494184405,210.8845896321381,211.73550279515186,199.61398508058815,199.26460774419476,198.2224524564342,204.3880124533496,198.96897078717632,192.17558705670035,,,,,198.66202391814184,182.97434408994962,183.66175358481067,190.82774700256817,187.58184070552238,184.55820934711494,180.9773527499928,186.90935229872895,197.35604465760645,193.25062169917862,190.40906037403244,201.0320350255785,222.17657767270066,228.00026119167157,211.06135799245087,,,,,,,225.5702502537536,201.97133760247021,189.25984407891553,184.38931072626116,192.66684964051422,191.9067103960486,192.179442162509,197.10433439911097,202.2230740222414,209.74959278673464,203.67219397670573,211.98153500773378,222.29245820431578,219.20287954425433,221.36157320287555,223.4254200980995,227.98150862983238,220.93519151123547,212.11618528635938,215.35137061347314,,,,,235.86659644505988,242.02972146305206,241.1125719304161,244.35310000393793,228.32794996904593,219.39438207310192,217.19412244897026,210.24715742158682,211.06803046206593,207.2809593884184,213.47765139693982,212.83746865411416,220.57846139572632,223.84289221774443,221.30783802653553,211.77772922324763,218.92723026402973,222.8683891023725,209.06274427852304,205.06427039304208,219.07055182832943,220.3124364546651,,219.67453686376308,222.4730552434197,226.62244505025836,221.38462687496667,,,,214.18790606511698,206.77189022540395,208.8128693873581,216.9835920518177,216.92757893916817,207.6259226912737,206.9639005177039,205.84398691418704,196.68240906907153,,,,,205.18631385464596,206.81130039613177,200.17410534780186,201.98242999268132,207.87515273878802,213.38149444931864,211.89983702553468,216.81727001837942,221.9526469203904,226.17431383610565,,,,,216.27549174668343,209.88449280915455,210.44310348096892,214.75160216201016,219.05388907893916,216.33137730037592,214.85614398945964,213.78469260209152,213.58414929641359,200.95142961961568,194.74133094719764
320,2006-12-05 18:12:40+00:00,253.14202903621893,249.99313559830935,247.31955112574093,243.02225225972637,243.95502270787964,240.70086750805245,240.42253760534805,247.65471436317526,250.40370934571447,,,,,224.83130791770802,226.5941257914665,224.1707989666815,216.07987112868994,214.6399596862833,221.33782566057403,213.07565697463633,208.5671585048097,197.57601031350373,194.33072488183498,194.10834393717244,192.70059699668127,187.56805487199466,181.29227506036054,,,,,,190.61048432874736,193.64490978307484,192.16690546715202,189.29495410820152,191.9110192035992,191.7655023297039,186.50044668063478,186.8271972754197,191.82086668492357,172.27340771179735,169.68074849346226,177.0176907378401,181.4301694696414,180.14602739035328,165.5974843862602,,,,,197.14229603877862,212.75583704396615,219.35093733947562,216.36875204291013,215.48669966306608,213.22528238550458,211.61316304567023,203.83884758884622,206.8188803635686,221.33010800547282,218.41689108185759,204.9929109986209,184.0286662624404,186.40556812453536,186.56013490221648,195.01157570794845,189.75211085797378,202.80932297578175,197.3344005017965,207.3882109895331,198.3521628772537,,,,,,217.31663074568058,218.2852603142321,204.0690455640679,211.60398620747821,221.65625575355227,229.68651256048577,233.09239501847014,238.1861426289064,229.34147407601142,233.02023727379907,239.21210526840753,237.28653552102844,229.81681681025984,206.44006237170515,216.10692895724534,203.31821767736415,203.84528484999026,196.4872170639617,210.63944540932312,211.922704809792,216.55777894228305,223.64869814172837,222.12922326522005,208.62847156976818,212.6661200427278,211.22398040245577,194.42161323754226,,,,,,,222.43801438242662,217.89897618292167,220.25050221418186,214.62746699947283,220.29979671540588,216.24129595049666,206.1394375588133,211.51901889666757,216.69840839800884,,,,200.9094586535765,196.76710697793746,196.0202782662883,202.4504663282179,204.44891889850592,197.1399075903439,198.1180097458394,198.79399147905784,197.78984620172952,197.93546451245908,,,,,223.9502177291489,225.86341545022276,219.634920468137,213.52380344898967,209.6199083711117,214.0080118197532,204.91540295018723,204.7813428268779,202.06279408155063,211.22017794600606,208.80496951049548,,,,,192.00538300989123,186.97520611984666
321,2006-12-29 18:17:19+00:00,264.65561688239177,263.23045212130603,257.2657452344713,254.86973581609564,254.69568872163433,254.83457782120882,251.18736688776679,260.4331032227792,264.6577486727377,261.3056670566057,257.70477068779365,251.0371970330312,248.90688762126814,237.23974501265758,231.54940337387376,231.17034833870144,228.0997038066703,221.3536366462771,232.12552857449828,227.84351306154122,216.92073694150034,207.98482545707813,205.7820431193533,207.33904399690533,204.28786188218413,201.84528183721557,198.8118857892507,205.32754896733144,209.91024676482303,223.7107589555469,210.5729831175168,206.5933995455304,205.40433747607528,212.25747334168682,208.91282254285892,206.89876506366602,208.58669678650077,213.50649267695638,202.88667610784807,199.89584889510678,200.96699849404808,189.08796797240194,188.89075421049318,194.24136827164608,195.05312854278762,182.60579260347623,179.46558664539174,189.54986188995747,196.14142248236956,210.83897130041237,205.47206721227047,205.57985942642324,216.09738631131762,221.6696114653799,226.17216715710836,227.11079092417566,228.62787142717733,220.70862459174793,215.77602389315103,213.96664278849215,231.40091493494293,236.7490367434276,216.252021895167,200.1646520853174,207.08896782209823,206.08612533048364,208.3685067295356,204.60194532792735,201.72258924431677,211.96140560339694,212.12442526705712,213.18326649176413,213.03137551629652,230.5262222625784,233.54324437715877,242.48586093159162,233.0131342312253,235.23337167869568,237.76216203441183,235.41453493710773,233.03725182544474,242.46213450638348,249.4969927407431,250.4924696217886,246.36956761404593,236.1040162186775,236.77220087982897,239.68467108412685,240.84062755355592,239.88888098422225,236.63541009224758,225.3270317314659,225.70233562378843,224.09374958059163,209.14042208524822,227.26381207239749,226.8736703207859,233.2132820932567,238.6454190749526,239.2373602929483,233.9858969654034,228.212074360864,224.2585932868787,206.07351308953554,215.2103539970344,226.18113772114293,232.77062815010262,,243.23105009511667,244.69567389777052,251.13912054526537,239.23910530458093,236.74657241064375,237.97559369532593,233.05554469450243,211.68076921074027,200.94214841143656,204.36464712103117,211.39063321175843,210.810652046025,209.91385147888448,196.13444461658474,193.87141646016534,190.78875881151748,193.78159585768094,198.38034606992164,197.15111286358808,188.01609662044947,192.9024340467813,193.3797243848074,183.75961964449243,185.43755505330932,189.2108811491399,201.8607748349502,209.93858996823496,214.78322793403188,220.28511061685793,214.0711201259043,208.76683387998145,205.84304069170335,204.54708256026322,205.22340620178852,199.18345643190776,192.52100100322167,199.90484961142954,200.4289989304732,200.6826114855387,200.57892891089622,215.0735967197799,212.50572523911336,207.60425501255656,199.8848984129028,194.6208521810089
322,2007-01-06 18:12:46+00:00,242.80536025947148,243.0329517381278,237.76730037172587,225.52026810225095,,,,242.3031659352643,245.94302089463616,245.51614018524418,243.934988499437,235.55705685396876,222.2031448872891,217.14933274990057,214.77616141584923,216.03960027646747,211.74083815760702,202.1946740485886,217.50237646839736,210.35770357204555,188.9812510193177,,,,,188.73120333996889,189.14770276970705,189.9880857169671,187.5907299967304,196.35088214679197,191.35413279254635,184.63295967785973,186.17594281985558,192.9645892411594,189.49054008378346,181.7671900557765,184.5751227161748,184.69695179386486,183.90425886122568,178.50961918401796,182.57314357131014,,,,,171.00988919197584,163.8310692445025,173.1525800608139,180.11691553319096,188.0967871275002,182.4150297369096,185.7687770615314,202.63974290464395,206.9204954805807,213.66175684939225,212.3266705042385,212.68060990614148,207.89100186699793,202.5851627035153,200.14950875687552,205.8537508985837,207.45865554883045,,,,,,,,,197.99288503181273,193.90993153276685,199.03074202776304,208.08005852742647,209.27081582860677,213.4822405204902,209.791736459768,201.34186506251476,211.35921268842034,209.17995068214367,213.4538032910462,220.19271684607844,232.62268881723037,233.06369372928947,222.0124960983277,,,,,,,,,,,,,,,,,,,193.20822868532002,200.401754455721,192.78022283352294,203.38880840908863,,213.33544475987452,214.20805477313382,221.63877283659173,214.14015141574964,219.99021147932984,212.5310124524168,211.14929202377536,,,,201.3956584619118,205.88218687871796,191.7750817699524,188.65056510437142,177.91371716608035,177.13671508064195,175.2405245723488,178.6273959058376,179.50619192109303,171.75673856580906,,,,173.03200072049492,172.21227219257327,182.46711911837377,192.85748453107976,191.46765857417176,197.30236859487485,196.89557988034136,192.50006866963406,190.95898231911457,193.5311803195264,185.83156145766267,,,,,182.6372943631958,184.25210364629373,186.74520110292895,183.22003487586687,185.19189740772302,179.46513660874868,167.1206144568098
323,2007-01-22 18:12:48+00:00,254.80925807046333,249.97132352434198,242.9347652770478,241.63166512363762,242.90524393234375,249.8694847506605,236.29251675381494,,,,,242.87662878098257,226.62112172151956,222.61556770812712,215.04742158125106,220.1351271761581,216.71671387605207,216.64693352106877,220.33490228378952,218.32459993386004,196.72029707443056,190.6038684075088,198.71676177234406,199.19852819947326,,,,,,,199.4462134841752,192.3274173952883,198.09254151420436,200.25309992500385,198.44010446720824,192.97563366792744,190.34915589884696,196.5787468481927,189.23881654288223,186.8151270189651,193.68059131059883,181.99440961650083,181.04269643514618,188.48135828803223,,,,,,205.26928079370725,201.32519118878395,207.00632138123558,210.70159711944765,208.57669313020546,222.6298676345502,220.27661444043014,219.73323972657903,219.81562209661826,207.3697610201897,208.06329159554338,215.2359568614399,223.1322775628089,206.3258477388514,191.48711167499812,189.24667317924985,187.85830849542378,197.34791859520416,,,,,,,,,222.20998535136079,217.17540370069702,219.08779706635892,223.24318865087557,219.57242988575948,233.1119530363584,231.3010974228107,243.3224148906186,238.77327360303366,240.6010296419109,228.17561651428394,232.47974732194962,232.10458406572036,227.88825374408276,221.41169092460132,223.63570270775824,205.7056221040831,211.3572356995753,199.83056082859912,202.81191323880685,211.8554313230983,210.97695758206223,214.5528486583957,224.71941361674612,220.99200760394217,204.60361453121317,232.96082418823661,,,,,,,,234.77423065959948,238.14716295615278,220.59124997285568,232.43497871357283,233.0717856163062,229.40385250411265,215.88042774310532,201.77168252464054,,,,,197.85014208194295,189.92008394647567,192.31937791266105,182.83676973196543,192.30388528942245,192.52209500304886,188.62046393068226,191.63292694975286,189.5761048324511,,,,,197.99289076483947,203.17288747480188,207.50716463187302,205.0186598712737,201.48277278409677,197.67583231288108,198.84248931773726,192.30681714602315,192.30656086669825,181.8378041853713,180.5958068233885,,,,,196.58399354101564,196.73556511066363,187.3520312689014,182.54946694811284
324,2007-02-15 18:17:32+00:00,258.00343031952514,255.51581547808112,253.23318567074378,252.98010173013438,254.94592222260562,252.01039602231054,251.55865693876865,258.52945591763734,256.01874963220536,253.34461232980996,249.45217231517117,247.74841863741426,237.231349319397,228.95508079000822,223.47772366089973,224.31714166808194,216.79281125172992,214.91532131350533,225.56843169496665,221.0842549435564,209.7592608910634,204.7680760490643,200.1786483377054,200.69591515266845,198.97961268237304,196.84213839974393,197.17474617559162,197.60326962516427,201.19020965973496,213.7132589313027,211.07860619182662,203.71297489716594,205.33748104856716,200.56754838407886,202.9761955444805,199.8814389456727,194.52822155378448,198.17453335080143,194.22958534361186,196.43554331089848,201.1399023849768,183.58544332065503,179.1924220201384,186.90185886312315,190.03760574568486,182.61403633090345,175.00637018490363,181.7651635165564,204.4140680085264,210.86227005656724,207.25341087452983,206.1703991715109,218.1426650363992,218.3149420388379,222.57929092764584,224.2725218854644,219.62940039056213,216.78725083941703,212.89361649835027,217.73823960852516,230.1921733854851,230.0240403007769,213.32236849076193,195.96367222264328,193.89719990088938,192.97551248009617,208.89169856689364,199.41426540573613,197.62779975232687,199.09286077304296,205.34505891407312,202.2634731343602,201.9513761073243,222.95658001629647,228.83924355473272,231.9827181598286,223.8027778790152,219.72922231636016,233.61769254219803,226.57026342339753,233.37936497721978,237.77234192062986,246.5791645394974,243.56410857690764,242.43995588274234,229.47499604650164,229.67595069987556,237.22814701974505,233.25123481430893,228.0433350979114,227.12314655884126,218.6534455623318,223.90442253586826,214.89504565731073,207.13018458576553,212.861040785035,219.291054000096,224.07165577732712,225.92736711192634,225.7156866670445,218.01516828834494,225.51519105453502,210.33585276541183,206.30842577530618,203.7345273159255,215.03400277852398,226.41747334872713,217.5011425646467,235.85139676870898,238.09184137289094,247.82894014901683,234.12064234450168,237.41609284997057,240.6093857421969,239.97973822523147,224.52080536771578,205.3858431701113,206.55341658101042,220.55870347639612,217.45026463515833,204.59356988061302,199.21243067362553,198.17834742907047,193.30185887598898,191.83236680553233,198.05360629766645,200.09608523591172,194.72735896827874,195.01309493630893,198.91608585279545,196.99675950857159,188.66142089632353,192.47650580993073,197.9423214836039,206.92055676415316,211.6915807771899,211.50621985487413,220.14534669030905,214.02345658921544,208.18519688134862,208.1066728460596,203.80544991718074,201.31438340764998,192.68397305177376,195.90717470089598,201.12160889961416,204.57394384994475,200.87576022186082,199.30299600048312,207.2714485612163,207.03028793997672,190.95071432837068,184.05986792893236
325,2007-03-11 18:13:04+00:00,270.07255817199547,271.64328224145834,263.88069062606695,255.34010969957842,254.59123242652709,,,,,261.4931360157432,257.93358281783117,253.4180103712874,241.08867118044643,231.73823618265192,227.66413127054096,229.3819023035316,226.65070908448024,226.90825730082344,233.0174390000859,223.3260701532201,215.5436924049321,207.0725642518566,,,,,,210.13720739790656,219.01107523746091,234.50559996849177,228.3552150722257,213.49129363092675,213.3851590401701,208.53906516732994,212.9728050070546,208.20565500314916,199.6632993040157,205.93418743986916,203.35556484169413,204.6279090082453,203.19670803115505,188.5223365616721,,,,,186.9475428904069,202.1285876672518,217.09853320771228,228.30337403358385,213.62929648369675,219.43806542821693,222.39213901069678,226.01753072061052,227.41920278728392,232.43119640241468,227.93790705788277,229.44156440296896,216.83657294983482,218.2272827091721,225.75272817716245,231.04017663209436,209.5757690062402,195.53701682416852,197.13599656583415,,,,,,,,218.06980283675753,231.77877726486378,236.42299345807544,237.32906152313126,236.96250387680232,234.5221726540625,248.30888999276726,244.77439876425268,244.6128287772392,249.43058680832786,253.0352384985078,248.15035298308078,243.40257525006936,231.26335444714172,,,,,,,,,,,,,,,,,,,,224.08108329705703,244.46092117538677,270.2372248768103,252.53939295156115,254.00405557219756,260.95413843529974,253.11096802781404,246.50977747251042,251.86175147484008,242.5510317207307,233.49534640860088,,,,228.96098212426443,216.2437549761459,205.85122134364545,204.08065666154238,198.16756812829388,199.47099148885476,199.91922455919558,199.11868122727134,194.31300179810765,200.88734075708362,,,,191.01926008045106,202.43186085845394,215.2715439253338,222.90670006276537,225.3460486573145,224.38360833711306,220.4290816155631,215.7089427156071,213.30690062241655,213.38890934763435,202.59708736912572,,,,,220.772320352112,218.7815013513257,216.0844829094312,213.42025835450596,204.44479251965777,201.1592535510477
326,2007-05-06 18:17:09+00:00,260.18859982753963,258.7605206934784,253.62759576588786,249.8782891378326,246.54650987562115,250.05981932840396,246.42963284681633,250.0079515476877,251.48309992600136,253.51358990530065,251.52794086398148,243.2317277842452,233.78445434193097,227.03117172853854,226.12645145866747,224.10428160589183,221.74923309234597,220.92891691136947,226.99241834595006,218.42116091284075,207.0652009975071,203.9556864787641,204.42856355741804,208.12424326719264,202.4824232201472,203.07753815590786,198.48276134594158,205.14038163518956,210.86379566546142,218.3518290082281,209.42865937891526,199.8983939488213,199.94791989660172,206.02081159282966,201.77443548519784,201.6896768583893,196.64724633252672,204.50765251974485,200.464748066601,203.81237300114134,204.05879623619592,185.16293983988504,178.82299995603574,188.0141259341903,186.42278922779735,185.17584637611102,177.27085260362412,191.1966797229508,205.64093972425349,214.36584932042504,206.52381036656772,204.24989534405464,217.6809452326744,218.29832907803342,223.77973168657127,223.1789317167038,224.42275751035368,215.2254261940937,210.41655817818463,207.73469595308003,217.4037977310462,217.24820535801018,194.6792179194709,191.03523119213543,193.04257006314444,195.49454775103044,205.56593746149002,198.10557941204559,203.1384684340166,217.26507220695515,213.96838610779182,218.0660711746341,217.0524016173147,235.1338110461976,233.6661369868384,240.30601564091558,231.85856740789876,240.62624427715645,245.9034256153766,249.2164467614568,243.82478427121134,236.45122816261534,237.91445125384462,239.78713250047718,241.56048844162768,229.51838207120232,221.835855487255,226.58506538892055,227.61795074775847,233.3555095232513,230.2002539860095,223.92202811854486,219.65523993142068,223.2373969262181,211.41985747400605,217.77705210378036,222.13725363293878,230.5323836321637,234.80977108056322,231.3651197407488,225.62676352393922,223.52677921273872,215.53161260970253,205.02806306662404,209.9233704971276,217.92818567468498,235.01666085216726,241.26184132611922,239.3996711578037,239.79382786197192,253.61900926104704,245.92829508470018,240.09714749558492,236.1589041332698,238.73733815024707,227.28538568919188,224.44811568193,218.67214103768146,221.27157985209624,217.93261717885213,208.3949921794083,199.9586581886063,195.5219370969811,192.0576023643601,192.20938617859645,197.8363883746727,196.01995534396298,186.3008214702915,187.78629259360477,183.06558948454864,181.8224796697212,187.67154884449332,184.9050901334336,197.00654759794907,204.22178940718922,211.06390048810377,216.01981823328254,222.34141809461948,212.1435349390817,198.90697488482596,205.2579116703747,212.06851935937948,203.7709156625431,190.59884711679985,197.15648576483915,202.14421623201738,208.25468903219806,208.55378086903318,206.10478656801092,208.95556617286783,207.52556910193334,197.2107825248827,188.13555668214013
327,2007-05-30 18:12:48+00:00,255.3028975648551,254.51369302218413,247.2212834397988,244.80462195901782,242.09295225231233,244.29739766479014,243.9225025125205,245.0640853408012,,,,239.30152245780363,224.55860241578694,220.047794671722,221.3398549538406,223.2401030052742,218.76524883208464,212.3485915625527,226.3656564336,216.52357682951424,207.0085024080669,200.8069361660406,200.04137119965907,196.9391167709246,191.92111772485418,,,,,,210.61002763964865,196.67918438699294,202.20348310638127,197.69511669254433,199.64957461624556,196.7941715804079,194.2010706215426,204.63394932409017,198.48251155124206,195.2743244706379,191.88125329303625,170.25467437807418,171.70907348205617,175.18907762311247,,,,,,208.48036520736747,204.78283704403464,207.2017442897315,214.2533478865999,214.16100538643354,214.01534198510123,220.0773174338301,216.95484024008994,209.42812924910498,201.58897012604163,201.48776655162095,215.75063997859456,215.08934895080742,196.49763076295136,182.69533607736588,187.71671616292133,185.26362996459176,193.66951976641843,192.38609993094923,,,,,,,,230.33028893938877,229.0579969699457,227.65069345223827,235.0380544205046,231.0991905296884,233.76709253228225,236.4996224969694,239.53838626495056,238.73747316403694,233.88674858334923,224.52956354571225,217.33502174699902,223.16884094433365,215.86195361517562,221.7414796636683,222.98497159191018,218.84252502263982,221.44512105802795,207.9934358698246,,,,,,,,,,,,,,,237.94521338407327,242.06924681705704,245.49531950995777,241.22522836712022,233.34650394721,216.6768533513405,227.9198529345503,234.8470115512946,225.35943139905302,,,,210.51648076958625,199.42278707236017,194.43692546437921,196.52649453417297,186.90614551344368,197.57429391239236,194.11641217141675,180.85322920098662,180.68923073809833,,,,,202.3076349975667,210.68679270993493,211.55669366369335,213.99653915755957,223.24111934782638,209.55174720857548,199.72485438818742,201.42843842677425,205.9515462646766,194.21180710817433,,,,,,205.94954321313122,210.74945834129358,208.6638526685739,197.99800565216043,190.74482013242712
328,2007-07-25 18:16:07+00:00,254.2690718995908,256.7596903069692,249.8538423127854,245.54933664083813,243.43621168116678,245.2700321851799,242.72254111943812,253.36651060284987,254.7813521542603,252.875099170392,248.5535296963428,242.48860916576137,233.00176975323603,224.1023551952445,222.51383131533242,220.90350619386115,217.33037902230052,210.68732732881304,224.03996875776983,217.1115653325378,210.4312677790103,200.2747859864012,201.07644824672013,197.1211487564949,193.32048688839743,186.2388981452551,195.53998439199694,197.8624016044304,208.60766546343982,206.61934902802255,203.11282154619295,198.90197249559162,200.4101629062017,199.44137572487796,194.9261959369548,196.69101735019433,193.73447946900296,200.38265374315597,200.59531765227766,194.30741145814244,193.29306724464368,171.22316744127545,164.56329550498322,169.84508720231753,171.28916906323587,177.54029507390328,176.9294234228259,191.60789941165874,196.63424454267587,198.5544751552428,193.0196987820255,203.17964299182682,210.27928661691072,210.73436714645192,212.66597589518454,220.5920978207426,216.5483501710102,210.48346233204595,203.45978078385508,206.1164344709215,214.40934591037785,215.0106078800239,192.62121125536393,180.58929969027142,185.16939531467978,184.45982481564815,184.853486620626,181.11906720563627,197.57455041298408,208.35401469540056,214.5968864994079,208.72987639738488,214.0173552295881,224.20796831395177,227.05115321538872,229.05555548814678,228.87882526570496,233.49152883683843,236.10746107620702,227.46904850699156,224.23819281646217,227.80770395010967,234.17753763932126,235.75648112463864,233.3070153653148,225.70206958817204,225.00768767568323,228.37364166899175,226.2306357171386,229.19940512706677,216.50845459675372,215.6470382436345,207.22548931650752,209.87997157699235,197.40116078261576,197.72887699382613,208.09358232792437,211.48454741408082,217.69434271454364,214.34709741097575,206.77422855426488,212.71235589075167,219.84266610493964,209.10624570424696,209.20105977916168,221.11050860678301,238.1157803333101,237.69760046980252,234.29657476243509,233.9128568393097,239.96794982488726,232.12463876681272,228.63702849640333,213.99904564790873,216.51233442300156,222.13834207372983,214.7586801864264,216.02409472204383,220.6014021468152,216.9489191745882,205.8077750029315,195.08994655937974,193.7610944230911,190.83604740825348,193.13107315427908,196.9246230548121,197.77096400319755,183.01623646269624,183.4492995262895,180.09003129913202,187.4384618022512,194.93130386413162,199.06123269995857,203.27609438508097,204.26401534541185,204.9159612855441,211.42783947878115,215.81839382906855,210.75240435070074,204.43330310480303,202.67629622992635,203.52985594836144,195.13101181559603,188.92167701396812,193.81209355256283,204.38856732622543,206.99661293830405,206.88435537437212,204.6479487353127,205.5978882286648,203.41649442488986,191.07051815465292,187.02616176753887
329,2007-08-17 18:22:03+00:00,,,,,,,,,,,,,,,,,,,,,,,,,,,,,,,,,,,,,,,,,,,,,,,,,,,,,,,,,,,,,,,,,,,,,,,,,,,,,,257.3410756004952,,,224.38171840625066,229.23340185394693,240.26420774478404,241.90631622346382,,,,,,,,,,,,,,,,,,,,,,227.7776993880525,230.9675725733747,239.35016637300254,232.37359741863278,233.32537109567266,243.43652331577238,239.37432691563214,,,,,,,,,,200.97398376971745,201.6781116209795,197.0569799344844,195.26021167483754,204.00759791190444,200.37131111722096,191.99670281325615,188.3836609146014,184.33965555892078,191.2592659176653,,,,,,,,,,,,,,,,,,,,,,
330,2007-08-18 18:12:33+00:00,249.0955274767897,251.23658649684225,249.95049025295307,237.7999096041869,239.9620547168339,,,,252.28852647795028,251.66148448318467,247.01550286706174,243.9500254386574,230.20048883860835,223.57722154361204,218.85519437281408,221.72296687606502,216.79203379833544,216.96597073355184,226.16902831784404,215.49235485508888,204.5805506343348,199.2064333201256,,,,,188.1366413578124,196.13665680836783,205.8111786446422,205.16831494897076,198.48161398474053,192.6850937293467,194.31451874964472,193.91278222332858,195.6486180035679,196.3975971796472,198.54398216191385,197.15299715185813,196.27765943633108,195.14202608875644,194.99980580576363,,,,,,186.5157221984898,188.60165421179357,205.43466747575297,201.61654595220938,203.46202637237923,203.3289638085767,213.48163017648022,215.81650711326827,213.41967793773537,229.98370809677402,254.68442903491365,202.568039180102,195.75064723479625,202.81555470254335,221.3342337740712,230.49723466183974,,,,,,,,,224.21685391283563,214.15746869473196,215.81489850130637,226.02868022784685,221.98653477731506,230.5364607226129,237.41197706955148,243.7051792067406,239.8318581523214,223.00779679127533,222.77586135189017,230.3922218004941,237.36434977532826,237.5908699134284,239.03116476553674,,,,,,,,,,,,,,,,,,226.61668966258736,213.79523151583717,215.27387224321586,220.83169293759443,226.18756917665922,226.44835144816722,236.79651617996444,234.33415168720427,249.56110029871013,247.06393517819447,239.6209684478712,236.8601642764031,234.7818262904006,,,,232.17739108017673,232.52872485278658,218.03142647957776,210.78789860707153,211.67653956976739,205.08909234549742,206.24684072045767,207.79531628709145,205.55313858686725,,,,196.1805200126265,201.32371274676353,210.93338584393237,212.1492424493002,214.4665370576371,216.9498155008609,216.11424878420456,221.2136340454877,217.2677455882133,210.740908811287,203.01127270657486,,,,,206.85133262348683,209.9717254514445,208.9159338821844,203.54486398554556,214.43124421919092,209.679381258845,198.65097749635146,191.32974335917345
331,2007-09-02 18:21:53+00:00,,,,,,,,,,,,,,,,,,,,,,,,,,,,,,,,,,,,,,,,,,,,,,,,,,,,,,,,,,,,,,,,,,,,,,,,,,,,,,,,,,,,,,,,,,,,,,197.07933615325172,192.15336813347454,198.96011816092965,209.11891745680362,209.1881799596005,220.27130635230992,217.47860106828387,200.28513378792277,204.22045949313264,211.16796572873585,200.6223311445441,197.64213723702125,201.25288656333174,211.29456509234097,218.2859079581463,223.01565125431284,220.31860557260637,229.30679056844554,233.76526049590103,219.1831826846671,217.8337098328363,220.0032964995877,210.4555558989662,222.1980033067856,212.41368491148745,208.4292867611821,197.125842522475,188.02640245633955,192.0212434098788,186.37388654596865,185.06150069090722,179.1678610052921,184.77024103567163,184.30632359863282,177.22474115692182,177.05628381708942,178.35183625982467,185.18548112182611,189.9744880061417,191.58871292143664,196.5701923868125,198.33950415981968,199.49220336845661,207.03969381120982,208.53378537901932,203.6611508984896,197.03911225363714,197.9138035829488,196.68115379694353,187.90684741163938,184.21502392299186,185.06061751432446,194.7147745452064,196.7808368467829,200.80408770528072,194.71323715988322,200.88251801100552,197.22340210334735,188.76070711735213,185.4344502388327
332,2007-09-03 18:12:26+00:00,248.7573979058855,250.6052108509952,247.76812435481878,245.09734815575052,,,,,255.36693619485868,252.466396189699,249.4538467261034,241.177702919659,229.60329917964197,221.93378798239013,221.1650377935997,222.862385154996,218.06286038060367,211.59970647567945,223.545924337737,214.37230757669363,204.23268089677111,,,,,185.16413596738198,190.3747844960567,197.36589951898452,203.1455565954301,203.57673576951623,199.0238616595094,193.9069740564564,194.91057781100002,199.97346903216078,195.53800581394177,195.2507647693911,188.59091635441735,196.93446971768685,189.54530770865074,191.0025489390929,183.83051402342682,,,,175.12013297013505,176.44247824716217,173.67593541891995,187.8230333244658,195.21819759912785,193.48839389164357,190.03312635975584,199.82085285882783,210.99134905296515,213.87739234292917,214.50706368894333,212.99515388987436,216.01722534669813,206.46961497809139,201.74296820715892,200.9386128611425,216.86199536423462,,,,,,,,201.22024278213502,206.46404888779583,214.0426654921593,207.15535706862516,213.7243908811776,217.1989964312612,220.13413530878375,221.67704173201605,227.69030483246496,226.80656807113695,227.28719141465754,218.61479864436674,221.91635501740865,221.98173561640024,232.88609628072226,231.1601387078957,,,,,,,,,,,,,,,,,,213.76569418215368,219.06982102236123,211.09166758984938,209.35453217907687,218.33834786814967,222.69198345407713,226.4390280042561,231.80827478408884,227.66471076307224,236.52577375831487,235.89195826604703,225.28502636920155,217.04378687691758,217.24365013308574,,,222.79745529030993,225.258154448996,214.2720004761944,205.76348879261707,201.81884617985168,196.90474266773143,190.52850171636572,187.77806995177178,195.17525968228236,,,,,185.8066366696055,192.10466521010838,199.23809377949266,203.40493535958382,203.6447539954297,206.8658797254123,215.50078095561713,216.88440002290253,207.61506618389274,199.77849939730075,,,,,192.63390026383567,200.3445265714684,204.81693085111715,210.58578548041788,201.65612835981312,205.36946827297422,202.28946181446364,191.0090604767794,182.8155076143242
333,2007-09-11 18:15:39+00:00,249.8498617108235,251.30283153896576,246.30558315912327,244.97106443647374,240.025723553094,241.5466488422962,239.42942371291778,247.58022649823207,247.93685533460535,245.05625313382671,248.9934263378056,244.49657368354832,233.1126657229282,220.4440635974782,221.183277606064,218.29674634024767,216.37451496303296,209.28829127941754,219.37230393131404,212.8894207846091,205.69342015061017,198.59874993929137,190.88254150956482,192.6253574740302,190.92069890410593,182.74690438341165,184.22727716703105,190.12746387274737,206.84202653320125,208.15525294697585,200.34932215492273,197.07518030421124,191.04838607981137,196.9898266091173,192.39988521671393,191.67714613651046,185.36060160162987,190.22929567112573,187.78890291684965,187.86646019734508,185.86625386501174,167.96216188865174,167.39966116917822,172.39247367677538,172.12515504948735,176.46535440059358,179.8976224139247,191.72763691543688,202.04015263142873,200.94603944310637,192.8013253103824,197.10807904391407,208.82448109288532,208.11443785939775,206.6608816044722,212.87436618576322,211.54222971328656,208.45519035951486,203.02576127061997,207.57122879302295,217.39786721923204,216.63300879932717,202.00358177760165,192.6881420304489,196.12766442519325,188.23459022283936,196.08588891201322,196.53628351874272,196.1463870579361,203.60886356477607,213.9025230694213,203.86841725541024,216.53716155024168,224.33575601787527,219.56071692147486,225.66575426944632,231.02668508675382,231.93239338753415,230.2205937774986,211.2186344625298,220.7787027783893,227.3252973640542,233.33231870896157,231.68812139289497,231.71168454060643,230.0446519117753,225.61148536875777,234.25820429834317,227.79560017325605,226.9590249858956,206.63645052705624,207.17867122396743,202.38236590870986,203.196112669366,208.1089252868753,200.72985802681143,211.0165347551428,212.8689445099665,216.3650726853667,215.17946998671505,201.8032129172526,208.14938863015672,214.1123383339962,211.92161141138774,223.5131615102905,218.36831534506277,222.41366866382788,236.0460377380614,233.60386181525774,235.9751886143296,233.31087696447293,239.12095678227163,228.08813926103448,223.3581269384071,218.49063515941987,225.57082016744096,230.6964779395073,224.6909623375262,228.1757835961902,226.54416964900895,212.19725392318094,204.00020636260174,197.26789555421507,197.70738278575323,195.81598758482977,202.69602989670645,195.28112211437193,184.75213309964437,187.43042691514125,181.71332288771882,185.70337247752832,200.49942623293126,202.93181960306757,204.32847003213004,209.02657207224428,204.70384893710317,212.70774393332613,214.21530055600596,207.81028897863277,197.3169449036567,194.8939546073006,201.4272301927368,194.9332320527247,183.73796920925366,186.11738137520194,195.1056750442986,207.284094125976,207.78434403654825,205.22787782269285,205.43107378550982,199.0631661304372,192.51986018898617,181.449955083843
334,2007-09-18 18:21:47+00:00,,,,,,,,,,,,,,,,,,,,,,,,,,,,,,,,,,,,,,,,,,,,,,,,,,,,,,,,,,,,,,,,,,,,,,,,,,,,,,,,,,,,,,,,,,,,,,,,,,,,,,,,,,,,,,224.74339843449704,230.98324786798025,225.71922169490233,227.39153829584131,,,,,,,218.9502430433857,194.76759492403568,198.44092492107487,191.64140972173698,188.68268773407954,186.6385020849936,,,,,,,191.82962084925416,196.00177863150262,199.58124163819505,205.83780658907438,202.4599881904835,209.76799801408288,211.0686545046609,204.85967266013154,202.84772277437253,201.5433292881982,201.34614912206078,192.5988405274714,188.67717198091168,183.16458730851025,193.26748824102023,198.2427064007324,207.56368483520322,200.6343692622433,204.13578620958828,195.5660487234274,185.69357194733897,179.28339327891166
335,2007-10-05 18:12:12+00:00,,,,,,,,,,,,,,,,,,,,,190.99891776786905,,,,,,191.86883003695328,195.79005468419422,207.46533194392867,207.3098469539244,197.8250025869638,188.76520934104744,193.54769344961474,198.8416681762217,194.3756826805092,193.42225615213295,194.0897353234832,196.6141078969428,193.26429552967178,185.82390755287634,190.92003115893806,,,,,181.4163037651516,181.96031660400217,191.31071760453682,192.8798551606556,190.87020278312662,187.60327343999677,195.5794290941974,211.24780954205636,214.01822792282906,211.9832557598359,216.00728047316676,211.33684041522764,210.53311573038042,201.29228714058246,203.64149255401966,210.77290098962067,210.6340080445322,,,,,,,,208.72961926929003,218.72249806527844,209.57377564747998,215.5632959807931,228.10726335730453,224.1248608954303,224.91233674976786,232.0588632935465,228.4086964353692,233.57520890265772,214.47958884285532,221.24915697214996,221.46664570054907,231.6550183237942,234.8415360284901,,,,,,,,,,,,,,,,,,,218.84132383259103,211.51123259956614,211.8330128054224,220.30842015688404,226.17018245985963,227.0995281824898,226.75735611358363,228.94686600245865,235.1168894335864,227.88891084070366,224.2429755240007,217.73026137959283,216.66170639111562,,,,,,,,,191.8295459135125,191.8664471636848,196.16553980230762,198.73570180862106,,,,192.407323770703,198.52646990283932,204.88600606287042,206.55572893700054,210.03349512538622,214.37930341919696,222.11030440968324,222.505280565937,215.98695399199337,211.88393329105628,209.37216018305182,,,,,208.44229825980204,213.32187511094514,213.13086382335572,210.04356770241515,,,,
336,2007-10-12 18:18:28+00:00,,,,,,,,,,,,,,,,,,,,,,,,,,,,,,,,,,,,,,,,,,,,,,,,,,,,,,,,,,,,,,,,,,,,,,,,,,,,,,,,,,,,,,,,,,,,,,,,,,,,,,,,,,,,,,,,,,,,,,,,,,,,,,,,,,,209.23361472565162,209.1201147692087,215.65376318936995,222.10480650319317,,,,,,,,,,,,207.72828672058833,208.01437263653918,206.98063149771056,206.18136842358646,,,,
337,2007-10-21 18:12:25+00:00,255.5643643136351,253.47045773112944,249.11860328620133,245.34193706238477,243.1361118635665,245.77906591530206,,,,,249.0588862093324,248.78474051460756,236.85676380478776,228.99367925258932,228.81637508400303,230.13022900916303,226.69423189709005,219.06845951811277,227.62263217415125,220.13335582633772,213.93607849524525,204.29654524235173,201.70384664079302,193.71291350133188,,,,,209.61839046464905,214.61071417899555,206.42992825788312,195.02623249090306,195.1347998678736,197.34086010514838,199.4213474210178,196.8294802407745,191.2708542139025,197.6660816651209,197.42095881280017,191.30413978183142,193.27714801774147,175.68508201953745,163.83284580503977,,,,,193.8487939819247,202.29595134638424,194.7067412681651,197.1290451252491,198.8263615853276,209.4467390343259,215.0529824459282,210.98676898108317,215.29361521824598,214.05444011015754,212.37620247560102,202.72439767287972,205.6720511969824,212.20196114363287,219.63596386846837,198.67554490937388,189.32861493086725,183.42339105520918,,,,,,,,,230.13577450325505,229.35679487495997,230.18635766755983,235.53651370412484,229.0498538494678,231.98279867671934,219.0946385004932,221.1792412405293,223.58341905964377,232.8729805411166,233.53480933314657,234.76775611290742,226.1150055613097,226.10731450597223,,,,,,,,,,,,,,,,,,214.6963174597895,222.94859061505815,232.04355695802866,233.2519516351963,237.0901241743838,236.39754715100486,237.30390146002844,232.28810946001946,232.73424213509588,224.00583959443324,216.65556696141095,216.71186031009196,,,,210.3484438403696,197.81292931363288,193.00074385558116,187.8515869133975,186.94102259538585,187.12984723597356,192.30461137718086,195.31912697368992,188.13571219241638,,,,191.94060320017692,201.83250167824934,206.58140449214392,211.36796155078605,210.92349654512202,215.5066231023117,221.400603483175,211.9224645126085,204.29484622335917,207.82782221625,207.51402514905197,,,,,210.90513837710682,211.80609278617436,209.23748654240865,210.71664238945561,205.46455600143582,195.2758098815319,189.63929423651547
338,2007-12-24 18:12:53+00:00,247.01580728281073,246.65486232389122,240.66898341392152,,,,239.48675083106315,247.55427331055495,248.8186277863144,242.80720052180692,243.346045663613,234.81951214114937,226.13334533147048,219.3646179897702,209.97595829039756,216.2326661159848,210.79234382130585,206.2967340165643,218.90191168052746,192.39383242520086,,,,,189.48737786215085,179.33129216527345,181.24288621150302,191.40562090098484,195.22748856257834,199.4478081421962,193.76601492106002,190.0183336789768,190.5284363845434,193.2928843945204,190.51178068472078,191.90048896515688,188.80728506412385,191.75474179470476,185.55509358708497,,,,,173.93042874450936,170.5127871534095,177.24601134462853,165.64820622285458,172.99811286458007,179.38600170976758,190.17293106067785,183.28287288805302,192.38464354865312,205.27499343663538,211.50205506028462,214.21003976424265,215.06657073376977,217.21968126933132,212.81085872897356,192.0330921488595,,,,,,,,181.27223730814316,186.6503234673796,192.25239422202154,198.21516438256188,206.7973525659987,199.95134641543046,203.56679404245588,207.65052430544557,213.56866117593367,213.7814972362705,222.2928511041539,216.7706776023091,220.27089425656206,203.8132963658091,213.49193413482817,220.62354717257062,224.28028080817253,,,,,,,,,,,,202.70169906238036,196.06869491715184,213.40929384874306,206.5656738637369,220.10551818553867,215.30125720793882,201.07855187467518,213.46617587370295,212.7322104472414,203.822995745706,201.6325116764038,214.834770336281,205.9482088812744,211.71677385958455,221.65053662732512,229.8840493208708,239.45239158486862,233.33481565121934,232.43874585586724,229.059476940886,,,,206.9488029827436,216.63518122424932,208.45349041936518,197.16564208865512,198.6744431662452,196.10645032243184,193.24014493558266,181.1192464554575,189.63716979986617,,,,179.2207011561617,178.563341059202,181.56975358445854,180.6842074760377,194.41456995975798,200.38703643281008,198.37887035240806,205.2813518924259,207.8923274492876,204.62905295376942,193.23819332009754,,,,179.67853756952837,187.74562402636644,193.69772169789314,191.95927610883302,200.26861690285938,187.56579334373714,195.14061063852452,194.24500007503053,184.54107304244002,178.22633382066692
339,2008-01-17 18:13:38+00:00,272.89839123831507,269.53846182123795,263.71028728810506,260.98302180271924,258.5944315018363,254.70032684674345,252.06488218603496,259.6143348366414,267.8814083258849,264.5701296123801,261.6920303170501,257.22795352946224,245.6491166220398,233.50669770807878,233.69306664241788,234.73575814013634,232.0491515480914,226.56197882156158,229.13986926790105,223.26339920985146,212.19810682063408,206.86982216216956,203.54277689976274,202.99233782237826,203.34634600236836,198.4655317078936,207.04018377934085,216.30602515833436,216.52580641908676,225.5305819149475,218.88791088494173,212.90711738653954,209.60117407234807,209.4351923767918,212.72586058558136,210.96806157201416,204.0445385684214,206.14766110339843,200.9564493496146,197.26053444213164,198.9864113339088,182.34765341802182,175.78245710679903,183.5416399590763,187.40055797666946,187.92421712970065,190.89865036508118,195.6527126204179,209.0239312347678,216.4787566482649,208.88274072706804,213.7105769926036,227.0686912529655,225.05603224356966,228.81984253292313,231.50129615001296,226.33405153925818,225.1371584618458,222.8164726164493,218.3394408666868,229.05229239495836,229.73505250317032,214.3098614892244,194.35992586842391,191.97272504899118,191.75189114261914,210.1597849521929,201.5170947290008,214.0004477587798,215.66005357076563,227.73604299110949,220.07303834831254,224.75523674153175,237.13249576895555,242.23183278492638,244.61196052767244,238.31412650777264,236.01868604452977,247.9853253606953,237.6713000309357,234.8404581363905,237.58105416530594,242.55566018249485,247.1671377221934,242.734571941465,235.06452222007277,229.28116094804733,237.789919260651,233.00911768882796,239.20582340458003,236.64344778626906,226.05645952793003,228.68510383508718,226.67637021468633,211.86317949057602,226.29343985018855,233.69328981622374,233.92098535286024,242.33497755903636,237.15764486190818,234.52407488831773,244.42004720341114,235.70156402544103,224.1686859952228,233.35017558732795,232.27870362828463,,,253.64313885177575,253.10910535481037,261.63942948421186,251.32809124505877,245.03948344893632,247.02585334695593,244.40095313421503,230.20020935914903,208.507279305415,225.37370702531632,234.6562895916189,232.63984967844186,217.76218085043342,212.74341919576858,206.16440951753037,199.27484716897084,195.63601374288478,194.6523201846703,201.8542543802077,192.453793914419,193.05258565991684,202.27456288327224,200.8015288822898,199.2272533260784,197.65541548481949,205.96423278909032,220.24878601969453,225.2487332743554,224.49578333623282,229.14320623197767,221.36326505254198,212.20100724300156,211.93272449978792,210.76361872072658,208.40033519463472,203.1315532069645,210.8331055528418,213.5718380823156,220.16147696130025,215.5755853486479,213.48335277089154,217.76892383285252,215.84983047090228,202.48840763324404,196.01040283572502
340,2008-02-09 18:19:25+00:00,,,,,,,,,,,,,,,,,,,,,,,,,,,,,,,,,,,,,,,,,,,,,,,,,,,,,,,,,,,,,,,,,,,,,,,,,,,,,,,,,,,,,,,,,,,,,,,,,,,,,,,,,,,,,,,,243.31878666943322,237.5359969750213,234.06239639232507,237.31400657450962,,,,,,,189.26140772673207,196.96017866447028,194.90628720436365,187.9194352415488,188.78981999320706,188.89325156614092,,,,,,,,197.4994901460919,204.35530053736107,211.4245677397194,208.81997334525232,205.1173688815588,187.99089077670664,192.59862176790153,198.40598290674495,189.8623564322716,184.14552551997343,176.2643544102712,191.17872467573847,191.77610504122754,188.910692441415,180.306162768673,188.618857035043,198.83198524964502,189.1889224290475,176.68361118383206
341,2008-02-10 18:12:50+00:00,241.3998252059194,241.47163355444968,236.02566301489964,237.45481325193103,,,,242.08761805211856,237.5605611621076,235.62929999066407,232.82415587641904,228.82432395784895,218.39868864209166,201.76618562005956,203.78992604436354,206.76896690443178,206.54387716934275,198.69143887915786,211.66574257522456,199.90497142722188,192.60534484123116,,,,,169.4162662547124,180.29723393705925,188.41704696390167,191.37359064967558,194.0092490991466,191.22237990907647,187.91444280432074,182.008263177402,191.22055993738297,190.35375188592917,189.0829146556921,183.27392203015563,183.6512607294054,179.88059168182588,183.1806545620854,180.21650397465396,,,,168.66011850911315,169.81398546704008,156.4454594874549,168.4069408239219,177.5272163445955,184.95054756673636,184.8389786454299,193.06612435310254,206.58054167433306,203.58616544669735,210.4476971726956,204.22860046477126,210.50285385582592,206.11070765489907,202.346878403571,191.9716485080151,,,,,,,,,177.39469016867076,190.16846328153161,197.68524701456136,192.22155662813503,199.34193599700262,206.80971453390595,216.05527273604136,218.58121740801977,215.89522345851668,202.8686421822179,211.16651153419784,216.3497435620268,216.78113350229006,218.88058772571142,225.3056997512307,223.17203609180797,,,,,,,,,,,,,,,,,,218.56012482136566,209.03436936131595,200.11510410865213,196.5531064728201,210.32819557481537,206.7635154245772,218.95480985409537,220.33451310849347,220.03665073445,228.63159237023456,229.98880138261114,222.01356215243905,228.58870849033127,,,,191.16146586972846,204.8061564256379,212.4589422306491,191.2709904817247,189.4168422333916,184.82009779440878,180.26603100907639,170.9156888616192,178.99819912962522,,,,,174.89032649391368,165.67298509673486,159.97852105328195,179.20309461060248,192.32080684079747,200.11973735104576,201.26579140195506,204.78246892684126,197.3512882178856,190.22554871519102,,,,,174.13938488979994,177.9279356576038,178.0692050103042,179.66771092645052,172.26810158322905,186.02309200933792,188.6410144208108,178.32320003490418,160.43144568937922
342,2008-02-25 18:19:08+00:00,,,,,,,,,,,,,,,,,,,,,,,,,,,,,,,,,,,,,,,,,,,,,,,,,,,,,,,,,,,,,,,,,,,,,,,,,,,,,,,,,,,,,,,,,,,,,,,,,,,,,,,,,,,,,,,,,,,,,,,,,,,,,,,,,,,175.56100520301027,,,191.44614355590645,199.0930559919646,203.857982206777,204.50827660751298,,,,,,,,,,193.41269648861248,192.36152542671235,192.5381669967771,187.6204648184862,185.3494098756732,184.4047219456229,
343,2008-02-26 18:12:46+00:00,251.28116871849775,250.2374463199589,244.94567625968125,236.8538159789479,240.35349937013476,238.0046502720325,238.13947578458925,242.46555877496544,,,,,226.11899101103057,221.45486299710922,215.14121668143122,218.29231263080032,214.5836691891193,215.22934240933003,216.12881427283105,208.1196462675299,196.7351489225298,196.75530423937596,192.41600695212318,188.27659379620866,190.12311513998256,181.99044010614878,,,,,,195.57717252279306,195.6421183241607,194.15629831493362,195.21137502964223,190.17007214735708,184.5914525784754,187.52232187893864,195.97294995961238,188.9214808578456,195.5660035159528,173.00530225088735,174.02274493229106,173.56624890362923,172.26405063466711,,,,,,192.339096916794,199.5952979395223,213.8960588200685,216.5299305468962,216.94385200705995,212.79098528163297,213.0288270740686,213.9520049698176,200.11607069348446,203.7697420582781,209.28516555638066,217.1252780820426,179.55532062101594,182.42381336925638,186.00855161984697,178.50508053243374,190.791713816666,186.30568390125472,188.97835558083742,,,,,,,,219.95010669503762,219.46355859082684,223.47736096111117,220.68460052149192,223.7284400674182,225.45153271999405,230.346997951983,226.19618065534132,223.40920433620485,212.72519850446173,216.14438584315815,222.3439121295234,216.72789097555608,218.99146086258648,214.5776223775099,216.4310557517095,211.65830132138345,214.29855068160774,201.13156652848562,209.03842641042274,211.91558903160453,220.10120725941465,223.68186798053492,226.28119902216005,222.51518906620083,205.55830913321986,,,,,,,,237.19922694903562,243.8908423214017,230.04909991442025,230.31986137670754,233.3294805958858,229.55142051959,214.63379600772913,193.39064390640283,,,,200.90273805050845,192.59204075836544,181.7592753135972,176.15229957410753,176.7148895801973,180.7450862487765,185.39713786208347,176.61618599865363,176.1600549681031,179.5190281210481,,,,195.44975435532712,203.7460683623278,202.59205459061414,205.83125040946283,211.22492332193264,201.88269153026988,195.44362019183268,193.13420678727442,193.58951077251436,184.98421553721764,179.28441866072086,,,,,199.3923715016209,206.29015962795654,198.1448406370678,182.6993054767539,178.64271341185264
344,2008-03-05 18:12:46+00:00,258.27523341681945,258.55469504013655,250.00756459956676,245.5214478294115,243.81558794109867,241.99605704766918,242.27273215964345,251.14305146202094,253.3361152006733,249.02781860712597,243.94949591570543,237.4972320364102,225.68263598602195,215.41261993628152,211.11312819510601,218.60691060944316,221.56740551826906,215.09718804104648,222.432049666263,212.8085237651688,200.87682220874234,196.214985413477,193.0351096393223,190.98568785043292,192.6736471768817,183.95554853261052,188.28273652993047,193.8957031564423,198.84572173717135,205.5737965062571,195.1334487917295,190.6892246838193,191.0328618126582,189.44001777147855,195.39007344057123,191.66134195727895,191.3364806912491,197.84766034047232,193.81673191011004,193.1996173440673,196.62069213679916,179.20945514489256,169.49874253726762,175.1245188339625,170.7755735356447,171.09169456117073,165.66901850303003,178.9568826950109,190.0175473715169,191.37649288119616,192.75018326792696,195.136672028022,208.34994537785337,219.08679689680423,216.41113858858142,217.71537609705146,217.11199079278362,211.06565038191442,200.86647784785555,204.1621499849419,215.28049226694353,218.51207671035797,192.9082784206901,185.99749809411531,189.42627451702924,179.76541325998642,189.86283040973365,194.93419672419225,190.69869847588038,201.64832374860654,204.64670574451117,201.40148343206334,205.97075104790832,228.5840049629963,227.04713414656612,227.1222620344156,220.20846023315315,213.9116035384298,236.61468230787102,226.66636988012976,228.7625033825096,230.56062103152192,237.56096373035888,236.75241233494944,230.19241850524412,221.59764201813977,218.784053598296,227.0198516156339,224.11798472248088,228.23261590933294,224.0889250594742,223.81362700611146,218.93104356481444,222.0415880657928,205.83839639896667,213.64292782610127,219.63052084126096,228.71645108408924,228.01325048740216,231.48421207328005,219.52704023727114,216.99184070450406,212.90332316980732,202.62356896489575,203.66747604241885,214.59546243508893,223.44579101624777,222.51832523325632,228.82456307639615,229.70358745555586,241.2431937325416,242.72476619926243,240.0910425181492,232.8037093393363,237.81925532228115,229.22296474088455,206.32631647285967,208.1538594694225,212.00930644631939,217.87799483731604,198.05942914056536,195.11181516633508,196.4707636391828,189.2438277102031,183.04209876111466,189.17522257198888,187.91405025996744,188.43260933253822,186.88934546753774,179.3351679206644,174.2959921872719,171.0124002106018,175.33854454754683,187.61753385549684,197.3120576927433,201.06965142660027,209.61352901889774,217.24734249600874,205.84213563429694,200.81335925744384,198.89099329903735,200.37426682233934,188.13023877403947,177.47512629346298,181.3996028727516,192.34382366999952,198.86090022289707,196.3359094867514,190.7972758474346,202.3911999679755,200.27057000971553,191.89197880093838,186.46410869219915
345,2008-03-13 18:12:41+00:00,259.66191954656585,256.2691478687398,249.25724353666246,247.39439985915584,242.42824114753444,,,,,244.56689770847498,243.0285803509469,236.8055377390565,228.0257372655152,217.29873840861393,214.12923067709372,215.34205328751298,218.95486045025734,213.97178520338247,219.23616803258244,211.6446507557996,196.12912605342896,198.01065553111528,,,,,193.91092460198684,197.8375696460884,204.71892676826917,214.43329379453138,204.22956812402293,194.28310098326676,195.47685517143879,195.26121331519633,193.25268633013303,189.54356642443236,186.09149068658428,193.9060511500913,191.63709394662675,189.8232308592078,193.18200225412036,179.79798558113853,,,,,170.45390082815467,187.86839644730622,193.91347004014438,201.7224290653263,186.4941422197261,190.80581979151884,204.48750367026247,210.79968284261645,212.96348924715542,215.56555594143413,211.53931893569916,209.67794124866538,200.37682242297285,201.98895657001745,212.9550370919756,214.93566790404736,,,,,,,,,,,,,,,,,,,,,,,,,,,,,,,,,,,,,,,,,,,,,,,,,,,,,,,,,,,,,,,,,,,,,,,,,,,,,,,,,,,,,,,,,,,
346,2008-03-21 18:12:26+00:00,250.87443810567973,247.1477363914796,243.3600026322469,239.85890922014642,240.63932063974028,241.3444476307858,247.71324813278855,250.67572420570056,252.61627445167971,252.26866760687048,244.9407273843529,238.34443444617023,226.8727637201967,218.878106405084,213.2421716477045,216.7425437782921,215.0557125163499,205.9549350314353,216.72383183619255,206.8276301368322,201.36155403623428,189.5170876792621,189.96131569852128,187.1964313050459,188.22708680159963,183.9184111213455,185.83589071436228,195.93953643756117,205.1872852873942,203.41444481572267,200.30993376714883,193.0279501408566,195.9514514284697,192.10796898750402,195.58457399976373,189.23998793740418,184.84717400367697,185.95303017028132,189.50939229714083,189.710098006378,190.14545636047978,170.58440784075972,164.04062516164396,178.27005225352264,175.81688907189866,182.37522115377067,171.26696578925953,183.47441507727206,190.58046703871602,198.39532202825836,195.37050297055592,198.6337559913969,207.20323764899945,217.6678670052905,214.37308247905395,218.58304491692553,215.2222166134684,212.32672068953383,201.33839838651136,198.51943414749883,209.55530488122733,211.50739816098664,188.1771771187535,182.60165016283045,185.45630113254188,179.11212887149253,185.55888912156496,197.3158303182206,197.73513082755076,208.05878855779963,207.16954475853973,199.57095668291842,208.83383933760004,221.36595769016043,219.30288031430916,225.7881106808483,218.1913218970309,216.487450930921,220.7879364014916,221.1152992939713,219.45680251450636,225.4645843723848,233.60069614314148,230.82524920633887,230.03285164796907,222.07285899721126,218.2657332954346,230.44083109556016,223.05202834863394,217.07703903410072,221.50550341448886,217.36546903082012,216.80633280116518,217.32806579856805,203.47049373608132,212.70070851241616,215.10021405364398,224.95698163178184,226.0326838486734,227.48048900386672,215.80090609037043,216.60135347687458,208.5358036167556,207.5858467946947,204.98934763972971,211.64307039524158,221.0183683235408,226.4926818898759,232.7524378904065,233.5256207460332,241.64390910802356,238.7598006689009,232.3761281397967,226.5186306388999,228.66704961683365,216.1282008377659,203.95890763470373,208.54105010998416,223.04504216521383,212.32282326681295,207.03220946452547,199.32170266056525,189.55763316287755,187.22291630404024,178.5880398432139,190.49576900138595,187.93735261429418,179.31618290560903,177.51438142923408,179.86657853766047,176.58737221032342,174.78794270911519,175.5856122895848,195.59531853862802,203.80731899718586,206.29720932828292,209.80349708275844,210.3813610035295,201.9139083802513,196.6799140372067,195.22491113499012,194.15126124077892,189.7032370473608,187.92149455615942,189.97220515623013,193.19545835282725,196.85574200065895,197.88276492575278,194.07168074069796,204.53576826637752,206.06465398092774,191.2934230472501,186.24960432294262
347,2008-04-14 18:12:40+00:00,265.77960127808046,266.1242777313961,261.4702797552528,259.23714714218,257.0066812480002,257.84936389328806,251.39803569885865,259.35270308380063,261.3453709234765,258.7818538268874,253.33999825294939,256.51605627572786,,,,229.68253732309103,231.6045194460185,224.41011059116414,234.0624447723933,222.95965951094814,213.1959159982381,205.37414899854247,208.22812274683525,208.5790563537034,206.23379306046175,203.60379722814986,205.85006811081735,207.03887456513664,214.49949341774376,223.46061822821628,,,,,208.27164072131254,202.76935224993127,201.4985881352863,206.55745183713498,203.87271765133974,201.1196374603631,202.60091317993172,186.71500859712182,187.23028389833235,189.70841568067527,188.8028277802181,189.99247820945988,182.96833958869274,197.95206899618782,199.9004204678327,,,,,224.15806355320998,224.69477779689862,228.42274561187037,224.15262562292557,221.6147221172066,213.39445207762802,214.10617128280467,216.66292045337343,222.46528718425355,205.03156226153948,194.4043776371069,197.7835486947472,198.36404850755034,208.8441750224972,208.2189817723786,204.67880672383012,215.2836701399433,215.70959970284127,219.23785307998526,214.9745173513738,238.26388343645522,221.38502994431656,,,,,241.96934356159758,232.46637798602012,236.622337649627,242.61982322947887,241.7780648707597,237.66008497224442,234.76969231963022,235.62074613333652,235.13694103815868,229.3791777367127,237.95673581252726,239.96666282843293,227.21463042315332,231.57091604532144,231.22063408653256,217.9069406187402,225.3191161713902,231.18678394823033,240.26864619623387,242.92024544573587,246.06569203181755,236.9142238783906,239.36285286188152,230.2844311951717,216.4822134276091,217.96969915888337,231.37122768683983,241.98439549943103,275.4607362511691,,,,256.2061576011195,250.91059446708755,241.68418355366768,247.87264081659617,247.13475236280755,235.2264811979508,229.83073092460873,235.25150953407882,,,,,200.2909556239204,201.27563496069763,205.49022476500093,204.96650481145457,196.5329517767797,197.5746639664727,197.48877699033244,192.04093245965726,195.54424209568577,,,,,225.73840821140485,230.39518041468173,220.8618366459864,215.4390303565896,218.79106579724174,218.26913906053267,211.74123419217608,206.1517652359097,204.62516874015967,212.7523507466015,214.02182111154414,,,,,205.88988986988053,198.6652805396108
348,2008-04-22 18:11:40+00:00,256.2987510879413,254.3702288083198,249.41911756449753,242.14556127120557,242.15224523174066,241.67589221921753,237.88892333571798,244.11258136801467,255.88492794700275,253.10153270234414,251.95289734023027,249.70409503617887,231.66572324482792,222.27538153766625,219.1499940855544,223.10089348927886,217.5589744505048,211.71414185629658,221.0563122993007,213.14083641332138,198.53157612737056,198.7573761235166,196.04980654533455,193.54496253212594,188.10652658244976,189.0903395742577,194.01004926923042,201.42955210114576,204.78715606390168,204.96713639673345,209.00586187932623,200.58180758808504,199.9790953360753,195.20036971874637,194.7619176936345,187.91136556623508,188.83916965117265,195.0823645417051,193.7776208659131,190.16125952395734,192.93392881922864,172.71796256445555,167.55323022408868,175.69682187277309,177.35574318558838,179.91505461508729,182.2449692592475,188.24498337033785,205.33295645790332,202.2350988851798,196.63585995011266,201.97898647153806,209.54524242458234,215.40812756043306,211.78210307576825,215.26682765374193,213.84618933268115,210.7454887335994,206.3220833852061,210.11074161047804,213.3144884792431,213.74847797481124,194.8361159783409,186.24282436836023,186.90204943330693,178.11750817062332,195.88021602998654,195.68980751451699,199.76868643495516,205.23118691343996,214.3635338803378,206.90530580155277,214.78643498151192,226.3074276889445,229.74169733496626,230.12611307726684,229.16035797239556,226.35175602499,237.36318318696038,227.2631375302175,229.4085819100632,225.6993055724435,235.1058990992976,232.8124647146047,230.47443388170956,225.01185337901364,220.6727403887628,227.9497891599903,218.99845943197488,225.84952855474862,217.21858974185523,215.90281978548876,216.40655321998585,212.5460314207637,208.72092579491687,205.65965322100936,212.3242579456122,217.40682541596834,222.98930551615504,221.41988089734593,213.77949039288728,217.80859353940752,215.79431365874865,205.3338287021819,206.28298029215173,217.93163450299485,231.01055157609514,239.75014957858264,235.72559137426614,237.96722752331902,246.62829492389537,244.8930064632268,231.22370437374946,222.26022963222744,229.8580414042137,226.3718356070473,217.0926054601863,218.25430082422318,227.70126035819945,224.89940253771755,211.54893350179793,205.9803939096197,199.32780246675185,190.59252829197362,190.13472466498587,195.10302690780165,190.00226477667445,179.61357392352164,175.991345434059,177.17824832116347,186.21176099103687,189.4152518191186,194.55294929628718,198.61415084723095,204.28939858008735,205.91904582273253,215.42935242658353,215.32831562709256,209.9370657310695,201.61166562342993,201.57835364945072,208.43228206234275,187.02053734807902,186.9006361332839,197.42231858592544,201.12763736099822,209.73375296903768,204.37510770724938,202.21166779899687,210.89235237727684,211.1576506750156,196.249893522802,189.08493446592593
349,2008-05-16 18:12:32+00:00,,,,252.44757921981756,248.4909192887465,252.06879026300925,245.65261475161947,254.32959686287546,260.5186953175702,250.4315062000789,252.49820109526675,251.86550005822528,236.14632331021755,225.5206434973323,220.4660665529655,223.70677888286895,215.01930023264305,,,,,202.95124387386574,199.28542609786643,199.44166888080608,196.1797253073235,194.35139244284204,195.81901085023293,199.99051367212886,206.86259650786496,206.44064774316712,210.35307807585286,205.86229507932546,205.4304619807985,201.37530501512026,201.3413356539042,199.24851415192336,,,,,195.6617408390817,179.94777095933392,175.92127012778468,182.4251747359232,179.30681461809485,183.24298882725708,179.45125950650402,188.3023546936259,196.14439105208044,201.8150845229748,190.1060382586029,204.44217350529868,212.90831116135075,216.764203850036,211.7936387845625,,,,,,214.0864513058098,217.84209573384365,194.32003525384567,186.04733852186433,190.02587462669325,183.87161172117789,193.48608140952993,197.28904030598136,200.52464285251705,204.90734084597364,211.73188677657757,207.25363144520293,214.77582193916146,224.80664079276244,227.61071827599716,229.8839377831016,227.78780359268706,230.60412327023062,228.2623606706852,225.8875793044547,224.57542659057816,,,,233.88534226033835,229.20494782874724,227.0408420466575,232.9202939918295,227.54796206748992,229.37570377984534,223.81551775881243,220.85682631901176,221.34137141229388,214.97382051598385,215.29763122662928,215.31167756066816,217.57315560045973,225.85150829697344,227.53005710381285,225.47195363197974,223.57236210514958,226.82939864206907,218.65224987083917,200.72280775312146,213.92010012882318,218.99227601976452,229.82513213144216,240.9539694952013,238.2413639776032,236.51635449596824,247.68624842340762,248.97759809786308,,,237.79692995090454,236.92058387728562,236.37424812178133,233.39919471955753,228.18931802956203,230.1046188161581,217.43662906481575,207.42683869827914,203.17359025319286,200.68919491185005,,,194.93948407792632,182.15633383265958,185.09255643657434,179.4725847028712,183.63165945178662,187.68707054776723,192.53691987737426,202.53918087654978,203.26401303327432,209.83070034912856,209.6257579792946,,,,,212.03290847166724,202.0517448769823,191.36400225804783,194.81084061265776,199.25321131649935,202.54089728082369,204.0995353107035,199.395079173999,209.78437893465218,204.81605811984713,193.96262093551528,
350,2008-05-24 18:10:49+00:00,254.17227588024514,254.89741638102538,248.3258603532898,245.81578198497436,244.91560399567868,252.15656430157094,252.3755704472566,253.93387051190234,254.8359114603477,250.44941466041155,250.28747084553422,246.01716572637847,236.78498488039054,221.8254966602508,223.30654891755947,215.61009784715932,218.5562737009206,211.21170440901608,219.88589891960194,211.81395319281106,202.9486437942582,194.39735131055352,194.11744369639297,200.35829098347668,201.32475131295973,196.76575961464277,197.90696598491115,200.23263454748172,212.27329545973868,215.445538111202,211.49945269265297,204.28067320460644,204.7402125828459,201.95792571919554,199.96887077977215,197.6342616591378,195.15667067135865,199.59729611272968,190.66158544301936,189.8530536318596,191.50531692982594,173.49690685583295,177.3286991763374,187.5206227272909,185.56162417588106,185.49242005763818,181.5594504428256,191.03868735391677,196.10560208585076,202.99389816683106,188.48951856461662,198.89143805689804,209.54648968044376,216.82985465163608,212.51755000476004,215.47475638272803,216.72330645514722,212.0713940015027,204.88260469044766,205.02634581048338,213.1869068613342,214.6693087457081,186.12998865507316,179.4503017806651,193.39971369741681,190.0428393014272,198.0631073781061,203.25355524220453,200.8770845260227,214.22790994210618,217.6190590908662,218.06061548542115,212.7173178899929,226.4233973139711,230.04764744799718,233.59616161154486,228.27305140279014,236.9825251788001,235.03229427470032,229.89665858863106,226.085652035738,228.03864603273877,235.43383913553222,232.33399968150755,231.07037859627366,224.29301895546286,230.17414870073551,236.90972722649218,233.3864000253344,229.032387724792,226.69220164119946,226.4669279769946,220.31310731480988,223.0724274848051,211.3189713413978,222.47423793138643,223.9540851067806,226.43238079228516,233.0262447859988,230.95384421543204,221.34661433484763,225.00791077750523,224.65009339847552,206.1974122368086,212.65924576702372,220.72453934560627,236.0597335100898,241.13108314180312,243.73820946774254,241.46280804670369,241.79811284102186,237.12502811737312,236.35884867889592,229.0187915892772,223.75926026038732,220.21335130683747,231.27924661485983,231.14787222493499,233.92112676633826,224.48281395819282,210.60416893096556,203.1643662193421,194.80982330648825,190.38894868024502,187.4680661183256,190.79805841539428,191.6284931463051,180.37779231455465,187.53514642351638,185.0019877710471,183.79117636662625,186.08370306407667,195.9997238172665,201.28580203624267,204.52240359476755,206.8464890994553,213.36339198050848,214.7526563276695,211.07270769845067,202.34713815975158,198.74700070059004,207.15364910551176,204.13933569747232,193.38400239740747,199.21966869675117,205.41273638298148,207.9019970197347,207.49136189269734,205.9887297920089,207.74305573523665,206.75158838571485,196.517809319965,184.93985057839353
351,2008-06-01 18:12:24+00:00,,,254.45538177351477,247.9573390380635,246.65424223192377,249.08416063664833,244.0392058677079,253.27968872977658,253.53744168609762,248.8896012642118,248.54900351268142,242.3141279436761,233.52306420895584,221.62793597896527,219.79662717103753,,,,,213.5215236661817,204.00000381116894,197.78101351661064,196.47459602269967,197.91223641222393,195.24924451404456,193.04884247391644,191.24272099964378,197.5063243761319,203.52832854403133,215.23724829082028,206.53830398837667,202.37630722459403,200.983564448303,199.3089676517402,,,,,197.2808635010801,193.5711681929422,196.47738623369992,180.0121811603051,177.97743014935384,182.68180536286445,183.36983818682017,182.8702466145655,177.851839140217,184.19994159322601,200.29206546457664,200.72486264219282,189.84408803539338,201.02656149398612,211.65960593267056,,,,,,206.21869159116173,204.09992382150728,214.97401763243658,214.32083055699434,194.83702069578214,185.35073819235365,186.3181270538978,182.07920218136982,189.31249372235192,196.63052395569548,201.21321118701067,205.76256166176944,214.5008310662414,205.98282236897433,212.11517289364704,228.42791268895127,225.39040407071377,227.37807572054845,234.22902725076457,215.58242859883285,,,,,236.16744256536307,236.52770126775405,234.23378290169552,224.26869176745862,227.21165854964048,228.67489468512514,222.32041407602645,213.86093060570462,223.32520959802204,218.68445087174632,216.1686350679255,218.88075486878927,207.63134461085474,218.4449368749116,214.2482861110041,222.45070076656117,225.49064362260535,226.737124359467,223.40444614196548,218.18238634569332,213.89056568288257,205.95364036114174,210.98537331960063,219.1816284346652,228.45494657350307,241.86802698629393,231.6492797027588,235.7491124364384,239.5471275194273,,,228.550470321601,232.1087285090471,228.33955537157527,223.15909960473752,220.1075447411874,226.1271031972358,218.7489233947584,206.68005070638418,198.31945063697182,,,,189.89444733327946,192.44077883694712,180.00371697288926,176.8491752549536,176.42106783000366,175.6028612326048,179.59317589215647,187.77488129253993,195.73026610618936,198.27743794524127,,,,,203.38462191437054,203.894680321082,209.92446509677688,194.8011771623418,187.64064247407032,192.1459440473833,200.64249556463795,204.68020459512104,203.91259361548543,203.72440393859054,211.78479903995358,,,
352,2008-06-17 18:12:15+00:00,,,,,,,,,,,,,,,,,,,,,,,,,,,,,,,,,,198.3034537336234,195.10653552096016,192.14169835561268,186.62835726510184,190.7022662745884,185.6419261420292,184.07400601061715,193.98394732891185,176.34765016668564,176.0854409920641,178.86648820487903,176.0796966855913,175.00692740179971,173.80398259766625,176.838139282395,,,,196.78703314221588,205.31221074787146,203.7599586223721,211.7082963027082,210.22442722824775,210.86809459858372,201.7909114614732,196.91643401394708,198.2430659368404,212.8042790779301,214.04569096898362,197.05850348214736,183.0106795680337,189.43104490371005,179.94133945735328,183.8507250117728,192.82865277940616,196.57091141113494,198.28585727108418,206.38236456803133,185.3971478802725,,,,,,228.56551633815315,227.1165034582757,220.62095901823926,221.9007755246668,222.75268596835167,236.38730180997294,235.6717185196479,231.87211858298141,225.59017567599653,220.75670811941302,226.8721266953823,221.711807212679,220.61083018874675,214.63704200581913,217.27674697185176,209.29652622660245,208.55686939064566,208.41002775447504,205.6659464368584,213.95425763069125,213.40374813036235,225.4892650938496,218.8598185443673,210.41275068596954,214.4643086070481,214.4525543169445,202.36479957327313,,,,,,,232.9670245530566,229.32013141531894,222.01234243127948,212.12653425245662,219.74545402062046,233.0602493296136,229.67517644292138,219.92895500635439,225.03632936736824,,,,186.42358392008902,184.96796417679298,179.44314306476525,186.25536660500688,188.48196701512393,178.9120726255752,179.01226640383194,174.3105617861306,172.97608073671717,,,,,192.87673490299665,208.53239670695814,210.57134411878013,198.93468710534094,193.22849638194208,200.74054271928375,203.5312880465683,188.52595665263658,186.43163900384596,186.30323158107336,184.55371998362963,,,,,195.9400111668881,186.72381841619463,175.97665213669075
353,2008-06-25 18:09:56+00:00,250.0330732427314,253.15261659381937,246.4025979691231,245.31377446266754,246.38520643045385,247.98494731371017,243.07154614219377,250.0168587623221,249.3531738251615,247.4524609674816,246.94254977029348,242.9384831156218,234.5970390469417,224.31321361947641,222.60932358339497,221.24507159058544,219.81827590086692,211.36862589746403,217.98649657933169,210.64879616519616,199.20165131207102,199.30817882003117,198.83745807576392,195.91547320815096,195.30075720327537,186.8658035195441,192.28993140607224,198.7406929625613,205.51222174872282,208.0034365473535,199.00061766673622,196.33113876557093,197.28743323757226,199.2936815046493,193.02300904779412,196.10984209711634,193.758263140181,197.50436120061696,189.1159020039379,189.15367302083774,187.8131075511468,178.50415405130707,182.5886404985243,188.56616212756745,181.52813390167708,181.57612724880113,176.79580527078662,194.0269420109378,197.995256376854,198.01819635744022,188.20812140234744,196.24127479557944,216.24787921040587,211.8044865180064,216.87254446269304,212.04847609665444,213.3337167019787,206.5036315555391,199.6172316966627,196.30421720690322,208.6945834199472,216.89346810847945,193.35117188717584,191.91690794356737,189.59713505893953,179.8787584418746,182.542387272196,203.2498672008841,201.2242504436827,214.4567792787033,211.82839415150755,211.78084801288742,210.95680409468625,224.12064233490966,216.9295817151601,223.51584973864726,230.6170810668876,231.45523674091982,232.1540978369327,224.94986779130522,223.01084918554108,225.58740101848574,230.04918423153552,227.9618751151439,231.13724739049474,228.95171672828474,228.73013520700383,233.28273050504617,228.98052283436897,223.51708397238048,224.50741314410902,221.14748305815021,212.45497004889762,221.16832789190238,211.67732419101134,216.13546284305477,215.58645724411178,222.45887259522112,224.57417516556822,222.1134919615821,213.84550300354636,219.02246596940233,218.27920000505833,206.94486491451698,212.2716512634953,216.84226099451968,230.77563367384727,233.1560697619244,234.58875607933862,238.37703235700656,245.61529518478144,237.17828550509228,230.83991728977145,218.9043264438008,220.91870545489832,235.19676821975492,232.83509837793912,229.54825862173925,230.85983833429762,227.7763479187771,216.41957925785164,210.0621538851659,200.48886593814962,192.68516623670595,195.28768824906138,195.75581061094755,190.90825663311395,187.7798434922768,189.7020812516225,186.35173198430883,184.87434114831754,187.51023640353665,199.95425968487567,200.57984871163688,204.69282295328185,206.00150864093757,214.72176032467277,224.73957805746062,208.42183610033229,198.3737292261854,206.83340129040863,212.981972642921,200.8056195503068,197.80312903825686,198.65829021159277,196.466321497769,210.11655694278443,207.8218601125223,207.44017523905592,208.0060843899693,201.75323072638542,193.83280981782747,189.02834520203413
354,2008-08-04 18:11:46+00:00,239.9711912596254,241.2431580646333,,,,234.30350963340715,230.24462208815174,238.18810307916573,245.92970564349258,240.463616211994,236.57954534776098,234.00483939614006,224.62085246843571,213.41688243731244,211.34262630295393,211.9365121139447,210.66090234019782,202.59263077263773,208.53822002979462,,,,186.2832913778085,188.00288766804084,181.75759602847324,170.67119037338404,172.64430881711831,184.3998359472426,193.18284975818483,194.8900905191873,186.6932245250772,184.0901652084311,184.8873491444553,188.75651074234048,188.13759000684837,186.7927831660947,185.31771231898233,182.45118565210706,,,,,163.39911196049425,173.27748336554123,173.37750750791224,172.4827284568933,170.72671674093007,179.83514736714795,189.62243269420367,184.50481134770155,184.7075348941271,187.98584145348207,205.477630549892,212.68193888247245,231.41739844450595,207.870487549622,206.78459162526707,,,,,,,,186.00939254263957,174.14837463909726,174.9179011366542,191.9753112724904,188.38936065590144,209.49014696785497,209.2138719758327,201.8730775726015,201.2202761648232,212.7633699294391,205.8951525795716,213.71298185305946,222.15525856856976,219.81881592428613,216.05883854871308,200.89152792167147,211.21654803553292,215.16350026829716,,,,,223.5547438482846,230.2226717251071,235.6282386617125,225.81646550367591,212.01195412232448,214.99821084996478,205.81449546983532,198.06956943879086,198.97731743614617,195.9067587718684,211.207764676523,210.8188468585116,224.81198812890548,217.9000615960627,205.48976064023987,204.90842786655776,212.8167462027177,201.05782110873264,212.12084099329087,212.17354195590002,215.96648445941406,209.63421854016377,212.80378090020224,215.44512614513525,215.98536602688824,215.06445968800776,206.16043357890572,,,,214.87177332173448,208.36760631102825,211.61872920173744,209.513997371848,203.44869133802166,206.96473165910737,198.27218391965064,191.3718552445736,,,,,174.34299708347058,178.8869609691487,179.78657838735222,183.69681229635867,191.91510514417052,200.95163711366334,199.81558105023814,203.5126612001726,209.18585287413015,208.03739074238632,,,,,185.3903860373644,183.80058689399408,187.8811400649789,196.78649918914516,195.70388326388894,195.388505966521,195.00143823586257,204.10649239086905,197.5927733515307,184.75398010296408,168.72406408233167
355,2008-08-12 18:08:32+00:00,249.0564330936412,250.3013589380209,246.7807356084228,244.43202614341112,242.88786807197545,244.41892822799764,237.48286445299317,247.26384047509023,246.98690079313292,248.0795868855795,244.50344927334484,241.73354562506827,227.40151967144942,219.2711283443386,216.61776967936805,218.08203969998556,214.27058666809577,208.2960430198567,222.0658669407029,211.23037948556583,205.06396831759432,196.304129667174,195.42827384494262,189.37631334121676,189.76435090307763,178.16074849946676,184.70309362295376,188.08658326788878,199.39223468473227,201.50229117038447,198.1591597598654,193.36993466190273,195.51151731733407,196.53910131438477,194.2327622516876,185.0454221160018,183.97195195547673,191.0784171382478,186.7581772466111,186.8214114245871,190.112420747405,171.29488763415117,167.89303825190012,176.77715669974344,174.09747849799726,176.52688543524553,174.36439316259612,184.38763120864243,187.75897140039024,187.62093182493317,182.40317193904417,186.98020893376759,202.86201815723277,207.62329292822557,206.58740401323487,211.6657855118455,206.68215393436714,208.57544978947095,199.9885707882332,198.71184520333486,208.044514725116,215.4200921404398,192.37683527889064,179.29107101874536,188.06592874384222,173.92797606779243,175.39278309833392,198.3980057445852,197.2413918745917,204.30954507788823,208.5776200567884,209.53233488859402,213.63997456502983,221.227227475063,220.4297590573414,222.9158649311364,223.12261139261716,228.0713849317809,225.52409393042143,212.64708692934673,217.00719994633187,222.3733095621344,229.73054057525349,232.97274468956607,229.88189656286391,223.84128534030924,225.14514147364883,230.73749684509482,230.48806310224438,221.17927026847403,218.2708134352296,213.12747570356336,207.17446560441545,208.04463682551014,195.75630793794392,205.19817087922718,210.75878024503623,211.8592161854429,217.01307009585156,214.76906979573025,201.95759211203958,206.42295520773428,214.14223573158256,205.38626556978548,208.866767045232,210.2167710882615,219.94445402052554,219.6729978214318,223.3234471499843,220.5044622324876,224.23984691991967,214.39889610889134,215.90288655565575,211.45987831794852,221.64584054889517,225.8357937742425,219.401892412052,219.2208727863732,225.85433974282816,219.81682381323412,210.8679655234929,207.48817773193718,201.31375244955802,195.75568501144278,194.68740556295324,200.5938167648322,195.09608500602266,183.3533151031669,182.26983662207974,184.68646526011125,186.51011613024244,199.54232134445692,202.48386136698147,202.48955023222834,205.56411261329288,209.96533399167282,213.02429110502806,217.01911343844807,211.11844001609535,203.55602740204705,201.531798002527,204.78117334012978,198.07248222593887,190.75624041046018,194.24198024073047,200.91500650537387,207.723333193617,206.32920089414802,199.8069885548465,203.38534197240196,203.35481461438434,192.84103951087894,186.3218457230258
356,2008-08-20 18:11:40+00:00,,,242.91872207243068,237.06878592780072,238.7632870697657,241.72202009158133,238.20285359623406,247.9332723757381,248.1460898407939,243.2644499042609,237.80645551255432,236.70716718669507,224.42682384688092,215.1434597009826,211.04015308341866,,,,,207.37849175431091,202.7013745711431,198.84634920212727,192.20435873892785,190.69262020191866,190.56240771953887,180.00440496777907,183.3092919840285,190.47049495653212,200.3879595422817,198.88636780497052,193.06040243354,186.4205131205142,191.76045677493988,186.3989539203002,,,,,186.01991514867296,185.1504662470657,189.41303279908385,169.15800004143074,167.2284576809506,172.28825063631763,173.52377007643076,169.95302865730096,171.7115978454613,181.0526306596712,185.82426998401706,184.42764866478666,182.34322137549543,189.15953695113055,196.43094281199302,,,,,,205.76437904078512,200.45528986854748,209.04636925773448,216.037174789463,196.33942278690532,185.21730246238928,196.31268355507586,186.93354770906626,190.51869252499847,195.23848097886687,199.625012395824,210.5415541496443,212.81888801518875,204.04166279151454,209.99951927740787,219.1427569282768,212.64630930425625,215.2111186093898,222.10350848741007,224.9302951138181,221.94317112036828,,,,231.81201255616713,231.48517084646534,232.81284833695452,228.33093651814278,223.42900755093956,229.62994790366554,228.55925323129912,213.07252306487834,208.12930078188376,203.85341973269783,200.43506536065098,201.7001627792107,209.98151966725652,198.90497880117934,214.4947662489793,220.8868747876356,218.44968586759595,217.103325192223,198.87279425315043,208.57439395453608,217.05035090747526,209.0763145474535,211.5676433043737,205.10699893395483,215.54534139951366,211.5368164468842,218.63918721549987,218.66978701962063,224.64412209124768,,,220.21587940694437,225.1127932154931,234.52700126248251,225.6747625796306,221.5510601628808,225.0269963472865,223.91882581500192,210.2187372007541,200.8290658064101,,,,203.87908865839125,204.35766821078766,193.61622348773415,189.35746536841611,189.01395179689516,190.0018845110967,194.06725610603033,201.36403160418956,203.5135628896519,203.62240600753685,,,,,199.04692661846764,196.08938124006596,199.66631923139835,191.5615165607809,185.5915105810646,189.34882405442997,198.60352773787514,200.2018055411571,202.87082512307302,193.91577756861273,199.2438313562452,,,
357,2008-09-05 18:11:32+00:00,,,,236.91509452912527,238.49786049647156,240.10080209396423,238.13734071511644,243.02986402473488,243.97350710236066,244.73115826171528,239.58480146789742,235.9363827258531,223.2225290828282,213.34825468691182,216.30306744260602,215.75767056651986,,,,,198.01075650238408,193.91294762297355,189.17493899598736,188.95309833999713,186.48466993430378,178.2779712353149,178.66257208375606,189.3666410119931,194.18143809036542,195.4776153736508,198.03421412097583,188.53074747581405,187.48338902980527,187.64799177588418,183.97071794976245,,,,,182.6591254677621,186.19018541162518,167.4355007920185,163.72254420664547,178.8487385790927,175.75034839209934,176.54385500111024,172.32499136251883,181.6710082566135,184.39275193459514,182.48692199205385,177.79609750579306,186.40217175938977,201.51694906637726,200.14864973053443,,,,,,199.1890349893668,203.6495999277467,212.2214620713475,185.26949843231895,185.27878476271763,188.96065252673796,179.95307842574857,175.36246393772163,191.27132445953302,197.5482427806535,210.01770028957756,207.77798443728216,210.61315727508344,207.72128389964317,214.91844950971512,208.47730605593574,212.3436673294948,212.94415349319758,218.8545640394313,215.9055748768078,207.99374024736503,,,,230.13967170278505,227.99953365245722,221.95396246012146,215.66902966673874,228.30220666484269,223.63802681573583,212.12098279187856,203.60037454379727,202.15973943699936,198.9616476526823,200.51631080677555,194.87743232952883,193.05604298476948,205.37754291137662,207.24939767923718,213.59429343519747,211.8728852061158,197.98395791751807,204.52121402417512,211.38368625764775,202.23863004096222,200.82237846448697,207.3830515445501,212.51156143436666,212.80708525384367,211.68440013916663,215.61407486661332,221.91860856471163,,,,209.68176400850612,225.3643449066762,222.32809549936655,216.20184110770876,217.89123656629798,212.0065714997137,200.34179981106155,190.53354574770768,189.12640367695104,,,,194.2700342485899,186.44858443086494,185.16561129426623,182.876819386838,182.0207396321051,187.40240346942858,191.51054272182924,199.38089802933368,199.34466971662897,205.1445315984567,,,,,197.6623616499645,198.1693121099209,192.6091297415104,183.01574240903733,184.30653876786818,196.75284859521958,201.26284033484055,203.14005526295637,198.19344876712694,199.74105619013937,200.47635659656225,,
358,2008-09-21 18:11:23+00:00,244.63983010144128,247.36595870224645,241.56142641874638,236.70222999492637,237.22575551160898,239.5519239390882,233.38991253988604,243.13868034917735,242.56150188229273,239.23382226399173,237.78951293911757,232.0164089680737,,,,,210.13402931745486,204.50963326793863,216.10713665977755,209.54675043770484,194.10486543578884,193.40533987158983,190.98201148036546,190.34407896652675,189.20262288638102,177.95152337699665,179.58157256361622,184.28038291763625,199.68389723270866,204.99905149727027,189.35453984907764,,,,,187.60764941481267,185.88299998690462,191.9404625174169,180.7985464471671,181.76735959238133,185.1646948317379,169.56221951222153,164.32604392079102,172.90140350917682,168.70630059512706,174.42178755412527,174.2032588321251,180.51514481965876,187.87378582064912,182.70870605930835,,,,,204.63493785550673,205.99033336333338,208.02324245962726,196.41147207777476,193.35759596986207,196.06083687316018,207.0710546716684,210.7799912083775,191.45355581600612,183.51608773185347,187.25473230588392,186.3394898855171,187.43542535131365,192.2693228833132,200.84410258952948,206.95374200011287,213.4347378169311,201.81142249497879,209.3147371119604,214.16170578152304,209.4691426610047,,,,,,211.31075752448038,218.86393513437352,228.60889941189353,229.7713327583703,229.2992249130735,217.9103741229129,224.60183649724038,234.26286960848404,230.48154609860129,221.22864484589348,210.18044795107443,202.433159170824,200.85991061524564,197.85052903799823,194.6688323578448,198.581720949379,207.70667154602518,208.28461743067757,217.53429568644725,214.18596323444368,200.0959878971218,213.88171791008705,212.72591661835125,208.25335629551404,210.8633612850299,211.04993475931056,206.01470399046474,209.18490562681524,,,,220.90945586717618,220.63580632949487,219.80743425224367,217.9137369049589,220.35757928130462,220.07019915562987,209.44715049497026,218.83299139620908,214.9604597745652,,,,187.60017031754217,191.7517510012081,197.53250019375838,195.3782598919738,184.76799011550673,185.20036445159377,184.53022786261397,187.78101317223587,194.71143128014276,197.17577903404413,,,,,217.6064557848349,212.33836910299786,206.05394321712697,202.9286121385753,206.78989493523926,197.59100668546063,189.92309791573894,190.6317817832073,199.0815535931288,202.4214799705769,199.23271995219747,,,,191.20892586187645,185.572441944434
359,2008-10-14 18:17:23+00:00,,,,,,,,,,,,,,,,,,,,,,,,,,,,,,,,,,,,,,,,,,,,,,,,,,,,,,,,,,,,,,,,,,,,,,,,,,,,,,,,,,,,,,,,,,,,,,,,,,,,,,,,,,,,,,,,,,,,,,,,,,,,,,,,,,,,,,,,,,,,,,,,,,,,,,,,,
360,2008-10-15 18:06:38+00:00,244.11505691388618,245.15969972207415,240.55656504987184,240.60697872086962,236.81846373136915,235.24377549056675,235.55875868340243,241.51754329896244,244.98433833081043,240.57026577863255,238.10191325639389,239.12778369644212,224.632488921123,212.87912829557658,208.17944683638447,212.69887263845993,210.40538535119396,208.45237714185885,211.95373174500128,201.96906635749426,197.55026065977302,188.44977624227477,185.33946359536995,184.03587512890067,184.50559078180703,181.83779042068124,177.68188679418108,181.3642124311557,184.78090337737882,190.22683583073922,191.21883647292822,185.2409839547213,182.32668797461963,177.86667452560374,180.11832187035102,180.32414366633745,179.99191322069487,186.71353543836005,182.29881976469483,183.92470619003046,186.0893959559428,178.39844341660145,170.43789508432803,177.18284308838338,175.47718357526634,171.33438229841806,168.70225103654334,177.8683112846303,181.94783041143626,185.9241874018718,186.9879696217094,189.22183255262638,202.87225117497317,200.4409762302626,202.77607686263684,205.41798062581432,200.20388107694828,198.54174862911321,191.02078172017548,204.48581721298746,210.3539298631306,211.94888087102748,191.40287645324042,191.3965940428992,182.964729511202,180.4766511912943,175.77914492259288,188.54836068063574,189.30650595672842,199.101108034753,206.04082108194334,195.41316102335392,196.0615993750613,202.05114396087794,203.39361592968328,208.2059349027492,214.63100736939555,217.51153221423314,219.5835635024835,211.54552553329404,221.97258416443572,222.28205197606624,228.70345746392437,225.54519248173048,222.26398413243302,217.09886959166286,215.24344392688218,223.92541158419652,215.71614559434906,207.55954594272288,203.06968945117325,197.7856701215715,193.35387749391572,194.09181200839652,189.3035295285826,189.77335056949497,202.8685412094078,204.57954345628934,216.24822626726737,219.22016041014933,200.39034447412627,206.80614323208516,212.11478744052562,201.00730305951237,201.24854953591986,195.00914169685277,206.50450498233022,210.58457986308719,227.98854164841777,225.63533792070967,222.6281053932621,230.30072465596072,208.1774689729774,196.32616776809155,211.70268258981162,217.06481926947805,214.1229766337237,214.50571859414393,219.77846416221425,213.79316261423062,209.74378673143357,201.44967069179938,199.21411783341435,197.4134593614708,192.77475039094816,198.47843167568251,203.1598424653684,189.28338681002717,186.16390554591766,177.86298251700302,177.81269664855859,182.42084991727296,188.39931298020468,202.91247114380636,208.46950848854027,206.76774387337417,211.7671575415515,216.04655596545655,205.14525050230174,194.82198477423276,198.7187093877505,205.7236532203247,197.63988899572186,183.93567216689195,188.51087043014283,194.67341271764988,197.57677358188647,201.30998416411495,193.5198105131317,198.73237821291443,201.09457736506207,189.1365360491787,179.82735519631268
361,2008-10-23 18:11:22+00:00,257.04646922014285,257.3219600305652,253.4069530524509,250.464535186026,251.97427625392217,252.9029026832607,245.87982089168918,256.44211670864104,256.2944217592365,253.9000830362707,241.117304193713,,,,227.64484377700828,229.77283196061012,225.12014317613398,221.2593072535903,229.60194014670014,219.07987005711664,208.2224648036953,207.1477845076402,202.14602540850993,198.4041055565627,198.62490095050913,187.6964533710638,193.6504470070943,191.78224688061607,,,,,,198.8156447874334,197.84377008664896,197.9770564478937,193.73260054180258,195.48487101823167,187.7709786339408,187.84415838377532,195.27345881573626,178.00715881108152,174.85941478564143,182.59350797652593,181.27909766882553,180.7479611815558,183.72335086507985,197.3686275020258,,,,,214.7665021252975,215.95443793808454,216.85214470083866,214.52578976717632,215.30623759700225,208.85091982069358,203.08088150300188,201.51516825428953,213.84427503832183,223.2394808458523,202.81695548682688,192.64327479153673,187.70015900882882,187.20183116135212,186.60122936151424,201.27644589777853,203.7761104471116,215.34519504511715,213.367504716059,218.0387809625763,213.5492825224201,,,,,,225.61208004339278,213.54678816031944,217.73568428846949,222.6684032322047,232.01651965794343,232.5874145614084,235.85907172569443,233.32535868585595,233.42539514252036,240.09261915083542,240.22445185503267,230.50402632778722,216.21546254640333,217.47067345002367,208.34770107193665,217.4533466333888,205.98182308831971,214.64288181988587,215.53938286574945,225.91213447264383,227.94317219103667,226.3695276258493,223.44397997080324,223.30204984229562,224.16068441262098,212.28174737309706,,,,,,,231.56693972040506,223.72288884407817,220.60765325415312,212.96158611163202,218.17281935949538,232.33967697314733,223.79959964930794,209.9181090054616,215.63860688133727,,,,202.7247412466976,195.79719015071638,202.45861890708176,209.12954335817977,205.49466793893163,197.1243975281869,194.94489350916325,195.65960893599583,196.64195113655686,191.18259649247335,,,,,226.02635025088574,232.62985175572646,220.36317412647008,213.38376185764525,219.92908251135867,220.25352951181466,217.24944001427076,207.0383102771675,208.66722781231448,214.66225135996427,,,,,217.1595854893228,204.08101533430874,199.8923381631933
362,2008-11-07 18:11:38+00:00,,,,,,,,,,,,,,,,,,,,,,,,,,,,,,,,,,,,,,,,,,,,,,,,,,,,,,,,,,,,209.16639946594586,217.25119669217747,221.5516013614419,201.78792790985926,190.27730979573124,183.38409740524068,185.47057736083974,189.8373631817225,,,,,,,,220.86950191911768,223.61537404212697,225.10727445857833,226.14454167375527,224.9902812196883,213.8027092447801,219.71804064981725,225.48400742728847,231.72476579186184,235.02361719316536,230.6155939181752,231.5781480417769,229.7288443354999,244.9257613274042,235.02665273034876,229.96809860634787,225.55908039581522,218.96063360159795,217.58065460415023,209.34965156474715,203.60269922880823,213.7542826957263,216.74009903800015,228.56745442778828,224.1482581800787,223.3102090615477,217.66713792055197,223.26927117523502,224.8628428615254,215.54764611710422,222.86599669055954,221.90915988345995,230.92578604310205,229.38142646336962,223.26301026956534,227.4643125310214,229.88512645473622,222.52729430931035,225.07183120185402,219.74105619689988,223.9980751407001,213.32835487256244,210.27744418107292,213.96813807349085,220.75643838949975,218.71419471805228,203.49027703046005,207.04697885421217,195.1300669394602,196.1583491537242,198.5399314411146,201.66510543544322,200.4946086463051,189.76390504226484,188.3997958393303,194.0374703497925,196.04099050096866,203.26797118292404,203.71224266431187,206.38182999886197,213.08092068595977,214.65874861911976,218.1014255439655,222.678148346485,220.71946005254534,210.00552928368637,214.73820180500758,217.01396672307806,206.42433501301718,200.86257547159803,202.02871554759292,213.24175731354808,215.95603011897504,215.87575369409825,212.82240520060392,214.20672319809594,208.2238456749389,200.673175184132,195.70523813392293
363,2008-11-08 18:11:37+00:00,259.8292862821618,262.9258034823339,255.1413282375803,251.85848068605165,251.63699712107078,251.44588437868634,,,,,252.16748918473937,247.69338120808186,236.64897486719303,229.20969366238594,226.974887319915,228.29878961529158,224.53517174097163,221.20267755792872,228.85671208698648,218.72692659326708,204.38280749161757,204.0908748457466,197.08739795017314,,,,,,207.810751520311,216.6809503132519,199.0321863708385,200.26131630797016,199.10736853052174,203.01126718716654,200.683213790614,195.10697329142715,196.27156338086183,195.76518557582952,194.09654639752216,190.13240374122182,193.91380461489484,180.47290248727535,,,,,,198.79941739764874,201.51211013860296,200.29554559719384,191.8008551452652,196.56282219629898,214.99792460430268,214.38489668285786,221.34521939231547,225.3475421537523,217.78369346907635,216.14392715923037,204.89494113114932,205.82967242179677,221.30266344658136,218.97644566189365,207.34833019362935,194.05098558431655,191.29167728142522,,,,,,,,214.0939609283098,228.09249000941767,226.54110276123126,224.52643375050053,224.57808686730021,224.45573525966773,223.8933215214071,213.9768287325926,219.29041797915386,226.2681689136258,234.80771773877893,236.6936014431947,233.10559770227513,233.72683752634563,,,,,,,,,,,,,,,,,,,221.51781279085617,220.461295695261,232.36560025450436,230.6643787650666,237.00201276124287,232.2964961515608,237.6943581986726,235.24846035035353,230.62338158082144,228.38750605498655,225.71093025539363,218.51783246721553,,,230.65639137279746,224.30597058793836,215.6152064568235,200.6842455867896,203.45056818170616,203.4903103705817,205.9677079549251,213.64548265634284,208.0253993659405,191.29495010305254,,,,,209.67342194922963,214.11858684256146,215.82778595558648,219.73856277530263,227.5274256049628,229.41216347010504,226.911307466424,218.21660726740043,219.03173656517743,223.43551339610678,,,,,220.00473209665455,221.03833292970475,218.94465281374775,220.12926241254058,219.51515345670816,207.5290086697275,198.64741297986774
364,2008-11-16 18:05:52+00:00,243.89073233728294,247.87690198257985,245.23432591915662,241.00104244917145,244.87042920100072,247.65504689955446,243.97004714133277,252.47437729869006,250.9535597953366,246.07528034711532,245.53128380050086,234.7139925304857,227.24396127557264,210.08821818827835,216.00972163829738,210.95815660322003,207.3402071675837,201.75926779918947,211.59373516195512,199.3617743914608,188.14912709780683,189.8280609019304,195.96213349436687,197.1996991322914,195.04535794567474,178.9762602413481,178.4790246980496,181.68069221025348,189.4361273366542,189.51711957183056,191.1807676262473,185.90273852344976,185.7109674623697,191.90719794219,191.0510411165382,184.28845498472148,184.67432185848585,177.39680622096773,177.93212704579355,183.33677634569617,185.61304902543068,177.01140260992383,171.92947638033962,182.08880758029505,171.43337434897808,172.54460858920726,167.2449065045325,183.75019015945202,186.22979028262554,179.79853469130666,175.99272686599198,191.0248042261182,205.00470157275868,209.6698635453378,210.58912871338845,209.17810058535645,208.79587857377305,204.04564976023707,193.82525233263397,193.92089103689648,199.8947541033713,211.52578128156733,194.8583484832152,177.6039544775283,179.08948005518988,188.7368001113092,179.6761122483569,187.7114155134422,198.0562302433191,205.1973008068739,202.5660146144242,195.25806196252503,200.2829172313032,202.6944679408195,206.83683142505538,209.75587377130174,216.06527343704576,217.0916157730354,219.21825341994048,206.1763017585659,203.4535576869539,215.0684098739357,222.88439068471078,217.28775154816515,230.99123992714834,225.75046553669068,226.17133729277083,237.4007368583768,231.62380842583025,223.62710563183413,207.03786706999378,208.91546929998668,198.60583462833347,202.98326423133682,202.49369345778018,207.93413472892712,213.9839160200894,215.00601116348116,221.3557192712207,217.09353430770705,210.70439655955124,211.616058631068,206.35531321783907,199.73626244542612,207.3328082245321,199.42098455089052,206.04287004037252,199.7145179297743,211.62087459431282,216.96569261102226,219.40605181772472,216.27976428776313,216.04125091277672,206.30698372447654,208.10062497659467,216.98030283363033,212.1741475999445,214.42877792571335,216.35299375965894,214.8685332760685,202.40353237187028,192.87193545309867,188.61693949277583,182.84276739326742,180.47505828166982,187.05817537198845,190.83988851083268,187.51004681325782,190.7443959665764,186.22445629588225,184.12209825559748,190.40339305204213,192.87661242524226,195.27960629202482,199.8884063359498,203.5662874890382,212.95104291158538,210.83252746374342,204.34970103834013,195.6348227624016,195.40311132756455,209.40650096590426,197.5603780006062,188.01862369144584,186.3515633103455,189.32572250175747,200.30776945451692,193.42248154213632,194.14669286582824,197.1351438766881,192.55406849017402,180.296648730063,178.92017403651528
365,2008-12-10 18:12:00+00:00,255.96482429076792,,,,245.82001954536497,250.63817125896702,245.76884531720748,253.08524350760243,254.00056890836353,250.8701952827056,251.55742522479733,249.33746666333064,237.21576338618186,227.24876002193815,224.59040220613457,224.3502277030948,222.00196816120672,209.98991306918057,,,,,195.14081666491992,192.12690325917234,193.33529281047504,187.42164308297794,194.25511850461675,198.90587982776282,204.0511668743419,216.30069461955372,204.85326917414767,200.99134124737765,199.33830246405319,200.59118935149664,201.08630250003938,196.19371624583965,185.1057391552195,,,,,181.46193559231153,183.36821998795176,188.21870345964254,186.74688883786501,182.0044923465424,176.767780224185,193.08554991067453,196.4295219558028,195.35143947079226,190.23103687344857,195.43110986819897,215.13595898108952,216.3571336256885,215.9875478063896,225.29123077505847,,,,,,,,188.0877627511384,196.7434227393544,188.44452391286097,206.4519667703099,197.34806246291944,203.61449598230902,203.09786743131357,216.41715776095282,201.07740309033935,210.10184806830966,220.88001527650448,218.64764264616338,222.55761680480956,225.96735079603306,222.20470671649826,224.02740756709966,219.90034019871842,226.69372197518214,,,,,229.62863894696494,233.6663902612101,242.91988896640004,235.6265978194198,226.38500601133833,224.01314880659822,216.99163027556767,216.63626216268477,207.10068491782945,206.46107339980182,217.15810450836045,218.80577011938777,227.9862211309001,227.69086351819684,228.22010478070737,221.53078068449048,226.94974198297686,216.11023772168468,216.55672810488602,213.18270826943382,220.74915292658238,227.28081560030503,223.9618922301768,231.82738808186596,233.06404378960792,237.5146945714182,234.13561195395897,,,,215.34567678601704,208.09287419189613,210.56610642556822,219.46536868126148,225.01363736397843,204.61738203526562,200.29266335938686,195.31522346862243,194.61261763978294,,,,,195.59585746055066,194.82839571929614,191.48889973966223,190.68406340885116,195.5669169269983,207.75688501485064,213.2772598865578,218.16854837939172,221.14141029239855,215.86295435959346,,,,,208.47109145723408,197.0172105477469,200.49810030488652,206.61695063426237,212.00105718558427,209.38513404363243,209.63158640561403,214.03275008886402,210.93271069427385,202.3198447211558,
366,2008-12-26 18:12:08+00:00,,,,234.58815788537532,237.464544750733,236.8970238596133,236.3038101852092,244.29438741562484,243.70986950028484,246.7142343524046,240.87223939143064,236.4265340387379,224.74592344650011,216.7716973454426,211.93742667268086,209.66058345366469,,,,,189.53568547916825,185.64824102232788,186.5813283348378,185.99746469176523,186.43042607911187,177.03725496110104,182.31808390127145,186.4355661504179,193.664318980585,195.5304405672684,187.688255950006,182.41297909506238,186.10165607888695,190.31510109702856,182.15286758835592,,,,,,185.86570774193518,167.03903146820224,165.8901332875916,173.42669572337422,177.06205202626336,164.2595900815179,165.86737127517665,176.60126891891127,181.63218899162223,183.05316258437645,177.79653277462944,180.94770740652194,193.6493760601242,205.38411599627722,,,,,,,203.59040154711312,207.40384273093036,191.06336474484863,180.89129645298425,181.76240322258718,,175.6767834163468,179.9154529758021,182.5921081858819,193.80118596223784,193.97649714512136,193.45741985726556,191.49466171387886,207.50327067172068,200.94694050741543,208.45759345443287,208.41472200650327,206.33010481455798,209.275501446462,198.43847701903655,,,,224.2697720845294,220.10063161403218,214.2330810494284,219.09223472986798,227.35458111512335,216.6439476400141,211.99597559064088,198.99845131102242,203.5333957843894,199.7386715232911,200.857693568356,190.630208123854,202.21565686809527,205.95473751564617,211.1885411814581,215.7063603019388,212.24669464414254,202.12049185241642,202.19487354800026,204.50467096299624,199.20496476794315,201.76621460603985,201.4377125611913,211.1910601554176,,,219.63940814754454,227.32006648787518,,,,210.50986310370666,195.3925240143978,189.26295751377663,190.6426776998305,205.8498655740239,207.5217806278331,194.69811285555147,186.28220414675627,181.82314318155525,,,,185.0695205673794,178.84654597740257,178.96194160427808,176.68840274290113,178.10543899330486,176.6889487816307,179.9394254653835,191.77573932565673,197.1988738883955,197.83904388454027,,,,,194.16693341590883,196.44797275669072,189.07448298613872,181.71921209421748,183.57296890215378,194.34890195215752,195.88257223942335,201.1120534540891,195.73594000694544,198.75320978079463,195.09126143214385,,
367,2009-01-10 18:13:40+00:00,,,,,,,,,,,,,,,,,,,,,,,,,,,,,,,,,,,,,,,,,,,,,,,,,,,,,,,,,,,,,221.9607117709294,229.13839005690733,216.51494081478384,190.5431311524618,188.47389953658845,189.32224677220307,198.64881653588472,198.12212730819664,195.46766131317926,204.47416098035063,206.7749848817727,203.86098925166613,,,,,221.1661845431681,219.51878362555743,220.1215183738998,211.2603667793005,222.62405545303199,223.3211741248946,238.55194412375027,236.76655048136084,241.62825953265474,228.07277942477378,232.40506098604914,239.30092953976308,238.99471716570332,226.9611678740073,203.1050496120807,214.02198465787464,208.68346690855975,210.9978927298274,208.32468478262922,210.26036622974576,214.68216662027103,218.36928011382366,222.41764532131515,224.96177325346935,207.2863377209386,223.40989792235388,212.4910140682266,207.58422289379814,210.6137407788304,204.18014723453456,217.19208652754278,213.91065196336413,227.2917841870954,226.04578073086515,229.66301230272742,232.21967499198578,229.71322609855346,225.49468334408203,224.69302407825654,217.8766080703342,210.75536141452983,210.4430989976375,218.3392441773911,225.00301643264646,207.03638397011667,196.2459093291805,192.77686685703912,187.37482707857032,184.8038927452548,197.88563805750334,197.9547486909066,190.00949646565516,187.1292671289807,182.80596439857058,182.646426479422,183.68816973988544,188.55338334484406,197.0657685127266,199.97516450205075,206.27569621707556,210.02294747374884,213.23978272408272,209.4846208704338,199.84334282409668,206.68229594737028,211.05474011687767,198.3798338594521,191.69843305006424,190.12483223084294,197.29977191582742,202.214486917336,204.43113924365196,198.30434461745907,201.58858876227785,194.67981688733747,189.32681982596588,184.77323012239117
368,2009-01-11 18:12:13+00:00,248.0077672885516,248.61781116733144,240.7952370168916,235.62974521392636,236.6148881619175,242.29724649952317,239.35311104546903,248.4757294899446,250.4280210442016,245.04779032700992,,,,,,214.62418632603539,210.58252606102621,202.56268099610008,212.34998262115852,200.36939632523632,195.32263541633586,192.51596411617663,190.2536456986727,193.02906998180612,192.4365094741692,178.99029693879734,186.33900085063095,194.20378248145852,203.07792675289485,,,,,195.64218890153688,192.98496339110807,183.46470991666132,189.17837170466942,189.71505970617622,186.6396242870069,182.14233736163925,187.28009282163367,173.11876735458586,169.45699059158483,181.72506332097208,184.41889021385046,179.694563786476,175.91412004369482,177.3993390475499,,,,,206.39945455638542,215.25747540523474,212.11483611943783,216.32491099412152,210.98337062520585,209.46537530702233,200.0878918283081,205.1575121971195,215.98585550146282,221.35954124543463,206.86802427331213,189.7892971180719,191.8119118517893,,193.32853350743915,196.31321708928178,197.55470986861997,204.15690650319675,204.89348556426495,196.17415767947145,183.63326522417844,,,,,,210.6010819453956,203.54300804499212,215.93081665821705,221.67274098302337,229.6925404511376,231.40624386314482,239.09250371793652,223.5074333661438,229.98659854787036,240.4800833184989,230.40457539614414,222.89371586218425,207.45266921736905,200.88088283872162,204.9785923794122,201.39884102993653,207.45851971565122,211.32094393221576,213.24996866186572,218.0349958103244,221.58533648449384,217.0305896582331,204.16985803537105,215.22334641466313,209.16225363754563,203.74894605522985,,,,,,,,226.30594491611996,225.0600772266406,218.17522142311424,213.01625868633192,213.92617022119106,203.3229757648241,203.79883317122017,212.05336416075187,,,,182.29951491002288,183.95056963690305,179.48167903058877,187.61664266712438,185.9868862130677,181.66897735515866,178.10995006575658,176.09141824565273,175.94070772150775,,,,,,209.23048635006535,204.91941962978308,206.0376492849337,195.39316258421462,200.16796135600683,195.19025564935032,194.96662765537593,190.23671350339393,188.3070012523423,196.65531729346083,,,,,195.25241869749337,183.2512852176178,175.47043222326351
369,2009-01-18 18:18:26+00:00,,,,,,,,,,,,,,,,,,,,,,,,,,,,,,,,,,,,,,,,,,,,,,,,,,,,,,,,,,,,,,,,,,,,,,,,,,,,,,,,,,,,,,,,,,,,,,,,,,,,,,,,,,,,,,,,,,,,,,,,,,,,,,,,,,,,,,,,,,,,,,,,,,,,,,,,,
370,2009-01-26 18:14:06+00:00,,,,,,,,,,,,,,,,,,,,,,,,,,,,,,,,,,,,,,,,,,,,,,,,,,,,,,,,,,,,,,,,,,,,,,,,,,,,,204.2168485331584,214.34638954474053,218.1685027253414,208.59683840641176,217.01311706040082,223.3718000227118,229.5291010911264,230.03821563211034,,,,226.88931112072163,221.53224873954005,214.90477643181157,199.1712439158777,201.77146709372047,201.02257296192477,199.64016862637658,201.22006048488078,201.82081496605326,207.77316744678936,212.51780488831622,212.26528907438419,210.43141319043377,205.23903796938743,207.0458189517688,206.8191498244105,191.06760072061155,197.9929392694305,196.80039612873927,207.84922277838157,202.58624454130293,209.70410016683124,215.27571639654894,228.2262749725697,224.67156581562404,224.8237678501937,221.48811598730617,222.43784524200308,211.05686111838713,186.79792550018902,190.40815245821557,200.62188437810482,200.33372659668674,185.72207860752277,188.11798800852924,184.17001159052086,184.9507447432054,182.89715183082114,186.1718682023323,183.87070913209448,180.5860983833694,176.23451817081042,172.36696879262155,173.20228981698955,173.63756721255766,167.7644770118332,176.29845447943504,192.68311407795014,197.9059522315916,199.09073934317018,205.61804816827234,200.5913441080666,193.32707349237543,194.23296747503773,193.56902714748912,183.3270255945336,174.15258514740464,174.93854158900737,181.00617595620375,184.0669134386542,183.68258935634364,183.49023718732076,185.70537901664432,190.55178726135216,180.68356818800754,175.09718001881487
371,2009-01-27 18:12:18+00:00,239.75351032688752,239.67736208240973,,,,,235.654743282326,240.70044892994804,245.09073668972746,242.26036764467335,238.379047820577,233.79374208691053,220.66827282819884,208.6109780198287,204.91405443022344,207.34287354466946,206.56661738031826,196.56656032039825,207.48852817681598,,,,,175.33187061486655,174.78598204310856,169.87084804394382,171.55285681139236,182.6664709623357,185.53410890304446,186.7037132899472,182.8855609551742,180.32002439567898,182.43398380485047,182.52988466871787,185.60536916094756,179.1670866025134,181.67997409480978,180.85001239865016,174.6045745344954,,,,,170.8845089237187,171.1651739634304,166.84567004533926,160.85237183584738,169.71673936493357,177.0890070051559,178.85569025608655,178.70971125456032,182.7929507750988,196.4379969042304,202.80195491963806,204.0667130675513,205.71462298294063,203.40722461719236,195.75117579560833,,,,,,,,,,180.8143463793981,179.47864315416234,192.86156308275997,198.5985775592079,190.00435309461687,185.51058766013193,206.25236634416717,197.71385060229034,206.73796234354688,210.00936861745276,207.14630033184162,209.95394321250083,205.43268937824303,216.3507824789952,216.3623990339093,,,,,,,220.8427604195416,210.32646822397848,197.4327482376907,201.26746664606839,198.31383526130224,202.5641798599571,194.313939193098,202.07817587541967,210.615796472279,204.97999765856318,218.36540903769065,212.75958908226113,208.4593154925463,206.71603442599115,206.16886042478433,190.19417597640165,199.231906714557,192.06324687195138,201.349150549792,206.04363276960373,215.26412655562922,215.9090721353894,221.96554255523012,211.4897599692183,215.05568711213533,,,,186.40887187007695,196.42122222172483,203.40882803119916,203.83939179692962,187.06386447100627,183.6130607504377,183.51091625580653,179.97788876452876,175.11298112411734,,,,,170.82191233835977,171.3698558295255,166.9182768669659,164.40765064169506,175.92038273702758,190.2044488483353,194.6739959170855,198.33596411108033,200.03280925597554,193.55485972096614,,,,,172.54023507777958,172.7863092647798,184.05908224238385,186.71213052158208,183.65045383208744,185.41792608293713,186.2830765281551,187.27317460313935,174.3471212234794,173.16120908597605
372,2009-02-03 18:18:30+00:00,,,,,,,,,,,,,,,,,,,,,,,,,,,,,,,,,,,,,,,,,,,,,,,,,,,,,,,,,,,,,,,,,,,,,,,,,,,,,,,,,,,,,,,,,,,,,,,,,,,,,,,,230.48077378159718,235.04256171052737,237.74973674519728,259.86692293473516,,267.0430498240529,251.67090919236222,257.09733662749034,247.7790650715946,245.9721694480337,,,,,,244.69991637410527,240.37020738548904,228.33286585701723,211.4971190936269,205.4396843612082,201.47161490811095,,,,,,,,210.5047275097524,214.93997781268024,219.1057478537565,218.47285312987117,224.07938315860628,230.8028300781059,229.9024623555983,221.93926707930046,,,,,,,,230.28362505381284,228.39627418102552,228.7969876793696,228.1863077462284,223.2345137049647,211.78632112939604,204.8821721511622
373,2009-02-04 18:08:10+00:00,273.45064082332317,271.4021638898372,261.91838807308454,255.30246269190903,256.7200186987245,256.6629871866266,252.4657181395428,260.0471745378211,259.6233769045391,260.2128463084848,255.79820487429487,250.29266347568552,241.08765391016107,232.45172132537698,233.35541661821736,236.84276283371815,228.9956457367294,223.08810411296525,232.3338143115518,221.67289443497808,213.31738696481983,206.4750204656682,204.6586201638833,206.1713389871707,206.90061053304908,199.6028984363964,203.6477536443631,206.91574429679036,216.83917066293344,223.16442980985036,212.37159639925125,201.06040125728288,201.33149668285245,206.50572112878268,212.34092610160428,208.4454933841351,211.30573879535115,207.24471379094638,204.8263817041989,196.93282751810074,205.40460191921295,188.69674025355118,194.3364315650978,199.5957144745097,198.24217634171342,188.22637161893454,182.81511948830405,194.53527257315437,199.90911173680894,205.45821235011763,194.6410278224102,200.93308466451737,219.03845299207214,223.7950331396147,221.79258073752908,231.26235730734803,224.76346979225116,227.44947091277004,218.3760048589823,222.50055292479453,231.24492851423147,238.95408069105142,222.73501898146915,193.59690071374112,193.97968015787046,205.52488397910548,211.89862167126694,201.72138816979214,207.24593945906688,211.9868697388385,221.61460709454906,212.3363686051774,215.9924606536687,231.61311969710871,233.74903919849856,229.5798764893869,231.73055291035047,234.93380573945763,248.31470374896708,237.99734935981343,238.0967588140799,241.89011432511256,246.48160159346205,247.93676263940148,242.76164903133483,231.60619261420908,238.642204324534,244.76431819307686,242.60242044640435,243.89080084870756,235.86488105195227,225.1437446355098,232.29684659813304,231.83637115857957,215.341832515156,225.90036511576437,235.82219787864096,241.6960871474083,242.1799057549229,245.49769784867937,237.85807438885834,236.9266205021868,225.5508116925655,218.97813190613604,221.95421152553672,232.02578056916883,243.19868141090325,,249.84804498469018,247.69058913967388,255.78345158786482,250.14352851772225,245.48562557959048,242.06190927189687,246.86448146811773,237.24501037419094,220.5499891226007,225.97436110289738,233.16102095801236,232.1305464905827,214.7352527637524,214.5744612923453,210.77634928883538,207.40497507492,205.38170961649013,207.5662306632882,209.67694061842843,202.69300584329685,202.82338412702322,201.01434200800028,201.5538833890302,197.39913070737302,202.42604143140275,205.69789767830187,213.2263517994815,228.31674742073818,231.09797660940535,234.31315378635247,228.0061627883295,216.1949444743176,218.26525179811884,218.43431398013985,214.5038775784967,206.61748388652367,209.9115227359006,212.23122187641343,217.6466260325304,216.64031949395383,211.01893452133933,218.1854485666897,220.7843359093086,210.70417887743525,199.89749479714794
374,2009-02-11 18:14:31+00:00,,,,,,,,,,,,,,,,,,,,,,,,,,,,,,,,,,,,,,,,,,,,,,,,,,,,,,,,,,,,,,,,,,,,,,,,,,,,,,,,,,,,227.89620555648858,224.10998294608953,220.68112109514942,220.60532619584518,233.05664504927364,222.75812918562394,210.799558617709,192.38758065615326,196.46807449323222,195.1480246976153,201.79793310687427,197.24661881515348,197.59880961013448,206.2448604800732,206.64780634570826,208.30230705891103,207.80533462345915,203.0475317184447,207.84202803252415,208.21673582859532,194.42833009082176,194.61037635340128,196.79670278317292,206.01787360363406,213.01223317535448,212.8886105283557,216.35138480357097,219.45503845853648,212.85198526086492,221.27539431037303,222.44290844755196,220.60986211743958,210.74798168584113,199.9805063031876,202.53388468128784,203.68829548451504,196.00168533147405,189.41883081460162,186.15792273181387,174.5240299174003,174.25242251128793,177.95549916835486,181.69931033980112,187.59211697361653,179.69685513166993,178.37437685861568,178.44084262966274,181.65605452796336,168.5382482213912,162.8091721735658,177.26196718231674,187.4795305039646,189.28285382978189,194.5859170228131,193.86869027604666,201.59087355496894,196.08016051820198,191.78784491014864,193.33294162913762,185.90976324075456,178.91448146309676,185.57526272574353,192.39708614755742,187.7382366633884,190.0299395574458,184.4880010738705,188.23071642386319,188.6048041524507,177.67682249513473,172.87743828461333
375,2009-02-19 18:18:41+00:00,,,,,,,,,,,,,,,,,,,,,,,,,,,,,,,,,,,,,,,,,,,,,,,,,,,,,,,,,,,,,,,,,,,,,,,,,,,,,,,,,,,,,,,,,,,,,,,,,,,,,,,,,,,,,,,,,,,,,,,,,,,,,,,,,,,,,,,,,,,,,,,,,,,,,,,,,
376,2009-02-27 18:14:54+00:00,,,,,,,,,,,,,,,,,,,,,,,,,,,,,,,,,,,,,,,,,,,,,,,,,,,,,,,,,,,,,,,,,,,,,,,,,,,,,,,,,,,,,,,,,,,,,,,,,,,,,,,202.46131175054575,179.30888514276623,,,,,,,,,,210.52608917284522,213.88287154666543,181.24323227634181,170.1462658904892,,,,,,,,,,,,,,,,,,192.9721990068123,,,,,192.74033696036923,,,,,,,,,,,,,
377,2009-02-28 18:12:35+00:00,251.27582438483756,251.06523688806766,248.1716966987476,,,,,251.03712967520653,250.74442495706418,250.2860400366414,243.80760872256707,237.90220563598854,223.6530410331562,217.86447622464595,213.05021553936294,218.21234002041,214.64030970890627,208.5850424197469,215.80273817012667,206.482319666968,,,,,189.4530056891026,180.73107695176918,185.25956815757985,198.57850486551942,200.5975382820896,204.03655677074204,197.6792813718319,193.71224095232543,202.15048497898957,197.35211310464462,195.69512095269914,184.66163847583823,187.90441268209128,192.14758061606307,193.48786782779064,,,,,,185.43217519728637,178.49291539864976,176.425526515222,180.41768914192411,193.65779606955238,194.58505323488333,191.6753388300207,202.7030028309919,215.74695705648233,219.14385468911462,215.95451309126258,217.45078321479502,221.2240687196179,214.5107882835731,211.64308958060536,211.5964816697154,,,,,,,,187.69476493958427,192.39942461208275,204.84426506939928,207.7987024839476,198.298614586329,197.82665028222726,211.7508934326887,213.79338620228282,217.03593494420076,218.25203816338308,219.34136179000254,226.09968782672865,227.1124588077236,233.49050038051774,232.47072853774935,233.6487536084025,,,,,,,,,,,,,216.40435353997074,217.79064940340322,215.17275003172963,,222.94735527769893,221.19257168067975,217.3994316228176,216.7921538001633,204.10686564443063,206.90856802854267,219.26487789940523,222.08358404655044,218.56516937608467,224.1519385689794,230.41440835488598,236.36250113067234,235.80639397541592,234.79941499600315,236.5346339841512,,,,210.0872878691862,217.06428310986155,212.2139191151015,201.48041324715788,192.94076710316915,189.52348155011782,191.95500373593694,187.84978462008115,,,,,183.33030305143444,183.23097379122942,183.84130138863776,178.02403905519762,194.22413774529176,204.66099907423825,212.95316616701206,215.82259913115942,217.8745583287604,208.9412369139361,187.9147785841196,,,,185.01759899683404,186.41984009078976,191.86086753836506,199.48025429262213,199.7403573777213,191.24080144798063,202.47120471418725,198.06258210315758,187.83967881142038,182.12557131290708
378,2009-03-07 18:18:49+00:00,,,,,,,,,,,,,,,,,,,,,,,,,,,,,,,,,,,,,,,,,,,,,,,,,,,,,,,,,,,,,,,,,,,,,,,,,,,,,,,,,,,,,,,,,,,,,,,,,,,,,,,,,,,,,,,,,,,,,,,,,,,,,,,,,,,,,,,,,,,,,,,,,,,,,,,,,
379,2009-03-16 18:12:43+00:00,258.2728330172745,255.6569835285316,,,,,246.94616194746044,255.0000625336595,255.14173492879382,253.44695945232365,251.23399510142193,246.36472797096764,236.94910629082386,228.36687558656192,223.40129361101515,225.0936715032358,223.367615796266,214.94304723447036,225.62000131748195,,,,,196.41585831943752,196.23014587509726,192.2383901613673,197.17993817778458,199.06031214065172,208.40646565881224,210.46189945595407,205.44208809933122,200.2774476325198,199.2570491117208,197.04125269456657,201.1396291949352,196.78077262076067,192.8252987417141,198.74082157563265,,,,,177.23568223480825,182.82588330776292,183.2028058881881,176.555063792513,172.4391830997157,189.9371207741868,196.64271961327134,198.50258644975798,200.98541676548103,204.1353914979622,215.62998272206374,216.10563914547532,213.76035992972015,215.10917448267008,216.70737478988212,216.93776916519684,,,,,,,,188.2032136797731,200.24627769158454,194.87052491439653,197.44573613593906,201.64861652636614,209.5541163622858,201.15828360966174,209.12447060084725,220.44389516297173,223.124715398056,230.13071215176214,228.3710543463772,231.56706890737863,239.23048271313257,236.08794443947818,232.8183013607101,235.78597181289652,,,,,229.37139470632007,230.40530646403013,226.92251604314856,231.74175354542888,229.4275231500562,220.1808487482583,225.65233353543942,220.2934297511067,210.24617524856257,218.92503231445224,221.77227991237004,232.89056126637126,227.33778011041872,232.39236931854526,223.15355679741086,219.9145534430841,216.57858110613913,208.96080727404697,212.6545904733381,221.40716872746353,227.27811738629904,235.49083953442891,243.20653426776855,242.65706150146568,249.91837836890573,244.0935714733052,238.1593054876392,,,,218.044256517115,212.0477859248235,219.19586813665404,210.88325398392564,206.75911621377344,199.44299814833673,196.5502599517971,191.0141155058402,185.45375556466297,,,,192.12790900230092,192.37473056959985,186.01184646976304,187.29287888955736,192.53872408866837,204.88056525695103,208.64441135394003,214.52035804591196,216.91697935810555,226.85825675833053,216.55595406039419,,,,199.58592978324714,190.95516127313908,197.1558733351901,201.1853359615558,208.75567423744684,211.15473933802835,207.96586332254856,213.5577966566682,207.41145642142212,195.67133355197535,190.07371809623393
380,2009-03-24 18:09:17+00:00,254.8875501964826,254.76861367358475,246.98617844834254,244.66682630433894,244.90055599526255,245.37012134753772,244.86765810776149,250.55129571410362,253.40326295123785,249.94472776507223,247.00796247365048,239.59951294448453,225.5657653867671,214.7125999441651,213.6122564922044,214.8152451098114,214.9934738489963,211.41325179363616,218.75359006072063,207.24470114852394,193.77149653890132,186.750227803539,189.95300599442268,188.2658603617756,189.50126422501225,184.66914906283475,193.19883135526072,197.88173568532025,200.75524197317955,206.92224112436554,201.76867683294216,191.55612006002696,193.414332087317,192.83739438200826,192.73532572664843,192.8173752755031,192.25740741983034,199.74628634571093,189.95238954959942,187.44128283285121,191.33094480735957,175.14775423601242,172.74336950385657,181.041428015366,177.82143842238548,176.792340265548,171.37464363064697,183.63381213583838,190.90667607356676,194.32762831745504,188.4231581143244,193.89900422082786,207.33739506804164,208.85227456954243,208.6983396131335,216.46620242459656,214.62851445829725,213.27366869276517,201.29150941171787,204.78263715097123,213.02608925950534,216.40016031801264,196.98964467033161,187.85003262267463,188.96263653066114,186.23690082429545,190.11951095998666,183.5210553161414,197.22034453972685,200.48297081085286,207.68396933449554,204.27642376782825,203.21415092262163,215.6233210175203,219.9590864303761,219.43644882143127,218.52785008377123,221.43138335143988,229.10602257068263,225.87620456037428,227.2075119131518,234.07130467382203,235.13945007304045,233.40869151706613,230.38385349769675,221.85297494255394,219.54075353309088,226.91039832248984,221.51870170783525,222.43725309023375,213.77314474736835,215.2896622380663,208.82341027503946,213.58291928266348,202.97057694263287,204.48047490542643,211.61630403299245,212.60192582293357,219.33208304885977,219.1965627624716,207.12669797411877,216.37482894703572,213.62185696250907,201.6586481595183,202.0993930110625,213.03915020370525,219.35669654882088,231.5527453299557,230.0204527173426,229.8082611122354,230.28419073444235,227.1750657068916,235.03995415912345,225.5002612506644,224.53245914971586,222.66571868158223,206.08570933148405,208.74513886654552,212.5982945485785,210.94411695124225,204.81407525063514,192.52508160148972,187.86649231765662,188.4413211858631,186.67654535605584,194.65480958521573,195.59628470008664,184.12887305548298,181.72898511285982,180.4390411480173,180.67018439830034,182.0190872662566,183.2425030947425,194.81859425860233,199.5335860703683,200.62498030407932,207.14552313715,220.02596317682605,207.41683583032446,197.65564301632259,202.050954800979,203.31941947960257,189.02404176214554,186.21251937286743,188.78059351369575,194.458735431788,199.36700313842024,200.3657787941412,195.2460963236987,195.38193367950828,199.34643074039639,187.8289743032325,183.09502176029736
381,2009-03-31 18:15:37+00:00,,,,,,,,,,,,,,,,,,,,,,,,,,,,,,,,,,,,,,,,,,,,,,,,,,,,,,,,,,,,,,,,,,,,,,,,,,,,,,,,,,,,,,,,,,,,,,,,,,236.5646467018432,244.35359982301316,238.37520223779094,232.284821579895,232.93656354681238,227.43974646737013,216.4109211460697,218.01471527536765,223.75146884076452,234.57274383169124,245.2093329282426,245.29232865463354,250.23832528612843,256.05396684423033,248.8878969617332,244.8360516043076,238.8545171310501,233.86670412062705,230.51835827397852,221.4745935495021,222.12648112733385,229.30136379539942,225.1478668137397,212.31886866218258,210.84870899603243,208.37511110284356,202.1375399047349,197.28840271063135,210.14947794941298,205.85315245336548,197.65714844575524,202.27945375715268,198.22545104601892,190.87267276375766,191.7589836858499,194.74985352749906,204.37294967741258,213.07346138592024,219.92687168887113,225.72460380204137,223.8531770587907,216.1713918024721,209.62222992791587,208.82076787116858,211.13880992941034,205.19047922760603,198.86768546911605,205.5263191240341,211.29884029759614,216.88480929723713,214.12932186298366,213.63148679694697,215.8800068280232,216.5384296460848,201.82212350978347,194.18617584722773
382,2009-04-16 18:15:57+00:00,,,,,,,,,,,,,,,,,,,,,,,,,,,,,,,,,,,,,,,,,,,,,,,,,,,,,,,,,,,,,,,,,,,,,,,,,,,,,,,,,,,,,,,,,,,,,,,,,,,,,237.0865915490692,238.17087377870865,234.14325930943426,215.54292283382998,221.63854237875285,229.8122302950151,246.13959560931738,,253.02061244527232,,,249.15030420483458,246.52332733021893,239.80357598561767,242.3112087566732,237.69652065933377,219.0286988444306,220.1639602987711,226.69293722838188,224.5937132645053,213.28602208803068,212.1603273801054,203.25150135277178,197.01262789260215,195.26868330438816,199.86325906990092,202.187798264398,191.72413909104512,194.2987817815667,196.35684375198883,189.48062948284465,190.4490517907668,196.00243001030532,205.7779415858323,216.95040289407973,219.04681062316178,222.29253353523185,226.86375672193242,218.41674744508921,206.0771284931366,208.7241704677557,212.25684313340895,207.52286994547774,200.50707948241052,206.1984653614027,210.6602350176953,210.56941869081456,211.12131428425425,210.87604388390685,216.34622172010455,215.99928274012626,206.5713169708236,194.08842191389107
383,2009-04-17 18:12:54+00:00,,,256.91780601339804,250.45417504269804,252.41883493592803,253.6319331085133,247.77337021059623,254.71348612721283,257.0211194055979,255.34713132375379,253.2382372748979,243.65565705750694,236.56939981242277,225.0741525027812,223.47509545930538,,,,,216.6108763543433,204.0245860746975,202.91332110620678,202.45292153515658,203.50522929082936,198.93364240281858,196.10492226717523,204.2669369101754,209.00878493414803,209.18613128005515,230.38607369651442,216.7553665957576,208.08494816383302,203.85391893107132,200.70986126158743,,,,,201.5296284641035,195.03677049527187,199.5183617230603,184.53437161461412,183.28189984971522,184.87098584246968,186.44666800343643,183.54877537950915,181.81944987895494,200.0306129847215,209.15543908505367,214.00482476865204,205.2359338252523,205.63626255225458,210.4821801712195,,,,,,212.44869756859674,207.96191517773917,221.39080574890312,224.48172406363778,205.64451582270175,195.87648441573052,194.56926715374493,199.67555106982317,205.99930920533853,200.18498150331715,204.61521801370645,212.68973423491983,221.42355904302622,217.6903257404668,220.0345598062425,230.92315608073145,240.774547464384,234.5745520598957,237.87308134572385,228.8185613682935,260.1681422906391,,,,248.25597686241358,243.42082338345818,243.0461806039656,232.54380011961678,235.52447173806232,234.93482427058987,229.64099000127888,239.2326714466941,241.10456785325698,227.891184612154,232.02153775095704,232.76823382365887,217.34820758444644,226.19384458904028,237.11688390409466,241.54756162188562,244.3613826663057,245.8036203905814,236.6955903012372,239.21480614438963,227.80257497021432,219.9168529844066,228.0918712210562,229.8729301340553,255.76226199796054,,255.2245076765605,252.30089310555007,253.38941303835267,,,243.86381988891387,245.39401485413475,239.57644554587736,221.28868151453244,226.0795792439531,230.79891533805542,229.94604277549388,220.58823685619387,209.94466983538905,,,,204.02544118453648,206.03040701492807,195.3226399692876,199.04954959201157,197.44969264606533,193.21687012794115,193.48293866093132,197.26182856889565,207.4562677405625,214.91221746700393,212.86465110109526,,,,212.46642730640167,213.84932079019467,220.85819660606853,204.83556489115898,202.7040631311938,205.54857774747205,213.74756133656945,217.99738675343332,215.37916977783158,217.15087992304507,218.79686135206703,,,
384,2009-04-25 18:09:56+00:00,243.37490290833009,242.91652627502754,238.84142459447537,238.50818617030194,237.01038485948314,237.6901912794794,235.03595264316385,247.22632907324206,245.090973252646,241.8606127403025,237.73572076360742,235.79514023455891,218.89495410256944,210.67318679200173,203.45608724334957,208.96171712953077,207.30964860653825,203.94608995393338,206.3546361173425,199.43030478808106,192.1618431139948,188.55105485664907,187.7795474292917,178.6188659624318,183.12143058753963,178.16282640218577,183.26986844268077,188.80568691806045,194.1745649162609,191.5582998341194,187.0754978246942,180.86489218114474,185.08144541017947,184.35882052935378,188.2059624245372,179.95144108933562,177.03212897476638,186.4582213544661,184.01659585203325,179.14050106115778,181.7915932981874,161.9442201718278,163.32658184688484,171.44486567760748,167.88720257711586,172.10328301884152,163.4196790952125,173.58693587686383,189.65913485750025,191.3184614631308,180.21428364950478,186.07905288280662,194.01889322949717,199.42576177334917,196.26434328475221,205.17820476054806,205.2218167893363,195.97963649337433,192.39952487853364,189.75215144806745,199.25925887508805,209.3615340668941,184.83324204971018,174.39336264879088,178.4770425050397,169.90718755520538,167.31937572314197,173.62818645330245,190.11374515082474,199.85807032553356,197.2286807471308,198.7475819145431,199.3622444596769,212.5493236291814,214.52855302533334,219.08061753966354,213.72432334876396,214.50215435820525,219.21052792165938,219.37555962452254,219.31662483822254,217.10073828206538,218.42816719574176,215.0609672710617,209.80615294250066,205.4001437266569,203.11831968441751,206.5432716788331,202.67775600070172,210.04336175884313,202.1601698635243,205.41266286965762,209.2103566162922,205.23717069711984,198.7933511135078,207.91831276760144,207.0913944827597,212.75676625952195,219.11470183319005,222.58120394502637,200.58960366961844,202.20577989079212,204.27635521094135,193.82091279823527,196.83013935816348,206.5639804851669,215.65196088902803,220.12649601330787,221.81330887954329,222.812851274192,230.12424717424585,229.30911357960153,223.41899048629156,211.34539627053488,207.81758180365236,213.37771031202803,200.47678607963542,201.3343484426508,204.2947013428099,205.243721850068,189.55957615351733,185.7250605475262,176.7573235883039,175.75335779708814,172.83184161144152,178.54423657904078,177.1249092521027,171.8014117188059,169.6024448740965,173.56711438476782,172.04485447808722,169.67876941574414,178.86143022621468,186.89045070072967,196.4107244365845,196.96356252943562,204.61218322542882,211.81234409809417,197.49217032739085,188.057916594125,189.83825852235645,191.9674480182088,180.73732837023596,176.60837660004637,179.28040599758032,188.60252462591075,189.67020053042276,194.7772158046438,192.32973746506715,188.26015922967633,184.43705231731388,174.40364516442162,173.069585682113
385,2009-06-28 18:11:06+00:00,251.0405951380656,250.5073046768767,250.7110077815853,244.34386225220732,247.06147937024429,,,,,,,,,,,,,,,219.15678817224892,200.4279515806622,201.10974855469152,197.0320550306545,197.19468109498263,196.2246362033552,189.23751467964325,183.22044661977912,199.04148270284637,204.97611057235525,212.17387663317254,201.51405836801268,196.68355989144197,196.9625387769745,198.5691828902177,197.4846230101528,194.30536819128952,187.32522313178578,191.00662878631167,187.9586963014375,191.9048942927013,196.55102281720823,183.48487542014266,182.78388629501256,185.88860313975795,188.1855316180353,187.2548665177705,184.7067870940893,190.66831348872722,197.71747655373224,197.0971542581461,185.1822505938279,195.92537482890282,211.22799376816607,208.69716933929692,210.88645755834807,208.85474815263507,213.48179891122606,208.1197044272527,208.82977569532358,205.70684651811084,216.7143195843023,219.7489819068139,190.72717980469943,182.28810831525442,183.00753775710282,184.77755247003142,191.07571856121086,194.12507081970904,199.84626970138473,214.5636128935588,211.09269705451905,212.69780159652223,210.12761079776925,227.62226410350755,232.806006364006,239.94919785536098,234.0038422151076,231.15598646786935,231.99913463393182,220.87735634875222,218.1160487543828,224.9567354386117,229.51097556194827,231.92041198953012,231.28202216164334,225.17104572220643,224.7198269709433,229.51307124577806,229.59212491200861,229.3394007153163,217.62184869076242,218.55700271584323,214.50958039805766,218.5494064811566,205.25394481336795,213.973054142867,216.5416972945355,224.81988470576383,230.62204975544512,225.83831192225585,219.3042943956854,220.4094165371128,215.90930087227295,207.19656035562642,210.8505011048194,223.49984472855186,238.82640205596277,239.9037116535044,242.38008164045613,247.3352519223207,247.4213160390957,237.71510015894737,226.02227840067712,225.4425974512394,227.06897814944497,228.66962577423885,227.14246631985972,,,,,,,,,,205.41835228317774,188.88679501901112,191.81166883311562,191.4360808270586,,,,,,,,,,,,,,,,,,,,,,,
386,2009-07-14 18:11:23+00:00,253.83051954845786,255.674282286904,248.03115044081827,244.2493672721567,244.4855069244361,244.3010883420572,241.7110873368929,250.82636152325824,252.54552946394028,247.05314485853467,245.63165960582768,241.14419992163732,229.58088357051008,221.01422634325522,219.89289536587734,219.30703263304713,224.19035616819323,218.1363170101193,227.12770400941992,218.9110820415139,207.5108080434524,205.56725289984774,202.37263911765683,200.92911690517298,195.39867607001977,193.16883035810787,195.60728844725293,205.92713457976035,215.79034383000715,213.13874677832493,198.43735259208066,198.33730804086744,201.6626635168151,203.03899901445527,193.1806158930571,191.68523930942618,194.0955603186103,195.85657991433152,190.5997515834899,194.88279636359832,194.83594648463486,174.8229463021583,172.47511526473542,183.53237791883998,181.77841693272055,185.84098964937508,189.07609666984226,193.24847434250825,200.98104774836798,200.31445508075893,188.95001822406894,196.08552979605034,210.53595144962523,208.54169777374298,216.4267062587076,222.39606606176196,215.30976637892374,212.19928264444616,200.35557442388387,204.1291089666498,211.2356713975693,218.44790497814842,192.01064820526832,189.67563177203547,191.16480086550476,189.71754664060077,183.61687633496467,206.24664613020468,213.40065512756183,224.0912885546441,225.76996920805692,219.7632855007621,221.53912556891538,229.83593724404568,230.02469393789607,229.5838891489629,229.531694296411,237.12017393072878,232.35159681769585,218.35554580729172,230.10084184320564,228.546428100841,229.85958000276034,236.3824458327038,234.38831603299838,227.18317389858794,226.3440749985915,230.8338139135701,229.66968881651388,227.38337957346525,219.23884380805092,217.92420797602736,210.12116121416005,218.57579678273527,210.93819150212045,205.56479583865652,214.00837170259882,217.19402397485587,227.1639966320338,222.86339183403058,216.99878618872575,221.78977464961534,220.55121740252198,214.3043412802587,220.77278474005274,217.0192052828482,231.213322454407,232.72449557343802,230.48696265908666,232.52063936473724,236.52292905084641,236.18965242895018,229.08707862654805,220.5449915075139,226.9595937941849,233.91105699771555,230.87062251728156,229.74397694413534,231.43040540279793,224.49171727460146,213.28506006534298,205.152120959382,202.223902078996,203.77047993284404,204.46991653529582,209.49138940799804,202.69977596091434,187.80339622794023,187.64273519857858,189.8702679312771,192.78384144281108,196.91392107906537,202.58555651713854,205.01474365603468,207.03443407544447,210.4326911297362,216.23010740983833,226.5949839412695,220.43552447255703,205.67342509544616,207.7911316482096,210.86773277779093,200.4070827365538,196.50679625985467,197.96399149883945,205.86408703748103,209.0402918678912,213.08296234823064,207.92826130191125,213.94265615396327,208.45636660364949,200.08306774938708,189.62519512039938
387,2009-07-22 18:12:50+00:00,245.98998224938538,249.25917712259857,243.0688191122565,237.46156527097693,237.17134181161055,239.8800901906715,236.92253960078503,244.6725085154441,246.67041902570188,245.8148250533569,242.18800620773754,235.5672520252599,222.850707384045,209.94084268754506,,,,204.2443869030378,215.58636037919572,206.86021681345477,196.57133680385346,192.4276261893715,187.4619730119769,188.4632876006824,187.56795606470672,185.16825797553062,184.73893820813842,191.86135821745455,199.3973044473181,201.36182529225397,194.43722311928923,185.4713437093322,,,,,181.62046725501173,186.2478756057891,183.22985430673666,182.02057731961634,183.53000968549148,166.85030612236113,164.5469791087791,172.37737658614913,175.73296390453658,174.09069109080588,173.8103681898915,179.2831911002126,185.57189884799337,180.4215294920238,174.3341803897606,,,,,208.6977201103375,211.81303312956481,206.5465452938549,200.362415697274,198.80407597853207,209.14730235536337,211.72562933708815,190.87046154710973,187.3089626359482,189.0292454023781,181.45204618207075,183.0077217780077,191.1608136623062,201.52082240693403,199.73356509074608,210.62807466673195,197.15637370769116,207.70848691239166,206.07104591381804,215.54379440731321,214.50710166949452,,,,,,216.54203291499311,221.01175602447373,229.06652272927508,227.59486666577735,219.69165807630407,217.4239422974029,226.42621982608853,225.91749136312774,221.26497540315864,205.94548121619363,211.57393070516832,204.51683176719658,200.6210516218118,204.61212804279444,198.13134253349693,212.93894856169115,208.84522232259542,221.77902097587423,215.4770450418226,204.12063837910773,204.36193901895845,212.25214416155785,197.10339008784206,198.54584963249624,207.19086928072014,216.64084225555587,211.03894644650262,214.82476941337185,,,,213.052158881132,214.8904763842728,212.57977492260233,218.92246001614245,212.7940205257105,208.45488398069654,217.20389087632174,208.68720781888624,199.3925204593557,,,,187.2774106072531,196.239179982675,190.6183239507223,178.47667450075437,180.88719895577742,177.36239159593546,177.50094867188065,183.0306968846763,190.22974560958903,187.11499386864875,,,,,200.73641118853558,194.64247449349907,195.1429218339605,191.65652461530917,185.98482800389897,183.89811181076706,189.992157276754,193.9042956820149,197.2895926848584,198.9412881386584,184.47964621855436,,,,180.14513600336545
388,2009-08-06 18:17:54+00:00,,,,,,,,,,,,,,,,,,,,,,,,,,,,,,,,,,,,,,,,,,,,,,,,,,,,,,,,,,,,,,,,,,,,,,,,,,,,,,,,,,,,,,,,,,,,,,,,,,,,,,,,,,,217.20309494646432,214.19701833537044,218.73915949513622,220.76633879219435,225.62852734748435,,,,,,,202.02340538969798,209.03758652702055,206.7092335849005,200.26076531834497,199.4844289627794,189.3397311910703,,,,192.4843448990882,181.74443436802338,181.9287450597757,180.705225745555,182.9570365882279,188.12865351485587,192.18309516852855,194.76335552636493,195.41992463769526,194.78249936656908,206.89302738566965,210.47541757002193,201.07073581283828,195.19848963531226,197.72173670321638,197.74383429114454,188.4857336336549,179.3844587981975,186.41811321617814,194.05416851527212,195.74377345313255,206.47255199853902,198.70097386092732,195.83304687845617,188.94318570808045,187.3907695956409,182.06761709498966
389,2009-08-07 18:12:44+00:00,244.14329268802464,248.3289991621417,237.670286442481,,,,235.87219593193888,242.99650714720894,243.9854456160221,243.38619604429744,238.18391545042442,231.04165355907043,221.02444387044818,209.97653447915286,209.02714258169462,210.2345280951952,208.26209701707296,202.8075344795599,213.63117729939816,,,,,183.86343347069626,186.83054635906404,178.65416002792983,181.89532566026168,191.62272287460578,199.13017081748495,195.48855697343222,191.4218999515162,189.8131633698165,188.46103587742897,189.97092830305928,185.2233467922523,181.16392739913576,181.78501356081807,182.36487200328457,186.87657027207368,,,,,169.8769509219946,171.0444248784993,174.2539283852665,173.4998214405902,177.7760382141022,180.05279430759134,182.06533802747396,181.17657133947384,186.78313956772703,199.04654570107908,201.65158347436983,204.137075562572,205.4196337129378,204.1802296230588,198.77412061213388,,,,,,,,,190.49422185393453,189.93957703296178,196.55994443701843,199.69249989002165,209.11008171580124,198.33295764009057,206.72089209478304,205.85199238371422,212.76765795622418,215.60459869216987,224.3692498414099,221.82327819269915,221.56373908378094,206.62108489071093,219.28943284724684,215.04712272706283,,,,,,223.7353219135193,224.9891885209895,214.87179333528604,213.04416497260405,212.42779674591281,,202.98277368214593,206.84519372427744,195.17224937538626,211.36674733593793,210.88526031012427,215.7640503790207,217.0813742621477,200.04324645893377,207.56624777620914,206.28765935283622,201.26570179907637,199.76823696369522,210.31423745153234,217.71860961534966,215.8574083008874,221.47998549801656,225.29822749133427,230.50278539530635,217.56130499867433,213.05329291002835,,,,206.86757331629545,202.7253679423137,213.65851173870988,209.38149718343402,207.68508121689092,196.32695297477161,192.5494397494155,190.84609302779404,188.47466224164236,,,,182.95036294989106,182.27614519777586,183.13109294037878,186.7109800372018,194.0204120859657,197.95359202457436,199.142952154195,198.0960093788488,206.89686143089864,209.99539350316923,197.96892560238422,,,,186.29392709479367,178.08911523561233,184.05346103943887,190.24909111368396,193.49493567055885,199.32659973440335,197.02106944714302,196.6430639211772,194.4303935836298,183.60173272514913,175.5334329353444
390,2009-08-14 18:18:53+00:00,,,,,,,,,,,,,,,,,,,,,,,,,,,,,,,,,,,,,,,,,,,,,,,,,,,,,,,,,,,,,,,,,,,,,,,,,,,,,,,,,,,,,,,,,,,,,,,,,,,,,,,,,,,,,,,,,,,,,,,,,,,,,,,,206.73557276467977,208.7343747325598,211.30945273024827,,,,,,,,,,,,210.2775257243071,202.86195261472696,199.19054578337582,203.79671653873055,,,,,,,,193.3870140287835
391,2009-08-15 18:11:52+00:00,252.16040773221613,251.15531378858918,244.01963104389245,241.32259509844238,240.50673527446787,244.47528933912858,241.15824686021685,250.42227255533356,251.93015896519051,247.29178732906834,243.15939245148348,235.8565300882384,224.29847744460477,212.84857601489836,216.73018850994941,218.45732066016518,216.28918288914377,210.97937711019975,227.14389241261182,212.95143193517737,202.32155433563625,197.87457403883434,195.26106760959834,196.86925117571874,195.2856257661881,187.84075916358165,192.875453459549,195.79123794767443,204.2338979395911,204.1824726771331,193.21066379744713,192.76028229399913,192.6155258305323,196.88045026699382,196.48842899105458,195.04718847730308,193.2246340256955,195.6087560203734,189.80962733098914,189.16395485911755,188.36470864008842,174.30317880104496,168.9694525239875,182.95934580976223,181.74318311365775,185.19099629093415,183.65251340358662,191.62884198020507,192.89077066054895,190.88855827880155,183.84633612014505,184.015774323826,206.0062416412423,210.1137746641798,211.51925409127028,218.75942123011862,211.84235607859762,206.4057644042957,199.07394403027936,202.05058541187356,213.52155550205285,215.4177744315538,188.7946340057079,182.09270634567977,178.03341400953292,181.7902390821692,192.16578582557722,197.52945367794698,200.05215073884045,210.08067706122802,214.3428797381755,205.83762145453017,211.66016108368575,215.33069935999384,219.0419272949219,219.83732942780284,224.38740837626904,224.38440015823244,230.40325450344488,216.7958895067016,220.00861533714857,222.5313206445586,228.12620546250855,235.50507172704488,231.17128357091278,223.888366797686,222.3620319060728,233.90269362024534,228.797035614111,229.93542369474528,218.6089634812829,218.58301945663027,211.89913777750994,213.29054670355094,208.78326935775175,204.95718250097977,213.34479516852244,218.31937970558016,226.02696863115077,221.04468688285408,214.7115605966577,215.4490479551814,217.376276925963,206.37256841590616,206.7177315516262,213.50161162498728,224.28031583558715,220.10067061970713,223.05839625193244,225.05717696458308,229.3402641116533,223.45952015054849,223.02253005790897,215.06790022105844,214.6719010732457,219.23957566653613,221.1106292143622,216.84203481735784,214.9449140326131,217.14292125155998,204.53174289687433,204.78311731073066,201.45142694638102,196.82497073910042,196.32561130515484,201.3405770701316,203.716647145528,189.39884686689234,191.07359940061664,192.32193390084035,193.77532367422958,200.60595255424926,210.27810563919218,207.40311838268582,206.32086187074597,211.44894456721778,219.18216711830866,219.90207264391364,212.430316695001,203.79077359338456,206.00978415928336,208.92779612735356,200.43464030785418,196.471452013043,194.08050411379668,205.2497604228713,207.13297584202482,208.063179660738,201.2744338390596,207.65026767865706,204.89144074775356,192.43749083280602,184.8528193098245
392,2009-09-07 18:18:23+00:00,,,,,,,,,,,,,,,,,,,,,,,,,,,,,,,,,,,,,,,,,,,,,,,,,,,,,,,,,,,,,,,,,,,,,,,,,,,,,,,,,,,,,,,,,,,,,,,,,,,,,,,,,,,,,,,,,209.21536163672053,202.18546702101122,207.64828486017262,213.4603040123551,,,,,,,,,194.5342412360589,203.4643743760135,201.10396701472405,192.3688003017,,,,,,,,209.63569211868162,211.53342621022,215.6134192314317,205.5839870316358,196.0651939880508,194.8761636997976,195.49789902417072,192.45430559248186,191.86418638035738,191.13677381983715,195.4458510749132,202.01033434115894,203.89252338491826,199.77390607472037,196.5137137044073,198.15621464374783,183.06003032013155,182.83781229812627
393,2009-09-08 18:12:43+00:00,,249.8604662467466,247.9717157946659,239.7624462974364,243.87119277597893,247.6592046590233,240.67727059658267,249.22408326817518,250.83712213851388,242.8180471183067,241.95489406208117,231.26469222630962,217.59770230183082,211.74228779048542,206.6771266418811,,,,,206.88624238278408,192.6217181802764,188.57367501400336,184.46866397513202,183.04717492324517,180.96230906129256,180.02862247692534,184.71282928259546,190.1409764492187,198.80184119733465,197.58376220871037,197.67188270711645,191.92188509163543,188.88368669582394,186.19700555721272,,,,,186.79349713875118,186.49946142208023,190.55778762087576,171.26116341294238,167.45831456896792,176.79967770372383,178.6422911653794,176.343289883844,177.7792832589002,180.7831151501374,189.2786034210501,180.1051450161532,181.15713998647368,184.0440436252024,,,,,,209.41541128312969,201.5574123139394,199.19524730550557,209.81809350503414,210.68870773363594,196.74750845541882,190.46468775918692,185.3079237969999,194.9221095450291,192.21465792595936,194.30457026751802,204.2752663471286,208.22032029977007,215.6971850487195,202.17444124599947,207.58163293397598,208.70789593419863,212.5159575380254,214.4957799989745,219.41288289909255,222.42531870881834,,,,,226.7270443777214,229.6001616950175,230.43115000099863,225.46079973187767,217.07425844936796,232.04418355622033,224.12736402793817,208.95195333123013,204.9512942322569,212.3960826891064,201.03730556462256,202.66847926890688,205.21650135726622,205.84021405470645,212.82214445574104,213.90298268735268,223.75665637633645,219.5607304289423,195.4263691067634,208.07486895206233,207.1696715359737,204.06592226975303,211.19524369362605,204.89913773046266,211.37783607402125,209.13996347797064,212.86833842452273,215.8918992840632,,,,199.73241048725615,201.41091731854476,210.59242498688945,211.04404671022013,210.81692009096167,213.5275382914238,208.76236615767147,199.28037098847057,199.5506923118403,,,,199.4482165589392,197.63050351062614,185.54060798078598,189.63971108884118,182.43831437832185,187.9847256321981,192.3783923843127,202.0248250769381,203.74859343715207,205.48566713507483,,,,,195.78164955090807,197.723734565433,201.33870576564595,191.32770587351706,183.5739664123036,192.8310929707906,194.57267099195784,199.48705946310687,199.3001802002226,191.66109913669465,191.8826937225625,,,
394,2009-09-16 18:12:20+00:00,248.3669499663363,250.45585851529404,245.31477608670252,239.27721484717824,242.61337321799306,243.75014201973067,242.54388816574163,252.20890400631032,254.65574086753105,247.15502883272092,243.4863189295149,237.17417764610292,226.25517726905625,218.45088738689157,216.10494505436506,219.9906030070382,216.9325280902331,212.9672687396945,223.31877631262768,212.78905010611064,198.3824367365031,195.52015334820933,191.73571207835232,190.80888130292215,192.73933388347092,182.02227042167243,187.79020349067747,198.6058525447505,204.07413596254685,210.09033354762033,196.03742987414356,188.81029588373417,189.72826949596572,186.3588472712746,188.91745023704988,184.20561772172186,181.9164010444425,184.72402540975702,180.65072516057154,180.78175221145784,184.4855805826534,172.68807025571982,170.2610476025684,179.29603897713764,180.3093431223616,183.9845102617995,179.06678116671756,189.33490114144405,191.00687481691665,191.41537838151947,180.80107151874148,185.60957967582445,193.58681680355807,209.86166198698538,210.35356507054564,213.96955836404487,213.4154483276006,209.28324935375565,201.50741365003273,197.44332194434367,211.2151508162268,211.3763685981762,195.96080466247116,185.9334786590179,188.86487810846955,182.27229788472815,186.69489966584047,202.0922714875196,198.2977795141771,215.92398114034145,215.1385829109375,215.45983577314286,210.37406180697255,223.87310867418466,218.49103663543784,225.31668761463956,223.09411661762752,227.12703975674867,220.68778418765174,213.6494082050975,221.0842291652315,221.67122601193256,226.69165548026206,230.9515681010705,230.73795193841363,221.67992837940096,222.85276602583758,230.2757942768786,218.43920710476704,213.885262962892,210.19391040452902,210.40706292252725,204.79704011305202,206.56952126439015,202.34284976842366,208.02293733726412,215.57470947448186,218.04165297385737,226.44490780749098,219.69470245478865,215.93686292102274,217.734699644206,219.91367671810002,208.3047256781904,209.23784993787893,213.96007509247343,222.4685996365689,217.64800147301273,227.40424063940847,221.32234409446374,224.34716432586987,217.4778947448802,217.29355523528653,212.62562442016582,210.03377317789193,210.13962943358584,200.2704842870461,210.07940898826536,213.4025749638172,215.57032964675753,209.83862205086928,200.76444058485555,199.95376537757477,196.88963533914318,191.8738823793083,198.38102844680753,197.83756269306753,187.74321513747088,188.06936948913915,196.68432666870876,198.7807420891884,197.85320271605815,198.23125014387546,207.93360526670088,207.54273083657066,210.63922930310224,217.21276576205304,218.6719268773656,210.15393633829166,203.5089971748198,199.61187462577703,205.4747188065857,199.58014120949855,193.6813492350611,198.61639890091473,205.92241333939455,208.88417311108083,203.7021280991852,203.20211917640523,199.9606639079889,201.9906201463849,192.37255255298697,183.91881748842079
395,2009-09-24 18:12:41+00:00,,245.55936039419703,243.48393984557953,237.9859019968962,236.9712342745427,240.1110737259931,238.44451310224338,248.31850211715874,249.43738659308684,249.19869286548075,249.00663113572142,237.83081243466404,229.7886769795071,228.1172695087278,226.03211474494248,,,,226.66567760757397,212.1172447798772,201.6937940539929,199.2012748274516,198.09082604539964,196.05703840720201,192.25058919493705,194.52321677526487,194.7353635043153,200.55359683974837,202.42673606153312,206.8502198906478,196.09907178426442,189.81286280253488,195.48935487935117,,,,,191.74130658567051,178.494692226423,180.4526660359129,188.28506436621745,168.4107658652602,167.5562285919288,174.97086296056005,182.41725009569674,179.77381127214306,172.3686627810142,185.65333356440738,191.49641073260835,184.86906091735392,184.4071887162914,183.71415886947284,,,,,,204.22608340858386,201.1921956944729,201.23321207808783,212.52403902124507,213.33236209746497,203.27089100175098,189.4861124153692,188.99012691619538,190.74276167721104,194.67360312559805,195.52643789835005,203.49918449579383,203.96893166332703,214.61156745974273,197.81660722828363,211.49763558667945,210.6901490665858,215.59843507580462,218.9235090828414,224.85004240270678,228.55670968904144,,,,213.16594126256473,223.19642143367415,226.56439811789852,227.1447155418937,217.1292841943054,221.76352317514826,232.8047546500651,227.32075332607758,213.88227299694861,216.55588415245393,215.58702385928882,203.35552495818314,202.01682517703316,193.0740422042014,195.30330009101226,211.29045157135994,212.2574017148174,218.10424810105093,217.25344253219384,203.53843205068546,214.25626827164038,220.40374004198338,209.46119741312123,211.50208778464145,218.94821589397588,215.23555655875387,207.84752222275006,220.03239472682543,223.95802691414613,,,,199.79455769317633,203.3259905693394,206.6732333740149,205.27519510948042,212.2056377522469,216.94150563648486,209.615506161131,206.6883091808134,202.32935960956019,,,179.69066937824826,191.45861532351094,196.09901683811387,182.5839649816284,187.31380266536252,190.8838947660434,187.42728525450022,190.60698992302457,191.98075132596338,200.0790273594106,200.91389758372128,,,,206.96539167150894,195.47056928296377,195.28707652489356,199.36998672368156,191.1325939267436,192.15988239751135,195.13629417299362,203.9115077583478,207.04481161353633,204.1278942464964,199.81969500585328,193.68473520249574,,,
396,2009-10-02 18:12:31+00:00,,,,,,,,,,,,,,,,,,,,,,,,,,,191.7393374996247,199.3448795731391,202.31385461356186,205.8572292093436,202.1384441368357,195.3237351755725,185.15486696697764,181.6856518764942,186.66554381784562,180.17200801143315,181.54468154076204,180.72497366406043,173.62591582038607,185.78368724261793,190.83569491958988,161.3302032764658,,,179.29224300855248,185.2344609694806,180.5972208693,188.07139004601555,187.86292313034858,183.1759697435006,174.13340851500905,,180.0640284500151,193.42417368935176,189.0864286211294,194.42245325653687,202.62430248237922,202.6300636410324,197.74797772284126,204.9658161487793,215.78200831537072,220.88344793602514,203.42613146076155,190.03545783027602,185.9745112665418,190.46833695245,202.60653339991921,204.23228497879296,201.99498914505415,211.33725121874937,210.655507683838,207.0044161057545,208.7929473920506,214.01553691448913,218.97107194297567,220.4219725219574,226.72919168887088,223.46452148360686,218.98107271975908,209.36149478348872,218.36174517866374,223.76660005444535,227.17955430621916,237.23145922835596,233.07238958222453,229.02223253728533,225.9578013386125,233.37672757460922,231.91205314178066,226.7170049668232,216.1488831362426,216.67276839328096,204.52859548642527,211.96026383686947,208.15763842191214,201.79839863956073,212.1328412638024,214.00674339635344,224.1158854699102,218.63893675023016,210.26074640114714,213.01319559093355,216.753380605799,200.52957738093232,196.99380587501457,210.85233384112942,214.28334668895903,217.95840069862413,221.80480973836055,225.9942052194084,234.869595208898,222.81964959187462,219.78858624073962,213.6961850367891,221.03159281825845,220.8306482796177,210.87969042865302,220.56834448078948,218.39826152126935,222.11342450498034,210.37157135830847,208.1245795470779,203.2005512624783,195.6384338994986,199.0728683346891,206.56502772128908,210.91787713356712,198.77560511416075,192.2789818438263,192.52559124415143,190.43440088992537,200.90105240963308,201.89548933051336,209.710113624136,210.6320798358242,212.12872828287792,215.2632116525573,217.38186137710233,212.52563226632302,202.1252154859144,208.27018920089387,211.25248424265897,199.27550554660138,191.8084410836015,195.21097316443849,203.25885958852305,205.6606830509718,208.80089994473045,203.83850735908158,206.76572129929173,205.46024313387161,190.7754094829754,183.5351771531134
397,2009-10-09 18:18:46+00:00,,,,,,,,,,,,,,,,,,,,,,,,,,,,,,,,,,,,,,,,,,,,,,,,,,,,,,,,,,,,,,,,,,,,,,,,,,,,,,,,,,,,,,,,,,,,,,,,,,,,,,,,,,,,,,,,,,,,,,,,,,,,,,,,,,,,,,203.92734506471848,200.23881981412637,197.92424366660322,203.69845601791974,207.53497045267213,,,,,,,,194.19976811991955,203.3408306698568,201.5419417637717,196.72750920301718,196.0470979273195,195.82826413332464,181.494577501435,179.87137642329793
398,2009-10-10 18:12:36+00:00,252.84723710153293,250.89159748426147,238.0460877024849,,,,243.6823322895649,249.5768679006991,249.2838098422961,245.3843801239032,240.88655478926563,237.38467314235908,225.0630659746244,225.26947046567108,217.48649901952535,217.20568124892762,212.51986189222424,208.78357171397323,223.24801508059352,196.8784908980998,,,,,189.62513287570323,180.251638249614,183.46667100628667,195.31172414811692,203.30903451012648,205.8765625475844,194.91765344542117,189.69439950126758,194.95377644620794,192.27662560703283,196.04999727152767,192.49149999842535,191.12663507067893,190.38500728831778,185.73780904864492,,,,,177.7916438744608,176.70392221526066,186.13391758027456,184.50574412973793,192.71101284171348,198.64802912341815,192.37108927020773,189.3464289634279,189.81456755594567,200.48412330501463,212.8875867081879,211.81152356617815,215.07389257314748,209.6925352682947,202.84452241882929,190.18693979572816,,,,,,,,193.67452095987286,202.05427422912163,204.75650336828278,209.0571926435403,210.85381415450752,203.67575162633736,212.65005334380942,213.85732656178124,212.72204075840847,219.93530821787536,223.8385922644645,225.83418313586014,219.15534724851275,209.81084585058426,216.8299761773154,220.86033831744845,220.81890498725573,,,,,,,,,,,,209.2676793526972,201.91811807477123,213.27043480346134,213.99962897415784,224.4731292251538,217.64641699365853,201.78613426153237,210.30693552983644,215.86210927094123,205.88827273708523,208.7334950308346,214.97528249311796,215.05850043961567,211.05422456251716,219.80619362483094,221.4224322757696,228.6147700071354,225.06418909592583,217.0445775903517,,,,,213.79922563085452,219.21746864175566,215.8373452748587,211.63471584802176,204.04910646825243,198.97162155184552,193.5936237548292,191.8642724634595,,,,,188.96916888350904,193.5895775327438,193.84869142521362,195.624834291653,204.96248895776762,203.7996330878297,205.48608585675294,208.15568600130325,212.45075626088772,205.63616452703482,,,,,188.13844162285517,193.8245652407916,201.30262032967295,200.8598194957916,202.81604949065922,200.3213440759397,204.109777311124,199.7425192145679,186.13456519503876,178.89878066273778
399,2009-10-25 18:18:55+00:00,,,,,,,,,,,,,,,,,,,,,,,,,,,,,,,,,,,,,,,,,,,,,,,,,,,,,,,,,,,,,,,,,,,,,,,,,,,,,,,,,,,,,,,,,,,,,,,,,,,,,,,,,,,,,,,,,,,,,,,,,,,,,,,,,187.83138619155028,185.74996121215895,187.3253038246887,187.91857085478887,194.89548545989118,,,,,,,,,206.8175026140731,198.33909986825412,191.08602111676387,194.50478313968398,201.05196429059134,203.20115935088108,200.84455237636763,,,,,
400,2009-10-26 18:12:53+00:00,250.426773848444,250.37492960953938,247.29753252420394,242.80543911889305,240.69502088494744,243.58285868427558,241.23283548190994,246.74146142295905,249.785668553822,246.77321225347276,245.4729959022398,,,,,221.9677477750002,217.4218089756405,213.54919174471968,224.01412910827617,211.12394953381235,202.3957118213795,191.62999598262917,192.14858683393018,194.57521987472282,193.73176486247155,183.49969695705423,189.22935075762285,200.8715375455758,204.3960020278687,215.20873674976673,,,,,194.3356380280477,188.4272003617175,188.5799959555861,190.69776697356448,189.02113523453275,185.307962991444,190.55546035557586,178.97373270928915,178.92128460849895,184.03251620784346,186.37517600256885,181.5610266805225,182.76597446915957,185.4378153775578,195.88624727844137,,,,,215.65248654159168,214.77987292805727,217.24256308296793,216.98695531302465,216.06982657752906,207.75593545251468,210.386814124366,224.43286710812285,223.7481375199145,209.79636798629912,193.4189117611999,190.36537617586475,197.63728816521325,206.11816357532672,192.06170689556555,204.7207928415014,206.89522988310156,212.31595064509355,201.86028793482143,209.23374869508913,215.05137311570303,,,,,,220.55701592833404,226.36959324439036,227.9955144988022,234.78181907837478,234.28324548433812,235.17806930758135,235.47343294298764,232.96939738854297,243.73933516913277,230.56708084540094,223.30186068676397,219.6257622531758,215.3428610040243,214.17056445054112,213.26992074762532,209.16366732689502,202.17997356057992,212.22984221654374,218.87380638191752,224.07877209268744,217.8089922837843,213.6838527007805,223.68005019768484,216.42658458194163,204.81514139075068,202.34494495332058,,,,,,,227.28137097450983,222.50837894409253,220.37043641428858,221.29587849149613,215.9987333835354,208.37472742404435,204.87640466891364,213.5527948378647,,,,188.3517870363025,192.21094975718316,187.6954338814251,195.66653211158578,203.45011159291505,192.13451008122303,196.68698304756282,192.44191075348343,195.31327027859106,198.6784415985543,,,,,216.37460333715995,217.72123105397935,208.54620517648502,204.34471310389924,203.37287226773682,210.51604484044637,198.2825452195773,194.9655009426165,198.66054654466467,205.69235049370974,209.12490806973895,,,,,195.85076660262365,187.65463337695755
401,2009-11-02 18:19:10+00:00,,,,,,,,,,,,,,,,,,,,,,,,,,,,,,,,,,,,,,,,,,,,,,,,,,,,,,,,,,,,,,,,,,,,,,,,,,,,,,,,,,,,,,,,,,,,,,,,,,,,,,,,,,,,,,,,,,,,,,,,,,,,,,,,,,,,,,,,,,,,,,,,,,,,,,,,,
402,2009-11-03 18:12:49+00:00,245.42464500495106,249.73425086389494,244.58642039265456,236.88392311167962,236.64718089391943,238.77987173387152,236.77503531786095,243.52165809731787,249.00933678184708,246.6398044789654,242.17054158146445,234.68069425628076,222.6400204898648,210.58320234957534,211.50626283143117,216.6345457672068,210.14740372699998,203.79132623797835,216.7630367003345,209.51660600203832,192.63213787420858,186.73571452952598,187.2144480914285,189.4257428348492,185.12016493851584,175.47472877381307,180.97910149808556,187.6068640411324,,,,180.67183608855368,,,188.43026897409266,181.6835904449111,181.87617198375813,181.9834559078711,180.04904140328858,178.0518439492184,180.61830984207023,163.68945527109824,165.41776056930166,170.78970093275768,169.62528776262593,180.0527376956694,176.5539752312434,182.13248846864553,186.16279347741386,181.56335096069176,180.2805484706692,182.50686379179518,199.98287371659154,205.80065766511754,206.55916376707825,209.13714224329635,212.0851688227344,206.14088022068833,199.93327841249288,199.0490655919661,211.4200438372221,,,,,,,,,,,,197.2251742142614,207.71762690800645,205.61574374905018,216.09878148390027,214.54827630492892,213.73700244910003,209.13615974163173,206.78113514929748,215.36410590403875,215.22618939170385,225.71509975627527,224.31768703031483,229.1428242031957,222.048800232024,220.84362488758498,224.47002611371093,225.20175398668542,212.57021655576852,207.51160333694344,198.76944351913772,199.18594031147083,202.17056134536384,195.92110461214298,197.2826411702061,205.10163015170886,211.6622714547085,208.32423769902536,213.14844291843704,201.70062803900333,213.0842635668037,215.55431538743863,204.30967007529824,204.14592140348796,207.71501148986013,211.5874386876326,206.76597673316257,215.7494305075898,217.7538635634775,221.55141007409645,224.3527535689709,219.08437687243992,211.3911159046076,211.7028987270653,207.80135616320283,199.33002221797403,201.78142844974005,214.03522618621463,215.17021354746146,198.90589279748662,196.0056613624583,189.94723957604543,189.85197101093783,169.43053728915973,188.52269805821413,189.91803251393506,185.35271518221333,178.20133756114012,180.3225062333165,182.06775811969408,188.02938386876028,198.66086246339097,198.31413690886222,196.97006435819685,203.76547256951625,200.71246371842534,208.15292816590693,205.251313806386,198.603384909973,204.4199857581903,197.96149444470163,,,,,,,,,,178.2886739918885,176.17883542761174
403,2009-11-10 18:19:03+00:00,,,,,,,,,,,,,,,,,,,,,,,,,,,,,,,,,,,,,,,,,,,,,,,,,,,,,,,,,,,,,,,,,,,,,,,,,,,,,,,,,,,,,,,,,,,,,,,,,,,,,,,,,,,,,,,241.4607539770272,233.69432262274177,230.1112439125315,227.6387507988145,,,,,,,,,201.20647235566588,195.896845610044,194.0367409216823,196.24315847977408,,,,,,,,207.98794143831827,216.0586580277594,221.0117999039428,223.39753322104707,225.9041095999317,217.4353649691998,207.16924843423413,212.75373944378703,214.54841113612272,211.68877780794529,200.9767390097174,203.40416956605986,211.67338197134964,212.11031909182435,210.9188998875875,209.33639385323002,211.40151161475052,213.62893240363297,198.38192165195773,190.03063188539204
404,2009-11-18 18:19:23+00:00,,,,,,,,,,,,,,,,,,,,,,,,,,,,,,,,,,,,,,,,,,,,,,,,,,,,,,,,,,,,,,,,,,,,,,,,,,,,,,,,,,,,,,,,,,,,,,,,,,,,,,,,,,,,,,,,,,,,,,,,,,,,,,,,,,,,,,,,,,,,,,,,,,,,,,,,,
405,2009-11-19 18:12:55+00:00,242.4274347025193,243.55679818254492,239.47483193618345,235.42032100635242,237.55068691157052,241.01000639625758,235.70193894898017,245.2950804646215,242.20962708567157,242.48565047667574,232.96132957027191,228.68954895906444,223.51621425695967,213.23660064427605,208.30850287583098,206.1273969101165,203.14071070402372,199.20303922758802,211.78816172329732,200.16822143444227,188.26401161704365,185.3462418119608,179.3066146795478,179.57730360186378,186.41282094366,175.05795610781365,177.0922956214606,181.2688244475681,184.20305982600183,189.81955441987827,182.6249614456492,180.50281134085466,179.74639446495348,176.7957583572525,183.5085927443189,173.69919067624025,180.54511647178668,177.37738228459233,172.59960471969566,172.05020557080425,181.60562025151904,159.9979278840234,157.86175775691686,170.39251104023157,174.41891759215963,174.87227835524405,164.82273862499514,173.43512257069318,174.73995712413895,175.650559418968,174.64851734092036,174.3728609353601,193.3469117584015,208.24153599182478,204.166974740312,206.89598145201114,204.3788813660195,197.71226738063123,191.15635293597944,191.91244532954522,202.58201579844683,211.16968361158115,188.16922818031273,180.74487193316372,166.00329752213176,170.57697611066575,172.98901666607549,173.87715500908158,184.37978094718696,194.73934579029745,193.34016087226578,186.21128960370635,189.69229965457248,197.51866215674497,199.23028088994033,202.86106164649527,212.7542647630828,206.3715829591364,207.57852641611817,199.6123381940088,209.9290003077702,208.34460997434752,218.08998405044008,221.25415620178984,219.83497928801137,215.2575721474454,218.42589069636892,226.4505914616467,215.5132727877386,206.82718695945266,199.77663649719963,196.89234543288896,198.93627734925815,197.09265709272708,195.67902610203578,195.10067642665248,206.45291965736962,204.7107934836854,211.6504538995769,210.07261812910224,202.39718231139878,205.32712397874704,195.50931528196702,190.21323581332615,186.89236987905446,191.87746354717711,204.2748719437945,200.95073092161942,213.3194477688342,222.81980435132166,224.02700857321867,214.93622794006927,211.33901929308237,207.88103653286515,208.14720526056573,195.1216147134541,182.74395447908714,191.8051051945455,201.61238373351227,196.96929542432332,193.88114951610203,189.09925939016222,186.07701143540945,179.4158530646152,176.0641011180624,184.13999823820245,187.12742557388162,176.7608799422797,172.91843618396598,172.83462238935684,174.44494822740626,170.5565528604351,172.89010607658037,185.39279503832978,197.70851850217196,197.1672455683198,201.18435465560617,203.38623898700294,191.62580704849626,185.13609404592012,188.23561486713464,189.22101013370894,182.52955576488455,176.2358940412153,180.78170397945723,188.40831289572566,191.16148537130434,185.96331911130017,184.81927190259486,189.419965129576,185.46113510213942,174.17485791319368,170.4897636172828
406,2009-11-26 18:19:09+00:00,,,,,,,,,,,,,,,,,,,,,,,,,,,,,,,,,,,,,,,,,,,,,,,,,,,,,,,,,,,,,,,,,,,,,,,,,,,,,,,,,,,,,,,,,,,,,,,,,222.58304819534203,230.06692647052427,234.38606635816214,235.96446340368652,231.7462098029216,232.91695323441348,226.02512576982096,213.25887838885154,217.56669611850026,223.6464610001956,234.48735450416524,235.3230444776794,238.66574769124028,242.5263095496028,,,,,,,209.01849548480004,212.74992028945752,219.69324720244367,218.38744421363242,212.28752404075766,208.34218372300546,,,,,207.53939228838325,201.28144608867382,200.8870718735668,200.84175624222337,197.5830799910006,199.10604872407248,200.58777879400856,209.10035337604393,220.44385180667882,225.8886894553567,236.1905262087099,230.64450146322406,218.86278167703085,215.5289774401105,210.1728116781228,215.28031047184317,206.68705594317154,204.30675834155886,205.96651445454154,218.13197413554732,214.10517058769085,211.05336541205878,206.04779137743893,212.55453438493572,215.0254906334212,200.7032162719551,198.22802908131672
407,2009-12-04 18:19:34+00:00,,,,,,,,,,,,,,,,,,,,,,,,,,,,,,,,,,,,,,,,,,,,,,,,,,,,,,,,,,,,,,,,,,,,,,,,,,,,,,,,,,,,,,,,,,,,,,,,,,,,,,,,,,,,,,,,,,,,,,,,,,,,,,,,,,,,,,,,,,,,,,,,,,,,,,,,,
408,2009-12-13 18:13:30+00:00,252.95228556762515,,239.02855380351252,,,,,,,255.41503841169836,239.15435867200267,232.6307957627012,220.99668143494938,215.40243066752498,211.68518735782953,204.39255355801023,190.61851263294324,191.30272998281873,205.02545586742406,195.30054196452232,,,,,183.41039016063388,178.16206326964058,179.83933417149836,183.67350653965718,199.1646429305037,196.29931828332695,190.39210321873247,185.77259797604262,188.97949466185923,187.30992255486973,190.93623884735365,189.8470844410465,184.0713353877207,187.38720443487097,184.5149289862744,,,,,,177.628728345301,172.14190429580006,170.54676397384236,176.67618315006,184.31263997588968,184.89316460125667,184.46638158863055,187.44337968955725,203.07303733643687,214.55794115733892,213.63188546443612,214.12187589631588,209.78339073416632,212.01343061402778,199.1673211531924,,,,,,,,190.38911788387,183.67390466707286,187.60866182298588,194.2798612858693,203.03136944976683,193.05184892690352,196.44599203373198,210.59553698325675,214.11407280835252,220.14462069123144,221.44734803820478,217.06665100759847,221.17391343107403,214.65045126096828,222.46697018856577,226.39895790872004,222.5848751662894,,,,,,,,,,,,199.1193535413493,214.09946254534947,214.52182517115526,220.60561575603333,224.95825950634895,218.90376547847683,211.07437879884696,207.18989057800167,205.89220616057162,196.45314622748225,200.68975770048831,207.81622147432785,217.86175288047232,214.39219790140868,222.332503327989,227.27621732592038,232.333295637079,227.44319276581194,223.29970904957048,,,,193.4270882440574,196.69584153932462,205.36316580427416,203.30768691114315,197.74550216313293,190.53780683572586,184.93211491725074,183.36384944327014,183.17363365553885,,,,,179.12799200772787,171.7944776366996,175.88995896030303,183.35019856632988,188.55412621504217,201.84177027614987,208.0590088034075,206.23350439944488,206.72325057011074,204.96641595278453,,,,,181.5540999024659,189.99399511673755,191.50028989482513,196.69106972412834,198.6816701345748,199.88146469877387,197.01931792609557,194.46922376588705,186.78116291539783,178.50676368581506
409,2009-12-29 18:13:48+00:00,249.56191345896605,250.39469466309737,,,,,242.195969694404,245.4960666513925,249.05902791921235,244.94482955086852,243.76773589852382,239.46824079916826,228.90155932784882,224.584192969843,218.6926134626135,221.03179340854356,217.2774300335022,214.32824394652167,212.59405517968656,,,,,191.78637114387755,190.44957925147932,182.45893986702828,189.23657038891065,196.39706642707404,200.5163676581061,205.82576210468835,196.14139882492157,197.21417018438189,197.05313572742764,197.0666983204382,200.43755185856276,189.2972721495806,184.02789264147097,190.0396785737212,,,,,,178.590052628217,178.83259386774824,179.95360212890162,174.00110619794748,181.5155701814218,187.9225715349417,194.0410348569967,195.79828328725839,200.3353924897104,217.94139679343056,219.58369422019945,215.22964072266717,218.24439764062674,215.6424960994795,215.93325913768774,,,,,,,,187.10273974709696,196.5173356311415,188.7265854028148,,,,,,,216.20867916171173,,,,,,,,,,,,,,,,,,,,,,241.22193541576542,226.4250864040963,226.65610758721996,224.33762248185616,222.4028733459253,211.91006730060872,207.11512998894722,198.5349913066023,203.82761693934137,217.98323104513082,222.44926538601328,227.88755102480258,225.307062247513,235.85007688458478,238.31553490210135,226.0337715866536,234.49225297930604,,,,202.40843166060662,199.68079997624267,212.2949010950921,210.9936020190699,199.23630328557982,197.76114053039362,192.651905500289,190.49675098610874,179.40735670561273,,,,186.32478093194362,186.55277239502067,185.554203354491,177.88854401952636,184.5488207965903,196.5593703946484,209.64331471937166,211.52516577946545,209.70362903493458,214.5230790939388,200.89348945030997,,,,196.01206228884385,187.12786956198178,186.56237474083403,196.47433950226633,198.79410765952298,191.7356352120221,200.50467439523013,199.49424561167683,196.3139300935476,188.29693438184609,181.8736297049532
410,2010-01-30 18:14:16+00:00,235.59284687851823,240.9901023274187,237.0220165614591,231.17266537351992,234.26042478558824,235.76966610828524,231.59801025634397,238.7867495112728,,,,219.97721624877886,208.91085444873315,200.33966606955713,196.6215365603491,193.1861929614171,195.13088726895822,187.47342976682842,202.65410714908631,195.51933012255728,180.61082112602963,174.76561207490258,178.5018031268456,183.59044411889494,179.3706112513141,164.62013294247717,,,,,174.01181776110164,172.09588653883588,178.0218876843245,174.86451029993802,177.90378781756198,168.3084146204527,172.2203824775957,175.121244557585,179.78030988459457,173.29382478790473,179.03027109084073,162.24003534379108,156.05804477593892,165.41844983605813,164.53640593323314,,,,,170.58456123217493,171.82159434019133,163.40147760223496,177.41326631849617,190.84280855800876,189.21366677456354,197.0084742215405,193.5765466709344,196.12450482550832,183.86876698260846,188.561433741688,190.75224624001214,197.98834872735011,178.7660127525614,179.02935189842717,,,,168.21499681678972,,,,,,,,198.6560709283502,191.80873374247108,194.17643249538412,201.52791299245834,193.66039870050363,192.72428090874627,206.70838743145924,213.82562786424984,212.10826778577706,213.97284368570507,208.34434418987124,205.1968503281497,200.03764462485313,200.59825164028402,205.42430771505946,170.48211706046743,182.14007202713904,192.15337142827087,193.68866083522798,186.22662375257102,187.02995540570205,202.2642744828559,204.08923318966845,209.15445769220534,197.3858596282774,192.53988277788395,195.5039733414672,,,,,,162.8825242614709,203.5888162037695,204.73219698210224,204.97708281793305,201.7702230890331,199.86483314865697,210.4773419761018,204.15884607032677,194.69491907185494,182.92467561576547,,,,179.3287837805467,177.6679858216737,171.06309209075403,167.44813606624479,160.3789040291241,171.14503688277742,165.3645283348743,162.41061129597216,163.69439484763728,164.69260201975627,,,,170.1883698227987,183.6483628228887,178.6708581163602,193.59207148430846,187.56867966652032,187.57160211203887,173.75899963542025,176.45560299661938,184.31629507363468,180.14796444538655,164.8991984001891,,,,,175.43641354205576,163.54286696869013,165.04864865151433,153.84623513204446,156.28860202500982
411,2010-02-07 18:13:26+00:00,,,272.55757445152346,,,,234.09146844985122,248.58261560953383,253.68903531430777,258.47931680857954,274.8841027856717,,,,,,206.50997692939598,206.54257561732618,210.96434705484128,206.51874315154112,191.83206453803257,194.43165779837378,185.36864975249478,193.43259129126452,,,,,,,,,,,193.1327372748588,189.6319781186125,185.48253866272233,186.42514066548534,,,157.74691738402646,,,,,,,,,,193.50272599106722,207.61851195582364,212.15034927639715,214.24898676663338,204.69901586262688,191.9171753400098,209.03362817400787,,,,,,,183.34608392328028,186.01521743998984,184.00544284260752,200.97603237537749,192.79508707947093,190.84311098002138,199.3594857477814,206.56289768252333,201.06958797968363,208.8723135576961,223.15287187863905,226.7326103876369,230.4859697324046,228.59801356061593,224.21443262506764,236.54191801293024,233.95931931738284,228.08874391566934,219.70602854574622,229.79242934073255,237.757246262765,224.46816097729368,217.09465223391453,209.53709594246368,221.46783493930081,222.25210029571286,228.21975110035467,206.32493607388795,215.33024978543074,222.2897411680013,223.2838495947019,206.31745565776154,210.32657535617108,220.65001014053686,202.68974763805744,224.64057924139465,226.26348448675546,221.6996912042399,215.6914243133151,,,,,,,,,,,228.71088246198386,227.56506396382366,226.8273559322816,210.641286454507,196.8124892116854,192.79331213617692,,,,,,,182.7519445441607,186.50656189105507,181.16865581968352,179.06093927751795,182.68071560988744,177.34948795318934,181.98241282552294,171.229109718013,167.44994717713445,177.6162550259461,201.70800283236582,204.29575425960627,218.1768690701142,212.10946724249192,207.7179612325877,198.08328022633992,196.7892557869199,198.567833781116,195.5554986709178,187.39450251027512,182.96424880842943,187.71255434509328,194.55458117643803,195.72821711904498,203.9727891288274,204.27769496544502,196.3917790862651,184.67363409800942,176.26412061773567
412,2010-02-14 18:19:38+00:00,,,,,,,,,,,,,,,,,,,,,,,,,,,,,,,,,,,,,,,,,,,,,,,,,,,,,,,,,,,,,,,,,,,,,,,,,,,,,,,,,,,,,,,,,,,,,,,,,,,,,,,,,,,,,,,,,,,,,,,,,,,,,,,,,,,,,,,,,189.62278367438248,190.83398999196933,187.55508811610412,180.80185218121215,,,,,,,,,179.54018261984612,180.98242121076368,172.24427785758132,165.18050863843027,156.11158148440006
413,2010-02-15 18:14:28+00:00,242.65761799400929,243.08989935884006,237.56500584152735,,,,225.6115503770024,233.36360168116,237.91014752324054,238.68374771486626,235.2656725522803,223.91469221788486,208.61781485607946,206.0661105418235,207.29918196616097,201.7723074238817,198.92251352497027,187.67979370502135,201.17575452784416,194.20226033375388,,,,,177.81884278265278,175.27130928297504,175.0925450227056,175.4758377299217,179.72482472672957,185.07985566826733,180.13151899344518,175.81989132704427,180.4908015599056,182.56048987910333,185.2019185605814,175.93595088137658,169.05828560758926,176.62229234130888,169.06964518143144,172.81341881975115,,,,160.94508386034667,161.7576895678322,167.8756645181287,163.17852897879578,170.92628264373457,179.96683496602785,177.76876283116297,178.97444343056918,173.96077246647235,184.52201167501192,197.57813519285867,200.66237386637084,199.14909375003066,200.4048101692605,197.45089605506746,185.96517874959704,185.78041412257187,,,,,,,,173.3556560367364,169.3606819885374,180.2022141650168,183.47932308507026,183.92775348889205,180.8608768554372,201.7729568267018,202.01820802809306,209.47443562184395,203.93733747543027,204.50253302029893,215.90197352592583,212.7278359488666,217.11603886946898,208.8649772281488,214.3016147270111,,,,,,,,,,,,193.22223142156037,195.56365334921585,206.50702061775064,204.79683120603806,215.66600957137734,211.870494086882,204.5231924495992,203.86883941383206,201.69041377832684,193.02378713417892,197.1109687740405,201.72034193931134,209.2971040564866,,217.3430854296716,216.79421349387013,224.26451973710218,219.29482455810387,212.7009095101646,207.14577435061193,,,,193.62658434042197,208.9081667553395,213.4978069471572,187.7584767283666,189.13632288241996,186.01751250251914,176.10246093774458,175.41817855819994,174.5422823639437,,,,170.05112083577507,170.43347229855348,160.10218735388676,155.83918666116702,174.69215004403873,185.52698133798327,187.91941469844357,199.81187892743282,199.55719106853456,195.3330323494545,175.71748873150224,,,,170.6952071338232,165.3262230471391,169.37431670609564,178.20937889556097,184.486400088197,184.02006562661472,183.98496941288508,182.8714810171505,166.97425808652258,163.05305162171064
414,2010-03-03 18:14:36+00:00,243.40073171293372,246.09072764414094,241.09786310721,238.39958377237141,236.4083517006067,235.67723581664401,233.60480250295842,,,,,226.50548570372396,209.49252949345953,203.8035591005739,204.90779068272968,203.1641654864784,190.25942382419592,188.4442178356042,200.0964894582902,200.03396303719214,183.63593549306486,181.17373572349004,179.00434136752511,178.8446654832698,171.4043459123684,,,,183.8826512085151,186.57410176837783,192.75388051526883,181.44117708228475,180.4565882736521,180.0319770078334,185.23967693550964,182.13821643427258,182.22299483157343,180.36673791756579,174.9399894330159,176.88319273656305,189.02901348887468,170.47714473689217,162.0858364887377,163.34288739747362,,,,,178.59547298452426,183.7451444419492,182.063769869937,181.59191157605176,190.67828146739794,201.52366540506324,200.32709891272393,206.55533605533435,209.16480709931497,201.63976673749823,190.55377642146314,191.7375662447027,194.0876766881314,204.5516807769055,182.64920730768952,181.7142735078036,182.74965460293964,177.41772760360575,181.24702233524405,,,,,,,,210.34496204505353,211.80090039176017,208.62653900268546,206.67122211387135,226.81856694355216,221.00536734338257,216.24545669529832,218.32553458568654,224.49805238860637,221.78341309449308,213.40895421010202,207.41448746411675,200.44590440119111,207.27700867794317,191.56502038772658,,182.82461220239585,197.67626362294243,199.53813340472715,201.53294726219562,,,,,,,,,,,,,,185.9752581148864,211.02871249292048,212.72983077797443,217.36416024504945,214.66208239095207,222.19036871833276,218.1794978957749,213.1018004661645,192.72160198602108,177.88421627344232,,,193.39910314800898,178.23140553925634,175.76182158798284,173.1010540538346,165.54287739695485,171.06097958585136,177.31965020311713,173.07015877077015,162.22326832086455,162.95834241767096,,,,157.55169262731383,170.98908011041772,190.8808487189067,185.5995157186837,193.175556786339,197.52915812313506,188.4514444808745,181.82943886507064,186.61650835193666,184.68709346465664,179.13850050187386,,,,,175.18854473094967,183.94002013247817,181.27612957181867,174.71550780660363,163.89495884858215,170.75270976467203
415,2010-03-11 18:13:30+00:00,258.9530517048967,258.9452232708381,246.18285794208714,244.62355715401748,247.82304854293892,254.9785470863081,250.185582608846,254.7287584129595,256.2978294352224,250.95710290851252,246.59835824533894,240.09228375183335,227.01304330208475,217.41450859819534,218.996116354844,216.40789407671346,208.28679868152176,210.670604665883,219.14427262841258,210.51806962589967,196.5674179104157,195.05181066291627,196.1514792170711,199.28241065653796,194.4353688241764,193.62572167094052,195.84464848443366,199.57184223659587,202.693433757363,209.73673955505348,210.42272496545752,199.10423717090902,201.80744672594295,200.77673137021904,197.70848369124485,198.158976810978,190.46278242352636,192.1575008735854,188.5531069775912,190.0537645993303,193.9724433843778,185.17766758804956,182.98525420134322,186.55439654353853,178.63165273112241,180.61134420708282,175.41970992034416,184.25205492813714,199.78206748334546,201.81101039847124,196.65633594195586,203.19608959470315,217.65565312705388,217.25862701435923,220.31175699140056,219.59603862619474,220.3767812593735,212.53499369541618,205.98418650395539,200.89016847815418,208.25891269645882,205.1442208927057,187.80001671278595,193.80596220529713,192.41144668695057,189.8967672638779,207.70046105375968,200.336672525462,193.4192456972118,204.2387737491349,199.19511107402263,201.63743730428246,203.0878010102267,228.96846910026747,229.30598416393678,233.661334743579,224.09804475269618,226.71440022396212,242.2323338449079,248.90132696598965,235.17920737979227,237.0179517948268,238.80003703248474,234.35231049445775,224.3534685867556,214.86748203957936,212.3153047002725,217.44078152472972,221.44285427400382,222.55380736503824,224.26692873899933,218.86096877152443,225.68454055191805,226.18683832970916,206.01257617216743,215.45927829120035,220.57915621646777,229.00818259767098,229.67851337462565,236.04403935836785,226.28648495243203,219.39843538287454,213.34014302925914,207.89567798680383,210.35772705367953,223.22034501987426,232.7688786141238,221.33134921854852,231.13853947036165,235.9487519047513,242.55006647273404,233.94374071815918,234.20347185199546,236.24045250534414,227.2801040083956,220.44586940059756,206.42350278788405,209.51331327364335,217.22673225763555,218.79944592179893,208.38493703931675,200.38382887081497,197.3463943667486,189.06855913800595,189.84157950463467,190.93113707402546,194.07390387048957,188.54341907720385,190.99457267775495,192.62609900957727,183.5977369832312,175.21838994003755,171.5758992578282,190.32024311822917,208.4215545232366,212.44419295629243,215.69069116510323,221.438446797419,213.11627058903122,201.7152467520031,198.51352502956786,216.39094956681706,210.02598784284152,198.61681823799233,195.23097092562188,196.75443261468172,205.36819687154116,197.75587876735295,198.82792297181922,204.46485128494618,200.72176897099155,186.24235816062247,186.672716548692
416,2010-03-27 18:13:28+00:00,251.5236151723733,253.85469541904394,248.88794852150806,245.13601943297562,242.48457011151484,245.40637345372835,239.81271574536675,245.38646801950176,246.8147796128216,247.1001675565513,242.23365490347146,236.97275698510617,225.445121238225,215.31581799511704,214.2210931688873,216.12548967111286,209.77492562121142,206.78430019233622,216.77525365053378,208.83370409522377,195.31888202508878,192.05326446675235,196.119483745621,194.34314243206586,188.5811136877076,183.84034246981042,189.492352587842,192.50093098625797,200.47339441255568,204.62118123785507,206.66262701081675,195.27921771137596,196.63294463277572,194.7957012757095,192.29617075574663,186.34462041690375,180.6608340848978,186.11706680593073,183.50649195391995,188.48259291505818,195.25288715126982,172.72458102535043,170.29443007713132,177.67382892246508,175.89222456179624,177.6659525833103,172.89637736481637,184.41332978924618,193.79858844207763,197.76766573536628,194.94265455981784,197.02733138662023,209.35663658609627,209.8516801320489,213.02036953889416,216.5812821270864,217.57342695851952,210.22307525316737,200.78758992749786,201.28059697334635,204.53470890622893,211.64816290834875,187.95464415853877,181.60892297388597,178.30780738475028,177.91475869841236,194.4815000551111,193.8845518718596,191.22331146569752,193.09116535897184,193.01755825493765,191.69757979366804,197.2942135293339,221.63989441133631,230.6114963094451,228.7800310262369,221.66397451908833,223.23309903889952,234.00710485828654,236.140004827204,228.44277978265495,226.43716736467155,233.12081370121695,237.52193859998886,223.61584898757695,211.03819560924137,214.02002654530094,204.6909399584199,204.00104548099196,214.59043092695703,211.87434687414387,212.23917189812713,209.96434930373567,215.58402667705718,202.22737345290713,207.98362312513615,214.66546363441995,219.8056316166228,226.9312548373257,221.19243685426392,219.70224910516419,214.34620697604436,210.2262862925642,192.91819397355525,204.6901447906381,216.02629059658787,231.4429332562396,220.99776941289747,230.25458353785007,233.34502048473098,240.41726729612492,239.33862472234483,231.4132793897412,227.3702239891624,227.29315709199597,216.87602676935245,201.06835618927096,199.25426311585505,212.7467482429234,215.4508076627866,203.63033043565036,195.80282692094204,180.61467918868135,183.25578167143692,179.52784924034347,186.26034801101,191.34782139516042,183.8781773440644,184.76120476483072,178.60505012514935,174.81876978633738,171.32297324826038,177.70109896067873,186.89787751698452,201.9475722793906,205.66338419834887,211.2010538349808,213.6299752991469,200.5320038342088,199.60318700420984,205.33401638544746,207.47640787326205,196.83751253413058,191.88385965003667,187.60054517723785,190.37471582907563,197.63388139682678,195.9421184280662,200.54914981273845,197.88874311806924,193.4021669577764,188.1834155827426,180.3970771439457
417,2010-04-03 18:19:38+00:00,,,,,,,,,,,,,,,,,,,,,,,,,,,,,,,,,,,,,,,,,,,,,,,,,,,,,,,,,,,,,,,,,,,,,,,,,,,,,,,,,,,,,,,,,,,,,,,,,,,,,,,,,,,,,,,,,,,,,,,,,,,,,,,,,,,,,,,,,,,,,,205.0538396905945,192.12551483002102,189.04067836759737,183.28053825794873,,,,,,,,
418,2010-04-04 18:14:45+00:00,254.30219193678457,254.52924817858354,246.67157238051678,242.6174397870849,242.90076068611233,249.3423208699555,243.56887464632123,250.86945730963936,251.57076890542115,252.08716075371188,246.51979855586708,243.26599062918945,,,,,213.2082609871815,216.15124607648096,219.63729127056777,212.21221383488233,197.05816453273033,196.94547152440134,195.19719139393425,197.516551557035,196.38655998381898,189.94037648149555,200.14760578355254,199.37102641206906,206.11204518219375,202.3578134586866,213.0592083287887,,,,,194.80076589539357,187.90233568806735,196.26527867694585,192.77198201600697,196.61711325238917,192.67257612325366,180.2784712671492,176.7626223639063,176.94978734019773,176.8064502025054,180.60719057540274,172.74707816203704,189.51893217796476,192.54086843388484,198.33710974811672,,,,,218.7160703886343,222.56523660633684,220.93089291933921,212.66581625435543,203.38075791435088,197.21691815429088,203.17210288390362,206.89931330106293,180.81020902002155,187.0404660717501,178.1418919067222,192.87739376339562,202.63321921495645,195.42569926910002,195.9857115518867,204.3398609718756,206.79334230669906,202.63971308678185,211.69465708627035,226.07002247935174,229.86817330836655,230.71164272686048,,,,,233.7289295316748,236.59066000221839,236.78795190770984,236.9024425734106,223.80484878839374,212.39241592436883,215.38573119938587,213.06823696146546,221.21019111805163,220.05907648566676,230.00572465242914,217.2615847538358,220.02132831204815,226.12404781661678,209.8203058703111,218.6938324644981,219.28867865005643,234.75135567889953,230.69645352457115,235.89895174151502,223.8628200713232,223.50431960387593,218.1440982914438,209.9322404416174,210.7504265288755,222.4820976427652,229.77226637510216,229.76161677239577,241.4430604744341,,,237.57497207278772,235.16944327945157,231.5303631782664,232.7937471017865,217.66939754819336,202.51961312461282,205.5424577298709,214.4492493276451,216.0691111009074,,,,187.2848811197745,182.16653695608812,189.25986816078742,190.72834087110894,184.99659862552863,182.61325846907044,183.55213221919539,178.26950336943992,171.1336127664613,177.1358635959117,,,,,214.91195934523176,206.3278929864569,195.1654984970241,200.0406276900447,204.93411503820386,202.10266515787822,193.9830156557381,192.81758557346268,196.06828769211657,197.11029165887152,194.97432951238324,,,,186.38557694183962,185.62037439993145
419,2010-04-12 18:13:26+00:00,244.05731081007497,244.96965113708842,238.87043516839896,233.35098344477564,233.51146338639023,236.9567374744688,235.43005497533127,244.86877236074304,244.82792073143457,241.06697162035948,235.63255294402336,231.30657625449032,216.04602595406317,207.0711339196701,202.2917865507655,210.65282653891228,204.57869003013263,204.03334131253717,210.96806994848146,200.76973226144008,182.94797702355527,181.11163238573187,180.8298036821114,183.08019846444,179.17206144783557,177.34100194262714,176.63897023932486,181.72741520419066,183.91239307744212,183.65749755049532,187.2159271380948,177.81480153341806,183.48894826273693,188.6826931028251,191.22261086087815,180.85949384392143,170.92540669990572,179.74855784397653,181.32511440930645,184.7885374341026,190.72650809301166,168.79409030000772,156.1464006154608,159.82838728959112,161.18197589355628,166.8309539387774,163.80462594712267,175.66182869338104,184.63109967591316,181.13582101800876,178.61075314698883,185.18248846684827,197.89961570156945,200.1749578150152,199.14027336064464,205.54035528725285,204.88987522034444,202.8118873699231,193.69845126706258,182.00440545663997,190.0093086461914,190.0531146909476,181.1933890288526,174.8132883636701,174.02042492734006,175.06140902495267,183.86608537535426,173.8470332916232,175.11323760121667,182.9010776526793,187.25297822040415,184.7412844980032,193.0059789660184,208.30960945188122,218.6081973501115,218.86310542366093,213.12744186810426,210.60976012802485,235.1308987132745,230.8840297004686,227.26239933423156,224.8892221597347,226.2390552396492,224.34090375624544,218.0215655387832,203.8996497260469,200.86099554046245,194.9208063741263,194.3118474807253,207.45893224625695,207.432714632489,204.81207862139604,207.14968812468229,204.95673773263496,196.1642309113842,198.26517636422835,207.85067026527014,212.80478428338554,217.13283265947288,218.5551490912788,201.61276978998507,207.4442821062097,202.3771057586768,197.15750612718364,188.91739379334044,209.49740379455335,212.95353535303298,210.37150030389182,216.2693773554837,223.95687886435857,237.49532127311247,230.99322559971216,228.71378765042311,221.25836585548495,223.26653473448502,209.79394548108024,198.41609893722062,202.46033583447337,209.4862919805928,207.00291655874622,192.7283943756835,186.96744496524826,180.76826529011944,180.9756142413604,174.7093660255433,178.88344993412386,180.41361791363505,173.6412264700462,177.42704473709279,170.62871639661407,168.05710971132305,166.43054847101362,165.19700907913037,177.87878389341896,193.3753107004788,198.57065299351652,204.1186839738894,209.75954877378138,199.98945647355833,190.83060210201137,190.55082097200224,196.74683660255727,189.31171467786402,178.89559775040354,180.6530998369187,187.31295284014575,,,,,,,
420,2010-05-05 18:19:32+00:00,,,,,,,,,,,,,,,,,,,,,,,,,,,,,,,,,,,,,,,,,,,,,,,,,,,,,,,,,,,,,,,,,,,,,,,,,,,,,,,,,,,,,,,,,,,,,,,,,,,,,,,,,,,,,,,,,,,,,,,,,,,,,,,,,,,178.11241316464816,178.51189848262487,186.9831335270254,198.02556763358433,,,,,,,,,200.1083636813448,189.67237556311,189.9942329015682,192.70782008257208,200.0299925319132,199.601414840787,203.97898160199549,,,,
421,2010-05-06 18:14:42+00:00,261.3840807538677,258.72942265531634,248.87929017592535,243.2826003745869,241.7349647175979,247.69168399879493,244.5124408816741,253.2991867774798,257.7024044106896,255.87172202333818,249.27712777218125,,,,,218.51643565150434,216.99611018870624,216.3875963979754,223.00860265227982,212.82887096480042,203.0227901126927,197.4063514649414,203.5926116845074,195.849439673912,193.50591173084706,188.52487900890833,190.68577688690738,197.20772776196242,207.0518503562854,,,,,,198.88569220714493,192.17946540189186,189.57972811060353,191.77727394933422,190.35775081071637,193.35008325433643,197.2897047798857,181.41717485638057,175.5998839770052,182.35240608035164,180.77719874646186,181.32921316039943,174.64512453708588,190.0875329954967,,,,,,211.29729042611297,208.46908160613066,215.25205227776834,214.08439031039813,212.82320987282554,200.76819916487526,198.6063824637393,199.0459322693523,206.1118560934657,183.13697354408274,183.4183448043006,185.27262249254122,185.24287263952942,198.55757595984755,193.6891342306757,195.20494834857476,202.48127875299372,209.3948580253503,199.99642185683223,209.82762665015235,220.17257300316516,231.8544160336623,,,,,241.66161180732354,234.0827832043448,233.10714639513935,234.3876063444476,230.45746516113147,225.7530813562575,215.4767262313137,212.80741366196128,208.22464688830348,213.94216086441526,222.47058022946305,230.17387878786167,217.91999712601898,222.00354461138363,220.51864444104575,206.90658091815573,216.65098459454293,220.00953799284667,232.0532398983966,228.31413717670108,227.51874993660027,221.82290733931399,223.13370549572636,216.34262816690364,208.34504095453053,205.1143447411494,221.0514042713026,,,,,,242.34955243303568,238.1244584264178,231.12969790853253,233.89335670111893,231.39830209253182,211.53058262067918,213.8886871854611,219.10773173503088,,,,193.03663931817346,188.68591946154046,182.41396734270955,188.04113103138002,191.23491832081493,185.88199201741634,183.6983037958297,181.35546797936507,180.45674357805095,180.85417816515172,,,,,216.09845966060612,219.04109992374742,204.53029598966634,202.8593141667527,202.02939346437412,204.67537352817453,197.52097931710614,190.9985222628668,187.27911478822256,192.93315248917384,190.42317301176297,,,,,193.86638623864536,187.69649124167515
422,2010-05-14 18:13:20+00:00,245.86809450763985,252.3214792924148,,,,,,,,,,,,211.77417451018644,205.89987134407397,206.3858311084723,,,,,,,,,,,,,,,,,,,,,,,,,,,164.34717072739912,170.3487710627137,173.27873612521628,173.54234067828986,169.27302853596626,183.79995277634475,189.31198272536875,196.29113178159767,188.71380917455855,188.9720758945757,197.736654660613,,,,,,,,,,,,,,180.95268119757876,177.40385909156373,184.07343793768092,186.8272491911121,202.93965735174498,197.49528611739294,207.43380463120164,217.36037131193166,225.72025984106196,229.67531383535587,218.08951505844803,218.4975277528524,224.0239559041815,226.4065657766835,227.78721402609546,231.8897179795814,230.16877593887807,229.49356252484574,224.07129437047024,209.6694077125116,206.66192240208562,205.7575588960991,202.01095156959994,208.0277690457572,207.6010160769485,213.0870647402989,208.2801085447504,210.61586916907393,194.39006114065137,201.1770531710604,210.68379926029723,212.5161209815303,219.60893831007058,218.36235811430237,212.00199014660205,208.55319329055675,208.75561131212663,201.42683159856182,197.11797746513247,212.46204471811726,217.39077963371494,228.31816157627196,224.2543145520852,230.3328992931254,242.27083570156572,234.8798492759541,230.31648359151893,224.67087695366024,221.59396853131958,226.40892715813163,214.49301376721232,205.37353512212584,214.48512335165987,216.34648707956728,202.13597307622706,190.53246173293155,183.1813390721761,178.0744642717737,173.60706173656132,183.81792282184222,183.59628112315045,174.909728243472,178.04448993109867,172.64123480585812,166.07273381179968,173.5866131981304,185.9108044055024,197.63736883041844,195.31542281528584,199.92432680139245,209.19520245278147,211.47517258454758,198.7229002901136,194.91566884897608,196.4211665657511,193.1242584999179,181.78628182337087,173.10196037788938,172.01243357579415,187.4337443940687,194.578696888591,194.77728934167706,185.57143440323438,194.37649240916022,197.10728405131022,183.40367641734184,177.52596630860393
423,2010-05-22 18:14:39+00:00,,,,241.55455607383612,242.22031595390146,242.90596379734694,238.79690069711177,242.26089609948846,242.40379333146865,242.96382835900482,242.91033408389887,238.89777717787712,224.96435527343192,213.86278832975728,211.12240494873328,210.40542283991803,,,,,201.52686089790427,194.5850698292042,200.1424528235009,193.89032850285628,189.31494795385657,188.01074031963645,190.0024809413037,199.29255680139596,202.77800858534238,207.9221739402861,207.90146557295017,197.47618230499313,197.45945608284939,192.84001670505143,200.4036334798045,,,,,192.55913288715956,190.68609789369881,177.7806036935684,172.34849170057942,177.10940678304883,178.17077688013876,179.49149294994658,177.45655660943692,181.75058001000497,193.63190925992478,193.67731939451085,190.99235590095589,192.4577416394932,203.23027678875118,,,,,,,199.24560365446527,199.02750011825734,204.84040153931983,180.394532844463,182.57313613717838,176.03548876573217,178.46077778726868,190.37747909215992,184.62731809394552,188.02784520474844,203.1455755348652,206.7078722957466,199.61220273127515,210.45215997711597,217.0356075097211,227.31563096400913,227.09278673855565,228.6192929993544,224.97595559043356,235.35644264795582,224.54843324042935,,,,225.68171867055617,218.64452295942982,214.69873756859369,206.87721612916607,206.98373052143813,199.37617926899233,213.34137513929778,218.04071589405507,215.52823523465878,210.4429954485749,218.78132007889874,207.20351810972022,207.6954312334151,215.7099584367974,216.34694570673784,227.44886039230127,222.4351420001526,219.45868960113927,212.4127937006053,213.86658848694333,206.21663144018476,208.7405452900516,217.1738282990289,227.75067284016728,242.5686905488767,236.8028417040532,242.36000672652847,250.5430062001608,,,,227.38566540563323,233.3511955248801,215.64792506145608,210.34876994393733,214.29718039081502,210.05292131754882,202.67288868446292,195.0417486421244,182.535437322007,,,,182.03660418145517,176.86449747336962,175.09831934885037,174.13717335327965,175.83326194936512,183.019699813409,189.89651609237822,193.410051581311,199.40300313602853,196.49393781382756,,,,,188.2196895031279,188.0560059834836,181.897920859421,172.14780807774883,175.77109148140318,184.95069630848786,190.14642919625078,191.17511469026084,189.88972908429704,195.56257563000617,192.20443346093055,,
424,2010-05-30 18:13:15+00:00,248.75109551212188,252.42985523217166,244.30463257968455,245.1103005644071,246.7628594098361,249.2907752847659,240.67364904931569,244.70338132334246,243.57406785858882,242.4834966431527,240.87640719905033,236.81686135336605,230.3312781318923,218.69077893394632,217.86536044935156,215.8758949281128,214.99272735025227,208.92906071747268,220.44181445574745,208.16308085844565,195.53175704501285,190.00563989257878,193.9009685852924,191.9137043281642,192.54419200501152,187.19382926724873,189.03300440787723,196.542174083646,203.9945256733019,211.2015413656456,200.608171979649,198.44760974979766,205.44529743211496,200.37279889607612,198.45819863375178,189.683930089726,187.5507973481889,187.7513883240488,191.95192497244477,193.9349240430924,188.3302931997471,173.30493419147257,170.4389240625516,174.48644012128145,176.44598652441547,180.21571096147488,178.4290867591045,190.92787614701155,192.0542513934575,189.21041332306524,190.78215664847798,196.40629959327106,207.01387770787733,210.99279087640258,208.8477025741318,211.7624170769597,209.71779781780882,203.9763915143239,197.57104429203096,191.50599702697465,195.94401706558904,204.58063932363342,197.95846788566064,194.98198562375148,182.86302124984357,187.51246131905827,194.05853511552135,196.09174631005203,197.28413775850342,209.37283983589785,207.7526182230166,206.42779317945582,209.9974166027297,226.89376481197348,227.21492113714774,230.14196976079415,237.1054663869955,238.10556153699093,244.5408686136238,239.2777600592093,234.7901992655922,231.5809081523811,235.47511800223376,227.2165702241899,228.68216890175046,223.74234224989914,218.3623533310122,220.13767658750825,215.45910877647037,221.8420855477237,218.82967899227458,217.9738773954519,215.74153327252927,222.37642886654947,205.5731517182928,211.7511914646666,220.77861046783715,222.1513774984361,231.43830829410518,226.0692667009427,217.49145736224975,214.52300170769388,210.66145456598792,198.99038737967174,205.35309249647975,214.7447883129961,222.25597013688036,233.6798084389428,234.79599441686656,237.63440057774437,247.6500172171257,236.76681817729363,234.0269238577131,224.81469989208273,226.03430250362743,238.35810678987295,222.3673637443917,211.4297462064493,222.52177211019733,222.49321656141996,212.18285799795456,209.1261699562105,189.75996819132934,187.04676652000916,184.03659013322465,186.57811587230253,193.18289156079157,180.32647609933966,187.21777857444175,177.09187711300552,178.53484708757404,184.925824810604,197.0726164120645,201.25987421713387,210.2529617112782,206.66320918618484,215.06364410786992,210.07054150552767,205.462207647801,197.69912241918837,201.91538048425696,207.59057624091244,197.45653870385883,192.37299957222234,191.08896900690706,188.35487950612904,190.669979950045,192.75096713026687,197.43832379251194,206.27111346547827,204.46848211642478,191.03299524388052,186.83861219926192
425,2010-07-16 18:20:57+00:00,,,,,,,,,,,,,,,,,,,,,,,,,,,,,,,,,,,,,,,,,,,,,,,,,,,,,,,,,,,,,,,,,,,,,,,,,,,,,,,,,,,,,,,,,,,,,,,,,,,,,,,,,,,,,,,,,,,,,,,213.86489906416253,206.08500453970507,,,,,,,,,,174.32355070850352,176.80215930254178,180.90886550255254,186.45142845503153,,,,,,,192.94192004732267,199.36644262038436,203.524880974561,190.48458459659028,183.7669621838138,181.24589550474425,181.58602688321417,188.9499399445131,192.62236850037152,,,,,
426,2010-07-17 18:13:02+00:00,245.83170604612621,252.05651449311412,241.23531250572057,239.49470376353165,238.40838103816748,241.40175520839932,238.47687363694888,244.69190775896936,250.38046801182253,246.4054289366493,240.98415036418248,234.03586382831543,223.51212391770702,214.52296201499666,211.31646994988455,216.62476509606233,213.404571308658,206.37602247587796,220.82327740671948,211.28946061195967,203.20220373180933,195.5017835811236,197.26015451762456,194.53107556634862,190.9230106739622,184.8777869739579,185.08859953229074,197.78395703316897,205.96402268883034,213.23529953608127,194.87191748731823,185.93341519753437,193.59291863880875,191.90152829533793,195.86835642858958,187.79340552735385,185.43564068136243,182.16391860961926,186.1923403170661,185.47917156295853,184.63456479418363,162.3890672722382,158.65256051217352,167.19287483329376,173.0011502891048,178.3130145481456,179.5403734147449,198.63083906532177,197.27932891878208,191.51351169251615,181.06271467376826,194.82159787432715,209.24114222755205,206.37518373188038,208.4501022081577,206.15995890385778,209.01959481049903,208.18936815778426,197.9538104228631,192.279214297492,201.19753517356153,202.0071803112013,185.78228415433392,181.71775108796965,183.06849298965125,178.63547933330196,174.40455641275344,179.91982311453515,187.51653108828194,198.44900639373805,206.39547731718667,216.48564676495366,215.59577189893682,226.95830972240603,225.5595223982595,233.3074615956756,232.96142188971262,233.18955334853092,232.48028572398783,227.28208246970127,222.88595413080736,225.84486431241083,230.9995650155413,232.28650436004094,226.2364353869065,219.25418356591547,217.9008601481522,213.13872779861597,215.73481911131577,215.58546279311156,214.99666845318293,213.73697947080987,207.64255336122068,214.6424147008626,199.56395444447153,206.91837020174768,210.07007231625425,216.98027732313778,221.00610030238767,220.365526675044,211.61150665375612,208.68485286458983,211.57061013550086,204.99852720944085,208.26092091878488,216.64569368180491,227.42501556553958,235.91838448171916,229.44184381590134,232.4768118193398,236.02245077508263,231.62719312618128,222.29453673163874,217.51650969525343,221.41224529006132,232.8164404501093,228.79121971151875,221.92980088524862,222.58122917038654,216.6468179233029,206.0976745570127,193.89256263952737,189.333146801947,185.9868826867723,186.75535151629308,190.97939993910023,187.88630721522264,179.78058847120172,181.59952462588535,175.7839651651782,179.0140400163363,188.78029831819546,196.74963192067625,199.50912756327398,201.77885985844708,205.70891214340392,212.53906757496856,217.61173934687523,205.73520049771417,199.54589637211575,202.85812997802594,208.8360034207886,201.7765799759243,188.61222155435576,190.13052324460716,188.4296867181185,199.77659740434376,202.95661972563326,201.17743893478422,202.700193272889,199.09456738235608,193.1787078887252,181.92772344020693
427,2010-08-09 18:19:04+00:00,,,,,,,,,,,,,,,,,,,,,,,,,,,,,,,,,,,,,,,,,,,,,,,,,,,,,,,,,,,,,,,,,,,,,,,,,,,,,,,,,,,,,,,,,,,,,,,,,,,,,,,,,,,,,,,,,,,,,,,225.3337494256201,218.79868919922325,207.82430664677457,207.00326992428296,,,,,,,,,181.37161441645145,192.31178623663706,196.58235817294414,198.70130557047253,197.89781256916208,199.51608487217698,,,,,,,,192.38983986405412,193.40536509983252,195.39898611020936,191.11666478555404,200.9115067712891,193.7394087875003,197.6953043575531,193.95851060656113,190.7991891061817,184.86031402416205
428,2010-08-10 18:14:45+00:00,254.44875428689872,252.91963596052366,246.4064390798751,238.92308221165325,238.35213221312375,241.92084245347854,236.1986694598242,242.48942043022538,242.31432548952088,240.79132398979394,239.64979628130024,228.36072162321966,,,,,217.39072694545365,204.98801540889934,217.17912200013103,208.40969817942045,200.31834506077848,188.06409151951465,191.03378276011682,192.1224402856572,191.72063474431343,189.4860096795285,185.9803636114023,199.31371675615776,207.30718629577012,206.08352541235453,200.7065526550722,,,,,189.5288059856788,189.16157952643192,191.7834316319972,186.99014849519506,187.85992667500437,192.33775099038039,171.38771004656638,169.1685052481015,173.60166076825476,176.2570807615602,174.68621043687352,185.08580834812255,193.792072765128,199.61788239457007,189.01067092411705,,,,,210.5369047715567,212.6436051446501,210.99711055851964,208.22373515349113,200.1813964503616,196.0925518899656,197.00057532416767,206.48161095580093,188.48968428110433,189.52901340020767,195.0519544502356,184.30930750747657,178.50094496294804,184.12190524634974,188.74751824732488,190.02345843146128,210.95837950252843,194.9754352867086,202.33702514910382,205.55715972187306,215.26690147305627,223.0037320412229,,,,,223.64351311127962,221.60366502295932,232.08171106838205,233.50424777211776,226.70373279306224,220.5773824546697,216.65262143985666,219.75825082490874,213.31731829547428,214.84624265473354,205.76536037156612,209.83607472579715,204.1163867481115,205.2832527560036,208.78945313453326,198.9949910623804,213.9348339865179,210.93952360755117,217.9151766404397,215.4742481004758,204.1628326329992,204.772256557366,207.767483938682,200.12029037985968,209.09161038055942,217.09598221192738,220.7053761465011,208.04332356572652,,,,,218.65778317592057,210.6128302213079,225.0599576274157,229.1428180295751,234.80803658785612,220.0089770620242,228.6733685071086,218.88595854909667,,,,199.27786002204158,200.95367946079165,200.19390259609685,192.1794558598511,180.28434117452076,178.78489480424201,179.33488209010574,184.26643204516023,191.59030179561154,191.19133450437812,,,,,216.9577496992943,201.26066479211858,197.8222526167144,207.8628319287547,203.09360527082464,198.99184317470127,192.3586235760161,190.63984935545156,191.65058877872963,197.50620109102724,198.18453311292154,,,,,184.86772525392604
429,2010-08-17 18:20:57+00:00,,,,,,,,,,,,,,,,,,,,,,,,,,,,,,,,,,,,,,,,,,,,,,,,,,,,,,,,,,,,,,,,,,,,,,,,,,,,,,,,,,,,,,,,,,,,,,,,,,,,,,,,,,,,,,,,,,,,,,,,,,,,,,224.7401934447657,213.95262151143612,204.5222151936029,204.17661192465818,,,,,,,,234.66017256273472,238.04708230398245,224.59708304769032,209.45301144805458,213.38139898486628,216.7158307254165,210.17406369838113,,,,,,,,208.18004336722618,194.29703267140985,192.35616391155048
430,2010-08-26 18:14:48+00:00,245.78968546543987,244.5403823865601,239.66626513881675,,,,231.88267309342152,238.92801882743348,237.043332751908,237.10803009941066,233.22007290289523,227.94652182258196,212.64696759948498,207.1476682222065,205.56075146254562,209.7658099926849,202.55168442484063,197.33696429249596,207.8753115186978,198.160954000856,,,,,184.25797049171086,178.6480705439651,177.50426416736002,181.47326975685786,188.990445828139,188.6900435174004,184.378957522348,183.2520865074852,188.42069353732964,186.38415714733412,185.4904224076893,178.98303857355197,181.51649212874884,180.17953766282764,179.39370376971738,,,,,161.09664815547785,159.9753035884703,167.10844971974262,168.90669308872248,179.64769099587636,184.4201096317644,179.34212955609348,177.62277607177515,173.71707091801534,190.08679832953624,198.19936010827422,198.02195808656847,203.2141208974033,202.2822829255558,195.38687351704326,194.8505928555035,,,,,,,,172.34832566451993,175.52393564363484,178.64236078952877,192.31948041910886,197.06477621208495,195.40949805904225,196.21345885879876,207.00231553949502,209.0630961592314,219.942622791274,218.86719364978995,223.59217837356044,223.24428542869464,212.96525586686562,214.99503631542342,216.149667868491,219.2603184926377,,,,,,202.94225493446964,,,,,,190.42925238158674,201.6775521691702,213.35530407953394,214.46645045028052,224.30855942524346,213.88115720793903,202.24161319726227,207.40341354968547,205.44749139455269,195.01623600359892,198.28132644654195,198.72301271659194,212.0308248161822,208.35921142988272,217.31832071695175,222.7930238516438,229.85045687877852,215.60716870728345,216.36140100371443,,,,,,,,,,,,,,,,,186.5719514988749,178.68558937923564,185.02863392576313,187.16164465861044,,,,,,,,,,,,,,,,,,,,
431,2010-09-11 18:14:50+00:00,244.8799076941276,241.4137269364246,236.55690152192705,233.45783518023828,233.44792046459412,239.2819287038405,232.00370675903457,241.598458190185,240.36520472469195,243.01401641112284,237.12178133140924,230.5373086104348,,,,212.24664255705943,210.1794067538156,201.87168365754636,214.85126885786386,198.33277692781343,193.59514134194805,187.44363579729173,190.43097748132018,184.90220461556578,186.62883194476467,176.32875746690246,178.3778344874727,184.97755874476482,196.07747162724806,191.60349457675477,,,,,178.86301083148288,171.8288044878945,175.17212020740058,178.58928629952436,173.90224675162398,175.13250074980806,185.31064639321238,166.56150996924094,165.83761912131715,171.86834997814745,174.94526823849668,174.28959026150523,170.50849720502828,176.51526972540893,186.4594189521951,,,,,,204.55755903501205,210.15000352485654,204.35921709574237,204.09183807329424,197.39634552739818,194.6383005274805,194.26796002331443,200.10328004094043,185.2693519885618,181.2392992826994,182.41025801293821,181.7709642241386,174.05232384044191,180.2856547682241,176.6195892493664,191.55534911276732,203.92337495050927,202.08038397812135,195.0566429978725,207.92728860390798,205.48929092543227,,,,,,214.06052506256896,216.0108548377505,222.76665643577016,219.66218638044904,218.81507130104148,211.15906638269263,208.03265766696285,210.73139536984132,209.97546665961437,209.12205089513995,205.2001581820493,202.45330289531478,205.00735558926812,208.32164609145272,195.92398493192172,215.46587368808093,213.9944323291299,219.23708477602682,223.67226727979508,217.93789230690254,196.76376543390398,201.0413714871957,201.13993424399163,200.68132729334218,210.4935067480459,213.39928797171723,213.74508374273753,,,,,218.01441528278863,216.59629643799266,204.8454147723101,204.5870063415718,212.35784518758555,223.92662189603138,218.79034076180466,223.24890031268845,217.7105259428487,,,,197.7677705285289,195.4514857337778,197.6886194161354,194.4580359406022,185.62449842830753,186.9934603626807,190.24414123754815,184.3590833290885,187.72159969760668,190.9621310257391,,,,206.97697519015918,212.4889646268802,207.43541539284445,190.86512188551603,195.46382697954613,196.98354580349195,201.4658766453216,189.66841268537564,188.17588228817627,194.53975755407643,191.90143534917968,,,,,184.11695098215597,177.80181204778776
432,2010-09-27 18:14:49+00:00,247.57423721685473,247.66099573254303,242.4710131762963,236.96967447085473,,,,,240.9494977897378,241.58939895822465,238.00152868607688,236.24597294826674,216.99316860300453,212.42139108347158,210.98520597756504,211.9818253659156,212.09186042972985,204.9761626125544,216.62683211854971,207.1282738155594,196.15539160368772,190.75117157199975,,,,178.8555448062627,186.52096543812513,192.68821492019535,196.2819854985467,203.87746079401415,187.9117763700939,186.00001380371617,192.36391460329793,194.42879917924935,189.94881607511462,185.18155549905313,186.08320861265344,184.70240055816367,178.46663817731684,177.0496141811994,183.1023065826067,,,,,170.85505708604336,165.2467060391101,179.18540745956417,180.45247852814418,178.48700060044615,178.3056962796557,181.36602574473926,202.24136484238616,201.97614739895906,204.77176095791475,209.74743556509077,209.11701136485163,202.02019849717772,201.76525531093603,196.42167220611745,199.83476059790127,,,,,,,,185.16299819150845,198.54485469954577,211.47411674695044,202.55994067569708,204.2766740371336,212.2403840423221,210.2123007593238,220.78584024532017,219.6827766466024,222.87851685226502,222.85133262413862,214.31558987002643,221.47209766992015,217.11635893265435,224.8056436803892,226.78416350036423,,,,,,,,,,,,,,,,,,202.12223013740996,197.70244303795718,191.8136325341544,212.06428052125457,207.5579422804022,211.62232481732536,214.64969180756555,212.87380686411865,210.25425655512595,227.79647342311443,217.7818018787732,215.16414266499976,205.63587079265744,211.35809493826753,,,,215.86970530898805,215.47996093504392,208.2850976630551,198.25925433883708,198.7149767227695,193.82999510500193,191.75419281018782,197.61355579577037,190.03536870529368,,,,181.58286909221607,193.58918051124294,191.61041595944033,193.92029455166596,195.8724275081807,204.38773089381678,211.12201100384013,216.3665842530518,206.31847539935058,198.38695906435163,194.8364544399471,,,,191.15966380388488,204.87544462889534,200.24288747601554,200.26425863003266,191.07154544915642,194.12227727761996,202.84024953881732,192.2580762548142,177.84354776790812
433,2010-10-13 18:14:55+00:00,,,,,,,,,,,235.78214737073193,231.18663608895832,216.45743665779014,209.29061781610307,203.3094975964474,198.72867688417296,,,,,196.08404502750687,191.35234172968939,193.68670522066787,189.8697667763639,181.7304550440806,183.778154387019,178.80505848291097,183.71065226889667,196.70895987841692,190.87796911903553,186.6555425102535,178.99801468712906,184.1697518857031,182.63819458884996,182.65128320228115,,,,,181.09526826094637,185.90031866426915,168.3930754272526,161.7634592445151,167.84449265471176,167.54040915164936,173.50867492051776,173.4433760108372,182.00788145306754,180.56226208973624,174.7665286306389,170.39274636883806,180.6994059087043,190.04306735769362,,,,,,,193.85896218848575,196.43167799670425,,,,,,,,,,206.0545624234574,200.21632126271692,201.55755893640338,211.51459392184344,210.9370135060147,219.01112105280686,217.2769029021012,218.88471110812412,218.27493795467,,,,,222.97115908365905,220.07903026785243,216.09397153352796,216.46900417273392,220.51761783529318,205.66675237008036,207.46209051195632,203.48337630232118,205.4700099401321,199.48056694559023,205.7316872122284,194.00897694574252,202.18611253243967,209.2254598093242,206.91899791497084,213.42789735415445,214.09021571911336,208.67766194710805,205.40157184389986,199.9279220720556,192.7908569953209,205.4980909853241,205.32784019789318,214.89171228455018,209.70412886017328,216.562707172545,213.06058136172493,214.61403138033683,,,,,,,,,,,,,,,,,,,,,,,,,,,,,,,,,,,,,,,,,,
434,2010-11-05 18:21:19+00:00,,,,,,,,,,,,,,,,,,,,,,,,,,,,,,,,,,,,,,,,,,,,,,,,,,,,,,,,,,,,,,,,,,,,,,,,,,,,,,,,,,,,,,,,,,,,,,,,,,,,,,,,,,,,,,,,,,,,,,,,,,,,,,,,,,,,,,,,,,,,,,,,,,,,,,,,,
435,2010-11-06 18:12:21+00:00,242.01806812561347,241.1275415127167,240.04706332433784,238.89882462222636,235.58309233794958,240.26721109509288,234.85133591554245,239.35168010628684,239.19671594978064,239.062135178779,237.02543401910287,232.34843155587114,222.09689253448988,212.6978553598604,207.517967675359,210.875188839185,201.74758480972665,194.3790308592897,207.23949648645086,197.61788620127564,191.17440506853066,185.50145769408184,184.7974169719476,184.14236894329258,189.21139231861912,174.8270667261731,174.73437662458753,183.67964865166414,193.9884560381082,189.84585291261305,190.31039371210625,184.5060502814964,187.66524489241093,188.58846604559506,190.64362914406087,182.11940356446922,178.21578802007042,175.93765411631034,176.2620514338191,175.90454735147875,191.7553174211697,168.13944737716957,163.63059790263463,164.32547878279195,169.51791364048535,170.72459284171822,161.99431827089612,173.60426470760487,171.70279345627688,174.21945685588477,172.1277962433215,172.2260378792004,194.2834018952373,205.82541096705086,197.60505093439735,204.37632444202154,205.29752424675542,197.95113943038479,189.5259276948355,193.56178851101808,200.2189883260302,203.16006338564978,183.19526313061147,177.1959743748788,174.11172457098633,181.17987339138756,180.54420318749874,172.6284170599644,180.6092986593963,197.78484428381825,204.50027544306218,193.33628216985707,195.17181480382507,205.485328683841,205.52115835994795,213.92167815106558,218.88386768029056,218.9235217083249,211.42088087393387,204.60667335887564,212.66901518659716,210.55418626343481,214.05169559935524,221.12339962087452,221.47334936000172,214.0440188539639,210.97915440419854,218.70823251252068,208.10244624855153,203.57895496446977,196.86825111705616,198.92648134000257,201.0947219660734,202.91850300610886,199.00427750687936,203.1398584456395,207.93526128263812,212.22240182017646,215.07802965111273,211.30130879747682,205.2415041719416,201.25817031827214,192.76069201048404,188.56169880374,193.81965425882842,196.19456333995169,201.87456265123177,201.8487155908274,208.47733294449742,208.8914447866881,214.92987803126522,208.26036847482266,206.9224496766943,202.96617354969538,204.1622896095795,198.97779212816945,200.13839523728467,202.5635110207602,210.50947195121492,208.72308041878628,177.85828984332568,184.03004421904785,183.28594874469508,190.9651426369299,182.98024280186294,187.7279999440404,197.22247807742724,190.11506474776002,191.49454831212142,187.1594741322291,183.54679193051427,181.7744594373296,193.0935219345804,207.63352936810628,209.69049524620556,203.64259913600313,210.35207059869722,206.75672051677208,201.2489526906797,192.58427001026524,200.6469846239093,201.82521527613181,196.7865162521976,186.14817837735143,185.48321491679323,196.48723238820116,196.51334701928985,192.5501686616701,192.1988822095199,190.87133644359614,188.92483565423618,184.4238439105436,176.2544741789788
436,2010-11-13 18:18:30+00:00,,,,,,,,,,,,,,,,,,,,,,,,,,,,,,,,,,,,,,,,,,,,,,,,,,,,,,,,,,,,,,,,,,,,,,,,,,,,,,,,,,,,,,,,,,,,,,,,,,,,,,,,,,,,,,,,,,,226.5074760578814,214.56989448723436,211.03952906720872,219.89866079365962,,,,,,,176.3217463685063,207.37848055503278,209.99086065699177,204.02649115213526,207.01900753688574,201.52514717468983,201.99618216540054,,,,,,,,,211.34205895155702,214.98282997446012,218.09225477358177,211.87005901119505,203.77517695149425,209.43448321180261,214.24096852209277,220.5958901883369,217.1133271624665,214.385434977652,215.9674853357192,208.3912667736255,198.51080769924283,191.15415992960044
437,2010-11-14 18:15:16+00:00,249.0032027630187,250.78748789912885,245.7053990088307,240.20576010200597,,,,,247.0544447906575,245.71732034778688,244.1875104403498,240.66322722519647,230.7365391179184,220.45472775713336,217.59854845684555,219.93062887012044,215.82281572665727,209.72936083980818,217.75534816422845,211.5130559705778,198.21835790005585,197.5095076840018,,,,,190.40870149244358,196.16584451616131,208.08986124182445,202.17439184333125,196.09698911773995,188.8170796492025,191.32003943578866,191.1599079338871,190.52782696940204,182.79746637253072,182.65803990843466,190.02568323952823,188.41373488165664,185.0617763649584,193.2672369110499,,,,,,179.67644791968792,191.3861044763545,191.9038371099574,193.708158662036,185.12834916482282,197.43564372816542,211.42012976071956,215.01257057673305,210.51766980000176,214.15883784412011,211.03678640304594,208.41768928388896,198.11118098291172,200.48475181331503,195.25205846641865,,,,,,,,,203.11324036307545,214.38631242382175,204.87049283079034,213.57406166962457,225.38981050663108,227.52274327712354,226.51291145227646,230.06507762740705,224.35448325577119,230.90054533950075,214.79176894663453,218.87475111368448,215.52570113214568,222.25339785914133,226.1858771279331,,,,,,,,,,,,,,,,,,,216.05596712805067,209.6754589362591,213.12125480158977,218.73417411099686,224.3522543000855,228.85774436771752,225.0861123976502,224.56546204176095,235.12553975398188,228.21422541327317,225.77732150274267,215.92513445447514,211.23576121740342,,,,218.47043201883798,215.87367507748644,200.06670203756607,195.7513435829247,188.2522629767152,193.7026032147967,191.437398491958,193.3997667230617,,,,,195.6492728627562,194.55211058581057,197.25068488203323,204.82519924771657,212.06551214725377,215.78634348338682,217.0484470280001,219.15995637318827,207.59809340436846,201.1984692222474,200.1302149274211,,,,,206.69798393265836,211.33180867905014,207.4011121884426,204.2366493560931,208.19733848248617,204.97078004166565,195.28746881941737,188.736771228532
438,2010-11-22 18:12:21+00:00,245.70864463516344,243.5316554735335,240.7138349430441,233.5375644322241,234.56546801889886,235.4101109120632,230.977284423725,238.3004645082244,238.95770641845857,239.47291386062747,238.59685948851455,229.8352746774416,219.50802961009498,207.87757466078784,204.70893289395303,201.8222530868745,200.0102057134716,194.23603579903093,210.12155118690328,202.1842087066916,192.22856353435304,183.10037688810007,183.57368000202513,183.17616196587278,183.4344787907612,171.84889184242218,175.14497440742798,185.71574065571275,193.96910637424952,193.2647202384536,189.08626532602375,185.3501534256286,184.53537675123755,183.04152693102944,181.93424803128931,180.79495508408246,177.85109589680246,179.1865456055063,175.00993700721918,177.63642536580983,181.13824348824534,161.82233260025413,159.99235623760313,165.18232459220388,165.70609533919082,162.56612790525932,162.6801479909396,174.08876934209215,178.66530684213495,175.7630714865681,171.53443020205447,177.33205830375087,192.4090883748001,200.49525745211528,199.69804389937366,198.55591725061532,199.9678151745747,198.62263612433512,193.36034140331492,188.33214151494383,196.972981435026,196.81002890420598,183.93146759036983,177.60414195750246,174.56802022024286,177.22931245566724,172.7357322711424,168.41887057820202,176.00080554760558,193.44386703099616,204.5084635679199,199.0208194924764,197.06496558040914,216.41202443022377,208.5756736016836,217.67522592019503,216.5251131302196,211.6733045334656,211.00094105024777,205.85822198264356,209.62295481711305,210.6690966472035,218.2114718050812,216.34577452653843,217.83978388301273,209.88978436816151,209.26223525630928,215.9974115776658,209.0660615208484,200.75437413947964,197.7911390864539,189.67539302301645,196.8123019947417,200.64476899466672,196.78982107953692,197.03661166422907,202.59683861878233,205.6527236824977,209.62340987075726,208.04800089576744,192.81882523505575,195.98462866928526,201.0456417995977,199.73991522596015,198.96456224439348,202.23632183271712,212.16375034573286,209.74761023692304,208.653568218394,215.48817377645585,218.8840581947369,215.66141894413897,210.28726583586604,197.68807796038158,207.01939841966077,198.80599344723942,187.17919458508223,189.950725789873,203.3422196858616,202.76998818768166,193.7615980260254,188.63808966696342,186.89757360563067,182.68830702632113,176.6039153445032,182.2356209872163,185.5499911255273,178.64651464793974,178.15060398347023,177.96975854596423,183.17224650413672,186.13664848212406,189.9001126143043,196.12413997920208,198.7338074368065,199.12960026329716,202.05719984776033,206.23910613495815,200.00002470738758,187.67248076489483,192.59256445824894,194.54409641211447,191.15726851949802,179.3083209183905,183.19525159881684,192.98396606207385,196.24097524687792,194.81219700399896,188.70764714674067,191.51328157290612,188.25840523975359,180.24913377073565,174.27999839014106
439,2010-11-29 18:18:32+00:00,,,,,,,,,,,,,,,,,,,,,,,,,,,,,,,,,,,,,,,,,,,,,,,,,,,,,,,,,,,,,,,,,,,,,,,,,,,,,,,,,,,,,,,,,,,,,,,,,,,,,,,,,,,,,,245.4751960482622,251.83857778441313,240.73580110361124,235.31144868350134,232.25088828902045,,,,,,,211.7655156478611,204.4987905404572,201.67331692178686,199.67416943056804,201.01700025050187,209.01859556803998,,,,,,202.96998074432463,209.29439664333302,220.52088719248974,221.47662307947877,223.81191553790006,225.747318058973,223.99762530242026,214.22160359468018,209.42153181058288,215.93894722898153,216.39815376180118,211.3237053571499,209.08740219131602,210.20480916037855,216.56805846893263,215.61433618479958,216.3134373200902,217.32488927460196,219.74673575746556,213.50755921501468,204.28144824814416,194.27238027574086
440,2010-12-07 18:21:41+00:00,,,,,,,,,,,,,,,,,,,,,,,,,,,,,,,,,,,,,,,,,,,,,,,,,,,,,,,,,,,,,,,,,,,,,,,,,,,,,,,,,,,,,,,,,,,,,,,,,,,,,,,,,,,,,,,,,,,228.40205464510217,218.42930430475784,210.6340381121952,,,,,,,208.39786899396768,210.6898835108299,213.34558732893055,201.18255470447397,190.3971922495722,194.32243933893164,192.34066049424808,,,,,,,,220.34199747340332,212.81666028740662,206.10608546432692,206.04336943312654,206.3483467159947,200.86951452287286,195.2192527234106,182.2003558282767,,,,,,,,193.28096792674893
441,2010-12-08 18:12:21+00:00,252.82610648448187,247.6319527048146,245.7747832011061,239.87424568996965,241.52324599659454,241.96748787882217,239.3188692602816,246.67318429630822,244.46915263140187,244.663491029543,236.8908626709367,233.060162200738,215.03643780714077,207.7403900914599,207.53725380889966,211.24163895801948,211.0776775231176,205.93622967465558,214.1639993002135,204.84560451317276,190.4830349730709,187.87056737206615,190.1419572794253,184.8927294335839,184.90657363692821,179.2144857449934,181.05371351409048,188.07078910206226,195.81288689243775,190.27016674875898,187.7899343721494,181.34128770496292,186.49055569433108,185.24321468370186,189.91694591558525,185.41715415838829,184.35297984869854,182.42019221371254,182.9402269543266,179.91816189773718,186.52968136119142,168.4349285058034,167.959201335101,171.1555653295057,177.25304325021511,175.84755450614875,174.588924369467,183.13201511066217,184.93371588297376,180.24064079449153,178.92916583806365,183.95737989377952,195.62785198465,211.50831096819115,206.4327878340464,215.1688958839683,207.80481510363535,208.661768603989,204.71639880975923,198.65334015909204,198.46915143758147,213.00435908621893,189.88204524594155,179.49004978044994,168.4373032946088,177.26964036643363,179.00963470241788,186.21085042060875,195.77960335067368,205.95025732049353,211.6217684963546,202.05926126965585,209.4444030393757,214.43085203489665,216.44292519713863,219.66855183783468,221.4678844997149,218.82030035901948,216.323873647629,207.22967659529368,212.40171285621116,213.7259455051001,217.88989786234742,216.24580060810473,215.87721646317243,212.23398101915643,209.92932060960499,222.1976169668661,210.57973544176787,208.17711456809414,199.5705472988569,194.20266810011813,201.2962570846744,206.70211958751554,211.44364779848482,206.11793650247188,217.20916040305352,215.8342754164099,225.06324216461888,220.7763327771486,211.6525696585921,215.81164852089904,213.76738902617734,204.65468672523482,209.32228861460038,214.59584896021818,214.4494375507818,202.9687284015073,214.71303998900828,219.75056865727578,230.69816274420037,228.17247300464953,228.09501379550773,219.31433170914738,220.42469814065234,214.24352007567342,208.69402498308648,210.16034658198132,221.80608152462113,218.90712407218052,206.4127111070814,198.024864202375,190.29467955282166,194.52731295505043,195.00530166669682,198.84772820568426,197.2562004877655,190.05558873330682,195.94103136744394,195.7129890178794,192.65272155360913,189.59559253042846,194.3432188537467,200.7384112985616,204.35632233374008,204.30549522585346,215.13592301658798,213.9400154293819,206.49803334339566,201.41611379761758,195.2452767706023,198.1438491456247,198.8587889417953,191.534930554384,194.00536386994125,194.50455526709197,198.28575157691722,192.82725543604002,191.1613678354699,194.61629147997115,195.03504916792167,186.81708089238433,176.87166168073617
442,2010-12-24 18:12:26+00:00,248.6664707896745,250.91526668473088,239.98326958663367,232.81290562298648,233.57925558989677,232.9928079731569,233.76613699984628,244.15458984000708,242.27660510950764,246.7822240010857,237.40415706200264,230.83205289945994,224.89077669308074,208.52095088164984,203.37302755099702,205.53879095531656,204.23502704642303,195.11964584156826,211.53263252217573,195.7841872303216,184.721099365781,183.23965679992267,186.66983722492222,178.7499380391134,191.02278126605256,173.12398245167122,184.41930814677076,181.8032360536673,190.5966974681108,192.91785836578083,187.37232200190306,174.42149050921856,184.48527624836703,184.93016941501324,188.22408483595802,180.39709874243403,182.2343159210947,179.24735009118643,182.8397046527911,184.485400611277,179.13372141728615,172.1492686979759,165.41467018336868,172.51359316287954,177.80278191210172,179.67890914971792,169.25500528251914,179.61506984728524,174.52242638098565,175.94030426192023,177.40230801277374,182.48243464263732,199.0006456765425,204.12237888909937,205.3231758715117,205.71574297444144,205.8220380315484,197.29961825338694,196.4873355238009,192.93029791967209,202.52479701408998,202.00913506346032,189.16324494122784,182.78991715781228,183.56917199335973,183.94557345432435,186.55728357535605,181.8159484675441,190.4742818830049,200.46930918256453,207.23691205403327,204.66142940847897,204.12660934430164,213.6971990110794,207.08572162924577,211.13852712976666,214.53914704169333,208.64155302731393,215.63624111004026,207.7597650040384,202.10734233629734,208.81658731831467,215.7537912251757,216.97138322350798,214.6085346767946,207.96185868679498,204.5124609021128,225.06855995956556,217.94870493208663,205.51951167256667,174.1469367636303,,204.6751389185804,210.19489922086385,204.5242145542269,208.74995868760203,212.30036216771538,220.18425352327847,221.1720982754253,216.42472485104065,200.22220742173488,202.12530043838035,206.05750734995092,198.1671382379813,206.4499527131963,200.67984507008407,209.81046819920732,,205.55875001165955,214.49041074540503,223.62083450083156,217.36014287940677,219.957851084967,217.55293897582615,220.3895843667628,204.67606844188612,196.12913046618164,204.78895293357036,213.33640195805776,207.21920600072346,190.46261347850452,188.6183098544553,188.1148346120421,187.44413272585777,184.31996939156426,191.6434723291756,186.7209380596836,176.27451233627585,182.1955100127817,181.70413210109336,178.0417708617814,179.5214721388058,185.64464757375325,196.60975976608,199.8483358415824,204.40017186104734,212.7607574392769,207.78991803211846,199.8339711769666,195.7655437971268,197.22317241397337,195.73909903399232,194.90784390151197,187.13867935093634,185.65266693621086,189.39103544220222,198.55793720300568,188.96475065577928,185.45657195939708,182.62504249676158,183.63397420742922,173.491201511721,170.7281953621764
443,2010-12-31 18:18:38+00:00,,,,,,,,,,,,,,,,,,,,,,,,,,,,,,,,,,,,,,,,,,,,,,,,,,,,,,,,,,,,,,,,,,,,,,,,,,,,,,,,,,,,,,,,,,,,,,,,,,,,,,,,,,,,,,245.6491474652565,245.55200117685413,234.39472883365747,230.3064307558404,,,,,,,222.3441067352603,210.9932890974988,204.556081873842,200.4722287602866,197.54685077152848,198.0693163164074,,,,,,,,208.98276682877182,215.54646110583954,218.86532854774993,219.80859714808312,225.3850709401015,223.8823193587513,214.73374367044028,213.12197142200023,211.30748203078628,212.59122241245015,205.65787924476587,206.88300651445843,203.1819570039104,207.61753101977536,212.14553100247807,216.11794149891784,210.85337572123763,212.84669588219754,207.72035711184168,193.49011737824281,191.3314113954495
444,2011-01-01 18:15:43+00:00,,259.0434771193294,250.89782457079036,245.54281731281952,247.52807173381825,248.9115798964923,244.20152018550172,251.02668170552442,251.76954624769988,251.63706414155013,247.301102928866,242.18865470608762,231.88046111827748,222.7818963394323,,,,,222.5220973064691,217.26114361748301,203.1853817004574,199.6452577043641,199.024190642095,197.5665339903345,196.06565453987957,195.47375572487732,197.5304783429233,198.50839659835123,209.32249991883418,209.6468426292218,202.93121646233521,193.6637490452126,198.79309435953013,,,,,,199.3041950758929,198.30865155284613,194.68119554646876,182.4099148301056,183.7586244912144,188.31989489474478,188.9445973532083,187.71715148769016,180.71607587571594,192.36127410792864,195.5199549515953,199.46725762959875,190.94930740333297,197.5117791388609,,,,,,210.76220204742958,207.53088571312733,202.0109946730321,213.71122134859527,213.57139407484897,199.53277846069287,193.9625674415115,186.25205892999887,,194.48199592228337,193.5364899614469,201.58946697367105,211.6375334493955,212.68409302471323,211.7337352657969,212.68172078276976,227.99943702395686,227.91313556358836,230.5183609973597,227.81861769070247,,,,,223.0016710190931,229.36872282041801,233.77340353445538,231.75425329441583,224.32809852480386,231.05960952399693,233.54601822517327,228.3368619223439,225.42913209539523,211.50520726289403,,214.03100194653672,221.8466619126027,213.14556617160684,219.51963391109632,217.94232868115162,225.90012593237788,226.44191961420242,222.14076048823836,222.23884362442072,223.6157811571959,219.01668442997956,215.96180960036497,210.89554039421466,221.17522281090277,226.54630548437342,,258.60402435494336,241.2524088918037,,,,231.12597531668553,232.0565658327676,214.29884217783265,206.38863318854843,211.69721891446267,223.50315188397065,219.52536637022607,209.45667174271097,,,,,207.18096101047544,199.88698095438943,193.36675830683862,196.74623661253003,196.31772479874985,197.45914624402155,195.7924393491187,204.3627990898686,208.98640169115635,210.67211798372398,,,,,205.01070064855773,203.75076335320125,205.96743878099363,200.93457629405967,202.9084783551623,200.93547392684496,206.63759778617873,207.3895006312987,210.47042311811282,200.48700048052854,204.69148229866204,,,
445,2011-01-09 18:12:28+00:00,245.33436916502052,247.94144900048633,243.48248565711964,236.31042084588182,235.7897612356834,236.93106467354664,231.90343475693822,239.30134928565454,243.28060773721728,244.83976102092618,238.74110246187396,232.2154104634642,222.57600123880582,214.04026196937446,209.29325783195387,207.78300748491273,200.0555783515851,201.71650372649873,214.20010528329956,207.02145941806123,189.7139269040148,188.41199419940034,190.1071110904122,183.17127069893021,189.18061466411132,176.28514689341597,189.41310493883805,185.34536573643152,195.6815278285062,199.29359393039005,191.40418981168187,181.16537226580292,183.30680253604908,192.7236238361486,185.9137694702002,178.79450358140662,188.39101487045093,182.93822927877736,188.14665192403135,180.9911507567437,183.3992883508716,164.8146616011922,167.26756995910813,173.01879020966223,172.10885975472294,180.63801951670388,174.5962656746616,187.86504281242722,184.9206943404859,190.90292843423822,182.35319256333946,188.08947765127482,204.3298528957754,,,,,,,,,,206.56147907723312,,,,,,,,,,195.2981213431397,198.10057978152105,213.31479370339696,207.5191674567073,207.52840686427862,196.70796438742713,193.74281807133056,196.39752714433044,212.25065110907744,208.86014838374376,207.86209138604198,,193.94871465673737,201.50622732795367,206.4258679623739,219.81516640743422,224.3757991064346,219.3686812521033,194.31177487130023,207.69395017979713,208.29214481445916,208.3953828378002,191.1128603978573,199.21316635232395,205.07751685198198,213.2817476238792,217.54248017718072,207.30261271602973,200.5576079066615,198.436724685253,207.42966003333004,201.6949887809632,205.90329753202494,208.6531408354898,221.222587207391,,235.5236376128923,229.2169768510155,229.20054024353794,221.45217471606634,225.47076634782874,222.07049286588008,225.1170200272504,206.80918630489032,197.78799180991837,202.7114586612609,216.35120667410797,219.97842557318867,207.05201078704062,199.17041796706627,195.36748189926965,189.77930270422928,185.2274239847067,193.36253889641108,191.38015573322423,181.82995221127976,185.7585889617473,184.490285505069,184.78009938991505,190.1719612605952,197.93519303749585,197.43953747048644,205.39295764753675,204.62734957096018,209.78273825509314,210.2055210744012,202.44336800782924,198.03857749799994,193.45006453736124,197.29495704880554,196.64443793821494,189.0429156672638,191.74688213383388,195.73743761581477,202.94448847562927,197.62693982734535,196.14201943912013,196.53934919605842,187.17301514506536,186.1230227435426,176.80708729300312
446,2011-01-17 18:15:51+00:00,250.7914466993168,246.49423974273537,,,,,235.79779932499338,244.32194543729045,244.85950778392618,244.03991179200364,236.85161838604168,233.15965435755828,220.06851548454517,216.5634182488889,208.74298864636475,211.40360033880884,208.6030882863201,203.95345387666498,209.71640297582704,196.4367768371605,,,,185.91505357380885,185.29216114019164,182.68184362321253,186.18011563742525,190.59466954990228,199.9518658075691,197.9358214198205,190.4246994297755,188.88603613581526,189.9462202649702,193.52698378684804,193.1733918092379,191.0164202452441,189.94118870358983,194.74011136158387,188.2641781826586,,,,,174.27663585462415,173.17131191237468,173.54478715807113,168.83524953617825,172.64408242015685,182.76224547759722,185.6563732386632,183.08652681637437,186.02707330771258,197.35741083060196,201.7404067169731,200.6840412146818,202.52457034129327,209.50028706204236,199.728932698352,,,,,,,,,189.9588091455501,185.40104425962522,184.22883814106402,197.79560286842747,202.14474299306025,200.03491271549683,197.8011229155354,217.42377318196804,211.41115454773484,218.9953118398402,218.45599123514577,213.00754045487696,216.30699769065058,211.5319165844394,214.6546499700778,215.1639327698282,,,,,,,223.45543275842277,219.09758852369512,,,,,201.3713090260464,208.15074547601802,213.01938520097744,220.12989538692864,224.03850318999332,221.3668140479124,215.13585281830078,210.9881691449803,206.67166700752531,200.46732707348582,211.92383558373825,214.98560646766467,225.38323720077824,,234.3399147520136,229.62948585735973,229.79793402818206,219.09881936214563,218.0447906294578,,,,194.87369556833846,200.39250124111396,207.3835092989142,205.10923741804314,195.35125586847693,195.07732809015357,190.76723011305086,188.17550474787305,181.4602102775685,,,,,188.44421488319162,187.6613876328406,193.03653915384234,191.7430234716198,200.3132027924466,203.2564459696052,211.27463565745242,210.31947376997596,214.18266328603184,204.4974646119279,,,,,190.0509850435289,186.37926646213336,199.70318303062948,202.60471517437279,200.9033930917544,202.16139022171745,198.92237576438865,198.2484799302168,186.55623600040357,177.06882307351876
447,2011-01-24 18:22:05+00:00,,,,,,,,,,,,,,,,,,,,,,,,,,,,,,,,,,,,,,,,,,,,,,,,,,,,,,,,,,,,,,,,,,,,,,,,,,,,,,,,,,,,,,,,,,,,,,,,,,,,,,,,,,,,,,,,245.89552134362998,237.58569801075032,233.8651862067194,,,,,,238.8456657581968,220.33393423027263,219.12092416149594,214.68895140611954,204.98311696717093,202.14769573949076,208.48500543038563,,,,,,,196.15349476965625,207.6434492936308,219.42522242210964,219.0043575867253,224.1876819837471,227.12069541296256,220.7690835742112,208.4326343052344,,,,,,,,211.55141541826313,209.33729167637534,207.420503442785,208.33532108198693,197.5348623634261,189.00291986977976
448,2011-02-01 18:18:40+00:00,,,,,,,,,,,,,,,,,,,,,,,,,,,,,,,,,,,,,,,,,,,,,,,,,,,,,,,,,,,,,,,,,,,,,,,,,,,,,,,,,,,,,,,,,,,,,,,,,,,,,,206.71609168035903,197.92491295785737,198.51415467065704,202.9430113308669,212.91873112069115,212.80510757114922,223.9279734131659,223.01886828875405,,,,,,,,201.79247342046287,202.6749982481184,215.48990659446451,212.0811837451263,193.6997851633244,,,,,,,,182.15209944526612,183.15721366364204,183.12753276469525,180.505541043779,178.22969599229987,190.96999244820435,202.52088935599326,203.2636132716667,202.21486109426849,206.1159197208588,197.56595436368627,191.7708512214552,192.18109969541442,198.73671200427955,200.06268876480686,185.4757765772777,184.44147709382833,192.1216318750974,193.80031515853028,193.02613261266342,188.4191286303361,195.00190745586582,188.37301378840675,183.70389191985242,178.08866962742087
449,2011-02-02 18:15:57+00:00,242.08255766979138,247.65539990805834,239.0849711793549,234.01823624487344,240.35958461425267,239.23798513448892,235.9078795332194,241.32025847926838,238.51395337692932,,,,,213.65763423274524,209.90514629255551,211.19573482362006,206.78807481321203,206.2483370932037,212.37402754524078,207.1865214499731,194.90208737698825,191.1249867516858,190.60704819073922,185.91873150123035,190.31229540720454,181.3867217268886,188.09524686798414,,,,,,189.0740699699025,198.0470373635693,191.08805645635925,193.43858721063646,189.849177049591,187.74781744460012,178.19880356919634,186.13551709877333,190.62542253376563,171.7654792792161,171.25396215192237,180.6927444025707,178.1564623600196,179.1921530197965,172.404611846004,,,,,188.9270270758434,201.90337625696233,205.69455798810816,211.1125716563913,206.48584023654584,213.33236324236668,203.46874241559874,200.11673642417554,202.78666042220846,206.04291688021402,209.93478309005724,190.76982758211238,182.13950113738963,184.09934506447433,,195.51255041496628,191.047663216318,183.77046214258124,192.47929839920334,198.7175040432627,,,,,,213.32282074051255,205.85148050418044,213.26550400537627,206.2274691369215,209.9477317802738,213.15815655654504,216.35800700316202,223.90659608308533,225.73162608934072,218.04030584533132,222.64439207499385,231.9322005498686,224.0820590018286,210.2743757558686,194.02421421750682,204.647707030888,202.68803048621288,203.25361349644828,200.2985737571817,197.01799910262125,207.236513870824,209.28324063941704,217.2038300488591,211.01672670715897,208.5251105896761,211.5313315831349,,,,,,,,,230.68510218769725,223.98972239398063,220.3367691550061,216.1088051871277,215.44152833414816,215.39262145992285,205.6508651126132,210.48197601429308,,,,198.25731822038108,186.51696061947194,188.71095963100558,182.81900531101144,191.12462380182754,189.45128246391153,186.88765283584968,179.97206186337212,179.9342394492236,,,,,204.03495860847846,204.15857693059166,199.2720944275957,204.15198965058514,196.94032052629194,197.56306572094425,195.9100839849301,196.30897671827273,190.18129769020013,182.3440360812875,182.31996641774654,,,,,191.46355400318498,191.59728426084104,177.92437105750525,172.72295831459851
450,2011-02-09 18:22:09+00:00,,,,,,,,,,,,,,,,,,,,,,,,,,,,,,,,,,,,,,,,,,,,,,,,,,,,,,,,,,,,,,,,,,,,,,,,,,,,,,,,,,,,,,,,,,,,,,,,,,,,,,,,,,,,,,,,,,,,,,,,,,,,,,,,,,,,,,,,,,,,,,,,,,,,,,,,,
451,2011-02-10 18:12:31+00:00,257.961561116486,257.41188318902914,252.5956239545143,254.60264203522206,256.9967211756963,257.66212263400814,256.50741003856706,260.19432303853205,258.6683049066608,257.7286878701299,251.25527608852326,249.09190582749378,235.75615909201548,225.64138959878636,220.73756065641464,225.2543341943296,223.67944182435983,219.27163926780517,224.1967975638686,215.33774860119829,206.76567724477354,208.4701923502826,207.83249382775477,206.67930437117212,208.41471637885266,201.0018828200192,208.4518394050353,203.0014100384083,214.73592488241317,210.52012543016303,218.3031825812656,209.99945447644518,214.3187067585626,208.77776549378044,213.19925049645494,210.90438908928104,203.90890674661574,200.62935438728005,201.79097690979933,196.59979517509515,204.7794440823983,192.47929777816108,192.04936449861196,191.58471672296773,189.2138583382495,187.78610574656113,180.50220714402337,190.6507213479462,199.9225654903297,204.91430499731283,197.30792375130116,202.79220466056825,214.61135464639943,219.27264471685078,214.99399344420752,219.89805480508588,218.17836159471082,222.60578314509553,212.41329533968548,217.12021458667596,224.23868458553653,230.14663660390772,210.1671021204166,198.93960201892384,202.48459750080622,200.58418793839667,211.98653498657458,205.38986726832525,198.59320128427734,208.84641669032058,213.49180987201305,212.21885660320999,212.11468091037005,222.18820540505823,234.6168563288552,235.52558559347776,233.63876698063356,225.69986087554196,233.1727027747641,230.19573645809393,228.84063929932677,228.64773554054733,236.4531723771351,240.92881870435298,235.3630954807445,232.88143536070197,236.25991545001207,243.89466070943678,236.80372338755973,238.14726688350552,227.71432772815714,218.85290675909414,219.25336649691744,228.0393257730707,212.82578565994598,224.2633097878023,226.80449220596225,230.66395528646646,233.62336977384666,230.14731510443238,228.4308910096376,226.79428030643834,224.4869215945199,216.8433934224839,225.69817307116176,227.8234194518476,242.8959872637817,255.50298612380527,254.59683215940532,247.93876773906854,252.65535024489208,240.9971535646526,238.38680686884362,233.02119980020728,233.2146560632572,226.50188504021338,217.71465220685093,222.07554875345028,227.92537463184834,227.03107291132267,217.74022398108596,210.94762138436937,203.75349742088184,199.59463990541894,203.50630924634208,205.94442067000784,207.15633557968533,204.98977573537124,205.6869777628341,204.4785804726106,202.51472062361088,197.89766989168805,200.40116340878467,208.82337599644757,221.72130086150736,223.96523365194682,226.71482434121225,228.8033005707129,219.51041566555705,217.53564911501272,215.79423002912847,215.5023383429185,211.21008823042087,201.37916063709923,203.42842742956176,204.12438843888725,213.07286715976795,214.9987893212268,214.64007345800752,215.9039761109643,208.70988262657016,198.28398497265982,187.87103210782954
452,2011-02-17 18:18:42+00:00,,,,,,,,,,,,,,,,,,,,,,,,,,,,,,,,,,,,,,,,,,,,,,,,,,,,,,,,,,,,,,,,,,,,,,,,,,,,,,,,,,,,,,,,,,,,,,,,,,,,,,,,,,,,,,,,,,,,,,,,202.61837981591373,195.74759846413556,187.33476580381426,185.19844219331168,187.0482749159083,,,,,,,,,178.1892620181784,182.3163268682551,194.91013562380135,199.96714648189777,203.73816341230025,209.27311191889316,,,,,,,,187.58556148898413,190.78520166860523,189.30792017109925,184.09383994379962,187.43222292051792,183.68986815688783,173.53642499675578,175.73782156990745
453,2011-03-05 18:18:40+00:00,,,,,,,,,,,,,,,,,,,,,,,,,,,,,,,,,,,,,,,,,,,,,,,,,,,,,,,,,,,,,,,,,,,,,,,,,,,,,,,,,,,,,,,,,,,,,,,,,,,,,,,,,,,,,,,,,,,,,,,,,,,199.28568563022088,196.46284183103376,197.6837723162715,200.53729406760746,,,,,,,,185.25577637507985,211.11732026722345,211.40746668929157,215.58843401627087,215.90546069061764,214.10036659880024,202.46252830051452,,,,,,192.66180756112527,197.34548068319873,198.04306597107774,199.80915969176183,206.42398632239056,200.3091798568512,189.26994429987082,179.67769495072093
454,2011-03-22 18:16:06+00:00,242.52542007115312,243.88395672667764,239.14857238668029,234.26873501133704,233.98602790920435,232.04631172344386,,,,,228.97833008192657,225.31637564974642,209.69762783748234,203.72288641997028,198.4687887899848,201.1373310409919,199.50726123976676,189.3141264853846,205.13547356302416,196.98645483859957,186.14151492720268,187.4535973445973,179.35121074927,,,,,,191.30762819970403,192.7907591104624,185.33249497833555,187.32175967467998,186.69843800671146,185.08156686650568,184.48946680062488,180.54528144987677,181.2362304720112,180.62261630334194,180.2008727865874,181.72893003856092,185.2315279203937,168.3091984244287,180.70309612703588,,,,,158.54922469117565,177.58082054803623,170.88812783576003,,,185.12368103678745,196.23953711726557,198.75581939811082,198.410178679615,201.24902231171467,195.84275101259993,189.59687227050176,188.0024786266393,196.0666957549027,194.5886691348639,178.62461714714783,180.77944115012815,179.6288383009759,,,,,,,,197.342095060754,211.9572177945314,210.11073116770172,212.43250337654098,213.62662695075483,210.0069538741517,211.4323294212011,207.31810200664813,205.5008048719692,209.98308393020523,215.89006344143525,214.20190854707425,212.01655429531468,202.0130267463108,,,,,,,,,,,,,,,,,,,210.32844445694383,206.3335692602374,210.70884093921734,,223.52036603649117,219.0121849576836,225.52906541841844,217.28263831502517,220.08062170035836,215.56714868612556,217.37884465253006,198.51235845807153,,,,202.06025484492187,193.17894406607692,188.4829214087423,180.83151729380137,179.23877369799607,177.0236990113567,183.1970933396101,182.2603454209844,172.3832949597338,,,,171.57618297390206,169.97906069853013,179.32405794633053,183.42242297821883,187.86981887817507,196.39379369207563,200.18826669570876,195.411632586751,185.9932726228849,185.55376876564182,187.20755732414366,,,,,187.6756760856262,186.81586727818228,184.90948803531023,184.5932251803526,183.416881858425,177.44436171335815,166.38378568811314
455,2011-04-14 18:22:20+00:00,,,,,,,,,,,,,,,,,,,,,,,,,,,,,,,,,,,,,,,,,,,,,,,,,,,,,,,,,,,,,,,,,,,,,,,,,,,,,,,,,,,,,,,,,,,,,,,,,,,,,,,,,,,,,,,,,,,,242.18757226556505,231.03291412655102,232.43704364590923,,,,,,,,,,196.94230378079982,198.3572303145861,198.365123956223,,,,,,,,,234.85601990323198,223.09346678129225,218.24132766560746,216.88441291534565,210.45755450817904,205.4538570602573,204.81931484715895,,,,,,,,198.89986677795412
456,2011-04-15 18:12:17+00:00,258.23144859692263,255.57907656793773,250.25251311174077,245.14971297204775,248.3182033862724,247.7765306319817,249.97011869613323,255.3329736384969,253.90658135239875,251.55069732363043,244.38454843676374,239.56447527144906,224.98458455076496,218.03968599594782,212.77462365664866,219.92522439376762,215.9599958176648,214.78412587628236,220.97307829347994,212.0489736666965,197.3207749885226,195.88324691302427,195.14108517534436,197.16856347617983,200.92302839599847,197.6862868717222,198.53103537174067,204.15059479312814,209.83398568338868,203.54825009050865,205.21818165547495,200.69552977093548,200.10116847329482,200.6145203320001,203.9251669569107,199.92550886630252,192.8069773086847,192.3537472040769,189.43950331460172,186.90303255644687,191.9999874404283,178.34002326878715,177.61747156798822,182.74114619478058,182.49950732544517,176.87674385875965,176.75311124891172,185.18770714035355,196.6581650576849,196.52214858107422,191.1394853801779,186.1192354532492,208.63593348082486,215.76256528648224,213.3685020445771,218.3566717343092,211.97777171857598,213.55200049979163,204.51986844793151,207.96099028412937,212.56630774332496,212.73606179795829,200.72041606996788,185.55017261787367,187.74306837588225,191.93731394077065,202.74035864353993,195.56136170431665,203.2733839499336,200.2963086158092,217.92661725143157,206.41647278953255,213.484992252704,219.08866414288457,224.15680017172917,225.94449977025752,224.95136605682828,225.22326796097207,246.5927064750174,234.9575398935706,230.2565850393035,226.15555399788337,235.6401211394451,233.1829149927235,229.1493589393389,228.0000795133734,224.963491509466,231.94836201665242,223.2996517742054,223.57201093145534,225.93858640166553,223.58157938733444,227.97958380569284,226.8188325376619,219.10380007676173,221.13638955617412,233.8869612335343,231.83482634744095,237.67192248397876,238.31094285130786,233.92482162595763,242.57735761761407,230.0443003136965,225.40351038723549,226.93445165527044,226.29655025004942,223.0729600155301,203.23964120365883,230.5605459612392,237.49170162493752,241.86439288832338,234.23160304745525,229.09492352065922,222.30562655488853,226.99619403080925,224.78291894501507,221.68123380089185,218.43703218810816,222.65273854932238,221.5392329939981,213.1426275610637,205.03332329192256,203.76027231246672,199.14506857828113,194.50867815091198,207.06921434138837,200.2410946859511,189.41775333510873,198.37717712110486,196.40914233132992,196.16818771459833,197.80706413603025,198.28826687423572,207.77697283458602,210.54383326109848,213.59978832475926,219.67179115777057,224.93619565486813,213.32843932719624,206.44150058188788,207.0126105505584,211.8610432883703,201.93486638237226,201.93489303835935,201.8871947231085,207.04542385933985,212.35345930818232,208.16898276864407,204.28353387054455,205.57256730652185,208.49597170674883,190.69533671288855,188.1930302479398
457,2011-04-22 18:18:24+00:00,,,,,,,,,,,,,,,,,,,,,,,,,,,,,,,,,,,,,,,,,,,,,,,,,,,,,,,,,,,,,,,,,,,,,,,,,,,,,,,,,,,,,,,,,,,,,,,,,,,,,,,,,,,,,,,,,,,,226.72842260918657,218.64099915639812,213.672941559515,223.53211620619032,,,,,,,,,,191.90968688733614,194.4014242622293,192.8499203838091,,,,,,,,,203.3209162953914,210.8199604064425,211.12680554215467,203.7422870737235,198.31674841985958,200.44787359313182,206.85440434560104,212.97923645180228,213.13726285146848,201.86853027780694,204.72390038676832,198.0993159358282,186.65048157384982,180.59434041653765
458,2011-04-23 18:16:09+00:00,256.7511925352552,258.519832811986,,,,,252.34402736007604,253.92239885945474,253.22113356119337,249.5220526383332,246.40979534639953,238.62472431508337,229.84075592687117,218.58245023629829,220.04760633928385,219.53868387349132,215.95991993541713,214.43262342127304,220.65077589263512,,,,,198.59243517270895,201.3189209709808,195.25064448898416,198.86114633811553,206.74423443974965,213.137343930857,213.11590492738233,205.15646637889938,208.7342837543446,209.29402235936487,209.4175878413625,205.30632026325685,198.83773510796198,193.2478080837279,197.09917677100748,204.42838556863165,,,,,184.23659735941743,180.58250891541704,179.01642841226584,176.71139987235898,196.1693594906121,196.1377065251183,200.9680391018042,192.52470787081143,192.6871679583556,214.99439372379834,215.8872920451504,212.72559273004282,217.72353090953754,216.47466000769742,211.35479919485945,,,,,,,,,203.55484559942226,199.45860613502094,203.63587785330458,209.2226999338445,214.19074524663287,212.42641430739462,213.330856876332,222.42655208391704,228.14517759234263,234.6057611357471,236.6644270141456,233.64240461556437,245.03812868347535,230.70663387241723,233.53832371633962,229.7888758503038,,,,,,233.21757043108005,223.3692446450073,228.9006137601678,223.3307310641134,,,,216.8661257855968,218.91887351676527,226.86319827845745,233.87790891088562,235.93189351599727,243.52936437123537,231.61874096899766,238.70713247738462,233.6834312587393,229.21065417500577,224.13485024980534,225.36544140676642,229.56535421860113,191.30717276397425,235.44741703298226,243.73710781517136,247.86137226817618,235.97754510256178,234.91195103119435,,,,215.8559552411702,212.5271199397802,213.57501711883435,214.70672407726133,210.9578222430315,205.71751123700471,203.66343547972463,200.44123527800912,195.88227590160375,,,,,195.57192368882806,194.7519657643201,196.84095605834491,201.36228571728543,209.69885019343425,210.19473200647377,210.15040443987695,224.0351206118508,222.7691861199759,202.30943903520188,,,,,198.01023728092648,204.2600929649554,210.0261347367217,210.51467200366105,214.53732628174907,212.9557540522124,216.65137697847132,204.76394732154998,200.31397501794635,191.746353019664
459,2011-04-30 18:22:20+00:00,,,,,,,,,,,,,,,,,,,,,,,,,,,,,,,,,,,,,,,,,,,,,,,,,,,,,,,,,,,,,,,,,,,,,,,,,,,,,,,,,,,,,,,,,,,,,,,,,,,,,,,,,,,,,,,,,,,230.43567256829215,222.04801024272447,,,,,,,,,200.98332916364052,198.15164297116644,189.12483786341204,180.77894239188268,,,,,,,,219.80116640850278,223.1257535132897,226.68759504611754,210.39397024544542,196.55005098229609,198.78262707562666,201.31403590359173,,,,,,,,211.17659320000138,203.22558479038486,194.05972460040522,178.52283327466083
460,2011-05-01 18:12:10+00:00,256.56570317841204,254.96292867246686,248.59617310812013,245.0263568087007,248.1174769176714,246.1635365071601,243.37243133029725,246.99461315894877,256.37615774177226,251.27112940142905,246.5609237895236,240.4219267203469,226.60829907750332,218.78709157072498,213.08977432683523,218.07388913296415,210.14750014531387,213.77701122904674,218.02268896170182,211.46136146121154,195.41218124785888,193.70486746073664,192.7295234158773,191.8128250762578,197.17065336511035,188.99475729544108,194.5829615404946,205.29453343505338,210.48109700480273,209.2632320477557,201.72630705377517,201.11962465540404,203.5766181512114,202.6985144823695,202.16099971584867,191.14134425461486,183.818644180692,186.88722586256029,187.0933928210728,186.15106908681884,193.63362983192533,178.30776053873856,174.43730980625764,171.75175380767945,168.63799709413786,178.6743866802657,169.68110200666487,181.686810270676,191.04145955821187,189.09830820148713,188.56861907392488,185.08795126143906,204.30478754045546,210.77588452125005,208.69264299958962,214.73711699516554,218.53323620509317,212.03553537877758,206.91577445093887,208.95606994681611,214.21058591811433,210.18886017565774,198.72675704675353,194.0384547642989,192.37174346379402,189.27951269855555,190.9006089729671,190.46580779158688,196.55083630159942,209.4624493185026,216.1398521731712,208.71062022837435,214.5805715467802,225.31608143116307,227.31964435656235,231.23619521079513,221.33003122724347,222.6550794071576,230.99796356905364,222.2260771419304,223.79924700583595,220.38601699872262,230.03704897990227,231.71421115460953,232.19261092227072,232.52006085286263,229.04154671674868,226.42419048458308,217.93736483083185,219.7036949314435,212.27897544027076,208.9945944329127,213.46524204515828,214.9286300129678,212.30174793846834,210.94537477956243,223.8294858247017,226.95054330067967,232.57967260875253,221.81295086593803,218.96716977822766,224.94097638523877,231.29825274942044,225.36813183202577,221.83143156570344,222.74205292856465,221.58324066784178,184.25866079261274,218.55128987678037,233.82285553296876,242.80977468522832,233.4560494073802,229.3480898029157,225.8502171973809,221.76917407125492,215.16329180949091,210.47140250537774,224.17763096964552,230.3104751465704,226.32758059068664,214.1693920147269,209.80365079536338,209.69050442637655,199.12907781068876,197.23425307566674,202.0701009560279,200.1928324507746,191.98471897778325,190.3876923559996,186.2439835203043,191.6471204427077,194.3247919869549,203.2507081794373,211.86908943928637,209.05932573363717,213.65288723654214,213.03287551045796,219.69616208487957,210.18018878209654,202.40610090270147,207.0466327626874,208.06694648539334,193.41593614030165,189.36759682668173,202.63587870701,212.90657291869604,214.6773314376802,213.46262987221147,204.93443328458494,209.3006435645791,205.96118865022197,192.96849561990444,185.1972894252154
461,2011-05-24 18:18:15+00:00,,,,,,,,,,,,,,,,,,,,,,,,,,,,,,,,,,,,,,,,,,,,,,,,,,,,,,,,,,,,,,,,,,,,,,,,,,,,,,,,,,,,,,,,,,,,,,,,,,,,,,,,,,,,,,,,,,,,,,,,,,,,,,,,,189.82879452282708,184.5053733867878,187.8328484644801,,,,,,,,,,,215.28059957993065,204.56173499749252,194.30467787861426,201.11499216340906,201.7164422968361,,,,,,,
462,2011-05-25 18:16:08+00:00,,,242.61050868982025,240.33783423054376,238.94180154430848,241.59662923477302,238.61571210857312,243.2912360566953,238.73702339868717,237.65979632690588,236.00563733517842,230.12970868630134,217.7670613549214,212.16199611307644,204.10097548677356,,,,,199.95631446954135,186.72507090592538,196.04272957104763,191.95501871233228,194.39091156703296,195.2868064822052,192.20896455680952,194.00687648144765,197.9201220369788,206.14817861444618,207.8958249289584,206.37405656960118,196.5464521270851,203.3816183207313,188.9364795213276,,,,,,184.40115119427537,189.39925256139645,167.01826946028217,166.41431926977086,170.71880871677408,174.80065771186605,172.91780955969222,168.62516464879025,185.30393304247772,188.7181311692475,190.527118900595,179.1946317697484,182.89584827853452,196.9237664007752,,,,,,203.88922716277372,201.98331910692963,211.372761145501,211.43256062623777,199.3854121396434,186.12209980420863,183.70220448538157,189.96100647193003,191.32031732136596,197.57436406891318,198.55040295546937,206.49622652167005,213.00858429934084,212.25575179583694,213.59996221617064,221.91042435261866,228.22905710458593,227.97494941884173,224.41463797846228,230.20927568594016,227.56768318020585,,,,226.90014270130206,231.95660232967006,230.39009055403903,225.1657273534831,226.9919867655658,227.04797451588098,226.29476590677837,229.34738662044052,228.71050717145624,219.04177661760565,230.43236943350354,228.40818454889717,217.01687599842364,225.14002995416539,226.52709151339545,236.62557395367705,242.00126849647944,241.02623487529007,233.04441447847074,227.8568892851303,228.1314999442926,221.63394891973041,220.18616965166666,221.37798873483464,229.23122580828255,195.22184976382096,233.17224919877083,233.54858840830212,231.45366357091035,,,,213.3420827971539,223.82182379101667,218.25141670743193,211.44108490918336,212.46939107875176,212.3008256451321,201.99881103102962,199.33657942309424,,,,204.44893938051143,199.22587927729126,187.6714968555503,188.73729322727127,184.4129741068141,187.1416028449587,192.58627306219196,203.924603372903,205.78356260873917,210.60881610893887,,,,,203.5730094820625,209.7622986652238,215.8175815134208,202.5848057700287,196.50889748477334,201.26769622652168,204.038629629179,209.23483276334179,210.5999366920737,204.6880426287123,204.10632365492438,201.91092843620578,,
463,2011-06-01 18:22:20+00:00,,,,,,,,,,,,,,,,,,,,,,,,,,,,,,,,,,,,,,,,,,,,,,,,,,,,,,,,,,,,,,,,,,,,,,,,,,,,,,,,,,,,,,,,,,,,,,,,,,,,,,,,,,,,,,,,,,,,,,,,,,,,,,,,,,,,,,,,,,,,,,,200.8614272618646,,,,,,,,,,
464,2011-06-02 18:12:00+00:00,248.2956151588029,249.98000332876995,238.5171205975711,239.73273321856675,241.04276943990817,245.88867627764952,241.24653574950509,245.11640987785387,245.64260927454103,246.36317307492521,243.15367747803555,234.23018823353124,219.41518216501774,211.78989189217808,205.8659623537016,209.52230065487998,202.8619439120611,198.86181767807787,207.29725180839895,192.14571701862104,183.66190867386263,184.7045652122684,183.78709967347683,185.40613786617357,185.91691136492727,178.6078235425043,178.46955108552555,188.75165057500192,197.33781629862028,198.04613594996817,194.1551153218224,187.13688984874636,186.757155442929,189.6501319504223,192.65237188746295,183.6518456331592,180.69345778036478,184.42087354275645,181.48638845145481,181.84480999186474,187.83390872294808,166.45477435147075,161.91074014603805,167.49076234276345,172.51051021738232,167.96976018543415,161.06717210802992,178.05282661999132,180.45599755922706,180.64436964131608,177.53038546835398,178.75184217854132,193.80109862189025,205.4268449641443,204.83640772395955,203.9233215980923,202.0878981030267,198.16718166851825,191.25324988311002,194.72537717440483,198.8818026826427,204.78353830680555,187.06938087309675,174.39488985856713,177.43594173326682,182.32884820051675,178.99637522636272,183.96462570030639,194.69997093625284,198.96922622744395,205.24361206752272,199.96372359285073,207.7700665957247,215.15429237011352,220.77942181859135,219.84684619238044,215.76229257478542,213.11383607339639,226.19577396141995,216.97572172521376,211.42887517996988,214.1764115050113,219.31803380686702,225.5130467288623,217.00164839913865,212.2967779917211,217.2081401216335,218.61979747365376,213.76312317640512,215.01973569895935,211.20217406112857,212.53267851442183,216.31823398087005,214.01115382733244,205.62651253983637,207.1263232328488,219.72380189215792,227.5378094019834,229.64817924228421,230.3716814832676,219.43087258200262,217.42784591611053,213.74031484584222,210.064046736718,205.87496596551432,206.46478967744008,209.14950722549287,189.49638022365963,215.22740787124846,226.46996645737138,232.52678146403326,224.32604757751145,222.59292170101918,208.45426166663165,207.77697909130103,212.7186677162365,200.97710993594484,204.76232650986748,207.28675597587136,204.92473628479252,191.00518401829348,192.87343591043285,187.75307757755354,183.2730886459948,183.72381723817645,188.71593226342316,188.55705813113764,176.99526816293087,182.0106356368063,172.88568481669594,175.07522955185803,183.44118707468013,188.79972144037436,197.80836855763502,197.67633930414368,203.851191388418,209.79493796853518,213.285542385869,203.28289786198854,192.10751976034157,196.05844316556556,197.9816886468002,192.83891480306698,179.18158633275826,185.55662642593217,199.34261408657045,201.541114282342,198.79857340947473,198.55633995944254,198.1345212695973,190.8863720745013,178.61191325868418,177.44859049606646
465,2011-06-18 18:11:51+00:00,248.40197650856803,252.79278251490814,241.63205211723408,236.8197904065039,242.0330130277472,242.5215521692626,237.58140977745165,244.66306738118374,241.56770681809456,239.75993021580513,237.42590105043223,239.3633148727968,221.27118204490216,210.702695026382,203.0162466893501,211.14551689348647,206.20736201201322,204.27234445522367,210.89219145729282,204.83692009597831,188.77143404526956,194.5170605869742,191.8327245858448,188.08992624223447,186.67405502856462,179.995851016988,181.45450599242815,190.2770299679913,200.69659530249777,201.10005728903712,193.87593076027116,188.88813973847516,189.31121247461422,182.47107764583296,190.3753775734331,187.61800760200668,182.03303884346377,188.084891317977,185.63105840576173,181.64631560939503,183.66383353170892,161.16376845801312,159.71075724763358,165.0655144855981,167.20333133460838,166.9850014637144,162.75460820612622,170.76158140779296,191.4093580983206,185.46427808082535,177.3596729939647,178.0670925789032,189.28477711608045,202.2150467392276,202.5804114749256,207.96339871029022,206.24566762281648,201.6010947691475,195.6355151262793,193.21782894642365,203.05479255793998,203.46119936263625,183.42508595803702,182.77618821371112,188.17721930330532,177.19557487232618,175.82575863780326,190.84186710971537,196.4458111464601,205.41244695045606,212.8173525188766,201.24706351152628,207.11596884108258,214.31688591353947,218.70701732596035,217.34556046975703,219.40601712476746,219.54618731873342,219.5118987121926,216.79549925534593,219.49973361815478,217.87257245811907,224.2796512185833,229.2338950717819,225.77310747602746,221.95447176932453,215.36099041360103,219.85250076791368,221.11804742999863,216.7862535612952,206.84648696461045,199.8461902856555,201.76282218896262,208.85081207003773,214.90497748433805,216.34002780869469,217.2928454675233,226.32235646431178,234.62579450248603,226.90670538183232,210.8263429866622,220.63149958880416,221.04345605852768,214.15397939988034,208.34513875490956,211.56678220325955,207.34175215487363,195.8470092039294,214.25285995721424,226.0718826484449,235.2100000930132,227.86181301229442,221.18965992649203,205.48007686688342,218.0879116550421,224.1738813403986,218.6550819219952,213.6629103230912,219.80721173458835,216.39764834622105,205.56038827310687,194.92122527444525,191.30705886447515,190.8937308909733,192.94780540699736,190.2637180330585,188.81846453500094,181.49116098915502,182.9892534807538,179.47299368981595,181.4612846632976,190.86613873525744,193.06686803219847,199.92821263346167,197.70366010046757,201.91395823892748,209.70733452543942,215.27427008452685,203.6216289956374,195.26511226941693,200.63331247557494,202.18407371815113,188.60319349767053,180.2187603070591,183.2527564885723,193.8325817967022,198.12631445815433,203.77027349374023,197.22592366753906,192.37400804548366,193.2067871143248,181.14866228244216,180.53744895123492
466,2011-06-26 18:16:04+00:00,,,249.06717954112702,246.5903980413367,248.17615364685616,251.67342291639207,242.10176047439398,247.69144888044804,252.49172574281744,251.08365167195842,249.61925696569648,240.93775947831554,231.5788435803492,217.82516455127734,216.66988854262655,,,,,214.18822856873612,206.06786405747596,203.24641825934663,207.71281132740918,203.91226863152966,197.9687353874623,190.8458009625916,195.369336016822,202.89265416600762,209.04888109938446,203.33652405102555,195.27460944075216,196.55625738692635,199.72622736436142,199.35297546817904,,,,,,,,,,,,,,,,,,,,,,,,,200.83040984585884,203.83411030290424,209.29972999759764,212.64781485931093,199.0957035875869,182.22969111519677,185.94284247182892,181.37438398131297,186.39390714409367,183.52719250875325,187.95638044126207,208.55151547344192,209.543782053352,206.48408969503157,208.42106626974183,218.03099578546733,222.26109859368114,224.64130999860205,231.0872441010597,226.69300800192525,,,,,240.6693030850745,244.41118883408657,239.78388173077877,234.1777633125372,226.37059655355364,230.44430863047816,209.3809806249874,212.79274447312403,208.35828059608795,215.62481088204598,208.70470265139986,218.96198316275422,210.0009843861975,210.43680902081002,220.99850486784914,226.89705744169436,231.69294432499268,233.18366214959138,214.02638923036727,225.30464571785993,221.55809359511738,219.8107039753965,217.40319160457506,213.92353253631202,215.52536153919553,205.19039716145244,218.8651055953693,238.0191552556577,235.86630288394065,,,,,,,,,,,,,,,,,,195.48797062077318,198.27319948522936,196.40474397060285,198.67512341986674,203.8425783122478,208.19389098800826,209.6221194180197,,,,,212.20833573666306,215.08495533511382,212.00242234631014,202.00622172376916,193.16067756758147,194.46885459455368,205.69282090525874,213.14951443433148,210.58864826201017,217.38111226156687,210.70670571310922,,,
467,2011-07-04 18:11:45+00:00,247.80806350064177,250.01083883259258,243.95827143361703,242.44222244234214,247.83277898213464,245.68389234863386,243.25515682238486,249.97955131458227,245.77487895916,246.64528108943767,238.57252499396512,240.58188194267115,226.69195651616556,216.90267818367283,209.5604171030423,216.47365737770485,212.0292555820804,205.36585399824384,210.31976721606952,203.77383189497638,199.40781223581303,197.3541512951315,195.48464356330467,195.16294836478852,188.7014275911356,183.88500273116398,185.66077009162953,187.35202751524278,202.03924853593412,192.96420074290148,189.05493416471975,188.72378602372032,194.7023113999756,199.26362012412378,193.85915565116647,191.00567198265384,183.9193283833775,182.04229122372163,188.74180793696988,187.65646185949194,191.71861728628863,169.9159405409826,173.70987620139135,174.38105259515282,172.3752526554483,171.16576877817596,168.48102412732266,178.65047084389644,180.70366622251822,179.4831095697606,179.3407759992894,182.58841872008838,200.77737937562483,204.45921250377194,201.69154147594952,199.97398361094815,203.77389068523973,202.49917772259963,194.46222969059056,201.76558041508252,215.67533962396928,213.87022725404097,202.05613807050923,193.6063157344278,186.17686049603995,184.9454462211466,196.07349123005207,192.1230817611767,198.04482391259288,202.31438976615487,213.52541810200398,202.3177505084559,207.82227089884458,209.67157007002638,221.81370147270957,221.95792701945987,226.499969402976,229.6503249013462,226.18520259224672,216.64231827604857,217.7464763429848,221.51216841620328,227.4331933524506,235.96427161423767,229.79878301700933,225.65149224714207,224.07789070720543,227.1528702727246,216.25585219105736,222.10421718193228,213.6309856315749,210.88736077135366,211.57734854099715,215.47876180675024,210.56195687098545,213.03672857493194,212.2339234188175,224.41909916943396,234.06350847402518,224.23758917287307,209.55209608347053,219.31564699407014,219.6457982337165,212.74037894253914,206.96481193320272,205.08614049402559,203.36474341083363,202.34433826328754,215.27605699767736,229.53053452122768,227.78697582262402,226.19957349783843,218.59792497821832,210.46073460957456,219.60804372036486,223.69408670229916,217.80717076604387,211.77676124194852,216.9517783434261,220.1165423298074,208.621702456888,204.60366218910207,201.26225480292396,196.178596187872,196.4378774475602,201.62505064476125,200.4803285646226,188.2557513896281,185.58796822904475,181.2392994790438,185.92256610551837,189.85714536567122,195.52473683658508,203.90711349705404,205.57774367179633,208.66475621184105,211.23384775183598,215.01506947944534,207.74396544348602,198.76480132319202,207.21929708596707,207.09661593827425,192.18262920262427,183.10775112244514,183.147000427245,196.7225119422795,199.31578174325512,200.6013867651063,198.23645062954824,200.1141438063571,198.77937170202395,187.8901612165081,178.54423631853754
468,2011-07-12 18:16:04+00:00,248.30906038487694,248.7214912414374,239.01142575517724,235.28495729155762,237.15493689728072,236.84878857911397,234.12917579754313,,,,,228.51833001320554,215.10976693854252,206.62076557849116,202.71428822917122,205.49581935299892,200.82237919365627,195.1999376551659,200.88886071286595,200.72996428796625,192.69946265627516,190.58669512924985,185.53725879339794,185.88205770365028,179.4166180796187,,,,,192.91561485653767,185.383420633263,180.01414506367547,186.68284860828902,187.80230811230416,186.08153880942524,181.78558669251896,175.5231378901697,176.33753453560666,178.75713874075774,176.849761399455,182.89733398406307,162.0004308913424,160.16753377692368,166.79985254196367,,,,,181.47512294809047,177.82654785698566,169.56253144572187,177.64081873592778,189.39136545864406,195.72899262848625,201.32098444191638,198.30376970398044,195.2867920324884,194.92953113899893,186.41301794025009,194.36663753128886,196.14627764814452,199.65743168677784,177.97042147644197,177.94831410957013,175.66027399103623,170.3088537628026,171.537810003266,,,,,,,,207.8186103098538,209.70637885788284,210.41819723869364,215.09025644920524,214.1485745849415,206.3597979394694,199.8307560874583,206.06066072877246,218.55081061616852,220.2265253543288,223.7096908858882,212.3220062669141,214.89854857794842,207.45230899472148,,208.52367870601643,210.23502774776728,205.23036208313565,204.14991618562829,197.61422265789747,,,,,,,,,,,,,,189.21344203697825,210.09853241810782,216.86149415855903,225.48184419219265,212.42627399511707,203.58461886641754,186.44691061868562,188.96168197793418,206.86918317409166,200.44999354613074,,,200.61756156849268,188.0612085965451,186.55581332033762,178.2043207929832,183.9766339053034,182.644006529683,188.30395056427304,183.8839147213315,174.03648504443876,166.74213988136202,,,,189.4892970523578,193.93098359468306,193.65151123783482,193.80712660322172,204.24595988594908,207.92371850209153,188.59573198638162,186.839631919603,190.87712617478144,191.9852837379895,177.13645525031046,,,,,191.50766817955832,188.09513996712136,185.3124748565786,182.0306119118141,173.59918418228605,173.43740459808555
469,2011-08-04 18:22:10+00:00,,,,,,,,,,,,,,,,,,,,,,,,,,,,,,,,,,,,,,,,,,,,,,,,,,,,,,,,,,,,,,,,,,,,,,,,,,,,,,,,,,,,,,,,,,,,,,,,,,,,,,,,,,,,,,,,,,,,,,,,,,,,,,,,,,,,,,,,,,,,,,,,,,,,,,,,,
470,2011-08-05 18:11:28+00:00,249.87231903430785,250.52417160721342,244.08532733273182,238.27035785818055,245.1504508747302,242.29241760201768,241.83335607469684,248.61770704377466,248.06741494725543,245.54622690192633,237.97864273041242,233.4821008595104,223.3580658850745,216.28447158502166,213.2614862522452,216.68178510788775,211.23684777706097,209.44881006011087,215.7451158178032,212.52958086231587,191.82220626352535,197.43261463395828,191.31371123131447,193.97165667904864,192.64313057606455,187.40486090294735,182.8644713193351,191.64628756840932,203.91424263022878,203.67572150898025,190.8487042925703,190.12331199906475,194.79045937507004,193.890958813841,196.77651619015438,189.37792855212086,180.66234162562597,182.54832094672716,180.90921465708539,182.5942066130105,186.39852860723698,173.00053496434066,167.18176354333139,173.48417267460027,172.4827115383915,172.53612212311458,175.3116682124947,180.94925542908697,188.37240461978848,180.6867864081533,179.9997738426432,189.8376277206018,205.89237635601677,210.18204906058804,209.46027550278143,206.8487412916559,204.61819069299398,199.1826280718501,197.7947744893195,197.21053344103774,209.4945889974561,205.44481778888516,191.53144675563442,187.13821732456944,183.38312350844728,179.76936045777876,175.6871691739114,187.1985980570934,191.6947202493638,199.7043864408654,212.13702370160973,201.96567646253322,204.9692855684955,211.9209464956833,213.91581855536225,222.0547044550384,224.97599354300004,225.15934970827175,224.55484962099553,214.1873200742442,215.27499274631572,214.28457688250458,226.52779658642675,227.31965404493388,231.5927478569001,224.64353121328048,222.6624251648782,223.79426505146515,219.20356697209803,217.88573244930276,221.1721014079984,216.93171000303954,217.68367568797876,215.90871279886846,207.51012410005725,215.04451445015147,219.57779071160797,226.74315442421553,228.69392108386123,227.0992488836143,206.8953031185087,213.87271613941553,215.68585816105238,210.91359755934724,204.28437872382133,207.58573084453337,208.28496067316968,198.67493629401736,213.18221699394795,221.62735560698837,227.32807708586103,223.37632057903392,213.99821660982167,204.42733648201025,204.94099750010972,212.5203069504073,208.18187351987166,212.2693024995369,217.559026736434,214.81777298779505,196.89264537303006,196.55841277956603,198.853668489372,191.11371968608563,193.70673605924574,203.19740595111205,198.14848457756437,187.67757427097177,188.93099965598338,187.4663477349337,195.5629820393505,196.6935112541641,204.36217353673158,204.43601744524892,206.66363765474583,207.93354315958763,211.13043525973285,211.9040676482095,208.16553584071767,196.46926460399808,197.5139144075277,204.41556849670133,199.4145165868959,188.0966141686495,193.38189655197272,202.82017317839535,198.30698785787126,203.6056673253072,199.23007707212673,205.05857707216683,201.78864951928347,189.07715390387105,183.6676525399858
471,2011-08-20 18:22:07+00:00,,,,,,,,,,,,,,,,,,,,,,,,,,,,,,,,,,,,,,,,,,,,,,,,,,,,,,,,,,,,,,,,,,,,,,,,,,,,,,,,,,,,,,,,,,,,,,,,,,,,,,,,,,,,,,,,,,,,,,,,,,,206.33669526080473,200.83719400972944,199.81327280760271,,,,,,,,,,,201.0127317159445,204.95908306547932,210.816404631965,202.39912162802432,,,,,,,,203.47099063485547,206.16921272955642,199.35111651533833,200.86991872804393,195.4779001430346,182.1168378683088,177.27467423518323
472,2011-08-29 18:15:55+00:00,249.68617916740197,248.31174747361155,239.85942775059544,235.10812212813659,240.64263744867156,241.81014743414974,233.7702286197864,241.56535940579187,239.8659375186479,240.87620944397494,232.51742440922783,,,,,209.04851081889808,202.7747520845789,197.8172958834284,211.5475649196685,201.1826014862894,192.8686015310974,186.84586093162488,190.81444296031117,187.27660788624004,189.60899072645017,179.10016583119688,181.78923032046157,185.30637451067537,190.2970004776874,,,,,193.42821246765052,195.72221222410633,184.14080972488696,184.1950660112384,188.3145504452424,187.4599008770154,187.75601390292223,187.7365882968136,171.19910446157672,170.93440717511504,175.41453979464865,172.15363533382776,175.33610696289372,164.6665012523449,176.53852018081446,,,,,197.15161409941425,202.1452635332595,199.88780798661094,202.57026383063277,203.19450427505487,198.13465837291997,187.7465285344195,189.72852204907863,196.79853099700173,205.8762382269344,195.03063236726388,184.90630025280905,187.65804568083286,184.2817543154363,175.41514466626103,178.5532960217333,192.73950367200126,203.7820244439754,209.77386778527682,201.95267602813576,197.85169955393744,215.80823268243716,,,,,,209.6346401697839,208.32748773208493,214.62366875566806,225.02061610771835,229.56123414635192,230.5241433611418,221.8817157053872,221.10506004181477,220.39396328480873,218.05268440243236,210.46183319123284,214.27371429140976,215.79079473698988,205.77103380589062,211.73534592259207,203.5622477937311,217.24750737956757,212.58486305076798,221.0512690091265,225.4447875275556,222.25389523554796,202.40642366373666,210.382798420585,210.81412353510046,208.09541509075675,204.1741087857696,,,,,,,220.08426640446834,212.97964013279562,195.08137249993436,209.23909410359482,213.98761382307924,216.8578382025433,214.0048616156582,216.77698529984838,,,,196.13910089332182,194.34736995239751,190.1624983659653,200.73140200785798,198.55469717815112,187.48401379406232,191.11809387905762,185.11382572302352,185.429616344551,189.19192509977887,,,,,215.18908453451593,217.5740568519558,209.07216013075833,198.26127838786607,203.53774697222428,202.5548510342611,197.2096254701099,189.49748077203202,190.87354049807936,201.94543410831034,185.57197837949064,,,,198.22028535911545,187.46322112534284,180.57071997186387
473,2011-09-06 18:11:10+00:00,249.44991062571347,250.42380047021777,242.03021617216922,238.01735901326055,237.67107717539352,234.86751068783832,231.894640057142,238.17309701253117,241.26752162502999,238.6837713356122,238.03524224000216,229.07108427798306,215.82358944320623,207.2382877968995,205.6423367150416,206.7870462035148,211.1125458567787,208.02434029461057,219.59088292590252,210.84866100213026,197.9685802595971,195.18319868840223,190.99758209922166,188.76456412154715,186.89622865888293,179.10990141848185,186.0456405711442,191.18426684250738,201.87391414691265,204.66205278931062,190.94744446559963,186.56073458625036,184.54322302206197,183.45004778960055,183.43625837168406,182.2419142097939,183.09456202081697,182.35402543472776,181.22886398967802,183.86443546962408,185.46419993399303,168.70434424869427,167.2861707788649,174.71616486958428,170.70486937235816,176.618271143247,168.46400153173983,187.6174406130197,194.49710811642603,186.06298533975672,176.95782774210676,182.0833599624761,195.0103318035116,197.51939720140163,207.4677164327535,210.3646336624784,206.0138708590551,196.57158021262103,194.86073460187282,195.79223995514636,204.78259013046335,207.11581520385096,189.5342391366192,179.69287222439382,182.05230820056966,174.39694085164268,176.1958236470243,189.51833609136747,195.73658425427763,210.26719711821602,211.80915970084084,215.2166293382017,210.9314313981606,221.438486609657,215.38777903482514,221.28404254584544,216.8374477779312,218.96766927691516,220.1324947521789,212.11169211519837,211.76890030538377,210.19545857735486,223.77074304264838,229.88579326619802,228.68871172798234,219.31996168724925,219.90783278394952,207.86590156856983,208.82022479149322,213.54993816492157,217.01543511080467,214.0415288237003,215.667651404031,217.23415466920406,200.61193058137226,211.5041682682059,211.91104381009697,218.56821219276424,219.96734753140282,218.99577660560732,208.7058113820546,214.4584178885832,218.59594035082694,213.28019525888857,210.60336061593287,207.47101969963592,218.58392880158715,204.63989952250162,210.79133928317873,217.90366905629423,228.17146047622327,218.76252273756472,209.73794859430183,193.19194282634362,197.62827246018233,212.78301539700175,206.25075308051447,199.82448569682145,201.87686362161656,197.22405486680165,197.41945897251753,196.1961208760373,190.7051617332511,199.892124786433,201.8733029383266,210.59550407749347,202.53463890969522,191.3272956925064,191.36934435080846,187.798197157282,196.9964386047663,196.70340804491394,200.3794646141982,204.8193308494457,202.23163878226643,201.864962989941,214.84888191641207,219.16594175672407,201.9295958484807,198.75929547519488,205.22134371547583,204.34811741335747,196.44618470837733,188.1564761340651,198.02744006557936,198.5631409962843,202.36332567359938,205.57497104754935,203.07663528993552,199.82144206152918,195.42525004870276,190.68531523887196,182.30244034680345
474,2011-09-29 18:16:57+00:00,,,,,,,,,,,,,,,,,,,,,,,,,,,,,,,,,,,,,,,,,,,,,,,,,,,,,,,,,,,,,,,,,,,,,,,,,,,,,,,,,,,,,,,,,,,,,,,,,,,209.3690219964193,198.35176001907092,189.7898414246211,190.2938722186284,202.03177489911434,190.67496191531842,192.32839621292004,184.7326262242547,185.80421319814667,181.83705966296478,,,,,,,,180.48464443858245,183.83607740318322,165.79625914048273,194.74678804064752,196.27048683489477,,,,,,,,,,,,,,,,,,,,,,,,,,,,,,,,,
475,2011-10-07 18:21:56+00:00,,,,,,,,,,,,,,,,,,,,,,,,,,,,,,,,,,,,,,,,,,,,,,,,,,,,,,,,,,,,,,,,,,,,,,,,,,,,,,,,,,,,,,,,,,,,,,,,,,,,,,,,,,,,,,,,240.46809999326456,238.39617803539585,234.22019499544143,,,,,,,,,210.70165792042974,207.83765218840358,205.64911349976364,215.76404777086975,,,,,,,225.53810862576097,228.2966314962571,221.8819987246826,221.48039979845615,232.6260463414731,231.4182218040504,221.34873764775858,217.17031400739413,,,,,,,,219.47644990946733,219.37989625745058,216.81527860608333,213.0972706205003,200.40651845385008,200.04162309941404
476,2011-10-08 18:10:37+00:00,255.643444210464,255.7444087981606,246.74846280952534,240.04925006461062,240.89621808847954,242.6220707073451,242.0500407102108,249.4702570582031,251.26126728657187,247.55816587256038,245.25672534790374,236.52022319205128,225.0096147174218,217.99417931681143,214.8726153313208,218.55833154861807,216.58099565247522,210.80995904222118,219.90195542539877,213.09756443739786,200.02577817748886,199.02393244604326,194.8077446968099,199.51824772871174,197.320708690836,191.39514539354752,189.01864050521192,193.62288790826625,199.79330983646076,205.78511331803645,191.63982306959554,189.47861305327646,192.27672846109186,191.99589455106354,196.37759838958775,194.07789572894137,190.14343937984376,191.19635450246523,187.8896035539858,189.20982328747198,193.38925844151152,172.63255152555735,168.66453044329182,176.94830318866354,177.92848235213148,174.19818230729487,170.88920732863488,182.82740692590423,195.457280906448,184.93778521902266,181.12204723061046,184.01022629765777,206.56914270023717,213.89578629727833,213.85160811772982,215.3286600996425,214.832318301388,205.9950578524711,200.70592279588087,198.75970340792458,213.0438780537424,210.63301683223222,200.31670494435073,188.5824250782789,189.5974620059242,177.50241850276097,179.18254710843686,183.05920527621188,193.073655363588,209.5185194785426,219.135495428075,209.20464428447127,217.32292771609846,222.34123264386486,221.46259968655067,223.38746235299226,225.16472365713247,223.76326963129372,231.2823485589695,221.78251210317916,210.83142330095632,211.46131289005393,225.1724720637645,230.82035494366428,226.74053762496743,223.4701376414892,219.21597689424473,224.0942912971263,220.41980627974385,223.8084924239849,225.85184219558596,223.02977069550099,231.76778303907867,225.08023205161908,215.94523475832605,220.66735433121988,229.76017643873996,232.02949523728617,230.39763736669465,234.65923129653817,216.38643262913774,222.07783258553746,218.7930356341722,211.129768691473,211.9045108061151,214.69507972996175,217.15939496667255,206.62218152825068,206.79926811327582,220.14574254761737,225.73895441771512,220.80211453236285,216.59405280977575,200.0446372291356,198.96256518397047,209.38947131273773,199.87975938008918,200.8771163026837,207.04774317903104,213.3746327348195,203.7461722009306,202.90451565275657,206.79021657874728,196.97907132370307,194.19879460349182,206.563361991784,202.8567470531065,196.0039711113114,199.32855193053905,193.75060827691965,196.84147450441685,195.75133473947974,201.41151882352008,201.93371539538802,200.11501902458957,205.21477064979493,220.37622300866178,219.0843679429646,209.94949342161476,202.42475694990614,207.987614481092,212.73389340074593,201.89197769945483,196.82541886614123,199.00279291975153,202.9015275004414,204.629195886968,210.03867262472176,200.35973799269868,203.60041079081526,201.98727919060832,192.7161272846411,189.53063631383128
477,2011-11-01 18:15:54+00:00,245.14250403874973,247.44585166058295,236.91398522546874,232.73333791043046,234.2094216325865,233.8358947076285,231.5244381003132,240.47945647819398,239.41579865208183,,,,,210.35993126169797,210.88779328196006,214.2793329632506,211.4744508448407,203.18813441161097,215.15051311127104,205.34306518541024,198.1570196990299,195.77207337902917,192.30505825317712,189.2334788902856,189.53020471623566,178.92027755721134,179.97959277954186,,,,,,185.8751181021962,185.26675194671367,185.44940286320855,181.10964928705022,179.13020633297378,180.58891363619875,177.35884297686295,179.66386110182367,183.43782742646988,166.46078006476108,165.51632251325955,170.69618686532633,168.28298734766202,169.30784810954404,160.86471919342665,,,,,184.39580096866146,195.66812014803287,204.84678925161754,204.77121099451125,211.78775073549406,206.57840890988382,206.26974606153834,195.229436858906,200.30277630504264,204.3706323099404,211.17193902711642,191.89527865603475,180.5699349663032,182.80696113495327,,180.28067259832255,180.37855879355521,199.9709612323204,206.3233025061827,201.49139110970793,,,,,,,220.54190109364302,217.2998989350903,201.94721552321272,208.06591765472928,212.11251510367168,215.5988531436836,229.0680667573365,228.54393298186113,220.62204351769816,224.49792915448117,222.12062563439258,214.4401602054749,212.2698736142451,209.97289570670583,216.91797504723695,207.2016602431175,215.58991477131343,211.97823647632558,216.35988079741952,213.24621392444246,218.56610437877583,223.58383372307614,220.03905826490617,207.03477474425628,210.568404061703,202.07344005185098,,,,,,,,220.98358437950935,211.76708742296807,204.71362335315615,198.43253014190444,201.34978855140548,213.39295840105825,205.68551173390105,202.46380269945516,,,,200.44132324629066,199.03553756907985,198.84062006880535,199.26338961350538,209.21049522161917,211.5545846789141,196.8416504083592,198.30058658715598,194.56623874900555,199.76944226802698,,,,,211.58061846494377,214.97540248409953,217.8137711988131,212.62004353495269,204.20611634406936,202.10037582635056,209.85971067749165,203.67817933263944,192.1508752883944,198.80560309598252,,,,,,198.61551673938663,188.67443648198122,180.89462105465526
478,2011-11-08 18:22:13+00:00,,,,,,,,,,,,,,,,,,,,,,,,,,,,,,,,,,,,,,,,,,,,,,,,,,,,,,,,,,,,,,,,,,,,,,,,,,,,,,,,,,,,,,,,,,,,,,,,,,,,,232.30184830037973,235.92270114960584,233.95823004189867,231.40208794932585,234.7676521608586,,,,,,,,,,,237.06805410895765,212.5593435704135,214.34302222441676,222.17171492048553,,,,,,,226.00797223138858,217.77911938329538,207.38616763612845,205.846533859768,208.66813089275993,213.54876435397045,213.73042571094777,,,,,,,,218.58705382591984,218.8276561016441,227.9249799647008,217.25302678032762,212.55871281298718,216.1672796012183,221.61380221219315,222.67385344715638,213.8887027882738,,,,,
479,2011-11-09 18:10:10+00:00,246.8399026624942,248.30980513892635,241.64850358354653,244.31361892504708,242.2009387657716,243.81035361951285,242.20691663714192,247.65442771306064,247.07158152495433,243.44983420881908,244.5879052233752,237.81822407908092,227.97521194131474,216.03110078853615,213.65833665814964,214.1199125655111,212.5670421979268,206.13632981835894,215.85386294429242,207.57512787750954,203.33514390845176,200.23421477301463,196.04841536716492,196.67563186501974,195.2875781248673,183.8232031869963,181.78412605982697,189.3125553060559,198.5169382096999,205.3082023716189,194.8527916517922,190.6842155113955,191.98742035322385,196.0477237745944,193.19091436542615,187.39696975853076,183.51937659320453,184.44236783925527,179.36685961479589,184.2841070256801,189.62604546316405,175.71803936118312,174.22911458265142,176.44795148303382,171.9873089424576,168.66801928772617,166.62136014430882,182.06757013406843,184.41666180744343,185.72321636838905,177.2843881046071,186.3374474154022,202.707042466142,210.99699364406402,212.54901174106635,213.4201289576157,211.06993610047647,205.41647162955542,197.71482077245352,206.6763270095853,217.40645127285046,213.80188186196736,202.29539013980818,193.39956359469244,188.43475840976407,191.49765940238441,191.14549229272455,188.87882454764411,199.7132780178631,207.5758306213452,218.33185284793132,203.26094269689264,207.96892843279716,215.8520350755894,215.33229845867135,225.6360128223659,223.51273447416474,223.15509038052568,217.86691188980956,212.55552150907755,210.68869045411626,213.44432524870143,222.18932174971548,230.5974936212852,230.80930375327546,223.75490469428723,227.2724763205212,224.94267434228783,226.55691101259617,226.12102842661398,220.7759247235213,217.05657744770116,223.45078188285714,216.50994652051855,212.11032839686285,213.02612618216284,215.34526634365105,221.2344993728829,223.28215832827527,222.9158781696701,213.53272038804096,225.15430649704615,219.27761600665727,213.46564411414067,211.99264193194603,213.5259280586959,207.20566879425724,209.77133773522007,207.2294169016409,217.57180042932822,226.99276484341317,225.46549353930374,212.92461667024557,204.83968383823063,220.04860861503033,215.18258781594767,203.79152992827076,201.2703171695472,209.08201613685603,215.3696231853273,207.61849459657788,205.4498327720285,203.1813583254339,200.951094610544,200.47367219539865,210.80447430730402,211.85925491601984,202.3356953919531,203.16344296150322,204.4923073406414,205.11341043001258,206.7676467910694,210.13965455212826,215.153706454285,213.83790591358172,210.75228322050245,212.89772455770657,217.69858992188261,212.52784162160344,203.89507145464768,211.19917810684524,214.25655886006533,208.27734169124415,198.96590038526864,201.280750823054,206.85750591096544,209.02712708447126,209.50204800520453,202.40095700204418,204.45570737014884,203.17881134960834,190.11913869754437,181.8078770563767
480,2011-12-03 18:16:18+00:00,256.3219745714399,257.7812741403279,247.82159016127585,243.91431960421758,244.70896514008592,246.8777585964849,243.29701642103106,249.67066463120085,252.80873240657138,251.09172459299515,251.1750660208392,243.39027856316176,,,,,216.4027325746406,210.824895193739,224.09791998917265,213.61503653869275,199.4566947753384,191.89379719134246,193.88932768864754,194.29055542060848,197.9693560990746,185.97838883303865,190.59906881842255,196.14567619437247,201.90334695082254,209.8605674506319,184.6533673990773,,,,,191.6703572475933,191.55305124312395,194.35900787347964,188.6583886044182,190.3913551784843,194.49373277948882,177.68060962823685,174.62214102305632,177.2625440211442,177.85723976463458,176.50054896725752,177.14641602688945,184.78955143663018,194.02984046311596,190.53853166419097,,,,,215.1078598810558,218.57288573306147,213.6293166348364,211.9263380617988,204.19367645325178,204.82743741800306,214.6372136766088,219.15844532861053,203.86647588970527,186.0747979848916,186.33906412742908,,194.4729874379363,191.05052593928926,192.8831024498988,206.1708907509535,215.4819493460644,205.7172116778063,213.92818244829968,220.474133313727,221.27945982687618,229.62690097842005,,,,,215.82422022248474,222.29358463215507,231.8834470942793,233.8644535541523,231.4884031940959,227.75745385526005,229.61676720188203,231.19504609550776,222.56871159554862,225.87388053824714,229.65356696120597,221.92022570558066,225.03125525886227,222.04862198427278,212.97637676324962,219.71455715872966,225.32756445414674,234.41542944932112,231.3084727390523,225.42018776727295,223.30329707080725,227.4022129741944,216.95261155423793,214.64884870036116,213.9831945608922,219.11448864767414,223.40828638048333,194.4517461572729,,,,,220.25240603395108,213.93316321305466,205.0108714662475,204.60823177066118,194.55113852844138,200.60010012590135,211.827751620995,209.87922202592944,,,,200.543922017701,200.72039153861587,208.53057422751937,204.97864423938188,200.06704323962722,201.50308062918134,201.41951907251854,200.9470144041614,200.32856580975096,204.0415667531412,,,,,224.01251159166313,211.67159175840578,206.3429893262046,209.97192881619043,211.58391180272096,204.2476599144742,205.13646782692956,203.0568536580961,211.5015450872219,212.35807333970212,195.15526613881008,,,,,189.3626494285619
481,2012-01-04 18:16:34+00:00,254.01411345412254,,,,246.2132629836116,247.0196192183815,245.08040469378952,249.08106957298705,252.06821230578265,250.97428793406903,249.40699363547114,240.88756177907808,233.75205842919394,222.97684999741864,218.3095896002563,218.91546884461513,212.55126515553002,,,,,196.2306286343424,196.93331126240298,195.75770170672138,197.4481289444431,190.78223831729895,187.38492592029127,194.20600515697123,202.18355979165636,210.92590514809228,194.4216166013444,191.44911793439678,192.31831127916087,195.4196542861043,198.3343712163091,187.9456291763386,,,,,192.53319759557598,176.51588417697312,175.49361203058714,178.9299324455768,184.5417724751412,174.91254397756225,181.79697677122942,188.13478116103573,193.04940604557152,187.97414636604498,186.8116365127973,190.7651328495825,205.98916680556778,215.86797192744405,200.89480203056274,,,,,,,216.6479887281231,198.32871916016038,190.6607365872147,189.9852910583676,,196.67717804784178,191.0220323322102,190.26663788077215,206.59154758348484,207.91887193054862,205.65456845351656,212.85957890903904,217.2036826667029,220.44394315349862,219.72941605481265,215.31849374633683,211.9146220203648,223.1717773523421,214.2665957245198,219.231588604607,,,,234.19357997060473,228.1095524008854,228.1253176229007,233.07673817169766,228.41847391283326,220.82165321361637,227.68417276495245,220.06536673102386,217.96209529810307,222.8702741058046,210.4036978878305,219.71156710559,217.744108660073,231.9676507667274,227.2883485573779,226.2880040199886,222.73650375858904,221.71899696511224,223.23089831070166,212.8434200481105,216.4303456148656,216.03018744656148,224.87290540054303,204.44413664298713,220.50226068734545,222.9188876240682,235.22482434227373,222.60328618681854,,,,206.706024987959,194.3186017018642,198.37091730393627,214.3257017149531,212.4424520454042,206.2500301853576,200.36962283185295,198.38564249352208,198.08326348314853,,,,202.451539033031,200.8157393360752,202.660674922717,199.4700602257301,195.05318246910107,199.00352623503306,207.3605576725466,218.1657377278479,217.75712210449342,218.1535724193705,,,,,211.8444742060472,203.62640403111357,201.5777412671379,202.4974236698176,209.61298194330402,210.45895154493076,207.36145626747998,209.91527062907022,208.3710593610754,204.23584050433988,190.35663151583086,
482,2012-01-20 18:16:33+00:00,253.5469143648071,253.4983337336605,247.9519498469191,243.4104541843962,243.7054392926683,243.62046861179346,245.13602009932708,251.92040158715426,254.7933891964224,253.4315502687375,248.6174766684263,241.59887478040108,223.9789641096648,,,,214.09600475360543,208.35532700202225,216.28780383615262,208.60749725628108,193.57557508118276,189.76745452846512,189.76317673752476,195.67879126595307,195.90054913924007,188.23705531816353,192.43211438308327,194.16712947461662,202.93716116632396,199.0873418706691,197.18479135774749,,,,,192.77554343836994,187.11395860891577,192.11120359324434,184.0462606291841,185.33639646143536,189.9748219900859,174.31850797251036,173.10711829462144,180.69929940323425,178.52207571447872,177.6281993711488,177.56219541694634,184.36505247582585,184.40165557679336,186.9474660336597,,,,,,211.69399981678106,215.01623778306595,206.33925544976245,201.04593830479564,200.27459140473388,214.18634391865868,211.85133090157302,192.73913235973714,185.50166841814172,,,197.91466527925772,199.2321148783698,198.9954994334473,206.16485770429432,211.942949178971,204.89554677673442,210.70390534003627,216.65830310318051,215.92235883649295,215.135672026282,,,,,210.21617573101582,216.75132930320885,225.4426945812038,228.34539613690768,228.0436649390499,218.72107653539382,223.86498570713368,228.8619544037851,220.76818070006783,215.4304459817689,222.83301427732002,219.11680164692078,211.65236918451012,221.00240984836148,211.64588189314648,217.64990284601794,215.6548536835177,222.26449620383852,225.05765407050498,223.89167963460875,220.68363933324503,217.782741323231,215.52250083977245,208.52833248871966,210.9152620304023,207.84261811107515,220.2982814770183,191.68131895085278,,,,,220.11335483029262,217.97923451949816,218.28216191338598,205.554549131172,201.15619506936412,204.9036954919866,211.5245536049155,214.74001158964023,,,,194.78444569413907,198.59306034550525,202.82863228671832,203.75036893592247,196.37949045401353,202.8800865640438,207.60448692194194,203.46082518229468,199.95871140575952,199.04771396955732,,,,,223.3604567389039,219.4601689979925,207.39330939701438,205.4703306806887,210.34981931227523,207.7036095150445,197.8808370749046,204.21471411608405,208.15579208740388,203.11692991316505,208.41955181695764,,,,,182.9370501534288
483,2012-02-05 18:16:38+00:00,250.46518258827706,249.30302561280973,239.3995952886151,240.1154609628942,244.09229015200026,242.27953981108368,240.25842860644164,244.0457868554001,245.69262566308421,240.55797508328953,,,,,208.7173322817956,211.0630811246555,206.1557676286006,202.74271273234245,213.06538542084095,204.41855267290236,194.9115393365413,190.27240510116252,191.07574183930853,192.4761250613132,195.18708094061458,188.64829410999639,190.07684619524218,184.060269364317,,,,,189.9863916487175,191.67216763545645,194.01337850593112,184.59871344354843,184.0664926847857,189.68694485298292,186.19371791609282,182.59403139417805,190.2766074099012,171.0530013034783,174.04221599006638,178.50551912518983,178.53150719402694,173.756264792739,165.67527302884403,,,,,193.33524383429835,208.05395695962716,211.02132630144587,215.47797534700314,213.45807837706258,215.6226367126623,209.14051247734497,203.42554101454334,200.5899679183093,218.39642809497678,214.53067218283812,196.21414798259505,185.67897670115684,181.33500836039553,181.62295309983995,195.97382941717316,181.30236867092188,182.4483217782608,197.37095587728345,204.22526676917448,193.5644126758816,,,,,,204.5511331545512,218.49305511909128,206.81762285386662,211.77731709603094,219.33621436873838,226.63989019318612,235.23170108131404,226.63396151172822,219.60631143572476,219.3739591561211,231.54312486385945,225.48164129789672,219.3540856642912,215.34296148443502,218.28438861493123,209.6390178579394,216.8415556920438,203.52887194492752,212.50547420226928,214.031425626784,217.12048196929294,224.52695406105525,221.02102819926222,221.75365549661691,221.30498305881838,216.36908558785348,197.58679224007545,,,,,,,229.90402991789404,223.4519492127697,224.1916788894415,226.30616713220246,224.26176239710483,212.60357523742323,199.02616363932137,203.6896722608333,216.55480776357567,,,198.57737091307763,196.86119369334,198.5381552139968,194.76003606896444,200.8864371753437,203.40833960308538,198.94516567678417,197.90012813389862,200.08719661498586,195.2723054066259,,,,,213.09657481652766,211.1975562170942,214.13128341937502,212.494349096807,203.86411398343796,207.57033926157794,210.28112367027381,206.72555218319707,197.19901722700496,200.11709750469362,190.0131079393783,,,,,197.03941003972778,188.42209422677757,183.94466664725687
484,2012-02-21 18:16:41+00:00,249.02355139997732,251.1487136343454,239.76704541606728,,,,,240.73536387888473,242.5649168426435,242.14904861753587,242.23342515868114,234.56231427858285,224.08638855847062,215.85634882978272,213.99971340688046,206.59585678615582,205.91400355793724,196.61444784521927,214.81114921530275,205.48737118850656,,,,,,182.0660550491191,187.6731453162019,189.62090577234073,193.20226607032177,196.23581724789292,191.6343717941417,179.3897667704831,187.31453675316388,189.9641213976313,192.01478273614362,189.90361729076048,185.61897251595133,194.90911941329523,179.43957785387585,176.0304220525973,,,,,182.86360044491428,180.07254426219197,173.38810385583207,180.44839539664065,182.54824169077247,187.06127205233744,186.01757637452266,188.8546080779471,205.84054125280613,212.05098317225153,214.06896226897862,210.20008912432831,210.3181421299821,201.93019865301687,198.1173165537847,208.40228817854376,,,,,,,,182.04621785930874,187.7294402667203,195.92816471398518,201.94855215669114,193.166670452759,199.71548939433723,204.51135607877316,207.42007829053927,208.95365725205312,208.48082844036378,208.58643313246534,215.54012549188408,209.51147791658295,214.33106647371616,217.15625645767045,228.04980198077817,,,,,,,,,,,,,,,215.99157883549506,,215.8686193004343,215.45265558454065,223.08939318637653,207.7360681331606,202.14337070241004,205.04479950990208,203.68586429377024,205.90340993787754,195.4503816988119,208.45338509471102,225.62989296799284,230.25203847751231,220.94372488677413,221.55391729156983,218.40045396847734,,,,199.54225653232044,212.1543708914128,209.03441820345347,201.7493088504208,198.1360128433969,195.23541576738904,189.41403834159894,192.41866077920503,193.00465904069134,,,,198.19818816914906,195.2198788585406,191.0592513280581,187.72270306998956,193.76095426806245,203.84245339108085,210.8596115013807,212.18562818834266,210.85750769758408,205.3621521904609,190.42179382997767,,,,183.74778421340162,198.60726451706537,201.2501027351306,202.78089205898277,200.49602020489883,194.38976986545558,199.29644275809034,199.10698330420985,187.02888882355816,178.52499741197147
485,2012-03-08 18:16:37+00:00,248.939228615424,249.00918151533344,239.5632850910839,233.7139988329591,242.33745218705303,240.1039338147757,239.6224890673506,240.1457527656518,244.19206958168638,243.1789865891297,234.64799593083222,,,,,206.82120122904354,200.50170064174233,196.78451905304343,203.79977021330978,200.23427780488183,188.52614741590577,186.5570961278796,187.00703862295623,183.2869681485272,188.6901874101662,180.11691649553117,186.0687116115336,186.09330800753634,182.22120390811338,,,,,,190.30572668307673,185.67999976775965,183.6482217200997,188.83422604906264,178.2635581511492,181.58772287529092,183.6752017248673,171.42067374159336,167.61784251405086,174.51137605758674,175.68082570210183,171.22641419836145,163.614559730668,174.0070717847486,,,,,201.1269511146181,205.31200373503373,214.79341499513515,210.62450360803825,215.86875078264276,200.37898550900167,197.24647928633738,196.32610136352872,202.8663196738459,201.5956627179637,193.16809069644364,184.1656566182807,184.77092057148403,186.99914120920508,191.0462966848589,185.5034043219779,179.20223648534574,197.58831001452737,197.3857916675512,191.42275166976287,187.2172196646,,,,,,214.56058923610405,206.08101738397903,212.3860453669041,218.82853305395486,228.75798367603417,229.6989148002106,226.8237884508973,218.7774006088597,217.611050012658,216.81296526630584,218.2937129508829,211.17197789233705,215.21369559950068,215.10396346325157,209.80762854884006,214.17834898609783,205.1502275718502,213.6026064312053,211.08830538135715,217.5707293080562,218.5451622732357,222.1649232385764,215.9091212401795,218.989392479938,210.85910544049483,196.19812834799637,,,,,,,,220.0824198915346,223.05594259717617,219.25601836641232,217.60172620471752,212.1512505972661,203.64089083411372,201.6702846429065,211.8870560323935,,,,196.91218938382934,196.6452328812274,197.71947099118003,197.90985139150047,201.2249036865751,192.45353957245203,196.33178100040152,197.17840926934352,197.7550381552495,183.33147682345583,,,,,210.37190682751594,214.00963645949292,211.43658501021673,199.24464640290745,199.1824579880214,204.76242541468724,200.51494157900737,193.45977390668352,193.00462886476976,196.877540519546,178.51693493128988,,,,193.13550549167206,184.53948103143597,178.34163840562786
486,2012-04-09 18:16:35+00:00,249.5159443728926,252.41427226724338,241.85557542395244,237.80797302931788,240.4440867061446,240.75853542587953,238.4195110496138,,,,,231.81702721534901,221.86832483918698,210.3462116454039,209.61605461628056,208.99922710360363,211.16887164068882,202.4570889598283,212.3407911448693,207.86357653658055,190.40460498933967,186.9446490493299,190.05571882327646,189.25052347817095,182.13478140391473,,,,,,195.92934308155333,188.25032260614145,191.18065351903755,189.29461238125677,193.47911782198247,196.03980378015845,182.61133828025862,187.0398663340581,185.26881178785274,180.91706489951991,188.33557009889049,169.04454989070626,173.05000117096853,179.73715302909028,,,,,,187.70962979498682,180.08804970047913,179.89628820357956,196.8018576973882,203.37312584896353,202.28155985173726,202.44828134834734,205.74794872441734,206.66773298299768,195.37434320421727,195.88971575778882,201.6527700096164,204.0271576587079,189.21539387681563,187.26222566729933,188.47178782694473,179.6229085639908,183.3918526409764,,,,,,,,,218.95978027972725,218.51721916623674,216.96418165589228,223.90025889967603,222.21494259137313,225.10481919765613,220.29047275276062,231.2897938901877,227.50706514782897,223.41985734004305,215.42695326845882,210.5662579638494,212.44443329362258,198.79686309685826,208.82135423663658,211.84221347927806,217.73512858406127,209.69833502025404,219.2159613588988,201.94484842710835,,,,,,,,,,,,,206.65567478632212,216.5887064170028,234.2822626668546,235.7282982976419,229.34044968798594,224.39787191170433,214.8882938371254,217.35287823020613,218.35150319886708,196.0050000361968,,,,204.33394948294762,197.93058237774466,195.1817949016035,196.1427534535518,192.75384373186216,194.01750952359606,195.21597466521706,189.56385595860706,189.26520966806913,,,,194.55159866181543,197.75789064981754,205.65207842102126,209.26388062075037,214.44314794983774,217.44617903432174,203.08151612500689,196.3777253900356,198.53270770735224,202.49277237593773,193.65737633343315,,,,,196.87801856242197,196.38603423936993,198.65657635037326,194.3363256248865,179.58628714555527,178.98079771612822
487,2012-04-16 18:22:47+00:00,,,,,,,,,,,,,,,,,,,,,,,,,,,,,,,,,,,,,,,,,,,,,,,,,,,,,,,,,,,,,,,,,,,,,,,,,,,,,,,,,,,,,,,,,,,,,,,,,,,,,,,,,,,,,,,,,,,,,,,,,,,,,,,,,,,,,,210.40187589487454,214.30059791914277,217.77046813883607,222.08371107354864,226.1296570235933,,,,,,,213.96071075588452,221.5894528358729,223.45781145962758,226.57697609599205,217.8673503774309,221.3645629582728,211.13150434557934,198.7750510221765,
488,2012-05-11 18:17:14+00:00,256.0853367383851,258.45891512179657,246.77418949527333,247.20198424920653,246.7947796129235,247.972295632311,243.8602702789197,250.61908199250144,249.0601090945637,247.77455403186852,242.43868827097805,,,216.25041587358064,213.39878977760512,214.3510905937856,211.05741701702638,207.91460320238332,219.23738849410518,209.84089112563194,201.67736946562542,198.18912085376434,199.81726099444364,198.36419153214274,201.32712736197004,189.68745978888603,193.5505832835946,198.97037942050974,,,,,207.27794167466595,205.54187147660295,203.14168987574988,199.5917160990001,196.65604390765841,192.1511408719198,194.29900618491737,192.48599028382833,194.24155245437834,175.72741895303395,178.81602709013038,183.67030069021533,180.6174240678602,179.94951850691803,179.89151728031965,177.1250891439861,,,,186.03882314228682,208.71429182466198,210.69733264424718,212.8076348631189,214.8703266863984,215.63998132620299,212.5797834907738,204.8708996033437,202.4713512206309,214.988865028419,218.73994751553352,198.79692656406655,189.7972545026271,188.97724363109108,186.88599415766126,191.7861877621264,191.0202168180909,195.55482487695622,211.50177440631498,214.64054632208484,217.75495826203195,,,,,,228.89835904082616,239.86731183168797,235.18506470636834,228.89302217424728,229.680100366157,237.7052991705118,235.06565174129724,232.794226345985,227.36935431078842,224.04830512191444,229.59398534266722,222.21872099225163,236.4434580492682,233.4025654318269,228.12174336835247,224.04124694539456,231.35592081658527,217.10255405068605,222.77140264110565,220.66817557743798,234.0963898917728,234.74622198242176,228.93993026487172,227.79242154741917,223.47292474249608,226.0003736003849,213.01498337001408,,,,,,,237.90773067380874,235.48299730724233,229.31197455639762,213.76057945414288,230.4277051654959,229.34724713058142,218.22879616316675,211.40267560679146,215.5056215049844,,,199.70752839851357,196.1605879353251,190.69498658442106,189.73425160558975,196.441326848879,202.86451885605098,191.21096871305375,191.08019090812792,192.29081832611737,191.50777099304463,191.34561730711377,,,210.6477337439244,214.69270039018983,219.44724497869223,221.99690662807836,213.95640619602062,202.1748464376027,205.4789512862672,208.52639322220142,198.52142313992863,192.45726479239062,193.9676555458706,197.75141433284676,,,,210.35915006882982,202.6931210447042,190.68403091231755,182.95587431950233
489,2012-05-27 18:17:04+00:00,,,248.60846635333087,245.54481798648294,246.9686248453645,247.63500873990017,241.2256650038636,247.8763522084131,250.0429652652228,248.74154591827858,246.69394083704645,238.31149019100064,227.90579090612408,217.50523094120516,213.56160130607873,,,,,210.70450570402585,201.94734539151563,192.64790251075448,194.14507547360557,195.19789763309038,198.62052890777392,194.929650914077,201.1011838586051,203.48869340819795,210.76281523067735,218.44293754560368,212.49776224916002,203.19594201128433,201.9026807406675,191.5496798886851,,,,,196.90837563760786,197.3234718035146,203.49138175064303,181.69937470661546,183.18644071660248,182.35124884450198,181.16866444479058,185.21161567588013,180.7617525797512,196.12136586316666,198.81840093200313,195.11678930891048,187.5173843821663,189.1427453967534,210.06221505544636,,,,,211.85121166217235,204.69117974906078,203.51467966033067,217.78599587955057,210.5786865261087,198.58276255232647,195.2610475900963,193.8653276329835,184.16474904272425,186.8165755276529,189.47973689963501,204.8894307278067,220.8341668407451,217.05983357563633,219.56976101168772,215.33404078863407,226.5750047420629,219.8046814148667,231.12234834371156,232.25909352676527,235.1361449624756,227.36824007064968,,,,233.67775720209377,234.38820036613734,231.43543591068453,222.1883380762772,229.08894656936067,227.66864718938788,228.03592712197752,231.36947409500215,232.4879083570516,224.73903180130364,228.11257488141825,226.79874884167276,216.5620411361636,221.76182411898972,219.35433155322903,233.81661305748506,230.4000854639638,229.4452189903291,224.57438037324346,221.01858632167534,221.1093460770075,215.10013321961875,214.20332121085264,223.52562607270528,234.62184672765085,214.25582310495165,240.83603345006372,237.82763305153594,234.80089839605975,,,226.94734661611162,228.31819664661157,226.71822649933586,217.8205241456113,217.23949055849795,223.0227015342315,220.24971777654804,205.7725825815599,204.01152508502304,,,,201.53563239215725,201.8499918582824,193.99642404168355,198.15074028220675,191.80644436945948,191.49278753381247,192.46718784853587,200.06415344676105,207.5642419444785,209.83734213402863,218.8413096153035,,,,205.40070236809572,208.78829609673716,210.38776038509684,200.53410653597214,199.52657302430717,198.89080652610116,204.17265764788056,208.3520098131758,209.74463396977956,204.16833881182652,208.94271897776866,203.31057266740936,,
490,2012-06-28 18:17:05+00:00,,,,,,,,,,,,,,,218.8125582904893,222.02460870875322,216.10990116901348,216.23588102384718,227.1959697916473,216.74262543842934,204.53532621317282,195.30737393661664,197.13688153558482,202.38103432503698,197.37226122830782,191.14957744376187,193.0796657060489,204.49438811054176,,,,,,205.85434473257305,200.20182512516803,196.7971543500749,196.08369889794847,199.822266293337,196.14607791866845,194.98722746778708,201.892861848964,183.66969233199765,178.55542712153633,181.5194222974633,179.24504950712327,171.65341284425875,168.5458282782838,,,,,191.81945763987662,208.57623587947285,206.44256083805487,208.43373323904595,209.60162919496096,214.97791636295224,202.44123708199646,198.90305218771158,199.0992138032893,207.3065626418662,205.6467616806935,198.70678566689804,185.83338939920412,192.49031323095045,186.08375983328136,197.37795112377975,193.4312999326229,,,,,,,,,,,,,,,,,,,,,,,,,,,,,,,,,,,,,,,,,,,,,,,,,,,,,,,,,,,,,,,,,,,,,,,,,,,,,,,,,,,,,
491,2012-07-21 18:23:35+00:00,,,,,,,,,,,,,,,,,,,,,,,,,,,,,,,,,,,,,,,,,,,,,,,,,,,,,,,,,,,,,,,,,,,,,,,,,,,,,,,,,,,,,,,,,,,,,,,,,,,,,,,227.5416076832645,212.00381762102472,213.29160857375837,204.2477078415591,215.50433860735814,210.66340603846425,217.94794290416593,221.8380707541131,,,,,,,227.1270910536475,226.3035209079427,222.43411962115385,210.18781717560944,205.44607176606945,191.17099654598786,,,,,,,190.05105924737433,189.1715073748323,186.88200163931137,190.36768528284722,197.36825628543988,203.61704049956808,204.86337727224347,,,,,,,,196.7340423932701,192.7972052068081,192.70400722830442,198.03558454377844,203.89141359535535,201.17858575358719,200.9947707627785,203.86255597578761,199.6418891376045,,
492,2012-07-30 18:17:28+00:00,256.11779313256807,257.61248905500446,251.36383410837243,247.8342276730673,244.86197447984497,249.28771241671686,243.10633184989007,250.53833727844807,254.2213196863683,249.69202542049877,248.18792835322148,246.3309303698885,,,,,214.50150840545385,211.9460552867181,222.67506429790745,213.92246647396522,199.18290888122658,194.1379889514762,193.43059160412776,196.11403397894026,194.76855158544805,188.73203703804822,189.86170465445986,198.52270193042835,207.05135649890946,209.2253448771794,,,,,,189.63916823726123,190.5340717866971,192.4482868833029,190.28078538718705,185.27996921293607,188.53356318876325,172.23920249838676,170.46783729238305,177.05447645166836,174.03812364997356,172.81104886835737,171.00155112787922,176.2074796399561,189.3252450553005,,,,,,200.72569891442572,205.79961638377262,207.4379844250862,200.20327924466855,194.0106457360286,195.5213943453433,203.30735260545094,209.0805991738012,198.1298104780446,185.80825180024243,191.99386967226076,184.7133490009516,184.47217395386176,188.0751378598814,200.00525632930453,202.9818295650785,214.49344645403343,205.68325832253615,212.6677610243958,211.6178729067222,,,,,,,211.6980179816085,216.67530690064194,223.4281361704915,224.3649177123632,225.73688663543336,222.793078697436,215.30608622108258,227.05252188690326,225.81527730762377,230.08360868519944,224.02219279985823,222.8109606304268,222.5772686320723,217.09489229030544,214.77304854516953,217.7920115547209,214.8084172019938,213.54949959827408,225.0687903552172,217.60064857862648,211.2587672455631,211.72035126788347,212.67398150675587,206.819583001914,211.47743282261422,202.382716655266,,,,,,214.00799721534588,211.24250806485122,203.9266146343293,205.5316598672753,215.27226820655588,223.46430101982264,224.8091079736849,222.81135873420013,220.46584360771567,,,,195.93884802677587,193.95523381448032,200.2311815805067,199.15264313797243,189.50358729477455,192.17235279215592,192.57142797108355,189.14844661759778,196.4789080459513,,,,,,222.30771245965644,213.765941675776,202.96605082921408,202.30235740308723,211.56789344172586,201.565462576602,195.43845440161996,196.73343556803337,200.3028735083403,204.99006245947686,201.16987730337678,,,,189.812997914777,181.672320115581
493,2012-08-31 18:17:50+00:00,250.07289031761286,246.6868518808714,242.20896022664846,242.14980187863603,241.16460811534824,240.17081307283684,238.26613109532343,241.9165462426488,243.01898252210208,,,,,206.3249901569095,198.8899879355032,205.53317826221547,203.74409467113287,197.86635919867078,209.84901120652137,204.40792854768068,194.0721508574905,190.67960587199968,190.75947554804034,193.82136951613023,192.8229792457556,184.35145591949487,186.3097419485664,,,,,,188.58962281485492,183.99716473657867,186.11563022674878,177.06616153596286,181.4973359052435,178.55263156786287,175.40337918669553,178.26823279735316,185.18258527989875,168.35261643157412,168.2268071523314,173.35774400720243,174.12793679176502,172.48491785811763,,,,,174.57840757479812,179.45011155629862,191.45870587683245,199.19110528018544,195.4441536931505,202.1845505045764,195.10983909665498,193.59976331694858,192.64943939399421,186.1502524066206,201.4084115950617,202.86301760826063,193.80566894700618,183.31358141113782,188.9733760745504,182.0722838082072,180.1369007129565,178.29053332144713,187.96766572083882,191.07457245714863,,,,,,,210.9397325349172,214.84959813974712,213.99882421363105,201.7407014298143,200.56469311966617,204.32259069463436,224.10015290080491,228.0412256087077,220.87303123756203,214.79442161562702,213.68963758433205,223.9234619861901,222.46930157868036,216.6362954985506,207.80526777711285,216.2761187854098,202.40409237766448,204.51448039826795,195.79008486797971,197.19755738131894,212.7192972972648,207.40572616840078,215.34023008855232,213.7874672859745,200.96429450435082,190.70059160560248,,,,,,,,208.32560363768127,220.2199811484365,212.0512168016213,204.95743133561763,205.6773153475665,213.83287695339845,220.8890677937175,223.47863737310968,223.49027582038772,,,,198.03186483651876,197.7847539995401,190.2132604434384,189.66509490455007,202.09519510797415,199.52473762166235,188.91400097469307,188.27477977697464,193.29821692375253,190.9483020327311,,,,204.80268021310582,205.4350924442256,211.7427683924546,210.3317461309705,204.026183317941,205.48449226790902,202.6882014893402,203.6837332872342,199.2822122223747,189.94336802546349,186.8168741669606,,,,,199.6851007708935,192.73530752398835,184.52245917364047,172.83472621356972
494,2012-09-07 18:24:06+00:00,,,,,,,,,,,,,,,,,,,,,,,,,,,,,,,,,,,,,,,,,,,,,,,,,,,,,,,,,,,,,,,,,,,,,,,,,,,,,,,,,,,,,,,,,,,,,,,,,,,,,,,,218.0967403426076,216.3056508349012,214.8263140425467,222.54512963729275,209.16014028769914,216.84868420167683,222.28522626298144,,,,,,,238.28184894277928,236.51806772734685,232.13088124818972,225.48926228982296,218.9102157323479,207.56532536859038,,,,,,,206.86597594115506,209.20091297527995,210.1974911078422,212.77717640892217,213.83584925757157,214.1110821202128,219.3363819839255,208.42977311710058,,,,,,,215.53383501932328,206.23392513540017,209.42296817643114,213.42587008724888,215.87338677433695,219.68290252381223,215.844341505996,215.9716088455569,207.96288551284727,,
495,2012-09-16 18:17:59+00:00,244.74315216630055,246.7252994142748,234.86524637938487,,,,,243.18304808597284,238.71204624779227,240.58230663760756,237.2064546057255,232.053897079093,214.75537976440933,206.68146433952936,204.46918913958737,207.21852288401362,201.54847397316837,197.69910377716445,212.21476065426427,203.05720066873326,193.2534271253723,,,,,175.08994004151972,176.93686562637515,183.79939976340398,194.37017602670883,189.16648135810652,186.02461138959973,182.40731419685477,186.1374091860385,185.17144104031155,184.9069741080388,180.58598215528073,179.01522657326012,179.23509407319892,170.90803871693186,170.48103677492594,,,,,169.1208257230782,167.0152164698407,166.65929148504992,168.34578166385717,171.78590913476597,168.28355326634653,171.22825365686583,183.48597705152838,196.25276023928694,196.83187423408629,193.0270549502976,196.0001913388348,194.79493275204305,188.0633080581266,185.64288774766516,182.81723688581863,,,,,,,,178.75281132995218,186.18036539199883,201.7784028951742,205.0627682604755,201.250810815178,198.34722463282282,206.8664861013363,201.43227083663265,205.69394067203365,209.35169693523795,219.92119378059473,220.50826785794624,206.8075812015697,208.0773330922271,212.18430813222693,218.98182314083027,,,,,,,,,,,,,,,,,,,195.01303488469225,205.94752309929498,201.00126657006916,205.0592633109993,201.09942526547164,208.61370655014287,205.03155292928795,202.02487650851876,211.7488718806799,218.0574186815651,213.00705934257235,206.09543110280322,194.8685525825555,,,,211.9602805156467,212.359375016465,213.0303977662599,204.12333002484746,198.27175307032056,197.14142315250788,196.66209341621382,191.31065405130914,191.4363342007917,,,,,192.38136428850595,199.81697429215666,204.4737061625616,208.5477211411072,209.44803121628328,210.23788544263556,211.65698875240525,214.18512183971166,210.459987152571,199.55937306131773,,,,,188.71682945748017,197.48211993292924,197.375054824262,201.06470762847596,194.05934353234966,203.57519241903915,198.503743210989,184.46562944484896,176.5362955339179
496,2012-09-23 18:24:15+00:00,,,,,,,,,,,,,,,,,,,,,,,,,,,,,,,,,,,,,,,,,,,,,,,,,,,,,,,,,,,,,,,,,,,,,,,,,,,,,,,,,,,,,,,,,,,,,,,,,,,,,,,,,,226.5002028635585,230.14189868523053,229.4709774983094,232.1330150376328,235.67718191023914,236.14646767365014,229.22261744590145,224.9184467736526,,,,,,236.07928619475828,239.56777903987233,225.0212154986805,217.46835510939474,215.25588310278783,213.95090754919883,201.57775531305361,,,,,,,220.4272990406259,222.57691848906126,230.3210358197748,227.56315132935185,232.9988912559004,232.75389366976998,234.42214196799037,228.31611001949653,,,,,,,,224.8210975795099,227.15606100655611,228.22350019247403,231.97673661831823,227.69600465986565,212.21891197805098,205.52375540251305
497,2012-10-02 18:18:10+00:00,254.02988838663532,250.85716794357631,242.87163690010863,238.44141014741186,238.32050022459322,241.74935045194889,241.14830578055026,248.5972582022946,,,,,215.86844843525319,208.95354637898564,202.67988744991004,211.38149975265637,207.30940363908726,197.65277007208664,211.16492998707417,202.66318506596474,189.8588585117489,185.6866765550487,185.66611107693768,189.04041360043374,189.7889068557373,182.55826271006495,184.81450498910675,,,,,178.99105378779132,179.6886227150662,187.92856184598696,187.66375450182227,181.51436655923774,180.6233977017617,177.6330327085656,172.48654864049652,178.09660715942687,182.32357549211116,169.61056674290566,169.6821967997044,177.32234051035846,177.03063392263178,174.04015344469963,,,,,172.21642449729796,177.69136839011884,197.90620026993483,200.5900723109287,195.3246287816072,198.11086040997483,195.72221462684232,192.76944706711504,190.49546838930098,189.0252218589779,197.2585579199245,205.2383331185094,191.1382955027287,183.00472067157125,187.85404955346695,177.14955469311283,175.26890973114314,180.9482976363788,183.25927092040564,,,,,,,,203.9127276570736,208.15866668098286,213.94398062026127,203.17123517232903,198.8568881274798,208.06037236424686,219.73616043043023,220.72734480686893,222.7689152868548,213.67641902455983,209.38725134477022,220.06428065897862,219.04652895222105,212.85472154033027,202.66057821602502,201.2210938969559,200.7468706134047,204.3782412834848,200.39609618972156,197.18535007254684,203.88113317250335,202.84415654405268,219.75733789875568,212.66435390881014,192.23855930175813,184.61723928323548,,,,,,,,206.4328027886295,211.80828208099643,204.89306596659864,194.59807800341807,197.26201081554632,197.2169192272393,204.95502538161685,205.23406718238112,,,,,194.27954965277164,190.19852631718467,182.0757043201673,183.6895354538369,192.36057696548005,198.7857011245809,185.66142740332396,183.73579868025803,182.86311475299374,,,,,197.3772851642522,199.76468030870117,210.64406748328827,209.41424406506422,200.87719899727995,195.4736753558863,195.68536494314424,198.43678842385745,190.34068874217658,183.33659967684065,,,,,,194.95271420836974,195.49883664075088,179.06653701956267,169.36715148566373
498,2012-10-09 18:24:22+00:00,,,,,,,,,,,,,,,,,,,,,,,,,,,,,,,,,,,,,,,,,,,,,,,,,,,,,,,,,,,,,,,,,,,,,,,,,,,,,,,,,,,,,,,,,,,,,,,,,,,,,,,236.9509915624103,233.6709054510067,229.5089018246295,232.98039725151645,237.35591218532144,223.74216502601024,228.17217578002328,231.47854107895992,231.0383295976455,226.7275639216922,,,,,,223.27626419610095,223.79109340793465,226.97527484566706,214.48005358085283,211.27499423603808,209.17015759085768,195.04323944717936,,,,,,,210.31947238036588,212.409142655028,222.29494203167368,226.35171741752373,228.8914346855982,229.82263023947564,234.92856517776198,229.64200056316716,,,,,,,208.71707099669112,215.65544290570875,222.32185844051048,221.92939811135227,224.3272807850692,229.87844901920064,220.68533002108154,211.50090655666583,197.29185382072245
499,2012-10-25 18:24:33+00:00,,,,,,,,,,,,,,,,,,,,,,,,,,,,,,,,,,,,,,,,,,,,,,,,,,,,,,,,,,,,,,,,,,,,,,,,,,,,,,,,,,,,,,,,,,,,,,,,,,,,,,,,,,,,,,,,,,,,,,,,,,,,,,,,,,,,,,,,,,,,,,,,,,,,,,,,,
500,2012-11-03 18:18:23+00:00,252.36742976292513,252.74868328577966,241.36739779970148,234.36347355043574,,,,,240.2646152223045,242.22094887193418,239.2460277178616,232.05949459631304,218.63544484817237,209.6692048571505,208.13127610247594,208.8495734340629,210.46358971266207,201.64536305020226,214.98626978782542,204.93996561149066,186.4621285257428,,,,,179.01420053155616,181.76656779957392,190.71479874142767,196.91917816993723,191.05423548243147,190.00501341981612,183.66157869631218,187.91772606991498,190.2451491359496,186.90807871801002,186.6543988326475,180.5219146297412,182.52399388937064,180.1452855216562,179.65578663114474,,,,,,170.68450652031478,168.30100410757643,176.70653696394396,178.7501770658158,176.86693567360217,179.60119616243236,183.66527921799513,198.6960028216905,204.47489583177077,207.11923374551617,206.8907367136918,204.91293363571415,200.85664780708976,194.12176152354567,196.59713560922998,,,,,,,,,192.45097420139308,204.41852629340426,214.53702009051287,204.26214136398377,205.26181304713043,209.99216741431516,208.27339332133914,214.74075273094053,211.0529571433568,220.2677960611918,211.29995446207477,203.74705710983082,206.7507606844787,212.51085304623578,223.04193363621823,,,,,,,,,,,,,,,,,,,206.78708568657743,209.31445095031194,207.6768534968985,211.5930128668052,200.39908942544156,208.19434243237876,201.19767723518032,203.01950273746706,212.91520167799146,221.80439952792267,215.01830937452843,207.54753278818757,209.25966674327407,,,,205.06049541964012,211.88733372722476,216.6736561723556,205.20725343940228,204.15752385022583,199.77799855063117,191.80867745636328,195.97915122946608,206.91525760801198,,,,,192.65687196508065,201.0254151886386,203.80438001305782,203.75336255004473,209.0160775626789,217.5002637647791,214.66516136959382,217.213968763161,216.62793980251485,205.67319233085027,,,,,190.45599414996136,201.6598607276501,207.11185832466094,204.03997580933225,201.6384854913847,207.05307190870843,206.73529289762655,195.08438466664393,184.449510020354
501,2012-11-10 18:24:37+00:00,,,,,,,,,,,,,,,,,,,,,,,,,,,,,,,,,,,,,,,,,,,,,,,,,,,,,,,,,,,,,,,,,,,,,,,,,,,,,,,,,,,,,,,,,,,,,,,,,,,,,,,,,,,,,,,,,,,,,,,,,,,,,,,,,,,,,,,,,,,,,,,,,,,,,,,,,
502,2012-11-19 18:18:31+00:00,,253.55727007118307,243.36027940367296,239.47967817304522,239.54965343703878,241.68538983312908,239.4158129074039,248.18559042258502,249.20107264814422,246.65801225992485,242.81377531416638,237.52147298673145,227.02636919039543,220.5055031725791,,,,,223.04366876113664,212.51999243787964,203.8303079394636,193.68190946539437,191.02701402690974,190.19811626139597,191.5439249067591,187.0785175938718,189.23460493045263,201.57835750658325,208.7239360662533,211.08001075565778,195.9744164077967,191.23065190905518,188.7666811158449,,,,,,184.72336305471046,180.48720194030005,187.03819320677616,171.62753751536712,170.38080097451038,179.6286478181861,175.92115215628286,177.38710366416623,176.8600725465247,184.7995061265015,190.2375741115689,180.6973921689208,182.0254907268917,187.5907191453228,,,,,,205.06517344243105,197.74589839570257,201.13676014373945,207.35198573298482,210.19424132941725,201.41861102315139,185.72910351565775,188.63810813244953,183.7947988206595,186.66537667186378,191.01477607928223,202.28573343817257,212.335265597356,218.58625120637004,208.28886378400696,215.82409058185718,220.05608242611294,217.43823385552525,222.65839728184227,224.19358375707714,220.57426326330364,,,,,224.81113001398865,226.3070250726467,224.53480636361704,221.19697578032492,223.1562401573779,232.57588276588473,227.39505365707728,226.47852515572933,217.7445466774256,218.87376856396358,213.6426731074129,205.9772397594298,211.29882456600106,212.8977842672611,214.36417703483576,219.7986201544137,224.41124064485035,223.403389136906,214.92892052813505,220.61788458639842,215.221640047095,216.71362097354336,218.0585211363475,218.554591214188,219.56844045097534,208.2484745709481,207.45959365296,219.6872824445078,,,,198.71464011172282,202.19654411022412,194.4255382554428,195.96448759182536,211.29094032654436,211.93804377812762,216.29133866546255,205.13811116641432,191.59255729809593,,,,201.8824050609466,193.61468832854746,191.95954142926496,190.70741698640228,197.3411724930637,204.3776749673641,205.91871145289508,206.6283713541998,213.56500519580436,211.2328804442462,,,,,206.04031262662645,208.7626020808936,211.56686951689616,202.2773668011568,195.22462471125914,195.94606815768074,203.42879798917562,206.40775516063633,207.36916460252664,213.0948835570791,202.22225892872976,,,
503,2012-12-21 18:18:40+00:00,261.0314353672141,264.687372880604,256.9560683445208,251.7049015915931,252.75785656615247,256.13362906786705,,,,254.42805525476132,249.6065674912214,241.44419396799807,232.23232557337437,222.06072811517146,219.90302010506986,218.721663612994,222.89303853387347,218.35705465250606,225.57551485897483,217.189026443474,205.1820181900836,199.7704979492089,193.66289393418447,,,,,,206.66793542265447,223.104856753714,207.4651527694287,198.61562900435905,194.02870324479736,196.71784531078055,197.03105397223788,197.36491227203868,193.37837257789778,197.83743348686482,192.17401051893827,191.4837130427046,196.56017900838694,181.35490648084004,,,,,,191.16927860390945,188.7932876236907,192.8191626490431,185.28438307992576,193.45131102715425,205.49012184941682,209.42906852216936,214.71979338710466,216.1223217043712,210.14963296116184,212.37472391973665,205.77218719451875,205.94060281199722,215.6040444307013,217.40858146191755,209.23822023798752,194.471099070659,199.5017277409521,,,,,,,,215.09592016066546,222.7672076882621,222.45231203496178,223.25617509346546,229.34082642963492,226.84385143098496,229.81971020966796,220.89322370196055,223.0591091382263,224.99227313875878,234.907518882359,239.73027838677524,231.86653204036872,226.45616005955054,,,,,,,,,,,,,,,,,,,219.4697596572096,220.21595806855314,232.50394787244426,213.79114213222024,230.7304818814498,233.5664891121454,233.2411204584992,228.6424235052701,232.49080356501028,231.28677395981688,228.9391113145643,211.429821127102,,,,222.65327801672206,206.4472930995134,200.74614380994,196.35162532998436,198.89941803972675,202.30428425618015,208.38092270299228,206.1838743852058,197.66493691666466,,,,201.14724609145608,203.38624113570688,211.51488682958183,216.876885690374,221.23256887148557,226.5905614098432,226.37099356398465,222.43135436044287,214.69438318337836,209.0835843633359,211.05236631170516,,,,,212.74384294265587,215.433518022833,215.27547434886515,217.04381686872824,214.34610136905948,204.39126193119628,195.7739740634828
504,2012-12-28 18:24:53+00:00,,,,,,,,,,,,,,,,,,,,,,,,,,,,,,,,,,,,,,,,,,,,,,,,,,,,,,,,,,,,,,,,,,,,,,,,,,,,,,,,,,,,,,,,,,,,,,,,,,,,,,,,,,,,,,,,,,,,,,,,,,,,,,,,,,,,,,,,,,,,,,,,,,,,,,,,,
505,2013-01-13 18:24:52+00:00,,,,,,,,,,,,,,,,,,,,,,,,,,,,,,,,,,,,,,,,,,,,,,,,,,,,,,,,,,,,,,,,,,,,,,,,,,,,,,,,,,,,,,,,,,,,,,,,,,,,,,,,,,,,,,,,,,,,,,,,,,,,,,,,,,,,,,,,,,,,,,,,,,,,,,,,,
506,2013-01-22 18:18:44+00:00,263.623036156751,259.5186745507358,251.38564728994456,248.06922811186885,246.23660931004122,,,,249.58007277936102,248.62741304574052,244.7431779654071,241.85117488862664,228.4810845355144,219.8516117569761,214.57791581993442,217.41224980903365,212.31099172813816,210.5428237652699,222.1096461714215,212.94522039463249,201.27599689297307,186.37148971931623,,,,,191.18788112943847,197.68929887648972,206.22487413505178,205.24221544990033,207.11419199130418,190.15647038252328,190.94314894708538,196.53738148585057,200.3486460740963,199.17177958290407,198.156309606585,202.70240793767843,196.540423904202,193.68468663637682,190.57697439762848,,,,,178.80584429621072,178.52847743640154,185.69709557940445,188.1069023502223,191.4910498395327,188.3191894295308,192.14997788352522,212.0411237730342,215.78761341361002,217.43410517992726,216.20941795141192,218.43345608252366,209.45569412044134,207.20684570664466,204.18827270358673,212.7659632898485,217.36900793993345,,,,,,,,206.35205348163265,210.54668572151752,201.25975082213574,202.76128634905464,218.9026953203022,218.71649006089865,216.87474130076788,219.25247387624387,213.89367831686272,227.31971273788392,221.0414741390672,230.6635519032152,235.49573367677502,240.30597626166823,236.97087828841705,231.17758177362208,,,,,,,,,,,,,,,,,,213.76903914201395,210.1801736271926,212.97470190148985,220.08445677721,225.27059643764235,210.93243589683735,223.55706665033802,233.9333214345383,241.7347533027379,232.96560515703052,235.66283947473684,233.72806005695077,230.1981476329301,,,,210.62965024924506,207.48086809215863,196.12244332182786,192.48006281169802,192.7333033188227,193.90230513523704,190.28337273251861,197.03649316717065,190.6810306637047,,,,188.92128305451172,182.2113719188746,184.86595016054991,193.30868152846432,206.8529876814047,216.14260446492725,221.25108750509818,221.29086087929335,219.66934355726193,210.77310201375803,192.58037628148026,,,,,197.8879047511285,201.28194916598295,203.2294332817116,204.123442360786,205.67397091670404,204.9171995777277,194.61916191823602,187.10568621280026
507,2013-02-14 18:24:55+00:00,,,,,,,,,,,,,,,,,,,,,,,,,,,,,,,,,,,,,,,,,,,,,,,,,,,,,,,,,,,,,,,,,,,,,,,,,,,,,,,,,,,,,,,,,,,,,,,,,,,,,,,,,,,,,,,,,,,,,,,,,,,,,,216.36593614672347,214.42540894281134,209.2292730357883,,,,,,,,,,,,208.9307920323189,212.39883362887383,210.86240447901446,,,,,,,,,217.86347580428315,202.93128897110927,196.87268322823252
508,2013-02-23 18:18:42+00:00,,,,,237.88290691400937,237.9945297177909,232.72952099007625,240.46918967309128,240.08846174847338,239.13077451094654,234.8830178813061,228.33595826785853,218.342190169706,208.81998683881727,206.97110378923216,203.0876996789621,203.9221971653664,,,,,182.9148569599872,186.15701282396384,185.9901389140149,187.4672862552454,176.48230912946414,183.0132473924506,185.10939130436745,190.54870037730282,198.92699699145894,201.2242527964735,188.70599724064857,188.55772386177668,191.67229931499656,192.20607196262128,189.5795814384255,,,,,,167.33190453488487,165.9509646062766,173.63220459825723,174.0304115160583,175.11691650343266,168.72336265131523,172.7547879457927,180.34669024456093,182.13397659764337,186.2077954226631,189.918454979545,203.63934212645785,205.51630405912005,204.95484140119373,,,,,,,,193.76452882859707,181.96238855993255,186.95751218625668,182.99659009336705,187.49844739606465,181.82656437212583,188.01718678552822,197.3769729077889,202.40519746603837,195.33141193467446,193.6679809593195,206.02563695487518,208.0953698582938,213.22643907887937,209.87840611608112,206.9401887644161,219.43664576371572,209.43158478758372,217.8891896629019,,,,222.22186751250743,214.22792957597676,208.78212491123298,223.50442287860807,209.5571049808741,219.16831227865683,217.8618596407937,214.8015068657678,209.65115985376977,207.56441609772668,211.5961077462897,211.43621725316422,212.84388097616062,213.206421777186,222.83857364075357,218.66959249692678,210.804328396072,215.26010950613403,204.52921100066862,195.34616478060622,195.4731630920722,203.09437468335648,209.3907712158061,207.85942582925367,224.85149520917696,228.5010991046385,233.5631277303713,217.97241857730046,,,,217.2635526723724,202.67535513094776,200.6211170938368,211.61190030138084,216.4283116927911,203.81941175893758,196.8538554446165,191.6552100109712,,,,,187.44496947218596,189.98575102325094,189.6353573184602,184.17467322356924,180.00219323879807,171.95370631071532,190.04751806227688,202.78743110692218,209.53895195205166,210.27943739724853,,,,,196.22765896287854,191.1891822380594,181.67931792481943,182.51615112548868,189.31720672371802,192.80569291036244,193.21325464493813,191.5133126361831,195.8984513755098,196.80775763494145,186.92713006018292,
509,2013-03-02 18:24:52+00:00,,,,,,,,,,,,,,,,,,,,,,,,,,,,,,,,,,,,,,,,,,,,,,,,,,,,,,,,,,,,,,,,,,,,,,,,,,,,,,,,,,,,,,,,,,,,,,,,,,,,,,,,,,,,,,,,,,,,,,247.07728531539118,258.92583342110026,,,,,,,,,,,209.41621224070352,206.19941915438963,197.69752884214822,,,,,,,,224.29299846204427,221.94123393391732,219.62991145349247,213.94563225547904,201.81910899841762,199.6810162606265,205.90641396341093,216.02668975208695,,,,,,
510,2013-03-11 18:18:41+00:00,249.9520897451952,253.29071464573556,238.96898836689255,235.39377839150583,235.3659896514879,237.9853275253913,235.85816809079526,236.38028922382108,,,,,217.59627682488826,208.40127109700776,205.5666330304174,200.6281824603256,201.29158892946117,199.38247883063906,212.45584984530248,201.36475101160664,189.71423670521375,185.83374267752254,185.08520686401633,190.18726050368264,189.3650746653569,,,,,,193.95591389896018,185.12984293859552,188.42269826660345,186.36458817927752,187.53771170043802,183.67980666876207,176.7319338041416,189.10299804245966,181.77666002589547,183.0476133238575,187.99180645281555,170.7839216152715,167.51380988340975,168.965449197555,175.2600373673729,,,,,185.98661910096467,187.06202859901845,190.91241509502493,197.79132727378075,203.49712246308047,197.437081112237,204.47409891950764,202.17537495374756,203.73466947723352,195.57284205808986,195.52684640602214,202.51980629023262,203.72142245219186,196.79508901370343,190.2391851768068,189.11157920704588,181.69260127193866,190.1386252131231,182.03336393743731,,,,,,,,212.24631880362574,213.00622733475976,210.85557978739985,219.44430067754536,206.6525813725084,214.9862950017271,219.04681010575246,228.2419733738941,233.2500674065863,225.25578941165594,211.60734999030694,217.1741552700835,224.10357646263205,209.95082962424408,218.00473906461184,207.62543037558947,216.03769772693593,206.5139708514297,206.93320211445587,205.62446967031235,192.35488375953656,198.04803567150847,,,,,,,,,,,,221.74435258466895,226.64189111745253,229.5697087197119,221.88247490825955,227.5393530698646,228.92866941482032,229.23345208426375,219.3622460841833,202.24909383713353,,,,197.6025622930283,190.97436417085112,184.667356704466,175.76069407123487,185.0325976705247,190.36003867272328,184.9010933175079,180.4760143248445,182.22645468389823,,,,,188.91359300850877,198.45977190047154,198.80076604084303,205.69199999833427,210.35338443151454,201.4766311158932,190.2154448096481,192.10864008594575,195.98806944081156,186.50504237276968,169.768848918652,,,,,186.7727526141013,194.31699626232756,192.9055436660509,184.5160963097661,170.51033267708607
511,2013-04-12 18:18:33+00:00,246.8344117357575,246.31439854742206,239.17867115995017,233.55556660714387,237.29403670195984,235.35737110028992,228.68279706057737,238.51411539869218,236.81195961892644,,,,,205.89491740813713,200.61817664571123,201.1935187937077,195.21494737641015,191.48768753923113,201.89650075863347,199.07538356604402,192.33520196544805,184.17160323069845,186.9580605470784,184.33794016682856,187.03033690894412,177.70302903736055,178.40493379372353,,,,,,185.79468831432916,188.73748931981396,189.96350489691588,184.0569046305121,182.14130867648134,181.96190771595792,177.34448830673924,186.0586054360479,188.48288982292755,170.608220847521,165.40763570401054,173.14840391788692,172.44469129316587,175.7794702544145,,,,,183.36992398792995,183.5982997430934,201.48771959169954,204.38359333001426,204.80231357074143,205.5107046558605,201.4044055511072,200.19806560283806,189.1520925131566,191.5865319298057,196.26395430439533,199.1168986738444,184.65711222991695,183.32530204940466,180.35746179488342,182.98005485761595,182.37795724388178,177.15147711607722,181.98629996053882,194.4313891042172,204.02340049833458,,,,,,213.56886616480546,220.03974374356727,226.87490802933337,222.81971550673512,225.3320563734756,218.8993757220215,225.15705265508257,225.73282690119106,223.97154911039848,215.8097594291487,214.67792535304426,212.7193200593867,208.44929853192758,212.0761498021748,217.4587019313357,214.66073010473244,208.80035309983305,208.44469714172644,211.5254581563542,205.45499309663563,207.130097656185,211.265107374101,215.6688886427293,216.07914764683042,200.5353245257075,209.30748965801482,198.3530125661995,,,,,,,229.40519490069306,232.7820413942014,222.22999064080082,224.76807322843015,222.40035661143781,227.95710488118306,219.46507599561573,210.25474943821092,208.98225088378194,,,,195.0224052432016,185.87823583620442,183.76734667998943,183.56229661859174,190.081186370004,187.7287933545846,179.3691518456447,174.80219093941733,179.40101891169684,169.8545301499595,,,,189.25368874544932,193.43533225055654,205.74724680905206,206.09930308307645,198.45248471093367,189.41277431653774,191.86595752805536,188.79088818182754,180.86462515534694,175.23329141647002,166.00478839303764,,,,,191.33169901272024,188.744303713023,179.39088877956584,170.00184205942463
512,2013-04-19 18:24:40+00:00,,,,,,,,,,,,,,,,,,,,,,,,,,,,,,,,,,,,,,,,,,,,,,,,,,,,,,,,,,,,,,,,,,,,,,,,,,,,,,,,,,,,,,,,,,,,,,,,,,,,,,,,,,,,,,,,,,,,,,,241.55147100739083,238.87458320864047,221.90643238052758,,,,,,,212.34200603116727,207.77856869338677,214.02360202723236,200.31758037018233,200.84341272987993,203.1494198326302,210.65093035305168,,,,,,,,221.22156221510406,210.88177855842437,203.41888688865674,199.01541313319188,205.70445159550098,207.3430782612554,211.81829768188297,211.96870086416715,,,,
513,2013-04-20 18:24:20+00:00,270.65099353837445,269.73085298370313,254.31478466748268,255.05025032415605,254.2651412125141,254.4373782402046,247.0413790901697,256.0295463896565,256.88171719668037,254.81115585469718,252.02571053194816,244.42520168409402,233.46785219691964,228.2145685615246,224.9607617039458,223.6217668023687,218.0031245443813,216.20829123315548,228.90504912420676,220.99141858701847,210.08573012486437,204.1375588653791,204.10621818042938,206.68886501569938,202.89156006279086,200.0607242606368,206.58317730972823,213.9053438629118,215.475764822889,230.2755581116564,219.50830684938234,211.95408834387217,209.6188947453432,207.1776701259441,208.03814567196895,204.80114691399126,204.374822365993,203.99121890345845,201.14383775422073,197.61217434819937,202.67149382492573,181.88883450902935,188.19442560589997,196.02587437991875,199.5454089505642,195.90778414142085,189.54444001391664,204.66294504313908,210.88064566327847,211.70020151756037,197.786219470296,207.78361189911465,223.2897970080511,217.16516030436588,220.98184051215375,222.85536176825036,219.08463738002757,217.05284660068924,212.42462183251695,206.05182634161,214.97320494082356,218.51252944373124,206.85257984570177,198.99974082721417,192.88168223182325,196.46777725070623,199.06856952709506,198.80879329110144,205.26771058079424,221.62243605392297,221.04876450226675,211.59125458041342,216.6841640918698,227.44293812092977,231.43102467505716,235.5956267623053,235.95800570327089,232.38723603752265,246.59625150386546,245.04388944233642,235.4911010460658,236.1080032410694,242.57977833908473,241.14024652588262,239.4674518896868,231.97240683770963,231.75250230024457,233.99892845950686,230.0794431140618,239.72421729306157,239.29359642234257,236.16856920870023,237.30328793887074,235.9240383232596,218.63191875979854,226.01114139329914,236.73808686569797,239.2537725473355,239.73612581389395,243.76141997944296,238.81861996807652,234.61061070878338,225.32331263768992,215.30511452579657,220.1272499822487,233.67596462493577,250.58133021951852,,257.51731644278624,252.0932663470699,261.1493324833163,247.9996215474365,245.1052874442738,235.83622113308314,243.59161708724588,240.85292774178728,232.91418397587347,220.32235766550733,225.83525877753834,226.72794749235769,218.93410532555754,211.9204839123817,206.76988830482287,199.4473144749796,200.98272073854702,204.19822270918704,205.6758673582808,196.58979641590517,195.916431658083,198.0903619995676,196.963723649919,200.81492321973155,204.08863912530364,210.35672860633068,215.43816273278082,218.0944630797546,223.94685790834342,228.83497623054987,220.28657539011235,207.40740357960743,208.85637167556067,211.14372431802542,206.21118621675086,195.4536467336664,200.34241174221435,206.63422975137024,207.60266218743237,212.63418219164322,213.73113798022717,212.41480910808906,208.08739964473182,197.5945365260511,194.1422085363271
514,2013-05-14 18:18:25+00:00,253.34871193102663,253.73542397530537,246.07784363639496,241.82637172819165,242.9906226721478,243.86773955203546,241.17349059147114,247.8806848577136,247.2716173851066,245.3246776986818,240.53717887754524,235.97507575641123,219.1889887472334,,,,210.26192979830967,203.22173792986575,212.50867885786988,206.88061675066905,194.91494530389113,186.8780418641656,190.2831659579987,193.74967493425964,197.84686160201818,188.96222916066614,193.08859960854556,199.7795595914256,210.23468432774422,200.22815948167295,196.97359268442784,,,,,191.46076216029627,186.96498104763003,188.20495303626583,182.57096423882177,182.92034753754308,185.87081051544277,168.09329128865375,166.5408065089759,174.48836158157633,174.9259891699112,179.13852769852215,178.202458361991,192.28691893072127,189.6922752514701,188.83728452579544,,,,,209.00361345398215,212.47878198751897,209.34679543226895,202.2291897829365,200.01264190522042,193.99029225535963,201.08226699301565,210.28117393987026,196.06873619171697,182.71563356403286,182.70049628628823,188.0769969501311,186.1843204674305,188.76776536898944,,224.77034090156874,210.27230267892415,,,,,,,,,,,,,,,,,,,,,,,,,,,,,,,,,,,,,,,,,,,,,,,,,,,,,,,,,,,,,,,,,,,,,,,,,,,197.53404130509796,192.48052368654652,204.04665234284755,,,,,
515,2013-05-30 18:18:18+00:00,,256.46276449785444,251.46085281113508,245.3683675655808,245.22762967665096,249.99769170951106,240.42650644346884,248.94583978486932,251.17155723659727,249.31039365915734,244.26370330226382,239.83144954307045,226.6597947179785,220.43958334686243,,,,,215.76318711145606,211.86515619204053,200.91979105507477,194.34893881435664,194.55526563988718,197.70993378917234,197.44171554020625,199.50687187650072,197.11401231867524,200.23108317076773,213.9954317729876,212.0915802690719,206.75482225627675,197.8500421030865,196.36934358673284,,,,,,,,,,,,,,177.93089538926318,193.83376605936348,197.53163307822535,191.89270178477346,186.2963775831342,182.60426096268617,,,,,,210.73264706818094,204.1602583953004,199.42011164465822,216.29438190847048,215.54563700559635,195.72766505997106,188.49940414893854,186.22151291401707,192.1695551127844,192.44385190598516,193.78150376154883,204.38443961260538,208.32490394204055,211.1675974191197,218.36260271000288,215.90518281330895,226.0267467930998,223.6632942913094,231.8419774841297,234.2412925453577,,,,,226.2378655790067,233.70374285996957,231.8859590209903,230.87704386054708,221.36001272105244,219.0767333930039,229.38440169060627,221.52201428355107,221.61135909494462,230.86509686508126,220.1132790890817,220.3813606255677,220.56379422438218,210.5779985512358,220.29598131521084,218.17267498509347,229.31832757442942,227.93673529560073,227.3734240921835,224.02939098234145,221.24680348126645,216.12334858396122,215.99712527206043,214.63742183914698,220.92778159730022,230.01904723943244,,237.59986276629917,231.21732938355368,,,,217.3947287980118,223.50795659769943,226.2144682587748,221.04154803203267,221.48380508572384,222.84481100949193,217.4333107692586,206.47344264303425,,,,196.44056396987,198.44105236439827,195.1434138903884,184.84785346524518,184.33241130269607,188.43885032949856,188.03492116971657,192.60268384083318,199.56740804334518,205.91148144768653,196.8974308634517,,,,210.20626199339014,210.2983957157042,206.55853504186706,204.01783669624038,196.3459661514857,188.7916847989202,192.1473992809186,199.20018052957005,205.32602073855662,207.9311820612714,207.95950202187063,,,,
516,2013-07-09 18:24:32+00:00,251.93831575572955,247.8740250110624,238.94154034757906,235.57661472750044,236.14110181508738,235.49035374745833,232.14703166377186,241.1825208439255,241.59214498246388,243.47483257535737,237.88154633659934,231.5335852417973,217.58930141380958,209.36572267643726,202.3080794494633,209.10642720027192,203.62400478721113,200.62910117373673,210.3860608126191,201.65653261385324,188.77918838499605,187.62643972551396,185.97025444704082,185.88949808029537,184.1454764710009,176.06883769681863,180.6248332697266,186.56493445762663,194.8097945826422,195.22476805485462,189.11428516285451,183.66893163089597,186.66974629556438,184.42744638383417,183.10408360036774,179.8309664727941,181.4766066079513,182.46659260039056,180.93216516582686,180.6101244929784,185.15062765116193,166.03300612098965,161.59755133525928,167.77058753620253,169.76376903824774,169.98755700378362,168.85245063101337,180.80749294546104,190.7732147329647,181.93615112614174,173.38914678903015,177.65225014603647,191.23075683696246,197.20316220138696,200.00787177512422,199.5844953198333,199.97188513645014,197.37812489765957,192.9215754945969,194.46929627453557,195.2201581264204,,,,,,,,,,,,,,,,,,,,,,,,,,,,,,,,,,,,,,,,,,,,,,,,,,,,,,,,,,,,,,,,,,,,,,,,,,,,,,,,,,,,,,,,,,,,
517,2013-07-17 18:17:55+00:00,251.564348608,,,,242.54226836963386,246.4619741477283,239.00869414732952,245.44661642044355,246.6924409397933,243.67752758311224,242.29510040926647,235.70956141001602,226.72151944219502,216.31030039215787,215.88018921076898,215.32213853313192,212.83590376700357,,,,,198.38700237361513,199.36706779549894,197.35038161870915,194.8155485445265,187.75921581213643,194.86262326978314,197.34695545974523,211.42272503621865,206.50143822005828,195.36287077974407,193.32089681953124,193.77647493662852,194.76274544840027,190.8862470983452,188.33375469577203,,,,,,169.68448903755223,167.96834232458215,173.924807089948,176.5048081128216,179.92518012388894,183.35039109305063,196.65840732795314,198.22990453441548,191.8788608490506,181.561449125622,186.12645732487468,200.237493552523,202.8367706977992,200.41286127334453,,,,,,,,202.21918977775886,193.30467727327613,193.47816328380884,182.2662166743297,175.28374301967972,193.50442604977928,202.44362796474667,209.127266827767,218.03721731262172,212.48986794449903,213.64322971108842,222.42608828373085,218.5214737405499,223.58632652953148,232.63139433811082,229.61652988602447,235.7835363329511,219.528916363395,215.2573766512681,,,,226.02858814868966,222.76294818800693,221.26493289739233,230.88812726826538,226.57769309896287,223.5410792282034,229.36502014263434,221.8878503275134,218.93632513500253,218.23761394409374,209.477184344915,215.728220364474,214.91968381233153,228.27400570932755,225.95181901596763,222.60391625722133,215.0888009588268,215.22339114691695,211.65698619890185,209.84792921383402,212.8194411398922,219.81597539689187,223.03457415942412,230.00254625936287,221.87774329784736,227.43788601772386,230.08707611408647,213.98083725072954,,,,224.2398334491356,225.11854388339563,216.84427896046427,216.15735626326585,212.01356501934552,202.47695459053466,200.4774756399536,199.61289689452525,,,,,191.98049342211783,192.24836587610525,194.22165938343673,195.1664944308454,199.68237087190863,203.52381112158594,209.7905699453439,206.81852475289338,210.2530236270698,215.58362976725653,,,,,208.95476538153338,204.56570294157572,190.54823785612814,195.45663519753725,203.24340923415397,204.67303071757715,210.88407179235855,205.5600840548002,204.06017041320214,201.83198932944902,,
518,2013-08-10 18:24:33+00:00,253.69877726751713,251.43694696286633,244.29860174443195,236.11500412550038,239.68768623691366,237.520943860511,235.8776477478964,245.89002427275278,245.76849194711878,244.68665977547295,238.38041976188367,235.06003473314937,222.4891411165975,215.17014560308638,210.5025707572009,215.68496287241126,207.83389910118868,202.60017183999105,214.36268666803807,208.14952435439233,197.08041226359052,190.06526788356155,189.24278316020738,188.7598907689292,193.1971925210576,185.5035640585052,185.25847800741687,191.37039886563508,200.59112645872455,199.61008990415837,196.20272349450448,185.85473824289653,189.82147457519977,184.87620198521992,191.24020120530537,186.5957645425897,188.08817619858917,187.5408537196132,184.20414206974357,182.6267466680431,189.1397927141014,170.90626377395552,167.85742271784164,175.40210439134358,,,,,,,,,,204.28936504248335,203.62373849768375,214.97145915124923,204.04377005079127,200.752929152781,196.51711642538277,211.25074041715294,202.13626733437076,200.51747614689572,194.59495213078478,188.51781875704512,193.31547602987249,187.87691318496366,180.6877867845451,195.75731405427558,202.15737833002547,201.546442159603,208.9106519636535,201.67188654073493,214.24249007052637,216.55151444179012,214.02655914937606,220.6322935189001,224.08778169588652,226.6406230971671,217.74868984160446,219.51273905825877,215.5373027905614,213.74398302273184,225.56506045458747,229.01688298063056,229.3541862567759,216.86363651970458,221.71077340965115,230.38777871944257,221.86107220691767,215.91291448077146,224.43712848656173,218.35555900102108,208.04109918838824,214.24599183382307,210.03912167817305,214.42432592120178,215.1676256094195,211.32861850610303,224.47148634081398,217.70676881562616,201.82677794637772,212.96783836695215,210.79121813704506,202.42712136806918,210.38582715746367,205.14195980576378,219.14349251446035,215.49620444242268,221.01100431949186,220.73263270671802,229.4003135483693,215.88717941407333,202.8908026681184,198.1972944255242,201.598077210094,218.18291506139602,216.10514541137167,214.00766076371133,217.184670494183,215.83350205173872,203.533438782753,204.88687400564243,205.83091662960697,197.0773087772062,198.57871070885162,209.8942658951221,205.54540321895635,190.19601311437606,193.0267019329812,190.81235102425418,186.05298857082468,193.7984013916926,201.50787813734152,209.7296949261186,209.1083178007866,208.29287377722153,215.9513137184718,218.14649807558874,208.35740709148644,202.38003917747778,203.25436022917654,205.18867665578526,197.14728007648887,193.45271437619982,197.11775992854265,197.91269783410934,204.74659164137842,205.36774865957813,203.92812386110288,201.31134837269565,205.1993046673158,192.17712854863507,177.4544964205428
519,2013-09-10 18:24:20+00:00,,,,,,,,,,,,,,,,,,,,,,,,,,,,,,,,,,,,,,,,,,,,,,,,,,,,,,,,,,,,,,,,,,,,,,,,,,,,,,,,,,,,,,,,,,,,,,,,,,,,,,,,,,,,,,,233.19361927722747,229.98632599424687,228.88432486688376,215.15569281172776,215.88548643720776,219.85361521896056,,,,,,,215.24181960264158,213.9774524346656,211.67305813151273,214.1739076797952,208.88532837469228,196.88980851078998,198.52130483460627,,,,,,,,224.87460414496553,226.51120368396755,220.04739762052708,208.79433711494778,209.79629700975283,211.5301627397193,202.98854688350139,,,,,,,,217.7267217070887,199.8390223814186,193.9091660551116
520,2013-09-19 18:18:14+00:00,249.5367102793722,248.72853277661488,242.12033736403822,235.7367478314299,234.9933014000187,,,,,240.191426363709,240.01926321732338,229.4134893364585,217.54767206897444,207.38880422370224,203.4680833147241,211.43330154739135,206.25374601925057,198.89322245280917,215.42099681567782,198.1867875511756,191.02891277204878,183.8927660654815,,,,,,183.22339796871643,191.20970283158815,195.66228581421055,182.9607099948853,176.93014078714754,184.37315144191888,187.68192135121706,192.62818720470324,186.45151570359423,183.14208574663064,185.81371682107715,178.9513462872659,183.43498708087736,182.8438177579692,,,,,,174.4017322370238,184.777628180804,186.4616982442622,175.9837699065362,170.99149084829168,182.96368473644606,195.751185513355,205.0950770056096,205.29498718205792,200.93825581410283,204.24434706455617,196.2115989836263,188.39541513716554,196.4966531305685,199.5924459511378,200.07530202318182,181.82475246782334,,,,,,,,,204.7747507580507,212.6711928129784,212.75628014109245,208.50433871053517,209.90046751711378,217.39244620717085,218.49347568814406,215.57749166103181,204.9295432125735,203.49557540568554,210.05522448584068,217.01852036046063,218.92940340776906,211.1957876210925,,,,,,,,,,,,,,,,,,,198.31348830867012,196.06979410157902,199.55240280932765,203.01164038583897,207.25602676304737,204.52707700011692,208.92812794125922,213.21357757907185,206.47864451058877,206.30530214141922,200.7511974948238,210.6859499543272,,,,213.06013124491596,209.72013288123796,196.19779614820305,198.29512515785083,198.7600924873983,196.7828285274769,194.40876333525344,199.2152441929835,201.56716442581708,,,,,194.76717383388277,199.05431205646516,199.18735284234052,200.54757781481155,205.00651027995423,205.27594715834215,210.9346033672545,206.3800603835543,196.99180684060732,196.14415965893957,,,,,,195.26668256214808,197.14367170359208,190.4825363602485,193.58331928070385,192.7375668242073,185.86949613426555,177.4753391864805
521,2013-09-26 18:24:29+00:00,,,,,,,,,,,,,,,,,,,,,,,,,,,,,,,,,,,,,,,,,,,,,,,,,,,,,,,,,,,,,,,,,,,,,,,,,,,,,,,,,,,,,,,,,,,,,,,,,225.44698498715428,237.21905418976638,234.19486751424276,234.4164695990634,226.2619130097684,233.3298080494435,235.8745541006819,216.77647480028133,213.46105459119065,220.21906213732805,225.26298946189698,221.24195919730255,224.18516571380803,227.53614660652602,229.7282319198958,,,,,,214.32416113766175,218.55291120813976,224.6197175087041,219.3331515691653,210.6118136867164,202.5936467659887,,,,,,,203.1345687124993,207.36286708250844,206.99163850785445,206.01992102783197,211.3189888149252,214.00675192090551,214.96659186270242,215.94316548567264,,,,,,,,204.02089249150924,205.88929065747914,215.40934427415868,215.8077295030348,212.59729979582428,211.60051180532756,212.35466964052117,208.2763158376397,,
522,2013-09-27 18:24:25+00:00,255.1081443140234,256.51502809793686,250.8211911282384,244.9494933651522,243.4341341008308,244.57917999274375,241.3905954163928,249.61136093869783,250.7167960785526,250.44507695402183,246.98339513711005,245.10241006290812,233.9720720492695,225.5106495467549,221.77768007568469,222.6601809830018,220.32310633824358,214.72324833169895,224.49174540405534,212.3127599382246,202.28643297730667,191.72197971885197,195.00942200889864,194.555603836402,196.40925921594192,191.55586170656585,188.85271749709773,195.43694270833183,200.90466165841957,213.42238731182692,194.72174679622952,198.32741116314662,193.74981877282303,201.3186453144518,195.4776892809372,192.80029403508428,190.54581915349308,191.04552281005283,192.07491265729675,186.9949313079553,194.52511039929774,178.42301229047553,177.52214194766736,184.6611365306568,183.76778631239281,186.9651571972153,185.37071799417404,192.76446566083177,196.59901894112883,189.7235979122186,183.0563280435107,187.38383001191306,204.81805731096998,210.93400011863503,210.44153964125405,210.717346175824,213.25603625096306,205.00556089006403,203.94872673565976,202.3557640052981,209.68708517605833,213.43085598120607,209.66832948880577,195.29592755447428,195.32572055650456,193.19582408049502,194.08564269755476,194.22457339349887,205.69612251585573,215.42885251071357,215.7946061070378,218.30500415477883,216.28861694566018,224.44663628858706,220.92225061514463,220.92286016049368,226.80542248239556,222.2926111535447,227.19650635450478,210.18518782925378,214.7955883920132,216.83357932833297,225.10484874490345,231.9848395854524,230.74820274088177,224.8546497764209,225.09765494860585,235.2754420092321,227.021964669473,220.3699864336572,227.71388261034252,223.23154430419208,212.70038954544788,219.3056705427303,220.4234060495506,221.31805404853586,215.9563090536524,222.8181865097364,226.49863964757554,222.6066959659326,217.97137580019256,218.0578544765243,212.95877614040154,211.48127136066284,216.17654707897995,219.9143914506855,226.30940681527298,219.40213745664113,224.77664885636116,225.7273067197967,234.5746140377372,221.0439513088122,220.93172462188775,218.97264795552837,212.3511700472396,211.91614176067282,208.04888808773163,210.4752004710508,216.9261528831867,211.88773460176822,202.808990690148,201.38485895996067,200.45424949983817,198.81699310116755,197.37212871500907,201.86476098891717,204.2232012823972,196.87592194466214,198.18358999316413,194.3353529762058,200.38584291124477,203.57658442702024,210.48342348356894,209.60219570465392,214.1524311536983,215.4518990257936,220.14709132337026,225.74003356115787,220.9959302521464,206.99858265735685,209.1060771057855,215.1802515126592,206.6323112419873,197.3025497597789,203.705500538809,210.75708246958337,215.93828753707828,214.3253832635503,209.36820390637473,215.73110720869553,207.92537865872873,197.12457134203288,190.29312592010507
523,2013-10-05 18:18:26+00:00,254.10059362965134,244.93240297697946,,,,239.83727814740882,236.10639402751838,242.0875243435483,245.86288693067397,239.6887364788313,237.7791490675832,229.9392766317908,221.8261774258756,216.70379000959733,212.37940827833,213.73705256305453,207.70899125441053,205.8492826507509,204.53235600546475,,,,,186.58114778695608,190.76747799900477,186.48500968818644,185.9098752339631,191.43244050427455,200.50982376788176,195.0372665690416,192.93929683745412,189.95524340170266,188.39565515098695,190.24419965425736,192.2149654909696,183.5529030144176,188.71407114874853,190.08981764433207,,,,,164.4477162033118,174.47402084365817,171.54437860281314,170.5909013733432,167.52750155489466,175.05273926823872,176.9371202721016,173.87763585047492,174.06235103489604,183.08054934115268,197.54349267050372,203.02754862808297,200.04378433597597,204.0610762814328,193.98446459541574,,,,,,,,187.46739491691739,175.25122594341693,172.02301785935947,170.56306952568997,184.3788819442863,194.8571556767431,205.28896555003126,195.47823130444786,199.79030911779378,205.18934094165812,207.97420428142533,213.8602891420047,212.16557797308224,212.1529352452061,217.88466540976606,201.41238967238814,202.10825727201927,204.95818055458696,,,,,217.4067632696,222.77631162430944,219.58969508608874,212.3901753173506,210.57460624419002,212.0545639320639,210.05366102398438,205.76829285036484,197.4829549482832,195.23381457789665,202.82627912736527,208.12162899469678,224.05477629341016,216.03260028286365,199.82395276711225,210.32747492574305,206.5219076713061,205.6979099883282,208.42297602980258,209.7572674932771,215.95276612011122,208.59692996117244,212.88294213070125,216.7377909323146,221.6626048589817,215.79368987900708,208.57732673348409,,,,203.2821951405373,208.64000739479098,215.44430268799226,206.72061031338944,200.8758412974956,191.74629676268918,199.75603501954606,195.24901066126748,182.03012367235323,,,,189.93190338469847,183.94134710721363,184.08251417436134,191.84741319939394,197.2398931999601,202.10410826660072,201.12712874905407,202.4457496097348,209.84736615156822,213.16283598329525,212.2573701866092,,,,193.33609177964172,183.49855038454726,186.9377612388398,195.445023205837,201.6776013700811,203.04826206206377,201.79881106597875,205.14121671279207,197.72896164409892,189.70795525207427,176.604782048581
524,2013-10-12 18:24:42+00:00,,,,,,,,,,,,,,,,,,,,,,,,,,,,,,,,,,,,,,,,,,,,,,,,,,,,,,,,,,,,,,,,,,,,,,,,,,,,,,,,,,,,,,,,,,,,,,,,,,,,,,,,,,,,,,,246.346743398444,246.372428106518,238.12939049987784,230.0292249019996,,,,,,,,,210.5398559892464,208.45403982028895,209.68481345565573,210.0675927546208,,,,,,,223.66139955950993,233.48866295574925,220.76691155864535,221.6213715129933,230.0115822156327,231.25206019344114,221.86985877056287,218.94347258744511,,,,,,,,223.76139805819815,220.74496293475147,221.88866011293257,216.4724071916158,208.638910978323,202.19481649566276
525,2013-10-13 18:24:25+00:00,256.41358894022295,258.86797618342416,249.63836763194237,244.43404803717334,244.0305037136327,245.9786289123008,241.2543957628261,250.76858415466683,251.308816947059,252.44223077994317,250.19084919572015,244.40696219245802,233.89602562944918,225.39103671369207,222.9412310556382,222.3938570330206,218.56114957035246,214.8900340520981,226.36439694739275,211.59700104477557,202.53225267494324,195.98821033420336,194.5879665036473,194.10381760374176,198.7306484046462,188.62956821978645,190.75855698717572,195.22693303839998,200.98561930661512,214.47886754509926,196.8092724355395,194.90761353256275,193.84260196300232,196.8861378761939,194.5783614425396,193.5659385673969,191.84512179406715,196.01243389710885,188.4780773723116,191.88249171241992,192.8845797133135,175.09360551685023,175.79260975910316,182.7514779100749,181.7724967840599,188.11289824410593,183.71827375222153,191.64040625442635,196.26310052504343,194.68809162948213,187.42531031142312,191.75490474409696,206.86578972177824,208.37111799062166,208.38441004650895,210.9556718301135,212.4907895988724,206.9156611908437,203.41543895049955,200.36509901154707,207.05684007265967,216.29233368906677,207.93181858598794,195.64069704555743,199.28520886889652,189.0077775217701,191.176696688816,210.9516237946757,213.6842314036595,225.73396585045953,219.02771346758283,221.83173851261364,216.5771562846112,228.85809302727728,226.15077289761132,224.6060137710412,226.70773047978315,225.86253437495338,226.07114835790009,221.80029946480263,216.63352326120045,220.72448318898756,226.4926702449862,229.31544889565575,230.02559045397044,225.1836437897431,227.6257176931781,235.0509705796659,231.08684159803192,228.29922989837007,231.25359168271285,221.26141704814137,217.74243149339853,225.87006758850356,214.47617810052935,218.8416324367251,218.88413100945877,226.8422544694069,225.79890108554412,226.82717288692385,224.69603281848993,215.12686787558076,219.76025949828954,210.5410310048102,214.81099608273496,221.13965828874484,227.02222661225528,228.37739781407868,228.9884575375175,233.7558222065917,233.94662348731003,219.30747241922708,219.9479503578299,210.22280068439636,212.04176401487808,223.29517310250066,213.7547347132085,212.1533548573442,215.22967004673902,214.6231773870734,205.0274204418559,205.05298152648714,205.93906728391372,195.54227017310552,199.21760921144028,208.9714337125631,205.20040752527078,194.42776190464747,198.53274291822584,203.34391325270227,200.15564177933135,205.9242226183402,212.12275456547763,213.5043266765429,214.82314304622886,218.56639160548337,224.94483666602252,,,,,,,,,,,,,,,,
526,2013-10-21 18:18:36+00:00,253.02635433926005,,,,,238.225369121913,242.7047610174628,243.3714114167186,250.0721516751101,246.8508162394569,239.3996419971609,238.92599386604942,222.28295264466402,214.6625153561894,214.27352699642836,216.91803639112288,207.64097369038268,208.88554978018942,,,,,187.28176802908837,193.36152935892628,190.03396890112663,179.80449733840035,178.40071777134312,182.56015663685304,196.09289935928214,199.41933766466337,194.9085145113828,189.96672403124632,191.0701678243177,190.5457389486183,196.5838593059421,191.17965082841687,192.58389089788363,,,,,171.9267034673547,169.96391252943477,175.81024929268423,170.72748916163147,174.1781018404978,182.5842783049873,188.06708604414007,191.91905132857474,181.37695926371566,180.46243095560925,182.65158817705833,198.250471898721,206.18336117462852,203.78657216160576,210.67986938563666,208.52734221665628,,,,,,,,194.47429601594956,190.64566797999385,185.64019312765012,191.43550179713836,200.53671901551343,205.9698363988081,212.17125470158064,206.5865367879074,208.42270579483804,209.08508245077002,214.03822028383087,212.08693249361772,219.57870414563098,216.26919272848144,213.78118992805696,200.59109633389915,212.47181467443562,,,,,217.80781349307824,215.14588617435092,226.00464510380576,225.02295803042512,219.11539589972446,205.64531493082595,215.80773286704252,205.351701174188,207.27409610073374,210.70771208994614,207.0262776339414,214.4285781132207,210.9284675356596,225.39313580861483,217.77298139160393,205.93106253399745,205.05260785646806,206.63494691096702,200.1849671293756,206.87741514796113,202.86283306063999,215.63905309160054,208.50016307656122,211.94097273731998,219.46176873790904,228.40121115919942,218.55541800801575,,,,217.64724952747792,211.0016857494999,210.48965841530566,211.36403491839144,221.91205198526066,210.71433422412903,206.00662335649528,204.14100084557379,201.67069629946604,,,,191.84042821114144,191.43281818901656,193.25253918368892,192.09611991450453,194.98490708116074,212.78037062146694,210.5601310273988,215.73359933834828,217.32306934481363,219.47100435066756,219.21283335745466,,,,,198.59068345368343,187.95565578307054,193.43964753884183,200.07872808310455,203.06034103633593,205.9233100539991,199.32756869567956,205.5889114206507,203.53937112668308,192.64874923528336,
527,2013-10-29 18:24:16+00:00,257.55059764397106,259.1745191440322,250.61416288239155,246.5424035648032,245.71178295295456,250.66770107129503,242.87071595080528,252.03997882409948,252.27508136641393,252.86497350108658,248.94879759980864,245.47046504591,235.55893589055626,225.4576108018648,223.73707135956317,224.76644418620728,219.14949306890043,217.33286141071665,227.00595976528848,214.0558829819393,200.73800386453178,196.88477929393662,195.58307508916823,197.1592230461076,197.20823899393406,192.24629775737617,192.97551455380264,198.54535670748152,201.67200358195583,219.5761058094297,199.8234918818276,194.8971940240562,195.04827346360446,197.2615741171752,195.00632261120745,194.0875785216856,194.41079626950201,192.7985234268533,194.62126763617837,188.47859966548427,193.96219854474583,175.49692515575464,180.23453654955495,184.81284357230746,186.27392541691893,189.5478152619772,190.85313217807155,197.67349962021103,198.51855483538537,195.06047748995994,191.99683699817456,190.63096578974364,209.30689326126844,214.01138695994638,215.530507373097,212.26915583018615,213.35721528960593,209.06161319845782,202.2182781228422,201.87190660299922,211.90746687055866,213.02041308827748,207.18519538772176,198.87227656172183,200.1187092277632,194.23680766361764,192.08731688420585,199.37237686911826,204.80261609298407,214.23789227980635,219.89694106374657,214.36133822397858,217.78523628898523,229.2877904161776,221.15218512470022,224.44984881844078,222.60921957096943,227.73420358021198,226.6612757095667,219.8321651171143,217.28980457762322,219.2740806114631,229.86571135145616,228.52555610661392,231.81829467619306,225.1788539170916,230.6013946515132,232.72399469166785,231.2140542355649,233.0486963933761,230.2482142510417,222.1232498995581,218.12948979629547,224.94727059615695,214.20989098525547,217.7057951317316,218.1283697317685,223.24687161157132,227.58079717680553,223.89961810905578,221.79976327886183,223.37314633872072,223.77262720523711,210.4777851811693,216.5208493152979,222.0750106275347,227.89339101277307,231.0515942381267,225.0776066551225,231.61519922675814,231.2293318204304,223.02231582022014,225.63674755236525,222.5232249208968,216.70133031748665,217.99517341635178,210.96710927279486,213.79706316017527,214.91328117752803,207.3048110238591,206.1321123989463,204.66796416326554,203.48592889625473,195.82250883875588,198.5036385840206,209.95957315891792,202.93922713265533,199.3747734285626,201.10854647528166,201.23656619489003,206.0400858809201,203.97500261592467,209.69416493258677,212.24330231540037,217.18367623024122,218.695292470749,227.91132659116158,229.44563503530884,220.8162791336605,213.5996977590223,213.164037136092,218.89802151318486,214.51898063861887,206.82869929511975,207.31248571703867,214.3929507740974,217.4705609658737,219.5359309086717,218.29866793660602,217.63314982857798,213.43538140728413,201.08270666012783,193.34442597327597
528,2013-11-06 18:18:41+00:00,253.16351208098413,253.046199893195,240.60453694987888,249.5283050790094,245.31397023167935,244.5461554631298,237.22687960453305,246.83262908395278,248.01363719299766,242.2619663341436,,,,217.49867801525363,212.01032766697682,211.99084999503881,203.7867882007516,198.57007334717838,214.7544770279224,206.42981259373576,200.97582093314506,191.1453115403615,194.2085753296368,197.89993104531,194.68973272957243,187.99847239405486,186.64454647950697,,,,,,197.3015732152026,196.2547856048283,197.87244969413914,187.11508082767438,191.5337980653754,190.2736076086279,188.01460771686288,189.44399239443152,193.9049487019638,177.97650516257877,168.09959020825926,179.55203048270005,172.8360033163018,181.35051351924523,185.3574343212578,,,,,185.09720096380704,202.4078282814531,208.6622027276125,205.4457407107871,212.74962070886465,203.27342342527487,197.29942759652997,198.76400000522352,202.35046929956104,205.54863765757472,205.61741885953265,195.15134913143493,187.8516874774572,194.70247987528433,189.75547107991576,186.0169638305208,190.77331041614275,201.14326987952,203.0388384096212,209.19828416935076,,,,,,,213.7967992055058,215.88011954789215,200.8223061989275,205.47988468209337,211.25815312470337,222.39470247621318,225.90343292786497,227.28421558002174,220.5615251468543,215.14615588031057,235.00037100791621,228.1095652975796,220.8927099494088,214.3372618444863,205.76627828320204,211.15045498646927,210.90248296982074,210.8546846168864,208.8328419462935,214.88217174263895,209.2587734585975,224.75195567479412,215.9803314321415,199.5719406129118,205.96192252990932,198.38025360264504,,,,,,,,228.7667186117327,218.26011154276443,211.83697093309516,205.8364879796204,219.85323823496552,219.79697348416056,206.2537807632562,213.6975414090365,,,,199.14317531353646,201.12039185086337,195.68064642884605,199.38518488330632,200.00625153609346,203.67913868908772,186.10037565809282,194.82264626097074,193.77733587014055,194.61327224990268,,,,,214.93676774030018,212.66821265138483,212.13816916017595,209.4089559599478,195.03565033801206,200.66394750915998,199.9954556279876,192.21177029526905,184.85200991678005,186.48388657952154,,,,,193.17350149887721,190.43604087036584,179.93470742496157,171.66426669337812
529,2013-11-13 18:24:54+00:00,,,,,,,,,,,,,,,,,,,,,,,,,,,,,,,,,,,,,,,,,,,,,,,,,,,,,,,,,,,,,,,,,,,,,,,,,,,,,,,,,,,,,,,,,,,,,,,,,,,,,,,,229.12170323724095,235.9612133808247,229.363854066734,248.19159136026894,,243.41973612023952,,,,,,,244.99260381891435,235.9963381977907,235.73347624029242,236.60107999894421,235.1082866431306,223.41734224361625,,,,,,,218.4676128712418,214.06359061693098,218.3098755146337,217.43028884209576,218.69393747661667,218.34009595205163,229.00183939061165,216.09782512993337,,,,,,,229.57627796784016,222.91027611879898,217.7111994055275,218.51084485980755,226.90855157277116,226.6236520600355,227.68340101210666,225.71423649315557,223.22314293525983,,,
530,2013-11-14 18:24:15+00:00,255.63392627633937,258.4334586469696,250.21902822053698,246.3041945824388,244.82099697759514,249.18178676716673,242.06796711621942,252.47529859899674,253.62597025575957,252.90777482839943,249.94295292444824,246.09577180763995,234.91221295773028,226.98982352638706,222.68951386975317,223.50367689006822,217.74836231353436,216.03992139421558,223.93863480741797,213.225640249881,203.46762985217134,197.70574533028616,199.42512783196878,200.10320300721747,200.87602634519178,194.11153336090018,194.92247652251714,197.99595027886176,206.30480609331198,215.4509594339466,201.2230314355405,200.04281684220706,198.76175604931902,202.21825415229875,199.7229223247381,197.8545438834893,193.5717605385458,196.13462928809255,194.627255604939,190.52113604203734,195.83400003676104,181.98849924583197,186.79768826166548,191.21657347824532,188.79267546585214,189.19251778605587,188.19152303169164,191.9243354154794,196.0601052779012,189.99735071456587,189.88994465436488,192.7290130163166,209.898459803866,214.54380393811704,214.3606183463418,212.94460855540967,215.85461092859464,209.35202293880496,205.1393792437775,201.05359197396982,214.14022831424268,220.58342460166017,211.13720627730362,200.30202598219375,201.82071280697764,197.90321371732495,203.05143183715995,206.2380492234719,205.10451217258873,221.61413844041067,220.26913275370254,219.12428924314298,216.31960843967886,226.29372662725024,221.14109681548797,217.86806035306648,223.50105960893325,223.2999601026395,224.82837133228824,213.39969954031784,213.96478294120988,219.33558135205266,227.0785744755296,230.22484965775098,230.93044800503407,226.80683546726976,227.49893918360118,235.2005708351835,230.9384110229976,229.31080377463823,229.90446292868123,219.82152789009785,210.89602073041442,222.1563267759681,216.8532909039563,213.60122955550014,218.30127577572694,223.01146664917104,225.84708044584417,222.08725927874139,222.32640356697985,215.74713322805852,216.65174992748,210.149344571735,217.49799683678137,221.91313974605237,225.57665227010776,228.149011907256,224.145974005646,228.87244527855376,231.6355437954935,225.13330106755387,231.4086831384431,227.68706102719847,229.14305927690953,221.2595360493943,209.5578541178758,211.26474742220557,220.27367980520367,222.64146774464723,215.93438556981988,208.02971069796206,203.03138135154884,200.2503931634258,204.4136395635826,209.00840328700014,207.40346362642526,198.0992674216101,198.78486133229032,206.07097046228034,206.48489321002447,204.46476001274115,210.88842329057883,217.91410689604965,221.14804318247843,224.23278623292828,226.28332539932563,229.17688080785052,223.01382438777813,213.31844169849435,215.09162371781952,218.23120159464776,212.86025179479333,208.58237790901097,207.25581983658049,215.750390411129,216.41963275111772,218.38930770495807,215.81999852595064,218.23807968272325,214.7356734765849,199.55729268971504,194.69189795510158
531,2013-12-15 18:25:03+00:00,,,,,,,,,,,,,,,,,,,,,,,,,,,,,,,,,,,,,,,,,,,,,,,,,,,,,,,,,,,,,,,,,,,,,,,,,,,,,,,,,,,,,,,,,,,,,,,,,,,,,,,,,,,,,,,,,,,,,,,,,,,,,,,,,,,,,,,,,,,,,,,,,,,,,,,,,
532,2013-12-24 18:18:56+00:00,255.96769361848868,256.4721458355585,251.48216512231093,241.10281638537174,243.59849215900584,243.44262758292064,,,,,244.88925623523858,240.8916274178584,230.01759502238212,221.82449723585563,215.9202378829205,217.20819263143352,211.62137808258967,207.38153288196463,218.00929706057713,209.62677695923043,200.25311762168093,196.90964410888444,194.974591665729,186.87528359928353,,,,,203.69924632308283,214.34582743764204,195.0724054808444,191.04564267316752,190.0766645275438,191.36441656930393,192.19140012876457,191.47041113888235,195.59879168391413,197.57356828032923,193.36276501891768,189.20446874116283,193.91714972029325,178.8927525475939,179.3027550062514,,,,,183.93534947529258,189.8450337858929,180.53143595927105,183.85298146176387,182.00674392126803,202.68574294002303,207.53303583983916,212.11864290269673,211.4822527661206,213.12865658967218,212.71565286382037,205.28352679755164,201.65784845491703,216.16992899915232,223.54897359583134,203.21339981166147,196.74618992178304,197.26211679219836,,,,,,,,,223.593061042361,215.06093410435798,217.85253561228885,219.3391428237469,222.40391909624236,219.42141383838108,213.50622693356863,221.19897375929818,222.30292424025475,233.49157569964729,232.33332214376085,231.8830032299354,223.0995991341116,,,,,,,,,,,,,,,,,,,,217.65494474583505,224.87700413802355,214.10118876482062,221.15461600081136,228.62004132431773,230.36772210717805,226.2081907057459,231.77504347897718,224.55697188815313,227.14639575378624,217.9819632879026,,,,219.32450052845303,203.73181236175097,199.6266306401793,198.20605572845238,200.02950426040033,204.30550042543393,210.04654394195745,210.73903700645948,203.70636750271726,,,,,201.10809430545032,207.90138716583542,215.117728499714,216.89233442816754,222.75009782849415,226.61725497279258,220.9869603307621,208.29185653806115,212.04375019168634,212.3748893075238,,,,,211.71646864532585,211.63601203619478,212.68643581238558,210.49973187832526,207.16133776407634,201.69237342233419,195.3992938060572
533,2013-12-31 18:25:10+00:00,,,,,,,,,,,,,,,,,,,,,,,,,,,,,,,,,,,,,,,,,,,,,,,,,,,,,,,,,,,,,,,,,,,,,,,,,,,,,,,,,,,,,,,,,,,,,,,,,,,,,,,,,,,,,,,,,,,,221.74393155868728,215.5730344098904,,,,,,,,,,,196.69181540331408,195.95124647941074,201.9901151685989,,,,,,,,226.90284708809648,218.95262396210887,210.77580677142032,207.92600387952058,205.8919651122256,201.5480877058158,191.83185102965462,193.74399396054497,,,,,,,,193.10862070850925
534,2014-01-01 18:23:56+00:00,249.71355238594822,250.73987739541542,245.08961644732523,235.9870302531741,236.21894926348716,240.654214817409,235.1016868312735,246.44494677892544,244.17004290000554,245.52858794506886,239.7649091897411,237.86591870940742,218.95886045634876,211.65062067740448,207.3990042051556,209.32868420007316,202.37814141647613,201.56413860407454,209.0955825153054,202.28794840765767,190.7361604888415,196.60290562425385,189.25655871490568,193.15420701582062,190.9093587823032,181.95552098025175,183.9179058214249,188.28834460879776,194.68074304888594,197.90690281002105,191.0881804702396,188.5338362320467,182.79007477471686,186.95654408654264,192.451623903511,185.77732356077323,188.0065953973967,183.38947795764028,180.1600907660841,178.96209910598586,186.40401364638495,170.8721116676753,168.38149414225677,175.62162180395234,174.74557776356176,177.0783362145062,167.06750016027786,175.65338225221012,182.04293251370615,179.5101936939663,178.2652116739494,180.58751293826526,195.65761692509813,204.4192410431011,209.4917951437738,211.2920670764716,207.6946990826304,209.20666814656445,199.8121852850075,202.36724702174422,210.17435779952206,217.10442163527983,207.65194740016457,194.8615842812726,195.73840693668427,193.90617214832582,190.581322685077,193.97425514205156,199.2356942030295,199.60537858695756,208.17705470276238,197.99973600220372,198.78701824882765,204.76435750575658,200.7988640674908,209.360238862043,211.24267498529468,210.6715829928257,210.62992621704183,199.00188592021954,206.47775282991995,211.2299276808946,220.20469880786584,218.56051758323457,218.10992368657858,216.31974894270945,223.0690883951412,233.07612425905828,228.95241250922248,219.90015711109163,207.03812957211204,213.76585400401746,205.77269266737255,214.85912516845454,209.83532817178494,202.20621277761637,213.6262529892317,215.46123925977602,224.37290618961558,216.45214150817418,204.9974241468525,208.6868659656543,208.21301696342596,198.3396252411901,197.8696886534483,209.93953568515184,204.94549801768636,204.78103089546408,212.7005560424767,213.02255152458125,222.91795115612285,218.4433947134538,223.38586163764987,218.89949522845632,225.18869970222448,213.82904438975743,204.68979109631312,206.9556457113052,214.7282558808377,212.7294613915107,203.30081761072293,198.87536918486543,197.00815932486512,193.14858056578632,193.78135587654847,196.4617460056934,193.61085119552598,192.58802814103052,193.39213544613642,192.09065389699953,191.55031187726019,193.2750866515257,191.4505422219783,199.54872343120022,203.4876079471295,209.87834642578412,207.48038273828487,212.90307851259857,205.58230441775268,195.58402378643302,198.54154374704916,197.58527216749513,192.33144984266556,185.285083195928,182.89543145825115,194.03656818286157,197.4973480418853,198.96511303181774,195.7828306779648,198.8259450225214,196.96629941062884,185.3719981888612,176.82065371890613
535,2014-01-17 18:23:41+00:00,252.93329765795005,256.3812286504265,250.93324704977064,240.53219458595487,244.40441442743446,239.878534437432,242.84630028544493,245.42015974828914,250.16407043868196,247.52284010799673,243.8005871015351,234.37899014807095,220.46814150386217,214.00411369135256,217.12334743262647,216.10561238010803,216.10492985946078,202.4033760720793,214.93528448419272,205.93097924234706,197.70141340272164,196.70522921314387,195.77294235628565,193.06192238547413,194.37302155605857,181.86252115004095,189.30196409166876,184.96974173733378,196.706956411772,200.13760694832047,198.71493177800033,190.37851552344495,187.4386017854236,190.50921427377452,193.13552017454626,191.5112743653799,190.89693857783044,193.9780419372412,190.21003190542194,184.93808224309208,188.97801201586134,174.00443639462065,174.98937636743773,182.0599822311529,177.9577187473286,186.53023430749207,180.79874657371818,184.80053019601513,187.9485635826959,185.6042032808288,180.59298211932355,188.86377914552725,203.8867810546011,211.28659574354356,210.52278413582408,215.19814602519392,208.7736011178527,210.92151536494427,201.02236724086362,202.9380813300867,222.8593711132287,219.01884455133518,207.61857836166024,197.27363775742617,198.79589585486693,193.6284864039252,195.10423896327748,200.99925701539098,201.29912757756404,208.08352687058974,215.15761255992516,207.06914741929003,207.21401910944047,213.18421223515313,205.22344751305053,208.92147313143096,209.83332800466994,214.2779463474198,217.44118294714895,202.48405493812797,213.19787222953974,221.22551191616816,231.85293969905496,234.41818777638403,231.79122037073964,224.09832503879556,224.1283761599427,233.42699526200218,230.11513751019052,221.2032783497508,221.76408695597547,217.5447947983671,209.89951110525945,208.85210975519146,214.81778151831472,210.32328168717484,214.4763788681472,212.3919812625357,224.78562135472515,219.8090567676564,216.1903227987084,214.68845693413454,219.01110864655004,206.08503765172793,212.35837109580535,217.95426055953942,216.3519909143072,212.66067568288958,218.40196120962133,233.05216959930766,234.71258350361052,233.3348092596446,234.1027676316387,227.8979569306635,221.2564466391335,216.9079622428061,207.34619947655202,206.4832210674412,212.70687947832965,212.1170129056382,204.2109948929562,200.91953814539642,197.61838495797508,194.67784762097156,191.4971350111594,201.63302948093857,200.9540614181384,191.11775459787413,193.22097885650243,198.55317971086743,192.93094031630557,195.40255318631853,197.92667339493994,206.53916588087037,209.97887242173186,217.455339402912,217.3658689737798,216.3192554434402,215.2736508867709,202.058218766222,202.30170242242815,205.05079141305956,198.88498346199248,190.58335468881734,188.53262560934343,205.84455066581316,207.54259006460958,201.04393414064666,199.66118304319554,199.14922366515324,202.67682260348877,191.0325203115982,186.58143219069666
536,2014-01-25 18:19:20+00:00,267.0300190299305,268.07338278281526,259.1704257554252,259.34168697844905,258.0859992200791,256.7123697271622,252.0345516547572,259.732912099484,262.6153896215121,257.54436393405706,251.77666808602424,243.94892486182982,234.91185951297518,218.96983246069848,,,,219.0504023326825,230.18728469414629,221.50108072407932,208.43439185005104,203.7788235701214,197.70608128274313,202.4331907674968,200.1026122096092,181.4569616396516,,,,200.6481892710411,195.36838157347694,199.02412221581307,,,,,200.22915589659453,204.7347035215344,194.1641360994302,190.52042254135898,193.99585953888428,176.41913121151913,173.8017526334438,185.95807996455875,194.84905516387607,188.6407530339079,185.75573595497139,191.746290169565,194.86064634088208,199.27092918930677,193.4775651888105,,,,,,218.27426713804877,220.18573626862013,213.5279170949342,211.5213877557536,224.623615962654,229.3554005503927,206.71059381075338,195.659449681114,197.67888939612072,191.53753348373345,206.75624202458565,203.04949905909382,202.41461864778154,208.3637765480017,216.36240086949886,211.97949209927808,212.88762928593036,228.36800853214854,229.98308697112856,222.0286263210922,218.33741665744867,,,,,233.035928045735,237.60455083112402,239.8697751683256,231.74824194395308,228.08106124581394,229.50829549136418,233.78862571200906,230.270795078501,238.6758296548741,232.91608421383324,221.27142050428395,230.83610823585715,225.22939402196567,216.96848369633437,222.36029330290245,226.56376069035213,234.58974798562207,233.92056039566936,231.8623885744984,231.19487018128518,225.6676591573369,222.59618294844074,218.32278393896854,219.56264807280098,224.9877891458726,237.69916803952262,,239.8816759901361,228.72961814256016,,,,231.00027315142444,231.29109246232528,217.3125281454405,206.57101552136965,207.3194631156969,214.68713083300133,213.78689731945758,203.40613116888707,,,,196.38972335658403,204.64881464369003,204.09566967405846,195.6031179868745,199.4728084228293,202.88954071859146,198.36209603429182,196.8961677304376,200.31177293993397,205.06638373482366,,,,,222.51187533488576,211.66125128222745,212.49420080770233,212.42736507988678,211.62094501874662,207.58948841845603,206.10243845067254,212.50750231838205,215.41222324805523,216.5904725745384,217.31139303453182,,,,
537,2014-02-18 18:23:22+00:00,251.3938451289479,251.33318306919043,241.25936538671544,236.60487078348714,238.75267556056377,238.82803129674278,235.38150916897843,242.43625467844072,242.78923506188386,242.91083393285044,240.770014960251,232.66615064189295,222.48181495321856,215.16649208461715,210.68045049043144,209.77804490236008,206.52818415267345,193.02735871024575,213.86775410398906,203.56767194113712,195.06725877842322,187.5586971687427,186.0433644620157,183.97299861821003,193.43053311389536,181.09906875200718,184.04726731400348,188.3387678232998,193.14689163164064,196.15523316912103,196.70230172272653,186.9879738016581,186.6944278721294,183.5252695508313,189.61982265464735,183.01062772124206,181.25898244766148,186.28848170195027,184.74710871090502,181.0714437449558,187.86826559739336,167.22599239014457,167.41734512541024,173.97846925152345,176.6747038423614,177.2653776461439,168.3855889749963,178.46383832958327,171.16888515822757,174.14261111139393,179.67272695624956,182.50941159051746,196.72108465322847,208.34611344608066,207.25006158248297,212.63686692069325,211.34584895829218,204.29661643212137,199.95559041866733,201.6408981068902,209.51598095147278,209.13501107856064,189.38207538838572,189.3765799647495,188.52157210061256,186.20280708000007,185.8494720134841,183.86696124486298,187.27532561604704,193.2983330357909,200.96616787004697,201.50162507332132,202.0490520252924,215.56931710172495,207.21927220276697,214.36510571256616,207.78385898951592,206.70978069217307,214.2996343505223,204.74375132752226,213.77125022695046,224.81503879671192,231.1683727257001,233.82258706714765,232.32104281304726,,,,,,,,,,,,,,,,,224.89964600613092,,,,,,,,,,,,,,,,,,,,,,,,,,,,,,,,,199.5679534678045,207.34683859677463,213.78261770668428,206.26705219751568,209.07565485250075,206.05685656083807,199.07508986684897,200.1939365511168,197.7013709036192,191.36499086150417,193.19148162991507,197.5492663674703,202.47650389111277,199.1950301300119,199.48067831629294,197.43220165684647,199.33584146359595,189.38725205622947,179.04673430788898
538,2014-03-06 18:23:07+00:00,253.37096488996963,253.5219185588721,249.29186745438852,240.9780865581219,243.9700468754026,243.62458600085407,242.2815444863066,250.82612514158285,251.59822966445483,248.4062211105117,249.12804699549818,241.98037039987815,229.33525208835144,222.02656826876714,218.12166662196634,216.70426951847068,215.84808756211135,211.7318105768116,221.8114161872834,211.64117471338176,197.74474428895934,194.91540701057272,195.65980207317818,196.65049123973955,197.71278023711898,189.49594768381564,194.59796885502067,196.78743991967832,205.88730749382978,221.77381391449725,213.91867445466818,202.34395492467885,196.89784952965493,194.4622231056738,197.54548180135293,194.17765548218642,193.5802452007922,198.85895185513087,194.04276659379423,191.84083970594315,196.8034580798203,181.14614279652517,175.1522014278961,184.89140370720173,187.30781679351983,186.42024231376294,184.5667315190506,192.48855763362127,193.9125859452248,192.61960101572066,188.7939763336509,190.5602089402034,205.56630390334888,211.2656286126478,217.71016789335994,221.8131021048299,217.2975020965495,218.5909015237662,208.27383900288325,205.21616892856377,214.46572960596984,216.08682776236304,207.37819864307886,191.6889349590443,195.28812393536407,190.00251457607828,210.02547125247668,201.1184752989841,201.04982345404767,206.97162323650267,215.65113185472038,206.3454535455295,211.30543118386282,227.61182437583028,221.1919273310633,228.53599828629774,224.97919610495455,225.80333820679328,233.0893895534948,229.89329894274144,231.0159991419793,223.73797393536017,234.2044871271137,231.39536812764607,233.13292653293624,227.27703132901775,216.87464590011206,223.9894664388507,230.27912941485093,235.494479462905,229.53040466069427,226.55941983372554,232.73614021483746,227.42644006302,217.50600032139994,221.65389347710757,222.75875011607133,237.51974789588257,234.44922198339322,237.4110659914119,228.50582697006547,234.7126535646226,218.46691214264604,217.14533626808657,215.58566729665,223.19099788293474,231.65629330441712,228.62215711007553,241.12298266562794,240.35097318080332,239.86274354529723,229.47479339951303,238.70065925697367,231.46160029890495,230.97933009634733,216.934889656615,207.09685213673654,207.12841955044297,214.93157919644437,216.71129454173018,207.10753661015602,195.4279340671564,197.06850858397746,196.46262872602819,197.98314212465507,195.18306550839083,194.5875528765023,189.99900275996646,195.43237394949756,197.3843296061744,193.24836666312933,187.66183976728632,187.71425573483066,193.8442213566189,205.8011336976297,211.42281001177167,214.59729256557688,218.31745962148563,215.8137585022482,205.38180514756442,203.4613638978341,204.5029445410295,201.82794979666457,196.19300489480142,199.28654675023148,206.68456681950272,208.63858966951955,214.66630605832358,212.51921068468206,209.58031126660603,204.5797324779407,196.05245426371914,183.6267989750961
539,2014-03-14 18:19:24+00:00,254.38888402318503,254.7342858845729,246.79629038374964,243.6352995458349,241.35491795602883,247.19755996862975,233.7074758050121,,,,,235.7297742649436,224.4128678377258,216.03060547673917,212.14227912247406,216.22813821878538,208.3351500463842,204.29814204209976,219.34551874640343,209.2806450115524,198.0080281689083,191.693562261527,191.603229065011,192.060180064755,181.2362714946277,,,,,211.900588404078,205.87185952780817,199.00181914422785,193.8132865321545,193.6863079281572,196.81677554359925,193.12054336638158,190.04931380997544,196.64895475806503,190.15416795631637,188.7458421913499,187.76043342941495,173.52082237477484,171.5549028217398,181.99544052880094,,,,,,183.7564285043519,188.16681881488068,187.28803024349412,205.2887852297472,210.26461356904602,213.72638551282984,212.93928077126287,212.68288890964143,212.18152096963215,211.32176560677414,202.13376125270057,210.91391260606161,214.20558280465633,200.4972003813219,195.3588487470392,196.82178123049653,189.1233655962697,193.59705365787977,,,,,,,,214.69732874756255,217.9391119916897,214.0884948990868,216.3903249945409,224.81908134339307,223.58095952832917,225.58661029491495,226.2408213916085,233.33852432060306,232.89809115263557,228.6775741647137,223.96246016562145,224.3734938540744,210.63536073599414,224.347569863478,210.64758118779886,216.42743139750746,219.0020528763716,228.12908196820652,211.3778264885143,,,,,,,,,,,,,,217.20060948508842,227.92465870667576,232.61349111840605,235.8574890706264,225.39057585163474,231.41008971308062,229.29041103398208,230.10422440493454,219.2461852856153,,,,213.60898976161133,209.07712038014887,203.97401938984547,198.68433788540756,199.0332453098194,196.68090810570902,201.88677104239312,195.6390570034613,189.71504805954794,188.79293722112334,,,,185.3015541679643,196.18878518686876,201.25163693225122,209.42261621179313,209.7525683529261,216.96211503770166,212.58400123057197,204.2174557598284,199.66871326612088,202.70423090765132,194.25927522063256,,,,,203.76112516149624,202.87897674206,201.0424135594792,202.92502978833062,189.24750631192288,185.70390625540875
540,2014-03-21 18:25:38+00:00,,,,,,,,,,,,,,,,,,,,,,,,,,,,,,,,,,,,,,,,,,,,,,,,,,,,,,,,,,,,,,,,,,,,,,,,,,,,,,,,,,,,,,,,,,,,,,,,,248.30226693675462,242.34048098022768,248.69388300602384,249.70681943263043,233.37155244821076,237.0088590602135,228.64720805818513,207.68715460472401,,,,,,,,,,257.46567547176267,250.34025020581248,234.13459088195913,213.58425119604738,215.16443212094646,229.1787363568995,,,,,,,210.4971492985187,208.30971902281465,199.00388680106246,203.09465527127844,203.62063340792878,199.51660237809327,186.62976309678558,,,,,,,,217.97039188515458,217.58556624601263,214.48982026528387,210.11745886504394,209.3129223427851,206.46393469646677,216.41518622601427,205.50839452358076,,,,,,
541,2014-03-30 18:19:31+00:00,250.2527705579781,249.69817542756314,241.89258814663967,235.87256460527658,229.76213102903762,,,,243.72554129361566,240.41010273248298,238.35955677105272,233.58599054252852,223.14464452734984,210.45017819352222,204.67712629789384,205.7775368920667,204.70019459067254,196.0878771582915,207.9695192651878,197.03988990757546,188.86614425208404,,,,,,182.18301965986345,188.48899428661798,192.0982027558301,193.23148953767256,194.63164666130405,190.23820183787996,188.09573760304244,185.8293738927254,186.49553844166718,182.268984880822,180.61189258947005,185.5829367630389,180.23982459315226,179.84927135235907,185.0277346817242,,,,,172.08774777191755,170.6675092397743,175.51520271047502,180.14737989290262,177.24964208161026,183.75239458232068,184.00011819601323,202.1511152944168,203.84227693396224,206.03068093936264,205.56776255086714,207.08464600420683,200.65954640515167,197.4984247375575,199.85166106689942,204.6189892727873,200.5890454144493,,,,,,,,196.1935052841842,201.64111497370604,197.25300494146643,196.80759133173822,212.95549548080743,204.30790007145083,210.69377720709792,207.8611914115541,210.47186261003088,225.0600628960949,217.60861842665867,217.30624042405861,219.64675244594284,228.66988556809133,228.42964588576,,,,,,,,,,,,,,,,,,,205.8925495338396,195.17474925945615,205.85787312967085,200.4111757539642,216.06482918741315,207.8545722448706,219.97436050654696,219.82348676743587,228.80148553511594,220.2726083291925,221.88448996624746,217.99499181810666,215.13522946056466,,,,208.27798113316004,206.71633233720604,192.74259039203412,191.113148179131,189.94319289460228,188.60575986894258,182.34208908479889,188.26656741912782,176.6620962484841,,,,180.15086376904935,177.70249349160463,176.5267284194594,182.3713315687301,196.31859769045934,202.5767498568152,204.48022952155026,209.21159094427708,202.33127210010943,194.05014285403024,193.53631316645783,,,,,190.65511494170352,193.6569086174788,196.75186434347307,192.63707721212245,196.83768557543843,192.72394063109306,181.29309069406034,174.93423522992114
542,2014-04-06 18:25:42+00:00,,,,,,,,,,,,,,,,,,,,,,,,,,,,,,,,,,,,,,,,,,,,,,,,,,,,,,,,,,,,,,,,,,,,,,,,,,,,,,,,,,,,,,,,,,,,,,,,,244.25391824927232,242.958213333077,255.72502070478765,251.24770993221682,252.36043064305267,243.52513620660125,223.10478755062405,217.8680938139771,217.7750732942426,230.56911717958948,244.31354094374362,,254.8828633627973,,,,,,,238.72553862254102,222.39354656161652,218.01059658905058,228.53275170177844,229.4580170956727,216.41366074600188,,,,,,,203.92564470041606,207.09514318944872,207.69341381385303,207.7468205016785,204.38168246958833,206.17431120946966,210.80168697268584,,,,,,,,223.5569164692081,219.5099395725122,213.28167143824473,211.5994777568319,216.9026847677967,217.59671887515412,219.96578054733538,220.83545409396496,215.88681677762162,,,
543,2014-04-07 18:22:41+00:00,266.6957529248292,269.6915473163441,255.88750461767125,262.020958784386,259.80996866687593,262.2796368706645,248.3887307192716,259.0775682388595,265.30313026589926,267.3449007223321,264.6360670296432,256.6130598562552,247.30647445471618,233.0495512715467,223.97440439337572,223.71264771325167,227.46601007182517,222.05026034343234,231.15463418460985,218.35266770857285,209.75181863761787,201.74674947432476,206.56822519584213,206.47299449340812,209.18423057265687,202.0289355162921,208.2225256066355,207.93185526468721,218.48322921761945,235.02250200258607,229.46470669463392,218.94498204842577,213.8239925608551,213.07973282567337,209.28674782172806,204.56212827334338,200.79020149993886,211.39208679912912,198.80625976774218,199.9077605198965,201.72108278344928,186.07394939253538,183.43282334937817,192.98061399793244,192.15308490256479,193.49506227349724,185.2375839249563,200.541758618173,202.97813802333843,207.61064846694785,205.66913206022153,215.865012983015,226.67017737340876,226.9386489622841,228.72040166833276,231.32053498454178,230.1138017622699,223.43077212894576,217.80025835324636,210.4611239561254,219.68360991472056,227.64101394189672,210.46857110660292,199.14075595475725,207.56284579951028,202.89238406377495,211.58979193109525,202.65171147229375,205.38747406931526,213.37157275002946,213.3440334293231,219.23763038853136,213.64152181511963,234.23132815070556,240.67968795102814,238.98034034502888,236.07758745454367,237.67151983942887,254.66120835324557,246.40874218840182,239.01818719593925,241.7551796624329,248.94004155158774,245.82609560002413,234.8876270515502,231.59862463663126,227.7302999363361,233.2424964572492,231.4144463531615,244.24298816640135,244.1080028734599,231.75879557312652,237.05882586323645,236.95855936783917,219.69921948927134,225.57563793458533,241.12084155445345,240.58320336850363,242.50144939495124,245.22477846516375,238.62702534328344,235.5586047048647,229.9733902787793,217.19421468274766,227.69970777183627,236.6051281172372,253.5301425788,,262.4869341925336,249.3829525435229,257.6446080522158,245.5963446636345,243.2877336821365,240.30168334811458,242.49579903391998,233.79180569293266,214.49023615770307,219.54687712078578,225.56406300850648,231.5031188873196,221.79842460814257,212.99706655974308,212.99963396358964,208.2223576572794,209.71402216967408,214.5258010795685,211.7955287538269,207.80479720753607,206.45862928148986,210.19665419186114,206.8233777433701,202.375891748794,203.36203162863342,212.95087047890897,218.85068638022432,226.03950116391434,231.35824716756932,233.0262834627996,225.85148046652532,220.4341080239109,223.0081363361914,223.88782559352512,218.5462820854931,215.24081611745314,214.13090121136295,219.9470325707586,217.65828723525254,220.78549297019717,219.6445822876434,220.73172267170634,218.92186515664463,203.17369530872168,203.23136396335377
544,2014-04-23 18:22:25+00:00,261.11207568214445,258.91432587466045,252.3486236414346,251.2159538751556,250.9838103434867,253.58272420939917,251.72421007901337,257.7796038454974,262.0290336403617,258.2018648209235,253.2230467314775,250.08088408704697,235.8906385530042,227.34837241512287,221.57711551693362,223.2190902587526,218.54581334936955,213.94002324883076,218.57427274877148,212.53749292405894,199.99907102779372,194.91900872930438,201.23470304957547,201.74909555078412,203.28055089262887,194.739231265679,197.94456553291383,204.456652654342,213.57540197760096,232.82963249754266,217.7850694660571,206.88516400202917,205.00931255681127,200.07929774527707,201.4028616351757,195.88632772699327,198.599250915188,197.89178934935373,195.56553995499553,190.55877873408986,193.85479142344244,174.47863789663796,177.89020881989086,192.2219159946419,194.58745480073117,187.74075331590763,184.99718141053023,192.63322291758283,196.6681050859753,198.75995716516954,198.4241799526826,205.65139009548224,220.7628531996098,218.61652886071545,224.5199766266797,224.46090457559376,224.88547569293615,222.34659770990413,212.38659397052913,213.25974111574388,219.15269523202184,219.8077236466205,205.79198669082808,193.55703098240096,201.69460503179192,195.2237732028118,198.06335993884943,203.36469967094592,202.24219624192847,212.49285454593056,211.64445991082852,215.8064666477519,215.13290932205587,227.18859306335872,230.86309682974755,233.52496232222342,235.5411978522718,234.44557698245586,244.2832883713241,242.60767628561425,233.94909902955845,229.33452106024208,238.64244935709058,235.3479115221699,231.32900437448654,227.74925585994117,227.15879173985422,228.9162821729966,230.05390899856565,241.31357636399,239.34645306620985,233.15464366566718,235.32281311532353,231.19732738499485,218.81341985467154,224.13059473362554,227.10654182934326,235.96292631379154,237.54269783959447,239.77222630627898,233.3124087860728,228.40676118960823,220.17608063406016,214.64330296454057,218.22483309295114,234.5797141879416,238.78065425985824,,249.61530528136694,239.94855903162863,237.82494806426303,236.88441994212434,237.06121926646523,230.093637630592,230.82472473653235,222.52010986219102,211.1325955706805,211.96464906854374,225.19911110853107,223.96521258569774,207.58026753623585,203.58892982230404,203.20778866922825,201.60440214799053,199.96080021961797,202.85281754883232,206.97337247580668,196.8233451047438,198.29391576436814,201.27693835821267,194.86798769266184,196.98508009198247,199.13493321429632,203.28049986284623,212.145365909673,215.5906648978339,220.82871045353698,228.30148535441793,220.67227088697936,213.23780899397946,211.63820543539487,215.1388591215392,208.98830887913113,,,,,,,,,,
545,2014-05-01 18:19:46+00:00,252.66379015104366,255.1277299781878,240.64947990005786,238.59306915340278,238.22579820751457,241.61514294150948,235.50433852738075,243.09334214507703,246.93992448060612,241.69792270347895,239.53418963201545,226.16302098276836,,,,213.1088409632165,208.87168719782733,198.63766236194482,216.19903399033586,197.94301541873077,193.5347352314084,185.78322024160695,190.38065320529682,190.05952370009695,188.55805903314155,185.89810177348232,184.61341246605883,195.15949914285576,196.8399407284083,193.51656825273682,,,,,194.9569694018622,188.0516064602757,182.9722236376968,187.79834643380343,185.46472777781145,186.79301275411217,187.36205541018342,169.90773743043292,173.44544500690614,181.9317145054269,180.15523618118743,174.09671696160288,170.37798294562052,175.58104752923532,182.79322243585165,,,,,,206.8581783933331,210.5613088268478,208.15251007350525,202.56266141608054,189.9344724308377,192.5273241831858,194.38215183073171,202.91296148219726,183.21658730124707,189.03582191791494,195.4943987030178,184.4670152768037,185.53712505297227,185.9737087787449,193.1404770687961,196.3730372816405,209.2249997273032,201.3283461476471,211.03918435059484,213.9939399693924,,,,,,,230.57282522752524,225.39485721009208,226.4259562142065,226.55558116153628,223.42068640554788,221.37859681289666,211.0382765710383,221.1241124194732,210.66008044122523,214.5367142472062,227.51592830909823,218.56923588342386,215.37593420002088,210.91179617300824,211.2318084810619,203.3709943373965,210.75199182912553,209.94886015026077,219.88617492871273,217.47291458000302,206.33754549166798,210.18129296362633,202.7062633078915,198.9057256221489,208.15655730563842,195.99949248116602,,,,,,222.45507008725832,226.31445604952086,217.57668987064505,216.32556973253514,221.36087068295006,205.53996381715092,210.93871195499423,215.87764699570272,207.06845395327065,,,,195.99133128393652,192.44587649452444,196.7069248459086,193.6207301310645,178.88371509662525,183.81020598910757,180.86375726334768,184.38529426438515,177.9624784340822,,,,,208.08569104846896,213.71507108496007,211.98482432700678,194.32131508642235,196.74990358055112,201.5165757122081,191.20548468229006,187.77334586546738,181.23476216506003,188.54977142201335,199.6972891254958,,,,,193.73577418675367,184.06678922557234
546,2014-05-08 18:25:58+00:00,,,,,,,,,,,,,,,,,,,,,,,,,,,,,,,,,,,,,,,,,,,,,,,,,,,,,,,,,,,,,,,,,,,,,,,,,,,,,,,,,,,,,,,,,,,,,,,,,,,,,,,,,,,,,,,,,,,,,220.96971565681412,217.50704066641651,229.40471556120747,,,,,,205.38674960975,206.4029359517784,204.53899735739253,202.49720487640346,195.88791753894168,199.1322712607681,193.99560925858447,,,,,,,,210.23461363867062,205.9920456002789,206.90867949773624,211.26288119234434,203.60814428095028,195.38441237486052,194.55600960452153,199.7746085345281,,,,,,,
547,2014-05-09 18:22:09+00:00,271.69885194055166,270.01007663506135,254.05071403110452,258.8023535908954,255.64334934274797,255.88786922417617,252.91173716881286,256.9757972980477,261.94586026293257,257.00886183795734,254.52637991452897,246.3911985537898,238.32615737779253,224.60741256379387,226.15424594693914,222.69236321613164,221.52908820687128,212.64563823064555,221.66406751582406,210.77101265725565,205.17509497964642,196.92862400241432,201.6964497294811,201.6421696838048,202.0572305669593,198.60597748766983,200.7791607599922,207.80974784268102,216.4886073560332,230.23756423940722,214.25240664878413,204.75184264321052,199.56071709592095,205.2706572571745,204.85662336363146,194.9101236226468,190.44041101367043,205.0549473336364,196.65153027225244,191.27928424503878,198.18534536327854,181.64731018746554,181.59913758860807,191.44644837729527,184.15558700046444,187.13493479297216,184.28888114759206,200.00017754716876,199.11152307370534,201.7506193948098,198.82857526177727,209.0843741221472,216.64945410588064,220.09302439654448,221.74703337507157,224.72753903972009,225.77004729585406,220.9453378412847,210.81810340940183,203.18584633099704,214.56978022730442,215.91662469313184,201.45925505446135,199.02089395382984,200.38528429658805,195.4978839638237,206.0749877249027,199.4686200165921,206.1610268673686,213.41269762058872,217.76508703119072,218.02080400242818,219.29923136972502,228.75069306088233,231.6165921121329,235.085974124908,235.62564864735765,235.12281781878778,249.21748865739727,243.86423947576844,236.67985237388586,237.29929644770914,243.16106332104022,243.6434763125181,233.7684178747012,228.24680053061462,219.57985417168896,225.77752494783851,226.18918899901996,240.04171794866298,240.16956225443343,233.46974972801786,234.97715781527188,234.08602045261844,217.14007756501877,224.66043071826428,234.58523417603962,237.58748477412553,234.54912258097673,235.89040937881856,230.34686270625002,226.2679406047386,225.58689942232172,213.31598396858058,222.11162299239462,226.54197855422495,239.11561491219828,,247.62102339619366,247.18440749272588,253.3330248086104,242.0023266557705,241.54577056161793,233.58609285462336,234.7194684957152,224.50751462175862,210.94131644758272,213.61087508662024,222.36227445671912,215.5915637080982,212.06555437622862,211.3816837778969,207.98555640762174,196.3480166716219,200.5028806738636,205.80008376828806,200.2163377601443,195.92654939430003,197.05021701637975,196.6982727521101,193.39703071301398,199.73080125984583,201.10193419585454,205.61175151192913,208.72676358220374,217.65482316636252,221.00329073222872,225.6428438243226,213.6614579947146,204.29719098707952,209.34314262706783,208.69056703132375,199.90673268723765,193.69518045390407,196.68897787481782,202.0419536339725,205.6167805215584,208.0333333467599,208.85566926827622,211.9419690346353,206.73193408434093,197.42669202892245,194.68601636642984
548,2014-05-17 18:19:53+00:00,250.9988776970782,249.58228123532416,239.12754723380374,237.66809335265108,232.4390009263372,,,,,241.27774859303747,237.8452374261167,230.59299531525417,220.7465886233482,207.24131771819066,201.7399835511972,204.64071300272678,201.06079092097707,196.34056014796738,206.12157318877496,200.94796356386578,188.00661986000864,178.72821561912457,,,,,184.470829837521,187.8739647488912,197.78283413386504,197.8159398092214,191.9853935332815,186.938233251602,188.85035008899197,189.07306470100642,189.75328689457578,188.00145737929205,183.13395803344918,186.14112441755162,182.74087245316036,181.32172759984547,184.67325214775093,,,,,,167.94944342454556,179.6850496570662,182.54760565317062,183.27141974138704,185.57547158709286,192.72906769379458,202.81869454578361,207.54457112571055,205.35615475085865,205.6257467153639,204.28028157096907,202.0747436381876,191.88475022850756,187.36823498547065,198.2276418198798,203.77898308928695,197.76947242310564,,,,,,,,206.8973463411586,194.84632085324705,201.9490243652763,207.03452961205673,218.38515167543994,215.4783077201826,218.3512241472089,218.14810911200615,222.1919045374364,222.54815914779215,224.92074345226138,219.9561312979171,226.6476787491888,219.84196983054852,216.19253916631936,,,,,,,,,,,,,,,,,,207.02801145598494,203.0819427079563,203.20052788374227,209.108652962479,216.75388919135517,213.66081143771714,222.37543653277226,227.90297874122678,230.44155243055638,234.11612652881024,226.2429836505153,216.59530730624607,219.4279585921282,,,,211.35948383963614,206.7005760829648,193.63725776511845,189.75538770302546,190.10868091439846,188.6162907909063,183.33499547117947,189.51050044939865,189.8368677045923,,,,,178.20980802534052,183.90337519740243,189.33860834482388,199.32856140256504,203.3453952344504,207.9828566003684,208.95079443800853,203.21562178928306,197.35709832220425,185.17205728687807,,,,,188.2380222895669,190.36834780575026,191.79564703185244,193.65752470528403,202.82660813914765,199.25313292182977,184.12842117857957,179.31206666128705
549,2014-06-02 18:19:56+00:00,,,,,,,,,,240.51307145197768,238.23363557638643,232.91262535448834,221.67009652438162,207.06065666358174,201.8004533272607,201.47229624323796,204.38637113171688,199.7234701583895,211.2437650731448,202.68789924730834,188.36325328627152,182.5539367417527,181.91371470015426,,,,,,198.70455628192147,199.36124637862332,189.75229963831677,187.3040192382884,187.5903269802145,183.97251401026608,182.68468912460065,183.7975474051159,181.4811017178664,185.07462688239977,182.83945873287666,180.81841997973572,185.84411377355158,168.8890645259742,,,,,,187.4139357273113,187.9521587506092,185.3596202911681,183.89806513521359,192.3979674115317,204.08666591726245,203.51316883159888,207.7048639234228,210.8660693255104,205.98031581986712,202.48304934227934,193.49881909566972,196.06796761178592,204.8326261632378,204.8734295941489,190.83570397100488,182.90958862294792,187.7045635249407,,,,,,,,214.16023472874187,216.9766625198024,221.18415238752772,226.0825863064297,232.12463158479886,223.02700575916012,230.17534073314468,219.8740156931757,227.01799039993517,221.77895525876917,230.47049852982622,230.02977205430338,222.08667736057131,206.9152726651309,,,,,,,,,,,,,,,,,,,203.8353363520384,212.16339610886,216.8896842147411,217.68288363893996,219.48948686464368,222.66004173155116,229.33211852611961,231.23137806836596,223.05405972324166,212.33206453420564,224.43670947831433,215.71189247487027,,,204.61412874572147,207.26953386695251,200.16152691168125,196.21018798079524,193.6610430768336,194.49424091486227,192.12735404308654,196.03624381079484,194.65934075804387,178.24771299672722,,,,184.22728723636794,189.2188696162791,193.34200732090758,194.6805569051691,200.12559560775492,214.05085870351155,217.48757834841004,210.37283200168423,202.11141954427794,202.6432240811061,194.34698162330773,,,,,191.90861055806573,197.32330021234685,195.02688601880132,197.5460186306113,190.0193944638847,187.82639727511636,177.4444466536962
550,2014-06-18 18:19:57+00:00,,,256.5607867853985,251.77144318521158,250.2365832896078,253.11711790094063,246.88463078840272,252.01015628365127,258.9662516273187,250.25474708449167,248.5546918012967,240.81074475399583,232.2365598789002,222.2648922784641,204.74228727588996,,,,,209.77138393667232,200.3247512575094,194.46968510159127,198.57586917731012,194.8506151595202,199.8587578379536,187.80692081137272,196.3541347363813,200.66983232636335,205.47868988185138,212.8867098301646,205.02067013198428,199.8313458881503,201.0366989079218,198.40352574118947,,,,,191.8393165194393,191.62480593512672,194.33152363111446,169.98492384200608,169.48954992424245,177.94822158461346,178.40537039970832,177.07669829008685,181.87529936220352,189.3240742755561,196.40368026955522,189.1011796629349,192.2407297559484,196.8424706561412,210.15786419809797,,,,,,197.27105165553627,197.25631193009485,206.67862294017556,212.30904821517265,199.92919008260003,189.22868860809433,194.8126217221169,183.71573717090405,187.28609883160482,187.91708578636255,203.61957072103365,207.73452880823476,216.47037604941437,212.4772122991845,213.65380809730698,222.4666044572957,225.66163199604108,226.25799471756815,230.16773782224942,228.79387764699823,,,,,233.71932080677124,232.39129327613637,229.9929076661715,222.30364243448287,217.74651062664896,228.18245321642823,226.38141997888167,229.4998291714865,230.86167423748452,223.89897056355522,225.99942513470944,220.71932653252193,213.95345759659145,219.9515215755461,218.99165774710895,227.5249904923688,227.149201080239,224.510294242857,222.66857324197036,217.56323518679176,215.65254670750252,212.04884254386144,218.75849845593885,219.88001368379253,226.01753616971723,230.5478477155607,231.79289107223914,231.82903974474834,,,,225.03569961917177,227.77181507615586,222.39571573449214,217.6672888924258,215.96072367748542,215.0376446415523,213.2792518433232,207.11497072103745,199.31171404186887,,,,198.67693583214032,197.83472932552115,188.2192694319299,187.5275192702601,191.0855672626725,190.13619442535122,195.61933141074394,201.3718678343352,203.67534174467033,206.79603138235586,204.96021970069552,,,,208.46112832483647,206.15130763643197,205.5815350836763,197.80213874292036,191.008530109351,191.14271114065173,200.72459365907596,203.557379107754,206.04247504666648,210.1560543142504,211.4830739954146,,,
551,2014-07-04 18:20:04+00:00,,,254.87048305096084,250.20132826766178,250.40668882334955,250.81273965957843,244.7665987095612,248.43602530159635,257.1061850347231,252.08015622022222,250.02345492154507,239.19889499687835,229.86328351251478,221.16447298440505,216.43488635421346,,,,,211.06372560729278,202.09504058477847,195.13327193419823,200.19395500224175,198.2197964703789,203.65250081438774,189.83502014219812,195.19991273866873,197.8646656317021,203.42583808767012,209.61526419089182,198.2661400691086,196.73814899560747,195.0606959810542,182.44840592859606,,,,,187.80234913618676,185.13634453103202,189.35393405374515,171.1308959995559,169.34551762606276,177.03897818933888,176.4262694447196,186.90671466270916,187.18154836280473,191.83031524036429,198.44033238068428,191.8931271611383,193.57957130676746,197.15977021820015,213.25643394376914,,,,,,197.4288779625088,197.28822268015304,203.2813721660757,205.89310289518977,196.02446323906284,187.45359777971066,197.0177116406352,188.58498252275427,188.8200781137106,191.7621663639615,198.33394983730514,211.00600168293283,213.937256820245,216.2618289311711,213.16162598068877,220.3799093900236,219.3493538279668,226.14521095681113,228.33393780718745,228.7235050713465,230.99271594582996,,,,230.46578442282814,232.10189123856432,224.72786632625855,216.7902678476661,216.97403618130792,224.4829799575512,227.80548331763492,222.35582395152505,224.2079635940953,218.59352573001254,217.1690438770891,220.09457161789152,204.6263414203304,218.7097599335025,217.38028081490887,222.30316429953098,224.0874192153307,224.1782076169773,219.24507732628626,216.5418072102819,217.71290088498375,208.99071284411946,208.46441429929618,219.65806397699478,220.79010670822373,227.18797086311997,225.96524438400752,230.41262537043957,230.34545662727726,,,224.09361217058037,222.55068750917496,223.4653099518114,220.0972232585217,218.02024298691128,221.26977397835049,222.48908412906002,210.16706508650122,201.607255462673,,,,203.77020362520688,198.61268392964786,188.55563123121058,189.12625766316495,189.99390133525515,190.75138693935656,196.12254916428265,200.80311019335448,208.44237100868662,211.09744668007562,,,,,205.29001379117904,206.89774308551054,204.51824761012514,198.3016847898699,186.4368354807823,194.62360084234015,197.76637327029897,208.5696537599515,207.84448630779414,209.35647033959071,210.6845542362659,,,
552,2014-07-12 18:22:24+00:00,248.68137752821102,252.6064342094881,243.28267221693133,237.34150752512318,237.9815206377296,240.37818239592644,236.3337652671653,246.8885695775965,248.0167386960437,239.06751928666796,239.83411615623027,234.65711359336808,221.8981723836102,211.4039156165096,210.04473116536744,208.62899602607106,205.61844299702892,198.6619249299929,211.73819853750172,199.74968371020853,194.47189745204335,186.12023779809175,187.80646807477842,188.53367241450383,192.1518768342038,180.5739079116019,181.41697286382225,186.35798004253115,192.5701205461724,201.319231401766,189.35552391179357,188.40700375137624,188.49492425069985,190.8285097898286,189.08585121696802,187.21510882430277,183.2403526495941,188.35599406677807,181.6399178765874,182.20438699755564,187.29211424667608,171.1648258376116,166.15427839647884,174.42844113858433,171.77864987533172,176.71866941922895,181.543892909104,188.32622291819553,192.50430579581678,180.87718637355385,180.49510348253938,182.7905249418394,203.59631799376282,203.45414146188438,201.20852691815026,210.0748887509778,210.07430388241625,201.2710470666882,194.31745787857335,200.02620901735574,204.94767286398698,207.68825697488796,197.88302755991444,194.24000254396958,193.5707032207154,194.81629447411575,187.78648486940637,192.7954622964958,205.1461469909126,207.94500462589198,211.30166860670462,206.72209865364437,213.5338144151437,216.12181843136182,214.44977875199572,214.8105955857019,221.81252242403133,226.07346716755208,224.59738767182733,210.52770521979483,212.49950068554205,221.78374261383146,228.52703353401307,230.26894747022914,223.59551752770136,215.74107259624492,214.78862223892708,232.52415972195882,226.23387741661372,220.08890358041046,212.562239533563,217.96068523875115,205.12621499913755,209.89634069628616,215.78088241533862,206.59330073764727,216.02663814034096,216.41792789493155,225.57979694678815,216.07253312278803,200.18997288543991,202.46011506809074,209.07481448393264,208.48910599466467,217.66584121276404,211.64184118386555,213.11756531806944,218.35532726534285,221.98586046032347,221.98620604148994,225.7827404044349,215.59995339656925,222.17980996541775,208.62851510263425,215.98987174215662,228.18537585457972,231.29552212666363,214.13607777091318,214.900299653959,211.13738355467592,198.58623010300013,195.2465350837005,190.3979990673086,194.68871734010614,191.52789618153818,197.22411589673882,191.63249119212327,182.3459337635653,181.78784639849835,181.89447877382045,184.74617786543436,185.99150686745315,194.1359234770134,199.21339519282827,197.77091976450214,206.50333844461775,205.05354816598125,213.96457787032818,207.3002048803504,192.0968343510882,203.4623301590696,201.54471801110842,195.20742398989506,186.47457268114542,183.5576569353292,189.8093583993006,195.78682913578854,204.11277353339165,200.66819112020428,210.62504594815425,202.16705119672355,188.89651139944579,182.21814230767544
553,2014-07-28 18:22:28+00:00,255.02365285373307,251.18930648386814,243.68518945730688,235.79853674838967,239.19163365531585,,,,,,,,,,,,,,,,,,,,,,,,,,,,,,,,,,,,,,,,,,,183.29182134487348,183.72293770052022,179.54443044545036,168.17233661146605,174.43616247270845,178.2379451489478,195.95708220274406,181.5961119680117,196.0957582026723,201.84310448588636,196.06405408989968,189.98274005551988,190.18933383955584,199.26215671181308,201.30045557600783,189.74874098519786,187.6546796202972,192.5519087959393,184.1250778690457,181.2791889102357,192.49772168386,194.2932273026727,197.92992475472374,214.73255796300012,203.87471424222787,212.0638216273197,211.5797110188224,209.44957872558723,216.01856517533776,214.067414540662,222.49228786923982,220.73130363691928,214.54091001509752,215.40070357046434,220.95063245985253,225.06616825348883,224.22214056867102,226.01379784088962,215.22255272054366,217.02932964245971,230.74757493946467,226.79837546543615,226.419286800273,220.73185305562046,217.35587435461753,210.9754491532746,207.46852249934224,191.70827960270486,196.4258250646757,213.0652665689767,207.78362019063383,218.14779279566244,212.83312981515866,196.30592500084862,205.52074475084797,210.85012959423347,204.5852144266763,212.40990675181482,207.38836055728157,218.36792007223377,212.86363668757065,216.6384029706208,219.88809894188384,225.8002815303437,214.76876360160895,219.4240087016468,204.5067013136713,213.88801708266405,221.5507522908023,223.20336912833227,213.26821037921445,219.252704533686,215.54750635774818,201.8325769095622,191.99105424856933,202.42355583009186,198.46361929846603,194.88579270624177,204.52085278854358,199.44366130500845,186.39477286046048,187.52485955120179,185.75049851041175,185.1898705730555,191.71220271940285,193.70273913873584,197.8341866428668,199.19058801719137,203.6217821160898,210.05142033543632,213.8768944832567,211.11742900958012,199.86309501944305,201.72533667678033,205.83357863281648,197.01315795109002,,,,,,,,,,
554,2014-08-05 18:20:12+00:00,253.01452149925453,252.99538847175742,247.7357926853341,241.61741515719717,241.5929962713164,243.81995395126222,244.69898595230237,251.9993536757758,255.6790306477637,248.11723897759708,245.60491018053986,239.31713889396713,226.37003568419516,212.6939825147493,,,,205.34754647414306,216.51203418739198,203.3708942847571,191.12331883216484,186.6085394527641,187.34131893407957,186.34828704297013,195.36687840829745,188.03877282034958,190.42307516554342,199.06937918207896,202.71341571052955,212.30686277013285,197.40030263570367,185.31325013451266,,,,,185.00226034449065,188.93599723032654,184.74877912128449,184.7570272293658,186.71472593803,167.8995807860117,167.96422547563958,179.97969852441022,181.45785785451997,182.218214411649,189.903497731794,197.01468698463228,204.0035222066303,195.77066096141817,195.48238881169112,,,,,,209.29491076605785,204.53547845776205,196.58499785986413,201.52214226274987,204.51060614614568,210.53338727963978,202.01513728513933,194.56479535299812,196.6947023635713,188.2267851060376,191.56259543028858,198.231997431276,206.2207281439371,212.29834051819586,223.42055461402987,214.9326743144457,217.32124992596067,216.21492823725413,224.14093890459904,228.74029415856813,234.5216007437694,,,,,214.01876122808036,222.86137328418405,223.8929416188402,219.8947338822021,215.4562819249311,215.75219792741854,226.3374157434483,228.3785198897116,227.8235570546429,229.25565642234474,223.88534947714518,212.057072609974,212.09633332023157,215.04107328433653,213.04236554698562,217.51808110847176,219.45529582659182,225.4929778338133,220.65121860210115,216.3931025848935,214.89671592488546,216.12289617395928,217.23540375642312,216.96738807307142,219.4619409818082,222.8958721010161,224.99310876075793,221.93015956367435,,,,211.88319543152596,207.52287165431727,217.9198968861428,218.78369772496254,233.49197654352554,222.2932673096166,225.1769825522496,221.96110527061774,213.87368705635922,,,,187.48859936791786,193.3753974194156,189.7737874146563,182.06768339421905,185.29849509450483,193.52046998048942,195.36277093233434,197.5868413841146,205.29604553710416,205.5415690946885,,,,,207.89936394541144,203.0451687463406,202.15793233872103,201.6951336084095,194.92589011020294,198.2289372357596,195.17522692052702,200.08540156133517,207.73015837240393,209.1678376536034,204.39389503726647,,,,183.16606893498087
555,2014-08-28 18:26:21+00:00,,,,,,,,,,,,,,,,,,,,,,,,,,,,,,,,,,,,,,,,,,,,,,,,,,,,,,,,,,,,,,,,,,,,,,,,,,,,,,,,,,,,,,,,,,,,,,,,,,,,,,,,,,218.93089955797913,227.73658485138617,221.7564438079462,223.11704624993206,233.76325152330827,227.73653439814325,212.65248487353477,208.1652013928272,202.72723155730068,,,,,,214.3220454395735,199.34729861624308,198.2287986705688,196.80140946245353,199.6002415371692,198.21822792158855,193.20550947186302,,,,,,,189.49708350560644,199.75170389548603,202.49689522861695,199.7023272505147,206.18973101627773,212.30762821950515,208.96717733208675,192.5841231532428,,,,,,,,205.3340358076345,204.26487500252014,203.96632735685142,191.05066597376032,185.9549232806838,178.5436841909447
556,2014-08-29 18:22:37+00:00,250.3251375162452,249.15049023254892,240.73391998391767,234.86743319018146,240.94359800622692,237.25774654880627,231.7704416839835,240.95214437247068,242.9238741775409,237.9261038557692,235.2233279626283,230.43836948811304,223.46044039339182,207.39957060591453,206.56663952352397,203.90944916405257,197.81928581182837,193.65615003230045,208.13385704805194,200.25485125689684,189.50322544053938,183.0141310780079,184.58802428428558,183.78473613891074,187.96962165023203,176.98046355754485,177.23702308626315,180.41161801489767,192.00364343792768,187.04762412588678,182.71498670168478,181.8885122989303,182.5875811754344,185.86092283676288,194.30937352536012,187.7884968197021,184.10886413348015,185.41710910843847,182.08463330736464,180.58559210529285,185.72690657384862,168.38507282867806,167.5494891858482,173.50399924857157,173.9744832592362,172.08151757129934,165.0933093931344,180.30684229783967,184.1449165824518,181.8879736588156,177.571082762162,175.72067846593185,189.33110843823135,198.2342451813902,196.90012039414773,197.0004390316911,201.48405169656405,198.70371141663355,192.45943114834364,192.2445865305391,191.4602856580171,197.0914340518033,196.25897347819054,190.0193341258427,194.02499381595024,188.26587391598108,179.89980324171893,179.5418622133244,187.11643497034885,196.80607716818162,210.4904895007637,204.49880669691512,214.19822892931734,210.63432859003458,214.2339214215798,212.1404512124916,212.34304112866727,215.51729410362225,222.3347201778246,212.0488058149926,200.64722133497858,205.22033310184213,217.9971241585921,212.01454404438326,211.7250833185554,207.8713276542201,205.87579808018626,210.87652022026586,208.74471991427927,213.59261254662434,210.1260964628175,212.44591262577336,205.7152200319024,209.03276723557138,190.43056293826297,197.94944887157294,212.16193864758023,207.3986467918495,213.82184859477928,211.7205199366714,199.0610041456731,199.60621584975087,202.76990951344914,199.2125523123416,205.53516358219042,201.91454903841918,211.25022643893055,211.18566830951636,210.8431507872241,210.14013569332022,214.2913663633172,206.4376118128544,198.4179826413332,196.15483664616744,187.71709999318344,191.45248453666628,195.23885131079325,203.82786424680594,211.43352215821488,205.78802811253993,193.68266187273218,195.79526063232467,187.4863037265659,190.16869044304633,192.3471282870712,197.6516036050532,193.82277582510307,181.09709801805224,183.08148358248508,179.59437007321884,171.03014309072577,169.71302197456663,172.22433547039765,189.06558099783365,194.2506615555775,186.75424461587198,200.34138295005732,202.69287417132867,197.9185652004718,194.24287727175596,192.3286463606114,192.16307012297142,186.68575631592438,178.26100212185898,177.8093962666273,183.33793098377504,186.87572737759055,197.6879830698528,194.05533128049814,189.20090738834685,186.73155674525015,179.23423248995573,168.6065095268842
557,2014-09-06 18:20:12+00:00,250.14210663114807,250.4291172590311,244.60068299688723,242.97802882740095,237.24047724471308,,,,,243.5651295747654,238.39060419235324,235.53754897561026,223.86563333969002,211.53775331071785,205.82670726709125,205.40130631894783,204.50791427785157,198.80327239586444,214.6699839649988,202.56518392443252,193.73699065429585,188.62223778587818,181.65223579250954,,,,,192.2031577579881,206.82177673895148,199.62495752273628,196.9451513365498,190.90078085610327,192.82512810683193,191.1033183988696,190.39545207690315,189.9734881521906,186.1726802791498,187.48499686600277,182.39393859025876,182.59038003642578,187.2579929819941,169.7190935198227,,,,,,180.09757568075412,186.48442260114646,182.3107657607137,179.93009594199594,181.1630171656911,194.55419284391132,200.31671396797077,199.86750485486857,199.96576159547607,204.61442964242363,193.8472464460743,192.87913789043114,196.5985329960572,205.61786761336631,210.0393457110436,197.69827681950062,183.9630778756396,,,,,,,,,200.89310691894514,217.70941508898295,213.522225396049,220.2500271302777,221.0780217318181,221.6556268363703,226.1689970340834,210.21999237041533,209.52917599697054,213.16919960368818,214.9607638257374,217.66676082183636,216.4863493255691,206.2570626869187,,,,,,,,,,,,,,,,,,206.95755542875986,207.69493049083258,198.9372174517003,210.0687152163154,210.4180931877312,213.04142838523117,212.86286856689767,221.97892550777772,211.3199639668717,204.7732026897845,189.32343176813913,182.18494591086034,,,,,202.15108217789205,197.23128453491492,197.29279941559406,192.46564873139818,189.21502669474626,191.3013250518066,197.62856146864954,196.24890103513405,178.83637396479932,,,,183.97915066263297,188.27985956064458,193.6941356575791,197.51779525358262,195.2539615006716,203.73005788112962,212.5643117259271,204.6130216990184,193.55253356521,200.58304645282834,,,,,,197.29554826567517,206.61662745551484,206.33606485564013,198.11164627441462,191.2323337170605,182.22355407863898,179.23006044804563
558,2014-09-13 18:26:22+00:00,,,,,,,,,,,,,,,,,,,,,,,,,,,,,,,,,,,,,,,,,,,,,,,,,,,,,,,,,,,,,,,,,,,,,,,,,,,,,,,,,,,,237.24909389499362,232.20928720158435,229.7727350503783,235.16690192143312,236.36097895262583,228.39700941103652,217.61843994911615,229.50057616500854,217.35790104953816,210.6784878494056,219.27025862312632,214.34793055032844,213.459727604872,215.80721869897636,216.93141276690656,225.6949036821828,217.37417420345528,200.51136813651937,205.50003255051462,223.60967791765364,219.74332792180235,203.0594681294867,,,,,,,,,192.96816369300296,189.7455961874924,207.71903610787408,216.4229167547071,215.0096719529698,221.13601709545955,208.96111990133997,,,,,,206.70432075652045,200.93293382179235,191.90346478244504,191.11269308674702,202.16992871932243,199.6854808263227,200.15477576475524,202.8157038290549,,,,,,,204.1229406591562,200.53673686994944,202.51524919223502,187.94368441515377,197.2818417747961,194.14510537411348,201.16816283090375,201.12545884487758,214.92635072747532,,,,,
559,2014-09-14 18:22:41+00:00,249.51409867987775,251.15731111689485,244.92199215239708,236.5033333596076,238.26058318788694,236.0935012486296,234.34307241518314,241.44060300159595,240.0894866375568,237.5469677552445,238.91552102096486,230.5604759992326,219.3893171193884,210.5389176775896,208.3518237312927,208.19339215703397,201.53999466666954,192.3647651832187,207.93717391675446,199.4971391097963,189.10232740104527,183.78708584929453,185.45204665729614,185.9957672471985,186.82370666049172,178.73090509893876,183.78125749088835,193.59428709509203,204.75394579675492,198.79500081274023,191.6184727964604,185.92347100280324,188.80048927968747,191.16391838969872,190.8884443553253,185.5553824379463,182.01145234414486,186.2837144312177,184.22299052477624,180.44186418106557,190.14616719465624,174.3493358354074,165.1483381140237,177.74426541567567,175.29346297806592,174.2025800573353,168.36383082831173,182.41585338400654,181.76210705606417,182.6538527032748,181.41313869781737,180.8529726032359,195.94477961732585,204.88538192664356,202.4891833444928,202.95374265265278,206.22358976896678,201.51808360745835,193.71343236130957,193.30902840719472,200.55097754510314,208.07584810786935,196.73312850432475,193.6452797493142,195.72233321786712,196.8659523947689,181.77947164417392,184.2780309948545,204.24079044032456,200.16300097462408,213.41577287316682,204.8864516133082,214.37441049402162,216.5456922402446,219.52168561611,218.99594079939695,233.01296693066018,229.6516546673937,227.38029320020968,213.05487525609846,219.10394786326725,213.670637473606,214.374280250528,223.07596672029374,227.81091508541607,215.50871633485662,226.90062618796242,216.8444693675168,207.40340242984215,211.94571039647295,213.19359328825252,214.95212440168822,209.99009515030227,208.64585594490063,209.19333653522187,203.29529299908071,211.1475976051155,208.56850979173618,222.92080638144066,212.3745222365854,198.15589748884898,199.19264950592117,207.66369853847885,214.37028258703162,215.91231124723097,204.95166634690347,218.19247537526405,211.49850127413094,207.23049018337068,212.74059657283968,221.37095481618536,213.2535008885481,195.53205663677548,191.2665154741542,188.29958542181396,201.43545229631525,206.38924548121707,205.39270535273812,209.1764568270409,210.50254132035056,201.22272516950562,199.32272279951152,205.66573230076347,200.45151206942396,191.60967374350432,205.29216289141533,202.80693618054195,188.90638732458544,191.51138417513295,188.9088127930038,191.15601057825114,196.03066953908305,198.2606161727491,199.59154742367312,201.4080672680791,201.13521008021706,211.0392736804913,211.63538189718793,206.5524086056557,206.01899266900074,200.3891814315352,204.50999390937432,198.14401216784492,194.66314779631819,192.69385404443076,195.72847814725463,199.09708658061896,209.42250924664467,204.34292675449407,204.202170377312,201.47616826738152,191.81701477575012,183.07063556107016
560,2014-09-22 18:20:17+00:00,,256.69650351238124,246.89358714985644,243.12502507071883,244.66987766442753,245.95837446464503,238.4054009481877,251.18550189054918,252.97459217696053,249.1445556066139,246.16148997783617,239.99499123836165,228.44914011172625,220.4738122908247,,,,,216.04897367251522,210.51286372710382,197.51098851181195,193.8356210071662,195.0372874407409,194.3651125477996,194.3553025393524,190.98981752566576,190.96327815469377,201.1512757853984,206.49639127734247,203.70813743748732,197.6614116615263,191.98822797532125,,,,,,194.97221225535083,193.3315178108727,185.87052992509172,192.81314259624023,172.27036225419394,172.27358643363004,183.26893282552714,184.7796578788283,180.5315288759635,187.7764999842721,186.08516135855837,193.99364414532403,192.95316615582067,189.27067601401762,,,,,,206.15426809194923,204.86480825369108,202.56168296170011,204.575259086203,213.0299658328451,216.33690605413608,205.16179634636626,197.55764606625013,197.94133163937184,190.67898376997,189.63486228880794,197.3412105393268,202.83479369122347,207.18456055298256,213.40793240510294,206.25950861596218,212.87231451476543,216.3928784106647,221.16034793041996,224.66585217172207,220.81708141635815,,,,,214.2722263865077,227.3481902625366,228.00095663295463,231.71848580575966,223.66979045932646,226.71926081333166,232.1686329858197,226.30465882979126,222.6859587909516,222.1166290538901,215.2157579981644,210.05757351595594,212.78560943815063,204.88009618473012,210.37109943171305,212.94522828240605,217.86202116746534,225.91260852512073,219.75029112546827,211.08576032933956,211.73258984689318,210.17099774785652,207.7536789589287,210.56065801952553,204.40363246105008,217.66602530605635,209.40319533509978,213.95021270203586,216.6083466060556,,,,195.98299752771572,192.09225673332972,203.78146607018465,202.91616145152943,214.01474949595038,214.14406679674303,216.49494477502913,211.3756704670896,,,,,211.96746770672377,208.11136697977267,195.0863620132545,196.72289450503598,202.60991361456993,200.04487206080933,201.76754991143957,208.02057738329762,205.55088286132872,,,,,211.31855728595286,205.02438591941845,208.7046568013384,208.23805057249797,199.59691833442395,192.65782431579285,197.32759779859944,201.95634785064556,197.61336050884753,214.60323616563792,204.32987477317602,,,,
561,2014-09-30 18:22:42+00:00,257.05577194360757,254.5575535004707,247.38674423416177,238.3645653754618,240.845015751395,238.77359297606594,233.30685640877908,244.66808870446368,245.16867232032172,242.76141950120655,240.88385351296557,230.70806981933623,222.86429940348052,210.23374970659577,209.12881457394354,211.8454923370462,205.92961306585448,200.3753142996586,214.28099123548554,209.02084719661332,193.47606065159877,191.32031920448702,187.74924615772215,188.9227247184959,192.36672403227016,181.33784257655793,185.50767832807236,190.77056539888142,202.8934604687348,197.53077336443647,187.1378251218589,184.24086306095103,188.54145359654046,190.55362449445423,188.8135039460179,183.77274921599957,185.77571283693385,183.2734383035436,185.02376759511424,182.61122612154116,189.28279467025544,169.7965010327161,167.4129555294202,174.53508314005012,174.9060750792623,175.2595359945769,174.17434207144896,180.26643332328018,193.12963443045118,185.3843835976628,179.75720301659692,181.12628095501822,197.74913242037593,206.96162465352452,206.28872189449254,209.88398858651166,208.29726225634278,205.23618100117736,202.0206791907361,198.1245923432731,207.42576800980197,209.10948191809763,203.4953902136258,195.49279842002835,195.906025894697,193.69373789798763,185.93746593691787,196.0886777349741,204.3824430477622,206.88302322355923,212.58471336867922,204.93622179631294,213.2655692376182,215.65414347610334,218.47290863820967,225.08638966937832,223.72409552581206,226.15164303752852,220.07396580419112,206.90259597654713,218.5778800560949,206.93180842061804,224.94081155111814,221.90006795562755,226.92455699199155,217.1064349044205,222.1371616860496,224.87449131993336,228.853862822238,217.0929328845168,210.23389245659024,209.8445096575082,205.93931621437315,213.26052866193467,212.43233233644423,216.92996581840478,214.49694525559235,208.06324636522544,220.62792288056625,216.1272923754966,208.80165676612125,209.3950254954201,209.05675414914748,213.10210696884053,211.83712832560354,205.28730886530036,216.87577550070176,208.85569091624473,211.48598229046036,216.8230957871881,227.0823471850189,213.76550743924702,205.7166104167389,195.7653199476029,193.01507941201322,202.83815306015597,206.4198747977099,206.11401048176762,211.7716814276931,214.78628449670433,206.69703692603517,198.0361233086836,204.2048069382674,196.56562872978077,200.8173402778508,206.86694955853292,207.34714156872187,193.54026228747034,196.5942073815818,199.8258409317961,192.02335500281293,198.61679462262077,205.01695031927457,204.64581352521094,201.91926062794238,205.03977174892384,214.55692139371845,215.48071291263594,205.88113668179687,204.6796851401831,202.2920350325526,205.05059448820424,195.0767388051045,190.58827469717656,197.4656860124265,198.27242814889212,197.6493361436884,207.95690106877072,203.09803384804212,203.44562566213847,197.4536784094043,192.53391265397988,174.41109616610044
562,2014-10-08 18:20:29+00:00,250.65201356706513,248.26240777672092,240.41004021814376,239.32539044250797,242.62921602465178,237.74323530828786,233.0619223106163,240.05784360949812,243.04411564238023,232.21082923045634,,,,,202.29518305211502,207.42345458289833,204.5775898729172,195.68545201678202,207.4949511525067,195.69314898062393,184.02033154685864,182.98436553136196,184.6789426558159,189.94470405067324,185.28036507366915,180.81291045845467,179.42005759319937,,,,,,186.30065840193765,185.67339854486025,184.43095245416401,178.90362519756047,180.26305127223105,182.19375854358267,185.46201039941624,182.0693527756044,186.64585918937587,168.84661533439527,166.09067802780982,170.415717036996,170.2942610381548,167.3304929241129,,,,,,174.64647561684143,188.53919927970898,191.6149132012627,195.98617618404978,197.68494534195392,198.29387076726962,191.48230492799894,191.33386894582458,193.72981878216183,200.88596133012908,208.7583672549091,192.0787229201502,183.7374233351232,190.22031638500474,181.29973599988176,171.53055773618848,180.8271666092873,187.43947273869045,194.0586707052534,190.9554463421462,,,,,,,213.3758928929243,211.16311903417093,203.59655016873356,208.40646286319446,213.32922154686682,214.64672726401562,215.52687056201097,211.49755846170356,207.2201731104671,207.10210479261394,213.21367499915797,199.99748006742936,200.32762062042283,189.22860065261668,191.85119819476373,200.4554433830873,196.65980094983945,187.7338859807764,191.5705032728405,212.1729717430052,209.55317777004896,210.64772535680083,211.41919613482366,194.0140312052046,191.63068781431915,191.53797826026607,,,,,,,,211.30961816114993,201.78961991716625,191.55018035692115,189.20309892040365,183.6240702813296,185.87147275294706,195.5719511402632,202.6131959016227,,,,,196.01434433739593,195.79032216708896,198.4741393223842,198.76992102023866,199.4593381448099,190.64368716155957,182.63105492632806,188.89077256112546,191.86907419442957,,,,,203.08166191292622,211.6861135208572,207.5188837495387,198.0882800030796,201.31300155556224,221.572344227894,215.47239902702194,190.46281802840718,180.7416925837794,182.70062118280913,204.0827734986339,,,,,,,
563,2014-10-15 18:26:42+00:00,,,,,,,,,,,,,,,,,,,,,,,,,,,,,,,,,,,,,,,,,,,,,,,,,,,,,,,,,,,,,,,,,,,,,,,,,,,,,,,,,,,,,,,,,,,,,,227.1199383941401,219.91303654519874,224.20037657674885,220.71485172777943,239.94114946121329,231.6664646635942,222.2176859138778,215.75559035352217,214.99493540230503,219.96616226916714,217.8118150728137,218.0958062723043,219.4360945868242,221.78631870979262,213.79507461983835,212.16316277151242,220.01263529792152,228.45094204861894,,,,,,207.89482854092864,209.5330361363889,213.43323521005945,216.1370767712208,213.4639257673416,209.3183915850306,202.8525814494477,,,,,,,209.50378942069128,209.9818317905415,213.3102396638247,214.09411423830898,217.2428980614692,213.68214361347245,219.49567996585594,215.08986399973156,,,,,,,206.75690104092558,202.27753260254877,214.77604304063541,222.16185511858976,220.31397844592306,212.46085302258618,210.82345057877234,209.37752269753275,199.1643280426777,
564,2014-10-16 18:22:47+00:00,256.1697795486142,254.1932756770525,246.27844461037685,238.55700584062265,243.26619590402385,246.82010771197076,240.7605974247892,249.65461048639764,248.22732487282602,248.2020284386196,246.1987261583497,241.14064238963635,226.30593428063656,223.58332636019148,218.63106023626221,218.43212275980866,217.64405778057346,208.6016011909249,215.70701082026056,210.84062387257734,197.44434298683734,193.22726514673911,193.63173051323975,203.03827105982924,197.0717664206756,184.89713579486357,190.80982331001405,196.67942959235464,208.4517377823115,209.6915893331916,192.9305375447196,189.1226649483217,190.26182241780418,189.96786270316548,191.98630078575277,188.18819964876178,186.29381574409254,186.36785251523423,183.68588569275482,184.46370808874798,186.47999047077155,169.38290883122696,171.41536529227454,178.7939966503663,181.2944378694853,176.767974884823,175.59113675951824,183.4801539899115,190.7296106818862,187.96215357320423,183.51809635239326,184.62872517747695,205.42299403163295,210.31926210918905,215.3979889156945,216.57033080476737,215.8385750079992,212.50536978699213,205.57176242215655,204.41264934030713,218.15186521479865,219.94322312832674,207.07154243726484,192.47197058593457,197.4069884638943,188.2917733420235,192.32766005412975,203.08976623048272,205.28507111487372,208.81331293645965,214.2763944996734,208.6010359114502,215.53602838969226,219.2812506324653,222.2822945420956,226.98301011657634,227.58388764391398,227.92344839026055,230.88999009322532,220.90827993679102,215.43776035273856,213.89589338712958,224.41795434237952,226.60095609482795,225.80840128904356,219.79593837107444,226.58935083975993,235.0894707389288,221.79672044528962,220.84660127123527,215.23965572412635,221.34448758352625,214.58572931938943,220.18374462920784,208.7467541258686,217.50135024676268,215.54115840483163,217.53242803438826,227.51853445904945,219.57372907906057,205.20208495105447,216.22564622544374,217.56597981248655,215.1487175480558,211.83280312045184,212.8798004644215,222.5621839947321,209.87437585937585,214.59910175455332,216.36611668947234,226.32793594941361,213.4270676257699,203.74864002379582,191.97423700448059,191.72280020750785,204.02383934315782,200.3731851531907,202.01585051456442,198.43726422208897,207.13986805355114,207.36628237926817,204.94284162957786,203.75060573980466,200.16340650630337,199.17782060762983,204.75255330934922,209.89400846575182,193.90244695125597,199.7676477208255,201.13523206054728,199.1480658161798,205.95561568198025,208.80573807535842,210.6889638263429,214.83095844682316,214.48406134929164,219.09789948373782,219.16057056130975,211.59782103121825,207.76573528276975,211.13621335903304,215.0705287834108,206.00913444970115,201.91240932605294,201.77841531691325,211.75738567112228,218.95114537910288,216.9667688769238,207.9087598339603,208.63062442345728,203.40729503895557,201.0662234960182,187.54390944305015
565,2014-10-24 18:20:38+00:00,253.39206349019767,252.46095641567248,246.14004432674196,236.58426742600764,237.48163639648118,236.77261695039533,234.65550740225578,242.16433455462425,246.46798038234238,241.1912444084345,,,,,209.69437279827216,209.40730041420557,204.79719790586876,200.60656134018177,212.79600488754693,204.18581770463496,192.7081306299193,188.55126371428332,190.6315520483624,192.34425326893097,190.67220297199077,183.33587607151344,181.19499536899067,189.40918499236273,,,,,,186.51964649307718,188.34171282129898,186.56479951012827,187.32522441208891,184.69841789966262,185.75049152179116,181.7859617375351,183.7573774221309,168.71692849151322,171.62197454227606,172.57092230336065,170.7175277158695,172.16794281223926,168.29421153804364,,,,,,195.54269922323695,204.4917821596055,202.98603114451447,208.58494518288603,202.14033294812705,207.37983466384327,197.51900831426713,194.13609998466683,209.45311279868537,208.22643384055291,191.50411472571014,187.9519022892365,187.81101454037756,186.02033340142185,187.9601014493043,182.97279422417108,196.0562527909848,196.62258242542907,207.43035234388034,195.5852385570208,,,,,,218.38127368708817,213.68121267107367,200.87110664112447,204.75306784046705,204.29677411908045,215.33957529625414,219.5174671389099,220.15779426523966,210.60998268376588,211.1919018070734,218.61069794802995,213.39280828537608,212.5666925334902,202.80879498010543,203.79027055151263,206.49227199043557,202.47972816216733,207.53929316315413,198.88497774811054,203.94046734654293,205.543835738074,217.21978602445756,212.01028317887457,197.5059503889101,203.07469968557177,208.56823184897866,,,,,,,,204.73324537936702,203.74157848793033,195.06721046998936,192.3558699244226,183.3493133838918,186.41964536416168,188.7699126802484,194.80101506812355,192.9091356402448,,,,192.92198924664643,196.47886361413526,194.56994610074102,202.54520574673822,200.65351469103427,190.32608431155845,182.1633989297976,187.1245179107482,191.1742938929833,,,,,206.6733139267765,207.34605571824144,208.74749823861242,196.36899871688104,196.5682397324789,199.97343384061344,205.6918019210966,190.6882170965551,186.70930446360606,183.99942305894126,194.13573017103283,,,,,196.92892790674037,187.5340162165186,177.3599675015755
566,2014-11-01 18:22:44+00:00,258.2450713375838,258.9387724861626,255.60977567685276,251.18234999023127,250.62997154051925,250.47217422275372,244.36474764101325,251.46555667363427,253.5836600863898,250.92969547687636,247.39367172118872,243.43107801557704,232.98213500096853,227.25271182896404,222.9468696001012,223.09443545539915,217.90391667880147,217.99607996138394,226.35663973961553,214.6853219135947,202.4340206570172,196.08441355387117,199.14223732418623,204.0298839976386,198.04908031500378,189.19298568746797,197.1591898491024,202.17075455790794,211.84903676489665,215.61165644965976,207.88574678162513,197.1580151852633,202.07541337374988,202.72424759412007,205.9255146548813,198.01481115496682,196.03253587401105,200.09329698025078,197.43091096913997,196.4360087148275,195.26063206711484,177.29660936121724,180.07051459710766,180.28748383584065,183.10758106594605,181.3148578199134,178.2537229861624,197.26118146204834,195.98752011714225,193.6102712619815,185.1602004483911,189.5861469773132,208.46348034031178,216.71195256300226,217.02596714126273,217.73316838841077,218.47096390503566,218.32684689074676,211.1357760945064,210.53079489920134,212.55230798020284,218.3980709981805,202.4805976296562,195.69152135174676,195.02976699539005,201.6273774473409,199.79391693875223,201.29057264128807,202.24670730123023,207.8042609211845,213.855168797075,212.70954403969836,217.23920898045236,229.40773230214768,229.6815206383758,231.49160714102155,233.76921335442128,226.84538907040994,230.3285800351244,219.81647572693535,224.0243328531071,221.87833344939588,230.8452762943738,232.78494797301119,232.24775287689738,223.24611818134457,228.00262889091778,233.81085407606759,223.92763980695685,227.2561533415704,230.43286319528505,223.1332363180374,222.316106330559,222.04556602886996,214.60027933599542,219.4044537718458,218.34430889135302,226.78290075185993,232.4829786654994,230.83008120047094,225.08922166190567,222.12834235766903,218.5615404292202,214.09478155853188,215.24993264679335,223.17040287274003,228.09587247673633,216.1893625896201,226.7008831993039,229.77147920710198,229.25325580979768,217.638994864844,215.4500518595376,205.62430223172544,198.93002391073983,197.56208208241327,196.19467765002705,203.83942439429993,210.94784645722004,211.36778118773628,204.50673114867007,200.40324440522392,201.3112210040614,198.63949750548198,198.71225505604332,205.29121723101645,204.40955790887455,199.22733186857357,201.70882245021932,201.4770799602853,199.6560372619365,199.89250114551274,204.45954174176308,209.12531342257168,214.73983295286098,217.8276174122068,225.21265717081766,222.90117136754276,215.90542080703108,209.5568202053523,210.30142857533735,215.12339304753397,211.06529736474795,204.0125409450867,205.1661832439886,216.32676393818645,222.86076530750296,218.14922324719322,216.64475126727925,216.61707663560748,210.84130682684943,196.75020525359895,197.78072636476384
567,2014-11-16 18:26:58+00:00,,,,,,,,,,,,,,,,,,,,,,,,,,,,,,,,,,,,,,,,,,,,,,,,,,,,,,,,,,,,,,,,,,,,,,,,,,,,,,,,,,,,,,,,,,,,,,,,,,,238.70494025090062,,,233.3241054843611,233.09710262343748,215.84676174336124,219.4670328137318,222.2560018644278,226.5031670954972,218.4181725201645,218.95945213865417,231.5136039095222,231.84911752711764,217.02286282317306,,,,,,202.47448281785398,215.61141600824237,216.09942992204756,216.33007654906066,209.80150357852193,203.2427678505284,,,,,,,,207.33064984356236,198.52239488173348,204.0205861467901,212.40284808368762,216.98200154339088,224.77954946516604,226.3378870968811,223.37305660753572,,,,,,,210.80920970924808,222.47457104142217,222.66390590525273,222.1789036762469,217.84450581052738,216.93550876954873,217.44953282105593,201.03735906144607,
568,2014-11-17 18:22:44+00:00,264.03067908747585,270.1677241673491,255.12374959133007,254.5016042882059,252.15396671525167,251.02122075065193,245.67556282901867,252.06270585240327,257.13650386460176,252.67243100427285,253.58304398586753,245.3393392451287,235.14619346650238,224.8806964017321,222.1724671057425,222.85956102788091,218.96106476647805,217.75420084177654,230.10490325848568,217.64017416236732,210.03251387479105,197.21380165457282,203.80888244463782,200.97403799506014,204.36570944728905,194.4942165483581,197.4732342031142,200.99308974383968,211.14917530894994,216.80197613874407,209.12329344872563,203.70901414360466,203.63356263652787,209.6491274361142,207.07670430488832,203.89421235229878,193.3828799594328,194.9256913373743,194.12574518116207,197.53968594737034,197.8561868087221,178.92994752741288,177.789825460862,180.6630309779881,178.06518523717915,180.33221019291742,175.88609285781,197.22382140911478,195.28844877299116,192.67207089824683,188.45581267368232,193.33836017005234,207.6334959571438,216.66645561327084,215.39956997822077,218.06449741062738,220.204554067933,219.64863060210376,214.15612890172096,210.570790287374,226.18923746490196,234.25917213652752,211.8734530179098,195.56783297217248,200.29653348841697,195.09968204802584,206.83349633086618,193.83417337645133,202.2962593078126,209.4159322803789,218.15990036587692,212.19618663922887,214.02909695104074,228.85181393415152,224.61808148292067,230.88242563961705,223.63720460964328,220.45152875954085,225.92655702014463,221.56432477601356,225.18293890500738,226.2826557110667,234.16407863964025,233.1247934477231,230.291095896562,223.93177776875362,227.60860151514183,232.20196759826158,228.33553759533234,232.81907750465578,231.40149230001762,220.48675622956517,214.06236606524254,222.11806121508295,215.30119163588427,220.22558739871528,220.54353905037175,234.71784811400602,230.99665226330967,227.41637952959923,222.46226031350233,221.4639538033258,220.55267959574172,212.33761726262608,218.47238499498104,222.65615435332762,227.91268319324922,222.1958832376289,221.13041543186614,232.09589425347738,232.96138323179702,218.8669117218182,215.4105532768516,211.50201653517348,202.02642603906273,203.17652292318266,198.27120489555287,202.8968481090032,213.98526152037704,214.6708060609002,210.128718962568,202.6781093621033,202.98865176905173,199.07437503445692,202.18575154331316,208.37204558635008,211.88821061706005,205.72704602374037,205.7829879161601,207.26542274091784,204.42553908997257,198.3673653415399,200.9992415476073,211.2366348353186,217.56763048501693,222.9607312524895,227.81020507921068,227.42020862895166,219.27331079525794,214.3577301827264,214.00992459157993,220.0643308037611,213.62556460843928,210.61154350950062,211.4378463017899,220.93433233473732,223.78819312496867,219.9780686317631,217.02194693990745,218.25430775797287,214.75054850300432,202.0795273353233,198.52107893497674
569,2014-11-25 18:20:51+00:00,253.98149165051967,251.49308904984304,243.0987201313718,236.87935142925994,224.64441043761963,,,,246.53865183436216,240.18763433344446,235.81141725016255,228.98680176068746,217.6558299909799,208.68434691045474,204.32254484852297,209.03547371306445,205.47615730583829,198.9310952884399,210.41368703444044,204.7981917310185,195.6953974582353,194.77834654441372,,,,,181.82481586977886,192.23938013344463,188.63317355801962,193.74557956583288,190.02291492713488,181.30538144373946,181.96895458652753,187.64430152911362,190.09188252194474,184.83757113488258,185.7002333981732,187.3116701869243,184.16623951806312,180.91055170517808,182.42935746056685,,,,,180.0756932507337,164.46328445647626,175.82003976781036,177.2442884997321,178.16853790506372,182.7753323241139,177.3465721150144,192.90980105414025,205.21752574934877,205.6786851265515,206.67285997089903,207.43804842999364,202.62770486091875,196.96191010323497,201.26151705499623,211.23434346133214,210.78208177944765,,,,,,,,,204.86639937456252,201.07743200428874,194.98888247086953,209.29053155185196,204.115319021115,206.39680199529568,211.63943830844687,200.4128194919886,210.65745644128486,201.68662964174715,204.7302260193714,208.43701221166629,222.1741512944535,224.07350286388004,,,,,,,,,,,,,,,,,,,205.82875007722663,199.2109311719637,206.24788045151115,201.81577716301862,205.47628446981875,200.330654515278,196.92359768691142,210.91626479721364,220.32446385816053,211.83661607512875,201.62431674005632,194.0725013902131,185.97104044401274,,,,194.84468130095036,196.99673434035734,186.63675794912635,187.41723758771326,191.14351304884897,192.36712121614846,182.74367705456487,191.59978947092057,178.43258904400506,,,,182.33435592458832,176.69194504599196,182.61872115291848,194.09231648034552,201.91412736321078,203.45702815580307,207.5652244863926,207.72834782107844,205.57244562071998,191.86972305191466,200.7394267711237,,,,,195.8804886990988,199.8584419688317,200.73639043486256,193.79220142798954,194.90641141347663,193.0317417277385,181.14567311426845,177.7974344385852
570,2014-12-19 18:22:40+00:00,255.59202347474223,253.38332626363118,248.24579604884514,239.23754647017097,243.67571781155726,244.7851456551512,244.9885496632368,250.6480427268474,250.39782704526158,246.45417887161284,243.15628544373612,237.90122678492662,226.16392751986936,216.23319708909463,211.71900671990323,218.73780836307043,213.56198848554573,212.2796307266555,221.90464656035334,216.88939589757916,200.61387972932832,192.67261830097453,193.64791190227356,194.56151393877823,193.37567496261389,179.72574636990993,188.1668794104342,195.0279197931945,202.85712020055294,205.58436362289567,199.5229506164079,188.08649336252512,192.37822923661582,191.2949513818578,200.02791627725844,195.11582944839444,193.13986921106266,195.5041905889752,185.23328405213834,184.65086877456073,187.8089305518282,171.022730393205,168.40645239011246,171.7070672725808,179.47153147523383,175.74108922272262,174.87669704973672,183.28817312479703,191.8356423734382,189.8111862533671,183.93623007739149,188.20755351542704,200.8493194862004,205.58061490359484,215.2582051371583,218.1927908534011,218.77809811650087,219.86843728486315,210.97799914802243,208.4467023254046,213.1783904506992,213.6348364925257,200.56369423349776,196.8378123259691,196.41290439893146,189.72702130425844,199.9297876689133,193.49687541509093,194.15266046142438,202.32321010633385,207.84006465302642,197.6375574589018,211.35229981689568,216.90862331493872,222.09709864681867,227.6434313459573,215.94903248330598,217.1205822171679,227.97014692721993,222.4414051480227,217.75169440361339,215.9771035962841,228.03469273070056,229.27564613225476,223.53104101285612,215.4755469289288,219.3202035174511,231.79642391175923,221.78879252015315,220.76031659919016,212.9841036789885,221.33361137365017,221.55513307784878,222.74591998296412,207.80489344234206,216.9882428321755,215.8204749849317,227.7427426841732,229.95169476750615,224.9256920330736,224.93083779393606,214.49264981328238,210.35713593046952,207.4083953377544,211.8121373983771,215.0003672987137,221.31520970612192,208.3337946873847,219.02732951553793,232.04974967664688,228.67319849106428,214.14566250547492,209.58031646768626,212.55411964280896,212.34490029546947,199.68613862826328,194.49555109641292,200.07002570429518,208.12607492866744,211.02875097035314,201.9284775357617,198.47547995810004,201.37782397094577,197.73035773271513,195.6667983959675,202.3243544038436,201.62502691409657,193.4432896245421,198.56315749732846,198.53438115905269,193.29471976596759,189.88790412022746,193.7960006231135,199.4811263590047,211.88948206077416,216.14910034528884,219.95465675157965,217.51260701037515,213.33124224428272,205.48332739279857,205.32534355389538,203.9371615417224,196.59104562866563,192.3648591435811,190.045509543348,199.0069266676161,205.31106782414372,205.32544772010903,202.2870640770949,199.6041657080272,200.82762310283346,191.57104043988633,183.08107282307103
571,2014-12-27 18:21:04+00:00,251.62349350086214,,,,243.92722704792203,246.08775836381076,243.01331311503932,247.121810492607,248.22977803122487,245.93250466684935,239.40532492461247,239.3790597403879,225.4713632980638,220.12459566485973,214.95500331390772,215.04022259568242,215.45084618121166,201.27420758657541,,,,,191.42889664128677,190.78656982320064,195.53745782476295,188.28254253200413,189.58667734584458,193.75596389901057,200.56703670371957,206.83698588166845,198.5517786599542,191.31976294515516,195.36207342119954,197.9622701698617,200.5992855682294,192.04202696242544,196.7107377242819,,,,,173.9193292209966,183.6547248483707,181.51542620405093,185.14299226668726,178.7072378321016,179.70923623369217,181.16971399911608,191.0456889856311,188.9235786318826,193.43394450288434,196.64237612512954,213.0892241319358,211.69174587233033,215.33852944899303,214.7634064433771,,,,,,,,196.11478762813013,192.2996270905764,,205.87795383157146,196.02300067033516,197.68851088068465,196.22869973034716,208.05170457966375,195.54375843011178,202.8638956092732,214.67203293504633,221.61474120555968,228.97576709462018,217.612501833173,220.96448173289747,228.28046737798573,230.73668137875765,228.63327259526204,,,,,224.80469126425044,228.0814092900577,226.47997262364885,227.24611976810905,219.10510695536573,221.43934504694207,219.2496607680459,215.40691134786954,220.99660316301168,214.06692353587917,219.13769440695438,217.14440743123544,232.45798698490904,227.97577296492688,228.29050459524177,221.9056261892172,223.8300531853858,213.65392778514996,203.7716584787969,213.03608593135456,222.02690883183612,220.03468740323908,208.64959633377802,215.3001467039796,228.79192010072822,229.20906001016425,224.26381944948238,,,,214.32428479397157,186.61684508967417,202.02953092860304,218.71006589373718,227.02825312698215,216.69758435184247,207.40289166038997,204.71177485983856,194.35661706568155,,,,,196.5372643541623,194.6431272151709,185.92214423297276,181.76115101349103,190.46972807670366,202.5932735815604,212.99783811282134,215.48107612648465,214.35379983049586,200.4494534511697,,,,,199.7961758620309,194.3696434767903,191.06447318446692,199.35975474713413,208.10180338302786,208.01490567868103,203.6698656114216,200.7507835735817,198.6870624723776,189.00297375445993,
572,2015-01-03 18:27:15+00:00,,,,,,,,,,,,,,,,,,,,,,,,,,,,,,,,,,,,,,,,,,,,,,,,,,,,,,,,,,,,,,,,,,,,,,,,,,,,,,,,,,,,,,,,,,,,,,,,,,,,,,222.62223130571041,219.4340621357501,208.30164435420681,212.44364613902707,214.42849847183106,223.69502909041702,207.40283198815354,220.89052424115988,,,,,,233.2544575058241,219.7704694387656,213.76033272000547,212.6395764289921,226.96608589121956,231.42969501696368,220.45639931599015,,,,,,,208.71607377226826,205.42323378512873,210.09448778921717,204.586315016366,198.0607104191056,195.15048648933592,202.9065064175806,,,,,,,,221.225615066132,217.00439125124848,209.30292006130895,201.63639744757361,214.13209735979518,217.28483168652681,219.36041845577807,212.9495949745668,,,,
573,2015-01-04 18:22:35+00:00,256.7637096988715,255.12667250339635,249.91236926756716,245.61620861539058,246.26535281265387,250.6331334751886,246.88556833170108,251.15258110968728,251.65090031836536,247.8164845035509,247.23114622418484,238.00204134528235,227.4797577837124,213.36898386080503,211.85085539038096,215.11476361961655,216.5810809530434,207.60492106139202,223.49339206684357,211.1868127731783,203.39865906740232,192.78923168428224,193.79019194731183,189.4171347572729,195.0334698121386,185.43870079733932,189.35757716771252,193.81329456964153,202.27150342812797,198.39164023882444,195.1507123775812,189.0876199955523,192.48779043231124,197.59737667034415,199.9468755096964,191.94320773841315,192.32642995530887,195.4012646598052,190.3891660418732,191.24529039824304,193.76477437434272,180.21195371121343,176.02276817796724,188.69144989602515,184.70686672793,186.40875862892705,179.02362491575357,189.56045042348944,189.59024301023805,190.0668706084549,189.36103183022448,196.15414143783394,208.29710578411834,216.28096048706874,214.39585468923391,218.293521616647,222.4219500274633,220.08129181585622,210.5966644876509,210.29564815520075,220.91099871849275,217.64824787292451,209.97361297845595,202.78176079164854,202.02296979831743,197.4147536293993,212.2315987646951,201.4791995458464,203.65797205270547,203.92285399353332,209.94853422525475,197.97263050567358,204.84108152005808,216.83719155242864,216.26509262383001,225.89919869342782,213.026417866204,220.7177640231182,223.70614524175852,227.20266493861155,228.84631752757264,223.18879682991246,233.3378876529752,233.41441159001315,232.40741345622158,219.81684599021403,226.99864710950715,233.0781200464622,228.7321850103507,225.87175036116113,225.0365738729454,220.4414310491807,221.79627568843574,220.66466066318267,215.0992768652842,217.47841203493138,217.1860820138726,228.28518464784304,229.0219800369312,219.08886837803868,224.48241148367666,223.06003435464203,213.77949965547828,205.3834775937068,214.22233530457655,215.70969142205985,217.5841897961543,206.21796742252468,214.61096567950824,223.02769154727642,229.79158411866183,223.34542633087165,223.08593177784806,223.8688024578173,227.8410402224353,217.36047147083025,206.3497657147637,208.42352244195428,226.03699121283316,227.4929288851479,217.72822798459922,205.71906094728723,209.59707109265162,202.8219655434891,199.96005248637655,207.68220045643093,211.65910642621745,198.2503437613567,202.4991564988644,202.63100044439412,199.8451653328902,197.9492862449108,190.7626368972189,203.14363448574082,214.17950954918624,217.17411183402402,221.51316605127658,219.195268198905,215.22424343668712,207.05208226072955,210.1135950232217,214.33156291788922,204.2209889418628,201.76429705527352,197.70203600293104,208.73100322324706,212.27975384302533,210.3058797865183,202.85700170463707,204.41886001274284,203.36758877966588,195.6954501210742,186.07857322026084
574,2015-02-04 18:27:25+00:00,,,,,,,,,,,,,,,,,,,,,,,,,,,,,,,,,,,,,,,,,,,,,,,,,,,,,,,,,,,,,,,,,,,,,,,,,,,,,,,,,,,,,,,,,,,,,,,,,,,,,,,,,,,,,,,,,,,,,,,,,,,,,,,,,,188.32322153917255,,,,,,,,238.17603196125782,242.14750151428552,244.96248902683692,,,,,,,,,,,,,
575,2015-02-13 18:21:12+00:00,268.3445203965398,269.16252621405175,260.7119649409563,253.7292266755136,253.85936221546956,252.60564367825992,245.16772089502018,,,,,,224.41871414381689,217.83087100861965,211.74704173969047,212.82205118715166,208.43848873451086,208.11579825615908,223.58074982659102,212.67941543497042,200.0898285190246,193.7636906659709,192.41592438611326,195.27796284922317,194.18154601432968,,,,,,204.4150543971123,194.5673722047096,194.64752575010783,196.48609597107668,196.6697627280363,190.95610187139943,189.27705030203384,197.58523271897633,187.3354268210525,188.37818232935044,189.12547994385952,171.47142711900406,172.3741742619537,180.87029680274878,,,,,,191.44718061716947,190.4036337010274,189.5834684911588,199.9390950877917,202.99761665389076,205.7543794771247,214.68585950837166,221.54823079483793,216.0956411480617,209.01593218835603,201.88372228232643,205.44750315642625,208.09918176547353,197.74579959159468,186.53618311346725,189.10896764423438,183.163218426807,200.46162621992949,,,,,,,,,224.0958158554264,213.89481211421077,221.13880692088918,229.2307747599324,222.55577975210934,220.36626660876536,226.66732372363572,237.46922646420524,229.3724865161807,225.65712046621178,216.01983306509402,209.16125031578264,216.26222754340745,212.03938989837698,229.95844174271252,229.21999157683192,220.71727500362755,226.16027122064372,224.16770503011975,,,,,,,,,,,,,,,230.05884709064418,230.00299128940475,233.3039516441853,221.43351829785007,224.76998680230292,227.900051922526,227.929251074904,216.72664311957016,198.12613695872972,,,,202.0623549447879,197.04974366767246,192.50381099721716,191.00452448415274,191.52067978689286,192.72307791503556,197.21114082199966,189.32919943264375,190.74491992273136,,,,,184.88172168722218,204.79079476616235,214.61154339796337,211.4673869401901,219.17220845037627,213.3672023031076,205.22597129820548,204.14423885310543,203.65554744205713,201.0024609299257,,,,,,208.69446037710452,206.28617490170924,202.16992472992442,190.11900273537736,186.19148600637016
576,2015-03-08 18:27:37+00:00,,,,,,,,,,,,,,,,,,,,,,,,,,,,,,,,,,,,,,,,,,,,,,,,,,,,,,,,,,,,,,,,,,,,,,,,,,,,,,,,,,,,,,,,,,,,,,,,,,,,,,,,,,222.83317753469356,227.0424220044709,214.43985637732834,222.46436761284482,239.97865048750555,237.5402443607411,238.58932397273043,238.85068689575957,227.82546619029176,,,,,,223.75879746312256,220.84235605990037,214.60086040640033,214.54058230293685,206.86512690793992,209.38449842024903,199.86217126764166,,,,,,,201.48480445085562,207.0441577796072,213.93806055135394,218.04504664667678,223.79487447671195,236.01800896204998,221.57378698938732,213.03147560512912,,,,,,,,212.51104762029237,207.57742180752103,210.79617816310537,209.62364045900466,199.96110150932998,191.29133477442707
577,2015-03-09 18:22:12+00:00,259.5611694070718,259.7041044494665,258.12148846839386,246.15994906023582,,,,,,,,,,,,,,,,,,,,,,,,,,202.20169071161314,195.15197576102838,195.62741361591608,190.30494190816188,,,,,,,,,167.11017794167356,163.45735803967858,177.006465025936,174.4806644151343,172.3485270954042,178.15419031527892,182.820243665748,192.3468067443198,187.02239420720554,185.81637728921703,190.94704838515153,202.94700647801147,211.24144863277962,214.82666888220334,210.15468990747544,213.85642168724792,204.7363592684212,206.7056097187928,201.15931865325194,207.9780541404335,210.37838637086674,199.5043823334166,188.51012215513484,196.52680796143386,187.39897532822545,198.94852252624506,196.87076190810646,195.54070591563507,195.5885288105141,201.2555693702871,195.46803958534133,205.76937751945417,218.85882023479417,215.48265274373378,216.4794588911746,217.7780462121061,219.1553488984593,220.21207462559116,213.06846688880987,210.81300391741075,217.12587522734134,225.65735231443654,231.10687657502942,221.68735172857055,217.06865003038007,214.07383140302161,228.42719929804366,227.7164223070157,221.60207716538537,227.1492908361854,218.92817995476094,211.4472139626788,215.95144130106434,215.50473339322335,218.6568685995604,216.63331725880278,219.273058003635,226.86705304266525,220.02717151778774,219.43775168190132,212.53591875052942,212.5103843685411,193.0530330685079,191.96344299365182,212.8036722806841,209.0574817915296,211.12275091710796,215.1940780791952,225.54396218369374,225.68309031288646,216.48533044555944,225.0436914883415,213.52767004859822,219.41722579592346,214.91898635743115,206.44214206635874,205.33839102124657,203.47984232728487,209.90602706598148,200.41021298906122,203.37435760948244,195.9809096118509,192.40425988582166,191.63076999162254,198.881796678236,196.89974196452448,191.58439583696654,189.65776877534583,184.81656930292522,183.89594755362518,178.78331203035714,190.82632520440558,197.57794576871288,200.864066721839,215.1970969549883,214.8194480433103,219.75943695581887,213.88556186484146,201.67533859140792,205.38070900070517,209.5580855713671,196.80176142100868,184.74652727959926,190.4764059745773,197.91046302058805,201.93696888757756,203.6388558624105,194.25158592571407,202.97075063706367,199.17879161746956,184.2261314129158,183.45205062027554
578,2015-03-24 18:27:46+00:00,,,,,,,,,,,,,,,,,,,,,,,,,,,,,,,,,,,,,,,,,,,,,,,,,,,,,,,,,,,,,,,,,,,,,,,,,,,,,,,,,,,,,,,,,,,,,,,,,,,242.96585926226575,247.38590369063638,233.94643710102315,235.85596746683632,230.5381061256307,226.65732791487272,213.55286678394862,222.41859329117435,226.13938820232585,215.8296095349164,232.09933033776394,234.05070942264376,,,,,,,224.22020810221335,218.81303580652659,219.44582888572305,214.04002069213337,205.16025275245045,206.63801326767867,,,,,,,201.18382167141596,200.49686384413874,199.57166585224167,198.77975842367962,200.11437914926364,204.9198649810964,211.6770752427055,207.48498184215677,,,,,,,210.68731182883846,211.63791881176252,211.68415965593158,214.6772790527477,217.31413635275382,213.5966773256178,213.99404689041103,223.87005131061136,212.67865730445217,,
579,2015-03-25 18:22:04+00:00,273.7277933751367,277.22390074612974,264.86378591327536,262.7427560791399,259.492567986643,257.92026609542444,247.52672354701141,254.43127444324313,258.2038506019549,252.22131172201796,251.79272027453618,245.58643289771697,235.78620802796848,226.89082855181815,225.66437375842798,222.39374878237615,219.88161533694307,214.64371338824463,228.10911264032364,217.50353168151744,206.84442100958475,199.54476806777714,203.25568340800183,202.25894413121236,205.87461378223898,197.06915405230905,201.74689263850905,202.8546108629975,210.03728126161903,226.33865086901037,209.10147269016107,205.47045427223495,204.45848297923092,202.3754668615128,202.95921176270394,201.7144731208111,192.1775885486382,195.99023291324033,192.62718040028375,192.6621784808185,194.12926815102284,181.59600007148686,179.24849879760362,186.32773665460343,188.52210891185194,188.75442714977214,186.02205798591893,198.98311274469665,197.0847628350315,199.681083489002,198.7508348824604,203.9854941669013,215.6935980576718,219.6757978235432,216.7254196068343,220.66031654286286,227.0273306204606,220.5568928181297,215.60388132010593,212.9939392874883,222.13105096456033,220.65737357362912,205.17601124092437,196.33871900108824,204.76374281151033,192.4140429499486,203.99368411079385,202.5852242588448,209.10530567074676,216.0622120033255,216.20313455880952,217.02294896886093,219.1150250117921,232.95344843643127,232.32454535294545,233.22315554153352,227.46029041354336,230.3896175087261,233.6934655378302,223.20097851937638,227.96454046966835,230.2468611181195,233.67318249256198,232.5749055800756,227.91197274072783,220.64617523589686,223.4552072605735,232.63940051205617,229.38872068971278,232.93888743162196,234.53763832605802,225.38941590919998,231.67469778559393,227.76202275585985,216.41749351806357,221.61053955305087,230.6334731618972,234.79058333184352,229.60317728411414,227.00472077592391,229.45823852389793,224.73846640961057,219.00868960658408,212.73458877458737,215.30214989272315,222.08168974066268,233.40239539524404,238.9739137683224,239.40082638615146,234.72915998745293,230.54530517218137,231.06374596529778,233.43086268370854,227.03262936847858,230.36153884455052,227.34316383627362,219.60599727170003,215.55279846259828,218.27277501344645,222.8564376052761,211.11600910499345,206.66961822825945,201.99398887620592,199.2167491676408,200.5824823750607,203.2442221622253,201.72849633405988,193.723605813431,199.62784854238961,200.17782361144847,197.35086875692275,197.75039441791273,201.20012210351643,203.17890981403335,206.51853351819858,218.41925563161053,223.1326213759541,228.40101103982988,222.7511958430332,215.68946425486192,216.90574843289977,217.10385316325613,208.9135553618521,207.1440867108624,203.16562550668198,213.7791529944346,214.61597824296229,215.51727893175376,214.09952373220253,223.7819111221521,220.14917691959164,203.15625307241334,196.1612869455867
580,2015-04-02 18:21:38+00:00,255.48579587506597,262.5151925812822,252.91809846167033,247.56638404189738,246.98253977435945,242.53961880503613,239.8666872175297,,,,,233.19493359938832,224.58410135125092,214.15980969544,212.80590790662,211.1795475025208,209.10206675993712,200.4833383665831,210.31783022403238,208.4904233959384,192.99568683471878,186.87928283517363,188.61568472191863,186.37165413492372,189.77646570799573,,,,,,190.95200383241422,180.7747703665213,186.6972881285747,189.21565685822833,190.7715459466882,185.8931534400951,181.54940319346215,184.42822890552227,182.05629215669717,184.638522696714,185.91874258679144,168.00183850925677,165.99150957155553,171.98308539201707,,,,,,181.3200274456578,177.94149897870852,178.3561552816396,195.9228345657591,200.6087388170206,200.6799684316319,201.17312279657367,211.49916080836564,205.03451761771078,195.71957903490474,197.19214294925965,198.803054042918,204.5681157676405,180.5926719334976,183.28756042178364,181.2981500776814,182.04177212896045,178.4900915455269,,,,,,,,,212.09653477782928,212.24886633285254,211.202014406868,221.89522338657258,210.5792061973752,213.4551723391271,212.74756453394446,219.13049547908406,218.18497046748894,212.21540687468098,204.58104732960018,214.97089843268157,201.7691121207266,197.1074332421048,198.35559418438612,211.64068001928786,216.17555996922124,201.2996155405457,211.76027593364793,,,,,,,,,,,,,,207.17714956530838,205.25643021578048,215.65089252417874,219.2976642917007,206.01219806238572,209.2147531586161,188.47774056378714,187.30862942314826,197.54340749268943,196.64302511637624,,,,181.03552484894806,186.70873273674528,177.26563683138548,175.09510058234332,179.27879393383552,184.95608305988188,186.23297753019511,181.2019107668248,177.83550836651392,,,,181.3462883163151,188.46646106130055,194.68676200669188,200.1800949263728,201.74770427712934,211.68123122750603,203.16100198001564,192.65638915726655,196.36399231285617,200.57886641995063,190.1190721666042,,,,,192.39296665906323,189.46470194654108,192.321548027474,187.87535600767814,180.35257543859151,170.87212578184696
581,2015-04-09 18:27:54+00:00,,,,,,,,,,,,,,,,,,,,,,,,,,,,,,,,,,,,,,,,,,,,,,,,,,,,,,,,,,,,,,,,,,,,,,,,,,,,,,,,,,,,,,,,,,,,,,,,,,,,,,,,,,,,237.122465538244,240.4924521509818,242.64546558324815,247.0956483246472,240.36199318895765,236.11173501927283,229.44559234458723,,,,,,,218.5227543552768,212.37916510886083,212.27937921967316,206.51552458469516,207.865031791408,209.03453553716594,,,,,,,205.31137987604467,212.0002124540509,218.95917639584252,218.69096683166933,225.53776595995947,227.05651580953298,224.49226440222566,209.14657442016554,,,,,,,,,224.44297770807313,223.73732465612386,221.28689107878938,204.02381834351326,195.56953273638203
582,2015-04-10 18:21:55+00:00,271.32143083837525,274.33895360692196,264.7601753867318,262.76700209439014,259.8948452379208,255.52306278999558,253.05395447971017,256.9865772360955,261.91136513398374,255.97175499034188,251.5109543838166,243.10862591798832,233.73564303498938,225.25322019244305,223.0948114195719,221.43035955028915,221.49315292298195,216.47779715338123,227.0335382294086,217.51294584212422,205.7070807053933,197.34424413242795,199.83591387580407,197.19824897902424,200.37909963046303,192.68100795084126,194.39163965696315,197.07921936297055,211.6345251036888,216.23606863237188,204.21198283468854,201.05984262415163,195.89274815534228,197.26119517113256,196.33211327655803,193.35894595951322,190.88460382809927,191.9361320431675,189.50926559822068,189.7104065889063,192.69307577330096,180.66511524604923,174.17085518581027,185.76309637794296,188.90203516343882,189.6662238800099,187.54843980922513,194.90947863381052,197.7495153455364,201.8636118504885,193.5597863708409,199.24400638292138,205.82948578421127,213.0223014054207,216.07710345714014,222.70533682776272,222.6787888052522,215.74327867988578,208.60797701570579,204.05093527280795,219.80916468993772,215.55391614218428,199.09848094369016,195.67117940416563,196.22049671390045,189.9747919296049,205.78525919117334,204.1753209962632,198.37876358440764,200.26370661203097,214.18380015730224,207.47720609073846,215.92353103998644,228.79542424436934,225.16297871906016,232.0145006617998,232.49354765866337,233.61685518303392,237.82028658003466,232.90149164522245,227.98658872144574,225.96107846855992,234.3441843188877,230.757055582362,228.62268382174648,217.64381612497152,221.2299570535391,227.16626683286438,225.52611995545828,235.1553946315886,234.7634923553635,224.59376408912686,227.7411934544733,229.0628183076655,218.81943173638103,222.36388055983514,223.29809487452746,233.2043374722429,234.45297576499476,234.92509105490151,226.4771438640646,225.36618277279393,227.5517762282273,210.11610097222672,217.2433794876664,219.81670693466728,235.20814701815922,232.26122004839905,241.23641000259514,237.89913703040696,246.05424644948047,238.67898300655384,231.78898732171197,222.49370895562467,222.08922208049285,218.9451743840509,214.417128431451,215.09563920942767,221.64642425332846,218.33849746670185,204.60216292609562,200.74824285083508,203.29638312550077,199.50740489176343,200.7804061187579,206.39921980124484,205.08742857158992,193.5218802465187,197.9797994690607,197.17321151131506,192.1678739653229,192.83397202689054,197.85366925896986,206.91434764130605,210.67257535720358,216.84707976354275,222.29868893072344,225.8400415427849,214.39536759445005,207.81028196944877,214.74025644397213,219.66694968898196,206.67865203345212,204.85440361710565,201.83482148035563,213.53713644023102,217.02119055261196,216.5521866484986,215.62163995340603,215.12831876308374,211.14766458866535,201.31791281586408,191.96576917382717
583,2015-04-18 18:21:46+00:00,,,241.12465898638516,237.4655130162425,237.86478575823605,237.30393023848296,232.87552515579011,239.063761895116,244.92773093794196,239.78032029590318,236.51959022538313,229.24599459503474,217.98643272509332,210.1032925469979,191.53124683790358,,,,,200.40887930394297,188.19795687596763,184.21260016723488,183.33550661558724,183.33282701266938,185.0957506128678,177.24067792940974,176.02943342463072,184.59734054741998,188.97220151600064,193.63205075576641,184.42942223837895,178.04034691302377,184.37991365242607,185.6156751837891,,,,,178.18362577480602,175.21110856885917,182.44168878749008,162.3922778084587,159.32159578321313,169.52285818867136,167.34467656198575,171.65143374538562,165.14165001296132,174.79069769831779,179.6653342431323,177.42753156217375,172.31594521560382,176.06259792826245,,,,,,195.9908914243506,192.990715036815,195.75436130648205,195.5552729338475,204.29350286583377,178.717845160117,185.11630709084108,188.70341739374493,175.20462097187544,175.31733429681287,181.25562325522165,187.85823588360358,190.28501421738528,196.90956226694672,189.89512143559614,196.5576793451746,204.93955260134402,205.3345181964719,207.1438684390052,206.92257324276395,,,,,,215.5495577272926,220.47093705620472,211.6823034059857,206.26452649998078,205.34748874582647,210.05606892537384,206.2413981323087,221.42258858101584,217.54707797987442,214.90729297795065,205.30412506867762,202.57629269505736,202.24826535136265,196.02549583929894,213.3692624740586,208.4461343697888,218.26533575044473,215.85845921504193,202.82866880357847,203.97510893881673,201.9168355088798,185.41069504955476,200.2338627940701,193.6896823658015,212.16256169156222,199.08874894165194,211.35507952508306,211.59572251824025,,,,190.8900927638405,192.54487335329935,202.90098105692482,190.6223351055373,201.3024308785187,199.8648611377678,197.80464803303062,186.7776454092521,185.61322686005818,,,,190.6525138759267,190.5947807864804,180.9160894309396,177.29669345614425,185.26976904317786,179.3546300199943,181.86975579709832,181.2578961731367,189.8427657966139,196.44196379586236,,,,,199.5782589047103,202.5714185640896,203.5119987025913,190.52314048520424,182.64072832310467,187.21896963605087,194.5163823262593,202.50734125150026,204.09899194309304,197.7261431218501,194.87636648847257,,,
584,2015-04-26 18:21:51+00:00,278.5026082918064,277.61231374796574,269.3277534387444,263.30251864540134,263.91143623868214,262.091899162887,252.82186510994174,257.53366120164503,259.9542212068966,256.9158680186956,251.64028326812274,246.90222054631124,234.17332000212718,227.53146496434005,228.68025124579242,230.588525410684,225.05045320538142,224.0926901203144,230.85394305073123,223.15463380108218,208.65473207002344,200.51097686399908,205.1578145004604,203.37130380853057,203.73253636939216,199.8358499306606,198.27853928396598,201.9986214678424,213.07275630298062,230.07316068688903,207.27028574086006,203.49497503588398,204.50359970448386,201.32176591237356,202.83509814693903,196.6104423198502,199.01009592052333,196.6423726992834,196.21896430582512,193.52020668345205,199.5892301289145,178.2045710771686,184.28940108077063,191.37279192024053,195.205121517176,189.5148054960755,190.05506073604056,203.3366605818672,208.93346149923966,208.29457912936562,198.97340322516493,202.17230002927013,217.89911084271748,219.08090025165748,220.11949155221524,219.30796228289736,222.88449217885125,222.2403816587079,216.03958439125816,217.97764591175883,224.55861597592894,221.42492925014733,206.68845767767317,198.33820584438976,201.73005112433924,193.6476777511159,206.71704788991087,203.57464900151783,203.10929886246112,215.7891169829334,216.48151282223523,213.9237794512623,215.6075595785854,231.2312347477889,231.46593119093592,234.8175359893492,235.57249052354584,236.75616687189824,241.31218613768692,234.76067838223463,230.1079591430099,230.00210487641715,233.62820726813942,234.67262931647542,237.4861988578395,227.1832429648236,231.17674721184318,233.59958247755975,231.14960141064913,240.41380777127262,239.74570565913828,228.53545627952784,234.58336385554037,233.58651935132838,218.32281980321807,224.53364467344278,235.62036575448911,238.15408790781086,238.8270628208963,242.17746605256104,231.54202585937946,227.15992685958253,225.10196565668474,219.11941698552704,220.77686371123127,227.37429501671,241.67976978052516,,248.49581775864416,239.772980685914,238.31293050618973,231.81753765083033,230.16722324080277,228.18040962351282,230.0269785657004,228.61778924709998,222.38985112517656,214.6938800738756,221.10094046799122,222.38126079049565,211.45263350762912,208.28417653260394,205.30445792123652,203.12095880102177,206.47250519877971,205.85486516152224,207.37655511800818,197.33055330546242,199.02655429203287,201.43368662026458,198.37909740971463,197.46623315959403,206.65924374514654,206.97856447246318,212.97005402756503,217.61930471262912,226.7343556732829,231.20482164414622,221.00038856499162,216.6920812555394,216.7139792816125,218.30579208891808,212.3049378989909,207.08212403517769,208.04042141393023,213.97792897506014,216.77810428178154,218.14715650386512,216.7350676930139,216.80848669613385,217.28463570089588,207.5089382986626,196.8492283956742
585,2015-05-12 18:21:35+00:00,273.1663440929609,269.33139140010496,262.5173663094101,258.0635542254148,257.70961900593807,253.49368846848068,246.206934744188,253.35587683125328,257.2190110559325,253.80517823660236,248.3127108332413,242.29498651624914,230.55989570633218,225.64838998592734,225.1788651648397,225.66381039118775,223.40896356703763,221.88489263503118,229.20781113231538,214.9266440765537,203.7945091284802,198.11045955454136,198.43784840220286,198.70723509681218,201.57058921431275,196.89935635447978,196.39024753082634,201.48082532826123,214.16320912506586,229.5929268438931,206.80875581068352,199.68773883871938,200.5843191975887,197.76592439383302,201.8654103475304,193.9022303742168,192.6322193859017,195.213937608046,193.7335413401865,189.954532532227,194.82211445473047,177.60194695293504,176.0168832254087,185.6003772779373,190.4235508562935,189.07361837610011,189.45795047656398,203.83485525375752,204.2876123472361,206.975689084733,195.3251470473548,195.4376936517952,206.51892269410865,214.07259030506242,211.3871791863031,220.63421870335594,213.66867028389126,213.35585984926558,209.82964988427858,211.0526533076531,222.78147167534746,217.08696245373295,206.8900543746334,198.1281264776344,198.2931487164637,188.17232255314565,199.98486937572562,204.69657416805012,204.05968389948845,214.58447556957503,217.69751012030056,205.8407950730326,213.13888249281734,233.3525244816724,233.419213575038,235.39257851193582,233.25510045865852,235.60237452230558,243.4048192909571,239.4575152097142,229.35849431557128,221.78459370318288,235.33758210879753,233.12142344558157,231.14275101749854,228.35955510432603,226.06921926460035,226.278174720869,230.66380434862614,241.76210356589735,240.84335929170638,228.04539910906493,234.21216710433515,234.00970861177774,217.66843960823292,223.7060384611031,229.32671362520256,236.86805987832128,238.04003238586765,241.6120397605709,232.83286781369432,227.38522822925194,222.91311086682202,220.9759767817303,218.5481041387025,227.0301994149038,239.66259399481748,,247.10992383597647,236.24419996434682,245.58033956329075,226.9390366484406,227.48022517826766,208.09575747758055,212.73120699831662,217.7738923836065,218.6943228002419,215.54205840036167,218.1979632031133,216.44531100528397,207.90864229869987,199.91015213551907,203.9078197921137,201.06413720002087,205.50370294248378,212.87731948177358,210.51733705194977,195.09060233113877,202.67351387703818,201.14180308317492,195.21488996870067,200.11417929702594,206.3490879135043,207.8943945355137,213.53344383067923,214.25773588894663,224.5562930177358,230.84016394853788,218.53109064317493,214.18017141744158,220.69692637719078,222.5626628518133,213.98224517727405,200.92171668274716,204.70596732624307,208.38482952260767,215.9059414320506,221.63013778300788,218.9922765937506,216.11723928234062,204.8026408247858,200.99208312115468,189.23331730622118
586,2015-06-21 18:22:09+00:00,255.5973889089042,256.22652629727065,246.44509844789098,241.64809483044286,245.31618732757323,240.78096638300795,240.77627012425475,246.1437616570377,250.0008666916096,245.4074027120595,238.21040842044044,236.47774973894957,213.38422741275684,,,,,213.90385963167589,220.7887602612119,212.64446594967882,195.13547540707492,189.0224922800529,186.8184266510753,189.49354706331036,191.94780934397653,181.52011193494968,182.1625030299016,186.62370929711017,195.97079564717802,196.43781698106972,192.24585393626245,,,,,184.57629692231666,180.95711336272814,182.5574245315023,179.72361856499305,180.6580290253975,185.26100277691694,167.95426350823493,162.88619843957923,170.78844546255178,170.86732451791767,183.1820190968014,180.28713164173828,192.9613198849774,190.20062516731733,189.03857466851906,,,,,208.9547459738304,208.7140976733113,204.98897368073173,202.73694006183584,198.24438861824598,200.1226106519239,211.22649435404728,209.25652966743996,192.21536776818905,189.40041010841813,187.61653191857562,180.85805791866753,179.01984844840962,192.7779940025863,203.23915102502463,211.70770301762462,212.84257023318517,205.2096275179719,211.99548326351265,213.00046390768313,211.5841636607049,,,,,,212.56688978678935,214.28615254718005,220.59807495998106,222.76540935729454,223.11965435689447,216.22155640168216,219.81753979217268,220.91342336152994,220.00404607890908,217.18842092791544,218.41007104051505,217.63857371025713,208.94337713570812,212.9560226927603,208.25070720394163,212.2485893161922,213.05138497939438,219.20188186902163,225.06314503146254,218.50988395758083,207.98681243035065,212.42763414268552,207.45822669030116,201.93547291480905,212.6840580097485,206.7630393526934,215.66145868414256,196.76323129227978,,,,,209.5221195430913,197.4026510569143,187.2621638453634,212.28460240822517,211.85001054629026,201.77355952962455,198.0696706180009,207.54478406613055,,,,192.83849314423296,196.56307658012614,199.56906898560803,198.45970977436178,185.77705560826845,187.53397136760785,188.81882665998683,190.82391761752282,196.03197864281253,202.04352831647657,,,,,217.58929700224243,210.08199906359255,206.36226050828898,206.24352974592887,210.54355601908708,205.2770644802016,197.12712675915057,198.13071114998178,206.2947584240561,207.23401414006645,210.39838440127465,,,,,183.65257491695252
587,2015-07-15 18:22:06+00:00,253.98270473345778,254.23933614659657,242.53497471479875,237.3847608519681,239.5135527324548,240.0304064623455,240.10361628128604,244.11431645236303,249.36086706830218,247.19749073010783,243.3830747645244,235.89776449138049,225.4959628531971,213.66323009597733,214.96582022765114,211.9823055793015,212.26982863752264,206.06278027311734,218.30593204108743,207.25219126325587,196.60208015978967,189.66970798164107,189.93805434341687,188.8882856503409,189.65816784923243,180.4355370717256,181.76602452134148,187.82223735353048,193.39613370954484,198.97278705481276,187.8963157075251,183.82025417313153,187.85144958037145,188.32937607944913,189.7326578725196,188.63940031032487,183.95755385935792,190.18777724213047,183.7286016363368,183.0159678963352,185.25347399296706,173.58900591732618,174.7916768098822,182.42623991633954,176.2131253183116,181.5365354235001,179.66500411122684,188.4100139096559,191.28518969745733,187.1709412524711,182.21162503705625,185.43498104240584,210.29902040344038,210.82133486588262,211.098205058131,206.6746373546968,205.10210278462216,197.47145298604693,194.7925849128116,199.64235512710644,207.2500112621721,209.07186648308894,196.85394090117575,200.10546421684217,201.76619285197518,195.04510721346816,192.6865954111249,198.3376698354135,199.52687606875753,191.3012098402017,197.75614241589628,194.0885634238251,199.75010833996686,215.25299029731627,206.150711538076,214.13291940882374,221.3166376223231,221.0435891645397,219.35005888037125,209.2420871096407,216.65783712272517,214.54759297827079,222.36125977290885,223.26798375951694,221.63077733581932,215.91534850416457,216.97799880320773,223.01611576847606,229.13662175162972,212.8651384018988,217.5220729257315,216.45652506997513,205.59006745347585,213.11933302818815,210.9024004073169,204.59197251094122,215.65234541442118,224.5846618723699,219.69438385874372,212.5905855312036,201.74074637661897,201.0093081930748,206.59226973567684,208.28817021193305,211.4669280435927,214.64989222773715,211.00652651297943,213.08331084957814,214.35458612327807,219.54023950834102,220.44781360151745,214.0655327793171,199.69914730284182,197.5844425651259,199.06609121033688,207.5054037396648,201.67378483679713,204.82453107660731,202.3685126616557,207.31820240097863,200.46716506926737,198.35210144924923,197.12058013892744,196.95119810944965,202.19631676367513,200.19297744409488,199.78290934763595,188.3466378002715,190.57739742406585,191.1335043550281,194.79311841522548,192.6922169848268,201.28052059034417,201.92331225862554,200.7310020828045,202.54930117700323,209.52792167891369,214.9566804818258,208.36796721392435,201.75957268546892,205.72712788492464,203.45358670535086,197.60610342703987,194.4630391594946,194.6071808169377,204.16064699987524,207.78703666419008,210.95240855868332,198.80576902459157,204.63407186831574,198.47682416587364,190.80166400664814,182.03471298479997
588,2015-07-23 18:22:18+00:00,259.93892370478824,,,,,249.82584850836255,241.51829820004235,250.81579232947126,253.54189513266056,248.58233575443393,243.51011948690106,239.49828510401778,229.03425032191734,220.6402043614787,218.19876523833202,219.3330386644364,216.1267016629761,211.20104492020488,,,,,192.05632205478895,191.43482256722504,195.22998185260928,181.22709807152145,184.8144300645608,189.51439965211537,199.9101870650901,205.78940926491111,196.07964211145958,193.54035429836802,192.18684729752584,192.38391906320865,192.25628310893018,188.98553960174092,187.48760224554428,,,,,,165.29538534758865,174.11114389620826,175.79757261079698,188.35067188888627,187.09496708436882,193.85274657719827,187.6970174568869,188.55684725168115,180.44766314623277,190.51173227744553,203.52896991710531,211.24924546400467,209.5518264528914,211.3015159091712,209.0440426465922,,,,,,,,199.45147281439105,184.98802977812318,182.66238417010652,192.00141755446248,201.3715551621891,201.8550668204629,213.07666856709136,203.12818375962712,212.2506868480076,212.84715747581822,215.8294790443045,214.56464354510416,223.59809674816714,221.65995409044058,227.60708585292724,208.75379935604064,205.3420060591018,,,,,218.2048212982333,214.82440613703903,227.33013861201644,224.23754930092707,215.36786880952909,211.82682057977775,217.498242846841,210.8157007693696,207.69201759842474,215.33445346226574,218.8748659957771,213.96643806536545,212.41052355265953,221.6023427609699,215.03963888201196,208.51000441754846,212.29641394422973,211.06851919521233,209.17042818089652,212.6522754994438,212.11883388144383,216.7970808857173,209.93304621580216,216.46267416438496,226.15354535819978,225.68003238197502,213.0413924572078,200.07214106242301,,,,211.571021436618,212.50990492015993,211.1194077634321,214.56469138951985,211.71460242395136,199.42553959978014,202.61535651086905,202.03874530443795,,,,,194.32110864333697,202.48350410605303,200.32157855876017,201.45528985118017,209.3945169381718,210.25480131312753,210.64887165698372,209.1607963622822,217.32001522662986,217.10765706799967,,,,,203.4221922620867,200.40975906968043,204.6522009940474,206.66310145743233,209.51585152354463,214.5389260665105,208.98402485549383,211.89328536725932,206.0590711339972,199.07360299566494,188.06576502730871
589,2015-07-31 18:22:10+00:00,,,,,,,,,,,,,,,,,,,,,,,,,,,,,,,,,,,,,,,,181.6781332655503,183.82386392346902,168.1763877743847,163.33994179226255,167.28571914080487,168.3525302090952,179.04174087740859,180.04944029472296,182.21086845512096,182.9343025796578,180.40649688860753,171.47204142696273,182.52171237295835,191.37324389054984,198.48151926568573,199.68147326213557,208.4125352360252,195.86646645164578,193.82264211129444,194.25402368548941,196.87713183611555,210.7238235740076,202.15135957360394,191.89119814590907,190.76421713672778,195.51199102274623,182.6302616105632,184.0886981364182,185.96501224093873,181.23647269937567,184.28321820998775,200.02212263694918,194.73957649248243,196.25562459882224,206.98864782137946,208.51367818412652,212.44155881488257,209.82424816275915,213.83892350527347,216.4026693847436,210.16473935478035,204.48191107038315,215.66736623537233,225.44960870915497,223.2385147456795,222.3738791204945,216.15956275181298,215.82335920095144,231.09817828552406,214.94448074604483,216.74591888405942,208.042373281435,215.81709893170114,206.53047433441355,208.86601797036957,201.62021912701067,192.964268147432,209.3515172411323,207.63505858831323,222.5383280606539,214.56795319579447,203.0375139932605,199.55661722033216,202.23641884231404,197.11830571817842,198.43903406224342,202.7796915585218,205.8015510454555,207.3984060288277,210.2699260868836,214.70678528037146,219.98056374210523,200.92456784211544,197.04182577971042,186.27072574820085,185.24396458953947,197.91804616365727,199.79044575075136,194.6771660161452,207.2474416863834,206.2061400480403,194.90366051632782,198.46616385555802,195.32439909224541,195.2479310833961,197.8586884003016,200.73717433918915,198.78997496688356,190.446233439865,188.88340416890878,191.49566437171,187.2347634188529,189.18022902146504,193.7893557509536,197.00673818525982,200.45487210426091,199.04831723134686,211.83164227568244,215.3684193162956,204.0024690737085,199.30423937435586,203.8190416008073,204.47959694435954,194.67730940119085,189.19893603119834,191.82333960306377,198.67006401097126,202.70387293139825,205.5270438964997,192.00821291503195,201.23972167292277,199.69928243536378,187.6443358078079,177.57710163829847
590,2015-08-08 18:22:22+00:00,259.7322596645386,263.73992292422474,255.79817908157554,254.98634625131893,254.01690580283156,252.84107574759352,247.92597330229154,248.11416511720438,,,,,233.58468014201378,226.66905091886218,222.5723779891436,223.89066084848898,219.36292951937142,219.36315182676475,230.63636173985776,217.9627647795638,206.72854162430474,197.54406158742,198.1004248895472,197.01372378595434,199.907659581759,183.46930797197393,,,,,196.41577909927497,190.1531244882048,191.03685583433608,193.89384550370676,192.9907515887626,189.25095107355665,189.32393052876597,189.48452063502234,187.25766672928398,187.69355712906938,190.82831886786713,172.70471807178222,172.30099575119726,185.33801806781324,184.69887692565538,,,,,191.29633490556938,188.32139084649998,195.0066542262697,213.36501429250842,210.2912715339641,213.55840899127577,215.34996626313387,208.82937277157768,207.3821535314837,203.5253481431974,205.0361537884258,213.13056804424517,213.12915730004312,202.08719411136096,196.74296857101584,196.56628958897477,187.9982444290954,191.3523918720523,204.3068494519599,,,,,,,,220.94021288980667,224.864031960473,223.28850853910603,221.57419033390596,212.18163623916297,210.9412156916967,219.14479222032585,225.8900150846989,230.04441306189233,232.0386732676249,221.31645631791056,225.20285908252342,232.49882603000995,228.0900755772385,216.44039775057234,222.1699847323617,218.1848798767803,214.0439048719773,218.9522828752926,193.10470485170228,,,,,,,,,,,,,,217.15680352936155,221.0312175966588,229.88401657686273,214.3402689289834,206.46663104692857,195.82776691382352,199.4914015037064,216.71200284324942,212.0608045780137,,,,210.1910531160663,206.7156200752466,205.42266217264807,198.7629102185526,204.58551775017924,204.64666838943324,203.64164561052547,199.94442022148235,203.43301735456603,188.88974109940966,,,,208.66213496842383,211.24580635579184,214.45183955546787,217.6209352835775,223.2081726510837,214.37474444917723,211.06743946230745,216.27184272846154,217.4064808081011,213.07295179314747,185.6807271697242,,,,,214.6614333350773,214.18801475373095,215.12644650807914,205.09485837060356,200.15065736518864
591,2015-08-15 18:28:34+00:00,,,,,,,,,,,,,,,,,,,,,,,,,,,,,,,,,,,,,,,,,,,,,,,,,,,,,,,,,,,,,,,,,,,,,,,,,,,,,,,,,,,,,,,,,,,,,,,,,,,,,,,,,,,,,211.49952005781188,215.89699510505562,211.7565939352878,213.75896530083162,200.37617387906178,,,,,,,222.2179356637968,204.43911929263686,200.72161557459998,200.15554946898519,198.85917827232385,196.00047937822367,210.76837568719748,,,,,,,207.8219051500293,206.04721044859917,207.2821726065725,204.9689422574885,208.1109010832131,210.2867549322547,203.69004542736442,,,,,,,,,204.90073474252347,203.51313675816232,206.45743867871965,203.1348274860297,190.21211734034893,180.39810636085093
592,2015-08-16 18:22:16+00:00,254.43186888319153,253.3785822961938,246.51519968014298,237.41016077395892,240.60787159463965,241.7768617457149,238.08536684379692,248.54068427678604,249.35575947020456,246.99177002765833,242.71934951318002,237.67368998631986,224.89173745504155,214.60713814406955,211.97232265139888,214.90328082144072,208.65719196419371,205.92076194876825,219.26406815010643,210.27439743028677,196.6073232606715,189.41445101484757,187.3359148148632,191.67981603172979,193.4317243409695,181.92614006998122,181.23028112221817,187.97537956187574,191.66988582274655,204.8956953276088,189.92482801480844,182.36256931379359,187.89832385348285,189.60973476750837,190.35443069241828,183.9716836238183,184.67119492907716,185.2181928937594,183.9293832528524,183.6047950255588,187.84633994158304,167.11295557081235,169.76453963482328,175.80067333763367,176.09858339775718,180.88773754294778,185.03682015925278,188.13771636034323,186.11111946460588,181.4778487203991,180.25548568105535,181.74706787465956,199.2355373323703,214.33405801388426,213.24831032004337,210.57411456520583,209.35032952254926,200.72768963492186,203.28160731329132,202.57871791527603,210.41817888974606,209.87767925470536,204.08030902951953,204.62707864865126,204.48752305342646,192.35108915246772,192.77072613962844,196.21310155171582,197.87057048307648,197.38696315029446,207.71032385920628,202.91096354293774,204.71796346859202,213.90406875710067,209.61922867830458,213.9051933603957,219.77107757678442,215.68243081274028,217.82754734250693,205.0653691997328,208.24719702725884,213.562117765644,218.27409490101547,220.49463551509083,217.9012204054086,216.16814383330092,214.43938118559944,220.2836539589976,214.15829751529503,211.14303511560973,214.20773307244397,217.58300649471076,206.58748825519137,208.02910282246629,211.95351266595122,212.41821973386936,212.81580071844076,215.04314153167303,222.61824191503126,218.16149683851705,204.53594815938985,207.2371265536476,209.61402514167912,210.67521618909888,216.00954879491744,210.15999122405825,209.77173376818058,212.08066030713087,210.05875419764772,215.62552205087104,220.92336420297738,212.49935761193882,197.36117854447895,192.43116897082697,201.18873046018973,208.97648994406165,202.97820597713155,205.9556422159036,206.8874338444232,205.77067580180952,201.45184904752665,199.13531675925057,196.50505223922596,192.02795926152916,194.32559773340859,202.50912231126605,195.02912687470769,190.35553885774073,192.06269673430614,193.51818705067848,189.72223954271212,197.46718120208163,199.4042372644907,199.00038712254974,205.53640821754078,210.3356491032438,211.18371687166257,217.00884720230036,209.9005318599684,205.73566315330598,209.1646319264011,210.70795158826536,203.10162657352947,194.72162603513704,195.12433633278766,206.3183975013036,207.79813996866577,212.01291160206915,202.25907330379832,208.56754578244374,203.27444869406227,192.90976880515046,185.8237979239716
593,2015-08-31 18:28:34+00:00,,,,,,,,,,,,,,,,,,,,,,,,,,,,,,,,,,,,,,,,,,,,,,,,,,,,,,,,,,,,,,,,,,,,,,,,,,,,,,,,,,,,,,,,,,,,,,,,,,,224.27945888584208,220.7400314798739,199.2242150005249,203.40038743942281,211.6088143463067,194.05107470271167,197.3026209051407,193.18773913369168,199.40629792713654,199.40222963155583,197.8251529125489,207.62269228012138,207.40405119367182,,,,,,207.11721013276178,206.93331650423937,210.06525301555132,207.32141257032941,198.8593357897812,197.8973619784702,,,,,,,189.19628912090013,190.55347237629456,183.7047800580532,185.41497750923503,191.36027770526618,195.20701448196257,197.19719179072533,189.51625900823,,,,,,,,191.7227738219347,188.89711879565766,195.76464755743984,194.41664210045636,196.25954149965753,190.97737854415936,191.6159189387988,183.23583881693975,,
594,2015-09-16 18:28:40+00:00,,,,,,,,,,,,,,,,,,,,,,,,,,,,,,,,,,,,,,,,,,,,,,,,,,,,,,,,,,,,,,,,,,,,,,,,,,,,,,,,,,,,,,,,,,,,,,,,,,,,,,,,,,,,,,,,,,,,,,,,,,,,,,,,,,,,,,,,,,,,,,,,,,,,,,,,,
595,2015-09-17 18:22:30+00:00,253.625578429852,251.89876460051295,245.7449017679051,236.80399133166787,240.88604851514458,243.04998788868699,238.301604524226,246.4129802817842,247.3518128220593,248.1107942947406,239.96341316961917,239.36890692882702,224.86062137681063,214.1344995205735,208.56644163002505,214.84142614338856,208.16441035670636,201.63278672473632,215.47688245542622,207.29665214329856,193.76982641764363,190.16908427899023,187.363356254115,186.17825923335442,186.13440709004612,178.4620020149639,179.93841298472233,180.6673330002448,191.04209460960053,198.57278694081083,188.77019295298192,183.1564589987163,185.65525677327673,185.11203870220638,182.62395670372982,186.81123235765367,182.49975383574807,183.29547313075773,179.166188336694,178.65505053216637,181.34623136079807,165.95969860851787,168.96951809295052,178.64085459948294,179.97751197286334,177.79234589216153,183.67977471951056,179.75246077238836,183.48362017336567,176.15211826608913,180.169203580278,174.8686526782708,192.73115451619384,203.87272774267274,205.67311196490056,205.46070248557803,211.26093770767943,203.84391899700665,197.51269653960043,198.8328357808356,207.59334402398608,219.1323120416789,207.63411573064778,194.45079275407346,203.23936026490122,188.81939688755358,182.41784317512332,186.93799191208683,188.0575377328677,200.17603144098192,208.20419504470473,204.20582008110316,207.2418744894473,205.61587535067872,208.7400965250067,209.80896717692588,218.6600067021904,216.36028374759422,222.83666667727283,204.44390011828014,217.31304575950801,213.39746198907847,220.17427741490496,221.23522917471234,217.11788229026703,219.44099613428926,215.87436086656135,226.17390389930523,224.9920529779049,211.97916453402118,211.85961770655646,216.73688092379817,209.0766387246895,206.58254687450713,212.54876167764183,219.0583008189775,214.3710581579161,213.14536563591162,224.38046734013216,213.74525881000162,197.79233813390783,206.62447625038422,207.34052989292775,209.67384346509448,213.81939068373413,195.61488360905207,210.81164673184435,205.92767815819622,208.90151714903314,210.09542792372196,220.20015502381136,203.67091294667335,187.39220716764396,192.59239013106773,192.61336858817793,186.3530536599352,194.78041092896865,200.80651877485224,202.24029173310234,204.33577435387906,193.43966444368996,198.00907607013906,198.74583806961522,198.04242491660477,201.75963506165778,199.44643049906944,203.64272493255646,194.1653037860196,192.46519158646439,195.442771177622,197.77510767330898,203.40841780160315,207.10195789420163,205.45241332586187,203.25686130814842,199.25157568679515,211.99601620926296,215.41507719409944,211.1752509942349,204.08640140938553,202.00366897993928,204.9732622817076,197.17061797120482,188.68654494518955,194.92603169473546,202.93974098298503,204.2958418409451,200.7934597293093,196.35791567338367,199.51237209547304,202.5093296025348,191.55081563058206,181.78130725128136
596,2015-09-25 18:22:31+00:00,259.6844771472498,258.4650376641085,251.57278975698551,247.19706922111115,246.77012606598444,245.3150684943871,243.34248655684772,248.24979488754056,258.0461871911862,251.60810655436455,249.7183296485435,243.02530865955427,231.19914287818847,,,,,213.88367472326144,223.70207061017084,217.3503956252561,200.59721888350498,197.4961067678558,192.5618707580221,196.53513586795947,194.12107788446804,188.29230178433903,190.53617841086725,191.47133141314254,202.35247696735138,206.20414905513582,192.39261047105498,181.86394948370474,,,,,186.23780118448434,191.06209949246403,185.42110442360718,185.2234628504537,190.95300399271943,172.70828079919232,171.4762924900661,180.4153952142512,179.71840229659472,180.19914637000636,182.46158800260318,185.51842653877753,189.44791957070763,186.14073676562867,179.93456398341505,,,,,215.51544961690965,219.3649923926194,210.28282965009143,209.09685989008278,201.49882048241713,215.05477278059013,214.84641811348268,198.876498688275,188.98500412051055,196.44766046928504,186.3932183885201,182.9250571644674,196.37536270996375,201.25128651772246,200.3774283118521,210.83298976253275,202.84128463306695,207.2450739883236,209.51352169151247,213.25713042996816,211.26081225063217,,,,,,219.48869703998633,224.37477831380414,225.59693728212136,225.28171082561903,218.1957490985602,223.0459012088566,231.8385311532527,225.21065049757038,216.2751859332643,212.56518128274078,214.25919415487468,206.6237794617571,212.06745346209624,203.2918730215987,207.50448239508958,213.70971979598326,210.77738939738978,223.33076080820453,218.90472424936445,213.89384874423473,209.18359500962757,215.91736762679267,211.46238025792553,210.04562010584914,212.83014703118346,216.6652381633786,209.83534006045437,203.36109850453448,,,,200.95074971811655,198.18668101091097,187.55244112655703,191.09909634800937,201.68007020393046,200.48830576788114,206.34707067589932,208.5325029418029,196.2152797010246,,,,202.5657808163944,205.29046192969656,203.880020441741,197.12427530835947,201.70449173267906,198.64131580536394,199.36289395516408,205.63751560115196,209.98347990259515,204.60370239068075,,,,,215.8505420664887,210.34923435987344,217.21733926320343,217.69655446828847,211.03378055368307,202.300039110327,204.48712320501423,210.5013009138325,212.80584325144855,214.6927311135472,204.27473550085566,,,,194.81101606732082
597,2015-10-02 18:28:39+00:00,,,,,,,,,,,,,,,,,,,,,,,,,,,,,,,,,,,,,,,,,,,,,,,,,,,,,,,,,,,,,,,,,,,,,,,,,,224.35251518907626,225.24801206550575,219.9188834554549,223.17899698019966,223.8565048391918,,,,,,,,,,238.6732762099261,231.21829490666866,219.6335841557186,227.68254222482028,220.1193245937559,214.01387216695105,223.02320744552998,216.60652719790747,221.50685081775543,219.7284019711533,229.60890447171184,228.9361128779916,222.4579970174424,216.4560151200632,213.71180338713134,216.40371364480444,218.0962552197126,220.29248239991998,215.7377261753641,219.07731892858246,208.70333064729175,210.88181986531998,215.78128322437124,227.36619251864974,,,,,,,210.95313136550607,215.34452260019216,219.50849924133746,215.54313746918575,215.1611422520109,214.40473997000498,,,,,,,211.4365210233991,209.7442757983643,217.8119254283735,217.78243871794436,217.6527737316842,223.34638107220496,214.66191761835572,219.06682077188782,,,,,,,209.6572230835997,203.47169036085273,214.61191980138221,214.13520456094818,215.8032882785626,204.2998712470221,212.45155072737901,207.71531641077445,197.00959913591174,
598,2015-10-03 18:22:34+00:00,255.47875679088264,249.87161400702212,246.21052698816044,240.46357459225754,239.02582255986093,240.57481006753446,238.258158043634,246.57639069784184,245.35933384779332,248.59058551282044,241.49818769029145,236.10742175712204,224.49746098691492,213.53000325859318,208.06252747111412,213.44743736718783,207.77027155981213,206.54952621606907,216.91771284042983,210.1464857256389,192.49609351728756,188.20834711270118,187.77714029734528,191.04956695853366,188.71531894723637,181.4773506985623,181.92658950418283,185.51427073342117,197.99643986347542,202.16644488138758,191.86516929431727,185.57996764934344,189.17287468936425,193.54469965918338,189.7686249253035,185.85932911239792,182.86756927730454,183.6734016759291,185.15753857613484,180.46587760283614,186.85961560033383,168.7060448921889,169.24135244609215,174.62677890922754,173.56973490561327,177.46348091382174,185.5745655202592,179.32374473510106,193.6667995609324,177.710856486053,175.2594752035389,177.46005111563858,195.52480294008495,208.11925487837027,214.5264485224165,213.3680821727118,217.99587206098454,205.47574575695177,200.7551205813163,201.2720332259272,208.17621853469575,211.17057869472723,197.06586965492568,188.5490460318234,198.5838117176084,187.70873005472637,184.826878787733,197.32966789089636,191.80245897766468,202.79689905116462,207.18592766729583,203.53894100763378,211.66769495030422,206.32341422862234,206.21855362984485,212.94072759421684,221.33953155346438,219.80739077903206,208.75614321159412,203.51581809496122,211.8407581120194,215.72591102862114,224.9694000181828,225.87152881752198,219.59507178395307,219.70176271872032,216.51694170331643,227.05835316693393,225.0232660872167,211.31615366761503,205.9997777886735,213.37262658473898,205.62820791069475,208.5579403027789,215.74614632109916,202.43264182374904,203.74948295476946,210.21626105977595,223.73684831509235,214.4115647701153,198.4827647231384,208.9345191728764,209.54181875099187,206.39685114275312,208.8140566663516,204.03360155960758,206.51457009907045,203.79745677700532,206.53995937178075,211.03168757244913,219.12220260666152,212.89721569684417,197.4143708472643,191.613371784361,191.5756955579149,192.6603383882841,194.1200538548139,192.21632954605064,202.19499922147958,207.61076331795013,200.80653978256584,198.08560634797718,199.2448392754153,197.93731437014057,202.18128269729434,205.39510333340493,209.73198267305202,196.3602256997056,199.95246333216582,198.1347229137589,193.30360339473754,200.56036234565903,207.95058790945666,209.73618801304417,210.916044100311,212.51878519540873,216.1654437007566,217.0909220752974,208.8206528458695,207.00547530088878,208.2846574626796,209.91762608362598,202.6636961598695,198.0425626765365,200.30597575806132,203.0842602442894,204.72603474698545,204.21001080879606,199.19196704821195,207.00106227427787,201.06329348476123,192.31453084602163,187.30668228739364
599,2015-10-11 18:22:41+00:00,251.2819413898139,248.3944594467041,239.9321010391682,233.2377660209272,,,,,241.2642932562518,239.16838716057333,235.96545537968228,226.43822887776815,215.85451136398058,204.00089120529682,200.2667061160575,207.76942124223567,203.9202250785884,198.57824321574367,213.34822003011982,203.11703981922,194.2602050953039,188.09914685514315,,,,,180.5216264159925,185.6886654864678,189.30745538222254,194.39552650931222,181.94337741015255,179.123733627582,180.74626147639287,185.93673898746198,187.35514115412167,186.1367240779286,180.78125524346618,176.54295596251538,173.13714338328197,174.99747011313474,179.6840958187278,,,,,,168.63976427968657,172.95227332213955,173.88415653118176,170.83990894966718,168.33764563984113,173.24074566755803,193.38249806451586,201.7202777727514,200.79378618255146,204.60152014892134,206.86429812730586,202.4986587413179,197.5127175173659,202.5562319599403,203.5466646124106,205.23806097439348,,,,,,,,,193.4418829178827,192.79945458017573,189.09470783675317,201.71072739212127,196.92757362911382,195.8542524185811,203.33314184911785,203.03625584383235,210.97528709149427,200.57203699555475,208.18434706467002,207.10563625764004,216.1866369834864,216.3445217297665,,,,,,,,,,,,,,,,,,,196.13328323929875,195.5072554278918,198.99529760712545,198.84031081248872,202.68751740082962,198.0068909151218,194.7971863917702,203.75532929269036,214.5462480370976,200.6990035400171,191.92319379272777,188.28196033621856,182.74146855005802,,,,184.74387742148633,188.7012458613959,169.35327208785668,179.6735250563311,193.99823374562772,191.70645375178583,186.02356778897519,194.45542150876628,199.13637134723336,,,,,181.54246089742117,185.66116468671964,187.26092600498882,192.9286591261485,198.74787524948846,208.68025617865794,211.59185898293487,203.65195582683305,194.76186190958657,197.0128308697254,,,,,192.26738592013726,198.89228133561676,199.4694813985239,190.04062940875346,189.5943696882597,189.9976384618484,185.89634109687543,179.99583236060718
600,2015-10-27 18:22:57+00:00,,,,232.84582139491692,234.6192964204752,238.48741112126413,233.6478080641122,240.56553961493694,242.62697235395453,244.28929495912067,238.76847129732704,232.67613975024443,218.29519756864636,209.92603865318364,206.20575845455312,206.1976028764898,,,,,188.75691083422652,187.79933491197818,186.1166512257061,187.78205238905625,186.21267919169756,180.91905463485125,183.2441556691824,186.19581342017773,192.34469654809126,190.32032964003665,182.417878875884,182.19613787693714,185.31691804327346,183.84410948112864,184.28415507424933,,,,,,179.13801037485126,166.06059947235838,159.48106497014743,168.54351248272886,165.1061669903891,165.18467919476296,162.53444471648007,171.05480033525942,174.95107113057355,171.8036856238734,170.8929745496722,177.13563706725608,193.08733323499445,196.30125677199072,,,,,,,204.5106581645734,205.01500764331786,184.65187775553068,183.40945954832847,186.40385441644952,178.92374126806502,171.8080442765437,182.00115798087305,177.35629388578246,189.88372427786084,182.81130349816402,182.49463672179712,180.15718937005073,199.1503089857178,194.39247387195562,204.35162076705672,197.6102943311183,198.80703813756617,203.19780142290531,190.83536742792427,,,,220.21587953942065,213.943824635864,209.73025894331704,210.42535247099391,217.36977924174857,205.17824362916602,197.30891213659598,198.90486148040281,200.0809940591842,196.62788910168175,201.88043131409412,192.92152414799318,194.13967515579282,204.98523057472576,204.98134546833933,217.0543729687834,202.80751032175056,192.85114300310647,192.15495554672606,197.41634767951996,187.87913371459382,188.902086615588,191.28528294781748,197.1532984713576,188.17288956010054,192.82076924159105,199.29061909521158,200.72824875718553,,,,183.1279881680236,179.8108689354193,180.77601875954304,171.75671586668795,176.84505978743587,190.5694761161423,182.17516357814176,186.54500449990888,182.47900863037148,,,,192.1467350642998,173.29300888368306,178.61974136041428,179.06960116628517,185.6308279384057,192.13530957669792,188.9262988284894,188.3632529889168,191.84301398540015,190.33659895506614,,,,,200.48137770349703,202.82011172084702,193.0464760435679,181.90944022724955,184.5415359566333,197.52847073868318,199.03662939656135,199.98326279064548,189.76151854726754,190.9457818320479,186.16030027673852,,
601,2015-11-04 18:22:40+00:00,254.8862794965902,256.31532136779026,247.5363694341332,243.45135833047067,244.45545668356874,265.25560949153436,256.6952099642952,256.32889023338333,262.9235597495252,257.7329754240057,247.7306944957764,242.52842499103295,235.20010253726173,227.13532036914893,220.10470945267295,223.13756543370573,216.00046197380954,219.04148278888357,,,,,,,,,,,,,,,,,,,,,190.6551843946873,188.20604749526788,194.77735667654227,172.2175212750021,183.7952413420321,187.14030362774923,196.4591920850595,182.23640912801926,181.8495534247968,186.44883315493323,198.08244979799468,184.6258280304461,187.81269475793297,194.2727771188089,204.63557423529446,208.68197640596685,210.07005190742836,214.21883202506388,213.18685305034518,212.97399296928296,207.7288698365605,206.28201485444959,217.38070296437672,218.4982229300794,207.20382827914523,196.9677140966991,204.26438786363954,200.92705158081532,194.27085299150303,192.62081062229356,191.5535694115609,201.52278786618075,198.91948083707405,202.80747887159427,210.17761941532004,205.70114343013245,215.19132564469692,211.680981994499,217.1690087199359,211.99804419109728,219.0720821641293,210.08319104079334,208.97224552758018,216.26740131784504,224.7540039548743,226.8801953289186,224.48135812811532,220.262646116258,223.83574801822945,232.62856356921907,219.2882989761782,215.39384158987306,217.69353707192212,220.38093743013724,210.91547547513974,220.80324915204397,199.30169417329165,214.11297333720069,216.8166628639889,214.33621468751485,225.09562486040613,221.23784039846316,219.9018536001598,222.93883169717313,212.31332945480938,207.76991777252283,212.04415682509733,213.21437194241898,219.96841263445745,207.2005407539995,214.18854450137894,215.09937545290552,224.66222274952014,211.8071121757206,203.71037709794027,201.1671499728292,192.6511441554468,187.49544894324296,180.35805323670678,187.05958704671596,195.2729613692411,198.9451116238148,188.63794667491325,186.52603409825625,190.45753572584238,194.33048548527927,190.11349613509873,195.78436859800206,197.51691850902685,196.56385900130476,201.96220506262102,202.4784041613778,195.83022843112784,200.8934193985577,202.64803100714335,206.72461120527308,209.65943426760947,207.4332951054203,213.34221021592504,223.52476991399263,220.83750768723422,215.28634232090712,215.40214672750074,218.1720299811925,214.47560623385755,205.5705383699938,205.89497098325137,213.33806100827567,215.6672630400059,211.75622370159704,212.51968269115935,210.53291353816962,206.64731023691826,201.16416727978287,196.09143235497487
602,2015-11-12 18:23:13+00:00,245.8855990310081,245.23592705837171,238.13820679999301,232.29191903388858,231.90125712726112,233.1484479614593,226.33017060556455,238.2027046298985,232.11437051515955,,,,215.5490576009581,203.65484778308195,197.9978993430582,202.6813955813324,198.42511787284624,193.93072780180228,201.6434095574248,200.16137020264614,183.7171040840851,179.66083552868935,178.97097150861418,181.41132105354774,182.9925209252727,176.9142930077813,,,,,,173.9661535836609,173.26616829116418,175.93117959435256,173.52945081785816,171.44677427611018,170.0975830213656,173.38600181381992,175.0094244114091,177.22578760198178,181.82048329202462,165.30019882052065,159.6677520897576,168.60365694398308,168.2389573505208,164.75504811529783,,,,,168.98804798566823,170.19144264861154,181.4445134360796,194.37126908169438,202.69932721994942,203.70756597660608,208.21298142376406,193.37225957738318,198.1401986993239,202.61082026090577,206.8760814869932,209.53948950617,192.99637297049605,183.73812241108678,188.42881911155592,183.03860876757994,185.2801711994955,192.0410516744497,179.11641809155975,,,,,,,,204.72887997039317,205.11865410304648,209.68287768935818,199.8181297671593,204.10020754157648,207.29574451363703,221.23187567488327,221.62678811978162,223.33850791368798,212.1311109515486,212.56047313101251,220.22711344138867,216.03907857355492,207.71838426746507,205.13985930053937,206.89815795073991,205.1959867235368,205.05926070982315,191.21163869279678,195.01882413116022,206.6981850170199,207.13855717558226,207.12608447563167,209.57195880907847,192.45040332580356,186.79395162789208,,,,,,,,211.08399296052875,217.16166470303708,210.02800867959937,191.5689497468976,186.0657841457913,199.58145465888845,183.936767322916,181.7282546120598,173.58528375039776,,,,186.70443274923682,181.4123718275752,185.04844256525078,191.0463177477278,199.9823823730087,196.61000621683877,187.24818897155816,189.38105906672516,188.7122423412098,,,,,198.74311580134273,203.17513598905123,210.1512818072303,207.57482406093195,206.26809543174312,201.2044266202543,202.4090826792443,202.92433329089943,201.5851788986937,190.28092452154254,189.92801646733483,,,,,197.67659688995977,194.60797324363324,186.96261324230846,182.37133111930603
603,2015-11-19 18:29:30+00:00,,,,,,,,,,,,,,,,,,,,,,,,,,,,,,,,,,,,,,,,,,,,,,,,,,,,,,,,,,,,,,,,,,,,,,,,,,,,,,,,,,,,,,,,,,,,,,,,,,,,,,,,,,,,,,,,,,,,,,,,,,,,,,,,,,,,,,,,,,,,,,,,,,,,,,,,,
604,2015-11-20 18:22:41+00:00,257.2514912229376,256.0737329031729,249.43750425903755,243.60406420112628,244.69408819861945,247.4406564945442,244.69933159604756,252.84677438597703,253.75405825852005,252.47056351853857,250.1974494648441,244.8125232942568,232.16004518678562,225.80487516886075,220.23004467132435,220.90175299193837,217.19164173881325,214.72519062419823,223.14659756075417,214.33951323234857,197.58577997011548,197.18287127703195,192.01631917493583,194.02294382543042,194.16408098951706,187.9065562526408,190.73309210286413,191.34693925446444,207.87635832334806,214.3724329721615,198.21485850630393,190.58917288180268,193.4606009236041,196.78868658661113,195.34432407176564,194.77238927372662,198.23958410566044,196.87003216554126,193.4012928991848,190.3378264533843,197.46628029441715,182.4094907089939,188.69060131879343,196.0448378955371,192.95934934469255,186.48480910266034,188.19360094043597,198.2000540230261,197.63740761254877,197.08811733863226,190.1215425623277,197.16010423478434,207.46857435275643,218.35075444127128,217.09421100882173,216.647784841622,213.18227455576704,213.14321377199934,208.96267457176106,213.14098206925073,224.75856313453465,221.33992808484294,211.61305172375316,200.88087948741293,204.74606679126288,202.06522818815046,202.36899426339932,202.00248728174918,205.07413015935248,201.2891417262323,208.2669860163383,199.690415418536,214.45199785229187,218.0921078838224,214.76128797305967,218.03003587999962,212.65760359155678,221.7778535979093,225.8310246014613,219.37524317499768,218.97306381451756,222.3526368778482,231.05249463632873,232.37797572646923,232.76795968464205,223.76550030616588,229.4072285095919,233.77638823029696,228.36305556665582,223.19949051016982,225.1183558592257,220.95982382326704,220.06350662654845,218.42037723050524,212.60288559094153,219.56214781647958,219.07778680063328,227.27110824232375,228.8868380049635,229.04416178063371,222.51739138571503,226.47246028486043,218.54958987385217,215.15979552972115,215.30201003037587,216.6425300947118,222.41369511505638,208.6237946859087,218.04153780371996,231.13060352016998,231.18076939679852,217.7443054943439,215.55719630874182,208.03428708357168,202.13461582247913,203.67648960415207,192.9462503814454,198.0114981709743,202.34884445189908,203.96957219074974,196.87801627413484,196.15222593201406,197.5691442720373,195.13283483667382,194.140429326477,203.7812958480743,207.19169423310066,195.72583186114971,201.67134947283665,203.92401923156274,201.56234621263684,207.1245868294945,207.86109150750298,212.94183428003868,218.94936323098733,217.15612827116024,224.47652256308186,221.64492376374815,219.9363086607812,210.6420116722574,217.40287892940663,215.8260618974615,209.94032287383408,207.53772407841933,209.1039143461897,216.14397108614304,212.6115123817437,214.9629615623241,216.12564395824722,215.71554399417008,212.09880907166604,203.59647088568366,198.01981854985598
605,2015-11-28 18:23:26+00:00,254.80282517112062,253.42057322893118,246.45132722807304,236.71554059145944,238.84147711880615,241.44218601448182,227.10335597697497,,,,243.24268227538653,236.9762210495532,221.10093216967527,212.76997299514494,200.17723435039807,205.94337040869254,199.72979046296751,196.24724813767818,215.3081679993974,206.12272408629423,193.51859612807772,191.9704438888459,189.8248467566349,200.05388448488088,,,,,193.0330407920319,197.26814403768827,188.22068935339547,185.98955911289397,190.19880533210033,190.34121287259865,193.8041423549608,185.25362111902842,189.24033531667448,190.21929091894197,183.72935255717687,183.61840417249567,189.72165291553242,175.12254417363678,171.31822787125515,,,,,,182.81277866609852,176.24828332643483,183.3409384584204,179.876288951447,195.677093157902,203.70861710322643,202.18962537272756,210.04325186493327,214.31547048991152,199.55447297856998,202.47612126005657,201.56962640628373,211.7388616683093,209.91217046753894,200.44411683713753,196.847255155175,192.18445276387018,186.82183844744668,,,,,,,,,193.49037458205004,201.58788124886553,203.00404041130196,202.6425181161207,206.76113684710575,196.33870166345991,203.35375738872253,214.34051356806233,223.52153716548517,221.58300841158513,223.96942426171728,220.13209008301544,205.38754661419424,,,,,,,,,,,,,,,,,,,193.90443528380996,202.34720107550663,192.18704098412502,195.72732105540524,208.5336797706023,213.9954579391265,210.8436576609318,199.10591090904052,196.32692977178567,194.07825800115177,185.4792293353552,,,,189.24376929582968,183.0682038490572,180.64173112232936,180.02776650892383,188.2376388484417,188.54601274808698,198.85777653353955,195.19355596780832,188.86276985452542,193.52556226183617,,,,199.118630287477,204.3104763522919,200.20530525981496,202.39010610705924,208.07969518729095,213.65043475059358,208.48923573128206,201.42930899499225,201.938541041003,202.11186571730727,194.3985045211585,,,,,193.47537223321336,185.03183920581893,188.8055171513514,187.94141143121587,179.03326215841446,183.81277274017583
606,2015-12-05 18:29:44+00:00,,,,,,,,,,,,,,,,,,,,,,,,,,,,,,,,,,,,,,,,,,,,,,,,,,,,,,,,,,,,,,,,,,,,,,,,,,,,,,,,,,,,,,,,,,,,,,,,,,,,,,,,,,,,,,238.9952396721094,241.78544855015357,237.4468450376279,228.82063735673128,230.42363161220405,219.68963514767307,,,,,,207.5881245561573,202.36792400657356,205.3095032482717,206.6473621496413,206.77888166386327,214.37158495253786,212.36187041567686,,,,,,,,227.81685165491183,234.71705549018225,235.64789521675823,230.2220122891032,219.92759121163346,219.68301532257442,221.67605777262253,219.97686977954368,,,,,,,,223.19004387385706,218.69307077200918,,207.89341445889113
607,2015-12-14 18:23:43+00:00,241.48665241996605,239.2729469237944,231.87063892828127,227.78552023374806,228.74197748438587,,,,,231.68589328485197,226.12065291722388,221.14245699513754,207.11327024223766,198.39577710032842,190.21444178339055,194.02104457178632,193.15800803329543,184.94892368420915,198.78880404131866,192.90344782354248,186.0525622313662,175.22121727524893,171.6124294180695,,,,,176.46830170236893,179.3112097091311,180.93166622364896,171.79022777783877,168.95376633714056,171.81221440138512,170.00445359296583,182.86259391021883,173.50062018595864,173.468688531138,175.74674047846233,172.51530817109386,169.13597462540997,174.6363090170399,155.92135933219419,,,,,155.72778228376188,159.63613014219408,164.86425249841398,165.94453077977062,169.33188177982225,169.21659523293937,179.40353142957298,192.28685459331837,193.27011165928917,195.12345582374013,196.0743496320718,187.7902717162694,185.96407452850178,190.15054150983727,194.23960916037868,195.74067810537093,180.09292714827725,178.32126113861,,,,,,,,167.54378754359323,175.52430265572423,186.50772034792246,180.40294231978356,189.10761339257596,189.45429166539506,186.35221988223824,199.21267141578284,190.74449952509707,197.81899724988284,199.6179293767213,208.52384758603384,203.6511540341325,203.22612033618265,191.6084689389176,,,,,,,,,,,,,,,,,,178.07441965406457,175.90833506237215,185.0803786246681,186.89735516399918,178.79517346263953,185.83958106345682,,200.21578236226128,,191.9732682453402,,179.44333127885722,,,,169.58216389769424,174.70369014671857,,168.49379510826589,165.59362642490873,169.33639861660492,168.71071776238574,181.61644017937385,178.8564197947154,166.6146845391159,,,,167.648042890074,166.29523637693217,178.78006618135504,,,,192.2048493365325,186.241488757041,180.72940887052584,183.45822239257,173.69163986360962,,,,171.2993844195821,172.58172692366543,178.6933095206501,173.8976650885905,,,167.10485496222583,
608,2015-12-21 18:30:00+00:00,,,,,,,,,,,,,,,,,,,,,,,,,,,,,,,,,,,,,,,,,,,,,,,,,,,,,,,,,,,,,,,,,,,,,,,,,,,,,,,,,,,,,,,,,,,,,,,,,,,,,,,,,,,,,,255.5325706425058,,241.0793147037183,238.57509318361872,231.76726981829208,,,,,,220.82113441373087,210.57329804216025,208.83231731262475,199.32014218575665,200.7329355204305,207.79045056240045,209.28005119722678,,,,,,,217.18231172374794,224.1844278424876,230.70351247770455,234.0722685003825,233.89658255285389,232.7062301734345,230.48951598197806,219.5033569228048,,,,,,,,221.57644652832965,226.51681149201966,229.858839155944,228.41031067801345,215.99211279066162,209.1446307226406
609,2015-12-30 18:23:55+00:00,253.5892967394396,248.65512505883675,,,,241.26696470485524,240.22790886336398,246.18924730940617,248.85711762025076,247.31404977170436,239.29888879460702,233.557976990606,225.25067204937756,213.86894699975545,211.72026203878465,213.68645851597068,209.02227107831442,202.83947422476837,206.78037011144562,,,,,194.5956553940175,191.5310970906288,185.50425880447295,191.40811054214083,193.54364370570764,196.92928116728632,203.98268690035326,196.90825246215618,195.45100148329215,194.40252814960812,196.95537393378328,199.5306656274405,199.9179684540578,198.94591248734568,195.33257482865966,,,,,176.32687931986834,186.67041106299476,184.00299771083587,181.37732941622244,173.977035159139,178.69762947154229,194.57801260241126,189.70969432691277,187.84975696406428,193.45614727886192,203.93397903679585,214.46986720045555,211.8414399366015,213.98654841104843,207.84366737594073,,,,,,,,,,195.07000817416792,182.15272961290736,185.64277496953764,190.87114507384845,189.9439148174708,187.28691098338547,200.32020252952287,208.62281290761211,210.04492287091324,216.8681731300981,212.42427889460492,209.35959302069665,222.84567817234887,214.54190874410875,226.80393222877484,216.1020906169817,,,,,219.81288016251983,227.93450638929335,222.81789320752284,214.2962372892909,222.9268039091662,219.0328990493322,218.9930482318855,221.62568187229414,214.8295538243465,220.0927366046947,217.54116955941663,228.6580569543782,227.37659838183362,217.35366297490413,220.4146194166172,211.94499966017207,202.7508399263558,197.43795221585938,196.4893579324849,211.46234616285452,207.82760590398604,204.14036435848246,220.26315388404322,222.61972211259695,229.16888333335902,221.8475314761625,221.26227751085003,,,,170.27931454843264,175.33362436152527,184.90226732009012,195.2450911837007,184.60863953207647,193.1673671015741,192.13587291111492,188.3843307980756,180.24320175188362,,,,193.14855552834103,193.871429067031,188.3961205462525,179.52447027439197,180.45543012002054,193.64532422981478,206.98348369095436,204.2837693119469,209.66790793363174,211.7342216415244,,,,,192.97933952762082,183.35971117644723,185.50011787744575,186.44297096744728,187.68540749504746,190.3265890037708,197.68964483702945,195.53541842588646,191.7831636032027,182.9262736487471,177.9735847245019
610,2016-02-07 18:30:34+00:00,,,,,,,,,,,,,,,,,,,,,,,,,,,,,,,,,,,,,,,,,,,,,,,,,,,,,,,,,,,,,,,,,,,,,,,,,,,,,,,,,,,,,,,,,,,,,,,,,,,,,,,,,,,227.17955070542553,213.5594664780927,224.7861031193084,237.8207651278547,,,,,,,,,211.63455371773648,206.1028252225724,199.47030934701013,,,,,,,,204.43383007152914,209.08463218296174,200.55078698346455,176.1091853698478,173.7020289444909,190.6353224025284,205.55065607110936,,,,,,,,202.0550510320838,192.66389435460377,192.34353939569945,196.28165550020333,197.16588989506786,196.94221542366262,203.17879056836156,191.97582626603628,,,
611,2016-02-08 18:22:33+00:00,250.01630061311764,249.02570994277264,240.0470188488443,236.64186815720296,239.12816417281311,236.72880370806052,236.10299531853303,244.23410645194087,244.37192133567044,241.70280317647172,241.32064236955063,231.4112323544107,223.1828851712802,209.21057467869937,205.95521728809297,203.96097632037646,203.238274285686,196.76133207436965,209.81449562414113,200.33578089244418,193.00815807668766,183.34130313158403,188.23736464191154,193.512686183264,190.15060106639856,180.82308815426782,189.18217609373096,195.3151042345599,202.5931201419745,202.62390850917632,214.72978807328946,194.02005276040387,201.07843299189318,203.8229893798274,196.83010361263544,191.48263616738092,184.5768708712219,188.96031994086434,187.0145110122666,189.10101737250204,192.53940558081746,176.15601938689468,170.2266153284649,175.82507011137096,174.29858134973793,171.86774235188383,166.65002873660626,178.1046591184573,185.72536166123507,191.16318478812846,188.95901950749882,188.67274512762341,195.69817406209316,203.8179298441803,199.92132981064844,211.57934597400242,207.76797054014503,204.3075947642394,196.25262909151695,193.00141945538311,208.4625002175082,210.43236261007945,202.1385084214563,197.47494183080468,200.8932533114584,193.02459863530333,186.246297138831,183.24153119162713,183.80670123258096,186.24363922705984,188.3705837385694,175.01544221004457,187.93102157524368,203.3580743220535,197.97281942693803,209.97480706444213,201.43985676000943,211.00760201609148,223.90018290952398,219.44091315245493,228.08699184221996,222.10631921911323,229.03988464817564,224.62904084209413,221.0105630911994,209.887055053092,208.23840102628492,210.99552300676157,204.6353776401973,211.85236178909776,200.77944256016946,204.64912550942648,202.94588172419438,220.29185482029555,207.50075782957276,205.3845729390833,205.58631461830146,207.4981033593448,210.89814115678493,219.9752908607723,216.0460280312749,207.15649508593475,208.5713734839762,188.84058302565825,194.11078273800317,191.01025194522657,203.63620763635234,206.6095446403476,213.70026787049846,219.25927599839585,227.62601997591486,212.98989483835817,220.67000579905502,223.57825477308975,202.12932311603916,199.91985496003542,192.17371195711587,195.0873898843782,210.16771217162108,207.49932145720805,188.69796137082344,190.48168520175233,185.62333303853785,186.82510901642019,185.0778833368014,185.16189382177038,185.50314278808708,188.32295567005585,186.05557594873574,194.37361677558096,178.6520858640106,180.86559919254628,174.26542366863453,190.23959588846105,200.0943001693515,204.79612581826962,212.59465354945021,203.95302913752488,204.60820879659377,192.69293696657382,196.3636091618007,191.398628691299,185.00689434710873,183.3793708643048,178.81713137997463,189.5580884151649,194.62742128646272,197.69336367082178,193.12226578169225,194.12174171650292,197.36102950099075,179.5421031241592,168.47324455318181
612,2016-02-16 18:24:25+00:00,257.4542171512569,254.53050712484713,,,,246.51590570632735,242.90518319213908,245.9047664019223,245.2121179741635,245.8710072700677,241.48459919923948,235.80813360940144,226.19105961201066,217.8641368304905,211.63853667549762,213.23259651638386,210.19605218840698,207.7415645883309,209.46880197710146,,,,,207.42418226883035,204.71894021320045,202.14368314561497,206.65031122389388,209.16114126735678,211.8418580293911,228.3604279942402,220.7454310470946,211.67205344236265,216.0952607482006,211.63239800717002,207.1248039053953,202.3229212854277,192.30542681596188,197.63045587293115,,,,,177.30974172622808,186.5885542829974,181.78760445052933,186.856873307773,176.0418532236677,190.25510786799083,200.2265736693974,201.72015077878075,199.4246152171046,205.30287700207143,212.9372578335217,216.19658302508273,217.779060391602,224.9368472398329,216.97748956120438,,,,,,,,,191.61262364545237,207.0092166208045,194.45687855304226,194.6588459770433,197.18534978728678,200.53844832744772,199.83290778617007,203.3838151433885,215.9557782177779,221.61068959164982,231.8858450265633,226.58083783988246,229.7134608870985,239.6894978017827,235.7169506353721,234.05134452479794,,,,,,213.34227263316512,226.28880129837114,221.712864885361,239.00850048498796,236.94719750313786,223.0247440170948,228.2724532454141,228.63140408767322,217.78346283968492,220.98377736210404,227.30685090747528,233.4608966670899,235.63955306491263,230.95153589967398,228.1898127907708,227.2862644394038,216.22966553682807,209.00467023357828,216.11603177881122,221.90961218681565,231.8526013435875,,246.49258467051476,234.97021954835475,245.2966722645148,235.85444971107904,234.59393017110978,,,,199.78038795140526,203.12345247975944,212.776952721958,216.148614368462,210.62652332126132,202.0748601215197,194.48214679822098,191.33371438686825,,,,,197.76179757230832,200.13802860075492,195.6399726148835,184.75410853153525,190.65224869407425,196.16288659606653,206.778519143428,210.06658467829692,219.02244815426383,218.98504341960523,195.32676473570365,,,,196.60238649060813,191.31058375799526,191.7949338988162,196.7242546469047,200.828261477708,205.3449596585616,213.713965812911,207.27267612861928,206.29881588081855,195.85913171177646,191.3877554816549
613,2016-02-23 18:30:35+00:00,,,,,,,,,,,,,,,,,,,,,,,,,,,,,,,,,,,,,,,,,,,,,,,,,,,,,,,,,,,,,,,,,,,,,,,,,,,,,216.80139421183185,223.31070307437525,231.77283924457322,230.31896402363444,238.17168989998652,231.14630029309677,,,,,,,,,,,,,,,,,,,,,,201.404175966711,207.66031199804826,209.87268213308266,221.71300075271384,209.9977703327266,225.69621800126725,229.38534606233847,229.67125761988893,225.97459718957128,230.302282387093,,,,,,220.39669250727974,226.51659371478414,215.0247148842814,201.58781282910294,198.41506205041128,199.7519728275483,190.57150842242658,,,,,,,184.87476017992563,192.3711724711883,204.15044367564155,212.2426010996698,217.722845703107,224.6221222148052,219.8136532836166,213.98621198035215,,,,,,,,206.63005846330896,205.5353286897091,213.4098464797429,208.16592901127476,206.9235191428521,196.53249481267716,188.81005713818186
614,2016-02-24 18:22:26+00:00,254.1140973459575,249.0368721468893,243.6781162207226,236.07256879231068,238.58828718789925,240.2044935755312,241.0064100176767,246.06979963534496,248.2822509545009,247.31765824505362,242.65975371027963,235.5136543257937,219.3988525605708,210.20964919439115,207.12260991985022,204.16249379497992,203.0647203776394,201.86852844310346,216.91670520828143,209.66794577218596,196.09759856527694,189.33522802024783,195.5854182317094,206.2949385597434,195.52287233124557,186.85884771985073,194.3038798789629,198.3475330667036,203.5237534921089,205.41669919700956,219.2415485774414,207.75071731287676,205.01355955361583,194.37690639418318,195.41985056031984,195.35975322018857,190.79482193584002,191.69190615327122,190.28979108347133,190.39255165091876,196.64076946280846,173.682278044797,166.54796801381497,175.8510974943473,176.0813216750963,177.7567993455719,172.37363187005286,180.22840902590053,191.93364599372944,194.60972099035843,185.54005384732412,188.42163758857555,200.49659869191342,202.98999867020086,207.1494683248501,213.20427963262,211.081831147062,210.83571486712057,195.44704289079465,200.58952200974093,211.52146301639394,211.77652983854443,206.68377344942553,202.93315213544136,200.1504645221935,195.70641805331218,194.77515280159173,190.3869449623873,187.8080909854317,194.3270835622098,189.70912308864072,181.72829493562384,195.07158994847865,207.85210770378677,209.24106946617965,215.96297804402656,211.72776353644645,213.5524445340825,225.8636357683812,223.31569177837594,229.03131519210132,221.40794339816304,228.51047887654988,227.66382434493246,227.6792348447922,212.5479648882033,217.2134313595778,214.70835943206862,214.6759254550675,214.60912489998606,212.83255332395026,216.74280299062897,213.78512718518292,211.3715921534739,207.76364812532077,213.86652643151214,215.68068158751169,215.27848556462433,225.99940687103327,218.73855539077226,212.38664096966548,216.57591713381873,204.86706302064476,198.39260770387745,202.588534931418,198.6897597029659,216.45874866641853,208.85046006503046,221.63681258731282,224.69195649938234,232.4013706928351,219.6579264062882,230.67527769271595,226.95490097202563,218.96009498483306,213.8673266657815,190.93341049743674,200.24544343023524,208.35873838153424,207.0225456183663,197.79589412538536,191.7388122815149,188.12470725846327,190.01401209426845,186.07851974127914,190.74164098675445,194.08320203906734,191.19716630030996,191.5290888901297,192.55656570163285,190.49176775353027,179.0660492714295,178.75389189524742,189.06163833495305,199.87961896320365,202.94059955632684,215.64929101516157,216.98661621013898,212.9198491205999,206.047470716789,199.3373949411274,204.7097627976961,194.72466196021867,187.16753811934865,186.14117217869807,191.77406282358285,200.11317873539264,195.93041375260236,198.4381683294493,193.7997537942282,198.54223775321685,191.75514072653934,188.44635312784231
615,2016-03-10 18:30:47+00:00,,,,,,,,,,,,,,,,,,,,,,,,,,,,,,,,,,,,,,,,,,,,,,,,,,,,,,,,,,,,,,,,,,,,,,,,,,,,,,,,,,,,,,,,,,,,,,,,,,,,,,,,,,,,,,271.38780913328793,238.3330838104531,247.35762308814915,238.05469370181885,226.5209318152771,228.6778851900005,,,,,,,199.6017815263327,211.89227541005727,,,,,,,,,,,,,,,,,,,,,,,,,,,212.29011901910022,,,192.57035303050418
616,2016-03-26 18:30:52+00:00,,,,,,,,,,,,,,,,,,,,,,,,,,,,,,,,,,,,,,,,,,,,,,,,,,,,,,,,,,,,,,,,,,,,,,,,,,,,,,,,,,,,,,,,,,,,,,,,,,,,,,,,,,,,,227.1103933313659,235.77686437694803,238.13402150842774,226.70640210721825,226.60324074369322,231.75707237854868,223.6403003144595,,,,,,211.56486007090257,202.53205256795025,193.07059615740317,181.12583256920146,176.52525637750495,178.4245281287868,184.19766833484456,,,,,,,193.67345867589754,211.37902631658147,209.24479974234856,216.32562840922293,210.13745242456213,203.17594873421908,202.05894548790798,196.94251838988413,,,,,,,,207.40692308532496,209.8503551587274,209.6988702410899,199.0305641383129,187.4107911512511
617,2016-04-12 18:22:09+00:00,262.6030547709398,260.395213634995,254.82900961594802,243.72858235335087,245.18768055243027,244.7980717284965,246.58004761773287,254.92775902374663,257.46505086717366,256.1526403116783,253.44372548964185,246.95032405588844,235.12888405377706,226.0448929518347,222.69494506327845,225.21474158345472,218.72504608222863,222.65574474804998,228.72923831549366,222.03823481106042,209.37623782775023,207.1343954030972,205.69390900488077,208.70781941782207,206.4052634587796,202.909419705564,201.9460937429554,207.74386219633027,221.0635181603698,228.9656608731034,220.20331013259977,203.81069080543034,209.3940329951098,204.14270936611257,203.21072409494604,194.1433124802834,183.4641713303218,187.3570535362189,195.5490466000502,194.86394277773826,198.1610362580234,181.80751719204943,178.4260875243014,179.8997091503104,179.45020937418525,181.6020925502898,189.5150135926932,202.75123025739043,206.53430297760877,207.1941289974975,205.03199067942438,206.86910894437227,215.4944398285787,219.84112042186257,214.81642197864247,225.33811058022684,223.75713922824642,219.06893318019252,207.25328810060108,206.14444061212936,211.2528598885288,213.37992382441922,207.21052816199193,205.77535740718588,204.46900198513802,202.7668182374871,213.54865847597756,201.66749417802777,194.9964666206839,204.67680615174464,213.41512826955966,204.29455387726333,215.11880941825135,223.7640141087506,226.87619505606898,231.02218791447518,237.98863263254924,235.94676898279818,240.96418250456387,241.3055707401378,233.23575409530122,239.8583116078827,238.45275550349584,236.7513718611781,230.28257911861635,213.41350458209467,215.6985825519738,214.72356194663234,228.65143141524155,241.19827054280677,239.37821888018775,228.82066501873868,231.61773450776866,231.0464564203783,224.3598627378431,225.05162562977296,227.30848771555068,238.89363684778246,239.40382235445765,243.17865499087915,231.71051000868255,226.86411636443557,220.0699727258354,213.54650311681783,213.48258097384877,224.9630276865603,239.02707928971913,,254.2187126981289,246.8307497404686,255.2007345183389,247.08256706371637,241.07019185668713,239.8165548272185,249.8769656253749,241.37946823855992,230.42525739331631,216.73040250067294,220.61154575133986,217.70419127850474,216.81836195702846,207.12142076597883,199.2991003382865,195.8117832780314,192.10979623445715,195.0138882048745,198.86928805515907,194.90538804148593,198.92891026421714,201.80605993571598,195.4666856712306,193.06055316879088,196.43070603579633,200.21384180884482,213.51074708191697,217.0153689783478,223.77659860748693,224.3850735854905,216.7472203851197,215.12983351951033,210.66110076594114,208.9641591901133,199.67035521596983,198.13912750463052,199.9651572976324,202.08333448150094,208.96309229537212,212.90665487308715,212.63382784321556,215.9450050581987,218.65282975154162,205.93617821966774,197.4144177868136
618,2016-04-20 18:24:51+00:00,252.97917161141842,249.94967605576963,244.08730777022194,237.29509353451877,239.48393802472458,239.5049692194275,238.0130249784075,,,,,,220.1927553259294,211.51679922121633,206.27761450466474,208.9378074027735,203.13875800286863,200.62533218508295,215.78821070947023,204.24342275909177,196.4158754442374,187.28497272020093,189.02783088483406,186.91336595903647,183.99455200009004,,,,,,200.14980465188825,193.76229406203325,194.3532538202224,191.28003018556592,190.6524008215052,185.78293058282418,178.34941495522827,185.63540461471547,185.45274764291963,186.13208207390252,188.92771585288074,170.79270288455825,166.02663293017514,169.7983691125508,164.23516277640107,,,,,194.41348917587902,193.7353853061208,196.2404519978645,207.64464428002742,204.4825497505688,205.7485592810319,204.79221650455014,204.1353118275482,209.19008997128293,200.2799132720505,187.42304028624272,188.13351989859942,196.64226978000391,185.71551687813442,183.2694740032885,194.06071813204926,184.7346806501502,192.43775298984585,,,,,,,,,219.20304070264677,212.21664974359516,219.7675219359186,223.9769803514106,228.6627778224372,224.7504849508563,225.57959836913852,232.55885053943462,227.19582088975943,219.79154105752787,207.13685255264934,202.32131008957703,201.4772746152274,202.87845403567832,212.67244204182174,223.91170742749446,218.43442845149326,210.31519454107763,219.85397141649193,191.76045960050112,,,,,,,,,,,,,,227.17742379460816,239.0595295769105,247.15468807558383,237.5175104247141,236.963947648527,226.59133032743173,236.84121519704968,228.7407195530012,232.11333146498515,,,,205.12940600376933,199.0631175395979,182.50976555185656,184.35786076557858,189.95744621313176,191.02033671817208,192.99081521924955,187.99243989023313,185.97798724043997,179.28528486440257,,,,189.45175804728763,201.4182638902544,207.0009982995378,209.87685553255494,215.2222857440409,210.86410102439498,198.07729027841498,201.05815450109026,194.76640929256422,188.60391606622673,,,,,,189.84753026297423,199.7110439043547,198.95952413132886,185.9454502207446,182.2838782495258
619,2016-04-27 18:31:05+00:00,,,,,,,,,,,,,,,,,,,,,,,,,,,,,,,,,,,,,,,,,,,,,,,,,,,,,,,,,,,,,,,,,,,,,,,,,,,,,,,,,,,,,,,,,,,,,,,,,,,,,,,,,,,,,,244.20684051854278,245.26182195634772,238.27763848135294,236.14928471692915,230.3097405969973,230.8331122055439,,,,,,212.78622085592238,203.1016924524422,191.54209112751312,185.10655943520982,181.25031280265708,189.0113126585572,189.7825108000984,,,,,,,197.15176612000022,206.6895119483777,208.23066228648054,206.7255354657212,211.60291350029252,206.92950639705148,195.74606828803792,199.53625126987822,,,,,,,,,205.61264956027213,204.07730639976072,194.5850891815702,186.83812533431185
620,2016-05-22 18:24:59+00:00,254.23630574670787,252.1257936042148,247.4613835842403,241.3890883045516,243.19922915898158,241.90080496985138,241.3941443821348,245.85986919156284,,,,,224.318420694505,217.10021835361994,214.7708803554546,216.4269784819496,213.6665425127082,206.95320121283567,216.6030896089483,208.8494481787414,200.4046850713383,201.76818146621932,191.52297694806305,194.69427935260376,193.4858321542559,178.67934887069669,,,,,,188.15131396117079,191.77842061033098,192.00747873608495,195.638530811947,192.00125582671131,184.3905507785518,185.67992916196135,183.30989434560007,186.19998782694475,193.17371694496296,169.687912849952,164.9989335927079,171.41009178981764,169.10533609302388,,,,,,186.57088876477786,202.1712915205634,211.0713639338286,208.5798133471721,204.05048191809308,203.37649048074917,208.38605120735497,205.54639319736222,196.63116759407723,190.00899127178556,203.36525206680102,210.2910577413901,191.84869724848477,199.7214220464608,198.01060138022112,186.65458208045112,182.72927223199602,182.53505730527556,179.11013526009094,,,,,,,,217.7149314792741,225.0105166356805,229.57414805435246,222.45742406514145,235.78522185538398,223.68864577120527,226.95181571470994,223.04774555291863,222.68777215066726,211.91241882835575,205.69058221989326,201.9970978870938,208.43718640752917,215.22595552105804,216.78350450614352,218.04317104573175,205.3335136720901,219.21011788674363,213.30005594887646,213.21409132703724,210.51536108200247,212.0248101846666,218.63100935455898,198.8432056372219,205.28123965337159,190.42437930582778,,,,,,,,229.7739522496796,234.9983669448121,231.05252548142755,222.82342312587068,213.74215009310365,221.48798323672116,238.0142215063744,219.4501571189934,206.07602580007674,,,,199.19643287223084,188.26933435313111,187.40441126683424,188.2622660509757,191.0355049664563,187.33584988125727,178.83648521938218,176.91750063155024,170.7998041211933,,,,189.73201770832583,198.37868723957544,203.1287445635099,209.4920420608087,211.59351775129528,202.58282522687335,195.54737933216248,199.75716203305777,197.1456591223521,183.47818982300925,178.68003813521324,,,,,194.78273642517817,202.95566594883098,196.57384464248102,180.85735621255066,177.42047095599037
621,2016-06-23 18:25:06+00:00,244.9482805509992,,,,233.91455664017786,235.4484433429027,232.1003516808965,242.6269203163686,239.13081936207186,240.75944884067053,231.9870379392142,225.81753665377744,213.65381570858523,205.33262006535176,203.01038747289306,200.55486875886544,200.84359575211687,188.49402720924257,,,,,184.54384246544538,186.74770551550404,188.43960693078043,182.68670827314833,179.71550588986744,179.4964751624809,192.30366995231554,192.65489636082003,185.03086315771668,179.48114628683473,182.80326850488245,182.106147475044,181.5962245184361,182.49928482269902,183.0314151424376,,,,,159.06816142692946,156.95239113641952,158.7705798569596,159.4289695662697,164.4269374879163,162.3633057915348,179.0021846274551,185.19816517984475,184.88295477633645,178.66440105569555,174.3867577215596,181.67604692859146,192.51225669215526,194.9080386220536,198.00910747380343,,,,,,,183.2169752612663,178.85131716967805,179.8614186385344,177.40561221455394,170.47300831982002,168.73416901223,170.79449797713144,179.41346415387832,185.8837721309656,183.37001439819574,185.9733248563033,203.3922934650023,203.87581197875102,211.6366098498264,210.89698493673583,213.3881082381083,217.48757674709714,218.66888689862031,213.3751392670366,,,,,194.4439634070452,201.59777596304417,190.72335131848345,194.69163982442046,210.15559310053263,212.3151138723196,207.27189792025285,202.3286887395688,205.10567081876772,201.14359939362927,203.8584467743146,204.15951568514373,208.41077480659368,209.82954057393778,208.16657323166527,192.79873281552494,193.50392175322952,192.60959905716788,189.19221871204468,188.36429051745466,208.23912866300157,209.22480602376197,207.3771529329187,212.7899134350264,219.07501974448348,225.5517602448955,216.33059423633847,,,,197.48843229097525,214.3373528808263,208.76055170682437,209.01269351561012,207.85808751555507,194.6292177765602,185.85642281058597,189.5318281593896,182.10270397211008,,,,177.94185645475994,178.15146631617947,172.80911811552505,175.20207529000035,178.5916075314597,185.21940530640455,197.31684495892083,201.518028553161,196.02271541091005,212.26824560101704,193.80638313477192,,,,192.8668135030503,180.6412238706584,173.67653755405678,177.30643852501356,181.1109369190736,189.1488125297866,194.72478934922356,191.9203540322875,189.60118244329965,188.93374921080044,184.10990640832014,
622,2016-07-09 18:25:06+00:00,,259.57013850493206,250.60259232986508,241.69753865261438,241.6591716065272,241.08483803930835,239.39019402453872,250.99020031973293,253.54948510045108,249.73027643878606,247.20345662961228,238.82937033996396,226.65933570199098,201.7342704975046,,,,,224.37469404160265,214.20523467532882,202.786506213066,196.55641424198018,199.28169374083922,198.29762238175167,197.06496198678792,201.9692473757079,196.38699049572745,207.26485739965477,216.32170384262758,214.3469516613605,199.90922869961537,191.99413257670926,,,,,,187.77334960558377,188.59281074667996,190.49559928682203,189.1233644878971,171.11708750141668,167.13964434201432,167.07440780916193,171.75105387773834,173.3430118771583,180.74506271056788,192.17417921016727,196.93578665436127,191.28168801210415,182.796031619593,,,,,,217.81903428078084,213.4258593180723,201.7254808732235,196.19529685228645,197.22595482066265,209.90818417776848,197.61831376332879,193.47181560690225,199.9797052645181,190.0731017350019,182.7720612544673,182.66696975640195,192.70820288234214,194.26338817913427,211.52967180211513,203.32697091974052,211.14283374345038,207.3958303251387,212.2957252657951,215.11470787970183,218.40782498075416,,,,,222.42181129065466,230.7895044509773,226.85540567332566,222.60098867542206,210.52804508659983,208.40161476369082,225.71054246624539,212.39059237565615,218.7528209511248,219.39632431098383,219.12260754814963,211.03476367372207,218.51518642911836,213.40409291465284,208.0292754661437,214.14727488404523,213.85320482578578,224.9237763568991,216.99542866725716,209.28319434101212,204.6114112029506,211.73542438312717,205.85529981017876,207.4837540877273,209.43299137844886,221.72117842957167,214.32389140702526,224.12529278550494,212.89004159324713,,,,211.2025976256463,215.66697251713504,216.5335200144604,227.98852124661266,223.37521826551745,215.96741120727015,216.16012047802397,215.36493119555493,,,,202.40823271316864,202.69953536183547,199.55797086217797,192.09114400613353,191.0256956903571,193.4146904853838,189.52890471896774,196.71614420684887,205.75311496553977,205.69321055321322,,,,,206.50815870134923,197.5150586795675,201.74532914017811,207.33744242931124,200.17637932255394,195.94093769897592,203.9568803277748,201.29951538662908,204.16446852353377,208.58922637001734,204.7432832068647,,,,
623,2016-07-17 18:22:31+00:00,255.61107492411705,257.6868147349881,246.535181599296,240.5055931527814,241.62881490111505,242.32242541511238,239.14496338531276,249.82929220012556,248.27983900510998,246.21395950016137,242.25143261174566,233.22343705215576,221.65300741411963,208.60603040024372,206.894771952707,207.78924452983227,211.08562239364267,206.6566401969579,221.54553137939826,208.8657210079815,198.74428288503827,190.6242523854786,192.26786448972013,190.87246388978082,193.52717819322146,191.7690445777239,188.25386921144377,196.84542225468908,204.97797324781232,206.46414582158127,193.56125274878224,184.63426410265052,193.7706631209776,191.25819817954883,192.7095135851418,187.97602484941825,181.9593595938155,182.2743604421374,181.58286874544535,184.47670640911133,186.6453332127486,168.89414533973817,165.44982115454283,169.45458361729567,170.1888740744007,173.12304038014895,174.94421024321633,185.19435978345663,190.37015680553117,188.0099657607019,184.40842965610437,187.5245571635308,199.6214690707473,203.88022724635312,201.11875268149987,211.11297682916535,216.24057142542426,206.2160207337896,201.57126495709545,196.11509912801787,208.41777373303276,208.08399386371502,196.36327224822296,190.35382312691038,197.80095670656704,188.23789229801451,185.68687885435986,182.51612028775278,184.0256713971934,191.33673752954218,202.16518115715994,195.76747325041103,198.05952242500598,210.470097913497,208.55133178593877,219.6622593938813,222.2821888406094,221.5470652710825,227.59694930157195,224.6651961937321,221.1178218748228,219.67898257207267,227.06604430455332,228.60094478510138,224.85479998522595,211.86106660043714,210.93724633204423,224.41700832993524,209.73790362035874,219.8817750726089,219.52829313003642,219.97487798839924,205.80860707902224,215.87476411692197,209.33428297572112,203.1288636407953,215.59236843441084,216.49595440596775,223.54868717128693,216.5488077816126,210.05882508687017,203.31071203109846,206.38767766078257,205.61777054939512,209.29333977787334,210.42911495318424,219.9914774261517,217.74051406026632,223.1599007098635,224.53058658329812,230.83135470493647,216.59343289031654,209.58487491805087,200.99654354688852,198.53691030290372,207.4826184326202,210.112592639366,201.8287214679641,214.08251221142325,213.63881836195463,201.6067454655207,203.76947377982424,204.00926214211074,194.87334703675137,195.1092292908009,206.59077331803897,203.9600401655452,193.82402072503885,190.0664966538909,188.70319693323324,190.76363269323053,197.42586226645898,205.6935001079899,204.89440777020138,206.27622650906963,212.0621860063166,217.60532512761299,216.64663390777613,204.83098735083416,196.28166988806606,208.40618508080115,208.80456172205305,201.04995380658823,193.1507934354317,198.0774141676544,202.59851995548803,207.25605195711188,202.08670907828417,195.50317263482953,204.53663987522282,201.3516067007399,190.941424270686,184.97654127864604
624,2016-08-01 18:31:20+00:00,,,,,,,,,,,,,,,,,,,,,,,,,,,,,,,,,,,,,,,,,,,,,,,,,,,,,,,,,,,,,,,,,,,,,,,,,,,,,,,,,,,,,,,,,221.37889623796795,230.35017322699255,233.22037989064987,218.25727455765536,211.54129045247856,222.90540639765356,214.6174555181579,207.63043967698945,211.58222887129776,213.9233917875826,221.49910969968434,213.34537197804272,201.7600565182267,193.290072852919,,,,,,,,,,,206.44284377798843,200.68966027406827,208.14554319166098,212.08352651729442,212.92484825243054,208.40549122227168,,,,,,,201.39327542905932,206.27939773487287,203.7533992073412,191.1746432049038,191.3458655782846,191.39150347067587,187.4300889649266,,,,,,,,210.43176042942122,200.65268571564275,202.31522598648607,205.70737181430025,199.5411659955057,189.1847483048495,194.84710333517307,189.86103169820404,,,,,,,189.86399057162606
625,2016-08-02 18:22:34+00:00,247.21784917093254,250.15965060944276,242.75274491666192,236.23064225410846,236.2296004540573,237.29218469263856,236.62236806994417,246.37936666820252,242.74042484236202,242.4423119757318,236.00084096408585,228.47142953822348,216.13018688051545,205.63668713353758,199.36467180018406,205.2964669671321,201.57320133079344,197.85354074803286,206.60328614088,202.38526236911622,196.9249126886208,192.77158028134897,190.90000851093367,190.97134011030286,190.34273969705754,186.11141695055795,184.48658030876908,196.40774745402675,209.0082526904643,205.20677796957648,183.49577146614288,180.28252004647922,184.1518893468476,185.64461726946638,189.48755742378913,188.22883166909313,182.4539309820222,181.80617422707155,179.34437163931773,177.6659228074303,182.69178782605263,165.26955132268034,162.87845700624877,166.9564573974729,166.9885146577785,166.53949092083047,168.81484860120366,180.18797959808632,182.97989858812994,180.4802162782422,175.37310118379568,182.47957807666617,196.23872196258796,204.225980049276,201.0617051535013,207.71740569544613,205.68746102113153,198.71156987136067,195.727616132604,193.4972102555144,198.8287939892828,205.89488858681213,191.12123990312978,188.01913718274858,194.25788679569493,188.96690532267166,179.66014544730714,175.82349060879082,178.911761927104,191.47766735964734,197.22866655964225,195.29501888284227,188.40237465761362,205.30720819971054,204.00409775353012,206.97893657363807,217.87824748885618,217.6662388466728,225.30072101204166,212.170930285311,213.74988123775333,213.92347727687468,223.62555081410858,221.7188888927979,214.08836608404482,206.32356813233537,206.79795352032153,215.54633268301612,200.82094397421375,213.5870616103141,212.3734199768549,213.63821409151447,203.6833646709546,213.27546369274626,206.67301260708945,202.70524799038427,211.5488664781808,210.57696204956915,218.37327385334348,214.04615678256576,201.48679184869354,193.3597286714508,204.47299347421978,192.01305129561763,198.28503800935405,207.74886420552878,207.1557219275136,214.31967032789134,216.44872800454965,217.78993640149093,224.96690821653286,210.8187602549412,203.79185608715377,187.59752049448613,196.85800645973842,215.90436867879026,212.6299166598572,207.68769121081954,209.99111055216008,205.24589325589073,196.27643298389546,197.0185158845968,198.30776972559795,193.5109887191801,190.8397709592224,189.38938281782816,200.2601301815837,190.23316931590506,186.68972688855126,185.42874689720946,196.64803890015048,197.0685513970718,202.08196674557144,206.23450293977027,204.21221634574795,208.08845466191065,210.5286292157628,216.02411509297607,202.72818756935388,193.3185693916708,200.33311843098147,199.17280245491267,197.0802987808015,190.70414245810406,190.97375057431873,197.81033891024447,197.65532019216943,198.13247769606033,194.08023242087143,203.67330862824903,200.90089441533615,188.87720242971233,185.3376954278853
626,2016-08-10 18:25:10+00:00,,,,247.87662684320787,244.2871651059038,247.98799200731247,242.51671249293003,251.85064401972414,255.55926722057586,252.7245841757265,249.60091733225198,241.04608308900902,235.18316203783104,221.10269612273845,217.50199104264794,207.18494157797824,,,,,214.41201730601776,207.84503746243809,210.5135192404685,203.6922158890352,202.25576834764396,198.76348402397497,205.71119428338545,221.34555498415563,221.36157043329146,221.40764638064795,207.56984469374953,200.24193110802582,199.138651082209,195.88815916801985,197.61509023839926,,,,,,199.1033708503092,176.03917322947387,171.57491604070964,180.68897600777458,177.39921866918297,181.01180730554694,184.85638425132333,197.53521518161176,205.09043490774732,198.0815406583794,196.22043434731813,205.31019298278312,217.34595030810385,219.3201132414714,,,,,,,215.08688397138053,219.17253363203815,204.42629915373868,201.94107908578872,208.9735397277767,194.36330173161141,188.9806284958241,184.67771456403187,193.53673506684123,191.43384024705938,212.19431134901652,205.15475162871724,214.34662494926692,214.59442131002652,218.63764548061965,229.23857828296485,239.95324145245309,232.18150681801478,242.09294928098012,220.38198623974637,,,,231.68045379451667,230.01671550842372,216.741302267511,210.13508227435136,225.11763632126372,226.2494017742705,221.26074504369765,223.97407595301624,219.9171549670985,218.05502879883855,220.71728034245854,215.1736876692377,213.01911031723762,216.5702477384364,228.10032637317113,226.1391345720299,220.1765786662149,214.6750789110008,211.4679753347116,207.57512980513772,213.177994155416,219.50887956809825,220.0463833242319,225.92575665042764,228.2240569733819,224.20586838412527,233.21712354361495,236.63652825198403,,,,220.5711305136897,224.28024521478554,219.93343607528695,215.23434913757114,221.9875305904676,225.71919596122336,221.85307421751878,212.7877649790559,193.44616438536394,,,,217.7709666174107,210.8455901179144,208.01817621248156,213.07337892412903,218.09840243566947,218.87082562758627,220.95615485156264,227.81805795150638,226.7612369289036,228.5642592193602,,,,,217.20947149356053,217.08590982980425,211.89670863018847,206.47904396565232,209.67796875232204,219.8169177899282,219.60538532717317,216.83196797492943,212.83338552877555,215.68501119806783,216.58193576844496,,
627,2016-08-18 18:22:38+00:00,253.72657107684276,249.99813564832118,240.91914489138634,238.76797942978845,241.76076602033933,239.91036238567787,239.85569403872694,244.01134580101973,247.8025856573018,240.9218421066408,233.85571921699542,231.41968047103296,222.55964286535072,211.89779609238164,206.34095592931556,204.14682971730622,203.85537663877966,203.24211663324536,217.53409211626558,208.07106115610586,201.9160805003899,194.4875851179122,191.88041200339677,191.33634936569118,191.8597333828991,185.73698370067132,185.87162607750858,193.8277947019517,203.47471769845083,201.1607426724624,183.66292803586128,182.09475022492202,185.5971939463132,189.67611930021116,190.65253293208352,187.33919531390598,185.1614570287319,188.06614665720434,181.58007262163747,184.60988852633113,186.19561672226592,166.52768560520454,164.52322745418206,170.56780895628575,166.3452352831399,170.9077468089494,169.80619368864873,181.57479039066612,184.56279555390267,180.38745960677903,174.46591204602282,180.17780932986113,190.13160033429767,202.73539969495215,203.14500751370795,214.03452416541273,204.97017909085474,202.47878518890872,195.43709830611755,195.49335856785632,202.09588902945666,205.7948704549714,196.0333435378837,188.29668716872584,194.32674792655234,190.37407833766406,184.2403927461129,181.3823475936179,187.27724674394838,189.83955766925828,198.22349413150658,187.4539567509068,188.17354744220967,204.51984881248666,203.80995963978683,213.08526155229504,219.55300119642763,227.71270728192357,226.22545605819178,216.5714551828114,213.88524963142126,211.64890313789925,222.4382178316285,219.53517343341932,218.68096866459513,203.7724249218557,209.02731447947554,215.72395045356396,203.94156115458804,213.49725648353382,209.8613455332089,215.17363394030795,206.5644155231328,213.86773480091338,199.06754877509388,196.9090338386037,211.0383970482809,210.87138768260246,215.75842003083721,210.75977124947812,196.2820790131051,192.24691303674243,204.11656064185615,195.10783438796864,212.52049443784736,205.27756451569195,205.92937264317789,212.54105862794103,212.82341917705253,215.1510422340233,219.0129620378238,210.81218695156795,201.8421032853752,189.712008337645,190.16273797788622,210.4749135288891,203.11811866826653,207.38116491923216,209.55206361179398,207.45818909839466,198.67945303890932,201.53967900527965,198.20026722818682,189.4852154007129,192.99804905240492,202.69618356260222,201.36988519361074,191.40894831897108,190.4437384004836,190.96255555718326,191.2593593890184,197.1692966492141,202.4093835641082,210.99732709758922,209.4362400419093,211.9159416582899,215.17670682509848,214.41663339714592,205.30169032998825,196.80351234323047,202.67847297371202,205.22644120160754,197.70257699077678,194.9811790080597,196.90798095194975,201.23587316628013,196.61986306624954,199.43646448932228,197.04233521713306,204.23395491210908,201.02476992613063,190.15332653552258,186.4750076886777
628,2016-09-03 18:22:45+00:00,251.17416827362746,251.226783847717,244.26127223795908,235.6045373259066,238.7653800624566,237.98667659697685,235.19918192834479,243.04501058880106,238.5003930943726,235.4763997487634,237.64166999029402,227.02582840984985,218.2179487722941,210.54356070882892,207.70852929181672,202.2343199596266,203.6920618951646,197.3679038055609,214.88364954129642,211.27695292360903,204.54665921868818,190.97738717892406,190.13492812887318,192.4279379078419,194.20493527604353,189.52116677658302,186.40035724824543,190.28135486225136,205.77420379354194,199.76374210300685,186.98328085039535,183.08930984013944,182.82090421244146,184.09430107359012,183.65841209425287,185.6839400227312,184.75851009611006,186.05657568273898,180.01798707425544,183.3003241468972,184.0352550085617,174.28723036822942,164.05954637858892,172.6702661397553,168.13859834418753,170.25499491714237,166.05177079255648,181.99666251666582,184.6820681888657,178.6844111772096,175.79658339880348,189.04529308503808,196.39383881119602,207.2259278566309,205.07661906899517,209.35924542959341,208.9869261783035,201.8514916926095,195.5717147911966,194.18664979048697,202.9019057808427,198.733213603538,193.01429369134013,199.9000000693319,201.68854861753934,196.6317717883163,185.8904476460965,183.1950078914897,194.23293707159797,196.33370284424177,203.6966810786816,197.13649430640547,197.50544547748302,205.4489076636062,200.45414168264452,215.20636473503797,221.25940228710817,229.6982917004915,225.985094760309,217.8029909383106,217.02518773431427,216.38248521202397,223.85149745529628,221.5324419830684,214.49097245126592,208.0615290466991,204.89125606408987,210.44406964276033,204.24248428223234,212.68713211053478,213.3932842595529,213.18407720168184,205.04972864448456,212.6286496668776,213.60280150774008,194.29256594283243,212.07586422985935,211.13901192506844,222.36646190022296,217.38974165992335,203.06776145598448,196.53094838971109,206.35314328804384,197.18094688080322,212.97142349681727,199.28347787409743,205.36436075117246,210.15823909031275,208.78032713983342,217.3347502348497,223.08525316783619,214.45492468319128,204.5480403355452,196.85617793029456,195.1198557578303,212.0333738556625,206.28812418742655,207.02134401018247,213.1437470044573,208.39211814829054,201.36803577313202,201.21329887287186,198.97989173937555,195.30779769133937,197.3826645199975,205.05008892885976,205.744036008065,198.93317478635015,199.05930462596316,198.93062029677492,201.47554624088133,197.8556189120498,203.71976049953304,212.27064934358367,213.08907923621132,213.30052933536263,214.45586905696746,215.03406506571937,211.6906582985448,198.57278264479163,201.37120254890803,201.0159360939955,198.12084490464224,197.64942158466903,195.99319039319352,202.49308158305595,200.5653856654738,200.65552178722092,191.7792818362777,198.012268486864,198.09364907634892,188.17054143960428,187.52364176134682
629,2016-09-11 18:25:15+00:00,255.91388207890165,255.40020734239323,250.7090291843802,244.34229644812416,246.444685114805,237.06489580840372,,,,244.1786097772833,237.71092763989765,232.270223067654,220.87959023872207,218.3295684430513,211.6517976636761,212.8150341827228,213.93445584560786,213.3527076371255,226.39693373809018,211.7254453926008,209.043028446719,198.59855809900478,195.99172281945522,,,,,197.44013749481968,212.12434148343863,210.7253862726866,190.00886590327735,188.0383371720078,189.48566108091737,187.2106401962347,188.15013721989615,186.5275823854755,185.7384557384459,188.13035280433485,186.82374942780854,186.15915942456382,184.47203342880908,168.74647459305817,,,,,,186.19316603179746,191.740970378086,190.56590747245633,185.14453981473423,191.88154338658944,207.24344358683015,207.92282388200937,213.5691821107692,213.4718324373888,214.53531501262967,209.7915186222648,206.71417745390744,199.90106737606504,212.2291765676493,210.61363278799917,200.79636818810087,199.82835093956808,198.88522845276435,,,,,,,199.79295804139002,200.54996906994467,211.5543062645881,207.23437225065504,220.87886186163232,220.64867725680375,229.6883904885799,229.37359392912174,215.19148176093444,213.99939394038117,216.04357487131898,225.23101766603259,224.99033346925972,223.36102837126833,205.2332921266877,,,,,,,,,,,,,,,,,,199.97510011211926,213.00233259365808,207.33889785928588,221.83221539186795,209.22300170836354,215.7296477411001,216.1932708160824,227.0784172871656,217.78000835413764,211.70524423458505,201.51131909650582,205.29050928170517,,,,204.36762689829607,205.86206231579177,201.52637190007164,199.65109940740894,192.9895155358333,187.88127867520936,187.14442973454314,201.02237994699254,202.68501436560206,190.8992708230104,,,,200.550181142373,207.6162091484819,208.42600849435235,209.19838922907775,209.87090085990093,224.2733433027456,227.10850728093718,212.69454296039993,205.76166280729817,213.31496254544072,200.57938824481448,,,,,210.39048950321938,210.98922308549487,202.4082010649336,204.94210338566663,206.45645536356335,196.38143514353436,192.22178999269278
630,2016-09-19 18:22:47+00:00,,,,,,,,,,,,,,,,,,,,195.30547201623784,185.6032694334583,179.38018662467294,180.35322070524782,174.98560309209574,175.28820786557088,174.91456540769556,170.12943314567704,175.24462770658232,183.6342018596308,186.0001862084181,176.6400117186644,173.15220260640535,174.59414465017898,175.59480652167645,178.01579226942283,174.6481279800572,173.39627717611592,176.5876259458621,174.06187343118427,171.74543998172462,176.98402538465768,159.79976799547703,154.50928296613486,161.6180072425142,163.19535842196927,153.8593419624537,152.8004787798468,165.21971843735463,168.17880751972388,165.05264218810555,165.74321884474676,164.3872732300386,181.408399310863,195.01503276938962,197.39677988278999,201.7517083763331,196.90652406423914,185.7261156296329,188.4319906359994,184.75692347038796,193.9699333007435,195.36428277172797,,179.34626621814328,185.60905047167225,171.56739044564074,155.6888013892721,166.05301576310995,172.5014905312765,190.1242648836257,199.22639737654941,189.5770778383046,181.85131293852572,188.66454828288107,194.24664190894936,201.87666087723647,215.42501406316438,215.2089706430084,218.73609436771017,198.53427441663263,206.29006141936966,215.69339459897614,223.45659956487358,228.25762624085257,222.36941744230003,201.05155050180582,197.61196067512535,214.64852322850527,202.02577682498813,209.31940007201743,207.2926134903999,200.79926760379416,202.68064671226247,202.44920285811887,196.60559546511158,192.6109974766385,214.16031347645423,208.44553036664794,221.2494805013442,209.84492366469317,193.0223763090635,184.8933901715946,192.57235046616557,182.0242472469529,195.24244390321388,201.9218376356184,197.6461348434679,204.20924186729323,206.2976255683883,210.6425715982081,220.88918695727165,209.9089938898024,200.8264246432494,190.38267204362126,192.80544189744785,204.2736138193834,205.79169800798203,206.80613756376428,206.35084457551434,198.72659841143533,197.21160576177843,200.2151434359153,195.6727095867144,192.23973335844352,197.8353138173976,200.24313307150214,201.6734378906812,194.91938281741187,195.38656287324534,192.43090656404897,192.57858858377233,196.95254196081635,204.50741349614532,205.45785067878765,207.86927021420013,208.46253073859435,212.88582169020134,214.37151343159306,202.73999438289144,195.46740248684642,200.19305503795837,197.1776294387807,195.40439014031858,192.55407276152795,187.47693836463344,194.41724381578683,194.1519763252341,195.6797385050043,187.881521269402,197.43676821207316,196.98503719830904,180.01566437487318,178.36002924508313
631,2016-10-05 18:22:49+00:00,247.22023260458508,248.05072652960953,241.65525764284982,236.95969041052058,237.7781498549579,236.64944931368422,234.03466681449356,239.82782170802875,239.1928468718178,240.63233331358856,235.59768345331088,229.42332406265197,214.92879786101406,207.56547908340292,205.3463617422678,204.81066784514894,203.00591044446736,200.2191228113149,215.13360267107132,209.11069647072335,198.276995520803,196.86428114645813,186.93006367440984,184.37706741260538,187.16464797774228,182.96188123298504,186.9701271233588,189.69009220264417,206.84850540003617,198.95705148515637,187.0498807457535,184.88985947889353,186.2888063229326,187.3959978691982,185.5190543742928,183.7457613916611,184.23439588390642,179.09323470640763,183.49894279986364,184.3837591372142,186.21914800383544,165.73677755485596,162.35538136580524,173.2867324425967,171.44469915892046,166.73578384571084,163.55099585067762,180.1667674845242,177.0012123048984,174.3446834280454,173.43746338312664,178.0494121978598,188.0585746642779,201.10703707146558,199.4756945958691,206.47604843299158,204.4504413137886,207.64504310056444,193.76089269850908,196.83830610767632,203.58815230052258,206.6663163783799,201.43052116919074,198.56210500721278,195.79978244608463,199.62757314830685,186.36231414092646,178.07458269787924,181.10605264490073,191.6247536951906,202.96904456801107,196.11196288808478,203.93665645624085,208.0212819893663,205.26792289806,219.309291425717,217.9313225856572,221.67594298500967,216.21381550846297,206.04389591422515,203.28511849854306,208.6300001535181,216.40229167523066,219.84081239011851,217.42810687640002,210.17379369212108,215.1952987918441,215.68089913435017,210.28374451854359,209.7837542301606,211.32287895452313,212.63453912211602,204.66977392501883,207.9136837791035,203.88995459549275,199.00067135441495,210.50553759242163,209.23354876690348,221.43910830986096,212.72550363822558,196.51799970599177,192.955570036636,203.0605527087673,192.1532322201466,213.18468638175577,200.3667477739454,208.9293866044432,209.30594892737088,205.28048714728294,210.03781759454398,208.52935953280794,203.61039107547475,201.12402462386137,195.66255642581496,192.17946236100084,201.7040833471181,197.55862728976564,192.77352695428573,195.7958022680447,199.290816010399,189.80841913780597,189.69070635303825,193.08326641517783,184.4030024171033,188.8036706742072,199.81084547649436,196.39957863575978,192.04819220695163,193.2615144562254,195.7645927603932,193.45443735229057,202.14846892183004,201.84904903933148,208.11490039363815,208.31329661440344,211.29256165530256,216.9703930251985,224.25541699678783,209.06225745385893,200.42571048222504,202.54772823383894,212.09724444623686,194.49557605802897,190.59839202529167,195.88460249330768,202.4028511223599,200.8899423067855,199.35866955802032,194.49299464662568,196.38277763510496,197.42009278058407,187.4792830372247,183.0729623692887
632,2016-10-13 18:25:18+00:00,259.6869488367053,262.5985608256764,255.2870097072916,246.59148163345674,247.87135053378807,247.35940502122025,240.0165779661018,,,,241.77545423303997,235.42556851561815,224.94966009311617,219.72452021148771,215.824168094063,215.52999941430966,213.89385921703644,214.14580417440075,227.5099855861478,221.31834919429244,207.7521248265739,206.96195416469072,200.10256057237783,197.5481373843633,,,,,210.5921379504036,213.78255011611978,193.71260457443577,191.35483258816888,191.9883029812953,193.18191809450047,192.7075042262045,188.1742332613044,188.48145075888056,193.3996196301514,187.2938300878808,184.83752911638234,188.61185356333505,170.06213360848136,167.93864975391028,,,,,190.7352013918556,197.10563569885414,189.62526123331696,189.0408958135877,187.09201392587983,204.89678773623768,210.5321106981723,211.82504949107445,217.70259176382325,212.82663073803525,211.3240777395389,203.86263799915383,202.26251195448214,210.15520647222053,213.201818795762,204.72690071122835,197.3203885066939,204.89465790505108,174.10940915023002,,,,,,,203.46239697522788,214.2747395065697,208.2132705964266,217.0664995117935,220.033478116942,224.47932975360186,221.57180276389474,215.76310482094084,217.8297553573382,214.07350963719858,222.41071877153271,224.52858753965887,222.6894808928809,211.70012396529523,216.54492150752776,,,,,,,,,,,,,,,,,,,213.612570348674,220.4160705657017,214.38945812192475,219.84062687164453,220.414993925018,229.61970527497127,213.98505458849687,209.40763920628604,202.6525500201022,198.46172355585395,214.909057911426,,,,199.9914101504106,196.3419120418292,196.84476302445407,196.60818508265385,198.18893434609757,198.1061387311181,205.71377374207654,204.91372414473895,198.3595191860995,202.1149731274971,,,,213.34399817372048,219.93306131340344,213.84288570899153,213.79275429670008,220.5667504556343,229.5837745944531,219.3774864775495,206.9831086226439,210.68755880170187,218.02231439173835,,,,,,213.49306214329795,208.00392133924493,208.57741766609647,203.81388058931768,198.91544741024057,192.34202361161516
633,2016-10-21 18:22:53+00:00,252.12133839549566,253.38801673123018,247.58024260671402,237.04196782288273,242.81859081891963,238.6955010293253,239.8344559843186,246.39404361185197,243.44746858648463,241.88934838601125,238.46106804389274,231.7471832907637,219.67415463803883,215.2222600493549,212.76412543148294,214.20649595318451,212.8131175481402,206.36474216638223,223.98440042742942,214.53265487068455,198.6071252948472,199.73488092500634,189.98418982734162,193.7310972274417,188.5022278132052,183.52620039060974,188.62937035085048,197.21233282044528,205.00605399806014,202.7856310617259,191.04043920712888,184.93848232681177,186.92467164536046,189.0000956736937,190.57916861521312,187.82977652673733,188.09302880707935,186.52185587056397,187.7887783484461,184.16933278147624,193.81746158507207,170.8609362599197,167.34553071339752,173.58509326604187,175.05729739809954,178.54935967248076,175.1427500340864,186.07807264555845,192.58260694779796,187.2155357583551,185.79941113964657,192.97406966297922,199.895075600739,202.52844221333268,206.89459503955362,210.77938347549906,207.05275602168675,207.16859205061417,197.31247802354335,197.01744085421393,202.70309798444768,208.1069278617193,198.04106127181592,191.23909261284558,196.29207739580914,191.75001201634495,187.34831107982836,182.88896956115116,184.3146884501281,192.51332414466475,207.03183252572794,194.45671405198073,208.84489097113033,207.25711690734596,209.63825478054542,223.00008342162238,222.2100422663589,222.46815522889074,212.13868644127672,213.48525676098697,209.4447858218549,214.0034632894607,226.04695081875923,217.28804197634093,219.56031192915037,210.483995587352,215.19019977292044,218.44195137576747,208.9605699309799,209.56008811102612,210.76414595766948,208.30181888063564,209.092388141366,210.89129735293307,193.5589092602068,205.7442573318647,212.7474426209762,211.5488717692234,221.59091799224043,216.18246433761345,198.7785561827628,203.10308270451665,204.74741100596333,203.58639407272832,214.1828652408571,205.4312908899538,217.68801714401388,207.35400300165185,209.81599911537677,214.65666678879998,226.47733031040335,215.08508444107326,208.55383166683606,203.77187000281305,203.1977869096683,212.03441660652766,202.48036304653382,204.41824346288922,210.6393386379388,205.83123619387703,199.84593875916596,199.35109754700537,189.03136583547925,198.12199580100287,199.77432824510993,206.9827833253835,205.04456435338636,200.84273744518651,201.3138135188828,200.92524535870803,200.53496224603748,200.54535841689483,208.727446079047,214.17664683404104,220.88400414277442,218.2399519717663,226.17911323705476,228.82316247806227,220.96732629955974,207.65211346856316,208.82658495721142,215.8514992930768,209.32904548986738,204.23314304445753,202.72580906978158,213.22885593870856,214.4777370999633,207.012224572065,203.95089651151437,204.84682061635885,202.5927221383575,191.47976105335397,187.5121038705385
634,2016-11-05 18:31:21+00:00,,,,,,,,,,,,,,,,,,,,,,,,,,,,,,,,,,,,,,,,,,,,,,,,,,,,,,,,,,,,,,,,,,,,,,,,,,,,,,,,,,,,,,,,,,,,,,,,,,,,,,,,,,,,,,,,,,,,,,,,,,,,,,,,,,,,,,,,,218.98397714845527,227.24867408068292,217.91223709250778,,,,,,,,216.416524062691,207.16944185276031,206.31709996942354,209.47612136895907,205.86606093134543,196.13839991564203,189.74746276434448
635,2016-11-06 18:22:53+00:00,253.86792031947974,251.8197903509149,248.9904156481597,238.68378807872352,242.79212657942372,242.47677630123763,236.0249690286917,241.10127941959246,244.6178813827569,244.01020410325106,238.46987599022967,227.12013643912468,216.61915628572973,213.79197317434958,209.8552669519634,210.4726190609132,205.74700291696308,210.18809480634894,220.46108464829734,212.60861432928246,198.62632642442452,192.9065441663628,188.8173114683296,195.6919726746167,193.80242919906487,183.5254483430047,185.38543138403872,193.36987833911022,200.6400025796241,201.70847083906517,187.7507683275702,186.74594292922558,188.83700689367254,188.13960103002478,191.1761125976629,188.53517576761962,187.1673439745982,186.3842291364839,186.61995933479264,183.8195165675458,189.25968296707333,167.345650012341,169.91540091797577,169.51284408706135,172.20018015492488,174.1820477958708,166.346413989236,178.3563689785755,185.0279778961063,181.59176899866858,176.63356472248404,184.42984015082436,196.83076103657226,200.5159141235108,207.5240360430771,210.00174816948277,207.10698070012205,207.10654425244869,199.18970100056526,200.49099234421936,198.55000252277387,205.21816425224964,200.18195319061468,190.54532018887375,195.57663154092637,187.35554094918405,180.04293999077558,175.44949699761003,178.42568422448602,184.86060076064751,197.35938522916499,195.49097914537134,197.04359847882242,204.09669874820372,206.63144274308766,210.7495488604557,216.30202209998836,214.22480253584268,214.81670832302152,204.63471227004038,207.61881497352454,209.59629040007223,221.75645632161115,223.1570502255404,217.6407887271549,210.90215725729382,210.46828045371018,214.89920822981784,208.77392162168337,211.96962244457853,210.94162205898857,210.67892743139166,205.2399066193112,208.7737444752241,205.64466561745638,207.08581417513852,211.88898955722348,214.4138547957903,221.37433773424578,213.56527277125167,199.20951181996264,207.24023763122403,204.60737712040793,199.0100029603048,203.66730954583437,202.56966651792862,217.12787993282524,209.06162247244254,210.6828891831671,213.27573719211884,220.15797761530723,213.27316580853596,211.1355840378251,200.251004223619,196.612004034686,198.65471665229552,186.39872395995644,188.73013319364924,192.56933605785605,192.11232863210014,184.18160801933107,181.60927727179617,184.4947996214388,185.6241035196132,186.43671985847672,190.89164606601338,192.49943606883255,195.62804109939808,200.45097170226265,196.24458159830317,195.73635519852905,192.60051950617583,191.6911166259354,201.3757060861123,208.92786069654818,212.92377360902424,213.7934395010744,219.53326884799247,210.49213934143438,202.48593332796094,202.84844962821697,207.39198084796715,204.88802314118652,197.050214036351,201.5939494052813,204.95948891116063,202.162941823896,202.59080960746394,201.67383239145394,202.88351512033117,199.4581149267487,191.4752902707325,185.84044100369556
636,2016-11-14 18:25:05+00:00,247.602483011657,248.20712986777272,239.62491324185805,230.98557667867675,233.8522022098252,236.53528829931142,235.12338786790235,246.6125613398631,242.7670113973644,242.8864342190736,235.64721858871593,,,,,204.61044245356936,199.8060159678642,194.6320347826951,210.85086280515156,201.0205411086814,192.1911396713823,186.4080833076069,192.1871514368483,188.85818808629915,188.4853481544767,180.01871189033034,181.05116037792993,186.30463860806634,190.9145350984503,,,,,,185.5970663978968,186.17952982911945,186.91057623688368,183.01896239752585,177.74554413815844,179.57457925799528,187.40544487160278,168.5554324537414,160.39978468413227,171.0771661786551,167.2718765830499,164.35572391342123,162.90855745116676,174.99611115800533,191.57613990736456,,,,,201.01013593060077,204.0608072109998,209.30384814449755,201.81163340867818,201.99008664079133,192.19656496393583,193.23638442664785,194.85998978857603,203.58994414301236,193.02230847398093,189.0812828997701,195.27065692825227,192.8656960017131,189.68756077946773,178.70371376829968,178.58451410078874,192.91008428073604,190.79341609116685,192.62114106251448,184.54464488494574,196.06013063074528,,,,,,199.94449468681924,208.865510950989,208.2552049002874,219.84035482664547,217.36779270023823,219.5490176128296,212.3458441414725,207.39039870381026,211.06627461323748,206.39959684527923,203.24075724781585,205.17288046120683,198.18725320590718,204.2450055353625,204.74305866075255,206.60013248473234,191.05339527885386,202.3647761508146,207.5864528368076,210.2995670496859,209.07682146261908,194.90723499598892,202.67333600001513,197.73808296733677,197.29814058246194,186.37738363589702,,,,,,,210.99277631448047,212.55629644174002,207.13474800134895,198.86113753661868,196.90182833880206,188.17065488750268,189.67741934868337,202.21440287227927,,,,182.80846279654378,184.93859761529106,182.18858811058806,186.59223475442352,189.0796469729222,191.39929083713844,192.60035386302667,193.59509161757586,187.63980867885442,180.0371155414506,,,,,207.3495295675619,210.1784284989638,206.0690306488312,200.5901278219069,199.9456077525764,203.60730704251256,199.72620548630806,191.2934838058383,185.73026028441484,191.4121024441672,182.53929542093303,,,,,183.28431095102923,175.66224812865343
637,2016-11-21 18:31:15+00:00,,,,,,,,,,,,,,,,,,,,,,,,,,,,,,,,,,,,,,,,,,,,,,,,,,,,,,,,,,,,,,,,,,,,,,,,,,,,,,,,,,,,,,,,,,,,,,,,,,,,,,,,,,,,,,,,,,,,,,,,,,,,,,,,,,,,,,,,,,,,,,,,,,,,,,,,,
638,2016-11-22 18:22:53+00:00,261.5525456236969,259.77577499282916,253.2942828435336,247.70236179651334,247.2867292232845,245.43611676564123,246.53118517197828,257.94804659090283,262.16349920412097,259.7701304461183,252.8283621832074,249.44061202260076,234.1398250045085,225.79506142117694,221.0571007042492,221.61979685028206,214.87220791535566,210.22417618675524,223.92038044253906,218.92643756026794,204.11375136070663,204.52603378272983,200.19333071641012,200.8267834322515,198.10622553058028,195.47101611799377,195.1434223751486,204.06171435515543,200.97711136331378,214.27674743961222,198.82439318020567,193.97198471527173,194.12020385053154,196.73740768417633,203.18151860441503,196.29269186870954,201.23775921590527,203.04485144622362,200.27692187091748,193.73402681543473,198.8245604839807,172.45778264357847,176.23789229665124,174.67923430751745,177.99896559901308,178.56820490197086,173.67244183557187,180.52086324816256,195.91770114516254,195.3639403914426,191.71939839015795,195.69033858248534,208.6524568324344,207.95056077000774,217.65587992993756,216.56193902529844,222.47050117547388,217.4310840023067,207.37069607430226,205.4253238728731,216.24642632341354,214.98370179205276,204.45571779939382,197.37064850198084,203.20927903320978,205.07102083703847,197.49893651579777,185.39049109773347,197.96118178136066,207.701487258288,209.04377209612142,201.19631903410018,211.3965069000633,217.0090270338734,220.7636923082749,228.18424252312698,226.37904804421422,221.14415000514927,228.45847567833772,220.8804914796636,222.0724746948913,221.31846156480773,231.08237644838806,234.22579150962207,229.20271357999758,219.54580547692663,215.13857338915687,216.4951293128158,222.7934389547811,221.0596731950426,227.1594483631169,221.96399667812548,216.65961869893832,222.57534042453383,213.77087263318998,219.73816794886739,219.15451831172513,229.65631204923687,229.46647368043458,224.91996489245244,227.082022018504,224.58414184118152,211.058313498225,211.01355265274893,212.84356589552442,221.99683206952267,228.95255995059688,216.3797361092404,231.9205036647018,227.44325472946178,237.37973977935914,236.22673581344492,230.50271938997744,230.95072905464437,219.38700805260225,209.7749842739693,197.41292661154597,202.8023321703161,214.97910497788627,214.0857891864218,201.40306574428922,198.96804902714777,190.19977660943513,195.11103411932368,197.2854672249956,199.88050612476945,205.7775559535861,203.94932560816594,210.1150271318705,210.90035541754781,208.95012308958255,199.3297425115924,203.27512325083507,208.8281799804259,221.43647295310683,234.55990160833915,236.12249942471135,234.0247306173652,225.9652549563482,217.47701208456144,215.35304154608855,215.33192847296314,214.37283770587908,208.9097257815461,214.00181218926724,215.86533871696423,217.25076513803947,206.80256852241175,214.46138418824958,210.3893043130497,207.55597837575306,196.25547129812475,191.49612954375317
639,2016-11-30 18:25:03+00:00,247.1156118812233,245.65271832710428,238.10878155513453,233.77899057383223,234.3218378144547,234.3419964592809,235.78835461843852,242.07071450872598,238.91107786960174,,,,,212.29714451295558,202.27820875939227,203.25394752303083,204.01805538555172,198.8601165719208,206.69683034457182,204.4195376514454,196.53528334635308,193.1959686880471,190.10042720106404,189.20921413404068,186.56458997812965,180.38611495481427,179.92805710767902,,,,,179.67026535900948,184.8926855809288,184.36660428896332,190.81372468599733,184.809895922929,186.37416966776874,183.4185770399381,177.44614557758567,178.19986503522478,186.69272627939029,166.63447829564092,166.13075203379321,170.87391034726542,168.03575921188119,167.6247616248528,,,,,,179.24494736833356,193.3285746331102,197.20147327921256,205.4671534045957,211.91148214621086,200.71163480564013,200.3697544565988,192.3805270664808,199.682727136813,200.25009475843683,208.85353648540126,188.64400521875942,196.87939808292913,196.49432411622382,188.55096383828942,182.58686352323687,175.49785120214716,174.9363840256791,192.6860210050234,196.82905976600716,,,,,,208.78472209846785,207.99213729036222,206.45315349349815,199.31882427593098,199.67000923609112,201.21819242792841,213.93368554379094,222.76237004148518,210.84137067563134,200.59265571731737,197.83256074062277,200.0479142192699,202.14725242567073,206.10200229872893,209.15466499269533,209.00393904722517,200.80559692229218,204.50013833333873,192.76449528209955,201.5017934862031,203.2407270910108,214.74561646002167,217.24420498636084,207.1960525981151,195.3410449568844,205.801940916259,198.21085560580235,,,,,,,212.37229448657763,229.1240048960238,211.7899112489908,217.6893424007833,209.29340491329006,203.7936241734186,189.5067358885113,180.87411081019906,193.78768207268018,,,,183.74676641025405,177.06418302030056,183.33043617885332,178.3349729283504,183.41087125067068,193.5845850235641,195.96164995189935,200.7452691271002,196.9602437033766,190.653132353407,,,,206.7175124273108,213.00602898543508,215.73681462127945,210.53833445978125,202.01979448503107,201.98596887177908,199.53965140640344,201.61493181075954,198.07366762359254,184.926624706337,183.99982905110275,,,,,188.79469123697768,185.07147119549074,169.48502867033136,168.87106574796678
640,2016-12-08 18:22:51+00:00,262.2711408392596,262.696816293113,255.6242697856173,254.76948962282407,253.69610821230606,254.22415469208613,254.9427368620405,260.6865266270655,264.0227424180853,261.7283952559718,255.77718410014137,252.0279153346998,238.947050029966,231.25514027517204,219.6868434906989,218.2612714321397,215.00392045522744,215.33231499269644,226.26433918617153,217.88640648967055,206.6415098644806,200.82446917253293,204.93215346985954,206.56197371682384,203.69325180989074,201.38097850928614,200.69791596887458,209.55390040830974,209.7978589457883,222.34079527660555,207.82307366065925,194.62951341853264,198.0864164492842,198.62452871748224,209.02359455819902,202.89192362227567,206.36681241818644,205.84369033986047,200.3812435919936,195.4055582193434,197.6828209807241,177.5570386530955,177.23019875046168,178.03372836522823,182.20243264312083,179.45929024024272,175.33714587686575,190.1105331156237,199.35468795192307,200.0448763472292,193.90883243219838,202.06484050864898,211.88737295694168,215.4660700540711,219.5983715318088,223.66571092894333,222.55652391382282,219.3562773269314,211.5695330610933,210.7081301676875,218.81806574349702,219.339233281712,206.63862870688712,198.06125840964563,198.9496092364177,198.75514367118964,200.37066886630862,196.14307288612295,193.50658094594976,208.2987562685622,211.40890401975372,202.1002280346139,211.9620728703865,218.19095938044228,221.4762443065356,228.11102783055884,229.45207485855127,222.25535614136098,232.46460086915033,225.4106039158179,223.78265746469606,222.09564514562845,229.62142346945063,231.8477395817245,225.38302157107273,217.24601094381694,217.20548079372816,221.02928966952436,226.35349110007675,230.74748451221296,233.45462086025407,223.7891652536942,223.58250397266607,225.02200240036393,216.11391059094962,220.7896394742686,219.5667631142654,235.2385716072474,232.28908076019192,229.79861451876118,225.3472599165433,228.80412371059384,218.68815921090953,211.3778753226547,213.53687909588064,222.5305343250785,232.65761313864255,214.79992283804364,241.72638484886295,233.98471692490102,248.13053418341963,234.18622861324954,233.14962798231159,231.09952646887234,230.45973731544632,215.43676690025615,202.98441602548513,206.82365994932144,220.45628609898495,215.95074979777385,210.17576476935736,200.10768709895333,197.02467884050031,195.09025752765484,194.2602368214034,204.4168397338887,207.52297293900858,207.5673242304644,209.9617370079491,212.2320221575861,208.08470600964435,203.52453407184052,203.38002705746828,211.77690801276748,220.24814965489884,228.08552748785576,233.8478082202072,234.587911186774,223.19785886792195,219.62931245592063,218.17392779246038,216.26017316864292,214.15641011417847,210.07828262290423,211.01794419891826,216.03676563013053,220.716892890102,212.2809242076842,216.95134827188045,211.5888273484523,207.59848806735968,197.4870204743003,189.66662431593397
641,2017-01-01 18:24:50+00:00,236.8654089596041,235.11287163884626,231.7804940300595,225.50527062277337,222.1939364897238,223.34391886597956,,,,219.45060262410178,213.3429016074787,,,,,,,177.3288538482596,196.15491217611935,195.69212419473308,189.08085637991263,179.0491381508578,179.64705527385559,178.28159116032992,,,,179.18978277273953,181.47122020665807,180.77117717090618,176.60027458755627,172.93009563903263,172.94803789731634,171.63322663418947,178.1543686452637,174.7714336755664,177.7852847861142,175.5007497564714,170.96477719361042,171.68967770077322,180.34265243122255,161.6618218093755,154.8517584076443,,,,,164.91199290019398,170.4634472595555,167.28781840656117,169.63103373158003,176.50853471392944,183.16552560001855,191.17861644980786,194.86645089209196,194.04560720468473,198.28281117339347,199.9277336192938,181.46561711723217,182.63243314222024,190.68598756926156,192.02083270036354,180.8071860918844,185.03388617826906,178.53080239485178,,,,,,,176.03461674183455,172.70168429795913,189.39542695133068,181.03252372921887,193.68298314309226,192.1375689520639,188.3350112509861,188.1759557478391,185.08287462759102,186.082447313605,194.12003640669434,203.3042222891172,207.75279494441855,204.27566905526942,193.58860446318215,,,,,,,,,,,,,,,,,,,185.1020059918184,185.62730728660202,196.8061135579328,188.667606861658,199.0411599749055,206.0663482527537,209.83818464426227,203.8114872199504,210.0418746890795,202.50967037181334,186.94378348900023,183.31591103987,,,,191.79732718513768,170.8946929491051,172.39169425225776,167.37418058428187,171.50707441152204,168.30198221986836,176.7106749835877,179.8383699488173,176.53740122927695,,,,174.4796612634268,169.38705297803511,182.9609176134062,195.02172645682288,198.20342310144633,201.10467937442385,199.0644186003247,193.5415791625255,189.8816951532185,188.99814297826828,188.52578794945185,,,,,181.5969020883632,184.15585060027763,175.8169414350616,178.38109734027805,178.51265012377254,166.79286044928256,170.99910722099554
642,2017-01-08 18:30:56+00:00,,,,,,,,,,,,,,,,,,,,,,,,,,,,,,,,,,,,,,,,,,,,,,,,,,,,,,,,,,,,,,,,,,,,,,,,,,,,,,,,,,,,,,,,,,,,,,,,,,,,,,,,,,,,,,,,,,,,,,,,,,,,,,,,,,,,,,,,,,,,,,,,,,,,,,,,,
643,2017-01-17 18:24:40+00:00,245.56288199175145,243.09204149162494,239.65796591571103,232.4647060482037,,,,243.3321236926889,245.78379823393482,246.0841886080412,241.0289053679228,235.54283744335277,217.63519411552159,207.81160634782827,203.73713520370507,208.62054973161065,201.25983421164122,196.89807814842186,208.8893866858532,200.4326597952629,,,,,,178.44483223575222,179.52861892489625,182.82982590093636,184.7394010111733,189.51528774029745,185.89629495030044,178.49010544848494,182.60218200383645,180.30020990366464,185.28381032999107,180.91268470928915,181.2066219850774,182.44117633735232,177.16262484362565,173.12957394246524,,,,,173.27866350319073,162.63929211248353,164.47417629823775,171.76547995345578,176.58570368250446,178.26707893026799,178.60460059472064,186.6099662389854,195.66948424699052,201.48460524261048,206.09086978534305,206.39871701391684,209.05171962358838,199.94854852363648,195.9074968071414,196.7851566615917,,,,,,,,173.8443903535518,171.65756929994274,192.1469199298356,190.64182171438497,184.84929530710676,189.81530813321194,202.55044420018984,201.55276061902828,207.80667823477717,205.0645952589498,206.9408936753627,209.83596235555274,201.2133831337282,207.96914140931875,209.19934592476562,215.04197992188853,,,,,,,,,,,,,,208.03457054128077,211.21631881399674,214.58982864416126,211.14408234048966,197.06088665642213,205.36452194148083,194.76205351723448,188.01630095314397,194.1890167860629,199.94582621739778,203.50430599693692,197.6491774585095,213.87822822014368,224.4885466663644,228.61486877201634,221.90404875139734,217.87678453334195,213.73859870124187,,,,187.4603060417706,200.68950232188115,196.6282158832492,178.98764485776704,182.81876185913984,172.3191158035805,175.43184535990076,176.5334434351241,188.84460375592417,,,,191.1300600313045,187.70016696016353,178.17639043264705,180.43228852943136,186.06109370240833,199.5067435390995,207.6093532686446,209.64382780763196,203.16919264988206,206.18326195268483,193.01532240335453,,,,188.77012102909282,187.93501709535005,193.65916653928733,199.79591492495484,200.8161653742487,188.0980412246672,194.09005712672342,194.78398217903393,181.23895310587358,174.61025714959857
644,2017-01-24 18:30:45+00:00,,,,,,,,,,,,,,,,,,,,,,,,,,,,,,,,,,,,,,,,,,,,,,,,,,,,,,,,,,,,,,,,,,,,,,,,,,,,,,,,,,,,,,,,,,,,,,,,,,,,,,,,,,,,,,,,,,,,,,,,,,,,,,,,,,,,,,,,,,,,,,,,,,,,,,,,,
645,2017-01-25 18:22:38+00:00,250.15990532540158,248.90421449577644,242.0861168412501,235.6434022386197,239.8187827820314,240.06039789881774,238.8025470804308,244.9453284358144,245.88086850885242,244.4485163644817,238.30474748540922,230.46609376478025,223.24698637615015,204.52919199664638,200.86953210813957,205.8181921768353,207.45239542142377,202.13407860406676,211.4146562093547,202.20715643901502,194.98139600130034,192.69121359297944,194.83238270531962,190.87702798105852,187.24794112886374,185.75171650636395,185.0203759097776,190.10584172403114,197.4556008263732,198.7590576657941,196.74219758130326,186.83786567549544,188.9026401150742,187.04716092713505,191.69002266146367,188.75163676926638,185.35597187572955,183.87725593329583,178.67748300511803,179.10322891484046,184.6096304699725,169.19710476348527,164.578482231075,166.85992779001813,169.5237995183049,170.1423415581234,166.14483762352285,177.15039237949094,183.75987937230417,186.95512627884364,182.3634759899832,180.88133290864823,192.82021046038278,197.18668119300474,200.6610091351088,202.7269551716314,198.11922454805256,200.82061841509432,193.02477343886596,191.2032658743642,196.99159928379373,199.37222362236145,191.75209279188226,194.16928594111553,195.9069698766474,189.35279221270815,190.64009503592877,175.9052709573503,180.50460590674174,189.23388355587605,191.8489693686412,184.9900727753153,186.2552203939003,206.47632010493118,204.13671371812887,212.61991621238397,204.75545282768206,210.9798978721974,221.49433508079977,214.93365730163964,214.14430947593354,211.18506306152435,217.07231377196058,215.62022485754835,209.08600026269266,203.26238980918927,201.87027115386195,202.75243659410256,213.6500546876885,213.83926942469927,199.93668320820026,208.29132523132103,214.04916357635636,221.99897456800892,202.7854617459468,205.81932514119177,215.72835821888694,213.9986353380454,222.85427272393878,221.25234604114763,220.10289889420332,205.21807417594826,203.15019174585478,198.02878876989263,203.3180451879662,209.7728613503458,219.9336561385064,,218.90935954406018,227.05705588020191,232.8623602128655,220.27466080917466,221.6065398309878,223.06506886688874,214.6029396945724,202.79695873991594,180.05653436225782,187.76037496873136,208.53655036038177,208.30716322840405,188.34019777146673,179.49116841169564,176.88498527635323,175.71930875111752,166.44879313204245,181.64862608584338,181.18712874148056,180.11177130962176,184.49871854125328,196.20616287649372,186.00285800730475,170.0408512370388,172.12530000239587,189.98539813193486,207.097926233193,211.916425960773,207.70431965569065,206.68585588163978,207.81479394458134,190.22578305282045,193.89329810288635,194.62098507327843,187.21459786479443,182.5236616560598,182.36504045495923,187.86638835410605,191.09686407060184,191.12911677510436,197.51472745597016,193.38589511305824,196.4911152462809,182.58071595442726,177.63287698322574
646,2017-03-06 18:24:40+00:00,257.10726921344775,,,,,244.2329080564027,245.9976534224856,246.41496351174388,245.0797402273714,240.43749135402894,237.97379349191056,235.16822615861906,225.46511447415543,218.20421194503066,214.1644258349441,213.26271396744207,205.80218769363265,198.3056707489999,,,,,198.3169896590498,198.26209423383688,196.27724635714094,194.36019232747174,188.26495180592872,193.92370729792074,204.29370286680432,217.49233549829688,208.65049609753288,198.91530489804177,200.34571763901644,195.55164700370148,195.91328241106277,188.5831166864662,187.00255404579283,,,,,174.59900634824936,168.96064753588337,168.79036787103314,171.57143071193855,177.29229321167884,177.37381437048845,192.6605680510686,195.4009025764222,200.9349730506355,191.7101558244353,193.96031764865177,206.1633969901651,205.10821862200365,212.44330954496343,208.0887302934733,,,,,,,,195.25555280463178,191.41291440545962,194.3843463212191,200.101329790012,192.26108322996197,193.40185251252362,200.06966844628488,208.73420538694847,200.5501916119995,206.69074235311814,,230.32112025232846,235.01848960299287,229.69375168435465,234.18256549636567,243.4823039496588,244.64845823133834,236.5879112972597,,,,,207.24875291580676,207.2563003960063,208.4278054028673,226.16094074747872,236.3024665900232,241.02510992442308,228.3313095448193,231.7393011767965,233.03537166245428,217.20437919544042,226.6558446897786,228.91413182683996,236.18746312287564,236.6276822740172,238.29690943183442,232.8868656251584,215.79914497535043,214.10303107173576,211.2576395986737,218.85477573764814,236.57966544848756,240.48387062346717,,245.99541654796826,242.88959668642568,248.90704666564744,242.05970380766394,233.6424180190765,,,213.40969339666523,192.57318694664005,196.2108307113828,204.78186505659025,212.96902361375467,198.87214209971216,196.32076696338063,187.82560175632725,185.8093829233132,,,,190.18837867752035,195.31955499837738,197.54511354242618,181.47216695843497,183.2202202765829,187.40170346617998,194.48625808192165,209.21212211459442,219.56361384699446,216.28549534185268,220.2596678715605,,,,,195.89160971169446,188.21702253894995,182.89214033212616,189.14140564435712,193.78761152259256,207.3476543332427,207.64539306197193,212.1271444041265,207.43377355533227,192.7621120183054,
647,2017-03-29 18:30:58+00:00,,,,,,,,,,,,,,,,,,,,,,,,,,,,,,,,,,,,,,,,,,,,,,,,,,,,,,,,,,,,,,,,,,,,,,,,,,,,,,,,,,,,,,,,,,,,,,,,,222.18524900217582,234.248234275014,230.08893983168167,228.40283972148478,224.82640453689976,216.94630019118932,215.57364270050212,206.87447743229234,207.7970641827934,217.25293097960042,219.33669021962234,199.80838357452296,215.50281412484762,225.08523568761262,234.81326137804786,,,,,,182.5543858855416,186.45224063595043,205.21060829167828,206.41688569010878,183.9728226788567,185.4409249267046,183.6958391491441,,,,,,,189.72317811654602,186.85846785441635,179.52692216659068,174.22641618816465,189.58467094340205,200.49919140140778,212.60287095711914,208.26000378024162,,,,,,,188.105758077884,187.65693084020666,191.1537720482837,197.88872758175575,202.67089699895286,200.76475364710274,206.66043991219627,202.2200437700307,181.49784613415272,
648,2017-03-30 18:22:08+00:00,245.27120842025658,250.81030910680826,239.76932321679647,236.1205617807398,232.837910850563,235.44659469196793,235.92492782791277,245.07919887781304,246.07933191289672,236.61381282536786,231.33579722811865,222.4364685675293,217.31194605453308,209.06872820164827,200.59226399461812,201.4741026821,192.32014079842827,192.10477014547718,208.21327948281703,196.49539444944736,185.7163990433499,181.7853627445998,184.3475781473615,186.31067927582632,179.2753885466665,176.4757445219866,181.6952737866048,180.51457845882578,187.02309804019905,188.10550496497547,191.76429372406028,183.9333468973072,184.23640350480554,187.24284273603024,184.1318632922245,178.844934318049,179.74310902013082,182.11792095467848,180.54792961932537,177.75403516380277,185.9037171492831,171.41213536411118,165.02540907545472,164.467902728441,159.71540766368534,169.48397490694364,160.2671841027008,171.5416689034934,177.669636399676,178.417997243377,179.6230646829548,185.66235829902573,193.57992612308058,195.4199401512834,198.23148744341552,194.8778244792712,199.8779439790964,196.7429488211077,189.8646902147163,181.7397396166825,186.59643212706695,187.02224235980037,190.951156476631,189.11718962253738,191.34606105583362,185.79673858498592,186.86929907254793,180.21575294352255,174.08208493687005,185.15607713658272,184.00582229556017,184.59701769484792,182.1191225750839,203.10705965877628,201.02863118051812,208.63992300705155,201.1394068503032,211.11272791819079,217.4149973479986,221.11673871553432,217.70352341254295,211.26069676241696,212.58992760510182,217.81157445700262,214.1441916597064,202.8070825095124,194.04170619651552,202.20774372923793,199.93602086891016,209.4408797811431,206.71516880857715,201.4416523657708,204.8093109078585,211.63233141768953,204.5435231224891,201.03360164075627,207.42050378248518,215.23687874057407,217.67523424023682,215.80242162836038,213.5377900058362,200.5083510160391,200.84671989763757,196.2334482542879,198.54733693360214,211.35759505973044,209.81779975210685,184.3566571381178,212.30320761778455,218.81129880547283,225.10144615365948,215.3738336892566,212.9034476149954,216.364048938011,218.67769857063155,202.52173825119235,181.37044197139426,184.4181813384056,197.2588879929408,194.55467391385235,186.4158414164282,179.1554801660056,176.93195731889097,179.50171144977955,174.78547041610582,181.0532273187733,186.0153863515316,178.54607872617973,174.93535716836806,178.60808271331936,181.3737037601884,171.03782873573266,171.30153787224418,170.92730739813643,191.084590755663,203.24835168590556,205.90455096090034,204.38854060154165,203.66672013640454,192.7812238237825,196.05576372900083,192.75607606631942,185.81542417105538,178.4279652816357,173.4642085669759,174.2906465458786,185.7879257140911,190.6231098625022,194.23312294249067,193.65238278389475,194.26756934667827,179.76042824692473,175.9848060880885
649,2017-04-14 18:31:04+00:00,,,,,,,,,,,,,,,,,,,,,,,,,,,,,,,,,,,,,,,,,,,,,,,,,,,,,,,,,,,,,,,,,,,,,,,,,,,,,,,,,,,,,,,,,,,,,,,,,,,,,,,,,,206.35860673864832,218.82534412940282,202.5048769789845,220.80189249711373,224.25006697220027,226.299278886355,222.71060501190715,212.27020236004284,,,,,,200.79866412359354,206.3063518252095,189.24821491520441,178.25686502982995,173.4047533876104,172.54444675871787,166.78345045721795,,,,,,,174.44744849431015,171.66666124022663,177.5669837455548,188.89217414438184,198.02805880814026,203.453378710906,203.65873484141687,195.5795625277919,,,,,,,,182.78226349891406,181.81040688344302,192.85230689776753,193.96630055322333,193.23929552496924,177.29970730809788,168.7109520681976
650,2017-04-15 18:22:00+00:00,253.34573619301798,253.32779292652475,247.90469602677285,242.56947736970534,240.48608427011715,244.64935276260618,243.19403257400128,248.6565913413458,249.7608718399311,249.13148388508017,241.9004237988247,236.62946081656986,222.60323762459774,211.59741244311311,209.56328947281168,211.62014202839794,201.86376403266814,198.34341793714552,211.80498107038926,204.90316579125948,195.9636650903198,192.77084291762796,194.13072768751215,194.5303327523042,186.06258195566755,185.28776942717832,188.53570957915198,183.59337081734475,194.90136232656482,207.12006064439822,197.44894252538887,188.576161197857,193.12487989815247,191.3915808992213,192.89702186100538,180.81775707745211,184.76130659108725,184.3803005310599,182.6720716252003,181.55307524275477,183.71768236771646,167.55062864186843,161.22303451554384,167.76283069238383,168.84370729781944,172.931822910652,173.07917154958153,182.82914686857112,195.0581744640436,193.53494272253042,200.0956310867458,202.32916558901167,207.97158354964424,208.54371292860515,220.2380084182467,217.02608865257685,214.06221744014175,211.43990666209288,199.7542962501305,189.93849531143962,191.02321166140058,194.1270941122587,198.6297125413467,197.13990147161041,199.30490848050698,191.63982416155235,195.01233783242395,192.7779160719897,187.06270007138113,193.96402088736772,199.0602465335157,195.74258849672606,204.71552172807068,207.40192095199268,218.4387052782923,226.20156983097127,220.3426244156484,221.30417480184127,228.43043786151807,229.3255510519131,224.90551706079233,222.39177804451322,227.83025840118023,224.03990545961278,219.9370933689737,211.93394986436257,204.3298472075502,207.22954350201422,212.84072024920812,214.84201622188127,227.34929560829772,222.4672108160122,228.91801814115485,224.84991632482178,215.3700635434943,217.90563175461057,219.12497516946715,228.93521821784742,228.85022767169642,224.74450463803777,225.3697596283618,225.3149199318932,209.27187768740055,209.38961573957926,211.30233892764412,220.96313082121884,221.6237936061037,210.6813301386993,231.79702555643794,236.421733538951,240.43954018604552,233.14688315396984,232.74659800195843,223.08691630630622,226.10121200357702,211.69399949571596,202.7019066472508,202.18369073376593,205.6108641411719,213.35052531354637,201.15599781953398,195.02713067295102,184.53366152551715,190.78013038774873,186.6909772120804,189.43420007370034,189.31802146818822,186.800829047237,194.94196533282954,192.48972693226128,184.89478923581964,185.87668483353846,189.51667391533562,192.65139830639538,205.14159823082622,211.31151066210043,217.88831557469567,217.73302984963163,210.8937472490032,200.73822608378777,205.50462815349778,202.04132315718238,196.31848521151312,187.58628106257066,184.10192966893158,190.07497258690796,200.47189654338808,195.44288359315215,203.34636858243695,207.2161114914523,202.50288493903054,191.219171479475,187.19981693043633
651,2017-04-30 18:31:10+00:00,,,,,,,,,,,,,,,,,,,,,,,,,,,,,,,,,,,,,,,,,,,,,,,,,,,,,,,,,,,,,,,,,,,,,,,,,,,,,,,,,,,,,,,,,,,,,,,,,,,,,,,,,,,,,,,,,,,,214.38109050422923,207.8820011183655,208.3090065410267,,,,,,,206.54771323531958,207.52907008478277,205.48155455477433,196.9505202529155,190.67147473567806,192.4643856647381,190.64203380763124,,,,,,,,207.04040413538956,198.1400923043281,203.07512452840993,205.17898954360007,190.5391514269905,188.25009170367625,186.5912955513265,189.74654219519613,,,,,,,
652,2017-05-01 18:21:49+00:00,259.1127993868536,262.0722423338885,254.6580132230002,248.16477410231505,246.16012337076117,252.38310397968613,244.697097481624,250.51251959830705,258.2183460315249,252.84518755251094,247.21952114054065,240.62935453766028,229.36244306369724,222.1024630245279,214.3059268492862,217.5273964122847,209.59954359554217,204.45852802106285,217.31603374972138,209.7682924754656,198.14639592886752,198.511642616644,200.0679748770154,199.40527530649123,195.11102485530665,190.3164812322438,195.60908707710493,197.52646478930666,213.08858769547845,217.63669574044252,209.70684494979992,195.8819354277618,202.58449822098987,198.16511350379415,200.70077806081792,191.74478787975303,188.1167622268509,190.4735030440545,192.51863643911213,185.89252786844105,193.08800748415055,170.5965892714577,167.09426257745702,166.5387726021387,179.3282400771828,181.3433610796132,177.3737757419803,187.64644817790867,199.9420534573921,199.12158265832136,202.54644410001694,201.27494455576135,215.69362596393034,211.65436512288363,216.2467029792745,216.09432604783706,221.56911350776193,214.3988925898202,204.75060859076356,195.7395397548446,191.3957614571657,191.04541948789205,200.16525400537802,196.546868856503,201.92141915361805,192.31273989761294,205.96118838159558,190.4794660623842,196.74147392670955,203.28222014742386,207.64692389403731,201.6578674112344,207.9016952356,216.17494310274998,220.44811308909084,229.34806448693064,229.7356698839302,227.9727767388099,232.6752866362433,234.1023436574152,232.34269830580322,230.0458154950818,235.15079732647547,231.95590783996343,229.45840876942353,213.15944203059559,218.04681941118,212.63922015712876,218.56984798947448,234.23408659700937,238.76218318318843,226.71845193927265,231.5574228133104,229.6863360405277,220.26600971397306,223.59837763717906,221.55746751713014,237.19213257524297,234.20991216808474,229.81338112189627,228.13738959594255,232.04197800876034,223.0643191464533,214.33740673019963,215.88221683077361,220.36302958611037,228.9544913663622,234.21144529923487,241.321139866114,244.86045911054546,251.98481207625747,242.34097130898826,237.48088177328597,231.4254235828406,228.24765676714742,229.5801070638246,212.57293182277527,210.96650920171982,213.86956856053496,214.64106882506604,208.26921584521176,204.31464265157794,198.7798954105951,195.6855842374113,189.81008324505177,198.21291216313932,194.5244549961213,190.62087188963034,199.0796647116729,197.42028210141828,196.0391062603692,199.04204115788326,204.1730794533289,208.73560856005957,217.29223160357827,219.8620352262358,228.45983831264562,227.7847018355484,212.63027675667948,208.34153679808617,217.2730080997656,211.8283669563796,202.60369514956707,200.2515883457698,197.36307454782394,203.3194731124218,210.04858062246646,204.3362682391883,213.39854935241434,220.9989788605276,217.02124489900405,204.13005453948057,196.62659078460314
653,2017-06-18 18:22:16+00:00,,,,,,,,,,,,,,,,,,,,,203.05381141401054,197.32427043006663,199.98141417145888,199.80217627268607,200.98940392621446,189.5827423409413,193.33903526614029,191.91027988542373,201.56803223580073,210.67617332054763,196.9135127728079,191.415915681098,204.25461163112388,196.6437413405622,198.67913811152704,193.30281771065575,193.4867239023302,190.29525532940443,192.33723613082884,192.39163838025152,195.1680563778854,174.19492286279444,172.2116636224281,174.34248643977276,179.9325026571451,182.75409209001353,185.5362090627899,200.85411469904537,200.28977836356694,200.43690722924882,194.43379377306883,201.63842091560355,219.9511675064827,207.67909446096712,211.18737964291847,239.74969360126832,228.2449613011554,212.03864079202413,203.78006790231422,193.5081803687459,,195.12254209407655,199.96937354588485,197.91113022926254,202.90867596516244,198.23339430543916,189.07854294936203,188.26074994773086,191.4406965839957,195.67657348743174,211.64410895492549,203.39295435627156,209.87068845658231,215.79554484864587,220.04960208940227,223.70218863823237,227.69516619103703,226.86490278096971,229.60568885421245,230.0859407925359,228.6232734739026,222.27996333305964,226.9321321942293,228.21051962270047,221.87764060941078,215.09988741196386,214.02322361195715,213.81642033061635,225.23430726837768,235.477072399004,237.13606529832205,228.19367998005694,224.20412022403534,229.80285323680332,221.64254246398312,224.87925762497542,219.48215309995615,235.26918504051986,230.29916868151454,226.4727507961176,226.8472422411935,222.09828528052913,214.71313464772447,215.3673112373855,214.88403986170977,233.0401445989396,230.08656277641853,,248.65429518722186,243.44765770572727,254.3843989536945,243.5870523327772,234.1243177649249,230.51915826429752,221.559515146494,220.50584387870387,217.21687438423342,222.4387487905609,222.1537229512784,217.37979284915008,213.9126784393321,208.96901472305683,204.46888301299197,201.58194110793767,202.02203141689543,210.84101638415825,210.57776316511897,192.48137880329364,196.7431683897916,198.088324010907,192.19342619132135,200.76724803178234,206.44666959469112,209.14903288570787,213.47819495503202,219.15521375810448,223.1601084702616,228.16095740261989,216.2422597019103,216.95246343179235,220.69724759750648,215.32401282817392,205.89528442009748,197.35054540055322,202.49780554316555,207.0398371053617,211.17423559798777,212.1622363425648,213.9206065970016,214.56759652458695,212.84309002458113,200.50388982565244,198.3909396244784
654,2017-06-26 18:25:11+00:00,246.32439311732617,245.74021946264148,236.00078255636055,231.46495616557192,237.66347448989526,236.88271700158543,236.25387951290173,240.601806391449,240.78867979591217,239.30637301652285,235.68024848151944,,,,198.52643779219284,198.52349281890866,197.1979028801448,196.55409718763025,204.77928431535494,199.1089745914536,187.89527040892239,187.29505502845632,191.3120300552685,187.673684831075,181.1018521978861,174.82238472455302,172.81167860502939,178.28035937966257,183.26102546389603,,,,,,180.82564187695112,176.1713599346138,174.59345913540636,178.79957670987486,174.32827861116905,178.31704648688793,181.32010066582927,167.4659212487436,158.87700182145005,162.74249326793708,163.1534033300126,161.42629502813696,167.6014530837549,172.51882779933393,,,,,,194.105046413296,191.07890386490845,193.0389216226543,199.0029610232178,189.63584434948467,185.36249165787817,173.81772643545088,176.7335509553056,181.42430967342776,186.92271880985797,193.90592518237,197.7081308955283,184.3335297225297,175.95902585453462,177.24534494185255,175.26361897673291,180.55287915190868,195.78123562831107,186.67100207081796,190.90269921581074,204.0432141463764,,,,,,217.71594658423186,217.65116856913696,216.7983527023989,222.07550770496596,218.74704936949283,211.83055626864316,202.56904470860056,201.01405928888295,209.576084110704,199.77056963812618,211.77224471988828,208.6067533911435,209.14058435463613,201.72266858962112,206.64917195214665,204.42148003247084,200.43263653487077,209.6120458319298,207.4120274473732,221.42374859920744,213.16028276466176,199.53778618748657,198.21603803594806,199.66013291451867,188.71543600671458,186.02506310530222,,,,,,,224.86479429547353,206.88422732057822,200.7965928757692,188.4461702960396,215.30529936270594,214.84677804372316,201.07876810057178,211.82515974582518,,,,180.74465043405752,184.58242291602946,186.87200775150328,194.1733697566239,188.47656022863617,185.13084680430535,181.2167823543761,181.670263683562,181.40542806283722,183.05092257195716,,,,,207.956842869833,207.53707602563628,203.63317964749473,195.18871886798118,194.585858019865,197.38506324981054,197.84106576254737,181.28087987992853,176.39699527499369,181.26563428740258,182.6387309510281,,,,,187.61297536677466,181.9715602870299
655,2017-07-04 18:22:20+00:00,251.4622167465207,251.33410069200613,244.71860096073934,240.65015032735016,244.0463158508564,247.3022962656965,240.34465395146208,248.96608486480727,247.6558260162356,248.94697592665014,239.31918946915175,234.27395013483869,219.6734086853238,212.77421570655497,207.22025552688524,210.96576720246668,204.6518431797059,205.41528714086846,209.90871740331502,206.8377339718797,192.6482101564227,189.1727312053269,189.78180499934308,189.2935574918741,186.7365101765306,180.2311663602809,177.08085577708783,183.1354388513247,188.7192645782739,201.5962652694858,192.8118535599931,188.24814339774048,196.16676940454965,191.17700586840647,190.06210142619332,182.86408139888584,185.75018189672696,182.6786231976666,182.6509202101,180.80023916009247,182.8213200853121,166.8130176912594,167.60903783046803,168.23694050318,167.00093962163518,175.5513842268295,180.95434290777382,188.26837559168632,196.4204178455634,190.06338659119098,181.84586329702407,189.16364511131607,205.2396082608717,202.40707841608713,197.17602903893652,203.74782650097097,208.4088328187477,200.3491044565863,192.46587965807262,187.0838067482936,190.80819856473357,192.82686544377634,196.6204948965409,191.8944642964765,195.11891028303046,187.07956577972908,184.83343436579844,184.1160164695504,187.0441741364765,191.55096915219332,200.35579990784515,197.6427522123625,197.47521394553814,211.06074490230387,206.52351702258355,213.34597802881154,217.4331869779984,222.06371685563872,224.5412910116935,224.87853682007193,221.53721669406985,221.18350749478088,222.3834787132657,226.04889082957695,214.89465927718146,208.05288566984078,208.47240211496978,212.4000068227107,207.69265583010926,214.98141855070486,229.46417353436078,221.79111495959023,208.46032110888956,223.80758152079227,215.16950919805112,212.5748514940911,216.1100035501793,232.8007693694455,226.66661110562129,220.10819202940309,217.5913987730894,215.2951898343574,215.88550744815012,208.18130606095804,209.52229955900793,217.28220769317642,215.56303795733993,213.24719817185195,227.27450388162626,231.76643679619053,232.62387072521204,227.0845070125383,221.86876353917677,204.00731044545256,200.50426062750904,223.20249802983574,213.80651432989893,208.07298080367292,212.76389946774435,213.30509117060342,,,,,,,,,,,,,,,,,,,,,,,,,,,203.71289097869445,205.13425627875122,200.452518881581,211.5927830508856,207.4342131645949,200.03307383080954,192.95542094307874
656,2017-07-12 18:25:12+00:00,245.04746406325322,245.41497552564334,243.84279779217064,241.33616648763962,239.53172269863273,241.98979507584934,236.66604651459218,241.75369564235663,,,,,216.61248473961354,197.42124545067253,201.60172740207173,203.2935707531683,199.59080146340816,193.52341425621844,204.00642033313767,,,,,,,,,,,,,181.15483646434,187.36291752841157,185.3782715689346,183.59805114169274,177.99825709264402,175.3453638487003,,,,,,,,,,,,,,,,,,,191.36873552242344,194.99368880292604,192.67128868385043,188.25737750894754,181.0815605304814,180.96828365957856,184.41389857509208,184.48087064794564,187.02662964651495,190.9410213236057,182.64078126310704,173.05552833080554,175.62955580848072,182.7884884481852,,,,,,,205.57631411213436,214.73515129781703,212.3868106307532,218.4166766431016,214.62280554916094,213.3058501800262,209.79756711196006,220.14766233580832,218.6089646988006,212.68158278994196,203.11114040883035,199.22897162621814,197.98565546124433,192.86121135220694,206.01167526298013,203.36857454506503,200.49785020427692,200.92593180165517,207.30788874158975,202.5438978843819,195.78697316388687,204.5653396634948,207.16908567756985,208.52115154379754,211.36820054453867,194.71456759078117,199.0847935817097,,,,,,,,217.73300415462052,225.72519040565288,212.76723519371464,212.14208845876007,202.63687728495583,195.78867811710907,207.59383569887513,217.9579147012167,209.40745276395282,,,,195.32289080323235,192.6519766647245,186.3581801957904,186.08671684115566,199.25907666469598,193.21828644581092,185.044900808122,181.29008673957387,179.29354726321327,,,,,,,,,,,,,199.9919539974587,181.1892207540288,,,,,193.44853600501915,198.2995965347464,197.012018260959,185.50958655718867,181.07790682296408
657,2017-07-20 18:22:25+00:00,253.9889101425886,254.44106770027878,244.7416199254534,241.2777720569794,243.76816899349654,238.80348217329401,238.01496799229605,243.39768037339257,249.49176000780156,245.89863822483937,240.40025561034565,232.41000673842086,221.68848265160514,208.87336608465498,205.6293534668333,205.25215304717887,203.67848678793808,197.4768852951693,205.0867217205302,202.8105153656898,196.37861542648787,189.7231495099636,190.97144736274868,191.26976242396452,190.14479895953474,184.08692739196437,183.69856098917234,183.6324323961723,198.84660555718,201.4980479732955,193.4659367028964,193.69247992788607,190.83601650353523,192.37052998379096,188.0810587871958,187.67967442299692,180.5877889615109,188.45711517764295,184.60722563671388,186.488999251054,185.20300557778026,170.26846130695944,167.63305938593342,173.8028171812095,165.9762144472842,176.773253338262,173.09085362155844,183.96075306918277,185.8622908673665,187.08958356606314,182.52845641307223,186.41890859877017,196.1468458171482,199.34584056398086,197.87744912124435,205.30736582423918,204.01867929891682,198.93190131144235,193.55455026022145,182.65808048095587,189.5114790668219,186.8660336679551,192.49845162444365,192.0791609296066,196.18448590696875,189.1419006414871,184.34143796353283,185.13961770053137,178.6387547608519,191.75254965609565,201.81486808231685,197.36765738221771,203.24957983064672,205.29320149460523,203.6738691347235,210.54701328204436,221.81979095605266,228.12675987529943,225.4553169281384,222.06799805584538,217.6570946588592,212.03948440601621,222.9866484925446,221.36021849770668,219.2182050302727,207.88669858923825,210.05429709303763,212.1769831376712,205.5062492643809,218.71916667720285,227.0466713748311,220.75322735290848,209.77421052147304,220.76523468474875,206.47535113309885,214.3456942270982,215.2724816300731,217.6153207653326,225.26705620567205,220.75414952066433,211.35982092387368,206.92050596305197,213.3097116686908,210.24332532025116,212.86766668865718,208.03419400606504,214.56008379598316,210.4776216155504,223.0400056799587,230.2648383918148,233.03379453635654,217.05404372065206,216.6253431297044,195.06202222736238,188.62656365137605,204.8100070742068,206.5715462362021,210.1526070445721,208.37988087886356,207.04335640788946,197.98753411768615,189.66605501589848,192.1312246147114,191.72828901836786,196.7453274798881,198.89653910134479,203.66328629403998,192.88214070742498,189.33584576561907,187.85495595981837,190.80754808774765,197.27084680687764,201.30657907328282,204.22847566871465,205.6209303510469,209.45059062275647,213.80415864284922,223.09676246499424,212.92897382669412,204.97528656673157,206.90110436165344,211.31818626807097,201.78913863165087,194.65105075674452,193.35996794166684,199.00718825678962,206.8646926664985,205.8712558398057,200.28916451818858,204.9158340771068,205.24200709988258,197.47426858208388,187.65547356545358
658,2017-08-04 18:31:21+00:00,,,,,,,,,,,,,,,,,,,,,,,,,,,,,,,,,,,,,,,,,,,,,,,,,,,,,,,,,,,,,,,,,,,,,,,,,,,,,,,,,,,,,,,,,,,,,,,,,,,,,,,,,,,,,,,,,,,195.61002688019968,206.18199048728567,235.71964710574917,,,,,,,,,202.43551848527525,206.47068214076575,192.14146570479193,195.39572810641448,,,,,,,,218.31809716144772,221.02970864912368,216.38209502570595,204.94496948236747,205.1361211444644,209.18000242930472,202.83951946601647,,,,,,,,,196.01582699078025,188.94423030939532
659,2017-08-05 18:22:32+00:00,250.08223256730966,253.13302545600448,244.98153751658407,237.89462564335219,238.39950450253258,246.77100562254765,240.00860617666592,249.29162341229372,245.31748565299105,241.82008554308308,235.04956928901646,231.76446281608537,217.5344196517546,213.96744781183133,208.16016495284111,209.65915031662692,202.1808610085582,198.07068987219884,211.27395000838692,202.29923248202383,188.88618335267282,186.15608316687008,187.30578055952554,191.08278225578988,186.72699177292188,181.64466106963715,184.5637841417228,187.87012905300497,203.6348663102875,200.95375203706547,188.77953348321256,186.2846007963364,192.94420804693243,190.6595261077132,186.30772732128065,181.38173503199403,185.48709186601957,183.63812754979952,180.4146493211279,181.61694669228442,184.4599438091056,169.81478868234802,167.26267851263512,169.27534240693228,170.73646915952372,169.15323956878245,172.1893447309712,179.43167825170855,187.33615836266745,181.71004867235695,180.77478414146807,183.7616471005234,194.00212368382498,195.4800246813518,193.49858581726122,202.8672303636975,208.55818178815716,201.60854405216065,192.84021572459721,183.61092138931315,184.08886092872228,195.17757008148075,195.70285974337452,192.54560863948174,199.44788580983123,188.6266999656275,182.5302471697638,178.02421755549796,178.0413180911239,188.88044925777282,195.25670841592577,194.01413119933022,198.15517062263535,205.0921737106969,206.48981027428923,208.58427570717063,212.050123593188,215.64166401346847,223.88713946931682,218.41197093939317,222.13181942185284,216.43786701147732,222.89202862483654,219.03969734007134,216.63618069081008,208.58098534372772,209.49518258673226,213.7860850612342,205.9143972648033,213.35939733080514,213.94532586178826,217.0393884327018,205.55757980829551,221.2881337510474,211.85104578725674,211.36868256096062,214.97279873416994,215.17982446236542,223.94290853880247,214.75858218401794,202.41781891463086,204.047408564055,207.74380676228077,210.5397337850122,207.7076651599457,210.81576625923208,216.78164205240134,206.91584542831043,222.49373338890297,222.98788972583273,225.2317033389993,214.96835775512488,204.73433898410195,195.50671969019623,192.87486346922367,204.58655855840078,210.78976839037944,209.08031011512986,203.48915126961145,197.43855129643606,199.7387173453801,196.28169519879285,192.07363833400456,195.94166836656592,199.51371397265908,201.89431007759194,206.2870141932637,197.32724281306764,190.03940737935037,193.81483327401628,190.55881586355616,200.15604234989993,203.77676216273574,205.36347267941215,208.38608255101377,212.12726735108993,212.4612148284009,218.1472464482309,213.56336480969006,205.2462556713076,209.1067071926841,208.21543336386117,206.41371933520867,197.2904348764493,199.18320111028078,205.43860964356406,207.17687742335494,211.17311506566276,203.14971362227877,210.1993681348091,203.9903067002053,192.33982588082742,183.9764490522221
660,2017-08-13 18:25:09+00:00,250.86043502363523,250.91717509670923,241.38131282380198,,,,,,,,,,,,,203.22494594947545,202.83714171855715,200.0794969708693,210.3572561151271,202.48237385979934,190.13346578349447,186.2917683415423,191.6132687980927,188.5750893816204,187.37493124674756,178.77504361771435,182.0561884228983,184.42206837013867,199.9206123590332,,,,,,189.5729215272205,185.2659229532763,184.61670223135462,181.349962804563,177.19790486992417,175.51611580037763,182.12977409941473,166.76118917616924,162.94067295213517,170.20854698648424,167.35122475816735,167.79831236117232,174.07897324710157,185.588659494268,198.46733160796649,,,,,203.31081309688113,200.49753752992805,204.990408808145,201.75707404082152,194.89980389427637,186.3512830385211,180.18629982072594,187.40683929507696,188.96422733145843,190.22440843198223,197.50247985425509,193.61696579334307,194.7265123836815,176.20132586137427,178.1661347780942,185.6239139503788,193.2540813989187,203.96313506007112,192.79969126281424,194.77516058150107,197.65600404992392,,,,,,216.86745936992537,213.988088907428,210.2316413755526,216.98019686115973,216.3412473195183,213.66209629501452,199.8494528054713,206.63670463934628,209.24552521692317,209.48490466723945,214.14198696216238,222.78350385334087,216.0959146034391,209.41663440059162,216.69509986527143,215.64583208520264,207.52846710447108,209.97006969993458,217.0234994649963,215.947859473521,215.01863335276119,200.89107608904027,204.46396040146897,204.5523922427543,206.83493447681508,194.81773032322656,,,,,,,210.13873441549373,198.78571756413544,187.96152940402524,189.72767370052628,,,207.94442133680624,205.92169938126818,,,,198.43232505139306,191.7867523988135,194.75511413695122,201.6786709770403,202.5505345409766,198.29259593761017,194.43285789517304,188.6623030552408,,204.15725423144386,,,,,214.01822659225607,216.21906655279602,206.01886770815568,201.6462500453169,199.71193946089778,210.46305760147516,206.566348870249,194.31746340577746,192.0858858533833,201.34463762621976,195.6043462327505,,,,,191.46838299138437,184.1876596243158
661,2017-08-20 18:31:20+00:00,,,,,,,,,,,,,,,,,,,,,,,,,,,,,,,,,,,,,,,,,,,,,,,,,,,,,,,,,,,,,,,,,,,,,,,,,,,,,,,,,,,,,,,,,,,,,,,,,,,,,,,,,,,,209.00951370036745,214.53444242290396,221.8449243588709,221.59671716496734,,,,,,,,,,193.5893722667292,191.87053613096916,190.54564405218372,,,,,,,200.68031415378206,194.5265141765645,191.8726803182815,196.2322707937675,204.03262813132056,205.28080688774241,206.5174205979498,204.63774874572465,,,,,,,194.98223288825503,190.09420748622767,195.81774463241396,200.34916407479628,199.21292526308545,194.07134392924587,202.66785966570876,194.45029570753601,179.14963245664558,
662,2017-08-21 18:22:37+00:00,248.45862385391905,252.29569781270345,243.20069414451186,236.91602768295203,237.614965695185,236.9317326352965,233.28938903958496,240.41988772014918,239.68522444814624,244.55074961718765,236.28758920402103,228.19557386062883,214.4637926178939,204.17783052225164,203.90310059857018,207.351219176999,197.51480614614565,190.66785031686317,204.5317309612123,201.59633586417723,187.4265552490187,185.02672423673835,183.1317595226859,192.67908079220967,186.82190909705457,175.7654221503846,179.06167025833128,181.79503057324848,193.09744483486082,197.2834231950034,187.72088006965305,184.95863065808436,186.67509390599028,184.40582519244828,181.06975348994814,179.74591895944985,185.84781645402975,187.89467936944922,184.8655803939817,180.35977176226055,185.3265489491941,169.82651707461758,160.53958498664934,167.9474076155796,167.14892068791477,166.1103519583784,168.73341879255346,178.02330224431427,183.22055022395554,179.8751249564365,175.0612104989972,182.90372023743188,197.63680725729904,201.78900066127636,199.8303211817814,201.1134052147566,198.62982084826555,192.73300923426862,190.08017194886932,186.8943556699713,188.81184907311896,199.46660132447533,199.72321480104978,198.76399092480008,206.04023743008406,193.45539073302444,185.6436391481971,181.19103239013947,181.2945683359982,188.10012104329812,201.93372384193302,195.19429275601703,197.10962605714244,200.91479494635968,199.64433402532188,200.98526872081953,221.72997278210184,222.3553811832291,223.455723587484,208.9287704801875,222.12772051075433,211.993918033328,221.0931482330895,218.62948342875848,218.1205923449287,206.61677333099027,207.04056060575226,208.28767300888836,202.48436018905736,211.354016645538,211.8171166906322,214.0794804971496,202.05596396196654,208.7576402004322,208.43800371456746,209.17042728443295,210.42040938542763,211.83520167353225,222.83569818896865,215.92388880286268,201.28835094832942,200.03336616353621,206.8164543137169,209.32473944178736,208.2796505624023,208.26369326461858,206.3865228180643,210.34292396408182,217.59443253906372,214.01430042527704,219.09490961276668,213.86452983938523,202.64137855035526,190.62208165273847,193.1085882115934,207.55439758308495,207.56445816480098,209.59025763537767,204.50240695252083,207.54702404451146,208.95974969440877,200.82582036649086,198.45427663753992,197.68419908844072,200.80205511510113,205.04994511912267,202.91872337396006,189.67546573382475,192.99597495197528,196.0768684561083,198.7224395500624,198.84211332196816,204.34306407383238,206.64657212591715,206.36729348740462,207.79372790322049,214.24683647229935,218.32824866794323,210.01523115936766,205.5247536734655,204.98448634912648,207.05564933059247,202.39095259314115,194.84800913108216,193.60191627461026,196.01851362157217,204.4681297083801,206.99707978862665,197.0261120828268,209.6914311967074,203.1014863339887,192.53491375943156,181.86981457620706
663,2017-08-29 18:25:09+00:00,252.54528035455917,252.58198750784538,246.85405837558466,238.68537187508238,238.85137055462656,238.70287640423655,236.5466318356237,245.5626890127877,246.01252222905873,244.5434498756876,235.79162256357077,229.45867412456155,216.08127172015315,,,,,198.04148129264644,210.82768536235153,205.29819061535295,191.77121613889298,186.0245814153804,186.45625527574958,185.4885497198138,187.99539934872348,179.97827862414275,181.67132967930485,184.3703093488993,203.2230749641934,194.53451867559124,189.009370469124,183.87843110984332,,,,,,182.35871642413593,179.5129358692219,177.45113955385952,184.21004921348913,167.79737550697578,164.06621358296258,172.281993393471,168.35870360602496,169.3606410213947,173.44971263198082,185.71949907120057,184.78232705714706,184.39948691659504,174.68335294836425,,,,,,200.013475745302,196.920054859844,189.5862841925333,180.88464714467096,187.10464194379847,193.3561885283956,189.55068592201383,186.2979860645287,190.99071096971613,180.1003670332861,174.2049079288077,171.01892224777933,178.56794321910382,191.86394280936702,203.15259231106364,194.69192398841128,194.50862678230789,203.39157541360194,202.6218232110149,212.44766355212778,213.8016476037269,,,,,214.16878293642623,225.46243259527506,222.18345897313665,220.20121759345287,204.11715369249004,209.49556108890027,210.66902745015724,206.89788932328648,209.9656295668675,211.05641915738408,212.31219822207476,205.10152814199324,212.1279959962655,208.2282261017255,211.41212660993295,213.26586565708024,217.83500431670194,217.40014841263002,212.00067912579362,196.0101146698666,205.8111509334857,206.9231784634933,208.0608337386102,203.38581533573011,206.21778541376517,214.96511867733238,211.63882931953515,218.18357949102128,,,,198.87593163555036,194.3968641030928,194.09015648774226,204.49483907136133,210.99835229501184,209.8973003111674,215.58197442985366,212.69714484138217,203.56891167498497,,,,197.9486460050105,205.2893483665668,208.54076641479833,194.4539077459978,200.12281856355764,198.4837680610245,198.6780490521908,204.4342231111199,210.31968880149054,212.7500929066988,,,,,209.4133568871868,205.16396484435808,203.9438857706662,213.12562954064634,206.98895658126176,200.81521332639377,201.04488342660977,204.91047980687597,208.16461909145312,213.2996121893102,197.05804301577166,,,,
664,2017-09-05 18:31:20+00:00,,,,,,,,,,,,,,,,,,,,,,,,,,,,,,,,,,,,,,,,,,,,,,,,,,,,,,,,,,,,,,,,,,,,,,,,,,,,,,,,,,,,,,,,,,,,,,,,,,,,,,,,,,,,,,,,,,,,,,,,,,202.38334465050085,196.00722338749722,188.92773895357584,,,,,,,,218.72235675556357,217.82929775440795,221.86053460297896,210.66385964536835,210.1875496962403,214.3273796322079,220.7210774995105,,,,,,,,210.69216671288586,214.91232870069732,216.42549938201262,210.610008601569,203.86275606348286,201.6682811407711,190.04932544509103,176.72865964539454
665,2017-09-06 18:22:39+00:00,248.84284402945883,247.6829021037767,240.88314777068234,234.00852812596514,237.8138634588526,238.53459093305014,234.85772165817585,238.84473242884715,240.6848940102904,239.46841469173975,232.6952833289988,226.0123291584033,213.41040701634847,202.53272328994314,198.3798083577598,198.44470903445205,196.34071674119886,192.59610334934004,205.34852455192348,198.39654164254546,187.92110908816036,184.17778638885335,187.4512193134015,186.90105082431137,186.12536539398695,177.8161340056444,178.1571148574261,182.7952907661026,193.39466085460467,191.3412921693989,185.10785633215247,181.64261628073015,186.83951894490724,186.4712365174883,184.017035523549,182.27875162890473,177.85576748199173,177.266725942518,174.97725981880205,177.45176635757434,182.388791190199,163.47143633912228,164.57532603979342,166.7813955759097,164.71381793173185,163.59969643455884,166.47276503772738,175.89195822953656,176.47007194308452,175.3143824752783,171.99528853134234,181.17517164156274,195.13654399508357,199.51488551318835,191.50699074699145,200.69901143027533,199.9763268538548,196.85691090593133,183.1672545430408,182.5831409147215,188.85951162406792,188.73483904432288,195.7629002073793,192.696334910288,196.37178942275574,183.7313890212633,176.89678854288192,178.50601795414545,178.66499737877027,186.09704726820624,194.97709361908028,182.92654580471407,191.9244518083278,202.99145052446187,197.7785627721913,206.03271174682178,211.8592943741961,216.8226772533514,215.92484776822212,207.11117303838083,209.55422964858508,212.15005036866648,221.91621096055982,215.74605991551374,213.9382087427569,201.70834446006089,201.0117111925517,205.06489581700114,199.73927025940537,208.34065115505555,207.03341128822788,206.6950046673158,204.14926627148347,209.65077328769124,207.00404630301216,198.3695959763321,207.11801689416887,204.55942222619765,210.68635817472133,212.93069463863839,194.44026923602692,194.72106980574821,203.36535093766187,196.98146664734813,202.32019601600666,198.2511673184532,208.47228590386555,209.423120131366,211.4069028774361,211.73833736144982,210.15991199192354,198.97938290339454,193.25674607858338,188.1004660083462,185.7308237450303,196.01701925630678,199.84588796629686,202.84702907804012,203.21478741608178,205.75531470110238,196.39146732469283,196.03303111408775,190.87672284458927,185.61732245992573,185.89621160508415,198.5354470529984,199.29277850159255,190.86389436838815,191.78825647934548,191.62640911504985,193.8481482823937,194.8644194049778,196.3903270067023,205.85007619910292,202.85915958414466,209.5283325843711,214.41061360683054,217.08820493471126,213.822789861486,204.1005278524019,203.2088177561225,207.24042534862645,199.78656821255473,192.96497654444877,191.61691282279853,194.1096391843827,200.09769451669433,203.7759388042283,198.06340436141858,202.03145735044873,203.26795663292685,192.46042028555152,182.50305156515805
666,2017-09-22 18:22:43+00:00,244.5848299560766,245.25805764678643,235.03897074752257,233.8741455454063,232.18374609820404,232.12163634138213,230.49747694327291,241.20962521882774,239.70884849480115,237.5570366673911,229.48410243960348,216.66573821393163,210.78367792938587,201.6905672714044,197.67129776903604,202.04742342781861,197.1280347111812,189.62403425337212,205.69314252672524,194.8365229654449,189.39741060400036,185.2144947550401,185.1390065757684,184.8683769017194,184.19164864752923,171.81313974869323,176.50664324588303,176.90962201054208,188.45026762414676,190.84223780766712,183.44929367148853,180.10975061717596,187.58199635066947,187.2024749303328,182.71598260422974,180.0255949888603,179.43457740085182,178.41605802031853,176.71041098148766,180.21671008600106,183.24765412288764,163.7311026537389,159.19716864867243,167.6439116730688,164.25740972537352,165.1416931846083,164.49916181951943,174.7725779187885,176.93412391177407,171.807810433535,170.96973157844369,176.48858333940842,193.21101396442572,198.79280179082423,196.3518556392409,200.42399795571524,201.2900593140719,196.62317706246387,189.4138137505708,182.437029559022,180.87980345545606,183.82535200912082,187.11142156137578,194.6761385784369,195.3511179827309,196.49693333064988,185.75191760200136,177.06099812075684,178.73958152833592,190.8615671025634,200.17165728880843,189.30475337992607,189.7983561995323,195.64050955741874,188.29282078893047,200.60061872726126,206.33987855200508,220.14767101011125,213.68972623164254,197.7275803180317,213.97107597503094,219.57265648001513,223.6295276001327,221.09594319371166,210.26420785349626,202.5122141894072,197.82125471598408,209.53216737915415,198.208719524726,206.89718940183786,207.32459439501952,211.19326311046888,196.47620735206286,214.60466781841322,211.93126529511312,196.0506485408755,214.80876108348693,209.31474710288478,208.27909559377252,211.5711818558899,194.93683723943923,185.81841381663213,202.1607084516151,199.70259411612307,207.18566807666514,197.01964929926243,196.86113515851576,206.570780026869,207.86379723647616,205.27959684178114,207.3307919197266,194.94722646576844,191.65626541780364,192.52585821511596,189.97068474152996,192.1165257068236,193.84449355012498,197.0907106335451,206.9288649386994,202.75180791398853,199.4201246846427,195.93559752606114,192.50163304693064,191.0971074539175,181.09929207735652,197.40593917277715,196.39172591080427,189.954107871794,192.64131381724945,196.44324659561437,194.8231136295148,199.47499629646356,203.48092568408154,208.82808132926775,204.62378406525062,208.07086113644732,205.98679058059935,209.53949190388494,213.6850285625104,203.37916727153674,199.73363806266832,201.9498640626664,198.6556676285968,189.824165585117,189.38931292231234,196.18678012750271,199.64577172414397,199.60341869922718,194.80237310823864,200.88050290321223,199.45456836273894,185.19034897881807,181.81994779561424
667,2017-10-08 18:22:49+00:00,245.05078418365912,245.2728285014943,234.9149533021867,233.20072680654712,234.71041398940687,234.63071446453517,231.05376683816172,235.14121805255195,232.3367837869453,237.35128580012866,228.49394663684188,215.81423604463612,209.29274459600407,204.09700441767023,198.1703339898175,200.19198037619068,196.0716552067074,189.2215992266688,199.75908198209092,191.41993289992342,179.09537937043004,180.35531392193678,174.2340123068103,178.10596093020922,175.95641203658556,169.8944921221099,174.01617261279176,177.46964102382006,183.03364442572774,183.70258922756852,178.295701163037,177.84824068177832,186.0690855309206,185.71008388556322,186.14418347788035,178.6997199230184,173.13152281644227,174.82984782529616,173.56352777318762,176.85889731000168,184.56351450020873,163.2337251130743,161.03790110743776,166.39077101372715,160.3485618799133,153.34706102629914,150.50597762384277,160.36509815982504,164.88528817157902,169.1294552828395,170.67418534065712,168.51939642456878,185.3992432192228,192.58449354444298,190.70485219163157,192.88528690225456,197.90663084196729,190.35103922596417,186.86597311371798,178.42620603765477,180.3109761877824,191.08700423298436,183.4810395318955,185.52981170290212,191.38150508294103,178.64016387182897,171.7704393984562,167.32230590062204,169.66876518003798,186.79505200465155,182.53618583302048,171.66352491415452,178.34710028208525,188.5999180139765,186.63138995942643,193.03981882359483,192.04925134859354,190.97696343965595,199.55998811579002,192.79933900117942,200.26915438337988,206.71464863142515,213.8629032909455,213.18952815538736,208.79435443035084,198.94372938727275,193.70958487346087,192.55947835164002,189.93347030955235,198.86158917650835,198.5420092736977,196.28032084588222,201.83035267538065,194.87391101605994,186.37164712580943,190.25010840999104,195.23701104058165,200.85550490360674,202.89299913841216,199.6858160092159,183.8893512365361,180.23106381969137,189.9477207533479,189.81435682915406,189.26312018306814,185.87075111345462,196.6491504116412,196.2006720666954,197.6661848407479,202.84919084802442,205.34858042678522,200.27454318219543,188.32147230628158,189.34495146385373,183.00618943768728,189.2528941133695,185.54398546005433,190.7614052819757,185.88040144486598,189.08206148187693,180.1197093957553,184.79800770815825,179.38529428685263,175.25974344037482,181.3240439252831,182.58387388854644,190.034477024674,182.18716829319726,182.32814163406312,174.7367968804483,184.36700987949902,181.02630580486874,182.41481127754116,187.39108744115674,188.73196782854924,186.31496785618262,199.3989473017086,211.05272494848356,188.25418573195685,187.57510525035434,200.99385648452483,196.76254917394152,182.98159579502538,182.720906086358,182.90286840571497,185.9912202619031,193.65953775028274,195.05781182778372,189.2649754158528,189.38818788342036,186.34923913232367,172.46943044254527,171.54360367648675
668,2017-10-16 18:25:11+00:00,255.59742892103094,254.1350912699644,248.14891933714762,247.21792057039306,247.92408852882772,250.82579663316767,241.95998034368677,250.43354974525545,251.00550927640046,237.29141915094192,,,,216.49284259115802,215.58753523603417,218.55130511405196,212.18340004093568,208.74685404421336,221.94268896014682,213.0291213970622,207.1639315755237,203.0388531750961,203.1080570844395,202.65348088515313,194.79551394956985,191.216213800433,192.86653774600913,,,,,,194.7488507598958,198.9431825000783,197.437551169504,193.33097053326162,189.60597455024993,188.97812762256743,185.86549568787754,190.5470209721878,191.68986724635408,176.18819685080052,176.0747748895903,179.93655470498288,175.3704196028147,175.7925606805549,176.81936910273365,,,,,185.53061541587994,196.82965764085412,202.39894880665392,204.02309407108658,205.31421176300682,209.7980341068851,202.90709753385818,198.175053259121,193.5476588603791,201.21378117982334,206.006201040818,203.19882009400283,197.73694103256997,202.24900987760918,190.31165441544468,185.21671472685745,186.13518998325324,187.09019766100835,193.1713391493608,199.344712791372,,,,,,,222.50736038590236,225.10239981440373,214.5651532478459,214.7014134062839,214.18476456839653,225.44484639429953,224.59208975042768,220.77185675672234,217.58535305015602,212.13491813061933,215.90480840970335,211.6117211391839,215.8655445855276,225.07270952354324,218.61267372847786,211.07368804024512,216.83928648702238,209.4084173588439,211.61177358640998,217.63376598401894,226.77803279156905,226.4464788760721,219.74234099879774,211.60089294625007,210.94317616814232,209.0060777399164,,,,,,,,230.71427203639362,213.30705491028445,211.78714724564276,194.38907880276216,196.68524237365295,211.6457809372086,204.0533241458614,206.01162789371347,,,,199.64444977878264,197.30250341415888,195.87661744921473,198.44393513177477,204.6555704585579,207.18848937464043,196.46631240470896,202.7290304691933,204.12011474495029,202.70407394543994,,,,,221.39161405738776,226.3880593059017,223.6448823373958,213.0866047299178,212.13432911017964,214.52634173742655,219.37351959597942,211.60661027672714,206.5043588094494,206.9013876925037,209.30736926634887,,,,,213.01797863093822,197.4097367444046,198.33114431930645
669,2017-10-24 18:22:51+00:00,247.74478498122113,246.56564409269305,243.39150568231426,234.2388918692007,236.49882410893588,239.1902802600908,233.90289284042547,237.95316674341876,241.00635168909417,239.34713706476145,232.77897606176302,224.0691036022747,215.8483924886848,206.07106603712975,198.67191361626567,201.72227129106358,199.5810659037746,194.21085086613246,207.92055555734726,201.22548247789103,191.01098313161395,184.41023848795305,188.91188309551836,184.76327473138502,182.54849984567173,172.11199840181757,187.0359328480036,184.82263322648492,190.63901942540667,195.75652513307242,188.33868285270253,188.27627780052478,185.91370097298727,190.33983833049635,184.65986137894032,185.03276128773484,182.43079513714088,184.3085777588423,181.42165666078145,183.81333792355036,186.786075680371,168.51780406405737,163.4310593788459,167.30462199916414,166.23971664950352,169.61520421469902,161.08683395940736,177.81547826856587,175.63538033172193,179.80407154677107,178.00363307350216,185.21307673396745,196.11781902958506,201.7814266788572,198.47011977557568,204.92395995572247,203.4171231164028,198.4711940066577,190.83031527108622,185.24060764196668,187.88367069471582,188.6848755538162,192.11634490376687,197.54596057827837,197.13041268547187,192.13084135873737,182.69939230430046,176.12604800040583,173.81565344769785,188.7082850231787,196.40231003200296,196.09678769722927,195.8173683629189,205.41641965090272,199.7636640849764,207.42746904243114,203.5522223119234,207.07079648273782,215.86963196895272,210.5302114154147,207.610908771235,205.50000843424712,223.0994103004561,213.10853356181127,210.8390005745564,202.1649575283575,206.87290505469184,210.18938891095792,199.07456093026263,205.41407361319864,207.9239752181505,202.2059893907975,206.21654325987035,207.9292427716476,193.58943365459186,200.03409675074363,206.58899867861032,206.3672053708139,207.76960064562402,210.76048516586974,196.72095254669597,200.72428813776497,198.22951361737523,197.06969624975034,201.7304798475677,196.26945293801208,211.90181906704754,211.67147863781486,211.4117783009682,211.7575874280064,218.053292459766,204.34891101144365,200.69052708704749,188.98446499415502,187.14084192104198,194.438757273244,190.7094073733511,182.34487844616473,196.19311518180996,197.41102488210188,186.15675689882488,184.07187190593626,174.74215685364817,184.26358201197823,183.2552106150395,191.34544847277084,191.35004809791258,184.69183733391688,192.32079638669882,190.11056726923078,183.0637249549516,182.96444493650924,194.30339838323292,205.40942626612764,208.23706465690253,202.13859718630232,209.75730441731173,217.51883616161683,207.43147936320372,198.5257213304851,203.59028977169902,208.6100883117154,198.03756889165288,191.42259216553398,193.1839815077966,202.91298132561064,204.85746123293475,208.28030794511744,199.35576021578333,197.56194992786214,198.44807245564402,195.50203100819127,185.2663971699875
670,2017-11-25 18:22:43+00:00,255.91702483801774,248.46689225246496,244.34560854946596,240.0097872497983,243.5691241836875,241.69418642554433,236.66954644220834,247.72050581765842,244.0073198544685,244.5447342271254,233.98666428571096,228.7180928466588,216.78427802965984,211.8020767944647,211.51459068946724,211.08389281855864,207.5761817284504,204.74059960610305,213.84565489822756,206.35311554852555,192.83615671441208,194.0729385796249,185.95161600113852,196.00073197371867,188.247182107748,184.47965561933265,185.5373509099855,186.55502060830926,,,,184.70358399920838,186.2563307462279,192.3826538418291,193.0704459059083,183.67968873980823,183.1297293747411,185.47919291722738,181.92724613219502,181.60793305080466,187.74686059060826,170.59918009515752,172.3011407483931,176.00501154179392,171.48237149296918,174.78016389317207,177.47854358312293,183.53600168040717,189.83512855807322,182.62327718046234,181.34643391544412,183.36652055705787,201.1600971626334,204.3276631276094,206.23980485845502,205.01013716939042,211.9169896213802,206.0804029228271,198.76859028118537,196.60939706964012,195.0927345701249,206.03761302665188,198.84446362165136,,,,,,,,,,,,,,,,,207.60156858306132,210.92349917896513,213.34584310968614,222.57223334053134,223.62657986391358,219.15673181957888,210.99793078182785,212.99340460174292,213.65177609837534,207.76947123421863,214.1830151077888,212.2477795465855,215.06554241573343,206.5260104538869,209.2484477133209,195.87791171528715,209.15043130495667,208.34264893078074,215.511167563298,225.46658914574118,216.59950426904123,204.796036064906,209.51449473222328,206.82637484903992,199.66176660406688,212.91554024794993,,,,,,,,,,187.36063341300655,198.76865582050033,193.48453083659464,190.0137517935493,198.6352123090878,198.28364480028358,195.06115074432506,195.00537567314905,193.82480982929462,191.1451075715897,194.16233699668558,193.4312248499748,196.1414673430644,196.78591869272609,198.8478643003394,202.0544145705682,198.57365317733132,195.2746496184875,207.17354196033318,211.91200835184796,215.44179575563345,218.12399851515167,224.84524449001165,226.84084771102698,216.84913381471355,215.08178539040878,211.3712391677635,216.21594243771645,213.92923017446876,205.93760197285292,205.75067505096462,213.86327316100994,218.46239087759437,216.76584142570596,214.76405844380363,217.74161755211742,211.24800998670548,201.66872477986414,195.33622081618978
671,2017-12-19 18:24:52+00:00,249.7479372937818,248.85856544039925,245.56765206723185,235.9673673148012,243.4468537885456,238.31152299073926,239.79561651347737,245.4441709546381,234.60900670194428,,,,215.63866736697605,206.57087041550858,200.6397047274702,202.00529717448256,201.82935201604164,192.76903625320563,207.79659603642574,202.3319423499028,189.1560848302234,186.9090038171189,192.07312930089472,190.08867689044428,191.2559200034264,182.07916372053978,,,,,,191.28765715239354,189.6642785472605,193.01444469909293,190.83226404755936,190.14669880741633,187.6393786818515,187.10304332201846,188.79502821304825,188.90220620995666,191.923943794399,171.52704978517187,166.03436266190238,179.7643719298893,171.80403109037152,170.81539388669597,,,,,183.57531248272326,187.6415620326764,199.18036775450167,208.15222617504955,205.25158753576073,204.83635241974247,212.92019593576325,211.69941422704326,198.5428085270848,198.62665912050477,193.02632078190243,201.82733521840836,184.56543532194587,197.09349764143604,198.131611965036,188.6562905381749,189.0168166569316,179.92046241313233,172.63599048274483,,,,,,,205.14615189035055,207.3706699800452,202.0614162893595,204.20173336897608,200.69695041745783,204.96252532253436,210.9502328623681,224.59694833605795,221.77650321438347,222.62970986895684,207.74627787537253,205.5365103999527,212.893890742562,206.00277252590718,211.8793276153353,204.67330989643352,212.52967772802714,200.78900930754966,209.51014116430176,207.16685205510714,207.28550961310182,213.21411773627852,209.33556116109747,219.91866363330274,207.2018037294113,196.6576480005225,194.15510995250023,,,,,,,,212.77534672952174,221.87032336684206,215.10701743178112,212.8421248849254,210.58049286620985,197.5435672355253,193.8005449593557,186.93906538866216,193.94212397502693,,,198.30507761001058,196.01728872110252,189.06695345690497,191.49609287743334,197.58146203452537,198.57664363118928,201.36553732844573,199.01368642987825,198.33184497328702,203.6704094232332,,,,,212.40165794598965,217.1868991780826,222.72706476105589,224.81152599609592,221.53251800606873,211.00751046127684,210.6837486597638,209.79520162681285,207.22467890897946,197.30244801067977,194.65970564170536,,,,201.56063040334345,201.4585040834187,195.73648698989916,182.94434364380106,184.04691164860088
672,2017-12-27 18:22:43+00:00,261.6533039570037,262.55440571669146,255.71206333422253,249.23362040160868,251.53868358074322,251.1921858831054,245.50198277698584,252.57701488259002,255.7552497869814,252.50044251669175,250.35534751815828,241.6375960186398,233.44467408585302,223.9442393779887,217.47983454723436,217.6655648535933,213.5172511039817,212.21739904680004,220.82775793746725,209.1868492661104,197.8956986489654,198.73268173335265,199.2043302169054,199.90193420096324,196.46241789282055,187.82950837131926,192.4742476827584,194.60427335184474,203.24605435728546,220.56253035160566,198.51172246557547,193.81076883267184,196.10328944964164,200.16147759344926,202.64127041840004,196.93128747635018,195.4668516952313,197.8539358653977,191.89377501655483,192.28412555594818,196.10135093628264,180.28023394708634,182.07450394835246,185.615143697796,182.08260772686822,178.5620694924915,173.43251373820775,183.3101801086152,187.39268694174555,193.67992793157967,185.36200076193612,196.38772293825411,206.31356743826962,214.29402182294376,210.41267786511594,217.9856588707454,221.09065859461674,221.00638535146965,209.48805322289104,203.65669377997273,212.0707019824002,213.04236183529912,202.87157059449817,200.98485820244161,200.8116841252541,191.52573705912152,191.9509080101107,189.59019694865626,188.7398053716769,198.35320361658208,210.6247154164251,201.76681310614097,207.0734030671516,213.17386909425255,210.6075805715936,220.13891153412237,218.96262852384183,220.06620640091134,224.97222843178002,220.9151898884816,218.23712933059437,219.47539967814677,227.3313976651554,229.529066781567,230.1739536025584,219.68044112684112,224.87179163748144,229.7816215140329,222.16794482478642,222.480693279099,231.343741345222,220.40765641191834,217.50699658674176,227.01562136213587,217.81081519809877,222.47926147452034,220.25776760854288,232.55842788762865,229.34979487485887,228.5093881708317,227.78885049242444,222.87720931111653,217.9103192819755,212.01757072687565,214.36257559146836,221.71820176883747,227.25504839609548,229.191805832468,233.9407239214027,234.56890540984017,236.96715459211663,227.59621557093666,230.50817001091445,216.91569633753,203.73981792521883,206.0592525032714,200.82392199670483,203.182052683053,212.5432641045499,211.8990409072909,200.42328666653182,200.147939822486,198.5607422490512,196.8895548201561,202.93453614044452,206.3454399812144,207.8890562783547,204.4727902914816,207.09373293124133,210.29924375817836,207.70418210740465,199.1065940757017,201.59625909881757,209.4882664183636,218.319966211946,225.60740113727002,229.34090934807102,236.15485889766305,230.61104546719508,220.9296507814659,221.80015646248557,227.63103174040089,221.14614269112127,215.4740990238915,216.7646636109878,222.48677417659331,223.71160490763282,221.80600965733203,219.11239754522316,222.99287110935737,220.24705005585736,204.5779602788,203.79475305838542
673,2018-01-04 18:24:40+00:00,,245.2539216290527,234.2300849125991,228.973086074003,230.58428613314834,233.6425801691413,233.02956374388202,241.0951393235743,240.36748810289566,242.22621210144723,233.35279330258135,225.05533769407606,208.03433773970175,199.25248690975513,,,,185.86795015460507,204.31244686263057,195.4283766366516,186.00524667850527,184.54111131403454,181.49326694427458,188.20094975908796,186.81311187793918,174.1825500995866,172.34349307308455,177.97893416162924,190.15455011240687,190.30144834953268,186.2898576669777,182.25510584059515,185.78323101259244,,,,,182.90538394519493,179.5207710939893,181.09000521220852,184.52277459518322,164.71551245291943,157.837755215258,166.00713049733125,164.49644825142335,158.88643547119108,157.16349354937435,171.38961782783701,171.01671144873325,170.32318532354748,175.66041294585352,,,,,,207.33383560196773,201.02552988714598,192.5424720888618,189.74863642385645,191.12983365523593,201.9148406003644,185.692805268011,192.66303501495767,185.4511646824012,,,173.76066162306205,,,,,,,,,188.69627392305114,,,,,207.5505291249537,214.1347754113615,209.05687329740715,206.35827462118476,203.7218334018122,194.98179764898623,188.00189149375308,191.33049292096743,,,183.76883227869916,200.5706071829871,194.27857488155612,,,192.41484571989733,208.61661224078446,203.9351824012758,205.24646417646855,194.48342776333936,195.74119424099763,201.28950261384813,191.0817833562171,191.62440322258948,,,,,,,,195.64540909652268,189.8698334474509,179.07081591650885,186.8779284993317,181.8986655784919,191.53116970089962,207.02425579262126,199.8951547992437,194.79637595508007,,,,182.59989289020794,191.21067694364743,194.4350233125612,188.91398934956055,193.20918764660198,195.93699806491574,190.4065369917716,186.70668558088514,188.42418504234257,197.23381263012706,201.10565175587104,,,,206.6151072905846,206.45397587366443,203.08868718955677,201.66556236576216,199.71087859241874,189.43838401338425,187.370213950533,196.77028036394717,197.35750634036066,194.116467352993,190.27700856017037,,,,
674,2018-01-12 18:22:37+00:00,253.55269026234322,251.86917715720784,246.24474965259714,238.10370306065133,244.0799474747589,243.0374578169077,238.6717664315682,244.7572124558846,245.63694021311574,247.38131129850524,241.29463692375813,233.95212520031112,220.43976468875928,212.35323639336883,208.36009867579307,210.88800389071454,204.63609304914104,201.41579192323485,212.29140354044324,204.12411854770974,194.00778913649867,190.87094630588703,192.51048144737348,193.8743717521783,191.06190348993783,183.63719116939842,188.6400331701903,192.3760734132442,202.46874882742134,208.9950296860818,195.78098474659896,189.12717064643783,190.97841654232545,191.79932327013464,193.57773943042446,189.4415735291076,192.8898023163283,189.81780224070047,186.0476679097545,182.94499892656148,192.43622863440004,175.58186925985652,173.28844923922054,175.2467785384688,173.20209371809088,170.1384517283749,173.8706253821362,181.65274652646102,185.1034948837492,183.25827670747557,181.21763048420405,185.06972218647266,197.62672993878078,199.75499262160264,201.3514875839788,207.0505329157674,208.6227322803552,212.23153352098564,196.4238089282835,192.15377491421935,196.13779666246575,199.03433134965826,198.72794649288704,194.28840590860761,196.19385516112214,196.6141106316548,198.00665937082388,182.11465065563397,185.19684607257275,205.21859078572314,208.70211684509042,199.40146426172953,207.2267745520422,209.95814307272653,211.83031595483087,220.04850527195418,211.82533386665114,212.92678880161583,219.00585046205424,212.82724972189953,212.6477172429714,211.50798724422526,225.01425356089885,220.79953678321914,223.5419687138676,213.126081464792,211.61572167471132,217.61156398346037,222.67462523142535,220.44421242451975,227.95808051927284,220.49440785539102,220.67449841644708,222.32950574794975,216.3163124393397,221.12649337651865,216.98754186290654,221.64020283564173,228.92069085799227,221.54761376805084,219.27467467995737,219.14607310601025,210.27794432411355,211.68402794648736,215.0783759924823,214.93272236177577,225.01133703478035,214.67885347810852,227.31748665132852,228.90787469612215,237.99090967023545,,,,,196.79574312203326,182.85404787909437,189.5101656782617,,,,,201.35709759623734,199.123607929478,185.98290161459937,193.36751730518137,201.35868786705385,195.80331995508348,198.47321324508954,201.38597016707325,199.5037728738401,196.29845635032294,195.56844236312816,205.58881122559313,217.58918099427325,218.3330982086046,220.6486873490933,225.93070636532326,215.3925529082541,220.92127511147726,213.09005298384946,209.91760620067458,203.29692318462946,203.49517583980744,204.76073430126317,,,,,,,,
675,2018-01-20 18:24:25+00:00,245.66826415599968,243.90004079618168,,,,234.4438818579565,233.46261716790906,240.1241165450885,238.24265715910474,232.30571408430012,227.40344670581948,220.54401896503774,212.90334436217506,202.96906180356308,198.29704279291627,203.04200886204197,196.97190554369917,187.30063060649871,196.6649801181976,,,,182.14909844429127,184.92523013555285,180.90894367954502,171.47544609868635,176.3630657909258,178.5019476206951,182.64828347946388,185.78972443620796,180.27019942443192,179.31551877178688,182.97018664742757,184.10457493109215,186.75254518446962,177.2417736778733,177.84868422316706,180.32280408392245,,,,,156.04949732183445,163.30322215556285,158.52130964777058,161.63477896511614,151.33823913912016,164.80120519164257,166.74195337677895,171.717973440552,172.2100586201973,176.85354253593908,192.01953842192532,195.4395423926124,197.88594016829927,195.61492065990637,199.47883438778862,,,,,,,,185.5171100589984,,171.99031322248112,165.54288864565416,169.59576805208903,181.15065258432892,184.1298906987551,178.7000245659866,180.14552132465676,189.0555682025081,188.72643187664693,200.38554261414987,195.8368390236284,201.58874115762163,200.82184150769655,198.14795630111345,199.9090385998543,203.9868504290566,,,,187.74334370027734,188.96545043477403,182.8461932022713,191.69665902074314,203.64936490853958,203.59309423261303,198.71916896049137,196.2152897880887,197.26434733932405,192.6098277600936,192.44874524354196,204.82388040652773,205.73510959644625,204.9118448770621,208.21227427945394,195.35490297640632,192.90036178726896,188.49310679846286,185.29399761174892,182.8065381268832,199.3374067864732,197.5575033368802,189.9700566660045,201.34175609644814,210.0882631710834,212.74104584464834,207.37821224382773,200.13156776233748,,,,166.27705201729793,166.11409767370884,176.7280052726469,178.351461431556,166.66745382695728,171.45458272306882,171.2196086938206,168.85264545801618,161.0596757256397,,,,173.3746563454471,175.31313442776607,173.40011591797628,165.39666822903007,161.77425947565752,183.73299633816984,199.73072393147066,203.2760016210544,199.1616040018847,205.73599787550637,,,,,185.19074772051118,171.7337030108942,172.72296046091424,175.21342145014984,173.97348800061198,184.82440981192428,185.2401537015467,190.9034811068624,188.17587906250054,173.3999246248133,168.8434012891506
676,2018-01-27 18:30:29+00:00,,,,,,,,,,,,,,,,,,,,,,,,,,,,,,,,,,,,,,,,,,,,,,,,,,,,,,,,,,,,,,,,,,,,,,,,,,,,,,,,,,,,,,,,,,,,,,,,,,,,,,,,,,,,,,,,,,,,,,,,,,,,,,,,,,,,,,209.6591736585232,224.09983045657984,225.83468449393666,229.46979349322706,,,,,,,,225.5506115427558,213.1338089639109,215.82414328222364,202.43897054639223,213.42309319521794,214.3007492948269,208.67135736028177,194.66753407768226,
677,2018-01-28 18:22:28+00:00,262.7612529984857,262.285633491819,253.82409795404345,250.49053491653,252.03295412891646,252.10266985038803,246.57543187469096,252.2508292453906,258.29361976905153,251.68061340060507,245.5194630367718,237.31368722023277,227.9198853404618,217.17500433466952,215.84521518998443,219.42220770252976,216.10368473717108,206.06257738204442,215.96447066589684,211.25783927495814,203.99635115336798,198.29525886501222,198.20605036701485,198.9735599162526,195.15854795204285,191.29816059485688,196.09444888433734,195.68346901826672,208.37384000445138,227.1267949386435,206.22135132562198,195.494943914258,200.38609801052962,201.66953723606275,202.5502222030915,200.42675802337146,195.00674474782858,201.41177862589467,190.1190043457509,192.8243105140782,197.61958051240475,181.92753505647286,178.104351854426,182.08993892780637,178.23916939745106,177.09765786611803,171.5641479506274,185.5556351234836,190.49294054969607,193.09818961602772,191.12254990401402,192.23636807390065,207.89470921026316,212.0748883292718,214.1670815399068,215.943240905442,216.53568554993097,214.76296189470736,201.9671676929556,198.667913590458,195.1490686527918,193.9195213997495,201.98972113192409,202.23425851521796,201.18209151218127,203.30089590033293,200.35148948428224,183.81221707356528,194.93074632333662,199.10290875986678,205.47098215643874,197.33385161204092,206.3640546573998,211.53507501779063,213.50779502550483,220.2055965887,214.182666178187,224.00534858727346,228.08745974870172,225.91871849499398,221.6705131552847,219.1820364744185,232.35017423964814,231.75040501699772,227.69399399639278,214.1947661821094,215.62248016910854,213.9081862976415,222.49849954344626,235.0072163368209,237.1027316201382,226.41985178578227,231.5669392118752,228.36757296439532,217.77611418976366,223.13980793153644,219.93932196026483,232.6258193358209,231.54852439697063,228.1642273597792,229.83395491243013,225.14318041084778,216.16546720366736,214.17563373972513,211.68912051509466,222.3109565515921,234.5665050695277,,242.89315844826564,235.12375464406313,243.67517172637702,231.40600260586683,232.47889976976222,226.05245039047,220.7698491728963,215.29718102140163,196.2963713972022,201.50864235576918,205.8573266349606,209.33177447160608,201.24081834652821,195.38279815031945,189.34118327609013,193.13139694458744,187.73505948007923,198.7800651322741,201.9718500668433,204.68864272146126,204.8899395170682,210.10472268379016,201.64548421189147,194.30607871200752,192.84963281559038,208.76937170678772,222.60873112598773,226.27489558324515,228.48577140703298,227.6148537785998,222.68945684434968,216.04716803768628,209.20230896112972,215.56263232184435,208.37909601851388,202.04103873802717,196.10372175621538,201.60872678616948,208.0106045408794,202.64210562316782,214.14537103777636,209.9508657213538,204.0549755047993,195.0280713138087,190.16554641197965
678,2018-02-13 18:22:22+00:00,254.6215055309867,254.84578876959543,245.18084374803325,241.3717108498322,242.59566393419774,240.72603095673918,238.11130458911592,246.8894848761976,248.56004186815284,242.15108772920843,240.221822633911,231.2085589782218,221.43591516677546,210.1534180636345,208.51033662231913,209.39531262354149,,,,,,,,,,,,,,,,,,,,,186.8378931962647,188.01677464260166,183.3618298031112,184.28471291918873,191.7574678107662,168.58636086835844,142.34712927507172,143.0378359194985,137.34506257809187,,,,143.6168466619789,137.96326288670522,,,,173.24977648711598,183.04447578603316,215.3974644287809,193.7909100170466,189.32529880005308,195.25439062085115,193.43458710949022,189.6832720895057,188.96518092332536,198.31616514948684,198.3140475279292,201.19330458313084,192.30133335316611,188.54701306085775,184.69623104399722,185.88917288160474,191.21824094687733,199.57463990607334,193.64773851296738,201.4303529560315,205.1794502101842,200.8001459711978,213.2428950667648,211.8667789504851,214.3970203290213,213.63290291923107,212.72479412272628,209.7537119249695,216.21418803997085,227.73415952960613,223.73419070075443,215.03074624558576,206.83370044164877,207.28573171373029,204.37091423308686,204.15417176693816,217.91114688221046,220.31559168056262,220.8956694401008,210.9133313502082,219.23780467758542,215.44209075305514,211.16559679248562,215.96538816787907,215.91078678904518,226.4558362371374,221.4070733729535,214.1487771507895,210.0484293668406,207.43096136672585,200.58846653828692,213.44951582345888,208.2674889136337,219.6516902237516,212.95461100663863,218.1688063923699,224.51036362041336,228.82215064387543,220.31832802608392,220.36400633691963,216.63404824290515,216.8197958463083,202.97371985886554,194.64459834627198,197.92128797224814,208.8939342502003,204.7031758021848,196.58908572789753,185.083106105284,186.6416351224758,189.10914873576132,180.72847036472572,197.86040503110138,198.63918369054,195.9100694065838,194.5758123212899,194.5848090929813,188.37375644770444,191.78211284038142,192.84296235723534,203.15515071899898,207.63425387773395,217.56485458900906,222.0390400984248,221.6368963908266,220.55226300804244,205.8861677351129,205.73863567048096,210.15732670327446,203.03500637863084,196.78752518888476,191.3423778366073,199.772805971255,199.70864686605944,198.72939843721826,201.09570384346404,207.95141979515643,203.8965362628133,188.97214949287203,182.55025901446382
679,2018-02-28 18:30:06+00:00,,,,,,,,,,,,,,,,,,,,,,,,,,,,,,,,,,,,,,,,,,,,,,,,,,,,,,,,,,,,,,,,,,,,,,,,,,,,,,,,,,,,,,,,,,,,,,,,,,,,,,,,,,,,,,,,,,,,,,,,,,,,,,209.5442448141245,213.9623477656574,197.55237266683758,202.18298460465954,,,,,,,234.87909943989666,239.50137765268647,240.91980805813554,234.6039429611423,214.36503657175507,216.13179848933294,220.13287868320344,211.67485373325457,,,,,,,,216.73105047084607,200.90502636538605,195.1246309313775
680,2018-03-01 18:22:15+00:00,246.75246187535453,243.40626101191202,239.2740738201698,235.92868984506597,236.6450159254408,238.31559109813574,235.77781063315695,241.1134143402246,241.45003715529086,239.393147109383,232.11632493527986,225.81399216940275,217.0165166436661,209.37647347867522,201.08075032655768,199.3757316870322,196.30678304458652,194.81362356904663,205.24592005274513,197.6885542953434,186.25590540076664,187.34069114515677,184.340753713158,186.69559040134556,181.76537468637025,173.9737414076506,182.06010008092755,186.29587384845644,190.1986957799421,200.35075676954162,191.76439588035112,183.26015802783408,190.1607563042649,192.2610661958355,188.7324206671297,179.45312871712687,181.14532237150064,185.63559460488455,175.82508594557586,180.4565869046723,185.73748806491642,168.61091822953847,164.86353874557108,167.41422162669664,162.2172249963062,168.47768078039306,162.61748892959224,173.71249375394387,177.97038595037316,176.00863095283063,181.50774206706535,182.7527045236764,197.71837441380703,196.17797449011792,196.53026562964806,200.36902820649715,205.83275243513765,205.28770710503346,190.0747692608842,190.1363772874113,188.92917085473925,189.2284306831082,192.75658961098077,196.28040401738198,197.0044459435697,192.07509855031935,190.28675258197205,177.49333096608737,181.629023416782,188.50137649062202,187.76326499106992,187.50534875721618,186.99466415478088,197.22241338813154,197.62730915971616,204.57077525396028,202.4744511800684,206.2024798605085,209.84001269888913,203.4575315882751,207.99509314215337,210.64096780560124,220.1193931587011,219.2542264695303,216.44135515729386,205.40498727717488,192.54177381691963,196.35949692087726,199.3669172690094,212.34024885605382,211.9500143881823,216.25694276187676,205.98149627894114,216.93534040712865,,,,216.69990627316122,,211.2546617908814,205.23028228145859,,217.01555058044255,200.40123748684175,196.0660313301875,204.1216645637573,204.98226874574803,193.13261949701916,214.1794567499348,219.58859349412876,228.92814332622896,223.4106471905373,226.26365992738351,209.8466947662872,207.7653841465218,200.7814986068163,193.85771191256546,203.31681227620032,209.12862231844414,205.34280298489352,190.51640542393812,193.59192573086892,185.9890873755465,189.7926473527321,188.11207857077906,180.83065378108998,194.09397455426267,192.56697912285938,194.90601849844836,188.43352949174073,191.34600495942516,186.3884165546528,190.14407831236844,200.36032145870752,203.94417850903164,211.9292150761827,208.79258909195266,218.31240680738233,212.89232661017184,206.16892659948337,200.33707402207895,196.97055126145023,197.639471308027,189.33707879637763,187.81738633078885,200.05152630961186,196.0262084153432,200.02338505604524,198.79534391348352,202.92732129873934,198.83476201302386,186.95757602916103,183.85840877861273
681,2018-03-09 18:23:49+00:00,254.67768624496375,249.84669041683793,241.1549396187439,242.91349953518178,244.49560329134982,242.8728077758651,238.6369897194401,243.96555043752167,243.92515663252993,238.86971974018402,,,,,207.27176450827443,209.88151302968302,203.5725420206697,198.35908455403478,208.58488391101292,198.06907056958966,193.36557087008455,190.93428569682402,195.28578265431386,196.717860147795,194.74290598516188,189.7419231130434,190.8444629790004,189.2266356475316,,,,,193.81928203977972,194.21203232709462,194.37453910200566,189.404323919049,189.20507468718088,192.007154214536,189.42212274172908,185.22449094945762,193.73295551140063,172.11706338848148,172.1310226906611,172.92443486789057,175.8792318592356,173.88758808682468,163.75427653346486,,,,,197.33735337927936,200.40263991215772,203.68631304388293,198.59043467683,204.78234034607658,206.8578279898783,200.38213808585834,194.53450824703455,191.5423944341305,193.66760292435447,197.157202105402,187.63850063802843,191.91685242336948,196.67934053939894,186.87536338224533,194.2783456348982,188.49211207256667,186.20174461250593,198.3815907960075,204.22331811294217,204.62480682213126,,,,,,224.39180115086523,226.09264370549957,223.00246964847037,221.36378237948435,225.78782057556674,230.98421915391216,229.15167959472905,223.54960691661967,213.99675643115535,210.08152857409158,211.2455092804758,214.36983295698278,224.53224349882106,234.8627910062496,220.97172534854406,210.81681610602033,224.76874415513836,213.52972426823624,217.32538321781118,217.05677518421382,229.51650464794534,226.33081876806537,227.36445918366167,223.95025325695613,220.6312178612245,216.197833560608,,,,,,,,243.7996513067358,236.27336962672882,232.3336841214017,220.28406428182848,229.25129344483761,217.63864721960337,207.65116457274843,204.8115002054728,,,,,189.56621092205796,191.37492105484068,189.5260477976763,197.37826559226716,202.07737765972288,198.02411844048703,198.36249892518163,200.7820455875477,195.64662211896012,,,,,221.27732094770852,228.5211044485372,228.13047230674897,222.33535037669697,212.80753672569966,215.2650718185431,215.00968874684293,211.74663821632083,202.44355157749743,198.79827138841276,,,,,,211.11755024180604,199.26720232091628,189.06845691570254
682,2018-03-17 18:22:06+00:00,249.34256887087844,245.35971119648372,238.79223829973827,234.7645724572929,237.18446568742286,236.11283786445668,234.39639699881357,244.82821115997575,242.89536621983933,239.27141404375777,230.72159202576867,226.07251456603188,214.1195043837846,203.67362672009227,201.23731264176465,204.30222126886284,201.65134525802625,193.21205470481493,203.9193341234843,198.32251897886033,189.19489733596853,185.00269089133877,184.10243994461905,187.47047901179033,185.3918967501662,176.3029100507402,179.54230545924264,183.64338103192566,188.17999043426215,192.51074692768117,190.08826746261843,184.84729168410803,188.998869181201,189.52339710733773,193.77273149674238,186.89033231674628,185.51291354131067,184.54585803841272,181.40967182021416,181.60510703444422,190.2836438584917,167.266167888366,163.0849800185236,168.89729043066473,169.55128323305098,164.14804581100972,162.71000338941155,171.69957153643594,176.81336143310364,177.85988995157896,181.31621315452446,182.89608741517458,196.18509180482283,199.4169380985697,197.94417799966675,204.03288239833765,201.5698757607296,200.2045402321259,190.7110257179587,185.33306251429107,183.8620164487893,185.5970860962702,195.65168617215465,202.29790513524,201.22211293474436,190.9562210358773,190.82621006508055,186.41137037128112,181.91904536071354,190.88420197723644,196.5098521241426,186.27101372603877,193.2128946161411,197.75538609910035,199.96548008196717,206.7143640541253,210.5709781039589,205.0108855832142,211.113186499872,207.52220409146938,211.8146778093781,212.91965475805958,225.71945464345924,224.91912646339287,219.0876216329798,204.6672322198733,202.4874842608464,205.33896144432802,206.95911811674128,210.9224930317297,213.85923265162913,215.9807949086221,205.0763735834749,218.6920819684122,211.05917591571693,218.3036967376745,215.39598387796664,213.94728557475997,223.6535436614045,217.29697200855873,205.04785958226194,215.40528740120084,206.8702975013374,203.54023616105633,205.35806072536423,203.59178232813716,217.6267931256687,210.1086095287068,221.32632141132814,224.98756182150782,230.5668339780409,226.17408381397283,219.59395191384775,207.49122995438688,219.68505366697116,211.07974280757804,200.5648733784609,205.93796894226628,212.1880350359084,208.87310123677605,189.13186253543353,188.5388883677786,186.98761255311064,186.39774825708167,182.93991373569645,186.87074212218704,197.5999469761,190.7866009659835,195.93169338118702,194.45076157978067,190.8736215275893,192.94700342908152,195.56776924230394,197.7665374056809,212.50019858362828,217.79047632705868,218.14973410350194,221.14509691272207,216.48422526495034,205.4045527876324,208.81996267656615,205.47303386859676,201.25895415666963,188.52714031919237,190.12666978049793,193.31088760409907,195.86454007745579,199.68100265736757,198.89695423362062,202.03257243627417,200.30053653090687,190.13797938428326,180.88892173912444
683,2018-04-10 18:23:22+00:00,260.49072394453657,258.54368091509787,252.46459085761475,247.52289569261308,248.88494933611952,247.83471311362078,241.74631443318492,248.08792523356053,,,,,224.31375707399445,215.7817531794117,211.27759755384176,209.46887332844256,204.5013459269295,198.6192724398332,213.71774787124534,208.38115043387702,198.56993215323712,197.77385536065788,199.89744839966886,198.49125985981692,199.1363705812908,185.7125478084146,,,,,204.60774183098454,195.36709684409678,197.0537582671743,193.4133791928305,194.87386187382043,187.91422272563,190.275241716232,190.78494591117664,194.19084407481188,188.46643992735414,192.64793982507456,171.36475849718744,169.528118396531,177.83226310929035,174.38709642100252,,,,,,189.941806408452,197.53928829997997,206.49081948352332,204.4741661969622,202.9216908625994,208.84006570491732,205.0619618955287,213.04802108710567,198.93213711641437,192.85676983304688,194.98056234627455,195.28188687319272,192.84632767976512,201.74204806145553,199.17028771422565,199.48290607416774,194.05090050795133,189.4963262627491,202.22458455858288,,,,,,,218.13391656898366,220.45204042595657,226.1714341316586,237.09755280806982,228.12930055068261,222.61970601780024,219.88348491094624,228.0666594695108,228.43646060095756,224.09064636101607,213.50399440299532,215.16912863570562,214.70079281038204,225.97640452065892,238.76988494156834,242.35840493694923,225.43589614910746,232.5811189746075,226.57224874390914,221.1550328716518,221.72623368945438,223.66829305477128,235.33213474257533,231.36009635011825,236.8920845338763,232.9730159784159,226.2879644279778,,,,,,,,239.90839457896953,245.60109020220062,241.26937915097722,238.38062114103923,231.35143902066773,228.61870680804904,225.34888151144122,211.62682740704804,,,,202.60096685586257,199.60531240339387,201.05061647123648,192.51197743674157,191.78169393340545,206.84743540490012,209.89493295108898,204.8007628954078,207.20638157587263,204.79274557245583,,,,211.40441396109537,219.34670970183996,226.37330927639516,230.10274662083202,229.6218417312203,228.58077308934995,221.04912842000505,220.5960864454937,219.54982389415693,214.79250202496274,211.21986627035324,,,,,211.44013620172785,222.92673941380755,219.76363645012935,207.07677009673964,201.55569121065983
684,2018-04-17 18:29:26+00:00,,,,,,,,,,,,,,,,,,,,,,,,,,,,,,,,,,,,,,,,,,,,,,,,,,,,,,,,,,,,,,,,,,,,,,,,,,,,,,,,,,,,,,,,,,,,,,,,,,,,,,,,,,,,,,,,,,,,,,,,,,,,,,,,,,,,,,,,,232.46470021280254,231.63584177778426,213.43268942933102,200.39576014988117,,,,,,,,220.10126690219744,220.9756624059704,224.4764606191744,201.59284390987852,192.66727461248036,189.3122170364071
685,2018-04-18 18:21:49+00:00,248.81976263287896,246.53801451521983,242.56570049955496,234.44107736013012,236.96248711359408,238.92053878164324,234.2134395985193,242.0494440177766,239.81407774912518,239.53198893838538,232.9824765950592,225.83066240385875,217.00587111563647,207.3147997088275,203.67813374539222,200.21515229508742,196.55172694087025,195.77840545274123,207.47997875204584,200.61494096404385,190.61750006121656,188.1846535055933,191.662923978939,189.54862298266096,187.70853308569184,174.90538414120198,183.4426765625617,187.5105481513374,195.55725640350306,201.84091004151009,197.66372044955082,188.34705713939127,190.126545091406,190.4840020475221,191.84471550775015,181.92321948148788,185.19249308551298,189.44086847521532,182.77284891825505,182.9255224633476,189.25585367988361,170.5317787316224,170.33280195183403,174.07383267171443,175.09767464939938,169.17920035747125,159.00953677744488,173.77115362463772,175.53096383255934,178.33565017911485,179.78589309188288,181.08405896316384,196.74796057990818,195.26622119099912,201.66036012331531,200.75716901761152,201.94901903799928,200.04473629734997,189.819778266546,188.12934177662376,190.26727711405948,181.13376017148863,192.43898843101104,197.13704070532071,197.16344864300768,195.43998672481422,189.24166304815657,186.36943342426457,192.1830164941632,197.93094137638295,206.50234551554138,196.55166280530983,198.97833798155315,207.7098137336705,206.19416241803867,211.61698747033515,209.63687316791118,210.41499480609372,221.94684377433234,210.10632381925444,206.089443275735,214.35338552486797,224.37297538371507,221.28211098298937,216.93037177554146,204.28780576442483,203.69510237909125,199.48811045290418,204.49968707402223,213.11434488129805,221.14643247725363,219.83794284001584,209.7054169944769,221.09729027837253,203.20421046796358,209.70273511272904,213.41817843250027,214.53414633244816,226.40020003282916,217.6981073821699,215.39633927177002,216.6086402493222,200.8829020471042,203.3058705399215,202.18015270101048,205.26691383719978,218.9468944331206,206.93089443253496,228.94799079820402,228.41519721118985,235.50076310599152,220.60563972723133,225.92661713039908,224.1906506484059,219.02661956537608,201.67915464314763,196.82045542256105,202.39253651055762,203.0967988289757,206.11274102058223,190.37419567438172,191.19836509616977,181.74728650294063,181.5412998224741,175.53795009306162,187.30494294131273,195.09227771028938,184.50542896600626,192.58879624075794,196.77450878637552,186.20909093080982,184.5964462891556,180.79062464357236,191.62007411566861,206.37056426241332,211.11093170174217,214.42115305332266,220.90629444256678,215.73770594805205,203.62498535667095,201.5854810091297,198.65239334121338,193.99598579385128,184.15804572425984,184.88101104926682,194.3008811885457,194.7246337222109,191.2769289212688,198.95030338437272,200.91337777273998,201.53421842083065,191.05637436357932,186.24215138281127
686,2018-04-26 18:23:05+00:00,261.4452715537414,256.13821950270614,253.36266062102519,251.92306325384493,247.39575999310202,,,,249.3176501649603,245.40116685186936,239.27028650141915,,,,,,,,,,,,,,,,,,,,,,,,,,,,,,,,,,,,,,,,,,,,,,,,,,,,,,,,,,187.8408629071626,196.14376390104195,202.23270562901678,196.24837728512,204.13284834537004,206.1837958255615,210.99713512927048,212.72760424490644,212.77123852031895,219.2291863332298,227.8186012549343,220.3336992104585,220.13682925930155,217.27615215946543,229.31668525597948,226.2370240132603,,,,,,,,,,,,,,,,,,,214.74477557948046,209.72078085163145,210.06414108294962,219.3128685252936,221.0946534445566,220.03415869439212,232.1945351705926,237.84975297605348,246.68970615513473,238.68686701491055,238.7856381574332,223.38736297829692,218.12826031671187,,,,212.16825728146338,206.47860571869012,198.68439938316146,195.55248407839542,187.13101144018967,193.4115068125427,188.30982723957956,196.18946547139382,195.51055594926828,,,,192.79832882744702,190.66939311930463,192.458718490982,202.9150791669821,210.81515907698304,221.64812693303992,222.90410996355428,223.97928285010113,220.83557042035446,207.69242250248516,197.5085240947501,,,,191.93957371407828,200.98883425966102,201.19227466324924,202.12853969832992,201.6495449121755,209.41813991806222,204.26110881931783,193.48161188996545,187.1187307944657
687,2018-05-03 18:29:08+00:00,,,,,,,,,,,,,,,,,,,,,,,,,,,,,,,,,,,,,,,,,,,,,,,,,,,,,,,,,,,,,,,,,,,,,,,,,,,,,,,,,,,,,,,,,,,,,,,,,,,,,,,,,,,,,,,,,,,,,,,,,,,,,,,200.3157580582099,185.05330906634617,185.870476383859,190.4357427791943,,,,,,,225.49064394920714,227.04243985975114,220.82388763845864,213.23658871027837,196.5132741109816,196.89325603473253,187.66904593915402,180.34942923162436,,,,,,,,188.62428740063459,183.98740629635904
688,2018-07-07 18:21:39+00:00,260.2533563358319,264.8643473094452,256.9354454756711,252.4251116050121,247.5801738181779,244.129996453336,241.45156996323698,246.96046401218655,248.44067348719562,247.84858166118784,241.42145720013164,239.25673190396128,231.91432290585578,221.63453334282858,220.04093286906516,216.08422991005222,210.0248139685307,202.65027730347475,215.36872014202507,207.26981430625375,199.54871567319137,193.5086552636867,202.50271450214098,194.70982883478078,195.87770630470877,185.55280472372937,185.63177413658087,190.96366512316428,203.139029015752,213.18776798495227,197.3466582350061,193.98912629350582,195.77743573445824,202.6276569178885,197.35631437700795,192.34746480922013,186.83490719449185,195.28627414539284,189.6241560428719,188.36478424282708,188.3916730245382,173.7297845871613,170.06678289711186,176.28212256634805,175.2440856451875,182.34204004685193,182.23190361549382,197.67746397962094,196.67061836596108,198.65671634145025,182.0298224907628,185.38599825463706,198.9105930524821,203.3770051500174,197.80898991380056,210.6445872321024,210.47930808321152,209.2113288963166,195.35060912781097,187.70334179393723,190.8813159127331,191.00736529166196,202.239978413531,197.7110543191685,200.1599493412633,192.83621945421555,189.38785025748928,186.44258255317638,187.54304477220785,198.52471768471065,212.81130597037068,212.63957358514534,212.3827626165064,221.0634541934444,209.70653924900307,220.79935106937688,220.92962560183406,227.2875298043441,227.6604714617839,222.14782183227896,214.69798415035137,220.61041996922248,226.0424713401471,227.01455077051776,222.96398988675438,212.73943400663006,215.1428555863096,221.94373563720575,218.73330568803397,226.46449883486343,233.3714327856515,223.47934547668905,212.9438803420952,229.99376491099002,218.2966186184364,223.59808281088974,221.31552809421294,230.32417701527214,227.18341111693724,222.48979761517592,220.04739534248617,213.90006227581785,221.87919880622093,217.84586828441707,218.9562469231744,219.42386224422677,226.49012179425767,232.12537538041397,235.43080329588764,235.41618360542202,236.76666610661917,226.15758193318982,225.2178738731564,215.25827094485345,206.97423240642618,215.5597210602821,214.20995662793052,210.3449871967888,209.4852175704462,206.80237855513195,202.85036554313405,198.59186270119034,197.44446372161678,195.65301231008016,198.24496120402767,204.3772606168229,206.18287647414382,196.7245214014246,196.71090222511242,198.6407041401273,198.12056642331837,202.03229847489928,209.00945324620886,212.81311898741183,217.211505826052,221.84751546590104,228.67355792362176,229.62981841625788,225.6689600078422,216.18258746761526,213.5478229229409,215.96637531668415,215.96256588560317,205.8369064957658,203.1720928626135,213.8031203007864,213.9887728666872,215.25203583570328,208.95853230029945,216.52452289278665,214.8254106266192,201.78637236915108,195.12992720589472
689,2018-07-15 18:21:40+00:00,247.45219398615674,246.85353573232257,238.50695349036957,233.8653756721085,237.00877103634036,238.75657708856946,234.00295489957554,241.1619054831131,241.36571548366783,237.84697253760305,234.07332980704746,221.6631163003485,,,,202.25917967819345,201.23940849674898,194.43911916991678,206.10484183023772,194.60644771631107,185.25656966093652,183.08129218364485,185.4056311352233,184.57728251221954,181.75155192538,173.01339210728966,173.4236260004538,179.63204407012276,184.8989970663947,182.3814659766243,,,,,182.90429238337674,179.63113494342753,174.8682439511398,176.78777499044753,173.0487067015161,176.74878374056019,179.91494845531324,161.85557952860106,158.31365839475373,163.78053891044348,164.45380874007682,162.25082621202068,168.80745980991207,172.60040094877223,175.1351679306011,,,,,192.60816525515895,188.48876966275202,193.76646966425776,196.93051955500434,192.85921907900672,185.1344080256537,178.55895296309103,182.2845330249742,181.4662335203151,193.36612910111916,192.2650936477506,193.99115261789518,179.24885969784296,172.94785706540404,172.6863190544663,181.65238392932173,187.88005078174766,197.33405112856266,184.90711292090344,188.91746553288212,188.79065162860604,,,,,,201.1009020288742,203.7162114625461,215.04837233200607,221.0703489609264,215.116375412863,211.9042551283648,201.32852547387355,199.1797860325337,206.58157316253607,199.40706271260652,209.91489447270646,207.30445039044898,204.5622803371031,200.52664464296922,204.64840744522394,205.59618352793208,197.01715568300278,206.66758460535232,206.7178333054811,211.46691365039158,204.77299587691593,191.5490624025262,190.70158255469156,202.54366268365158,193.45026886024016,196.20513797511543,187.35318007570174,,,,,,212.45341803120758,205.4297491163556,193.24420445656224,189.70965475088656,207.10644336243473,205.27794863596353,197.11387770176208,203.724110255769,198.52114811130468,,,188.9651113453499,189.5308386263712,184.86904709176665,192.60695448111963,192.24045525782026,181.73856273832845,185.35444737850347,182.9803900686755,184.0319151130107,188.02643249794818,,,,,207.03273513172326,210.28128578050976,203.6409059944046,193.90613911985366,196.97674050461322,202.19032393200885,196.1901236210956,184.47754628854653,186.66649377398568,193.71478167940748,195.69402622914066,,,,,182.52270627604588,179.66636259288043
690,2018-07-22 18:27:43+00:00,,,,,,,,,,,,,,,,,,,,,,,,,,,,,,,,,,,,,,,,,,,,,,,,,,,,,,,,,,,,,,,,,,,,,,,,,,,,,,,,,,,,,,,,,,,,,,,,,,,,,,,,,,,,,,,,,,,,,,,,,,,,,,,,,,,,,,,,,243.99197570882737,,,,,,,,,,,,,,,209.38044834158987,
691,2018-07-23 18:21:46+00:00,255.12316488541035,252.773010159052,245.30314907803046,237.98242521527584,243.46596185545957,244.91649494287262,239.74129950766334,248.3532070107477,246.74537978446784,245.31639465349986,238.94307548152952,231.66161358033827,220.27655298446342,212.77137463140798,207.1982468589272,210.07769324786904,202.96581751628287,199.19193891705473,209.5262132291649,204.62647344408188,192.53706266424012,194.08381906758945,193.12233682057783,193.3124893937695,190.59251616971224,181.0733108978484,182.71840581858808,187.10049272448677,193.18472164054594,200.8221262834079,196.13705226091184,191.67414808333126,192.01048190224617,191.11238147241676,192.33764679442902,187.69866956507198,188.81705304011297,188.71491809064946,185.26548408267143,180.859835883493,185.29370827990613,162.09559358217996,163.5555151156979,169.54800385491603,173.20319006294932,173.8888878688081,178.59355807582702,182.68100766365885,186.8123055368355,180.93670087032513,179.30968728965388,185.0262575716714,199.96434762293558,201.2026870751742,198.25971624907518,204.69151428762433,204.64791299857941,200.02378821658158,194.55148840358953,189.61497282554618,191.51370061275296,194.66639194672683,205.0475124194993,193.05854380357812,197.8017720421409,190.30395284903454,185.208444310628,184.48673733657512,188.18255407920282,195.6493712581044,204.62332652874045,202.86248702486193,204.72663004709287,205.2882448849308,201.91259497599128,208.93946852739725,211.22447875315245,213.20630136449972,215.8307843062571,208.59945552783762,212.5981684279655,215.19389448171535,222.6724577135899,219.62784129652107,214.53713031107262,205.68499565754286,203.32089482411544,207.21794491767275,207.7803875984556,212.51349904721096,217.6344264139496,220.9729584429337,208.58538853978652,211.89954745679884,204.4080617574189,214.85311675710022,215.43683919815174,217.82070902658697,222.24098784438397,214.75629122820533,207.39456717055555,208.45156312226814,210.05592363169006,210.36582259139902,211.99466129584553,212.09641966516116,218.6298666618348,211.15805542492927,224.54039890526082,221.76832889572387,231.1691897495245,215.99447424102937,212.47116924393572,199.8605074402184,202.28975356127552,216.97646436589537,207.45466124624934,200.71764062925078,202.2181892307588,195.47860263571508,196.56317090118472,198.38298696582237,188.67325421648326,187.78642606654347,190.23599870021073,199.46944420276037,199.32621281948929,188.78468156495657,185.08361517190326,184.93478212063667,191.15095524823965,198.16637975292335,204.65551241459082,207.38105631730855,206.77092396297593,210.46051230045015,223.4074307078401,219.5900004277102,212.6545788783567,204.50026364905847,203.34712443128973,207.23432697822895,201.0184564091683,196.19172440654177,198.22438183113596,201.84807015676694,206.15841541489266,206.88420636666305,203.56985453470764,208.009579119958,199.920922074605,186.68114862227202,184.58430205906234
692,2018-07-31 18:21:23+00:00,249.52176159773975,249.0949387485714,241.46776159234798,242.594682657614,246.78611775082624,245.2455702836495,241.31861680768884,248.56971305746652,250.74007590940886,243.110971635102,237.82615637510742,,,,208.01663103437977,210.43480150807784,202.81075005426874,198.22061577245216,205.80165806766797,201.87718321601886,190.1651475980488,196.5682000766887,193.44339389736172,195.79853799469544,192.45611780301883,187.73892377111582,188.7058372641699,191.8084217785694,192.38914300639982,,,,,190.89414791165478,190.02632710466995,187.77126763594987,178.18451342528687,181.52519253900408,178.9639700449124,177.46264794421614,186.9452239841884,176.58614405660626,170.87730761681075,175.79687065313038,171.67663378277078,168.96176234398584,177.41400715178276,173.24539074993544,,,,,192.9976698499561,198.7120432569185,197.15202593532828,197.59900093441325,208.82207993847555,201.5244611392109,188.2543356699681,186.6429933071601,191.0116971221826,192.388696668655,208.12427378546383,204.1590557959215,212.51886164794035,197.14589660912048,181.96526540815864,181.99990644739336,189.9292708736416,193.08279117010744,205.5014219433237,195.7484587433447,213.38889889748992,,,,,,212.23071570665,205.72081731145346,205.92660977986844,212.90242834773414,222.4587366940612,217.73694227372334,220.361048770046,209.25865959946412,207.3351171008566,215.93874551386077,205.28907783623436,219.29629320699985,212.99584766503267,216.56189372284862,204.63008907724776,213.58883226206163,213.53813259389477,205.33407805419904,213.6717392278247,212.82553279568984,220.05794591813958,214.15032825311306,203.14812416587097,204.8850299546264,217.67460537535965,201.37907816524267,,,,,,,219.8615542712405,215.34842810682804,208.1926678892566,193.97058669444095,201.33290205058546,213.57002021630228,218.49951970296013,210.2510689204219,212.20280006919637,,,,197.71617114659182,198.284134005801,199.80179306608048,202.62639796884505,213.94115986900024,203.92217051545046,,205.58571354348712,,203.49395550824886,,,,216.21989290847753,223.77739118225423,220.07940942445492,214.83525741527822,214.96636456878926,212.13654746263546,219.04019481690835,206.4316110679518,198.09967647145342,201.15359773005622,211.4386422830168,,,,,,,
693,2018-08-08 18:21:55+00:00,255.72628236136006,257.04875359805123,245.54261337299107,243.51686072231024,244.9768790959335,242.68897146781404,241.6052378644757,244.7599838149597,246.64925272823518,244.20871951065257,242.01548838071562,231.4323194343355,223.85188201091188,215.19683311075073,212.02076427338795,210.84146362850925,209.74277230259466,201.78432441380252,213.0151547104199,208.85266525782203,198.26215495671977,194.72503237597687,195.6731303448942,192.5533906185692,193.21744777171472,185.00243652296137,185.9790264818293,189.2804564236001,200.5263307661656,204.6554494600283,196.66056427873178,186.6962535770262,192.58881814296421,193.94537485786185,192.30480761479322,189.91524779585768,191.69835869563076,188.61641761927567,183.67139607099114,181.82845918083635,188.54713059922673,177.1087346708677,168.01244869599998,178.61172865525947,176.23881067509774,176.38465797859982,181.57946038056525,187.74136100385715,192.55841975273736,187.58642809578575,180.16759685652005,180.68925852193536,194.1570973484047,199.56712719255614,196.5884359540089,204.55153399848888,202.00206597007823,202.5397917999511,194.07391134164976,188.01764133396267,190.8080800114722,200.71460199196022,204.57893124490184,196.05295291043979,198.06920685820015,191.01120485088887,186.83929537914628,184.9437799838166,187.03054235248328,192.53692899101563,207.89245561389637,205.41430509454437,204.9013421613096,213.18409708178928,201.8035155035398,210.0555125048476,212.19313716114925,216.835015168873,214.4665930948243,214.54395650808706,211.454488458098,211.27558331247084,224.46216413012598,222.9458751020986,220.9185784897995,208.0186601363335,213.22450236005406,212.00301222592478,208.1965237816471,218.87282532160134,227.29665131991976,222.91889765884633,210.1355545827223,222.19622198974952,218.38645860734908,217.9741617609969,217.46291726080105,218.63529919411042,221.8041150614426,218.50178987742237,214.95173053465078,208.55891035842217,216.27031021372954,207.4833984481778,216.58497040827396,212.3740660109646,220.20578895632514,219.43554238289897,221.679118533083,229.54966874890266,227.38240840282714,214.54854330262629,209.47908151645115,201.78157894144482,201.7882334419952,197.08376187949597,207.00285930470858,207.17722943846232,211.5204407025371,206.37484296261334,202.15436907443558,199.24822003767017,198.6789848235642,194.48115273160997,198.81694696099612,205.0394282166914,202.56740205116736,192.3072182479794,193.8385429226119,194.23320272286932,193.61526873286027,202.43631273750532,205.36299506785298,209.63595844149887,209.6743947066298,215.8957162185609,223.58650721578204,223.9850514715917,217.75398896257212,213.55255516737338,214.649567083229,214.566230549004,209.12200063342624,203.43393219657327,201.9117725538556,212.69863349997638,213.0255058776655,215.86418674704413,204.98909631268376,211.01950408497058,212.38219538474738,197.74132017794875,188.51966152526452
694,2018-09-17 18:20:24+00:00,229.80421006740596,238.1714364460663,230.9504560824367,223.43383294692015,223.71661844812033,222.9848333693228,219.61616532776705,222.2869716624702,,,,,194.13320414663752,187.05121450801468,182.18624359131874,182.95087054543973,178.23095772758387,176.5024761788472,185.67034981670415,182.78309622069395,174.66320128372115,170.12006443941456,171.2065414347869,175.71607234469133,171.15911392473174,163.09218039331444,,,,,170.3904225260082,169.28186091585377,172.5506949182983,169.3544908739782,165.75824075616345,163.24052645907315,162.12631417956862,162.46357096027072,163.58739171824018,163.52148229276247,168.20955918024197,148.9230569105902,146.39155683579315,151.69181566855826,146.54069307873309,,,,,157.43422729768272,156.42647047949436,157.58249900916064,172.65035263781044,176.18599216919523,174.34890493093184,182.02209820592464,186.55723097154754,183.13469391549808,173.43761513782601,168.0428875637062,170.3262602968892,171.44184084585123,183.62940812881075,177.30250993672144,180.26984259516186,173.59441810475644,159.41192507649282,,,,,,,,,189.84545601080322,185.66917698759244,194.664033507988,193.04950791026596,187.37757981344163,199.18535510517074,199.20857647433513,210.59522893986235,207.08076994663222,197.54582742065458,186.99359563241507,189.73198721964388,197.17699551336293,182.04051601513748,191.95245683730818,196.15445218816285,193.92163381730737,181.01650268466918,195.83588015708375,184.56951039539496,187.41807623547544,184.5647425760089,188.1827583465219,194.58679602650892,187.805525234107,181.07256952837105,,,,,,,,195.63194288061334,200.58425967874322,203.81944022749872,196.3021858607391,200.45024329531773,188.84029667294902,177.00779627294366,177.76895979937814,194.64442049644742,,,,161.63660083465982,170.36659076616928,177.81051198200936,176.14281457402745,179.1524220630664,188.1622358548556,195.5865338800171,183.04725581054254,179.3856016204643,176.05499648542212,,,,186.33518666396262,186.81115608685272,190.82637838245435,194.57843296209327,203.48562390350878,201.2033622446951,195.2031767086335,197.10019752852017,197.25507989745614,189.6334713585968,176.84720918502805,,,,,185.33698825292186,186.93730961161415,184.28539983062092,177.43850229734852,175.28177409869772
695,2018-10-10 18:26:02+00:00,,,,,,,,,,,,,,,,,,,,,,,,,,,,,,,,,,,,,,,,,,,,,,,,,,,,,,,,,,,,,,,,,,,,,,,,,,,,,,,,,,,,,,,,,,,,,,,,,,,,,,,,,,,,,,,,,,,,,,,,,,,,,,,,,,211.24638558808468,216.2265294036828,223.33055874308172,,,,,,,,,236.80623353203293,222.81954161425267,,195.80242735401455,195.29100009967908,206.4381057810544,203.4568358974079,,,,,,
696,2018-10-19 18:19:38+00:00,261.9235700443064,262.81534578019625,,,,,240.79895996584517,250.0302887779053,249.20631673810527,244.94029585608644,238.96896072397027,231.500802546616,226.40046915110437,220.8439764053743,216.18088077958242,215.94398186807996,209.90866298653773,201.99499897203006,211.63948008514188,,,,,193.38052568844387,195.19628783744807,188.08041586902814,192.2614179174682,199.00558758206552,211.77752000225917,202.51097203411473,190.14887381773724,188.42859144597264,190.61296589729199,190.07569877969843,193.048120301008,189.3886758008919,185.6420608866344,187.29412251086086,,,,,169.65412265939042,174.31434808522687,172.5628311449795,170.272933946841,167.01436054478677,184.92591617226543,190.8876891339307,189.84095139576897,182.62178484682173,186.65401162074505,202.06158903841776,208.86847757287973,208.05282996737037,206.66684678648386,210.77313015730581,196.06596145769134,,,,,,,,187.549704110922,187.44002986240704,180.45142425811497,186.12843883740882,195.71627295649412,211.66855380022088,205.20011183385006,206.78952486596674,210.84982774955188,203.64807840940816,218.2420247238445,211.68567240471765,220.99601946227975,217.41010538595538,210.02107091747268,216.60238954486346,216.59393117692025,,,,,210.49400922250692,228.45563744986845,214.403775059194,219.68152265455515,220.0888483695473,218.28713694478392,211.5397891669717,218.8251233684687,209.48979756880283,211.5429690325849,216.0932543385279,216.47266759232897,224.44734534898825,216.24688385277875,209.98705222302277,206.05030872298678,209.71133578501292,215.21561817834885,218.7819704901542,214.41188052312938,220.00274417865188,208.18927259713428,217.25542771154173,222.55807574127522,226.87733693407083,210.84424410023786,206.65885537883537,,,188.55971741797654,188.71885776218306,183.64587044835403,196.45463482346977,201.27017270787854,201.30836702464393,200.29072501010043,194.60905762598054,197.77218681390798,193.85038816280965,,,,203.6892117457058,208.7369433707549,205.3679929084578,206.11305095104024,212.62614052243327,214.59784655003187,214.23326340679697,214.37784475440185,229.10413996168523,227.60432342967118,213.734083054437,,,,213.22860113219576,209.7943071492558,202.48712389529217,211.11972888003226,212.94052216574266,214.9383788538674,210.59901064210078,209.58672167637562,206.05217372026755,207.3902923428002,195.10379200010215
697,2018-10-27 18:22:27+00:00,246.09029939816622,245.39481720775183,234.6313345954404,228.748951692527,233.97023531237707,231.79803630911303,234.3314035259877,242.42521525202892,241.28132425578693,236.37253145115534,232.38969644569136,227.05987519802378,211.17521220952096,200.2740271930407,200.02080572727036,200.32107224560457,198.63199040677625,192.03937669219383,202.32766166032556,193.101506253212,187.53389152879657,186.3438033572162,184.52546076364905,184.61745073360666,180.78939323738035,172.55082786146548,181.79368256376395,184.35526289214064,,,,,185.64065086631373,188.3815464624007,186.78975362737748,180.41432610590812,178.05747909328724,176.31418393492507,182.76372187992774,183.82618347366224,185.56946483840423,168.8683499800959,165.082885664495,172.0988760157514,167.50575437520888,162.27057846096244,158.0070457393266,168.85043201414717,173.11021973951483,170.76677362515363,176.84947675592514,172.75869489853204,193.17847442397027,201.93418277251146,202.99595260862128,202.5385403700738,199.85113733736677,194.1221291181059,191.33806640216986,188.34664138664297,187.06496886089099,189.19302732190533,204.16387204594935,,,,,,,,,,,,,,,,,196.22470077764132,206.63661910490305,203.62257433808134,215.47553454496773,,,,,,,,,,202.13663734289943,204.15303562921764,205.7190038833514,194.53106665937497,197.34999726597187,207.36325498045238,208.36183408969026,,,,,,,,,,,,,,,,,,,,,,,,,,,,,,,,,,,,,,,,,,,,,,,,,,,,,,
698,2018-11-12 18:22:29+00:00,255.05429496195737,250.38648464145675,244.993038107368,234.64633667586162,238.5098943881548,233.82098456928236,230.68741596006217,246.05309742535874,245.79968413799816,243.0442048913091,233.30336451615298,225.82698995138736,216.41057759814458,206.76813223324055,204.41967007918242,204.15255645655145,202.52094121032093,194.75162971512788,207.3810659572664,202.5623617904547,186.79224661558004,185.45221223664626,186.58731802913024,185.7459103714678,188.91361564844445,181.77281814768213,178.71835201288837,178.83655653887462,191.16866051327415,199.28507603547106,191.3463508888195,181.91466845365565,190.81052930693465,189.32268186365025,185.6212815325605,185.72559240815224,187.0795294103914,185.88587810034699,180.38526845952208,179.4931160678695,180.22300661690127,166.45944291179956,174.73116515600742,171.29165503871164,171.18418024744608,170.67699946956128,162.97498475945417,172.20402735632587,177.1193145293811,174.52838090510258,174.45861396444283,180.62889041805118,195.80739409181615,203.03188633149597,204.46982539702793,209.3381823038545,205.99925539572405,202.59607492510963,195.15816174991312,186.8720500304775,194.85012560954053,196.29198997395827,210.14935616400604,194.7728762202736,199.75916830374172,194.27931521313218,184.82591408977987,185.23719085579074,183.51984225400486,186.56642167898502,206.33581873724978,193.04407573568773,200.23295084421184,203.8312991993597,195.312665746523,198.31088262845236,201.27375243065052,211.16763244817093,210.82053680423968,202.10645276363738,205.6676166881301,213.69233886736424,220.52218658540795,219.07285276232443,219.33793309978319,205.34838951471426,207.6614921739731,211.9208397253924,208.40482763623896,212.9649531537796,208.33286662635376,204.42795791940196,204.87210690441705,212.33530270759945,194.79943665244943,198.04445165907592,211.5155535349213,209.58227909346203,210.63880456639498,206.53615727979928,194.38046763706348,200.81844668419717,207.99448963025105,201.97623403528883,210.26163478983136,197.02458493167947,206.24552351930123,207.20845213527872,202.02420916237068,214.23512435505287,219.83554931268867,208.34641450530762,202.70902197876052,194.460023808382,190.15365937802497,187.45707387344254,178.54884932743352,175.34772611545606,192.64982445026698,203.66401733116226,190.91648432262278,186.81229498887802,186.60403008380305,191.98003951915837,193.40566644487234,199.7733764017824,203.21056788318194,195.5802198067277,199.72212530430645,201.64455096867704,195.2574085680801,203.00580487981642,207.7392463902096,212.84877028087124,216.09050280740206,218.51060453489023,222.70305805869373,212.74212661211692,210.42326333799403,206.285838503552,214.4918390144066,213.8043512748452,211.41185039225786,201.25786708631796,202.95669772320886,207.52965888244992,212.65991876785412,208.43167811314544,203.0995635809886,203.80082842299163,204.92562732275175,197.92173801135488,188.8857425361961
699,2018-11-20 18:18:55+00:00,257.33477710403764,257.47350972776115,245.6537247941636,239.65621724716135,241.91041222850222,240.47370863723114,238.44662887606702,233.17196539259487,,,,230.79017655193974,218.5130023677323,211.7568058436978,206.84239111848646,209.0122891353757,204.9724281340234,197.43844117674666,213.78337509802896,209.0115567945012,193.44759448956165,193.8099706188748,193.1806847248934,195.25132752097358,192.95033018121165,186.29700438802433,,,,,190.9947299935888,187.20990594850184,189.84457816912766,189.54068247857893,190.624040180595,189.10182317682393,186.41533962905646,184.65263141860174,179.39940410131047,182.74055476310656,187.7503519216313,170.97506356460937,170.54589072098304,172.38723640092968,166.58177168681206,,,,,178.001514398006,176.50043070046496,180.74205479992742,195.62491581334297,204.83930236211182,199.51257378846114,206.64745034987504,208.5893873473156,207.19778586953578,196.12872672513475,195.31399198223943,194.52288984043537,207.11357177839318,206.92241678336399,194.63896963364272,194.81058732516226,183.18184668138423,179.56617970949395,175.40993030893816,,,,,,,,198.42212547316063,199.48409287033817,202.75850800068685,205.88355446082755,200.2688818942066,200.36441586538982,214.1132276557405,222.68630926638687,223.76083746951838,219.35895254153968,207.71436366972694,207.53210840453067,218.50347673770514,209.07206386182884,212.23379058802257,211.8966401014399,215.37288808341063,204.44062918587562,215.00001720250708,199.78377181375737,217.54232019784362,213.55795528098741,221.6994839504696,223.82613902887113,219.04228176871058,210.70920422324673,,,,,,,,208.37155473338262,214.29738101198893,219.12113589350096,205.09949096156998,198.11586583233745,195.99992346009992,198.1066937296298,189.897281783131,189.64282137348914,,,,197.11609291062732,191.28804978655958,182.31634675455487,191.77644121614628,201.4121512768292,205.1954207634759,206.7082504652679,204.51209790407128,207.18398491912052,206.36661050259116,,,,209.23254979733272,211.62461675357173,217.1945147031901,223.09637853746457,227.056630423122,217.4864701789335,213.13767404361099,216.8008358678913,218.43364147112447,211.6109622788739,199.87576281775722,,,,,211.36308155554923,213.95977326982074,208.86308902329796,200.3157938384295,199.06299962586326
700,2018-12-30 18:22:25+00:00,260.7987236328331,258.79063038961453,250.10200692848366,244.73947808797365,244.58760326804475,246.47447340386935,242.0286557535374,250.9867596480642,252.0465504546443,250.90401385906512,246.54660103793492,245.18223439651058,233.65787813919093,220.89109020232684,212.7856016263363,211.56627910273158,208.17642108140535,208.569207629846,216.61987117500968,209.5000599225811,198.13468009478018,197.20269833309402,196.9017654306017,200.01715454687934,196.79349306562915,192.44794752883092,191.5024245245006,196.56866318702112,201.1636483134555,226.9799040155975,206.5484686541015,201.54962122710577,198.53498571451865,197.04908806599136,197.1423720438493,190.3846249680014,194.82349338060362,196.9222422315629,193.185524043655,191.12286487900545,196.7865707282607,181.81554822761603,183.60918268945528,189.31415251981753,182.49236310640384,176.4089156757027,170.3749523181312,182.58979283106083,193.76768995698671,193.6326091314276,187.29141730421432,186.09718269939515,204.9941154642707,210.93426516034077,214.6572613863275,215.71700523852195,217.39877239269703,211.27904412204146,203.2814701622525,200.93639573439788,208.82343853509155,212.13262726633957,204.23162874834907,205.0338027523607,205.2264441112387,199.06060292585218,202.98753859999061,193.96923841338435,193.98519921479007,203.81521805126943,207.42765536089698,197.94954790188433,205.8823442281908,214.54915586608513,210.87115188954908,214.2745993857144,216.02422456516888,219.76190589824716,226.85135247179966,222.91767219449986,222.78425211369478,223.23739272744,233.19705987251191,233.9103138304976,229.25708250326107,222.01254018251728,213.02455424472362,221.05353188133734,228.8199949768213,235.3258548190787,236.91664415410057,225.10181514952444,230.88521873460348,227.6964546902484,219.91336750719984,222.01307975268446,224.56327654935734,235.35132091837738,228.81598742171386,224.2425645001162,229.8840527722374,224.4845211826957,216.63670848379093,214.62791864653013,217.3368876051717,223.0705731346845,233.050378378355,,244.37912500360602,233.35579357374348,239.3765052616373,229.28804176415773,224.4805621476006,227.3204215585061,217.84560456835987,210.51788709221287,192.1326161304562,194.15448176337912,202.9499402433287,208.3281569927396,190.6599835942303,185.67673602183658,182.54053072134496,192.33293193728332,192.6792832315158,199.3065310201104,205.55427897441768,205.18089736819988,208.56014304039434,209.0203958205695,204.0593003290134,195.07766818375805,200.69148046262123,208.32769510800455,223.45511959798108,226.6989150915508,228.85863612622566,227.16105073420516,222.1216078519716,220.0413476249624,214.79043611116816,215.440055051471,215.35275852773682,210.69216533804877,202.98596155307823,211.40357747244263,214.9229860393775,208.50300897703607,214.95771153671674,218.97814811403413,215.28594327283238,200.3758118752644,198.44940541692614
701,2019-01-23 18:17:03+00:00,256.5548466078362,255.8706750016614,253.74846312389678,,,,236.52311667246616,240.4074376224454,245.97498683628618,238.87172399110904,236.103911036664,225.85027723424895,221.6425802155097,212.49765893792494,212.65795147199867,207.80495475717845,207.0260467016763,201.1122745256327,215.52365452871408,199.90449331451634,,,,192.48790565062325,190.1043912146796,181.4739739334443,182.78346995105636,191.75164260332485,194.78232735459846,202.70214987139528,191.9725577944785,192.1009371286733,198.9580237881598,197.62794800817903,194.0933820423905,189.52399000186722,195.52466483079596,189.4294443013008,180.12538015563894,,,,,175.5269705511032,171.54835167914428,172.71694358535336,162.2308889405452,173.70779391572177,174.05071197697475,176.04625377691414,182.92547910247467,185.32955825065295,201.45671161777392,207.05278459129937,204.88638573943064,211.48458489426991,213.58125687868912,188.81282801825506,,,,,,,,,187.71879335126607,182.29064039760112,183.77107202012672,190.79321411576362,194.08435778416057,181.2331052010146,186.9341113063303,188.3303756681143,188.97753573497897,206.68338513530585,203.95926948212121,205.17077017447855,211.24772203689648,207.60917853359962,217.31967752359688,220.2959755054736,,,,,,210.98745214483154,204.76094573754492,211.62207561924257,212.03635095201764,216.0314481572999,204.53314665888746,211.95968231065825,210.64992641886784,204.61375718374546,213.05744816170497,207.8620624089649,219.81414337259167,215.20278615713255,214.70213970359544,207.1384721388946,207.04937527833195,197.05978781116778,197.56627826205232,194.04888179787628,207.50688229933147,191.42006934827666,205.16541435368003,211.78103284859247,222.06890759618335,213.86756472119663,211.20291800711968,,,,168.56220524509368,171.57668370508816,185.16658468527856,187.47250730291475,184.2905166671186,185.74140426504144,181.1795441882556,181.0325135549312,176.06566632745813,,,,,196.3425142168039,186.54350902138387,184.9626066765363,183.7711051355971,201.9424204142765,215.54349755167706,220.23068222144218,216.3974409874568,219.6144515057822,220.1297813642522,,,,199.01601000250182,191.66807535910988,188.59574733040506,194.2669055478193,189.66490556498883,193.85299953964613,199.19167861202186,198.23478826655287,195.30976656449735,184.41524671612552,178.83644904769693
702,2019-02-08 18:16:34+00:00,240.38217812846824,242.34492473075812,232.3769403961856,231.61517089003652,224.99510271289606,,,,239.97032024057933,235.25826085891615,235.51351367883254,224.35375347847247,214.01042680558703,200.9149404007275,200.4571936451352,203.17717950645775,188.53372900281428,181.8965918116108,200.5219979801493,190.21119776690196,184.14236596500422,179.76657371620604,,,,,173.374382307173,172.6919210064459,176.2563066970917,185.55119869479813,182.275683783391,183.79976406249781,185.87737794997145,181.0067405272809,181.67350774667017,176.04167427833124,176.8699530618182,177.6361185305098,177.98596474085238,175.50418029406444,175.52717002106368,,,,,163.718455252621,151.2556538211679,159.62958092628804,166.53766425941365,168.59212528685038,171.4403340768837,175.57008453461742,195.0835253162644,195.5175014873925,199.2401410509184,200.5327599687102,211.61406358433806,196.21756663453144,193.42452718577192,187.4899668019026,183.94666651215724,,,,,,,,172.75665760491938,189.53270711939504,186.81930881872117,181.24015165141782,180.77053074497115,190.80547175156934,192.41216568562794,199.44687514228443,200.85159905177653,201.98014270252096,209.46611316064775,207.30266699283027,209.47605160998828,214.70114587405712,225.58413217635365,219.71580921049195,,,,,,,,,,,,,,,,,,206.29572474568846,203.86021422758012,195.42498232778408,198.5508306533277,191.8929681595545,204.23703661034807,189.76253998863172,204.39564373659033,212.45289044584143,223.0031168535818,213.49470573180474,211.86615906541232,206.1879021330734,196.83477520516604,,,183.576641867732,200.13056431344378,189.93081864274575,187.67826422157822,188.3035076578927,190.13820185035968,192.00656395381048,183.79574756557318,185.52715333440054,190.60160781858855,,,,195.9243668774433,186.32575283619104,179.39222344664884,189.80813273417485,208.77023477677847,217.99072602015622,219.44305127344538,223.60033670135047,213.48579171121895,204.62241448218631,191.17251595739216,,,,185.98158357243844,189.64596452069208,193.08770814465126,195.61995525453315,195.13263848869337,207.0085046874715,200.10588694898388,189.54948302448724,177.01297703367925
703,2019-02-16 18:22:17+00:00,254.5503573213403,252.46931364244784,247.87645158924641,239.03694216264057,245.3580564700892,241.42905058339346,240.86497831451857,247.06428917027932,247.11681297296252,245.75686268222933,241.12231656915364,235.49532280490808,227.0359210178588,212.23255353545832,206.59720451537433,207.72383760161267,201.84825149028046,200.31941822973076,206.28844724188087,199.94502841213654,189.5232556284517,191.96892585286503,193.65097853850372,189.72669971515177,189.98511145635297,184.08285629234678,188.19659865151255,190.22622329034002,197.43095811738834,206.06763839757588,196.16130849637733,186.28860092003765,202.37123373608017,195.6443154158825,194.02359351010057,188.71507410300794,186.50975164660957,188.83965953954103,186.92626837266494,180.54353909560746,185.7649207270029,167.36428460048734,168.76462923648495,174.50178644188622,180.20352490323876,169.92346485498547,167.38093495462294,171.83463695645145,185.590558212524,183.87108035445692,184.68930756043483,188.32953424899415,195.1505179272163,201.3093992480288,201.00380058039627,204.81898098278492,202.92284645813592,205.81149228010412,190.10413888796364,196.65348085586913,196.07619458698218,205.36200850628848,205.91225691719546,197.1659641208205,197.65089434345452,187.86825168424568,188.42939626026413,186.2747859344831,183.6928557960069,192.21352940147045,199.04247845374175,193.54000639255042,201.1052230428338,206.84695256708218,209.1366066051621,212.91302034238237,211.36244128389995,216.75589796836965,229.19763947354744,225.13768630237203,217.24130203492598,218.58304508057944,229.81958969876314,226.50102745749535,217.80047128434632,199.59760863205537,201.46999700104016,201.4005906258184,210.15118394255188,219.88993656787125,230.31650759872053,215.05160479773693,220.91910108059872,221.5850380006121,210.97045512820355,218.73855828266113,216.63475010372682,223.6051120021916,228.75234865589306,222.60464564703818,222.71322939277556,217.12882077127537,208.53185999633405,208.62748789518972,208.7371559105316,217.46887124010527,224.42048117562692,,,229.65704505129827,230.3432770025351,215.92733140186974,219.41764010528402,217.13218300578353,209.85066238307664,204.85769769417357,189.4285745712113,182.86033581082918,197.65002358409546,199.65410751688017,184.73868624910537,188.65743861806573,181.3388914257843,180.05074086202714,184.27319732613398,191.95385506397758,196.9349564691248,194.58460836127858,199.41303718654524,197.19039837261036,191.9648751555707,187.49050658332385,182.94515464290123,191.43254212119382,210.89138372167187,216.94020577931636,219.92261728535573,216.69552128458426,213.21031635732086,201.87103131385777,203.05564182557026,203.77913136153495,199.38179256182008,188.9088038550227,187.313584774351,189.01033764404684,196.13143316473446,200.72654254186716,203.33387548662537,209.69522685018285,206.8721114792371,190.94663647871835,184.77058491756242
704,2019-02-24 18:16:05+00:00,252.0475735208147,249.33220045728734,241.36159755974404,239.33922099594974,243.9564660425516,241.73345877149129,235.66441160247086,243.2622901613098,246.69984979703926,243.01068026610886,,,,,197.8458096774067,199.4863093809205,197.09713766846193,191.10307546485336,207.21979702377445,197.51344122131022,187.55771186025845,186.40835646371482,191.48254024324993,190.99913438358902,188.17863709864196,181.63443989419096,188.03374495588952,191.8687006868196,192.32564360044466,,,,,192.18653194644946,193.3196167714309,189.60054095710012,186.28384324921257,186.42482592549808,187.03384117753075,181.68483513962616,187.18854383576138,172.38932005260517,170.77259312831274,178.90755433145674,178.9727335478081,174.17704434082611,173.09354712746534,169.188017949097,,,,,199.051911832148,202.4139346783959,201.85715481299738,200.49291587761763,205.396346922097,204.23307596074147,193.08278692687895,182.536688822519,189.65369512885474,194.15642295073877,204.0681567299744,195.29129161910282,195.4304389408871,,185.24319509956342,185.0533642731168,196.15514763341105,194.06105885547925,201.65807170874515,179.9923428533956,,,,,,,225.59265255848243,222.2236346625459,213.70297237277757,213.52310233279064,224.5767327790967,223.75247040358767,220.557884963986,210.6696987629121,209.19946628427832,206.88922470399194,208.81348785367035,223.32242027601347,231.94375997368527,229.31495000221133,216.05300836091487,221.4889167369702,213.5350892859501,213.57659526556424,215.36015096597504,213.53284501217328,224.17495740596587,217.84860617178998,222.34355818023695,212.147847000468,213.3844283708186,199.2485400567569,,,,,,,231.1178067254576,228.97820312988517,221.98479681392593,210.67905594799586,214.77195256487693,209.10240531249164,196.75079066620012,200.20666960898777,209.89820686402408,,,,187.2730502632861,191.51354559657702,186.90854247564744,194.987705948508,204.5599489881071,201.27841847024126,204.0118844211152,208.13908468871398,198.88369868239715,195.2593745702701,,,,215.23702503793717,219.52443063267359,221.63385119999285,214.82418673918346,209.08123267334673,211.6446962455109,214.74781911011365,210.21821068065356,198.8323533989059,195.31692195355072,198.56227221502095,,,,,215.739849200176,194.3787763587357,183.15607753404038
705,2019-03-12 18:15:34+00:00,,250.29383616257468,241.92718474100647,238.56878724776314,241.068831087919,237.73950625996105,236.2595336775347,242.80217750741866,245.29588216343672,240.08675652154028,238.32233155296166,228.88142142186493,218.76225794857731,197.3967137429143,,,,193.55581847564102,206.50946275351197,199.58839709623328,187.18819873634897,183.77540428996326,186.96794487959414,186.90963635378546,186.29159747988547,182.04829345447524,189.06329038521682,193.30340729771507,195.83714514146993,208.01241367910967,205.78465256690032,195.95300564739813,191.13413834517823,,,,,194.0359092561659,189.2491554598995,186.11177313246125,193.22523987803353,178.26257922458842,173.72357362087735,173.19259809934684,175.570266685305,172.7397667142189,168.08073424278706,173.00594120284643,185.8402607006837,186.09258311502765,185.1968980933755,,,,,,205.83843666475215,197.3173314508998,191.2818487699456,178.41733427207666,193.3785149987511,186.86220770169666,199.62637205285057,194.02373826718406,197.72561299232882,183.42715341819184,187.78770145153055,182.68037971807934,186.5579254907738,191.36422874830535,200.2778000114743,193.73669229625065,201.8189758694689,205.37488271809465,212.7536657157313,218.6936901425505,200.7374867165394,,,,,217.8648815807289,226.76699005044583,223.8292438041862,213.86823783195138,197.78894832029104,197.86108604837057,199.81353272193604,206.0322719245257,220.9785287047239,226.10607202890387,224.06932478197098,218.6133757130806,214.66251447298194,215.22713800690747,214.96779552811148,216.1912139413653,219.32673717567087,224.2428591775892,218.57523071543187,216.74534973112804,214.17623709369283,210.77350141862672,196.44587461282035,206.62940885515835,210.10222329322673,223.32952570240366,,,232.53998111604474,,,221.12340606157272,215.01872806284857,217.82384479276365,203.83922499846278,187.82468959893387,184.48451875257132,197.46601271931345,200.00671435549788,187.8795844240024,,,,173.46061294329775,189.89902445185226,195.159730021567,190.91121930564924,196.82509115333846,200.98827278315963,188.2121204927652,188.8796573323795,187.20873960603967,189.74381624009817,,,,,212.01700579783773,204.52635378220708,203.57815369978988,200.94336071537325,190.7910628435289,189.65978512292412,181.72806577607378,183.37592719310723,194.5273252945371,197.3329437057705,194.36788752482937,,,,182.55971734444094
706,2019-03-28 18:15:02+00:00,,,,,249.58740429214868,,,,251.48165220448507,244.79817774573135,238.38877516741098,230.54043336826095,218.62194564258203,206.31193889192866,203.86100641258514,211.59271938054553,203.98884108016193,199.08965694597063,211.40653521128522,203.93765312863428,195.9880643041373,185.13651811247865,,,,,192.08154274498693,193.44267223111655,201.45799371915174,218.0121988736917,210.3889872709558,206.65203695698006,200.85332857745834,195.9047829205772,198.78441159650097,188.40495951675598,189.45560477191975,191.45362830601846,189.97849574576787,189.29812828604514,190.3117882485134,173.7993692116005,,,,175.68204094175744,170.41911554358882,176.50560057463343,189.168253963182,186.79112969623498,180.18981984953507,183.75069610042704,194.03536593140615,200.89781566565645,208.4794858771117,206.08126495271972,215.5654582545397,206.32328372569867,194.76232389533595,189.20452657220736,191.48136060528793,182.74390984893478,,,,,,,,191.95728029062303,193.1373979829856,195.1493517902029,198.37692727985257,208.7442245289565,222.8781457456638,214.13345549475804,211.19892720972265,214.92735359415065,230.50462168490583,231.55052431223697,217.21717653326877,219.4030935714921,227.90754084286988,225.9592023348054,204.40439525437347,,,,,,,,,,,,,,,,,,212.0330183450895,204.82167049754202,213.21472505202422,225.2521358750497,234.22156044949077,271.950309630552,241.20532640227796,232.47077712523836,232.91786981620422,229.97230220538196,221.6644093520294,217.54042975018808,218.65153674620768,,,,195.7648962373739,198.4856735362588,187.31117209416485,180.66867906896232,181.9746939763689,184.37824495449823,187.4150176486152,192.70256711678508,199.6411626456847,,,,194.7822415460539,192.26947794330374,189.27864423760303,193.23262129199352,206.92341346774833,213.8848021445728,221.29377018394754,221.70964652052726,215.6678383595119,212.56738058941215,206.62671370005728,,,,,195.32404932669206,200.5891903705005,194.8081880664296,201.41617091114392,208.76858364547093,211.82974492224645,196.12440930435724,186.76770268905898
707,2019-04-13 18:14:28+00:00,260.1392828928136,259.95226864423455,250.95429134311826,252.96006613491127,251.94224022680658,253.01706544774387,245.40457845565058,252.90845783207607,254.7320681411935,239.7678411876189,,,,214.08193697468926,208.64792305010027,215.74980664665628,209.75274068183182,209.03567024602353,215.43312636893216,207.72917847438686,204.80050646917238,198.6193496877401,204.62160259638424,202.14573892133777,201.9142955357972,196.82096111071849,197.83107945669155,202.70961716215007,,,,,205.80628066651008,205.84552967857465,203.20746902505752,194.4632900229591,188.53107841191888,195.19059147264733,196.70079327277682,193.94329725083907,194.60856028163522,180.2902557395313,174.45327072815584,177.52725417188765,176.76521265956694,180.32222367544807,173.78318051366557,,,,,185.3907670202383,198.24830789607677,200.38446626050728,203.56235766013378,205.88003128022166,204.7161740035665,206.38218569347063,196.83452199722734,193.85818811785714,198.16199763578854,193.7650256346717,205.33867113027048,199.58394180609804,202.67913507793025,196.09572366572235,201.1927295092391,195.08405196839166,195.78999335492307,201.26323205058898,196.22126345791983,,,,,,215.09269843997933,223.99069481733193,241.13727556342138,232.43426918581247,220.0449143651894,218.28608829620418,232.20674973741933,233.62260303562937,223.54297422355847,219.03227636784362,212.38823457225385,219.72399293313677,220.76106427798263,243.8440861652179,247.54609211672124,249.18165779166392,233.9102081633476,241.71433241214723,217.46755266613596,225.20289686323622,233.50452846369976,236.8424622278611,235.55397566165425,234.05454051067235,238.86310167827423,225.32009133640213,223.86827848828023,,,,,,,243.61493287549268,244.23255956494347,227.8076093120568,229.17586704345155,214.15739267931468,225.97790453441576,217.42207097147042,202.5332290968202,205.09223209243603,,,,185.93419010681689,185.7557224913296,183.47520500175654,181.99331976509848,193.656860804462,205.14276323009625,197.75799353746947,201.0702713930399,206.3800169081701,201.72716063255086,,,,218.8504977174967,225.2715965919432,229.6138515343265,228.6483910401687,213.00900937211352,214.11250996861435,215.64816598528648,216.61658214794434,208.92169459909223,203.27832007254148,197.72731258428735,,,,,215.13039744678667,214.54219028817036,198.88460248768527,201.79418818589127
708,2019-07-02 18:11:30+00:00,253.68215952470703,251.03999311984506,245.1334196575629,239.25639631181699,239.46570051358503,236.01289731372088,235.3738519325898,243.9291036402765,236.9601414355853,,,,218.75051300496975,207.87845515411072,203.82658672910173,203.3387439168369,199.78803479016472,193.66461252131228,202.58385241467852,199.8495535629068,186.83038142515778,183.0614492978744,185.86311714928814,187.0937415595962,184.123202618923,181.69064075158224,,,,,183.34561972640932,180.70075939077861,187.7987861479446,188.09067643748014,188.90622897609003,186.83603862857328,180.48979551255974,181.2830599529646,178.56209695053604,176.19240650611658,181.0639538774162,161.19440232268562,160.4482140402161,166.56134994842887,166.09931401591615,169.2268733563301,,,,172.73073734042774,169.0183934307152,173.43155711643277,183.7033994363561,191.0902326491273,191.7118673163671,193.7025066419606,199.27163224276117,193.63471140247094,184.68639253064748,180.4409713581383,183.93412643579575,187.91053711570603,192.98471848435645,192.75895890813075,191.0524379911781,180.59488942909132,171.67775300448073,179.8316520142102,175.3268382937702,,,,,,,,214.09087450110647,219.85841310821047,212.2416077127156,211.31368972349742,205.94713128035417,206.39516878036363,220.84990533422908,218.10818887943526,213.57616498733597,203.31862046128057,209.11683962865462,208.46223655652707,215.3977342526542,219.05221865903437,221.79331838149295,217.45361720590773,206.55006346153303,208.71917993928278,200.43147149283456,207.0050599070837,213.62435790273858,217.42792846467037,219.55009971973425,213.23780603444655,195.0879264763077,201.21285076799035,,,,,,,,217.24761190220477,217.2230347041787,206.29832888090186,201.18917550975772,197.36345078125166,195.92861082416806,211.73068242203055,202.78951186920975,193.45274670556324,,,184.03535119165738,186.91543466666616,178.40090511067552,181.19750192129106,178.87853977651622,186.75202349403366,187.03881123539924,182.827344150989,186.45960772279722,181.57127031721058,,,,203.97417480902448,202.75428446129024,209.33120701226233,215.21277166593092,214.74781941368724,207.2828404629183,202.37733018698833,204.21987114428916,203.78659287635068,190.64791995128394,182.9878515639325,,,,,195.0445467548732,200.05406892739887,197.1826731574273,181.74949276904624,180.48158342840532
709,2019-07-10 18:22:29+00:00,260.4135739178469,259.3298552235416,250.86730136348828,244.1598961916148,245.2333914302776,245.4206807665188,239.74050605424011,247.95172098441844,249.14760836857457,247.20580424353784,241.92026167426198,237.78159393955912,225.20388529589195,216.88125285796048,205.7766492544469,207.85478709836497,200.6758575776532,199.22909456851824,209.88687866214104,206.3336097195719,194.97228892502199,195.14752790107673,196.2274036908508,200.5037685599889,196.54469968079366,193.899232750036,200.0079932358276,206.05724592130804,216.3685503281963,212.82006087189603,199.58522877527236,192.9672701725699,200.02144664326795,195.4062451673882,194.45414770605692,190.95999090423885,190.10734004878543,188.1247652482312,187.451943748784,185.66918049325668,190.11997070741114,168.6344410199379,172.32142474904649,177.58083500050532,175.33506384342851,187.9045523273616,186.3655415788104,193.796230954856,195.20931412293618,193.10521107658778,181.87686746181868,182.86280876857495,198.14755447635986,199.290759334347,197.28864793958974,199.26970003068047,205.64221386104424,200.9738358660968,192.09587833680203,186.70300934752953,187.80488317178475,199.50924322682403,208.75084632302065,197.3231964615676,200.58016503879864,189.8559950327613,183.79185804686765,187.63675902213373,186.63429750610595,192.45761648447308,205.66043803870235,210.8598624853726,206.12158071391443,209.609826152928,210.03031577906714,219.83314000798512,222.67146133288617,223.20814062252407,229.38985140009177,222.1471132306717,217.92069716315126,218.5808440544089,225.07243059871894,223.8928380145832,216.54494478311716,213.95870825220206,213.95042309445685,223.43526929808652,219.01985375724982,228.2879041356703,235.72545755730422,229.24090725332186,225.04699444109082,224.13271708430997,219.93565446983644,221.079999549586,217.80287520930355,225.56667467192068,225.6491619504788,219.87076849254748,216.4648572261367,212.65219515531905,212.96451486175008,213.33772516924728,208.5179922989475,219.14987629653766,226.05393131172082,238.2534248647645,238.2796552176082,232.7854867265621,230.68494565758155,214.19655206399804,213.33034640578828,201.2235172067244,188.22551537981454,206.14789280909395,208.87224541771454,201.22485376854638,208.62527052873256,202.54704991811715,188.41536709303494,196.14184837590747,195.25688262831852,189.94517727487988,189.48981932480348,202.94977254553737,208.77185755539244,199.4670266066703,200.65631046928317,201.90849729812302,199.079495458003,205.07826228785785,209.51343724951386,212.06814071407356,218.14516466006745,220.0355431982631,230.56678517134452,231.60867148124282,217.3632124572261,215.77436850275797,217.84433753151808,216.66044580730187,212.34995479946977,203.6382543899638,208.35980878955309,212.44022992393712,213.0193591294317,213.16646814040126,213.4462003329588,220.77471357260387,216.3540688125604,206.75447892310592,199.17385213689846
710,2019-07-18 18:10:53+00:00,,,238.42149697423636,233.94049329169172,233.97913839436256,232.80390634098774,229.62536901047048,239.1656490747875,243.3485166457794,243.4614404583823,238.97393919711072,228.87154163598066,219.5066598768863,205.72749412926566,204.6401098086596,197.36294567346232,,,,197.0635024472623,185.39542165297337,180.62728833853038,180.41574561586236,179.35748990818206,179.17532982211196,172.95385017590144,177.07545487699963,186.57223175847417,198.854381003487,196.7599291603264,186.36263549177323,180.9737839855614,186.4907789313808,187.67511744683424,173.68812569739708,,,,,172.4643334429935,175.6859201946287,159.5266323038134,159.7103736461852,162.73634153667604,160.52176182319394,170.02796599989156,172.31600109701395,176.692003764523,180.41080261734783,174.2224757094236,171.491987197917,173.9120661510587,184.06428119441605,,,,,,180.96944564588398,178.49694892360222,184.71171029093313,185.1924492634853,195.8032815123861,184.29598686668703,186.5431396745277,177.1487232659024,169.21435989068823,174.1246886484394,170.7940907504144,184.2539626411076,195.6083708635959,188.7729330125085,195.48573621439334,197.21509756221099,203.56466025818628,207.15261584428882,204.58121865083396,203.64789722340356,210.03962189708034,196.034802094038,,,217.55115437160234,213.5821298507696,206.85404390503464,196.1015831258078,196.7250686007585,206.25837544216648,197.36416378315238,210.60800461078136,213.92611509866921,216.47982085246218,202.8221619839539,205.77570356359462,205.61145304371095,198.88768084652588,208.35461116415019,206.48639258679162,212.5161809553405,208.25718063117006,191.7415957482984,193.08055683750604,198.22367923669788,194.6623941524391,195.55501056903438,192.22360348474453,211.0321093307512,208.27564454289347,221.5674695008019,215.80255047708465,220.85606720598997,,,,175.9285278279624,185.9005084712303,183.7124897484178,178.93307336158034,196.83682248676638,197.99686675394503,185.86607504481947,182.716136335817,,,,193.92492884379658,192.871291882818,188.1241240795519,185.82203802111803,181.24400757363597,191.6213704698384,201.64001517359833,207.017734576057,208.24219397534654,207.62838450722307,207.50194063319023,,,,195.2527609917406,199.4915592307794,199.34348087491034,188.40290060763766,185.31703302077244,182.73828614921567,196.23276601089535,199.71948786358735,204.50521126950116,198.84806960434418,202.2215045360737,192.96572743209563,,
711,2019-07-26 18:22:33+00:00,255.61226932167756,255.84819317173793,246.12329757643894,239.80790019028132,239.46645538035594,238.20800770419356,235.75346387688586,246.7148273897361,247.95991746628314,246.06129941936118,240.69236810965202,235.08860834344495,224.82594268019454,215.9823479879,205.33885678875987,209.11856272571134,202.65310736580517,198.87600831033512,209.01988042620067,207.06106828112328,196.48547167452256,197.36513004231495,192.34310374724566,196.99586157056433,192.27581433088108,189.7251131056982,193.2032882562213,203.8367784459538,214.3684563241322,212.39164192192248,194.9243694777207,187.81868333302756,196.08282756455242,195.02909422129272,194.62303661679994,188.833657497593,189.19078588844206,187.04339187005962,184.61139348096137,183.11923636995618,186.36203955605225,169.54341668420426,169.75940330601685,170.65186823579234,172.2665756587736,179.77066346969653,180.50712414668973,194.28108042001486,197.66509227175726,189.46772179302903,182.18470242758278,184.132716112502,195.13033346695659,197.82254961463804,197.1946608367506,202.06928727776892,202.63002258141864,199.51116854574926,191.14130879013635,181.86994452240904,191.4457211134802,202.0924587240754,204.5876240789342,197.9398738438524,200.5735007269456,186.5789999327796,183.7385326645604,185.98887852023748,189.15045458094963,194.0349978060176,202.48270023106585,207.63062115271757,204.6817301067601,208.08617506837683,208.7315690021187,215.2559769752516,224.38764543462568,221.23991278260212,224.94840166939554,215.1648973475845,212.00818145157717,214.9048018617551,225.06501821182968,223.7183962356625,220.80523372880708,212.19254467267876,210.93176626681827,225.4810870943459,216.41225119681047,219.9909836405532,233.9776880869761,228.4452107467783,218.55067249763533,222.84331489648227,210.87560253206382,218.31738712840183,215.77955304713103,220.35204903159786,224.02440863842457,217.3399669707167,213.41143685914196,213.19230715348306,210.4062257860311,210.4487102333442,208.4308909040907,215.8129558523582,218.94734602416676,215.89408016969665,233.8741618454772,228.31263721528876,228.53242938656922,218.05114372173185,206.072383314415,198.34260599324938,186.63460383391566,195.99365260107484,202.75191506865102,201.94259658862376,207.0276728425777,198.95916693771096,185.8448048803779,191.2442659387616,191.46070822729553,188.98753025273385,184.9395323471286,198.99196003136956,209.02417349167013,197.51449349796576,195.20766788900755,198.30701820570653,199.93173254920637,204.73029311449463,209.44428824347116,214.89580833103287,217.10536685562786,219.79912249935464,225.61874899121136,229.33324259711353,215.93046260558944,214.29105021727932,214.07183799431334,214.4216233986458,210.8584640840002,200.0853563162757,204.78057415653717,212.39200754699968,214.45413208777006,215.81649966064168,206.88555782915356,209.98422207034037,207.67418921120628,198.91827453545633,189.88698282320755
712,2019-08-11 18:22:40+00:00,255.31660450836523,256.78550647798374,245.98996784474042,242.54712838737555,244.21004830147388,240.96934333082788,241.19084290149894,244.89227266581267,248.85191709336834,243.9108808966946,241.28498286975366,232.73089843626533,225.35670882728363,214.86322659390288,210.60376996231756,207.01458499764811,203.02778188932905,197.79363129882114,210.25317271440395,204.94050765522158,199.84197273907904,192.07615585897017,193.0338130537678,192.79302017125246,192.50912756770222,190.21909723409934,193.34860287245692,200.3710278876996,205.84023851284945,209.7934293534414,196.21627664466365,194.65065901015976,192.32378289852483,189.91354611219958,188.50121237027264,187.61876571947744,184.60957667269608,185.50689910573664,184.6758379750588,181.47830453797474,,169.49592751744615,168.43593429322476,177.43280717242325,179.66360935617922,179.9439211267845,182.28460894474995,193.40164400798588,195.37040387081225,189.13893037315808,184.3599734635779,186.4333173581649,199.39387294688763,202.08851801956536,199.0819650051246,205.3682495991303,202.11532697220383,200.13116571895526,193.9619414490257,186.7375576117227,203.91077283924375,208.77358953667817,208.87571195569996,200.30972055144156,205.2539682621019,196.7297459831899,184.04375192290837,181.24869989279992,189.8269991850138,193.0253710549475,203.30815306749312,196.54809494493537,203.93881486482533,207.51412059046424,203.85454980552976,214.84683624344865,212.89519473379733,221.675984023585,221.13528772413727,214.12472864040427,212.41017715050288,218.92645014587862,226.112497142131,225.0017617437,222.27860603886077,213.7722217447406,214.19357597257067,223.75910470577386,217.57526354912244,226.63783785089421,229.1933268499825,224.03209614575553,211.71475679236917,223.53034867440783,217.46383144723717,217.2715316019686,218.96908622987007,222.91000309041408,226.64665433277182,221.94338662821892,218.10870907029886,211.30842774770164,215.3159017944081,207.15503395795477,209.0252524704115,217.47136232261084,217.7765605013791,231.76164567880335,229.47931889512455,228.85428920216526,226.1357635337868,217.0748078417114,210.93819906482548,195.98569625368066,190.83656900483453,202.89263380770836,206.60105967312117,201.22474005870822,206.03475456482946,203.87053027745736,194.91910854738805,197.502763296179,193.1451621441148,190.79830559906833,193.31176256502903,199.0492313846346,206.02874584571074,198.338738796835,201.65731038924417,203.9573674010044,203.49429423375204,209.02542664398294,214.17982814225653,216.99603168148207,219.36840205179857,224.34703058829643,224.96821148804463,232.5512991159124,222.83033005284878,212.5869657591259,214.24786593811285,215.77804923409462,211.20853137250916,203.66503344267068,203.26494052816219,214.85475121208873,215.0643553919778,219.31481961920045,211.55109793460613,217.67225921936478,209.18901471499902,192.83183975949123,195.31647502417036
713,2019-08-19 18:09:34+00:00,,,,232.4089033429917,234.71082132307842,234.83285013121235,233.2305357869554,240.0889137287566,242.79076356994523,243.48442272148563,236.49496528326912,230.64680034839185,220.93509760669667,207.83182610090597,203.96188250362235,202.99261472465855,,,,,189.26123883411583,189.7892325210494,184.9515033488476,187.19702999579508,182.4808007599161,179.17318619581482,183.2382082400129,191.62847861261199,200.52793064489006,199.03599443379107,190.92918112415327,189.10885122179135,190.6459778330696,192.67218812994204,189.89839261480685,,,,,,185.55814993180184,166.96554423702167,163.13310421415946,167.49129155258555,166.37032321156522,163.49520733796444,170.48105200199984,185.08340044383993,191.24358338193213,185.59826212898056,180.43393984118853,178.6434637196628,191.93540403926556,193.14794280997225,,,,,,180.26979270726923,190.20086133154618,197.43466900751417,205.03531043350026,199.3940610316732,199.71483393419135,184.11493110872448,179.11723014118593,177.40291761028004,183.8158325375297,191.06923312404905,202.1856358371588,196.91299938566965,199.20082554793171,203.5365680003,195.349186259987,206.19369577249444,214.51159120469507,214.45418559980885,213.92362588437905,198.4407285532368,,,,215.65008185649629,213.1867559746822,202.49959986757153,207.01758890866512,211.9570640757224,206.65041083055905,213.32612868819575,222.07455427200594,218.40509387572217,207.45756033500484,207.49738453442208,212.80813418873612,202.84375032073717,211.01920551682832,209.85741292595588,212.91425792935107,214.50792087901212,198.72660210137255,206.57580656030387,201.20440498670152,198.43136762957636,203.77226350607341,201.95350173012673,206.37436063795764,208.47204596445573,221.4053727865257,214.00363384743105,227.77125446559478,218.165070592608,,,187.28292211912793,204.36349879200804,203.05739838270478,201.70241100972865,210.33615137240076,204.17723383521184,199.71639640312281,199.57492013167527,198.0179913431309,,,,200.77692201989402,195.20553856130294,193.72909488533577,203.3040307999797,204.69940554361605,210.98624073099322,216.66682456916226,217.98710237321558,223.95079632307426,218.14991735691282,224.652408991151,,,,209.11267562984958,204.2264566298732,202.5648744290342,196.45152493937115,200.60104054930443,203.74696531945483,209.73191518011276,207.21881658642138,203.83157881165658,207.95117560826617,206.14853424982337,,
714,2019-08-27 18:22:44+00:00,254.71006151672879,255.02400535886963,246.07205215236752,242.10961637375357,241.06879984252396,243.68411911387497,240.23443817243046,248.76187730669267,248.26184272002246,245.13894153712639,238.17105347415486,234.78880130028483,224.3273222781123,214.86888579213021,209.08686429868897,210.73231082722788,204.43755614559953,201.78628978378688,209.5887823402303,205.22007696783976,195.63029900065357,194.76177277606192,192.53092756792694,194.7517674331453,194.3256484155478,187.96302648183232,187.98117277999572,203.0159958298849,203.52217180000855,210.88117899405862,190.4591976768625,186.2343354798509,195.70651305793876,194.89095615137597,191.0230261868383,182.20679203479233,180.50180250856658,186.16421088378675,183.57155327643756,183.19267950567232,186.1662543512047,168.7776715179333,169.48416662844056,176.6718211667024,176.16649355632057,176.9201518232153,181.88156215102177,187.97283050702995,192.27700420957754,184.30002134636803,183.20757334566267,180.55224023305246,195.73439354256385,202.9856746848027,203.6841039934887,203.3003491314152,202.44914297660617,198.04875393644497,191.6169187247134,188.74347355109768,196.8714953986343,208.29722126310583,203.3941901921129,197.27267151274452,201.2301345333796,192.38781208541246,186.10561683004184,182.0388466793588,186.9873963400531,194.04610235232258,204.0557587664941,205.22404849391683,204.31377075182792,208.46801345086942,205.16216068154037,210.78240276175217,217.5663428525846,213.66570665548673,221.3458819567815,210.8644436567637,212.99956451045318,220.69399193909612,224.268293258286,224.62694556776285,219.7497057505185,211.94790637193955,211.14010326532485,221.7140254847578,221.09396332236338,219.27132533288272,227.5223176688276,225.86093177755117,208.54651924347036,221.58074849026622,216.54695038560146,216.96907331380154,214.2402396830827,218.48028703431828,224.61185059541998,219.018364725206,212.60489471365253,209.57206475985484,212.63524651394607,204.57343577853354,207.00818219311958,216.48272260248405,218.54176545019337,218.42870170586542,230.52270503488046,227.82662841758133,225.77552539440492,214.42169384357663,204.59232924636373,196.93757043911188,191.20094543068387,198.39086926897807,204.61256882714,204.0193096564205,207.0941573327558,205.26741874070063,198.93553429880677,195.48242699239012,192.0097281536484,195.00781855322796,201.77812212066283,203.87164117572743,206.99841218547704,198.555246395337,199.82872133629783,206.24013762564243,201.67550734872808,210.30811733267876,216.6029331801797,219.7176657085364,218.13279824111015,221.36239283103956,226.41918486498054,225.4337276754781,220.62421291542586,213.68805873435815,216.93178460785307,215.6538167170918,210.57594892343158,205.71459179243507,204.3911823646265,210.3746284353273,216.3667390172105,216.75622844142083,207.1431945091348,213.72754551307264,212.7141767948778,198.25506051186215,194.21745502129684
715,2019-09-04 18:08:53+00:00,,,243.29245949320574,237.71816827868207,240.82404835538688,241.70408471223863,236.36804303774665,247.617131732287,245.18267911864467,244.67126560753218,240.01931568801035,232.00147141372832,223.11322671488946,210.72400319094572,205.41009038985905,199.67475182507292,,,,203.39626618196877,197.53507506710582,190.35161146819064,190.33103049730101,190.9038945069364,189.94254575506068,180.66669098086106,187.2177542048155,200.35142246237803,201.37779783170964,202.1905384214,194.27234460482703,187.64776677068016,195.6819429716885,198.18939933247884,186.98601076773554,,,,,171.23998594581457,179.9345327800095,163.0290154523246,160.12227819412283,174.89779541474624,177.08260142534147,171.73388538196826,178.27104915416697,180.85999546082274,185.8842714659554,182.7671503165927,182.28547970281608,186.6198827555249,198.09422293363892,,,,,,189.0778962120998,190.55029361198845,196.37588093561578,204.9511835084836,208.035003006312,193.16966775155427,196.24405636918908,190.3389924434658,179.47213180915492,181.31234998770353,187.8055874420609,195.17393903665092,207.13053254765057,196.9570066300878,201.21289540478492,203.05254497669063,198.39726946988227,207.82346808563162,219.0053306644074,219.1737030516036,209.4270955102285,,,,219.39275130644126,218.86707220506003,213.9110273399565,206.7467995401762,207.25708010762025,217.06231826053772,207.32438310038233,213.21774632761154,218.70106067187982,217.29341460963605,202.5361386294312,207.57656101631753,207.01684589056433,202.21595544368742,207.01379903837721,208.20879098748293,219.19347997732496,211.20658835846362,198.07874306928994,195.42864269292266,207.92004552228968,195.96545456413878,205.38750077359106,200.7590346864821,216.24909380777092,211.31886490012732,220.90729887974044,215.7777790732708,218.0190591756254,,,190.59113653340714,183.86580152435752,201.16288228746595,194.2923880491175,193.47591944434444,205.63739863551785,204.99540130769236,193.14739544884054,195.3511412615067,,,,204.6703254007462,206.34241478711004,196.96202120538243,199.04862045999081,201.38595041582377,200.45187263663286,202.86453928785062,213.1628522933541,220.21875800887102,215.7759635765514,220.4446190748439,,,,,209.93902842433573,210.76767226773683,206.38497219104391,198.50386826573344,198.06379765461065,211.40818962436575,209.9523930554438,215.31419578666046,203.19403194163937,211.42989336083096,,,
716,2019-09-12 18:22:48+00:00,254.43002406249738,251.2644961780531,241.04343555208067,237.45468999621264,239.1866101905572,238.91567616093795,234.50100189473739,240.80028277545162,239.15207872935838,240.61681715100525,236.72259472769062,230.59978939798134,218.90421319740938,209.41738339393646,203.22567887131726,202.9587487060492,201.10378341478665,194.55078907942766,207.88589317619946,199.4804424299046,189.43707668099074,188.55441518354837,188.34978448741953,190.82890349341102,185.7578441040199,179.73827126376779,183.0721375425431,190.330937877873,195.17883931720075,204.80463080951472,187.42740258445542,184.77831849278266,187.05433009652964,184.2106399901913,182.2755226924741,181.75994788951516,182.6059960816655,182.6776077345998,180.67786103642544,178.4490512467084,181.36642757445946,167.15589232929923,163.32156586803865,174.31658377872873,170.494842953979,168.08042605650274,175.69226168663738,181.3871103529068,183.66087203432556,179.40294567030605,176.60371916535155,178.95131967032953,193.5333254853145,202.88087912255287,198.77920235688669,199.05536546965476,195.79146070879426,190.03765382613477,186.6560617315095,184.8660141762264,191.552928703264,199.1780562984169,200.04778153524464,192.23044908612317,193.38947922811775,186.97600465400222,179.53202086341935,176.10404934876354,178.09722744731607,184.71281968927173,189.49037038909245,188.9495236174721,187.61627750849482,201.58476616259884,196.4399616314272,201.13950987658168,206.9812829013319,212.12806384240636,216.63096274583785,203.79905905937648,204.821322881339,215.53892210674104,224.0695896934748,221.98091188349238,218.6183555371768,209.05610914371437,209.39726199191284,216.1555572803011,210.450469357689,215.2800388515382,216.56060275996626,220.5151838782322,205.40456383823297,208.4319599472958,211.77459220416654,207.18692287958325,214.790564044822,217.5051466302397,224.3137404546512,216.14824822959068,201.53758947445448,205.76735193051957,204.27952578357224,199.2847161995891,200.8567105172056,206.71778403143426,210.95714400776325,210.24938171225364,212.66805046129247,213.7005357852568,223.7752098427037,211.74985046709378,195.17883009408152,189.52272206754492,185.1985536820073,192.77814885967172,199.46103983337332,185.31296511289554,193.01971664208858,200.10599386863657,190.31340802722053,188.6074752394481,184.45515856173353,185.79908377154936,184.9681361229836,198.88131051591583,199.80019239289126,187.24636276143633,186.31810469803054,188.92481739952476,191.10336015129712,199.4239180078701,205.1416617090129,210.27912535399724,205.68360729754284,208.12624733350904,222.20081706513815,223.6550167029048,211.35294735750125,208.70840258979328,215.19956544085443,212.22415267371758,203.43479991237206,194.67661891728426,201.3952779221765,207.52339754120615,210.98089018161033,212.58807883996795,203.84706019498475,209.3410205942875,203.2645864966184,193.22237740902585,188.89255975391262
717,2019-09-20 18:08:10+00:00,253.35161542623362,250.38702727047857,241.40413622021373,243.42398258899243,243.23644648631165,,,,,241.88616196254762,237.9181627793712,230.24822514173832,218.28356040788665,216.45317633781943,210.5224394335133,206.72077951591575,201.44949515673147,197.4803059244736,209.12228600920355,201.7615196320603,194.7912809632055,193.73024960868386,191.63000876309295,,,,,193.057192687442,205.44172847818928,199.22638875106423,189.84745852614955,182.79247230204936,185.44256787270223,182.39296617524337,187.39794635631597,186.59467013340387,185.75522397636013,188.56054653542935,182.73545592836365,184.06338360036972,186.88777716706716,169.43014535205668,,,,,177.5675403172409,180.946597904437,187.00484546751684,175.15664282837824,172.01559904580998,172.15030183671206,190.4221116646776,202.8430478654901,199.74822077940442,201.29391811823893,203.3546803894763,201.52470739284587,189.87175827105065,189.48772104703903,189.70481807010594,204.67898548763202,203.01319435062405,186.09196663339543,,,,,,,197.8580830141326,195.21424648861,197.67341995154652,202.17012561335298,195.24355451626394,203.07305904226916,213.58596457498615,216.50430591840086,210.47925678897926,206.92347629054206,210.91879634550492,213.2411644636739,216.69643905107029,219.6965309895449,210.07320632071185,,,,,,,,,,,,,,,,,,208.71087888301457,203.2900866643685,204.65300805095566,205.72399295085103,206.95016112323896,210.1144907163031,212.6815474439771,212.96119969760824,222.18128661236221,212.135257381727,203.14593890228832,193.4883725899398,187.72402536000027,,,,205.04327093540076,201.64327579385434,191.6085960008146,194.60870070108072,196.98661302771495,195.31075188600542,193.56003615846743,200.82523390718396,206.93692053012353,,,,,203.11007122226601,205.89024307519284,212.50255997085515,210.20081351560935,216.9368586552219,224.10462615659165,222.00025996788725,208.86873559085683,207.99633397288233,213.4798730856184,209.8013913143304,,,,207.98736872892275,213.73766352070817,212.7017764438117,200.4325409118098,207.07497662196616,203.1468696537633,193.4603624323088,190.7554689893418
718,2019-10-06 18:07:30+00:00,255.58937802163007,255.24667286883363,245.6645886157193,241.2999660314207,240.72196705979,243.27342584222367,236.45164293904497,246.3103639695589,249.6573321242188,243.66623085280742,240.38378454435207,230.09028030199266,,,,,202.38289386208257,200.14950116620938,215.7899174961832,210.8231418508691,203.62701285458402,203.48855153708556,199.6543842155601,196.77279284760715,193.77440085228824,186.7723587451373,188.88692248268705,200.74610027594537,200.10596766250146,209.8546623960401,180.4516904167435,,,,,180.9815304928606,181.35459784798155,183.21260860958,183.2523026743447,179.87619787574533,184.80256096146343,168.21782226070644,173.52964623971826,174.9484471805266,174.03650903626078,171.13082982493503,179.74632468387915,186.13619311240217,193.91181938911404,179.74399942247777,,,,,199.32895435205648,203.5071829556048,199.97310714508995,200.79131451307396,192.97953256443031,195.41565542194354,198.8016688822646,209.85878075067927,203.73120478005222,196.8852406301196,200.29534269053852,195.00830075240214,186.47545923710604,184.60955802464804,188.36866554632525,190.9553203893655,206.458363045667,197.11117793851747,202.44203501851032,204.78765162967608,193.11472139658812,,,,,,206.74057863740245,213.51288435881895,220.01432161334003,217.5291044999335,214.30982880672246,210.05656031946256,209.84819229456252,224.66007979893203,223.21308818375627,224.9119643487298,224.8721570900975,223.32683577846973,206.32651191625305,219.64764974880683,216.58380734047006,209.92494120944207,214.65634331538016,213.05067236447215,224.61583265488292,215.9566199137954,210.03582688298724,209.33258991327023,212.4629261918484,200.79415310216336,207.36217897912638,204.18673671859847,215.89551103316188,219.0280866231343,,,,213.3438881733374,198.51460695645738,190.8748962910904,190.15816755712723,200.73869732012824,199.64613135737932,193.61057130192012,203.35659471060777,207.99965435458205,,,,195.48312405329682,200.57103063781713,209.84139213822345,208.4620002829028,199.34033070277655,206.61297723718823,210.40237115056,207.78680982144735,214.07131803678394,212.1437625686194,,,,,234.8408630623556,227.7992458368504,216.742132298561,220.51957724824734,225.3774420540106,215.49287685402618,208.57175504753997,210.58030990359197,216.64374041465177,219.56438386136142,224.23234459649416,,,,205.36481143520038,199.36731735180064
719,2019-10-14 18:22:56+00:00,249.00715065812557,250.57223305634608,245.25833914127722,237.3668856863669,243.2440620093056,238.86703430689806,239.10651596982325,243.09170201967032,248.3327941306256,245.29183975339646,240.57916424796923,229.93838830424863,219.4243091617444,209.02143767250612,207.7444398171462,206.49796447296026,200.36984022465367,194.153078946257,209.35779207971387,200.6414497579891,190.23163507189764,187.5559457718237,189.67039955837583,189.31933276368363,185.5396379916943,179.27886756797812,187.22616554637207,183.9868181639406,189.89071888105613,192.11673725242986,187.58251278949209,184.8965029925668,187.42689513796853,186.58026327588541,186.79473626202292,178.62152440530215,176.23432344176624,182.15479153048818,182.27084800828493,184.1272920145146,188.12242658117947,168.28483533877588,165.00509471453938,174.17411860811916,169.25723170392442,166.43933084361402,170.6905527811005,174.6544452850623,176.23598027635182,173.42961478687033,172.48606790260897,183.95302059233723,196.04460881626818,203.91930444724593,201.75400578547172,200.98465481872185,200.2691276009944,201.48690893549372,191.74661240660868,183.16411848187389,194.38856039331324,198.7378683380835,205.98539479197288,204.5576890285823,201.95441512858088,194.67341878599626,187.55127818864543,188.51498309232136,187.3756278538959,192.28929006050856,201.24655818859736,193.52044005524132,199.01775249203024,202.52273344991877,190.22514392930287,198.09029244215566,205.19367660053928,211.99792515902686,207.05995301747657,208.04093800105807,206.28401386812044,213.24210508835884,220.02046017963647,215.63082429790373,214.00863802869816,204.6762320242595,210.22694030560586,216.60252437272243,211.67034858212665,216.94595527158447,226.40045671721413,219.60069578786945,209.18671976188352,218.91924017064264,210.70983015205738,207.36278700566305,208.23327062837822,208.31019682225195,222.0331027036126,214.47935706556086,197.19901561340038,205.97694299359938,206.53718496720734,189.81553338026168,208.64414614859288,201.13658886177933,207.6889024635352,211.25558560494107,212.460507656245,212.86140828788388,217.60586376923618,211.47537363696324,200.5580959506748,191.61701167533647,187.6531006707265,196.14556605936568,202.87900211763008,186.19946348823242,198.652313048555,205.70668817934114,195.28068169460693,194.36149798975174,195.93032402082144,190.7115794547757,197.60835463013595,203.80305586705617,204.93336469128326,199.11920507432745,197.85555975490564,201.95950134412251,205.91881751782788,205.26469680444353,209.9448858991226,216.7138071589991,213.9451322894936,217.01728539050129,225.73386761417683,221.377336467937,217.0293846804326,212.8696107464604,214.73508930379631,219.05215133846275,207.80918626145117,204.7505709521877,202.44303694547875,211.99628315524177,211.22230889781486,217.92523652163663,213.02206492241135,216.4378229776557,212.9421359965079,200.17711241123214,192.20998567421293
720,2019-10-22 18:06:50+00:00,257.7348339856501,258.92410221295313,249.8717932274696,245.39921326095663,245.8825688153865,,,,,248.47928561705424,242.6679053181207,234.28682272833618,225.86641355843904,212.5958828962134,209.25196792779738,212.6896881628664,209.34348117946888,209.07964254059658,220.90180375713678,216.3709564291479,203.60767645984504,199.93064064432718,185.07144679237211,,,,193.48906423749224,196.38700029030554,199.999570343271,205.69044658500638,196.1636455215733,199.0783340383768,195.40353622820876,192.10777703034492,196.34773618151033,187.9407716406056,186.55612060995492,188.10634585959508,186.85426687766233,181.4692819769391,188.1226837473919,162.12922367147615,,,,,177.58936037043202,188.1996532259452,190.46492342464458,186.54316840261913,180.9673802968533,184.4244624536786,199.39487561511453,205.01565006684012,201.59651197022396,207.58508120003063,203.7375541611802,202.20359736311667,188.35050470136508,197.15578233922002,202.30290319395397,204.3202539323239,206.58327003646596,201.61805678512468,,,,,,,203.0334920281977,201.59268946625593,198.9306376028857,210.8236325108136,202.02353633373795,205.86017058308607,208.25576783516573,208.9257931425928,217.29988567825274,214.5431444778726,218.19867760389096,218.5238683295831,225.2720698027073,220.49716697759578,214.05716983239637,,,,,,,,,,,,,,,,,,210.8314763181154,205.46034736281837,210.8173748764474,210.0816650660762,218.14230413293632,210.8509333260252,222.5066019230638,219.8959767301046,224.14840222811074,215.83080684045046,207.56276806223084,198.15620751001526,188.141495707512,,,,178.42129466134975,181.45968442275904,185.89380324542142,188.57535306322958,189.10997985822686,182.58901738089958,185.01106645398104,196.9634709623427,206.30592217683105,,,,196.07738685012797,204.5420071122632,209.4637389663021,210.2689769959685,209.06120462570772,211.34922517318958,221.52692498698082,229.86868675582582,217.3140558944537,211.25895404263338,218.54102171879492,222.03289478588619,,,,215.91199581260702,218.90335765289817,221.36823647345116,221.12780826235254,221.93028294510157,219.48617006221207,207.79110717553817,203.73556156241222
721,2019-11-07 18:06:07+00:00,254.2713910087557,253.56185166754364,244.47377947643852,237.5083750795656,234.69458289230585,,,,247.19156196646006,241.53318467816757,238.68976683439632,231.11580292347827,221.51324695500796,211.4196676967256,206.0772257596608,209.78354008747914,204.769917771368,204.52088611505587,215.24073042141575,206.95896054308338,196.49919327809513,184.59842741351116,,,,184.88316134433597,183.63123223658644,192.74005801206533,191.9683430518757,200.273332155841,187.09459444646052,182.94504643107933,185.52326641920158,187.76162907269725,191.76899736762937,185.7182322338176,185.1643377521405,183.1621582920851,175.76182885381382,179.22188885598922,171.87716469996454,,,,,170.2297519367547,178.27378816369787,179.96908029526585,184.57693703645702,176.99742936754177,180.30356548531506,184.48981121724063,198.61768591398868,205.013275096399,207.06925207252527,207.17845082731057,202.5022808507447,195.42948061940973,190.04423936136797,195.50129600205048,201.96340021750908,207.1105561055033,,,,,,,181.79662590949482,193.1661653182383,196.0947307156931,194.85672752171484,194.25854177923992,202.54637980402163,193.38561805893156,199.9866645950555,207.92588531825834,211.29764326986992,207.56203147840012,206.13423137894745,209.40326307592198,214.30531302372515,221.35310785373008,218.14918113726736,,,,,,,,,,,,,,,,,,199.967919456905,205.7777166225358,199.58991405023255,206.90386265729666,202.0672791054089,208.66038861756155,208.6682588158364,214.07548358398793,216.24449058589343,221.4740848178553,212.31948509172577,195.65876704459015,196.43869724942977,185.17813280250434,,,189.95169145176376,199.35118531305207,198.94540691716418,188.9246941412454,193.97797265294798,196.65815231656586,194.62546194415665,195.9949653265026,204.57493958149914,209.26919023658786,,,,206.212197971961,207.84421508098444,210.56399093680986,212.51865017897984,212.34025371465867,225.02600517566609,228.34515811115534,232.15953391595707,223.4409323394267,216.7223214961769,216.02357257576517,,,,208.87918360448995,215.6064425031215,221.3900915206226,220.26840510605064,220.29464583559374,223.0200446758045,224.05007115368133,207.88898570239533,204.1397858348568
722,2019-11-23 18:05:22+00:00,254.69230445636498,253.29780493299188,245.03533007895885,236.2393761395161,240.252672429757,234.34388870867534,,,,242.28464807120682,239.34531717145367,231.8840980116811,221.8818765319407,208.60541729308585,205.7345730878479,215.66064993146392,215.40035892032793,213.26928618553958,220.36711721058776,212.32865435066185,198.24016227483483,197.28040548810768,188.61702105682082,,,,,190.42732009795736,193.57596577520422,204.51094943264883,190.95372504110867,187.2491371745965,189.15920651063715,190.84880709150752,193.27066991573608,189.6846152185216,191.39829967684958,188.18826986649688,188.71090968715077,186.10999806740367,189.2576191191633,174.68345473997806,,,,,180.14722177027403,181.79942625704837,187.79080711631565,180.8664080026613,184.5268212842563,182.18520867510904,197.97838382270317,207.86137590659638,206.72363049037676,208.90397551102456,208.31676548763895,200.53344117118013,198.4818761273849,198.25863993031774,201.58760574829356,206.6152144435839,201.90364711026072,198.62722085637367,198.59806591313554,,,,,,202.46855681520458,196.35691258161773,195.0150340801165,203.57551163549851,192.7002256654675,201.7683377112969,204.836326031728,206.34102316772862,207.4283465557147,210.79997267949963,211.26003706918758,214.43463879241926,224.87641463208158,218.51772763112592,218.5531546970265,,,,,,,,,,,,,,,,,,,200.8251643216546,206.149650388165,208.81922076552934,216.10366413684815,212.72577311992055,217.1030996837647,216.2752351412097,215.2129384685977,214.0128016112225,209.76996845066145,197.6503183090625,191.7458399495665,,,,194.4821025216238,199.7271605250334,187.36684552609523,190.15623041206328,192.04050150379783,191.87494278823584,197.98455038510912,197.4528862073301,204.62947030113406,204.0435547094304,,,,202.25375805094114,203.45584385136402,210.24976211141552,215.79369503652197,217.00135342613999,224.5881180583358,224.9498461881284,220.6754045026676,213.09273689908244,206.24854744671558,216.61276177326295,,,,210.53854915135423,213.19361916373407,215.11284096210443,210.85177818771717,213.69749070912152,206.6208196418637,199.6349609616545,193.84800529654143
723,2020-01-02 18:22:45+00:00,254.3570335978065,254.3706365049498,248.64230181504382,244.67092382903405,244.00533690966154,247.77490430906414,239.39099331846452,246.14457975178965,247.91584970514472,247.27283246460638,242.05420713711592,235.00018808948113,225.8110457478469,214.1743958158014,211.9948120565159,208.5458123842127,209.7538869416073,204.0884287502335,211.45469771445994,200.85113170712324,186.92455267308253,187.74155929806625,188.0378939390314,193.66236606471733,191.36689054253858,182.49803440394086,187.50029139402233,188.07688576194565,194.1582390879501,209.06202473842154,189.7658266734458,189.6216093246654,195.3989789937895,198.4518486956466,196.49138020402563,191.76690774461838,192.03881956328541,193.77692320215527,185.7652425961266,189.386804175966,190.10171927861157,172.8956238138738,169.73430400492074,175.2206097030903,176.350903934855,171.88054024794164,171.66589064874773,178.75863965198255,182.88247469447478,178.57113621374742,180.6175571204254,182.15314752695514,197.62410990618216,206.98181308778135,202.90224802738285,208.52252694100295,210.29601771581036,199.5123708261015,196.45565735772698,197.79414054951104,204.63381632677616,200.01623143926645,203.51316915039752,197.67006262809838,200.57721546566603,187.9699580544842,188.86429030901877,182.79808013093594,187.18085109001478,189.89834540017497,196.2953273247272,194.76809579901453,193.36835952411374,200.9312398179028,198.82936136353894,202.96257493491396,207.58320091256041,205.03922161477703,212.72280483627483,203.2693910174056,207.68186199851178,214.0247502607038,223.4571495361048,224.73335152898795,221.93959093458557,212.8954514511877,208.59639737156095,220.59463601452066,224.3322816055374,220.2373758167323,224.66637049782483,222.37666129542615,206.59194260608373,217.14951482572377,211.89249951395112,210.27474621052755,217.62626452406977,217.98166137115663,225.81708045181267,218.3890599380023,213.65638083421393,207.28503462739104,201.54591334288455,200.5578800271534,201.8771845650616,217.78390797563364,217.6119724987793,210.69034524464507,218.11005899880004,221.3834564971725,228.6224073827196,213.63540637519515,216.70171719246235,215.90270100325625,209.63342815826178,190.61646599023481,177.5176133493237,182.6730763243799,195.7595827608501,203.56908111996768,186.3017357684708,187.69601097763353,177.6332922012122,179.47662150444754,184.64876436450143,192.33907413989704,195.91841241329325,193.138036752696,198.2980487650973,197.67522490404176,197.72189046162828,189.44944666224052,188.33040231553605,202.6083649238382,210.21078123002695,218.81944613394256,220.45025317007276,218.9605042591388,217.90796754091338,218.35952765899228,211.65661790159845,215.40158120870407,210.6745021496459,205.4967237949963,204.05219306689628,212.94623352764427,216.1781573501749,212.25220536190977,207.2212008863862,211.38663401271378,205.14976038880513,198.47409870430124,192.08514428056014
724,2020-01-10 18:02:56+00:00,246.47157031034558,241.94813181653979,234.4913701477151,232.90045285566117,234.10129062986994,230.05586063259568,228.9951670239172,239.7550285967805,239.64028545999076,235.5336517547958,,,,,197.8601880395739,197.76774740305882,193.0805342018606,182.96697949402352,198.64131586489958,195.58673334286922,179.91242045849168,178.96083963330116,181.55626952706282,181.42873788681564,180.0665292304052,171.9927896433225,173.31990283492897,175.11389528351194,,,,,181.89737893977866,183.27339427694753,182.04914144442756,174.37077640560807,177.20881660713763,182.3138446147647,175.574795221935,175.11099626119483,186.64038451727242,162.9736543023738,162.78240721786082,163.63890984511906,161.883535842465,155.6576214167822,151.66738369824617,,,,,174.3020541656213,189.01015963548423,194.07532730700342,197.6701662434299,197.5795013339612,206.2470468461534,191.89018118777796,183.57705636631044,184.77966206247214,189.00030900722538,177.7931473262044,195.9179842655646,197.19322648718904,189.50871169064206,,171.2366045856988,174.12036013854018,171.46138341632485,187.68972576307215,182.27366140600515,,,,,,,192.2500555590424,202.0808001950138,193.45660217457637,196.5199422870822,202.9812888332271,212.75408763849032,217.14713568543132,210.91079051714672,198.4456975130463,209.98035971456318,214.53279506504444,221.65423615915086,211.03621138552776,209.77769044915746,209.1830564158694,201.54010571673663,203.44553185150681,206.45852999390289,203.65890328548122,197.89631616779008,205.8696788130561,205.3191735042298,201.76967443383796,194.81215346725003,196.11835782545916,194.45699167018114,,,,,,,,211.60145554613388,204.8443879730597,194.91230169001904,194.77576587588135,185.71301129129742,180.5436195255374,160.0040950828356,167.07109000852898,181.58678802157937,,,169.0401443674432,165.9216795988467,170.53256228141828,168.71484119321627,183.3066944360221,191.70711858042037,187.95126103421035,192.30836192260392,184.8308220061695,186.4287730337732,,,,,207.1680134559428,214.75791500783248,205.94126798179963,203.48078401663105,198.84287630993825,198.10738266434907,201.34554945225875,189.56986304619988,183.65741638522843,182.2993336418022,190.06100056226387,,,,183.88146562794066,183.1075815756759,174.97224619388825,167.31320757252934
725,2020-01-18 18:22:42+00:00,270.11779427030956,269.35263864677063,262.8052453468555,261.0413766390051,260.9632324934381,259.26357767741365,255.97183350391074,258.3388509175519,264.4870892267164,257.7067788082003,252.27452360891579,242.19281175495001,235.83145485240942,226.6797775345184,222.58248468987208,222.3285232279474,216.43798907218908,209.2233392478708,217.4416033944757,210.4037761884588,196.78346551569172,196.75796268961744,201.60100644245267,203.04209880201557,198.00421779601703,189.45077367596002,195.19939514828985,201.331081076532,210.32857625386384,232.74646122239147,219.84175406285786,204.28377534807078,200.61636077827973,202.87841864482718,205.68372181194627,195.27151647640775,206.0978127698029,212.2892427683704,206.4118506199036,199.98762034965077,205.70888977424542,186.96974097186276,186.85952833289838,189.2706374246344,185.66302051679418,177.0667916852991,174.62592611527649,184.2662748288971,189.91545981357072,193.92297644808122,191.86470876190026,196.43457839326788,205.23099214579628,206.25757570498976,213.1082563137711,211.2032012051843,212.30226624096417,210.5200084086746,199.04936362904664,202.84252199507435,211.36221424461337,210.193604048005,207.8696269733914,202.16449180949724,204.97843804600456,199.30934315719944,201.27076520605246,192.97110471107462,195.4369727087314,200.15320073832044,206.40420223917903,196.01079947044866,200.4807328175085,211.61891109295425,213.2653001863334,218.02912512246408,211.54159530891914,218.25545892443586,229.31312075394433,228.45454075834203,224.16682746627112,227.7547401612981,235.67796691740784,233.72994846978915,230.1504277920617,217.88084765512815,221.63603801426092,230.02702285929095,230.16597400188417,239.9392164749065,239.30330780118982,230.14372358851145,226.7215298573981,227.96939470263098,215.62019576913252,221.87494029663435,220.70547798784233,234.78165407857634,231.58708627011404,227.37604323567967,231.98274472939255,224.53518973695213,215.74976608917916,212.01717004919394,213.6351065885284,225.90927206543103,,,244.04565136639312,236.1095326825947,240.48695621707682,226.82517612113278,226.45399343720987,229.46467409115678,,215.6355800017621,193.38543804094186,201.10824320577257,210.1038704816013,209.06069766753396,196.37157819590834,196.43485828509336,188.58654960240617,193.65084198833017,196.06227708789424,206.12803060713955,209.48631955325482,208.10682043732717,212.73598790166744,213.73581309670058,208.00075521419993,203.4338830136869,205.14412782240817,212.51229264318545,223.22162305915364,227.85365208814738,237.46821559996323,234.79533413231454,227.3117671968968,224.6669354800503,226.34637352399443,226.23846699779432,217.95322701763453,215.75663395062006,216.73978663872373,217.22090458866265,223.39478805045133,220.09389284822686,222.11084228565915,222.84862706829756,216.77713150254334,206.8941674618942,201.00677980293653
726,2020-02-11 18:01:21+00:00,249.43944474391233,244.4847892883217,240.08691884916124,236.81455096206452,235.41817777578046,230.15000447720604,232.59837201441889,240.57959025633983,,,,223.62340055028943,212.9523285795068,201.25879562762094,198.46144705072294,198.0480387523853,192.9017348643272,189.26780002266108,199.56065880505054,201.19618550817546,182.94790886458833,179.0147547464053,179.2187588651785,180.95632985713138,183.37445701745708,166.91494804835554,,,,185.58569869301482,181.9193028284168,181.53687282051627,179.37438572843052,183.16835946226985,180.07110792270214,178.79900091750852,176.24416482317764,177.58457617477475,169.55693889792192,177.97241776487834,181.3811759212648,163.098428209492,160.662278838659,164.87060180302723,156.3563586330809,,,,,167.38238121692694,171.36548117975263,173.09503884070404,188.6153149559029,198.4696325452611,198.19307680791076,189.31448659875622,192.6123609590772,195.80110362276525,184.52002665652492,183.02410665716047,191.40067044752672,174.85699825500768,192.68674345779053,196.37111089209142,192.75428726294757,178.90095493651458,175.9344771653838,170.62857315810916,,,,,,,180.03241468985692,190.17217771522033,194.44364478769455,190.8424731615989,200.06247931312328,197.66532735293714,202.11917758195034,211.0450076374255,216.10163411714552,214.62900304005746,212.80192067724806,199.42963458511804,207.4525476757325,211.14988610653563,205.61921278236196,206.1662472201548,198.35390137066202,190.67231855246635,197.0793440019437,200.98065096774465,204.47680677249738,187.88746355317346,,,,,,,,,,,,194.75699678013598,201.8135915568398,213.06585849417036,211.65543964861368,206.1982456849716,199.99701089042455,186.0670513933693,185.97618412970434,182.65484430945475,172.73519655275504,,,,173.3086542440148,179.98716552917028,172.1355207710779,171.12120583154757,170.00755035859612,191.56476434252892,188.16145478563018,188.4461835611084,192.17554001666673,187.92907494870906,,,178.39127758578704,186.97547907500746,198.93028971398604,207.06365906371363,213.66270281923116,212.9968393765132,203.99190120440667,202.81482537412137,198.8959756491829,199.83932417638198,191.08655539975743,186.41065277621635,,,,186.54553362409536,181.35078527008008,188.09113434768437,180.59820159723796,167.01979828114258,167.73257186240085
727,2020-03-30 17:58:44+00:00,269.41667321006815,268.06101145391045,258.6762828826827,253.83493756095058,254.37887148864286,254.8557169264416,246.8357106541305,,,,246.64136101988862,237.23311171173117,227.74960070961595,213.92696363199343,209.75930245323573,210.51434608654077,209.75955820537712,208.06635836721412,219.05699175854883,214.8730560635541,200.84013699109863,195.4105232518648,194.67948970079414,191.7481385402205,,,,,207.86262682480856,225.35075438002107,217.29689135007263,202.88028091022346,201.70352295106332,206.80940393819753,205.5742883644852,204.41283551252405,203.79488608250466,206.97391260078064,192.56211090163015,194.49704219167333,193.36793760626185,179.3871784977679,171.0899140051521,,,,,183.6613666132714,187.7833002273907,187.1605711672299,183.27961079508637,187.23481160382806,197.53902764813006,196.88842915969178,206.16776932716527,208.2475283522029,210.81025090008916,205.46705379015071,197.8602374475962,201.17296517400956,196.78196233427676,203.46628895684182,204.30758958206334,196.12163440795993,204.34781105238642,187.73827828072734,,,,,,,201.56799784018614,216.70330903576257,212.50095837885146,219.91147595935433,214.6825100147338,223.0598472506238,227.6126401976725,226.68439756631204,221.76862500599242,221.99035982346038,227.9797503433456,229.51745295242858,225.84163731260801,218.00588511444533,215.8256981217248,,,,,,,,,,,,,,,,,209.32549633325465,210.83484024884342,224.96369930898368,227.20599670030649,,231.68435718073482,224.68780359567924,230.681563663024,229.94311343386957,227.21487730548478,212.04377106707196,214.61738456815962,217.21885242488133,,,,206.30300846601003,193.6781543706644,197.1312150264191,186.72174698588873,190.94420179765436,194.8357138240785,204.03680733958012,210.51942555917628,200.52425156947,192.56609177090283,,,202.4547091338739,206.02805758826725,209.10920877209907,214.62064952811585,217.80324115161056,224.11541491709102,233.03663563923502,226.22506462403325,219.31361905637357,224.29099126750154,222.96875275963362,223.70548438184514,,,,212.66711807565477,214.12298434424326,212.06055188875217,213.34573177221816,210.83444519885887,205.20306857728926,199.83469898993388
728,2020-04-15 17:57:49+00:00,263.3388903211446,263.1168695440627,,,,251.01636276672212,246.6146631650377,249.97356851489042,256.0268233186763,250.76862139435246,245.88881362177105,241.50916612773824,237.00446249098863,222.28125067838835,219.71746551352516,215.92723430589422,215.50653432234486,210.07381374484902,214.20542430016263,,,,204.5875315213176,203.1975189601322,203.3544939847634,198.71110642831812,202.0296575635648,205.9586381836939,212.50288007669985,231.21335324146264,202.17899022051256,206.08706407066853,205.6003749268446,210.80023351326605,204.94297840283195,206.14596473664017,204.48554308749306,194.1961655331482,,,,,178.84535987627453,179.26153786021513,178.24589059036526,174.2153593098716,180.11734606933044,184.8432789211463,195.22160646858353,196.3907217775234,186.54620874225282,185.9845025013954,196.94463025836484,200.98052550791317,201.24742756063412,208.72486550808793,187.9966669364996,,,,,,,,204.51426335958257,187.91375453966657,189.9380014307073,193.60083996056414,193.58740208616683,211.2536447398303,217.70792758011748,212.96984178972144,213.4431208559223,,229.02462933154698,223.9135701939854,230.09216293682977,231.23886284540464,230.5882368823462,232.73689344742309,222.12451221322436,218.35826065851697,,,,217.32682418431443,220.8669395946401,226.63100443967494,222.95922237410537,235.78451819171175,237.3982095604448,247.88909464402204,224.0776503479544,232.76114228913076,217.78431716062923,222.88504244129692,224.8226099936959,232.9527237661091,230.87573467265787,236.02927162318784,233.75758484839392,225.8826683985616,219.33731104397302,213.1566433737134,217.81248623085216,234.10705359701876,249.85794666581418,,243.55570693733634,235.2374506051341,238.05902687994305,226.42899464056148,214.58983005464648,,,211.41918253212376,210.88217165638088,205.4723219464924,205.2149620965648,202.89199953894448,198.29036985404196,199.62753109820747,197.4740493742858,196.8304426441232,,,,,207.00995384164963,206.6432585650627,202.99086660338082,207.88834058516056,212.75012419790662,215.2989858024747,217.8555650610407,223.27675784064292,229.54338298043342,238.40105180293943,,,,,216.74175747372357,211.16764472877708,213.9652227078795,218.31925482051625,223.29399027372597,221.63714421531296,220.13491043936688,220.81584143640964,212.144676055591,206.0775692172748,196.86353465458436
729,2020-04-23 18:22:05+00:00,254.52863359879223,252.53571747879738,243.08316582615052,238.0810761031009,243.89225736442245,240.3427530795998,237.6097852603324,245.5354265849374,248.5247961969144,241.7217218456675,239.9475508901523,232.33863435938918,223.1834875158701,209.76093705020412,208.2769666088039,209.93874588012534,205.85491540247506,199.64489308193075,213.0202521872921,202.18224084620647,190.93449722932067,183.8724789832548,187.4580745400949,189.7419149420606,191.7267630198989,186.07841292270152,183.8815518663933,186.20078826154236,196.58007765083943,204.33684565874222,191.0831446285187,188.66578926020372,191.81775952782675,196.69050573825348,191.9975181370313,192.99296001356225,194.21829653353518,190.43703201600664,182.69415300034882,183.2642736153293,190.28858590509657,170.33697869015134,170.92907673792797,177.74462316548824,172.50279442441814,170.19736698305928,162.32601311934195,175.18698694170422,177.01104246510698,178.53249647028304,179.08983012007883,182.9971383576936,190.12951796495395,198.8484419890085,189.85123575515863,201.99172702469787,197.8695041589993,202.162629636289,194.38475331226664,191.63465960907382,199.53049125574768,199.7465057037623,206.54507887831062,199.32583171774274,199.85328194798137,186.17209552016624,186.56395877478167,182.8694171546918,184.29332842900067,191.61884101938443,207.85593431051697,192.80702819372632,198.62920117334457,210.5959991656304,204.0362636081525,212.4060112913681,213.4353801440444,211.98765662947216,224.14172819120836,208.64801925458195,213.8281358418672,214.5119569475356,218.36694289276508,219.84346616631902,218.60620666215752,212.93198207027183,218.62701306321554,228.77975675844903,216.4430079285518,220.69623061220227,230.3831961597079,222.44838171619318,217.69025206147418,215.64194042147133,204.7498581112607,218.22262048171518,215.70371664983054,211.9141674574562,222.89958052097614,218.11123115819123,211.8134108374768,210.08698881546735,205.87069200266865,201.07037631372933,207.44096683668187,213.8880788945428,222.40579450409604,208.06717602992057,217.97818416732423,220.6793484248682,223.95488435623585,213.5551332325652,200.07624918146493,196.61680912337323,198.10940739015751,198.78871222966967,200.50670944917593,196.09110202706017,204.23154831706617,205.2799553838321,188.57508734690288,190.81840871695252,193.39751950165976,187.70002525265596,185.74535975899565,199.62881128027234,201.72651279451478,197.59876495354436,200.27499908920436,193.79443370082208,196.39695339338567,200.16133519210933,200.9494908231801,204.78106186607604,207.52680812701755,212.50280547000114,217.71099082165335,220.75648133127487,216.07174136078737,205.20325242339499,207.67903548068844,216.36940935430397,205.75535338435117,204.430864549763,204.9117696948431,214.10081858331,218.96278861662122,216.28959663907702,214.6293891179985,213.20452733807758,205.37097776516723,199.16297989278348,191.5062618287031
730,2020-06-10 18:22:09+00:00,262.4571364062713,259.79139277674204,254.9833901282243,249.6462757385297,250.75008803175194,251.68096005609286,245.7533641879633,253.40917322885088,258.90191298439134,253.58291381476369,248.63271951952473,242.9758274387695,235.06213756337337,224.5563233728822,225.69943896585505,223.28234285389627,216.8171850063821,215.257150624708,223.478564769742,218.07737679728544,205.74547351095342,201.74892006339715,205.74189281296265,198.80612739252217,203.77174075389433,195.83527408072814,195.5010153577967,196.23221820071262,205.1860609958859,215.99923589493753,208.17305392401215,200.4884006444326,203.8089579809197,203.46014946604367,202.18099798463817,194.1682379081605,194.73601076924078,192.4649952951167,189.92784545982875,189.1823945692443,193.72383296743956,177.32632249621437,177.1628040989842,180.63250033281682,177.41393062742281,182.2155190555634,178.31592005066133,192.67392476929066,196.99259548571564,199.21432984989073,184.16290328322688,188.725409376637,198.4071823376978,201.90165367708647,199.47394227979584,204.69816917574963,206.10774591222633,197.71225517956987,194.57792269695398,197.92400766922674,192.88022886379568,209.57095204238885,212.80795830846537,206.27381410419503,206.32423238458972,197.73437177213793,196.30618218384427,203.04193715372338,203.44483067257067,203.6544357584271,208.18530802319856,198.3226892558806,205.2357772426084,210.57584658318154,212.3772426035175,219.6505534405851,224.13438643551302,219.03137680810406,226.48605632744733,226.76091463060422,216.98239576119641,216.00313952215438,226.24734532841083,228.70277085284891,231.65822488545558,223.43796619549624,226.0127037276822,229.68722238794993,223.2543212888157,235.77097364330632,237.32956692352153,227.52135911636094,229.70692255544773,230.42938725240512,217.99398772005327,225.78492180673888,229.7017091391392,235.40015566482538,230.85244866557883,226.90979815977545,229.43224041692486,222.49619368064265,223.1717133251733,215.66950691938644,217.8899432685513,220.73685796187095,235.637557140408,265.2011632271674,240.41526857068965,236.37039812031406,243.94957666631828,223.0574536484815,220.45991948548328,205.04376758537393,198.23991197069566,202.58667359119312,195.97047299536996,199.51388206369302,210.02074490888197,206.22635316678878,194.96352171912133,199.1753115049151,194.01640450012854,196.61541474522582,193.9272245738715,213.47857691591287,212.79347620107643,204.2570604583832,202.86399470236327,203.72091385571977,203.00485628961957,205.9181351455774,211.1783527966026,215.77416511715634,217.1197417605476,217.28424288499792,225.98259177515706,231.12238812007143,222.2675337612629,217.5645962259667,223.00154114860646,224.82031282092925,216.7223241856526,212.14148590239432,216.79338154633666,222.89241427476634,225.03784566271935,221.45816721001194,220.81673075031355,221.8675325177967,210.59346698713603,199.77307662978816,198.42280730345954
731,2020-06-26 18:22:17+00:00,256.70696680157937,257.6444684048956,249.4928314116724,247.72682776484146,246.56598578002718,245.06119016631112,241.4744146582976,248.4962381591473,253.59690149545935,247.24454221249084,244.83494541883033,239.69819167721593,236.76926594849374,224.51865055329318,223.0405497944839,221.07917557924628,216.12488612310779,211.80817566094942,221.0870215120783,213.41344935712203,202.47677197627326,196.64020192422024,199.94307142478533,199.10960540168526,194.72430004494777,184.09347671383574,187.3847688732797,190.50662697410738,196.2294003874179,216.85179314510196,200.1338614232581,200.3827680911208,203.6456764773847,201.29856504282583,195.27385992754537,185.18923596060574,184.92496663649382,186.0061570468286,183.76405196923486,183.92733815537508,186.02577763568485,173.55363956511158,168.95015559926955,184.47836214277663,176.1409241750426,179.3188682920379,174.11400433215402,187.6597034859749,193.03371520275525,189.44311286240153,179.35357745089533,187.00059983738754,197.28836374865426,203.7051124468985,196.84250571963227,201.12184059303084,201.3361422564347,195.21650033833484,191.66689581342877,189.08924057743263,205.4724321165914,204.81136875386534,206.05926751961528,201.0002260665771,200.32473574124973,194.48721895249054,187.91287511414984,200.73444185941173,201.34469619843543,198.38988803778142,208.61918161670138,195.40948624997935,196.22443858246208,205.50689020681543,201.56860170496387,210.79130102197504,217.40572434849344,214.17274516521468,220.44480521044943,217.93021493637173,209.4247364523978,213.19148483766634,221.65962624134232,224.6276781485803,225.42268843410213,216.7766557988727,218.91347465058834,226.29557804775033,219.28705638506221,230.13330223967603,233.61894513428322,222.77754334965726,219.17557641004234,223.75169921107695,211.33049337923742,217.47249636396714,218.54989532354327,224.5970396440218,226.46927369572944,224.53760941817904,222.443791025972,217.41306817134873,215.2486390596726,211.1472801800826,215.20504433307164,219.36471230841153,223.21173130831195,245.96527861383112,229.91814318292714,231.08209105190355,231.7236577809511,217.0435543377869,213.6889213209633,187.24394975854187,187.38864470426972,210.15151426705222,199.88156346780056,194.33575039878616,203.00050169866756,204.27406053943793,191.05410120033048,194.2337231900214,192.04752517351736,192.04514572736127,193.88014515431138,210.76637105628768,209.89093306587745,204.21876888679105,193.72093358269638,200.0092557907067,203.5474957450182,202.48154028146098,210.22120439522533,212.5920044578285,210.13040269424675,219.1991264865578,223.17266475091174,226.39202202521216,221.60817742067078,216.30686731694078,219.7737953544003,222.1004116200761,212.78137905897364,206.83713638642075,209.73361262541223,219.33639101656584,223.5003497356686,226.6119516321923,219.69003129171512,221.8790016971863,215.64203319918255,205.27545477371513,197.49572337529892
732,2020-07-04 17:53:03+00:00,252.586580712647,252.45467856236007,243.46457080995222,238.21315212770338,237.38339444751705,236.38715060169756,233.88069575296123,240.37070811199183,241.02827650438567,241.7659733036393,236.31361447088713,228.2789493485624,,,,203.04794654896614,198.69211016845333,191.9534005064129,205.21882156138363,196.11924020257885,188.0186228709498,181.0350606331433,188.1978066426767,183.90578210949656,182.9455827906284,177.03530923086726,179.85829650748707,183.55153967282843,190.6004808674956,186.67115889225238,,,,,182.4890184974877,178.26176855204147,182.99648218466558,180.66595313091432,179.91887807906295,173.27384669139317,178.03122751206928,161.7663560917316,159.17236193869292,167.79708876622692,165.74621607181982,162.78752226425453,160.96935892242834,172.59640057957108,180.26524140772204,,,,,187.4739023374252,182.2867622439446,187.16249546712186,185.76556439773742,184.28405924465432,182.755627081829,183.42634698568827,186.14754580916247,189.94612842521946,196.02541211306396,185.92676814908577,197.03983561200442,182.08134753178336,177.69450940345774,174.29452093726255,178.09988927741546,192.82013322734292,192.36789198508163,193.65951115265176,188.09637854974952,199.13505473451653,196.1210231398181,,,,,200.34772423731312,202.58823855447412,206.37302430412763,210.84340809624086,210.5619515138618,211.61573827661107,210.46826275959648,204.62510906198543,207.15843324440834,196.85974920644952,208.93950967746065,210.1327604854475,209.71907810230167,202.441079636795,207.65619682173963,205.80984332199114,198.5588047181319,210.6483174157862,208.63414407498115,212.45587343065137,206.77668748741402,187.7758220571096,197.8274174149521,201.0571561587641,196.41223710140304,194.71041381572655,189.94533630281296,,,,,,213.44762146718085,203.0489861071888,198.04898407730582,186.44508362244255,182.8535149318684,186.14346936816423,179.434773161095,180.67153092109564,171.01029694609585,,,182.5638254435159,187.72722775314435,180.865549939198,194.68204339543985,201.8382662456262,197.78878323244757,190.9191167444475,195.43735996844362,191.24280826882887,197.8329102580582,,,,,206.6721993420153,214.94667034359912,202.07449394698835,191.89735264540113,204.19568694131226,211.67128902532528,203.5402233002231,189.67786150466065,192.26795571354387,204.51661821962654,210.3124597869058,,,,196.0357259489358,188.12585012962595,185.48278358687057
733,2020-07-12 18:22:24+00:00,259.39476376698576,256.80281570525494,250.07500545021375,245.5907042887705,246.22426816301964,247.19206055922325,243.71017814459987,251.24687849626508,254.25718857847653,251.0327057631128,246.19645041962968,239.9552478148239,234.4861058752582,224.66699025955404,223.45716321344764,227.57694899165983,222.8385429325602,218.41918938061235,224.3151980051021,215.390423151172,209.01355070308244,204.42161787150445,209.51994437125506,206.50056392219352,200.36264351135293,193.33361201514887,192.63175483570427,200.31806107398023,210.47640361447887,213.55042716706328,199.85938523668491,202.06343297148103,204.79872046928995,203.21449502783744,201.39316954698165,204.51258415571527,202.9280201046889,193.07840226212602,199.18325037508936,194.68417533122363,195.24109025844126,179.1969732594631,178.59731362909923,182.14523357742559,181.94472334567223,182.4324376783331,184.94809020357982,200.50659923725055,197.98312645637975,200.63898049242144,188.55562913330562,196.03401097447212,201.01393557370977,203.37666856282965,203.80633699940674,209.39193960647842,210.43955749924743,207.1741232100258,195.61632831734795,195.728213086337,195.04421222761965,205.71024261610597,213.73114044469096,207.55206485358445,203.14367510990147,193.84340862197314,189.05164608192956,204.8268317744715,203.88391404992848,218.02668861079255,218.68991784776858,205.41136174339135,213.96085116721315,210.1060640619126,209.62278668667653,213.48662421266005,220.59776433457665,223.10287937012254,225.41667775595545,221.9386599967778,217.87311688704995,217.30295785727236,225.25272783169115,231.0324602895182,231.3154062394372,224.91580070221363,225.73734890336917,231.47867228865837,229.45002876422194,228.63616861453687,234.7535465951059,228.09765133153013,229.10984036653707,227.64661409585278,224.80007704182236,221.9650161257931,219.3960332988785,232.44517992889308,228.29790035853924,220.98012452670636,223.45959867733643,218.70143604530995,219.4457711830452,222.23463812737538,217.9848964222453,219.002693752124,230.68504315524297,,231.18699327760064,231.77155609909366,231.22863918830694,227.69188149345922,218.2092231598453,194.9422838093376,192.91916391347564,205.30463118992557,204.6237409384702,190.4532473086772,192.36107129990006,205.5123830358841,198.1549306277404,198.83151319245135,199.01926387583126,195.5511239056143,210.30842854909415,220.34353547361178,222.64373758605052,205.03657336273073,206.9085254917275,209.88560690466025,207.75684310495504,213.18916153070518,217.43398246997023,219.53600467782425,216.63440339608013,219.0236146485384,228.5181293126331,226.60546513856812,222.07266825128738,214.52802791290907,220.05728438752132,228.78187298198748,220.88662043705042,211.12767550021061,216.23101617063307,223.3454656357531,232.21816939201528,233.65990289855694,224.13105200523182,223.10087260090572,212.58572554535735,208.7291214163606,206.1569364508684
734,2020-08-21 17:50:03+00:00,246.51384079603827,242.78499815969943,235.53915660423036,232.34652629551027,,,230.5954994861013,238.7379227176347,239.50153638005304,239.25248097853282,230.19541848350315,224.28325571930907,213.11521231714863,202.84536338891468,196.13011430749484,199.23885369647033,193.8330529501936,188.96212803598894,197.00670996613735,186.34602434341173,,,,,173.20045783039254,165.43217557422128,168.60678425915347,173.1281763119071,180.69299379453764,180.87454878138618,181.56401457711473,172.73633932478924,173.64897985479186,173.22054158020828,175.150719641426,167.20311002289847,158.73395315698707,159.38999825477634,164.32108126017187,161.74956740340951,,,,160.37040643038063,155.94563476259768,152.24908097390963,143.4860511348193,177.74732506321067,,,,,,191.8804038316614,186.36729739729196,186.8273636487225,,,,,,,,,,,,,,,194.4266555237338,189.40123023263698,183.7022320739716,190.3715185246886,186.30545238175458,184.6568851317495,192.7343175734403,197.1529655224007,200.7392449869417,194.866518025115,202.55175204233367,206.79429354187124,,,,,,,,,,,,,,,,,,,,,,,,,,,,,,,,,,,,165.39861728044508,166.6312777265119,165.6120964448216,,,,,,,,,,,,,,,,,199.96197090634774,207.63435205868387,204.49762926995896,188.53215697709544,,,,185.83443287724594,191.05567000580237,193.62511583475447,201.53669283050192,,,,,,
735,2020-08-29 18:22:41+00:00,255.9842302857994,254.76566454663123,246.78510433302404,241.73979132256682,242.12922516662826,242.8916673309074,239.31175605995907,249.32888010384522,249.26097340949826,247.1998305075188,239.93134345494883,234.73710568960587,224.57872101500305,218.35117179857508,213.6093744144033,220.17999258457255,213.8207186385159,211.06911953886845,219.1882289226371,210.78413356311358,198.8257819959536,200.0397080878745,196.05795366719798,195.81546829418153,192.55715831685842,186.65286476374297,183.17142460174568,192.27790979420058,196.76759682836047,210.2559432994183,197.24083232570587,190.8744044762972,194.22987291145745,194.86503129120416,191.09161664685666,184.8120743703377,187.04208454264077,189.119411962215,183.53741467891587,185.6440473486797,187.12266295556822,167.75999093036216,170.72702057865538,174.92769826986924,174.73042672445197,169.36354795220484,168.70561780213473,178.16043601723408,186.39864920264424,183.47715337776046,180.4242968176755,179.0532406564671,193.84389947335535,201.15899704303106,199.69126711945054,202.63886442406647,204.05209171290764,196.22534852157267,193.0996297564224,190.71828428651557,190.75023035662838,203.28008634543156,206.3740657947172,197.41013310589432,201.92912069001866,193.54776824377538,182.9517002850755,187.04184459242455,184.23386122248263,198.03135112616647,204.6484890375498,195.43277470562907,201.49458543025477,206.40359721729627,203.64193685723475,207.76949321208932,211.21290762033652,212.09094101668222,217.6339443026438,211.3413810574141,208.31674956784653,208.63720142178374,222.47712749467263,222.1226746611086,222.4551737495891,220.25043757343934,216.0433348971889,217.93410010022475,218.7531185747941,219.49578123920264,216.67139500724195,221.6891164513184,217.3371285283032,220.41536215635182,208.99190297948263,214.85577971490568,216.59816610116113,216.28846652307575,223.15754573542003,216.75375668816093,207.43207535231818,207.6866044078793,207.83337108656343,204.05797092326668,213.8321796308426,210.07335656615447,213.76841200946328,211.3997045463192,219.64215210194,221.76231630733918,230.5646818526747,212.22686099479105,199.02824005914692,188.57375897344028,190.02617737826247,188.443768863387,171.6316118272657,168.14213085004647,182.3849010107805,191.72032774357106,184.73143654245322,186.89861204011356,188.05530318508679,187.9578451957264,192.8844768616466,206.66029779896394,208.17535477135573,198.16370083574284,195.0813822329206,202.61266279302586,200.71418001289237,205.73853056057297,207.37324077117117,208.29896506931885,209.5059313471021,211.7410105949191,214.98197538917663,219.28884560416438,212.38013878949334,209.03430039584796,215.7807458558737,215.03215056759677,208.74959517234177,204.98140691055016,211.78008132288295,216.47689499999882,223.0214902544556,219.85530157040944,218.28697492475922,220.96848871738973,215.33330707034528,206.3644357253806,199.5841286285039
736,2020-09-06 17:49:01+00:00,255.3947148406479,252.0545087218124,243.36993745566593,239.62213775091453,243.10828368547305,238.8320929508484,233.31062171743957,,,,235.54273518900703,228.5128776742754,219.03514657090034,209.33537706046923,208.27576830199615,208.93900919434964,204.90279596410366,206.84544059721117,216.03918112930427,210.95047897770903,193.3528485477695,194.73334779721125,194.5062066616615,193.74509148473186,,,,,193.68331403911805,197.01163994348866,187.85612358236926,186.0218989622337,188.04841403659924,189.93951358426108,186.805082431821,183.991819327633,189.35350880299208,183.26151525425485,177.3432125968872,177.30685207585196,181.43159565601064,162.7456041839846,161.80254252040555,,,,,175.20239361718097,181.10921779828314,176.06691236886138,175.1098499404259,174.51314833478392,189.5699222990275,193.19543844805412,192.072970431547,197.26073327827254,194.95179943405583,195.47990240355205,186.01281356459035,188.081475490255,189.77984794094013,196.29326086022195,201.21265676718343,201.27584701202412,199.93033147930055,187.1908388972729,,,,,,,195.27194592612588,201.85524772790288,192.93445958386732,195.57150023305886,200.6880504438751,203.6502519801434,201.02938304837227,200.35007337696635,204.20730173378013,212.36042835901458,218.2725243786112,219.0709991195293,218.722837842592,212.41336916737333,209.5211999187676,,,,,,,,,,,,,,,,,,207.41501170087707,201.28210688224036,202.1276652860567,204.49954696806228,203.31595756965743,209.09129533214949,208.92840605316474,212.9933718775312,194.69934471629318,187.10637336904023,187.43454097710338,188.78914827846728,,,178.9943842252231,179.58021276080575,181.04228884835558,186.59033572858814,188.11207394387344,194.21069500990126,195.98689087590375,201.6049784730336,201.99645972939436,191.95016723983827,188.96403843643594,,,203.0182686567455,206.4630960941857,206.46028051469094,203.71373909109775,206.42488970102693,210.48081231015425,218.9550177561362,213.03478226876294,207.26926783006832,213.09452045250885,215.08346408664445,217.36311201381642,,,,219.41872222729705,217.35250682653623,209.76117087431606,211.44041371014532,205.94518983536938,197.34189124812116,195.21420386435707
737,2020-09-14 18:22:47+00:00,250.76513674360027,249.25572967270188,240.36467628025196,235.4422988673834,239.04521809821443,236.90090216108402,235.14404414839714,241.57607868311013,245.60660492663936,239.44257191355126,237.02881159423887,227.9899986572187,220.9651387179867,209.41476902709417,209.33565517019224,211.29966352252444,208.78396292096053,201.85606257158025,215.7362358619858,203.2505443299282,194.5595741249964,189.26346513397246,194.54787749450668,189.33760764145902,189.4003165098705,174.59022969899763,180.33066652494094,185.8149948729146,193.26176360258734,195.73135538031164,181.337829996584,181.19801865050383,182.77026922548623,187.12832531679484,184.18601489515785,178.6304104234253,,,,,,,,,,,,,,,,,,197.10358362462244,195.04872925050728,197.5742203530566,194.87941869334597,193.26003425645138,189.19459566993564,182.80326891849896,193.2196879599266,199.2369422284915,199.02749690130258,194.9064855520577,194.56467946493137,181.2863876359925,176.74331468171965,181.55991438084868,182.3050093368407,191.27829406129777,201.67545877670315,194.68191564743313,189.8161007190356,199.46125953927168,195.44333798068052,198.9753928893029,203.54412054709346,208.14745184955805,208.41876137707476,198.8690584259432,205.02964599435444,205.56181141528262,213.12834835804807,216.0184598869798,216.98924374711308,212.08132952021288,210.90865120165012,215.62592893636685,208.39641506656258,213.43266061169348,215.1462749511058,215.1106394113018,201.27133044284554,206.52880874500855,204.03512789789812,200.80212666245893,207.69227638686834,208.70285194835265,216.3329197939317,211.47037646475093,198.67351614326907,200.30332075952185,202.3314672704003,198.87896558707587,202.24727228702022,202.25708017321608,200.65815402158785,204.76615763204785,207.41273746058135,211.95502547857308,212.309500101129,207.50850101493444,193.9096320984873,185.8287601099209,177.0652296449627,179.07969632086116,171.28301636970485,165.39863843875935,173.93913246721215,179.88984005867061,182.04956362170006,186.17097737564956,183.86743445261317,184.13293028566338,189.8431802057134,202.6019869423166,203.18353912335257,195.3205012343766,196.93365991035103,198.81154685168073,194.7991615622377,202.22982346692595,206.36731024771143,204.84026781800802,201.01809214370832,210.77169951876715,215.08407456660902,220.52591987829436,210.19345155990092,205.73908134362065,213.44536872905036,212.65886311734934,205.53714574122822,203.24779748840314,203.7729350880886,213.8107711094587,214.77388539097862,219.21248951607313,214.94009299467297,218.1911990507145,209.1117720527776,199.84913778684967,197.32117935503408
738,2020-09-22 17:47:57+00:00,251.64613003506605,252.34393733471694,245.19515453910134,241.2407689700808,239.37789717195994,240.6713739409078,235.05425584414763,,,,,230.3031853171862,220.15339868291676,209.58331941421545,204.61943346517455,203.6548577560574,205.91328913375244,202.66612260527927,218.7434857299418,209.91127032602864,198.1379906015194,194.6555522981077,190.1676552389967,192.66180206917994,178.95948107649315,,,,,198.73529722160652,188.05863885299846,180.91439453248887,188.12437837582786,185.67586326912794,183.60574385769735,178.83823326079226,178.85786237906274,185.49532003713864,183.22994688678216,182.67841937179065,186.14153801114261,168.94733757422932,168.2568675620642,168.75394124698636,,,,,178.5011616787343,176.69159458395114,179.5524210665484,180.40622036956398,188.50754563308965,195.9080829976923,195.26227355288842,195.03842352889944,196.2818725545032,194.74248384195872,186.08237763892885,185.904109458599,190.72037592271988,193.73103946606466,202.85335136573354,191.83190651287947,203.03094476930468,187.82524961858633,180.2624088227683,,,,,,,,196.76493524769825,196.67522773450057,203.02962037771752,208.60256442425194,207.25862882863657,201.44417041273675,202.89199673780755,207.1523317896042,212.5306169704032,213.69755476682263,216.03442674945427,211.89420951245773,214.36914612277977,210.29312602820306,,208.81030736457274,206.657813916606,213.11726703453115,200.4299653378002,204.0166080138206,,,,,,,,,,,,197.20944053020253,201.43925716268524,206.23970634638857,203.221856415384,212.63073263349767,218.18913597409684,210.75083453490123,208.6314503274217,188.39342337359966,185.23737105986135,187.29565895019778,180.06784661363344,,,178.39914149509428,178.44013098630725,183.6750585212793,180.7500770422256,177.4864785521763,196.13739140271954,208.0490539555924,207.8052002212263,201.13574321505925,198.971803007611,,,,207.3237467253124,209.55448474024513,208.82588250862233,207.58819345384688,218.44490596515706,221.70890832351483,215.47864117581167,208.9488915727006,216.78956726399457,214.04140210956461,211.02314085828246,,,,,215.97061696101733,213.98768937575866,215.94054745164698,218.09362185449868,204.8386468429518,198.74355514596778
739,2020-09-30 18:22:51+00:00,253.8102251883084,251.11633692667783,245.7707994005617,240.90012295583983,240.79636378062872,237.74580666541806,234.4769519017985,243.361963306295,244.3667158835517,244.43314389870375,240.28112203915555,234.32081977199948,222.96875649489635,213.28620115856478,209.78799525778305,211.07745290284456,206.28534399090825,204.20588676945886,214.10987534213655,209.0087226560741,195.40441052318516,191.04365392834268,189.7324314600576,193.33763663255377,188.76851546760278,177.12215860376153,179.85352562447562,185.60158212218175,196.77075988354392,200.36235857927755,195.6799191985647,188.9380193893944,188.7925232929951,190.12086298197016,191.52542630847987,183.53992728943035,180.58921306517266,179.4886560234719,174.65295728705678,176.9500084077747,186.04737346341108,169.4330793240191,169.02217900262661,170.90479675452886,169.98599709735777,163.79536195977022,166.8965801187233,174.61398023030011,177.04305774638135,172.51240161680326,172.90851371952346,178.2796884274471,192.86592420126755,197.59644451844827,198.8875122160175,199.51480990164032,201.29045276495617,201.19235563182508,188.05232838364321,189.5632372538051,189.67082676629605,199.83305630104752,205.56579088952003,195.5909365765271,199.37714614387883,189.73873686321764,180.7596018004147,179.43139892557366,182.01274374694077,192.6036412031106,197.97111703308966,193.61028893832776,193.19551687894594,203.43737672236105,193.1284616833253,196.89055577111696,202.6711220014763,210.45061245785934,209.41203948946833,202.42434426009947,204.3544843648203,209.92012847392945,215.02032017081285,213.38789845825374,220.45594852778754,212.5143486491021,211.24748910062502,213.15954745423687,205.7470557572734,211.8242488607325,209.19842971079183,219.081277875251,206.3900598994183,209.44825228350163,195.22353524779678,199.46947308934247,213.54317506186396,210.4561305495784,222.2048602615072,212.7437917558513,195.07207959021656,203.6389281379076,200.4290673714878,201.27232178660375,204.88442427334166,197.09706987902604,205.9464113355149,208.92258665246982,205.3545821931849,215.34209438804388,211.27248640751935,201.75514961504302,188.93303393915124,187.58681841337022,190.8551808626435,183.76836372373742,169.2418326806482,171.17532576700052,173.97877827702874,164.54491473838075,168.98554226075203,180.32006898397188,181.33693881191607,187.34336101681782,179.5847702134239,187.0500738723988,194.73236398500978,196.1708198993088,197.2163085540692,199.48291185931194,194.5151501745819,197.60047829530782,196.66117444033603,197.2372706726679,197.17046349519353,195.6522033738534,214.06171935920855,217.34142042808725,205.96278435422752,203.88080760368894,214.8280208240866,211.4586505728309,196.9597574081585,195.86290343489821,202.14368320457606,206.26685129916507,212.1469227797078,217.17174483206594,213.97682879526346,214.17546320840881,208.74470423446056,201.8844643124857,194.5844794133797
740,2020-10-16 18:22:53+00:00,252.9435217192945,250.05727477220836,242.02198650573402,235.37265443145333,239.14384396942444,238.11636181651193,234.8409121892911,240.26605384185407,246.46114034279958,243.7693559936145,237.99285939411357,228.76713075252292,219.87527246793115,208.28043609349578,207.00799968479578,203.08111932967836,201.4104888506843,197.66563946288113,210.3359062579598,199.0160588337402,189.82021863480446,186.90616166568117,188.8926560562811,186.7798730624135,187.07889082727922,179.1005876371857,178.73633248311384,184.36419215063262,193.85488422224782,193.71271280196808,183.68205765589732,181.17394809616172,186.01299487183056,187.1968506966957,182.98122937684153,175.89190047698216,182.7387071254899,181.88923650383794,178.7899100316979,178.55144426363154,183.71045224120923,168.82710156245287,165.32698536327803,171.24162649760206,168.75697787522137,161.79028095484057,160.4336399244158,172.37519394514894,174.965121841285,172.13159700178628,172.6016380212714,181.5689633941532,189.35928371322177,196.8190379811003,199.9332172476523,198.9236400693635,193.9059271349944,193.45425615781218,188.7905443421183,189.25240813466388,192.7044260106427,197.98595224084812,204.1200271362708,200.4796085344965,202.21529851973992,192.65044252604048,179.85354367580982,176.8838313853638,182.09387919462887,189.28392609229803,203.10500862840337,196.14155705635457,199.33597129736313,203.24671912448338,194.1629375579716,194.14946233974266,195.70228589434907,200.1896615799269,200.00993162793083,205.20486763445746,200.97042814472235,206.22870332909946,209.24365311311473,212.5474699781892,213.64327814551137,208.82538112382943,208.3432942670068,211.84309323991607,204.39947437203415,212.56018230379135,208.9114610935715,212.6805987973592,196.56716565585353,208.81685205880726,195.40397193321536,199.94409529170247,209.57976682454597,206.91385946354856,204.4853560497446,205.81295327016016,194.86398461276653,193.16548606660467,204.15738661831153,190.7158384521223,196.91543811491886,194.64757036496155,201.6367668043477,208.15953750027447,200.19246844649695,209.53232144099584,205.26911736269824,191.22653165735903,188.5482245152483,189.22702068279946,188.63907048673514,180.82585806398998,170.90867132368618,172.5198299583201,178.9553261238567,178.24057371407005,171.7010006751952,181.6364170535188,183.40884817019946,187.81951189906584,191.66632451064945,197.84358792609726,200.67375827715273,194.62069694932498,193.75992710733286,200.77488278556197,196.64408192762897,202.73777816956377,203.65775397916045,209.94995948745392,205.58747892087544,207.01230549454783,214.20124102497073,213.9654471556865,212.30911026472748,203.6333253363336,210.97224575231883,214.22304807455396,206.67027448807843,199.84923868993988,199.26199372811666,211.12913637512946,211.84574619402906,212.16377470176357,207.40484417697706,213.4936793993735,206.6697867796188,200.45993304759347,192.7673683956456
741,2020-11-09 17:44:49+00:00,250.9615525042515,249.10655591113607,247.01804739055257,241.9366238676043,243.36964994352937,242.11270047759868,236.81386443060893,246.80085726748808,246.42687124283543,,,,222.61540058195655,212.63024840629936,211.3177895171879,212.4268854640527,209.6057814619815,204.73892887763748,214.74977040239685,213.53259559480995,206.21293639188875,198.00786762505214,202.69177318663782,198.3124159867159,198.8593171096838,184.3240735959096,192.2970559506902,,,,,187.06715123410982,188.8481005347296,192.62217471784555,188.13024592546327,182.11433947832052,180.24641457659544,185.02653751266843,183.2112916349325,183.33796856049557,187.7148541693226,177.29298876792853,173.78219426593327,179.40251920796155,177.71103831576346,167.01944238380537,,,,,177.62226998541962,179.55039331803636,195.82832732041615,202.78101513830342,201.9049338273536,203.24185006804333,202.6314158558128,202.88906551184579,198.31754072756726,195.9313284036882,207.8403594365891,209.16853780092327,207.9641551051181,201.3893326489038,209.06786371241185,,189.618773072227,181.64939369525626,188.5750649945658,190.25606193155934,,,,,,205.62632855568992,209.21638611072143,211.39716752104823,210.67964649255381,207.28251247018557,207.49313094387003,209.21851965341818,219.97801400794566,219.2306065774386,220.41083348846664,217.31026742637653,212.1481678072731,224.96708561751305,209.8938532739671,222.88406792340206,220.70073940662786,220.04422633726895,208.88691846796698,212.05244009574255,209.7278372149078,205.2462533952387,211.89098012584253,211.4891948859476,221.49081456875365,214.92566805024958,213.89085919774283,206.49787993128308,,,,,,,,210.0493236249215,212.39410419802294,196.7311094636058,187.6817665765028,193.6382081297684,184.39342593150468,176.63203981668127,164.99644768645257,166.20092726153013,,,162.6962433555745,171.6242824844858,173.70549506529983,171.93790257007942,177.94739010068457,197.35434053318932,197.97262699701474,194.84086437333747,198.17149697608986,200.0614490785548,199.3366580462406,,,208.06529652690512,210.74262423297563,208.12376690534987,207.5233622739723,213.2217523826901,204.68355962737448,205.076869592494,208.4181165994824,213.52556703262923,204.1204384547358,200.6333244498706,204.84552015248119,,,,218.32425784718538,215.9845300161262,203.9111429731396,196.83606420598392,194.5375107954263
742,2020-11-17 18:22:51+00:00,254.90239715737286,244.19801910843805,239.88193236717427,241.3640249738002,243.20642964016022,246.33589258932827,240.21953208897673,246.7093446480094,247.03903825361544,248.1235448261138,238.08439318858547,230.67996371267284,216.1303506585701,205.83426145019246,201.1877075999226,206.23907924040742,200.49171022466243,192.0773409803142,201.90803681642006,193.25925534976062,191.0979160161666,188.11819351756012,186.2525698565702,185.98700553164795,183.9303866595007,180.21135801281523,179.1713380127876,189.07702202321875,191.81676365820238,198.63644173109503,185.6189142781489,182.4889451849488,186.59988732549164,187.30575650664952,184.5919148792729,179.4776303249211,188.0231445595499,183.85293232884675,173.0466473263126,176.2840906048453,186.81373552384258,161.25608818646555,161.9040118986229,168.4853614537113,169.9285105594154,166.4012196152855,154.34877755938658,170.2787208777445,170.77085165692228,171.21733298507843,172.5643274180546,177.6905725416654,186.5324914978168,196.63321247583127,198.07708276821865,192.1036673254911,194.94592623154426,190.2436520483818,192.70496115838438,192.08786572347282,194.08524552243654,191.46422519231564,207.12535757742774,,,,,,,,,,180.696949066105,189.6982706461728,188.27795028639434,189.8013597578751,201.77607683723707,204.91992068991163,208.88679114179894,202.10576771383188,210.1643339309835,210.46164972695595,211.58045863622536,211.55972390468114,208.8626631577079,203.06053104508914,204.5463488231436,215.48794437800723,204.7027800138536,204.61612893191523,210.03325319108836,208.76202675243331,202.4119721139894,206.92050342187926,206.83650083407716,191.69487591383813,210.12966461488531,208.02624744174398,205.38732621694353,193.1688757615218,189.79904307292497,199.1266448022749,205.57184285237423,198.54306114885844,199.4826784616945,197.57474147089204,195.86073111640965,197.14722038782025,194.01931016576953,206.99014560276478,206.81903219021217,196.66728624475914,193.75927714157586,188.32057041244542,197.33272214823796,186.43876864703577,171.49828406457215,172.39103975936987,179.64236684907584,176.98070926828228,174.01415417276286,178.58497828917575,178.07640472616197,179.0714939716612,183.916955062225,194.9780146593431,199.8728766863623,193.91521836118022,198.642770318856,202.55711801614373,198.77298105059833,199.37786240594392,204.5161304840745,207.52691519255865,207.6527432817013,211.07151885497103,212.01614073981182,218.47464805093296,210.90919122921815,199.29856490989573,208.43774166509604,211.56411605746453,203.59828570569354,199.67760716759315,196.03406866931306,202.42691563867697,201.23212395061802,205.37109908673511,200.54088040970584,209.56909525702542,203.28934449001738,188.72752059850842,188.2271152739945
743,2020-11-25 17:43:41+00:00,257.14605912281104,252.60957493957088,247.90306410186992,243.3387928681131,239.7247554179055,245.69693633938417,,,,241.74184329244957,237.99165969848616,232.84837297189134,224.45225378398237,212.53828274404464,209.7223949528167,210.71093068364337,214.1926629604775,209.97770028615753,222.32329433035545,212.4019915089243,205.41240762759523,196.12754304979526,200.71546199065656,192.82077507052804,,,,187.63792814264386,195.70186670911016,203.4575462638448,187.7544250464287,184.26250698034147,186.0880196070956,190.45187099455947,188.6375175752191,185.52007676263207,186.35252213738875,184.63640812708286,183.83109078429072,187.74327364000743,186.14449634452717,172.93138745175293,160.40887514269502,,,,174.27663863610633,181.48002848698155,181.19313428168286,176.69238287758176,178.5541790374716,181.12675280142463,196.4633111593943,202.29234215057863,206.2435851965413,203.15090493361845,206.7617898115485,199.48448507213445,194.96947938875962,196.82296053932853,205.26544593635833,199.45689329237092,203.17117897144448,199.12158150287257,194.35358874055697,,,,,,,200.35902169254214,202.42415485048537,205.36411477300265,199.403017836335,205.74161211777064,204.27943606506773,212.9586986074804,210.43446806212268,209.780435355865,209.47193760359053,207.66194841182528,220.07549874280386,216.20993775962606,220.23936302294402,205.80898223174086,,,,,,,,,,,,,,,,,,200.3925651855684,210.89454584325708,204.1806795076822,212.94065405576276,208.27417568499294,210.36757080416004,212.92292531622846,212.14093565616446,208.38809378597927,195.53304167357666,194.5564592998059,182.55525359373635,,,,169.73411275246968,173.9706124994607,174.6885306866389,182.3762938966569,177.43201725077762,190.5041162379276,197.7260861797349,205.99992551141727,206.29047073675508,200.1809184222051,,,,201.36673932566242,206.73573564321643,213.46839478103942,217.96362420469023,222.34984480113218,222.4917468181459,223.42189654895816,216.1929869734079,209.21767921219686,215.24113299785773,209.77843446350576,,,,211.44251033972617,218.15655266702765,217.07838640512085,216.80661975822537,218.22389502274422,209.21775268100026,208.62701270307917,201.7190193364834
744,2020-12-03 18:22:54+00:00,252.8165452040087,252.2911791098567,242.98265895759886,245.8829339571282,243.98902202742727,246.83349282935822,239.79001949958263,247.32160560091256,245.26233825122432,247.1438847870848,239.13317381065474,231.14312457976214,218.93360160882997,206.99044668302128,205.7679450080111,206.98012346358774,202.78624963613814,201.72392551912088,214.32727696553422,208.5570729290585,192.77645055152175,189.13482612661036,188.73982892068994,192.92156232829512,185.58234101358488,185.1646187879178,185.4071776659985,185.97921353104175,195.706599103402,198.8334911184386,187.6139361343544,184.53202557115543,192.5056125771457,194.02112458974182,185.35372474868382,182.4467751756693,189.56976672378647,181.13979777524028,178.11001709470608,182.7377309388179,188.43348639560307,174.44305234024208,174.76281914790312,177.49209961099513,172.4441605127112,170.60305420312875,169.99147981836316,174.05473283910712,180.74978089768769,169.7976408365804,182.98399735453637,176.67821202276178,202.41613087971984,209.24730524474097,210.33495403565158,206.56737748649337,209.98781155561466,200.04889759091455,196.3517715271713,198.39509918304913,189.32164493985266,200.56579660945874,210.97873392295816,204.6236089926299,203.25404526994325,193.10062312832218,195.83761544712092,178.75343341803722,176.60964233518285,196.13346467151052,204.94326518478215,199.4467733685975,196.45774633130625,198.12246050790506,190.23395436513323,192.23543652238448,202.41611574962286,205.6143170400041,206.66017476894316,201.46790920180374,207.0304890462803,210.92850962789873,212.82750476667917,220.63935429689838,214.61156705863925,203.98833042592042,211.6659278947335,223.05793628579175,225.13961992540544,215.75301412022796,208.0066513990844,218.91893887214215,205.19424036719403,201.54594945941818,216.08305854481716,212.80484669227724,211.964375374876,214.8321720641963,214.08847092661856,213.89802617122564,197.7113665194331,208.1630265167742,208.9447605203976,203.11045629918453,205.702823565987,205.41175846595445,198.81250407404758,206.09411236803635,203.68484205021753,211.39908637780758,206.44338892015844,194.3282449055868,200.86210294216409,193.5923711813437,195.08914144490922,184.70531636223242,171.9605735887281,169.91119741929577,175.8048540538031,173.67200929845853,181.92259318282638,184.5091597732527,179.70148698546774,183.87663040359615,185.6063435838886,195.15339435757153,201.64309304982567,200.5105233688936,206.13194053990756,209.99226927319253,207.68542420979443,203.58758168814308,206.54805526634175,211.11529552273623,218.40261972569533,217.02927759446777,217.60585179638446,224.19652206807302,216.82148928556063,207.02961844061204,212.19519714802618,216.70736065464328,212.22956109887747,204.58253382143528,206.2732280092827,214.02738181043486,216.4441544002069,217.20786170085063,210.22922826980084,214.41261012334098,208.15118173786792,198.3108368280258,199.44869210401708
745,2020-12-11 17:42:30+00:00,,,,,,,,241.74206863773028,244.7968112460136,239.3646030558222,216.88378490173304,224.05966010764416,212.8710710342431,191.59767496887486,193.88469455826572,,207.37760442551485,183.60541535585753,207.6356318112875,202.8631922373051,,,,173.17369009140617,,,176.3612260476604,,195.40816002326352,193.0599488687928,189.94261331378794,186.19991418744974,189.99617788889532,192.14480869543766,194.24534984156674,184.6215105299057,183.85699091301137,184.4643737796493,178.9349430003249,,,,171.4210247548275,173.92514411952993,173.4527104478617,162.0497939535014,163.99741007722432,176.70280297637407,175.11428176773805,175.47744356935982,179.26728947699914,180.92656300970924,194.557736557763,201.5415478434068,200.0567079890049,204.89999928964352,204.77256080632705,181.62603152116708,,,,,,,,,188.9428762702442,178.76980629448303,183.55330222006654,192.7800630671968,201.2830084193005,190.0234218024505,190.37107641557836,206.52381590235203,193.44600166270402,201.12593013962217,202.4518451458087,210.2862506273611,209.13710533490993,207.58815065124662,211.208809389988,211.892695620822,,,,,207.378934664022,217.2118491010829,208.60480261563274,221.2271317343423,215.44827624106554,217.71029391653988,206.2129826824817,208.1742589824548,212.2405271433465,204.92108636825003,214.2961224138308,211.13422611346377,221.78503657610457,213.1898031627181,210.28354518298923,205.1114295264543,207.2092335960703,201.526955943959,208.000886230744,204.2407392965058,202.49022903016447,208.82465299346194,209.61812041236357,220.3482971899783,219.36600099812395,212.96604153014022,208.39522222906768,,,173.09137633266616,159.60979947837185,161.32711488052868,172.9255800760382,171.67796171567645,172.5780818835787,173.53821350759446,172.89852457909808,181.52180502242706,177.71146003845422,,,,197.8523719245439,197.75444854205597,196.67188789172081,189.8679841973731,187.79347119215095,205.50347786484537,213.67005987309994,219.72643163301862,217.28991125574336,218.20997785752508,207.9810400883763,,,,203.21912469561966,201.58944506825043,200.84475657757378,210.45070067373018,214.03230477251412,212.25528518053142,216.78509185342398,216.98272666798508,212.5782430227879,197.87930511432117,196.23950103143795
746,2020-12-19 18:22:53+00:00,251.70766412779832,249.2783968521442,244.06271979671777,238.57462837700655,244.1586275189208,242.62370475939719,236.9114986468478,244.21957105552792,244.03778166776985,243.82379667808465,238.06575003090973,233.8208944707855,225.277000932218,216.06308120348956,207.01735567479585,211.04135468520462,205.13913015716426,202.81047021945488,211.10837384417607,205.20254454097184,195.83183897166282,185.687645134533,185.11378962329138,189.03111779209908,183.72301033678517,173.9705610052098,182.44815005384214,189.04980247754628,190.28018828260952,203.00347185493698,187.86478307787013,185.6232410065825,187.84565038882414,186.99808713872943,189.5713317255339,182.71325908074692,186.65178453480945,187.87442329933518,181.74764964393654,181.35748195184357,190.286019392023,170.07028963285683,170.37697818659774,174.86871243677086,174.6291205569184,163.53908329377657,163.33736960397977,173.6085359901611,175.05848316390933,172.48878397596218,174.30132128188333,179.087477871825,197.95309868108643,201.19348508189228,199.45735353132744,203.00407485313386,204.74117896591125,203.816588811805,187.04880312811068,199.7594950819883,194.6764845680379,199.32254781842096,203.11071568278652,203.13260562421684,196.4520334789793,191.87465116265534,190.4932734439819,178.99270409721294,180.13813418782854,198.676434684739,198.12631685454537,189.04027056004136,196.83860000144725,200.28909738455076,193.2416171521964,191.985168450386,200.15653874428602,199.86009299746587,205.2657433145202,201.97196657827487,207.56428758164398,207.55844845949395,218.31551196634288,216.42220739684987,216.35179269549388,207.21484330166075,214.938600527151,216.25710571258296,223.67849402165507,213.24124839515824,211.41767637183477,215.0830511746743,206.10548405026694,208.37706218208427,214.09557875826607,204.44149344962335,214.42351612581504,210.73365679776555,221.39679379528522,214.28620060710665,205.9317240579855,213.48356888946705,203.06251883784546,201.30071819500324,209.26986076503948,199.8654950783486,207.98291323430175,209.19710571625262,204.47649506323478,213.55032052069737,221.533264114429,209.48696968641923,203.98720709384827,200.80200333213023,188.39290854962633,179.37726071572155,167.74834020715534,167.72882866359214,177.49419875734515,182.57448420720152,170.81826051510672,173.84463178345027,166.97109574679365,170.6873306269293,180.27320186684852,192.73321773820226,195.49428822186545,195.31994004614683,200.20917742069602,201.17825626765662,193.37793714563188,189.8085417102486,197.53163563086204,203.99617410091227,214.70790480290063,213.12042195258988,216.49797458069128,219.70000335706,206.84632878836888,203.2939519036339,205.2810369781593,207.52050961666583,203.66404465605123,200.4328139764373,200.67485614001964,208.47355086211857,216.81585077529706,211.15737550959602,214.54200106769957,212.97166533571686,209.77491191436366,198.64221809825017,192.97397574316318
747,2021-01-04 18:22:48+00:00,248.3433139005774,249.12724934740018,241.68603776766082,238.07040403956626,239.99046242952323,239.7706884174151,239.10108467419542,242.31200373800482,246.61802711287547,242.0308678545539,239.83212747972885,230.42992337739304,222.08097887567453,210.42062545790372,209.92315328879613,209.35653336463469,206.72224518486686,199.6851202175439,210.21912723443813,199.4872334686504,192.31301531994612,184.2501866658004,186.60303182208986,182.40718962954733,187.979249767382,180.0958783135559,185.6965234906624,189.69172001845456,190.3124511172208,196.43425060928956,190.67452915142934,183.15954507703987,184.61929532107553,190.16448723895053,188.67066973818453,187.279103152696,183.90678139699236,187.20434066393565,181.27725272176372,184.13387131530737,186.63630941181867,169.28581454439762,164.9694633790555,172.69041412627655,169.80229941435,167.07087531719836,163.81082598553292,175.2932685332705,171.95422941866812,173.68318687538522,171.5683874372628,175.546584100782,192.35755238497217,203.49696110740507,201.42530430833187,205.47330109839032,198.85645497430465,198.4331914094041,192.86115190830373,193.78740736314222,195.25085178541912,197.60348957072517,197.59291791010645,194.83909791550514,198.05123000003425,190.1429186373639,191.32821392853214,178.98555591940791,176.933853458591,188.9875417698812,189.3059954238496,189.66640321744637,186.74319953260823,194.34121072411438,195.6055727020845,193.49414562359163,197.93245142290704,203.28145473396654,204.64033148666744,200.59525891896305,207.41370361653549,208.10508465607467,221.36429438096238,221.94491078834085,214.38358384314554,205.29706860425125,201.62820999623764,217.80358786899654,215.76147433948955,215.66223580443528,213.21956686128047,219.31062460038987,207.08839572037715,211.23756812406802,210.17504283414365,202.31986441561457,210.5769702106364,211.7351960004686,216.5629119505087,213.0480886813632,214.3474049640118,208.05854776383026,203.9393578661917,197.00054493463,204.45852352046896,203.07687297833016,203.0161321713458,207.07098663271074,208.42513817981353,216.24290023306585,222.20556327260732,214.26910200836755,212.92986559785334,199.67266644607218,188.17010524993123,180.37465454828373,171.79994458751213,168.11195147537234,177.98210907641956,180.25502891299283,174.69199345130804,169.6670281244988,166.88670498625342,168.28427663945547,172.85288875420378,190.67040255549074,194.50094942194272,193.8010766483048,194.27920975450178,194.64138160353357,196.72401680231093,193.24155518990398,190.90001919849493,196.36631432677657,207.25492629196833,216.70421269749917,216.23215411278136,219.15166065482805,218.1691217254388,208.74403420592256,205.8145423118983,205.2008562249064,202.0245404897809,197.73906718221363,198.18175258285538,205.48446939436104,205.10726844185407,203.55219152010625,206.47045757399906,210.90069616747394,204.89922652262783,193.82100618617835,189.1669271319866
748,2021-01-12 17:40:13+00:00,249.11190521357057,245.57996301024613,239.05183282400378,235.90619464313892,237.61087768868845,234.66262532015008,235.0089277992297,243.67705170370849,242.23809238572886,244.6272859672708,235.83155536869256,226.28075239278024,215.6486429634844,195.42879368790477,,,,189.92453271707694,202.50451332208888,194.4975287855213,185.09757757696957,178.39389578495837,178.52659491869832,184.04706685783563,184.77062575344542,171.24646063165568,179.5202158411724,184.67602598067867,180.9270117624276,185.50701169155172,183.31092266085383,181.74389969047638,181.9957706337018,,,,178.686493180458,177.093485353878,170.4337462370546,174.2842038569757,176.31463320628066,161.25453624791564,155.70131717309738,168.53828912638687,169.7503161981785,159.2025381210313,150.77763499932524,164.20571755904078,168.13858127646026,167.9984305071909,172.79248899605042,,,,,198.04904941226525,200.14687582335722,191.48498275344502,189.5822228278226,187.33280411235634,195.02701684487369,181.17639073338324,193.91995023735169,197.32227234033363,193.2483581053378,,169.30257420936113,171.68109982938768,177.07643591917204,187.58237597789758,181.31485477708017,172.28273518143078,181.11763345844273,183.0900485380655,182.26366950776827,187.40233013027267,,,,,197.60299946397538,204.17444251717404,214.28629759994078,217.1836370724637,209.982275853558,201.26063620293255,201.3373498365417,210.6226540921118,203.9254379000268,208.4389752420991,210.69199799801385,210.28005182986726,204.58395329195523,205.26391428859694,210.1806254389244,204.22281405457346,208.54949384288292,204.500314193438,208.24515989793088,198.2801009617919,201.20837501993424,198.65877521219937,191.3672641087254,187.00358819907115,194.11570060553296,188.20835932141745,201.5677161276933,192.86469139487826,201.88758663177816,205.90594410900331,,,195.1334551914024,186.44540106061362,179.27435097116825,169.1025690695767,162.013204976732,161.49538854293536,170.22911655701796,168.25932918369762,162.25357625872073,,,165.61253049304145,167.2333255730332,179.49206930932382,186.96711256410077,184.61312838254034,184.50104579292457,193.54629121427888,187.1574766207991,182.905695504309,178.86223503405756,179.59456102561762,,,,,206.61606102567475,193.73208961389864,194.59600100796024,193.0640326691498,190.98638034471992,184.72521204691105,183.8114930615066,192.45304970670662,196.87165240615866,195.10975407505106,191.0861678333319,,,,171.8325188826587
749,2021-01-20 18:22:41+00:00,255.3649272897284,260.5982030882809,252.7218500187122,254.7240250785168,255.6825854694523,254.1990323384768,250.5679178419108,255.95532475749758,261.67702023662457,254.94692659856833,254.54193913446977,246.71605647623167,235.85214773013814,222.72874337435525,220.2569470110818,214.81641107691564,211.34612651091547,203.58475838691692,218.0619273361637,203.87267437345895,196.17223107229276,189.3714323242676,194.72429236972036,193.85273147419088,196.22809643369806,186.2532589964655,189.27361560804587,193.42447754998113,197.39511508684885,210.77380444202686,196.62416178976372,192.5080592133129,196.29629707882356,202.44071393883263,208.18076526384257,204.77670320183154,198.36109061193415,203.39342740542332,191.24351761866748,188.25534885552415,189.5902107160723,173.49988909139364,169.04772609919695,176.05711850618243,175.67112139163737,171.39406288393786,171.1776326995664,180.3434086757423,183.49440673027138,185.25970496364198,179.0972359851378,189.2145474461646,196.5472737278114,209.3520814435309,203.29723353048743,215.93296062953237,213.96750030389478,212.85164400239142,204.89517889162624,204.16250938840574,207.45568862676242,199.49094428179166,205.19576121252896,195.6597169400092,203.87495435054467,196.15219257613612,196.6392923321523,184.35196286807366,182.7784318878013,194.5680850028964,194.96482141781897,194.02930209121007,189.22703308215856,204.27512188379853,201.657327801051,206.99777828130044,211.50069246744488,215.76332205757421,226.38926773667046,218.70595745064318,218.57986688901173,221.13012829002594,229.3540344627352,233.12462955324528,227.30610079033198,211.5077350321426,215.0466612064541,219.88238555235512,222.944360994702,226.76843043918694,231.14938001516967,223.81034472149042,218.78538166844191,222.89302287247793,214.44870680399538,218.0266860635546,218.28396135059316,233.8309314274633,226.501399952027,225.62331152441203,221.89889275214836,214.14824937761227,208.86064788109798,199.35941927183455,212.8420570955494,215.1691995631636,209.6727514448254,214.13557192766996,216.7405125078461,229.85122327423576,231.5511699164583,219.66165783579004,226.54688554025452,217.01898424184682,206.60689391679713,187.0009054155997,173.2756179701463,174.77665739063724,185.76674841146502,181.321054670779,180.5340511962251,181.02990169453702,179.475742071374,186.484685110293,182.75775207322903,190.98814605744275,195.7301830995735,200.05978335141754,201.751978350847,206.2194082205987,202.79182261453732,194.52153536040993,190.96662073773922,199.96734380249816,208.49943265611088,223.46316005055905,225.41558983568262,227.87398303413028,223.82579717961937,217.70119671082753,216.6418690466688,216.20598350044222,211.29544162402865,204.74487439837603,202.9642219913173,215.03681054026134,216.8443545082881,215.0830672426619,216.55278515588873,220.17467110173797,214.06907489251387,201.36955141911616,194.23203367887265
750,2021-01-28 17:39:04+00:00,,,234.55288391601098,230.06217262043208,230.60628409578447,232.2067767945062,229.13103448468573,239.58295434452202,238.187623012482,238.469775774556,231.6103383270363,224.37221766041006,214.77370420210406,206.35417761225006,201.14016684660874,202.5080119436608,200.20885908687683,,,189.34891206069474,179.73426210658585,173.2763984127214,182.04378342150704,180.62248031483543,183.1385871880704,167.8152831553473,178.3323320833407,183.90091970811204,180.39273081530334,187.6331614745679,185.83912023739464,185.57852831860924,180.33271846090793,184.85754106174292,188.26926969757773,,,,172.48898625607706,174.54906062237717,179.83368309375817,163.29732379130724,157.73296767021998,167.9219046764705,164.1838934833841,155.35876175974403,147.08865822813243,161.56624168067083,165.1702956825967,170.35164257799545,173.29329482477084,175.48196804647085,190.95558747174294,192.93274369513824,,,,,177.03494425674072,182.65614688812093,181.2479542132295,179.50928360329246,191.40788013811067,193.6376020146156,186.6335504512233,,175.81047764869516,173.716756968304,172.8021019184343,183.37551654121822,179.32941409529514,171.10525603574337,177.24145596971272,186.95495071452314,185.42856323988454,197.2271100525532,190.09835618063607,191.02217535136538,201.4084862190314,186.37554158577956,,,210.7210968057174,208.28026747449374,209.25099464345453,198.87908369568362,201.20550564884914,199.13735978622674,201.26956105627949,206.28780826688057,202.9730942312996,208.02611459907178,199.07653437761,201.80262477684798,195.0153174278216,199.03429129092854,198.76873102565278,197.16734970549683,199.1032686568334,203.27831825346232,193.87679430313213,189.1317823752471,188.15350216552042,183.80271655309528,181.6917432492429,188.74036316966902,194.21958720883288,192.62819780218106,191.80786120767272,200.60467746908918,213.3102590941591,,,184.85061064725613,182.10626976639696,173.3911059287906,160.7534439472734,162.90646924624545,176.57388615313948,164.56428746673032,157.98188952278275,154.94391881260418,,,,170.3423571057669,172.0856295063623,168.79234309997602,176.01376083623686,177.17967605874242,174.94027912907268,173.53900787229003,172.494434039255,180.48936124299752,193.92507137858513,189.3356350607582,,,,183.8253630494015,182.99401759569218,183.97617958225396,180.47001145181449,169.97033914747794,170.8058289155878,179.33202124376012,189.4847622945975,191.8443528627683,193.56532365639967,191.33559532033473,186.23135802152024,,
751,2021-02-05 18:22:40+00:00,259.3473808680603,256.58679218064435,251.73729511590182,249.18480837679851,247.56377145508247,251.6149933934492,245.6313093663319,252.71634249135843,253.70255817645403,251.17132234830996,246.40056596645735,243.8967185639367,230.92833629105547,220.72274932457194,217.24043469717958,219.88449019153097,214.05668713201612,209.5120196753606,215.28080040068,210.5172976255528,198.21692492137328,195.7769189664086,203.42287876330636,205.1399390627434,204.82307492202472,198.6651731716837,197.28106819655437,202.21540170281213,208.43497511371615,234.21178486209448,224.28979372382773,210.58070807244303,208.86113175315765,212.2450734373772,217.32683053077182,207.28595343441515,210.66658379259817,210.30052868341787,203.25855742478387,197.3177164138551,200.12180735153697,180.5225071412696,179.7257025027591,193.59994960368533,183.9921356537473,180.75804948627706,181.84365826068034,189.94060660945314,198.5430479840216,199.83923305451253,196.4875550477912,195.97750554336744,202.75558805867894,212.93100617677803,220.22600676330842,216.9405158481535,217.31461405722052,211.25801181895235,204.22348855504782,202.15992613786105,206.53056489793937,209.1001484155032,210.62124724245203,202.1121512041122,208.331275401867,198.0784788497867,205.29957405579913,196.1704217492126,192.2977906211016,200.45942118135707,208.4723671254942,207.3570921486135,208.87097970503555,,222.84324397384142,220.63447987559897,225.02294722251867,225.84466404460306,235.33431942350228,236.3277824721548,237.35146310824658,231.57532121639326,237.21351726220297,236.55051604272694,231.4476376313668,219.05811722838666,214.85935206087984,218.020790934173,228.7444761826669,242.59872562172836,241.26387820805024,251.45670626678697,234.95785965111963,236.82116234634913,220.743350829556,225.08157047728224,234.70701045960962,239.64061734401662,234.4344814686535,238.60027572567165,235.52978768224258,227.91003639813545,218.80741174587894,213.54926731820285,218.30224282161242,235.5895331507851,252.4858753462678,,249.77333961243434,244.745151886732,249.43713971153568,237.02370022664928,236.5907025620276,226.15941741841291,216.1364853540788,195.94517200944884,182.95892720710702,188.82711391015482,199.7592212853982,197.44633310121793,186.3668466447221,180.25171437194112,176.02226043901612,183.37163156202345,190.9071066016284,198.62671447758834,206.9850473847834,205.53038047858507,207.19016652765765,213.06931662731682,214.346689867865,202.41051080238992,205.21681698694346,205.29850980943706,214.97053466721235,226.7718994998765,224.53245746114635,231.4916303924144,222.36759726439112,221.05748569613706,218.4108585560143,217.27385929071855,210.9411014576512,205.54569931993763,209.7068654505827,214.30456873160665,220.06599811848045,219.83123829127942,226.4368509886674,222.04580717540944,222.6671936461443,206.5286418859817,205.30854171575947
752,2021-02-21 18:22:35+00:00,258.86724855922773,261.08659945257494,252.76680484287482,250.18937190817053,249.21304230968974,247.61938199201774,243.54602199063945,247.8208875969509,251.29095038865398,249.67337592950088,246.30335231576146,240.18933910602564,229.3421499970202,219.91912697789493,218.2643634391355,215.83516657276317,210.87791929815322,205.28802190433294,217.91001708790634,209.85177045852305,201.063129644735,197.45421384373918,204.85015295754636,200.87851218728568,200.55966887933067,195.29155180674306,199.30401469989613,207.2144981415654,216.82803670662494,232.9268494909784,224.08836653846294,215.4090172616248,211.82752411163702,210.23453521316776,211.52491377818512,203.8594732403015,199.86198467249307,204.89076586084957,195.29017224611567,191.04749403845796,195.92017248761397,178.75807425606268,177.54566205817997,191.43373934322926,184.74960079919595,180.8695868437293,178.43458897713504,193.22877948696973,196.42661316815207,201.21804494085853,193.9640385763554,195.09342890882937,204.29271184430507,211.56407524550224,216.1643690242997,218.4862658271942,216.0381430764632,209.69352452715077,207.26625955892072,199.3393552752634,209.39168391110127,205.38340742748665,209.70182244497613,204.13139519665089,206.86208460032492,200.4842161503178,204.2734116495189,192.32200964133892,196.91313268648872,196.7104543352159,205.9098055505994,199.1655167623204,209.04975124606528,220.67617715780978,221.54202281127039,225.69128202052465,221.75505758557182,229.48965415271903,236.89405866221205,242.11121160691357,236.97603097149542,231.3653433210099,237.21998745412424,234.88402775795004,228.28560908775125,214.07715408451554,216.34831655616586,218.48777080088368,228.9421779764687,244.1359071162891,243.94670392490806,244.5148409650476,232.3564677315524,235.7682024150845,219.16070173155657,225.43439293431635,234.29500647679825,237.4588856962266,234.38168495858866,239.09255816937304,235.8657474313559,227.50465687126893,219.8359264501421,212.48583687798578,217.25844221667404,238.05494983476208,,,248.37117598030343,247.80064892459592,248.55245175656358,244.70520174936368,238.52574829548112,225.61336678625412,224.85159143193937,211.54698628590396,195.91318907883942,191.47833903165798,200.0685873243591,205.30630980036662,189.71599380263285,187.56028875852644,182.56575143351893,185.786743497316,190.8815894870712,201.24179851597563,208.1074818750388,205.4874918527533,210.48075208842903,213.24004107568072,209.67862024158643,205.35096513353807,207.11128700041465,212.13307131268337,215.6177146789886,230.83996138785102,230.6832143114682,230.0285412099529,225.5624728759883,218.99053877771598,213.43725414210775,216.64252512096422,206.02241988694684,205.79270659199017,207.57768288614915,214.60815344098245,219.4083001472764,221.4633462604396,219.3342809899741,224.94468449812396,220.37416605712252,202.95562859333313,200.08973798814623
753,2021-03-01 17:36:39+00:00,245.01419932918935,243.81454991469874,234.47406944372932,233.9855946666747,237.74894552236015,237.27075654157537,235.6658339187781,242.81576236633285,247.68351296570398,242.4714965161847,,,214.21301321634868,206.34173386010212,202.17774040830858,204.93527804459478,200.8096315279765,193.75258108028447,207.39816638629995,203.47412666548095,190.78726564807218,186.51078736605473,187.46404287285088,185.882321363409,181.43109633320472,174.35469420665038,180.09091554865736,,,,,189.9679839409834,192.90129991956044,193.35047463966956,188.12892709106282,185.18057132988804,182.65950781700317,182.77570411134593,176.85143993812733,182.42265614174357,189.02210404939157,170.60063948220957,162.963277650517,170.41291067717742,173.02385561672006,167.44877483004032,170.28747948157678,,,,171.77478908929737,177.13813654042764,194.92578835567005,200.38546016016505,196.9786791892637,201.76978202095157,200.05359069275258,191.11084510239203,181.85300715754403,185.2075911483468,185.59666434679022,178.28547424882055,199.3733035964663,201.57291275040996,201.07344689163966,194.4894911102849,182.56720403586868,179.81470339024975,180.0265140038912,177.67112762997903,,,,,,200.8409541288466,196.82013811114768,205.43858650227293,220.318153546968,212.79112517423226,213.1178738024943,212.86420798365435,222.1033689834744,224.4001600456749,222.5724760638659,204.64086432399856,205.56714275524834,202.3227307137729,206.4237693104659,212.70298583482116,208.8304645115766,216.74950663098986,208.46817227319943,204.73399785013152,206.20024135299178,199.31008717444868,204.06481455052884,207.65647221570745,206.03522115512902,213.9841992644908,200.40445563497488,208.0991130648371,,,,,,,,220.67016161932736,224.9894481335794,214.24718529027888,208.08371802349131,192.21507461389848,188.32226246354597,187.6182840968783,169.13987379616384,172.2262438934365,,,178.08970162327702,174.87824336473398,168.67103383537662,171.21912426476712,173.92671735001846,188.47039923513796,196.47066462453768,185.59672150177346,195.6536124706979,198.5830195699249,195.08818828023698,,,189.80820772393733,201.88327936095683,203.68213086245203,210.06822262410572,206.85907050608353,201.8027768697047,205.62170695221096,204.86318858729288,202.11921996608731,191.66763455524358,187.50788671129192,188.6082971463631,,,,198.97563848774004,201.16304257094907,204.64605005915942,191.17053465599437,179.98602603614722
754,2021-03-17 17:35:24+00:00,253.45730681734204,250.05676012816042,241.87783095914563,240.56898433360976,244.87292073068681,242.10273184740504,239.31724360658896,248.0525542981116,250.59578178446876,245.63939131982306,238.91364869036244,235.8889622235884,219.57366826801928,,,,202.66016681900462,202.79588183648494,213.85465474713726,203.38205342928342,188.62619985498486,183.66467569449946,186.84912338677466,190.221417575437,193.88398184271853,187.80708787395827,186.84694873449172,193.357154296099,204.2525229066863,212.73090049857768,213.25787460917365,188.4419353730243,,,,185.49280805276726,184.82772037503253,190.97327281470155,180.57923805880864,180.85616279521156,184.4009152672627,167.973253423836,167.6170278066241,177.53442600086566,172.26765913882815,176.7306981025805,167.10591811051518,179.75097630630012,186.31097180392888,187.10101556804506,,,,,198.5589538286394,200.3603995767277,199.83148390681532,190.12288447144766,186.20448802393867,188.42773426458442,191.75873427652152,186.42751938519262,200.6619626656739,206.9904466423202,202.22459177830945,191.96134596212366,187.62096786862318,177.36713761768948,189.3802794833106,194.89370857959466,197.86948413240793,196.19724065085535,197.83411034460042,207.4816397212677,206.1008485571399,204.23365963456354,,,,,218.72050159069425,220.82396480717637,227.22271340671216,226.14390452433884,224.92282138847366,209.0957636672694,206.57769728134414,214.11827391876295,216.39473822863837,224.3346153218842,228.45716583488604,225.49013657158696,222.3235124813899,220.7222702835672,210.64698337983674,215.4551315808154,221.36279601543913,217.18103472638197,225.33845478022687,217.9001885708509,222.82563115432606,214.27720987628956,206.73506598567815,195.48554034107363,202.23970198790855,205.0062642331837,216.0011692937774,216.84192007732042,,,,223.6819491746237,219.61995362603267,202.2805824838677,189.466155027922,189.51489197758826,173.40096763621256,167.68007127281774,181.07734873896345,183.46509754058098,,,,171.3254351067271,171.65147657159258,188.27024606541067,192.09878931295992,188.95378551698292,192.8721036797362,194.733640126826,190.38921537462005,189.86850107308214,191.041636973861,190.2732876621867,,,208.70629044616322,212.36103186257532,205.52164331697531,192.33703434022743,196.47239075088214,199.0207725356188,199.42110191512847,188.34713605848762,189.59004577929602,199.63486824809095,204.0482682326492,202.73214089911573,,,,197.71541555155508,190.96000360588576
755,2021-04-02 17:34:06+00:00,256.2023116914128,244.94191554101576,,,243.57557201856596,244.0210196548586,238.5011657199061,247.79274046527692,250.41270997320223,243.4286335763809,241.07912566469398,235.77412448315556,224.28001619054663,215.0804159719436,211.64019076230392,210.06262070424296,206.1626866683797,202.54778869384774,,,,,196.33476460169072,200.26656135303284,198.79078404999456,198.40711105747425,198.44591675068796,204.83832448045666,207.76535323645902,214.26429573284935,213.12202079679457,204.47155557480437,207.94042242386502,201.66798286383923,195.93422586610103,188.99163968268365,188.56543592390773,,,,,168.61850303344738,166.3992779785666,172.9173665188867,169.14408173966373,171.5094110874363,171.61855069481263,181.52207074632878,192.40035132624539,190.24473786866162,181.67676945614312,187.9647990904574,197.02502155069232,198.72211940044616,195.99512082136886,195.8048928820504,,,,,,193.32707456592894,197.84796123106298,197.23019842192954,195.89577506307802,185.13881114285726,194.12893109362432,187.7575997171308,188.36722177291944,200.9467605705172,201.0259649817684,200.17952632929567,198.2462875024099,210.1447025477769,217.01067974233922,220.65046873551495,222.53841373974763,220.0778226552169,236.62547946043208,228.5251493376195,227.78690830298697,216.57145774662789,,,219.95982859744663,210.32777444525857,211.07308436179807,214.5414127810034,225.58679614232489,234.9704781837973,236.5290957634677,230.92021693834698,225.8408950531263,226.5913126651682,218.56925391681477,219.88861381507348,221.13989854065383,233.39968910361472,227.34045163410087,229.5023066811732,226.66340428418124,220.43903823716093,212.86749133907227,206.5697784685761,205.00179685555065,221.08876480308436,226.0667915739968,,240.04772188947646,242.26545968716204,247.4354048873379,236.05649799587428,227.93179224439288,,,206.57063765927776,189.09441090124514,183.18737443852487,194.5626198964566,194.1129680766917,186.95344075786096,185.57464829994473,182.57901651491198,179.94865400985495,,,,194.7765901935618,194.9035482516782,198.3141218404149,190.35973307064015,189.90216711948676,195.5288251976043,196.21408582494576,211.26832843278856,217.27150835126895,224.34298813942468,228.53305759225344,,,,210.71741846463905,200.90114846792102,195.2959685103425,200.29283771294746,206.64425998501395,210.12602553122633,215.22795271264906,212.95366740757584,214.82786563135437,209.05960962038304,199.3744962088768,
756,2021-04-10 18:22:16+00:00,248.28561999132788,249.7221563196009,241.06670087304408,235.93488480009017,236.2199613399057,237.1353505624374,231.03995789784688,237.7497029102081,239.26200613857333,239.35707123639267,236.78024762344415,231.11713716817172,217.83698200236245,210.40021004448607,198.93339219639574,201.60263293856326,200.61081420677834,198.33638459793156,206.66875311907478,200.5713071210471,186.21840146841947,183.37294092461937,187.64408298896632,195.01764883885065,189.89716546844963,179.92650467634473,,,,,199.86943813558185,194.59811708460168,197.33746971190504,,,,,,179.94539047615575,178.93477365650193,183.49124887935056,162.4102316660286,166.0062578979308,167.25196892362698,167.05757682642744,166.59391279848498,165.16480262272023,174.16516359171976,181.27690411996116,177.10189630530368,178.55081575383457,180.54982744009754,194.73015949899414,191.7604693968089,196.41146730114923,195.57021301451942,195.5598208423697,194.12281560160028,183.49627992108856,186.67315402152167,190.08307246980104,187.51480218703202,201.36748861239,196.36175372731097,194.68049004610413,189.6419499215948,190.42706956414938,184.7605245673038,182.52232922759435,192.36405675021373,195.84032951902498,184.13716101843852,197.4490850308005,205.39327623897546,208.65642582200056,214.96889142149598,210.47776763828676,213.52358697261283,225.63190130788342,220.80279756783904,207.47190233260582,214.39789276198184,219.47244667656548,217.54450460698936,213.9236382162006,204.39313436164474,203.8009320071604,205.5846504549638,207.89556556728525,212.32510879678003,222.42072902145742,221.5218265956122,207.39466431965172,211.74906337071397,206.9476752009782,208.07964121393036,213.84988664592905,215.5013359896787,224.9150958599872,217.45075817344718,208.70687001653505,204.25573748592623,196.09669209894216,199.33465481447195,190.86764455731955,205.2472127267834,207.82792665480991,216.01158501593818,224.75638290944102,230.98807921686245,229.86214918714586,221.12838863759865,209.09691641923237,192.3507017907246,195.69378204047246,197.71779121902188,182.15861251157312,173.30450860250096,181.17744959921606,180.80299529360738,176.95350091684674,177.99613607453588,168.98555903670967,174.57259138689648,181.07930725324263,189.9641935473139,195.1388502319528,184.62231296549075,190.05202594797314,191.5370188836456,189.27034604123378,188.610897294987,189.49946921393553,194.1718280896515,207.584330867433,209.27766823712767,210.67132907373576,216.25011005737178,205.48792766281275,199.6937597221892,203.2731239589258,204.47740313340014,188.6914285861592,188.0694748074381,190.50139837668766,198.2985162632167,203.00677425719954,204.86106950761422,202.19673822070428,206.4319816747934,198.7664013829297,192.28336668152605,180.6633267363779
757,2021-04-18 17:32:45+00:00,258.3814517365288,256.5131611746726,251.17365532989095,244.6478457607703,247.3233676462736,245.81361464130532,229.56754586124694,,,248.5366726707037,243.11835069997704,235.88318464411623,226.47791019957202,213.73687295984223,212.57241475228363,210.55652684358057,212.3061343348353,210.68305578975796,220.37232597026167,212.20970613734616,204.01792867908375,197.98222373621633,205.09399236478959,202.5881477774235,,,,,210.2421911343206,216.54250525447355,216.6801230496821,208.04683367643855,205.73464425215138,200.21405566895874,194.81498132176452,192.14974751081365,193.93792427788276,195.09852117211767,188.23919997787618,188.63379354560402,190.46803816594604,177.69073204976058,171.96709717616255,,,,,186.57028486507943,192.55799700480588,191.8067421014081,189.15105150075,191.61858730868272,202.47205617032762,200.42829847666096,201.78822503305963,206.76553460942057,204.22850114249,196.6453049212559,192.0865384091735,189.56796146106393,195.41430723904028,192.45989239032104,205.24432287302187,202.2743015056622,205.0327229320742,180.7680178086016,,,,,,,205.2750667550653,216.48328528163603,216.82634079745787,224.13433681761322,221.8232662701604,226.5228351043603,236.0538214931805,236.916153183319,230.6450161171956,226.55446399154988,232.73507455332702,228.1346021904892,220.1842614547191,212.7371827456218,195.18549805882873,,,,,,,,,,,,,,,,,211.02965567718132,212.84842705868914,225.4301308604399,229.1344310851071,272.2573652293687,240.9557542749875,241.1573262550597,241.3016790776938,233.31575852421358,226.2334265978045,206.29138565761133,222.09305179969266,216.05929792081866,,,193.4334095782287,190.4807652348983,185.06274814331746,188.1819905643885,181.34901107295752,189.1861654188417,189.9024326290699,197.5837704565362,205.35567025750117,198.28342570126966,195.82367719847144,,,195.7452768964713,203.48472207159335,210.45985887444976,215.67762375213812,220.7368085061301,225.6224310250845,231.17703281920697,215.3823535179876,207.98204644083697,216.0933673775732,212.1877005306963,,,,,214.635131406009,214.34503417485672,212.0339963239001,218.05037615358663,206.08443698663348,208.38843790958379,199.2285523518043
758,2021-05-04 17:31:25+00:00,251.22227160986785,,,,248.01111888886058,246.40679275922372,241.36258028099996,246.40814360280072,251.98933274508505,248.44371097649545,244.67498269942095,238.97130645049265,227.87328052084442,218.78432205254504,216.32546249558203,216.5109545543949,215.32663272996487,211.19974278822593,,,,195.55924809435024,198.37067466227222,202.48623617439722,199.96136435374734,197.05221019244345,196.0419789220457,201.8102072332538,212.2350660910301,220.284103594192,216.68341681760353,207.06979085337133,204.58714560512792,206.49664937153213,201.53337549390284,192.93179807846084,185.39325757685504,,,,192.46506858687206,176.5896925898961,170.94503200293784,173.30293640028225,171.39059983050348,163.23473934280605,168.61953796223162,184.89230537230873,194.3484710380972,190.2553911031959,182.56680688926076,183.1580727173243,195.48337022017802,199.53519030153177,192.83409974628646,,,,,,193.36654376146458,187.62587644581225,202.94656407212122,199.35127842598934,199.99416763272959,189.9846138134863,193.28039172931696,183.84591468223329,189.0034782008741,194.9928035203987,204.91974884479586,200.24070366618287,201.91421424905434,214.57753363977338,214.73328599681685,222.48541582396825,220.786984496633,226.30454353080603,228.26169180559765,234.82365766693567,215.77179537403077,,,,218.68817786934488,211.8930553715428,210.40013200504544,220.0423583512171,223.57946795931252,236.8147301305636,241.10773759902395,241.97713282405041,226.4596312375998,229.78769739054303,218.75840042684564,221.7278199391978,228.10915274088367,233.2926944883326,230.65385233778872,224.67281920680722,230.7269325682211,219.65639381613525,210.92157501810937,208.52890928136344,214.64155468422172,222.70817388236506,,274.840211619461,242.35298408051776,240.49889704310118,246.70471251344003,237.12463354793738,,,206.2959753162367,209.3633929764157,197.5570892701221,193.76715220271848,193.75778449026214,193.69416822558574,187.7632405430795,189.76775879986332,186.00906983315332,,,,201.71909699339486,194.34149296409709,196.44424899673302,195.66526941804622,197.93934538232276,202.84015146002693,207.55246630123406,216.24145916118144,218.5924047339817,219.72400351753754,227.88357918454494,220.31550954119894,,,214.57176685746174,215.15202587813178,208.23120842240428,200.31371371880408,203.99180738606444,210.74363832961387,219.14345194692334,217.54598649717133,216.8340669956181,219.5700936015523,209.6758182141158,198.95995067435965,
759,2021-06-13 18:22:22+00:00,250.66661869622533,247.94361180087031,240.91382994425157,235.84717887253063,238.5142673337727,236.62958336400862,233.03007695543158,242.66820676431942,248.91434868709158,241.86728123718558,237.68781605267878,231.99997725545833,220.78668615745383,211.32144021204311,209.34527878033057,206.64854124558371,208.50125015494484,205.44678440641874,210.6623804140542,201.45374229134492,192.26386161915582,187.30833811069442,189.37329004236346,189.46414421524932,190.09188015704927,183.32670591931506,183.27790872168907,188.58217561970443,201.8679181387445,205.93357607780422,197.25594639756946,188.1777140316291,191.47416915313698,193.8834642859992,188.80179371573968,183.10416525600104,183.3693714897811,182.342637756992,179.14240066540856,181.39207222832601,180.9148889088025,169.88755726018752,163.69036589476667,171.57377915238783,170.42345530002677,172.5575223572776,169.95990654921124,184.35974035526266,181.86288880226158,179.1109861446435,174.25639276136377,175.94514495671598,190.22251372099532,194.51911335491386,191.2753560765975,199.28166890815385,199.71991099215387,190.6707320670135,184.0739952801146,181.960080608488,193.920152421367,185.96440273774596,200.73422738779854,195.89868120767505,198.76191308097867,199.82491606652485,190.10969090014947,183.9743133313831,192.6306180155172,196.47666082506657,207.7959488158312,197.14786411124305,198.48526563065798,208.71646368321316,201.21135473412443,217.3677942136419,213.73972771016707,220.81598279862885,222.89169158686556,222.31287296629597,211.01165193748517,211.81291741819706,217.92668771267682,215.24006198923547,214.38595394151838,207.0841164244619,208.18816695868753,218.19852773049342,222.6103360775266,222.8910654437323,230.1086422327154,223.24923467417884,216.67975233049594,218.29202987295457,216.362997547442,214.77060092958808,218.54767798355934,220.02147058348913,225.59520881202292,218.6009392358357,214.65383246230186,210.53280734453725,206.50734029735946,194.54694653831632,213.0863345276955,213.49528831170255,221.0196393042891,239.06399331803186,226.97906686742442,231.90572274314002,230.63079128037316,219.1989839661723,211.83412497933585,197.95228284138068,188.25953371425135,190.93708278944223,187.2764469386814,182.10874470068796,191.04009388593983,193.7306838742594,184.33702035157566,180.84479070691293,181.25135666515155,187.93338866526173,186.53882424223684,194.83514773082567,192.24096368783478,188.40617601079452,190.52443524490434,191.09967268673992,191.11506224691954,199.28936007382126,203.12850647552517,206.2711535784331,204.90001377013198,210.56761532824675,213.23011352929683,218.66678357359189,210.05037148251864,201.88203891086903,204.97509845666409,209.17867052805252,198.26508303641663,187.808248579043,194.00207136923987,201.9930672547726,207.81169145493203,210.49152676324871,201.96271251879173,206.74558969983468,201.54914125941278,190.6395336943021,184.83870850697173
760,2021-08-16 18:22:42+00:00,253.32432754325697,249.9283684626155,243.88188020936855,235.69642493606864,243.11031627143265,239.15410859199,235.60262966308582,243.73723006805093,240.46616639242256,240.01108010002196,236.99449328032205,233.0880152012258,221.54930028536324,211.64611007068146,209.3960628666371,210.98953148301385,207.1493323341923,203.86960576417806,215.89626752543546,210.97865799270443,198.26006767114336,196.95210313596266,195.44605748741654,194.83354034661915,192.24098807865442,183.4768067770533,186.16728055294521,194.13036926776206,206.51578624353778,203.5179297200507,196.94539639947936,188.48827292857004,192.5403307353577,186.955582425774,187.78470339396077,183.80080791652182,182.4240811484471,185.43154739734598,182.77677748651507,179.16517825088528,182.67640162977136,168.97622638022136,168.35663957899013,172.51289558806462,172.76142519048142,170.51181944217998,168.77093876947413,181.55022718084362,186.0820642068835,181.4242797064314,176.28360781231038,179.07331863345553,194.22795665499598,198.6126183082306,194.3055071631286,197.61929008204618,195.56061341560365,195.0717084116784,186.0249611527118,185.0596218825743,191.76767745730663,203.10803348437102,204.52578266538467,200.55912828597258,197.0783404564651,190.65513965636168,183.9559866629577,178.01162014457813,185.41420298361246,190.56884220644096,202.61344378367812,200.22793397631187,202.70868237939533,206.76527126531636,203.31659591983987,207.4746636105205,215.98685513222154,221.98982479691145,224.5637801929057,210.2876241405323,201.68423665616368,208.5200728003885,215.4632376458452,215.17049333788825,214.47453185240124,207.81832899147233,212.85508501067957,218.9917325743908,224.58323417712097,220.93478418494448,225.18593397174314,221.77358544636817,210.76861558689234,218.01727718575526,214.91872037415084,212.5463463732068,213.84035415172548,209.69978010661345,217.37889812707562,214.23788266188433,200.95434838874857,203.24197565643166,207.01909961194724,202.83087335908147,214.46852024393158,204.03354756359656,217.37474446765083,219.76424835983653,217.45145457831384,222.54756617368466,223.66137397226987,212.8120307951913,200.63090958260938,194.56876912502992,186.3086109211341,179.5248398975948,174.0020249723385,170.31279597274292,181.06702823709642,184.7007641300607,183.73240963731283,181.3399795383807,186.4306541489949,187.81813672372914,192.75897526247107,205.8045377734781,203.33936964574605,194.52944555340554,199.70946890460718,203.61095172821769,205.63179801837023,209.76343495507905,213.16429755746134,213.91664839709574,213.64926327372945,219.31652244381587,223.18501550222817,224.39157937027338,216.07702656467484,213.23351356287793,213.11525790166974,212.3639765992205,207.96710619179012,203.46473512078788,204.22073878073036,211.97203394475304,216.08532198217566,216.0220054728364,209.14143390747407,211.54066390775256,208.63598941988417,201.40821578047013,191.92299302747116
761,2021-08-24 17:21:53+00:00,248.8594824019044,,,,237.93941045801802,233.48568647840028,232.89971512854027,237.54009882677911,241.78351645459307,235.2550759269821,237.8261658068531,233.94596931101552,222.57593107210334,209.45127167115635,207.51591368140157,204.72594447966026,203.6667276369029,193.0147112513454,,,,184.39708508961195,184.68308009462572,184.6050549595442,182.64854797297372,172.76220677216327,174.6869608669124,183.7195344520002,200.4288143250381,196.84525026740255,184.0864137992079,183.04334749057026,185.3586338633954,182.2715184218792,185.0652624760467,183.50127013281713,,,,,174.94910792185016,160.82335232848763,156.82814480422638,165.62563828333472,168.39603634102386,159.88415814415538,156.38441645166063,169.66596497842903,180.1379351175334,176.84976653841173,172.12209920770744,172.9179549173146,189.95133484577013,192.47587506292604,180.6295992327371,,,,,,,,,,,,,,,,,185.34753739744662,188.88238575048376,195.3659777852957,196.7232113211041,200.4039198551149,212.79503880987622,212.6087021957452,210.52778449507608,197.8687031191543,192.2513147200681,,,210.33493219476202,209.61503057275252,200.6844294974389,209.66638361877588,212.16030274739222,215.34901647214986,212.31194280605555,217.98410429827956,213.5433347441557,201.87864298969365,204.65539778570388,204.23222445346113,199.13525949964986,204.28698412461551,209.12746212508637,205.79423335953788,202.56609934565193,193.85745559613116,193.97469358402077,199.6948175142037,194.6590112892123,202.20979583339934,201.5347759760599,203.63625469435627,210.42749015175121,207.84365796933218,212.6252761285254,216.39600429043065,200.6746538197978,,,167.5010940990806,175.57355974157588,161.13475476295287,160.79611107049206,173.46610927297496,169.35976109054252,179.4995372953662,183.96632957127963,184.7692505416617,,,,200.52433083915759,195.58037004189816,198.565406555793,196.75772692551539,195.45098016183897,204.69289464692463,210.44995531694167,211.31569834189796,208.32131709398084,210.58474787005906,219.04683385029577,,,,208.89071153648337,207.77109409831687,196.63116734363405,184.4282985735308,184.50847005373814,197.8239155845732,212.42571784049886,211.16190509536872,203.2719951457248,205.6560541801763,203.5144658300656,,
762,2021-09-09 17:20:29+00:00,249.49910197657857,243.50630156335873,242.2150406304736,233.0780918515086,233.66318123796714,230.94559251388506,228.75163962703027,235.8260403386649,237.7198125617902,234.73960807518347,230.4725555520509,225.4974998255557,213.68703220875028,,,,195.51699708790596,191.07062516769764,204.4583820996007,191.4207653213714,182.14224089558468,180.89229032960674,180.88947219428388,180.1860681996189,182.51056362636552,172.728524373372,177.3607029318614,177.4090923463151,193.88700799470837,190.3584359957835,184.80502802926907,,,,,170.31843557359505,169.1178052652863,173.05706503298603,170.37555109226295,170.04919941355632,172.3927286307464,160.37034281152205,150.59817286723865,162.87320206533465,168.99924463469202,163.32854824548116,150.48694862528853,166.70462081154488,172.6183667113267,174.33508780104486,,,,192.59575021703432,182.40032061084304,190.37283590491091,186.97650770669836,182.2566376452457,176.3487724488486,183.6769368417166,186.6231336350989,189.65549205299146,198.7276993997658,196.33032171299524,195.66636973206417,187.88126139191036,174.4066966074227,178.87533259151843,184.20484961240862,184.11418261780057,191.63013868666377,183.05001743556633,183.60704358700275,187.68946771311187,190.06972504176537,,,,,,203.51040099048498,207.72634067400801,205.8847860269771,203.0547387389994,205.27053163638413,203.75081834198568,210.4944861708919,209.88596998418362,205.03748684784435,206.5808202938299,209.66217904080645,216.99305263200995,202.6389455544703,203.66526088277686,207.99826793066714,196.6737251180616,207.77449352769153,201.73478637556093,200.66410262867547,188.12471938180886,192.48197184596813,186.82903083999642,199.94333351170297,187.1298762337546,205.37046565073717,190.4731543886907,203.33134802116345,207.20188430251198,,,,195.68722246947817,186.68119189954768,182.7024024040046,178.7900005138235,176.24998290679872,166.9540050477466,166.95831482796206,174.35499899502557,168.51645960951356,,,,176.030560044843,189.91573851686206,194.97591625615104,199.42761516797944,190.76671697776146,199.17192802457123,198.82904845422388,196.03126321185835,201.48360195308175,209.6478187088544,204.21484960139531,,,,213.41421561742885,202.29852548032494,194.88470732533875,198.28491715800004,201.00447267524913,205.28893018071074,194.5898649515376,196.47607495912712,205.02960683817724,208.70306889510798,212.12880997570852,,,,186.81905143732646,181.5409227613135
763,2021-10-19 18:22:59+00:00,248.39753859715887,247.19272841352722,242.71851072416996,235.93738260747463,238.13420706099066,237.1211700587077,236.61654253882148,241.8170676360615,239.40899971181193,240.02743779045784,240.61115254645617,232.3039541500947,224.06508070092383,210.70844460726485,208.99093137851946,206.76448024840067,203.88970439732122,200.2354147996896,215.58804002542348,204.47703022466968,193.6858134013268,188.5068540293926,189.53708095565247,189.04774025435287,190.36848521364954,181.06030809494467,182.0783643735992,185.09589711755024,198.90769312226192,202.39628361631577,190.73968359283225,184.06655223598955,188.44616056119958,185.67983404939363,182.36367560991934,178.90831468996123,182.9290586761138,183.24651521987903,182.83047004974782,181.77492714099793,180.03325909309734,165.5550931821338,168.65461341001242,174.76231248848782,171.8764843173228,169.86989309875025,163.5284298695256,176.4763089835825,179.28890388926317,174.3678702414727,174.41661138872794,178.8646063286859,189.23700286757233,196.96157885945507,197.43720067308294,207.60521484063275,201.12697359182806,195.55592317640475,188.75525353022505,186.03767293683396,197.82041610773234,194.63082905998942,204.24322101584528,202.80960900377403,205.3949877392427,195.4524458922252,187.50903891396956,177.8441339729921,181.46571653382176,189.3967689580685,199.97942018738496,192.660548212688,195.02552526883946,205.53969267440462,195.27227166716995,206.8738220806194,208.9550023670614,219.7122038753361,207.6816157011695,205.6689919272577,202.38308032071086,205.43376451155405,215.80505437567587,211.97034405360512,209.71604920969168,204.79951589002636,210.5783787253376,212.53156223606487,205.10676738528426,218.45690505315685,214.09005522367477,217.84564470177722,204.90195257471865,215.64263986243333,207.5517746119546,203.07581588628037,214.624875874553,210.28687983463678,216.43698082491406,212.93745925290222,197.4482578978417,196.58705503288934,205.32468924822734,203.26931360334436,212.34562662802372,203.2142783398123,212.451206742455,212.3058939249721,208.93611178197335,215.19895834615448,215.8904860644384,197.66850843609188,191.0386452595958,191.8374690487957,190.70255316978074,179.9902024753378,169.27205288240293,167.51119063606563,180.07154962690004,171.50053290867766,167.80385161405968,168.4727991215535,177.61614515672846,184.28352959346478,191.38564087887494,197.77406002655533,203.4392147506569,200.79730017169277,200.1112970283554,203.5403298681939,198.04141408627706,201.06720725934298,205.81757071493266,208.23442515457356,200.54778313229016,208.74579741792385,212.0544265767268,208.98127886192333,212.80406404751542,206.25534642070787,211.15753433446292,220.3392013499335,208.74927436756644,203.98112155046545,204.68945269615512,211.2277891199205,218.53544117447368,220.2364498346422,212.67375307067076,210.94919127470382,205.8815199433954,197.05022452192728,191.19500683616718
764,2021-10-27 17:16:12+00:00,,246.0814419090586,236.05273486643716,232.30798976616677,236.30713720246237,235.06999437220344,230.63607519956244,243.96371826775177,243.97943968487385,244.36138858324807,239.5600673902569,235.11327738119428,221.62833460212934,211.73010279130628,,,,,211.08927902649384,206.56027788733797,191.82737001884706,187.15752598897572,183.96200738852207,184.74418909421257,185.02800733753455,179.13676362769988,185.51420460447957,186.50129849486584,199.30262274315515,205.04704254702602,188.66239685828032,183.22865712731414,185.89839981017656,,,,,177.71502131255141,176.18049594763596,178.5933203541677,181.5149599759835,164.05734900884187,162.67218889543943,167.1140809316379,168.63236949860422,165.59211405211573,163.71462570863358,175.42639293112907,182.92415586192726,178.0392069125655,173.33035345350277,171.14131488511504,,,,,193.0252436392661,191.19835675399386,183.4978167240959,182.74684026424464,189.82258245396088,189.44567910047013,199.83436171995913,193.91307893323736,190.12623538589546,181.93679464857468,180.9290413257716,175.7138606834361,179.09141660195138,189.05180269552812,199.8048258991696,195.262488082703,197.50991461224126,207.666907511302,199.99166561583718,212.1027961652356,211.53934751342013,,,,,200.87007310182872,210.32109420556122,212.35330374410046,206.96643866308344,201.9334642863243,202.50188294749657,211.0084178442478,200.17847109931685,213.54945634147813,210.57843340879427,213.86278503795864,204.6217107236911,204.27114496111096,199.41310275635814,205.5158505579509,210.446744866592,210.6649840293498,214.9650337356016,205.62697218640747,206.02083590040746,203.41186489452247,200.30983114860305,196.339665903747,203.10950237752726,202.20659209073503,209.9087434763372,213.96019336198515,205.71929909005107,215.91379457047506,,,187.31037346032616,183.64659897903277,181.77946688991491,174.52613687845482,166.31653754708984,166.63510577882266,178.9781137760966,160.93581719301955,163.72512869753194,,,,180.96053106874498,194.33082224374974,193.44156609572553,188.14613785003067,193.20172792104285,200.35591606893,199.94342005082927,196.9593769579104,192.8866548589241,209.9833479774187,207.1908808428005,,,,207.60665585000427,200.6051967391175,203.52967157128253,209.08685136611612,204.59969913414403,203.54997837576013,203.61122422112732,211.81453450592795,218.10042798653194,212.8572959977158,213.35600008637954,,,,185.68164857133854
765,2021-11-12 17:14:41+00:00,254.94421489962332,253.912621515693,248.50132797395617,242.35312568287367,245.4834626943209,242.56001286158738,238.69581687284295,,,,241.12617142675185,237.1029851515033,227.17551620371063,220.59001268692447,217.24664212545702,221.9125395063782,214.91129190896288,212.07806945214884,221.85014237073335,211.86501873683852,201.90566205203226,196.9723148495982,191.94587062834066,192.24958263292956,195.87703036372443,,,,200.2588335066501,206.31610140319071,194.1549636224516,187.91158888243206,189.87630706619206,195.68302394564907,188.55952857001802,184.3103177387731,188.37533175339036,188.7775915214033,186.3227950515896,186.3158941972068,187.878544725122,172.5755108402355,170.91846434666755,172.85708541278177,,,,181.59299758455052,184.9848775600023,179.03444323978505,175.64632960654586,179.35081019393908,195.78071495744518,203.1822147830744,199.0716793484925,202.780319946094,206.51121350716542,199.17638085282522,192.15754501003573,186.2662971902339,195.91146228278393,189.98950918738146,203.01912016301253,199.89265344095986,207.79016823202522,196.90015105884723,,,,,,,198.96989226299002,207.07120083725303,205.61876200290965,219.7856600224652,214.16424455901392,218.36104141495306,212.06974944092255,207.04154701074023,216.1372442728325,210.84651240976962,221.02857287819563,218.7485532593859,215.4714079756448,210.65718361416785,202.6024693363545,,,,,,,,,,,,,,,,,,210.1220919691282,210.55887755979361,217.3512810280114,218.89214200763698,214.42453403771697,217.3813626741106,226.29690076645187,211.36442596494078,203.67000865005843,191.045590181488,175.13901982762007,179.388935419649,,,177.92336820752203,170.15823754243507,169.82347282309607,169.00223717756,168.84360903655468,186.2681743329943,195.21297450923095,203.51785124498062,205.42839477373442,202.57330810454323,205.05142502633686,,,201.73009319315474,204.80754569891548,210.9012277759067,208.50866201458734,209.9260765011332,223.78035565096172,226.78216701012505,215.47431172040024,214.55138909226451,219.00700463184413,221.71423902026254,215.1870441171949,,,,222.68685255397565,220.6607782094635,218.52866415537548,219.91777911547487,213.23168197651455,206.715061616011,206.23457851750237
766,2021-11-20 18:22:53+00:00,250.7270846905983,242.6828808879829,243.43720248716755,228.46546826804433,231.09660531069187,234.22203851425039,233.9277060230549,235.03369957805927,232.7362722341622,235.9754049674094,230.76156016454286,224.60452797021566,214.03913014026142,205.8434968123865,204.7817394854473,207.95030050730918,200.88046262083915,194.63161610628558,208.0269464060368,195.0504303109018,181.04680475919366,179.3666617159122,178.0305352405443,185.70847409841326,186.53816657402302,177.48472988708983,179.87057041783532,182.81708038307286,188.50432877837605,193.3729953165046,180.95150869648367,176.5210692677297,177.98064908757613,176.55585401835063,175.20490291199013,177.00722043629875,177.06724093621182,179.00663969546417,173.95622186513094,173.27555515375303,181.23681815195044,161.56608383654503,158.465435234471,166.8734315839642,166.00006000824018,159.24626506930358,158.18306291649344,168.70597656387685,174.5475171531429,168.69825574748668,171.77850185164544,173.10214200663933,189.21750910850074,194.59576893205693,200.7634037149271,199.20614628081884,200.78967186042246,195.68320511514526,182.54364732543235,189.14886352367958,191.2375916897399,185.4736952138785,204.14030711547733,198.5415391849082,193.557813495157,188.57067909238393,177.74242366107694,174.69994727092683,174.2693017102509,190.1406639271475,197.49722055513638,184.54578887522752,184.7659272226968,195.00291939108646,193.2382562580583,198.66541811947323,196.44118327807985,197.40892112430268,193.06114110432492,197.98062921964126,194.7774178940455,198.4163998602367,206.77519969634443,207.65944603591035,210.84560915936459,195.4324793023626,207.78735531177767,205.1322976496172,213.30955384605403,210.8692762468972,210.3602792073803,207.28918261376606,205.20929523598338,202.1556061205863,193.8388342313046,194.26856641657366,209.76324072960182,206.67099806630907,217.50821324408525,210.68352390071988,195.35993427192776,195.86717654610084,196.6170038090002,187.7705978050039,192.4400369030729,192.85283815173338,202.28327720352718,208.92797177514302,201.5501679236582,202.52828897460205,204.54597504569475,195.80172689180594,185.65538176668724,184.92769506224184,186.79500981618543,175.8117826292737,161.7333010517787,163.80027150305065,175.63096509953675,165.11746002918562,167.98438481018187,172.8580371401122,175.32000218468028,177.44203121985282,184.38060806021684,196.65388558105127,200.1623371593617,192.3090711760517,196.22665081417983,196.88050262615846,192.85672902186025,197.1647210993951,200.83515847084885,202.57597833236358,208.81598682024236,207.4083628047521,209.5923538035281,217.19350724157408,208.04229931644747,203.7607481004535,204.99089114993745,209.86263004214254,204.22348687274734,200.78486927461543,206.7233755458323,209.50182669304974,216.8200448125167,211.61389195033667,207.8458637296648,205.32374456254303,198.05720837341343,190.80471528648863,184.54167835150142
767,2021-11-23 18:25:01+00:00,253.69066321857002,246.7483307146244,247.56838966464284,236.6779975830878,245.595363830591,240.75003731537137,241.0363929522835,241.95363284411758,250.42992831606222,246.40144858902516,240.96573125185338,236.21788355655144,225.43967398619083,219.82806959797472,216.1291874341005,221.48109389657475,215.42299759958004,205.25658784352257,223.59492248102026,211.78604155656382,202.00544890035158,195.3489619471362,194.07459628222932,194.9858724132157,191.63213417792085,184.39913623781456,182.93904544803212,190.14231360223567,200.21476573924866,198.8143403476597,198.5161846757572,188.93260120733967,190.1862774559281,192.27136779622998,187.029875660284,184.00279524469227,184.6050181486566,188.57004083717013,185.10097870561475,179.4082717689415,191.65281697497335,175.32147905657337,174.12126638830216,176.32070257244783,172.90172982384678,174.9455354828317,174.5989655666193,184.96619005368365,191.59867854804224,171.90795108630402,184.2082342716774,184.4677995584514,199.4894800898441,206.42728340645593,204.04629513484667,215.08509811994224,203.89050756933807,198.22242019287813,195.97771476239086,190.31098924575727,190.2547436212887,192.92645906987886,214.9336511370535,212.05342896132527,211.07605746924585,202.19560236299046,188.27156576020994,183.2822130195404,196.22480812334146,199.00410007411938,209.1708301647513,202.09117287141495,205.08151482411895,205.36332496028825,204.08484582467952,211.74653524458523,211.03378524938938,222.23946437740648,212.6961714410866,203.8500150474186,206.7033315327887,216.13366633484333,222.2037604049599,217.4684370931355,217.82190730768667,214.21918863856547,214.02402400089247,214.52206889487871,220.13930772115418,213.4990670806347,228.40772282442396,220.69234528632828,211.0584590342907,221.52575486292093,219.84281523866824,211.6437134582005,216.1925881389964,225.883708393795,225.69584380838023,217.640039551718,197.542019636393,213.92749659498162,208.20627276106183,206.26205996288402,211.4311795333645,206.62899521031582,206.08872596365188,213.53527443136025,212.58049265180568,216.69423401254662,222.37810775941938,213.87402212689366,201.8857138136267,198.83327432004452,200.95217417116885,188.29322877020638,175.4186983412251,176.28844218898976,185.79481885545817,178.9684773685957,185.28552988278494,189.42455540550768,188.87096227459529,195.59521227488077,201.72156493775208,214.54454465132892,211.95496939396014,210.24986165681918,208.61672835983268,214.8452496036611,209.74095944108316,215.31475085907277,216.59580900566144,212.86274612300645,211.0888597103922,215.44061575948587,229.75002798411856,227.132909158605,216.90256407023003,218.93138275006038,225.5873686457908,226.11414650506094,221.97693335653202,215.92257545746105,212.03682021644994,220.9693394412281,222.6015231200161,220.0023864829373,218.4562856664855,218.61321900890994,208.48072086226227,199.56027557928627,194.6613011696267
768,2021-11-28 17:13:08+00:00,256.1510819016383,255.34736308469252,250.35180647133555,237.00548176784872,244.72689430154074,228.03469081021257,,,,244.96382713320028,243.67299504887285,236.4135799073086,227.90186561603045,224.2680550093669,222.96373599718697,222.9692448076995,218.87195625696057,214.23586929829196,225.70212723316587,212.16470033077013,199.30734492548294,194.12743087238454,199.37318753735363,,,,192.30091256932675,193.70716353946847,201.6685065601074,213.6575511190165,204.27587819259918,196.3778737102333,187.9664259510002,197.5709708412507,190.48025861184414,185.85682005031293,186.88639980022685,187.99628486790056,182.13247491997376,182.79443331763622,186.57201470747228,170.3219207514653,,,,172.08363128873037,172.29992931035963,182.4127201530821,191.59074481302508,185.15679273013032,182.6651842551009,185.16370982076492,197.34376350217164,204.77774754976642,199.91405887686562,205.05177598654876,204.84319519953635,198.7762065675131,193.59020253359745,188.46085865356088,192.72730318036366,201.76259590734276,203.23211599578232,189.5122310220458,,,,,,204.72562665020854,209.78951787486892,201.54880724551265,200.78795113280236,206.95503283715627,206.54224037614165,210.57013016398452,211.1370098805573,211.40472233627443,222.5144870832472,210.10533735592065,210.81571303478802,208.95570543983376,215.1449596104883,217.41397889513976,210.23153443190853,,,,,,,,,,,,,,,,,,211.4893610105563,207.72683185770708,211.58726869128722,215.40244937864514,214.0248828238322,225.06197129044844,213.21913829777557,226.49006937004702,224.91133476241754,210.05480630227342,204.88628015427463,181.6881368971111,181.253778782844,,,164.6746684578895,177.0820168068335,173.64863442301922,169.8666536603975,184.74741060331806,187.88391894178125,193.09877181945532,193.95364192664746,206.0259310103756,200.6739804083124,,,,207.30810135762906,207.30216159533015,208.28117404035447,214.84692231794838,212.20236639216571,217.21263148541954,222.04309631060792,229.53265145326588,219.7942763715228,219.5788594160267,225.62700819890154,219.81323911792708,,,,225.43969139174752,223.96972222627844,223.18650163261177,222.56690075611692,225.14179683568332,221.42792571089524,208.4861336382781,205.71339493779624
769,2021-12-06 18:22:54+00:00,244.27096597503174,245.1727707028034,237.77848612724273,232.96669184403942,236.0649432569346,231.36372814390143,231.60920800603478,241.381139766564,237.78867722707702,239.38036927088402,228.2361814286486,226.64342856708447,213.75117895929503,206.56688462549698,199.2177659600501,198.81702813304605,190.53449710636107,186.65270305482755,202.59789682658206,199.41140237110068,181.2509730600139,180.00290877872555,182.62726989967194,186.1945858073532,179.7492672053916,177.90109517924785,174.7442341701235,183.0980730507477,183.33095121076292,189.29374022683186,179.71642276143177,178.55331673545322,180.59468064887213,179.7788436700687,179.01239304847755,176.68399873978785,180.7280669990461,177.55113876241015,174.05836514452426,177.51098987767028,181.50877910895233,166.10823400466893,160.4174365033184,165.87129595784927,168.97582123218683,162.66534115042728,158.31855665477082,159.48064567856414,172.1988320735216,163.5602296527416,176.80772941445474,172.7964830673137,191.59305329592758,205.699532782694,202.57435464915454,203.0576217717143,206.2002586690819,195.3802386568567,189.01077214121062,190.02276683808313,184.44274013300702,185.5382493281867,208.7630018353884,203.44517657388218,199.8978372563353,193.1164410322948,178.43530295317777,174.8557630862804,178.47832016746327,192.21211774418475,194.7244576458398,185.1067162737375,179.75857937966964,188.82882053477647,186.8475415745865,190.33088385893444,205.84618187962752,200.52389785924578,204.64207198238407,194.33243326466408,194.1579066256463,202.012144185278,212.59545557259997,204.48492069454647,208.36443008871316,196.13158131033214,199.2400552073668,207.19644334516943,201.32352457465606,207.9451826344008,201.85922646471556,201.89556267514007,201.70479421360895,201.40200457429202,207.3892127939214,203.74218282630113,209.00622065537624,204.3629267608971,208.26922798611827,198.0794635562624,189.07441355295967,202.47270551840427,198.03153880969373,191.68945088977813,193.25378129199024,196.06994426693046,197.12657679055266,196.9512033239948,192.23615087958746,201.64377716869956,204.39731500803106,194.9090690424896,187.4037079126506,190.20337401977434,185.28178589553858,180.2857591672032,168.46704195924735,167.07491893097244,180.9975596351706,170.80170760664208,165.1480256840668,171.3097068186889,175.22960514605646,177.96331157864952,180.68361401134268,196.5056891103855,200.87034171533406,196.83893272540143,192.91965438299604,201.06468864447993,196.86776348079397,204.02751753234338,204.65512412046326,204.34664982030534,203.83095793940137,203.66501692510138,212.67749455440952,217.9404207993569,206.80127373249343,202.38934318678915,209.83326398537838,210.5707850910141,205.29862646968667,191.7883371103227,201.1621695004245,207.49059917833097,210.34747035465261,205.5425994759364,199.7835837241228,200.23692305318076,195.12922062171918,185.80940691039763,178.94818995975768
770,2021-12-22 18:22:51+00:00,,,,,,,,,,,,,,,,,,,,,,,,,,,,,,,,,,,,,,,,180.18959987481955,,,,,,,,,,,,,,,,,,,,196.48160792182892,189.21882126842192,191.1770704556575,222.24481062754666,208.74907282660655,202.62737667001645,193.48761165387862,193.47592419217182,180.82286400153504,185.47600822025552,,208.10955920547755,196.4573880247503,,,242.73344094710706,,192.34528035351528,225.57137453579992,208.45850879991735,205.89033278045713,196.45634700939138,205.72207001730686,207.9598308117419,208.00674187070854,206.962855573146,195.44691261325966,212.12881532455557,220.30535152570948,210.14643196997463,199.95417703725693,203.8342221955227,211.57352350618115,194.77182210932972,194.8679238582053,199.40580135283082,189.7945010122728,206.6188968319537,208.7768112564272,203.3021068206378,194.31879064410106,191.8786043195184,191.86144024846803,189.73767240801016,178.94415761368703,197.02891671457036,198.6624792964012,207.68601406366005,208.8323544235584,202.07585400678397,201.43949768072395,198.28301474840865,188.43620160196136,182.50727829090278,179.1676509573267,170.76877045133313,177.0057875841044,163.35641444355713,171.8359380756337,175.13652991219772,175.36954924156075,155.0013994345641,150.53254609949414,160.50655929987695,171.9808862793857,172.94141442908773,183.73385748736774,190.46324731661562,182.4747014605578,181.1149163318798,189.35756058620714,190.40548654882016,181.90258002171896,181.02488443141917,187.32318361105996,197.45285854140104,200.2442268999034,202.06555971885564,208.3393837267735,197.54680477443426,193.44492892468557,193.84474667284968,203.8895582070775,203.9271698813056,199.29233125270486,197.6341187802906,199.25800441063626,201.8449480521786,206.47492001990133,206.2735236276173,202.0682803229263,194.09046228900507,183.3062298667652,174.60635799520213
771,2022-01-23 18:22:43+00:00,253.7025912796399,256.11959302786573,245.51080381278632,242.93993624022477,247.07617664645693,254.69906652735128,242.42095742417303,256.34572823231554,263.0812301096223,247.09635199560216,246.82692280486415,242.15551242642624,234.83167815696817,218.72600128643433,210.63914200478183,214.24581141586071,217.10800306997555,210.5894522041034,213.97853487640322,205.72124255216588,194.94010928275534,191.45259379818708,191.14017751888576,192.5700365260542,191.82557170834363,187.81748470137745,189.87642736333282,195.2216837237309,195.30691575636672,211.77560663937106,199.3045704312383,190.86108821918913,188.71823749293793,191.87616905592412,190.3245525368839,188.56410830413435,188.57172351527498,190.2345146042209,184.4322309213503,186.18948392765736,187.452431437499,171.27550165732282,175.06563721250268,179.32905131217268,180.2554018476534,178.32549849389648,173.80338080722754,180.85016486102583,184.11826161157506,179.37430064148754,185.2436649801762,185.9713164306734,199.5689046438236,202.84867743656855,204.74789206532296,209.6807224149265,208.59162091206886,199.95142098320076,193.66607235541488,197.40016355625204,200.34943640171429,203.1576015511279,214.05134883804095,209.68828832341316,211.11321425461568,198.62812801154243,209.67152793671477,191.36370530944194,192.85862398600332,199.98669917383035,209.18196033168076,197.03084269060483,199.90327044397222,215.65050468355093,209.1413159240907,220.15245804877333,211.24531224087434,216.5161629938621,220.42110197711338,213.91490855944483,216.5527396949163,215.18861996014112,223.79197099273054,223.52821376450734,226.44924490295338,218.85484711372544,213.36566997808413,228.70880994384942,228.02701215180622,223.17854311166388,232.69146257785624,222.58019860457006,212.57195599570147,222.53703177253357,216.87766929246635,220.3483134980442,220.48514633012354,229.80817820502324,226.02364837961272,220.63524898226024,221.08360844743473,212.9516241653654,209.5472704285047,199.54534860985046,211.389125250959,217.95981499615738,212.27779004305995,218.67151655315084,210.5156147302563,216.4520808538353,227.7734364020075,214.82919316217283,205.8535529954684,192.7741688216413,193.2335557862708,184.10235308569347,167.80370630786712,171.20301788635894,188.77091902281853,193.59747530110042,175.4267481642196,179.28929873031166,183.93897134510019,195.01246184390487,195.09341377009713,198.0495930710173,204.88712045682854,207.88116252319674,207.6462660993023,211.78939681145548,210.5309227232854,202.58403241671465,207.76085703943826,211.35155589226935,217.56064739038447,223.52883067767192,226.97825514048193,228.8647727766804,220.0321771515856,217.78614384030266,225.10450428328375,226.08991936929664,222.29928006934767,218.58699658035385,218.161659068118,221.08993989070592,222.20353201862918,221.1750322444872,220.65050370575125,221.12114787117105,217.6939268229549,202.1822555443103,203.39476758774362
772,2022-02-08 18:22:40+00:00,266.97348743356685,263.4294012724798,263.4499908910402,263.8736469900489,262.2054169555322,266.34738917212803,258.42817941431565,262.59594629932286,263.02790161538155,255.06672390245953,249.6505580453635,245.5882146614283,232.79504108545052,226.00169247612692,222.67486628271996,225.31356473886703,217.77139195545755,209.08226952302095,217.44859504912392,210.80668789269254,194.924428181138,192.62066548996762,194.77346023917727,197.68537121646364,193.31540989537308,190.43396469503938,193.52686674198287,201.64562726917327,200.30466396436114,225.32671465352428,202.02772815450956,195.6388516654344,196.6791540898401,203.81983820151868,206.92270436986763,202.5457757321375,200.86539544189998,200.55934963826672,193.4306367890616,183.84360022452992,189.0326661271126,172.612091631813,175.93559657428597,178.53352294745582,178.0700269880946,172.38529024740623,167.84631972064676,179.84213245446858,189.78127799030193,187.9711934883915,181.58116414983337,183.1707315811238,196.84297377472478,206.71621515380673,206.94837418442341,208.88466709219244,214.63298822262482,213.63194433243245,203.54472927185475,200.86773030611837,201.52181614762316,206.43388680208255,204.262623552424,199.49053125268847,200.25571562099472,192.8439551477711,198.27701964432606,193.35815708585343,184.27039380559455,199.35155032480515,207.8031942932231,205.7241703961275,208.0597645896544,215.27320565351346,215.82494355547135,218.3591279477953,217.79300705722318,218.32249995972165,225.25223773651055,221.09991573940977,217.28445085921604,215.1944847520358,224.81425650222434,,,,,,,,,,,,,,,,,225.0767658579702,229.73721416528957,222.8102525159989,223.22170705719418,211.56066910096578,213.92603800830733,229.64517819038218,240.79279061050096,,234.42569981865557,231.62927365316813,,,,,,,,,,,,,,,,,,,,,,,,,,,,,,,,,,,217.80651980416502,226.0290809039096,232.21578078596445,230.91921509788477,227.70892031777385,228.87032608678624,221.82420416587703,211.92370128751426,204.97425860060235
773,2022-02-16 18:22:44+00:00,246.4660226772022,244.34841898492152,242.55587437234922,236.15747701387343,239.0530208275098,236.3508762258648,232.78994589502548,245.83422462340926,243.99275063193153,240.22226827978454,233.97218544026163,227.5616962119086,217.9561770201076,209.73748244302226,201.72821142249424,202.70251165469278,199.954872838569,197.94536271209284,202.9367906113791,196.43962198189394,181.5721703831883,183.8873522907786,185.57901154387372,186.77699157796752,184.792492828012,177.7540716280638,177.96568234963672,188.2459734739773,186.75861779631413,198.24692914400407,184.49480955642798,180.67115324238688,184.6588530232424,184.6393037458901,187.2082902584288,184.58550008273858,183.51336981772369,184.31647105478828,176.46215870776916,177.89275392121127,181.87664033847972,168.55435238438253,165.41260577569432,165.46084584249678,171.2877302145207,166.66842915939196,154.33639384421383,166.06566297162948,169.42563055456492,169.6100353790875,174.25481814084833,179.222067949652,196.3714050133328,196.82103096029385,198.78145215640942,196.28577982104554,202.1122061462724,193.47726819751145,185.71613187723696,188.1205511743839,190.42252355564142,190.59625351022333,205.4629056804245,198.03005103881196,196.90700143104482,188.8726798256916,185.13774398737488,181.51173792740474,178.9907229032183,189.08391923899052,187.47673844688427,183.33065377889272,180.78454114157475,200.3448364963951,196.9057662668776,200.2463709486172,199.76906432193283,195.1961737532741,206.94303244291333,197.60506744561923,198.89250666240986,204.35623143534283,208.13734407369938,207.56161549990233,203.99674405012297,200.66773154722645,204.38300445179505,204.99631251372932,204.38594206553745,208.9606263224008,211.13277614662474,217.30777200134304,206.14477880237382,211.130714775535,203.29837415049784,201.87934226509884,205.95457874126527,207.18259592141322,207.69474425533247,206.69635861535505,195.9353630810627,192.86307907898626,192.6180552675661,187.10255013939422,192.05154097076212,190.82398407603222,203.84906924974433,208.48516144852147,201.73529616631134,208.5841056800753,209.0270179191561,200.13460696080156,188.37043642529923,191.41964670302218,184.85621119610772,176.95011134365484,164.1459858456421,166.5037097959654,180.3691385573853,180.60721817150858,168.70121536596486,168.10663679313996,166.95446961513366,166.17735505666826,175.1495759939618,190.14690493435867,194.6253771539081,189.8693931444309,195.14542937426853,192.38176529654527,190.62946584926596,188.00262521481955,187.32677060997622,189.40416337309637,196.0092966138166,200.9625072818033,209.3081897624901,204.78463028209768,206.5898782240974,203.61244888318294,204.70977293378928,208.2167238862885,199.5907275674775,196.03096375413963,199.66138837381163,205.91481142090217,210.23109213440455,207.0029024887216,204.49162721213972,205.19457216175567,197.95376648563956,188.44607794672964,179.29917520366118
774,2022-02-24 18:22:34+00:00,274.7554390997002,270.01908582194096,267.49367394657077,267.5761147293921,267.55519014168647,267.9963476513099,265.54603719341856,266.8886170013874,265.5361605226196,261.5216285938131,255.46140706460034,250.93739449014572,239.6650956412028,230.8548603627824,225.36665442992387,225.1616558576211,220.56272945598775,216.08343054067137,224.80847604792035,218.0078823161826,202.42066702598706,202.10695925728902,211.14648403338015,209.89936531736555,208.7770073417355,198.9507423886981,198.15509325944632,209.29685023047148,214.3339535880616,248.60450517733236,234.72350944926438,211.7827888182137,209.04325406557302,212.59514364896188,214.40171887855522,202.23155491992864,201.95723142322134,203.93773782829143,200.52735132866997,195.98853483286373,201.06348607386403,181.62945584155966,185.03640184367325,189.11409597224014,188.4868085606525,182.94469950069086,179.8408421720727,193.14558236883704,199.87472759206554,204.13322306542182,191.16782133005222,192.96041492035243,213.65546087179123,213.22137023995253,215.51537463662203,216.11012630640823,219.3720740203322,212.98423490477313,206.60586139555818,204.11345826176557,208.20427907336534,213.18941668484473,212.47711271224466,209.5432811250488,210.5540357561269,204.93381400676128,206.48449391061166,203.6125747787958,202.25661791110878,213.74101002129456,213.94003055398224,212.2896123259012,214.2596028706848,,,226.4347522166853,224.8288607817766,222.82448915867775,245.42727468877047,,226.54743363565865,222.85058909384955,231.0634406207257,233.12364340760325,228.34764736547754,221.89568405922125,216.4688197044667,230.09767672094583,229.36062804010302,247.50038266508224,245.73265547856286,254.83737412396468,236.0673415795155,238.4020083173998,220.87104111646016,225.7011496808021,241.53496435808125,241.32621114755128,238.61420286223031,242.25352706719866,,234.37589763909466,222.94733043016925,217.69725418471785,225.21241724146142,,,,,243.65869967614475,242.35169499120542,227.92318507361645,214.44537204982004,207.37530074479156,200.28685784244732,196.75965005659444,178.86473526264285,180.18004737339695,193.1396687403655,198.34855799361986,188.7230205097193,188.55337931262932,186.47277868643974,191.59978656241867,199.12038576579064,207.6125677133532,212.21759493049535,208.87279004248916,214.51569135490325,214.1725930410196,212.13313467385797,211.41542221191713,213.4055093594141,215.15279213077739,219.8767502345115,227.52670472512085,231.28421465199162,241.58939430716288,235.2592400316709,226.49544314786795,226.34950674024952,228.93895077129633,227.36284779180855,217.48139842538455,220.9717861720245,225.40280118882112,225.74399898300769,225.05623331357037,227.0784831580234,228.74104250493963,223.86755267820837,209.2539500445928,206.7988805591684
775,2022-03-04 18:22:34+00:00,240.77442031656884,244.45424523757114,239.68428494203357,236.109491006346,236.88877527435238,238.44871363329008,232.69239116505463,236.07144320539413,243.49591230857607,241.12518861755547,235.24386307674513,225.6631227983361,221.81525778880626,217.53401143886003,199.90142374230584,200.71052587850636,193.08227934456113,203.94565537071287,,,,,,,,,,,,,,183.88236719390005,181.66835377171645,183.74769139418032,184.3199868378057,183.49944070834442,181.185109941314,175.5999206036998,172.45125761502334,174.13277888125234,179.32527606639735,169.05998189719352,161.66157069709533,169.48892182346955,175.31852706307643,173.55934884147246,157.3282211626254,172.15349788414255,173.54794199772482,168.79595637301526,172.24990067324643,178.11288253619574,194.02834700014398,198.73716322619464,195.58157428148183,194.9752861420818,193.2593207530461,188.82059540297183,178.8117798163592,174.64548942705787,180.47800613165055,182.75189216967277,206.61875507366153,199.5215821093982,192.34302110238525,185.3777885671791,186.3675508516389,177.08503293823142,175.99251048569056,178.20662949708066,186.68096224264272,180.63789189312402,187.6523389486077,196.75638805856687,189.31541106068204,198.97047873064557,195.835901013777,195.6928903513816,204.9274235527896,199.33643487744064,202.32854180478816,203.98574865541352,214.43574370155088,204.3782497760362,203.93914446887595,199.71027896601885,197.40846353025543,196.00006742205056,209.6527481953088,209.62963826096836,208.9265298708803,216.59999451684934,204.00200208365453,212.4890322283452,206.53510479361654,206.05240289526733,202.3102347748984,203.9315464915773,208.92011223723773,208.5697279464116,195.84888034779448,202.6299198611888,189.1756590776141,187.34190961405557,187.09423995446517,197.4784150046567,199.8771922997072,206.89108719992214,202.96199113035368,,,,,,,,,,,,,,,,,,,,,,,,,,,,,,,,,,,,,,206.64142488036907,203.37173298177467,200.79019329136764,206.34322494681075,196.85194677175286,186.97535854104166,
776,2022-03-12 18:22:30+00:00,262.8604929443756,263.32643790633904,261.5788461641313,263.65116642335397,265.8681785754759,263.3722223313442,254.42695966480977,254.20863014452837,260.81123269554314,253.57629707726045,253.13640007069318,245.14994298788886,232.6521223308883,223.95199265841416,222.22044701672235,224.38317732855353,216.97471999281487,211.00298249746498,221.16193540899621,211.91309137287092,198.2028223564431,199.76260155051634,202.4631012647323,205.4102476346802,202.4868544051463,197.04049009415934,196.73320017385493,208.62948620586457,207.66614560157194,232.26843040379606,224.36111594910324,207.73229740079807,202.02072680484437,203.18908306220092,202.65691902467012,193.78790684881196,194.08634802183568,195.89710329237826,195.74001819564478,188.56426064269758,193.3046556478796,176.46892585536466,180.3250840931442,182.8313415428853,184.7101034923357,177.97349363535363,173.31077624580496,185.96913992442273,196.68830513708065,197.67816179702277,192.05540852914442,196.84803287771825,210.19179263558306,210.05161351637727,213.82733103069995,209.87719729191684,217.2213124011315,207.14747897144596,199.88585328901536,201.94251324488556,206.05360426670714,205.74980980491063,209.08404843118925,209.44104570779427,210.10010653770067,205.4246377882836,200.8843361717314,197.32831649634082,200.0158082886892,206.04653703468458,209.21497808654175,206.01732043661843,213.17873745173247,217.99076746862232,222.75095284015336,223.59000636297282,224.89928708216758,226.57543986733424,234.26260998733017,231.398015903648,226.64619742083815,222.2567658870217,230.13124246550933,231.54522728460904,227.9653942074374,220.802324604641,218.10665925215835,222.45112400027523,228.16847795622704,239.3473155581689,242.48898968799705,246.39338233114535,230.50135200700808,229.7625259972648,219.5784431366439,223.3960335927982,223.98627534532093,237.19383231860064,231.6156594078529,226.53888668900788,238.03776347308627,229.28563508442943,221.25294349201107,214.86265739103524,214.01960595382127,235.22940456030622,,,247.60301393160069,235.32669031981567,236.87219086201623,231.10379931167458,222.6979287360448,214.03783940625863,200.87753966057852,187.9041563739297,177.0158048053251,184.6649121105474,197.97662639301006,205.59099962120428,191.28774088253877,189.10281461218628,181.43494225022414,187.19621016785902,195.1839008271036,202.273354854926,208.23441896377466,205.80582184136347,208.57058765252887,212.45783665178504,209.69926698290635,206.1502718222638,208.2352280182381,208.4712437511821,215.19965563404514,224.21236738650657,226.81812413796575,234.59804894545425,228.59260033463596,224.21778963573513,226.12514167247332,226.2947442983948,222.31896255933566,216.15346099404996,219.83567525726403,221.65002452161355,225.0651941618708,224.82692513765272,224.77521480413833,225.16374510322288,221.31825699388253,209.86065946582391,207.06061259747017
777,2022-04-13 18:22:23+00:00,262.10236575320295,262.55234365820615,251.27080302362296,246.1812251541928,248.1249810026104,243.1253304729575,239.92977029789796,245.44389784153725,251.1293037316077,243.04330743914187,240.78623069734925,235.60766548483963,228.92227932937556,215.31771594246368,215.10028121241803,211.93895707974903,207.92348311801277,201.8685908274685,214.9096540054531,202.40993799276038,195.22413209720915,189.19727997163744,194.3856949978475,195.33249192080285,197.6793260492018,186.3664985390275,191.37799335740442,193.007391079125,203.18519847043422,212.52708652553758,205.87066319620402,199.86580807743505,197.00323084571386,199.65663145975589,197.78335534816313,195.59287374320093,191.2733625371858,196.91168479320692,188.98791890377146,185.3737847242228,186.98098104991482,176.1896438175254,170.9342932804666,181.05208417215465,176.42505313567852,174.88170427266795,169.96221378005436,179.28308519651813,184.72714022648898,182.44494564851644,184.8085653948134,186.63992568519166,199.6653552319333,202.03812299856796,200.7712572675558,203.62355791234125,206.09198848953042,194.49247913448247,190.4525321235876,190.7021423937621,192.8042377724567,195.327436585263,204.2105692867221,200.33936660048414,202.07707072007048,191.9494871992889,196.80851833225424,191.34700966785115,189.3057824355217,194.09476867819293,203.99600642928445,201.79023259900362,200.07595644533282,211.5606485930694,209.9784137932386,216.42138893914483,213.46981031362708,213.60810748494941,227.6549215868038,221.7460335949134,215.81762185370957,215.4083786325227,221.9037526229997,226.55000405716868,218.45770088771857,211.7717902899986,210.06604281144547,217.39542591255505,220.26085297672475,221.6984269589942,234.29770478813646,229.32945851752476,220.48136171293493,222.84759313190526,214.22788219242153,219.9768201487512,218.94512998924685,230.97453247585455,227.32070185461347,221.06664538763204,223.2564133450476,217.97085804317686,206.9244172800228,209.58107175929285,211.53223507163312,219.5883930950397,224.92771244790816,,230.584777820162,231.6206634304985,232.9924656956838,215.6640275946886,210.62914971247542,198.0288440907564,200.26403259342607,195.26722707178914,174.5547470257313,171.6694083264956,182.7102770448583,187.69037041649415,176.97947102306642,178.27006440963726,177.28614466542388,182.58082992013377,185.2985999817766,188.7699695218564,197.46692256687146,192.71217848125866,200.91207879717547,196.2557102420513,194.81227520806112,196.4376537285371,200.88001927352013,200.4899045363247,209.36038608138887,214.5917599867505,223.90722271545036,226.55160338549018,217.70387105566562,215.39524485141163,213.0580475327439,219.0312667205033,210.88845057048195,204.3657516142332,205.76549696974126,213.15104358433382,214.54695821832354,214.1237135117328,218.92257514317257,216.61578431708762,212.7829936755884,198.89547219962583,195.09078590714503
778,2022-04-21 18:22:18+00:00,273.1234642093183,264.33591347586577,257.4774463056396,255.46189668797044,257.635906577702,254.94219736174557,252.22508367062727,252.21312323232212,254.54348634525397,252.14267954799124,246.54303545547876,238.281984815289,232.02125369847116,220.8924568867575,216.6850359655228,217.33548627159792,210.7363596391387,209.17148920964217,215.57436876680748,212.13009035169722,195.8158381181566,196.8047526511308,198.07611523615049,201.39298092190256,196.4512834615475,190.8617452000634,197.43078849841226,202.8360895499452,207.50053459133363,228.65030163266636,217.45781114974784,199.60590314142382,198.33633551926465,196.89097774127256,200.19520245291676,189.92767205684117,196.25153485538408,195.15537358579385,192.55351433990592,185.03955885411756,190.1210309475607,174.76494991216686,176.3641906906953,180.86732857978626,186.1953279931473,179.71227386902734,180.1801214730261,180.95223203383608,195.74161978916038,190.80473131946167,187.88835309528525,185.0936924203155,199.5839937086642,203.55547921775238,205.1830687818442,204.57733391875598,209.1453470435395,199.43485952033294,192.86631086520273,195.78481068288215,193.3605444116855,195.19163050517744,207.7249617978192,202.26343856655916,205.2010635959259,194.8857262740127,199.56033596728614,201.80874214059995,195.34769896615038,209.25462862749453,209.44056502632708,207.44183090358288,205.94322987220505,216.41984696908077,220.47617292255055,219.25834968884848,219.55169456421044,224.44994297382303,234.22262746974124,232.00608923869007,221.81940707278926,220.37837894032737,228.77795041565315,228.7366068809847,222.9604665778158,221.1593241252005,214.32661136409033,220.71654207819222,227.0520351386601,240.6126776760822,239.03144774986558,238.6626952796503,231.02340114926537,233.42150580085814,218.3399069508314,223.15489688154122,232.7822635502937,237.4526234508927,231.9658572345263,233.56921237982277,237.64399210331908,225.94311095734787,218.7679381979957,212.70598488910048,219.57788860122582,237.58661072648303,,,246.28871833450276,241.20679984146142,245.27667734263247,228.88332640222043,218.55111357913924,209.40025551971158,211.44837286059095,210.94033175383328,187.02514378077262,178.23321466831476,188.1960265425343,194.4398020427947,189.29481262867648,186.81386230120577,183.86004344769447,188.40650816691328,192.06903282524388,197.908598915576,203.45928297667137,198.54880056641778,206.73822829748707,210.308723513385,200.81272525236272,200.94163596024094,205.77370953775707,210.0671899834862,217.95389581620753,223.83745493430655,228.2698361742759,229.25507266192807,222.8552219749042,221.5616618784019,224.45906510031392,223.57355780807148,214.20695103120488,212.95192536081288,211.74129945515728,217.05235955949917,219.60572810250986,219.62151418145606,220.824222455705,220.69017154014844,218.98984197638157,204.67088837279806,200.34228108820201
779,2022-04-29 18:22:19+00:00,248.9676984281932,247.49793614129513,239.62673396654503,237.39690383102612,237.56031769865604,236.73635518452966,231.7347744106919,236.10980808970112,245.9553078978672,241.7727376370698,237.3619551121682,230.16378608480215,219.17805437257465,209.96536715436386,199.21165852550644,200.53494109459336,198.51995790372558,190.8581127706173,202.7133092382412,197.30662705573204,184.5878872441933,182.33397001206225,183.89979645994848,189.35169422895694,187.09072135898762,176.80043274561604,181.2919728882003,188.54277692661304,191.3922067565955,199.3924140965484,192.35394865520496,182.54361358357465,184.51866555389765,180.7424548504889,185.14464323645302,179.02776260422715,181.83394522266875,183.18943276823708,181.02297774524658,175.73655088914967,185.31249228998092,167.32037967018914,167.42150293537156,169.1621687999753,168.42924056065146,161.34978367633119,158.28597374623317,171.7567734091562,173.329208415728,171.04206118155085,174.72565290213126,175.45096239767338,191.26220115423394,195.64608484647866,192.40169665657606,194.53098236274593,196.4435028203887,188.3229043411033,183.29952795767994,179.94909298842734,182.96769702901452,180.84283548639712,196.3894741542463,191.3677105238863,196.4808819764454,187.16596925139135,183.25918238682067,181.23836500848054,176.86369463679682,187.32737914553044,188.4444281836051,184.967884568264,188.18207563395424,203.63946948039003,202.9314404841494,203.57426333720963,208.12071924349982,200.74550783296328,220.94913387137274,207.59131265160488,203.9746420260515,203.31932022730456,215.3943859259179,210.38805420962035,204.08392508322459,201.51950271202688,202.289314183931,207.3034678085961,210.88418433010332,217.22970886217618,219.08977392722952,222.4445420568341,209.132393525625,214.34074576906067,204.11497149227512,210.22016681999986,212.23374318585883,216.67436988820015,225.22187236476026,217.31012811379355,209.60186715939489,204.50183084021242,196.2102808110924,197.35009666777177,198.48880501187142,205.26503544340514,211.19789835237486,209.33731390307582,217.45706930719928,223.4685893043739,226.32319440650127,206.27511999311093,201.01882831644804,190.3541907174284,190.593690119525,186.1900250722045,169.63998140389197,168.50306275967984,178.55424239615664,176.28919138328592,175.08279226278438,171.53493114832938,168.24504700835047,169.1207210417418,169.46919866068313,182.53209049736256,188.41995111732479,188.12798199873765,192.17469984753802,189.33433168242982,185.5089871378889,177.9277489060069,181.9925514419854,192.8775742305582,203.1964808388788,208.99976464709505,213.39480419131837,216.9318304870517,210.7483110010482,206.39882740543814,208.81591273145574,205.9408430515995,200.42482531980602,195.04773606095162,197.76470347156283,203.57411289312643,210.150418896001,205.88220933901968,202.86237795433522,207.6032726400451,200.34029146627046,193.0415456075219,190.20032642235907
780,2022-05-31 18:22:32+00:00,248.9485223804693,248.1976769859126,240.30804571835372,236.40877111222204,236.45033961891613,237.92938524620394,229.9740244893621,240.48437224145297,242.76159607878373,236.82731065932293,237.5513832088571,228.08587575207574,218.2552839014433,208.19035588177704,205.46854902910403,205.48869453621936,199.4704728100022,194.23321657584967,205.81970045048274,192.56148834413267,186.5210001311198,178.678068334758,183.57735374860994,185.56025318855868,183.19417676442654,176.36004120312094,178.65655564956427,184.09352919109278,189.66737204524574,195.79062323243195,186.39437459919367,180.67529094761855,184.9500440922343,185.92569570920608,180.47957873241913,177.47865733686302,179.4465858200005,179.5987885640725,176.54601395090089,175.2435595107467,177.31716766603304,165.4216202877043,162.09640807776145,168.93019569452798,165.8065449802446,167.5270867994154,160.06758426148104,173.1945849595662,169.93310854992515,172.84281866017056,170.9343910454911,176.61537094815463,190.4468231306767,194.07176607943393,189.9010415104062,191.18973881456023,192.7414363814725,184.41152759479672,178.74017201056796,180.31975746295535,180.00169282887836,182.06648305113254,191.81277778786819,195.10326492847443,196.5840620073136,184.03427507334317,180.0339501720091,172.51582052563293,172.08122807812077,182.66517596226146,187.2934271113322,190.68698852631263,195.57954237547713,207.0463558214832,202.48482839087904,214.08639879131658,211.49649030853791,214.68294828109777,215.98531925954694,205.90984722331376,202.28607069675004,204.0088501310861,206.90618108191336,212.54407777843429,210.30713597863218,203.59545344154287,203.39942808489513,207.86191914798343,207.16115297670018,214.43918528892078,219.61534884439195,218.0216714377905,205.50562106953782,207.05172745535532,196.27875266066565,200.70229944990433,213.3344286583313,211.1185110244764,224.37628778610684,213.19634323329518,205.68786044558277,202.2906843828122,203.31893136187244,197.2811353481278,200.7768859510354,207.47256674466172,206.03673974741048,219.5635554124637,213.56631784175258,214.73320533840567,221.64022397357385,209.06447508321958,202.29941246749254,187.6617861743963,185.51425021147855,179.5166034386703,169.45309956472806,169.5032461629237,174.9925304760136,176.24338049996032,166.28395521669069,166.3450032249413,165.72103812848766,175.67301011962067,175.99732454011993,187.23822904338004,191.00661514971281,186.02073451599892,182.57461245779396,184.14512160308394,184.09874137113064,184.62665367184607,193.29118758812544,196.38019894610827,199.72519544355126,207.99262103701707,212.2694577414882,214.43949847332019,204.51249033993827,199.7515545982681,206.35096179909482,202.86789119395536,193.89879744715813,190.83753791064998,193.13258951521595,201.93445663050684,206.2759463060918,210.25152362888343,201.9858569540871,201.64491357655558,194.00805517358276,183.97329468239275,176.48411332149237
781,2022-06-24 18:22:26+00:00,253.1585972390595,251.38744029710062,243.8312196976393,241.1372496918779,243.63640683395016,241.55063355599424,238.98124285832358,246.6558435988202,249.83808280362052,244.88135763077688,240.63212583861048,234.3834831432561,224.78765379324744,213.0612871948909,211.86891585218797,211.7304834056472,208.48067696513624,202.2358473303002,213.1585561995347,203.61117994583086,192.3839135294735,187.826182010925,193.57498981074053,194.01853200226134,191.50353073431504,184.5175877245361,185.0469665217156,190.12414339606394,197.48239099641992,210.27432380878608,199.4381719553402,190.23207341821,193.5543143315842,193.2013309992609,187.7744527501813,184.85509760206077,181.36002875914647,182.88200046794825,180.1309580146883,182.09016046191476,184.08523166157005,166.95492492781676,164.9589172485303,172.2907341889653,172.02702227338708,168.34190738178262,164.61057656259135,176.40358614236771,184.3692460695527,175.79874645575342,174.9714188624675,178.07255579443282,192.10481066016905,193.58689751153133,193.45700487370095,197.543703354282,195.96254700784783,191.3781233972668,190.38162522885762,185.03474059128138,190.38076377340906,185.90521480307854,201.67513021054413,201.94024718229326,204.69847117947492,187.07405454424182,187.81796023247898,188.38392622798426,187.1243054681364,196.70301556295698,204.98981489581948,196.79939737899332,201.71498401338357,208.58345234648857,208.7041463929333,213.64863570656647,213.80739348858606,211.90816806192646,217.36926186544417,204.92613570658986,205.3752601026451,208.1531773107637,213.5315101397656,216.23427838880139,212.59901566952834,205.22749037345045,208.50659621823274,213.01905830431582,208.56047083339686,218.43172574055228,220.2905968701529,223.08041372586183,211.2782296856721,220.48770927812507,213.74292409877268,219.21709229338182,216.08426879162096,224.55850330188673,223.87155500637272,217.94873253135808,219.35034823821456,211.52583007104448,206.68324364623174,202.31418624178076,199.5365720532586,208.71414677143505,215.1258302028112,218.0740404957666,223.76266612967692,220.22309670614234,231.63790566149646,218.22725300324765,206.11490260303634,189.2114041025235,187.25065573691052,183.33818763332633,169.18929842119425,168.2915579493617,180.7232475856073,184.05074030160074,178.0818239513024,179.06814856449606,178.6152843636496,185.60646249865303,186.7377281010154,196.2513723378886,199.0296601795248,188.99648031549737,196.1930067593894,196.18909034131883,191.04476354956188,195.1026216264616,199.9735802111697,206.51113340558084,207.72109526560308,212.16194193135578,219.53960252733228,218.63537480903312,212.43275956644703,208.57440875034447,211.96292366242557,213.86618601848642,207.19436134866035,200.98283265106585,207.56348392850688,213.12343769278473,218.72519759911648,211.67388881540597,213.70866744961552,218.88307543008057,208.19042798141325,198.62175749477376,195.43506239163443
782,2022-07-02 18:22:47+00:00,253.61847401339236,251.1911984945358,242.10188867055584,238.13624262988284,242.02242431414484,238.49862036314585,236.02683741817538,242.18960610150503,247.76986778663542,241.33705553753754,240.22281734323428,230.73286948767173,225.38995454344496,210.45448140436184,209.51159351909374,206.6152428416823,203.98555532284905,198.86525442625054,210.73602359528016,202.28232973906444,188.7135504100432,189.71590980130713,196.14668963218492,190.47662143232552,191.97992259762992,179.99767189530698,183.46903828597226,186.8770124737618,201.82289585276982,201.9583875371032,189.72721386590837,187.75534083975023,194.19633152776606,189.3536529965454,184.30220984464793,184.8607064943697,182.17419188653378,186.01495313957525,179.8178183945957,181.40698775412298,181.31483266935348,162.62710383990438,166.7038013048146,173.76426145032693,170.27794803293784,170.63106767617828,165.1643608010039,178.6753676264297,183.00528050807878,177.78579657643616,176.37425227990275,178.7707229852082,191.907968557247,195.534818781878,197.61013390288116,199.19361172612608,197.78676821955696,189.79548613234215,182.87807431765896,181.61643454142185,188.50748268869933,191.59361787124345,198.68930087945242,200.41244744954494,201.0199139456568,188.96129082288945,185.49559397046187,181.15620897959923,178.324886368146,198.6363770545625,210.46420211735335,206.1046110553579,198.81898476966305,210.7222148783669,205.3756037765579,208.57236128910708,215.92962704712727,214.9662009364949,212.7625406211572,206.8070749302853,205.74333796157748,211.4650519777054,216.24190352679454,213.60690544457208,215.4363501783474,207.5649509281082,209.95333996548536,216.4836765272015,206.8631500268587,221.6003519229194,228.8306067039997,221.32328338144941,209.70247101091667,214.42882659370483,217.5477232512942,219.890467773875,217.32635468919003,224.48459544715354,225.58788647942126,214.20217505662316,214.9286274036005,208.79466467125147,206.90619080186443,200.0502265268205,203.33176587230383,207.61554801489947,207.79487353802807,224.16606207289246,219.92715483796053,225.57937868313445,226.22032083466422,215.08291205309308,200.69727500997234,191.99286148822148,187.5388407419881,185.7516457886314,179.8268593477041,173.17986255313636,178.24668218784367,177.57606045712106,178.79067916655848,181.345256521957,180.58276496511456,180.98394739659994,183.32123719668868,196.91007807445243,199.01040019524174,189.24475714620237,188.31786858366627,194.04935845848752,190.5453805671902,196.61826715335874,200.7381765057658,202.38756565755145,205.46599070509973,211.09525484811417,213.6508800358566,218.58723891070787,213.3500722565484,206.1916835403105,212.37535454150952,207.99159072621393,202.4112370934443,199.46913381631055,201.73618307981582,209.53019551963484,211.07924693392886,215.79994860954946,210.5097187828551,215.02306772640875,207.27995592067518,197.31880085428168,191.82295635711404
783,2022-07-18 18:22:48+00:00,251.16472307672962,250.64195982539576,243.44319246864828,238.5584520177024,243.40951579925226,240.4468733481246,238.81979880844708,243.4620390488099,248.16151333285794,241.04243530611336,239.85409470555086,232.58257906809771,225.53663136144826,212.55402819416355,210.78065188221095,208.70419855784843,206.82309942567383,198.6558634383395,210.48184398446773,197.6360014213732,188.31126607948778,187.77824890000505,190.77129459520933,190.60675429187773,188.8368622659861,179.9481365514289,179.90018900069828,187.4165358129208,196.50044943480393,202.13823062994624,191.43421563191663,192.21842095213998,195.21783877677365,197.20675424262504,186.9212569217532,186.9683439277165,184.79431106850456,187.37981511757224,181.7149643622393,181.65476685827443,186.17875195558628,169.86258563181218,168.98113363135815,178.767204560597,173.50158398242033,167.1186470059379,161.74660739640092,175.4121279470122,182.27027588935212,178.0643057178031,174.61554177784302,178.92606339746192,192.47005444736524,199.65949286577288,193.03402426259083,194.54903058072728,196.10429070805745,192.56967802733942,191.78587045507314,188.24350577982588,189.52080222731672,188.43735450939678,205.96799830810613,195.7332316768629,199.2722890360866,186.47139762435864,181.6813501361885,178.3186438876214,182.0843945308246,197.12375658021034,217.60597730745604,207.70837672667736,196.78913055834894,206.90933602125236,200.84940195064928,211.78261348653203,213.03424265563325,219.76005054214778,217.9296344962734,212.0164382019134,210.15347001619784,210.30248160923526,214.32984389297474,213.4323379586257,210.27931607066168,208.08562915771057,211.07283717488554,,,,,,,,,,,221.4827804281089,224.6550481278192,215.22463336568947,204.60383159320511,202.76406652676056,205.2241102030336,199.39061406182822,194.22958988357254,207.99870934659077,206.22122682069525,216.26901969977598,223.28895223666768,225.32940029239109,231.3284194484503,211.66201470492166,202.96059598099956,,,,,,,,,,,,,,,,,,,,,,,,,,,,,,,,,,,,,,,,
784,2022-08-03 18:23:00+00:00,249.18306769499975,245.70398557856217,241.61111153423374,238.79458739573803,243.9256124528376,238.5522342421138,234.52475532681095,241.45155267795104,246.0277233094907,238.75517593114668,235.89543443565788,228.17079958626255,222.67743533782144,210.4068611502339,206.98027941267884,209.1188489145971,206.6349682858317,199.54848704314145,209.971559331095,195.44806488690287,189.3341712907274,187.58159182851196,190.28061924369854,187.35590766802196,191.5043464833081,182.26211249654983,179.3107799650694,184.26647879203816,199.43745655208224,196.8675371420554,191.6030190192661,186.90710099696113,188.30381133954987,189.65032643964884,185.7396089440238,181.79196502637444,181.9839887751171,183.89503548245648,180.06002826450424,176.82471463406617,178.597065013234,162.5997651554115,166.17785851935093,176.1400744351633,170.8976745876572,165.59976224105122,159.45387709173622,173.11619640141578,176.6066642289012,176.84393101657136,171.51869652010168,174.15313688311312,191.58340810280026,197.87449840587374,192.97203734981417,195.18018936986778,193.55007750889345,187.29044554677944,180.7343504426035,175.261773855021,184.28685492822038,188.10855134461207,199.67729658281834,194.75767974128195,198.48087490106013,187.4905301453226,186.1213773409786,179.18964734906143,179.2927389948154,188.32287569432404,198.64996778056826,206.5390073127294,199.29566660722426,211.570502036969,202.22016584320593,204.03674782453413,212.31671503673485,210.82531596459117,215.39676110080654,205.72372876737697,209.47844066582377,204.0106158452186,215.90513736789967,215.55554049126457,210.62058864290702,205.82860633758517,211.20610770589303,214.25744119195133,205.83653679881962,216.4300280816887,222.68083687025162,220.58454269386345,206.92123116116937,220.8360792404771,207.05082698470028,212.4573141639251,212.385084563723,215.97591554774272,216.82677840557778,212.43995596595727,200.9330858736844,198.879777362913,200.4602041803155,197.83199288271166,198.11255427228707,206.28149162628614,205.62456008971373,214.3378776725728,215.85407571602065,221.293002442378,225.9387957435072,213.8033595255277,196.96083570628372,191.95876717233816,184.17167933031402,174.88311655886358,168.54665693132273,172.74799117015704,184.83496953808702,175.5191071570716,161.95187177841603,166.15734617509085,181.71127386518987,181.53772299383172,188.27928827307682,197.79102121039958,199.15828777360463,189.42740795852853,194.37905312362966,193.39733782901686,189.86551808265045,191.68158554709237,194.98965682125115,195.24635071733542,202.04587017463922,207.06319679704785,211.36346132480764,210.03261603588447,205.35536593376995,206.18374105883305,209.2296763812413,208.3603630807569,202.43180325083475,201.97009436227955,201.57955203887428,209.15292692754747,213.5060083525861,217.4369129033429,205.6148118125943,208.30715911012663,207.16886009906557,196.05001473330069,192.35615297300475
785,2022-08-11 18:22:43+00:00,251.66655245735856,251.02796047607018,239.69182057815604,238.37344444883604,241.37690909463552,241.69016675205347,235.0703419239027,243.32729243950942,243.80722713477928,243.34385665295758,239.47206211117458,232.80776642022045,223.8437487465422,212.03872530042125,209.75282020828575,207.6685045839627,204.63548823391434,198.68461989368114,210.08505462874274,198.03833100856008,188.7936082371588,186.50576401336303,188.0174978276345,190.99053091713552,189.9456201593354,183.54645212122222,183.4095525662935,192.10877613576884,191.58289390728802,204.2863671839929,191.809046083201,183.25214338001808,188.80994969574073,189.2066041944633,185.48037980591747,184.10045660611502,181.81840251631814,184.48783443971766,180.11918461877016,180.5485876571066,182.99197795036054,167.38031989857464,168.652707705232,176.7274788799932,172.26174167202868,169.17576313366848,157.91033562692928,173.19055681503573,177.6875631027134,177.17783472184837,174.9972394434983,176.92072807613062,195.25788725253437,194.17930915321895,195.79210151820035,194.95647637216985,198.0299275761919,187.38278131197103,182.2962609050199,180.1200708411101,186.50946786296097,189.59931968786032,200.41574273495883,200.01860714239757,206.83239366461734,197.11906213826043,189.23651775769974,183.9463319508937,190.73122993324995,193.65125663042141,203.76691873612384,204.3361531166769,205.32795530854142,212.32064794488878,202.43163268834053,201.63457941683825,203.6774339795682,218.0306297929147,214.4755459662056,201.981875524781,205.33907238272062,214.71554769404668,218.3655655690764,218.29872979047613,212.79101567644148,209.7896743571052,209.87748269143333,217.04560697278615,209.7387435208351,214.66648601767352,222.08388887588106,220.85947685054015,206.15284956979886,207.28608781161918,219.20838766646202,217.04447070127367,219.59894448030832,217.80206280005203,221.80537441288908,211.6304877452362,205.2975080309099,197.06982794087153,203.157136740772,199.96148367389645,206.97054307952536,209.94055417942224,205.54116544307482,221.08980382834775,214.32366215421746,219.37065491185606,223.81772956805617,213.95421398062047,202.37574952017775,197.910097378293,193.70050519657886,179.73473930472318,167.82513463591013,172.6157358559122,184.95818376655572,182.1086674062459,171.64019391106683,178.1304863693108,185.287119201299,184.763586795248,192.36084128664655,208.743538839062,203.52311884045747,192.39866522407934,193.97720565903825,197.4633750891108,196.83802918361843,201.0636660890949,202.21308558467086,200.58595860378097,206.10413459109307,208.3974361391636,211.5462541794804,216.36627227411793,212.4581268232558,206.7120799273074,210.7408862182835,212.9509927967959,209.93552973431588,198.98373315661894,202.47637138170666,215.33504058653875,214.9183295890819,214.07948351393617,208.2157846246975,212.03917193827962,208.72082678902137,197.2179790741665,190.55396567283984
786,2022-08-19 18:23:05+00:00,253.02761761508728,250.27799107970162,240.93942284253103,238.4408938307059,243.46027811052392,239.8639780983395,238.78863441432034,246.22903640251738,246.12709367830132,241.01422593429854,235.74871629243577,231.22843805337112,221.365802699815,210.76543458198415,209.22591834712443,208.9389486564858,204.02231999228587,199.17783015852683,209.38121200454697,203.21985911288854,197.11738239455815,195.91180799761702,194.9991941361469,197.49024423702895,195.4462537672816,187.50806286727016,182.96701206376525,194.82663877045235,195.8365239283532,209.0941397046928,191.85090767448804,186.529580143685,188.13282728256678,192.20240918375788,189.72981152363357,185.1299662212302,184.8641758934716,185.21833230122172,176.7018275066224,177.8198625804793,183.68431933219802,167.89304277015614,166.6139240222526,173.26320466159888,169.28076900170166,167.31856372274765,165.3885014710401,176.37567520308107,182.9000431874622,179.31134731040393,175.1310392296277,177.32916607071905,192.60204713034665,198.72510688753374,193.91423091119808,198.0528381608309,202.41570973894864,192.7913789464398,185.4585608270407,186.2856296417863,189.98480632059335,190.89198390986647,201.33410303891316,197.20026099544467,206.44236899927807,192.61945096364624,183.8130821157789,185.66616508570536,192.87666731177322,200.13982151930298,207.9267582200703,205.7382467462651,210.09128376595442,206.65075105567203,206.79116250308851,207.54212328444953,212.78253166602323,217.5832885516386,216.78516809233588,205.30814560444276,208.97571978780843,211.50821132427077,216.24764659758256,216.47649029448735,215.70840960634683,207.69245033674514,210.53557206781863,214.46241898945448,209.7577008904877,215.75993028265452,221.04639321529436,222.41160357540633,210.5517247417157,210.33191064781744,205.65922676051906,219.76277607589287,216.76917475177143,222.12368080859505,222.55887593086533,215.54867536076233,206.5728788537251,200.41162691984113,201.35780193050465,201.21596402948626,201.47173984421144,208.44975127721128,209.92725903986894,211.774928672463,216.5767370518966,213.9193410094309,224.38265403274087,208.04844947080966,200.20423612365403,190.71669483747127,187.20502939267567,180.9015112906776,168.7482946972375,165.71899976507393,182.5067478501801,176.2337536978967,169.177341212536,173.2133335397042,181.24127520093782,182.9288631512521,191.98449457321124,199.67270255943424,205.8732316165828,194.71456934648637,195.28971590862,194.67451595739033,198.3767328983167,195.31766254543902,200.57778464342024,204.45293654808677,205.8146394510669,210.1652488158411,208.89961676118588,213.25557585669435,212.67762122118077,206.67739547649387,207.01586232652565,215.84249740805413,212.51639401461384,203.39983011892656,206.24731631967813,215.19496634441333,217.78923233411837,219.89629597065175,208.95801238603298,213.2227547299838,207.9021901114685,200.65736864589798,192.47516414540632
787,2022-08-27 18:22:47+00:00,249.59408232306993,247.06194491647202,239.49005508387495,235.73850841673914,240.30907828360785,238.75571726895572,234.0412734200456,250.8754659902741,251.49949446073828,252.70134630501266,240.197971148472,231.35549306829765,216.5775637951477,211.56300179559517,207.104069211042,209.8931055516626,205.665296496545,200.462383414678,208.51317591860538,201.16105303589814,189.87229933111874,190.74430594156422,186.445728649586,184.5918336566435,182.47326930980154,174.95839506255413,180.7008649625868,187.00436062976365,192.04604299248444,189.40544297303592,185.26271409802484,180.80392613672882,185.53749685339685,186.62186072993165,184.75092697130458,178.99288894870494,176.62487084323493,184.44257847104055,177.34248536693303,178.49196086783553,184.03755332855405,168.24548729137774,167.1695863274419,170.82521643875242,172.36601841731184,171.9710577941431,162.04733969330323,179.64299628727906,180.43469307993502,172.85545862618034,172.28641911796004,176.35813236707608,186.5812879466194,197.06358525870326,196.6236054634395,198.33740754188878,195.8066077452982,189.74916693970656,186.86642343470407,180.15747864928204,182.40260294757408,184.09308790637343,,,205.28315544258572,181.1616214976125,184.01960095459185,178.27548377870974,182.0856522821318,190.4829486922471,202.10480942722177,203.92953722003517,187.3192260948814,202.10988888145968,198.84736351917383,195.83884393424836,195.793498865593,206.81966900988039,208.6289411549968,202.62335909388509,200.8597527080559,205.81909776473736,206.6303723055503,207.86486433664538,209.0247717953458,204.27798145718089,210.11642638390464,215.26243847504585,206.2817347419075,208.90819801777687,213.26962264041163,218.16161983501487,205.55825372047315,203.52209302218608,201.43769811987588,207.24770141480565,214.2796410857247,218.32048885349667,219.57936713505558,207.54358831314616,198.37300096674414,201.06830579798094,198.5593359804942,196.39308016946524,194.87823927495188,204.9987495670117,204.1710449930534,210.30071040399815,209.4697142716946,212.94780993725476,213.66788486416033,198.20553063985682,195.3539903737632,193.9259444550123,194.5324188343364,178.85025604236608,173.42144237812187,172.87417533552644,186.62304050296945,175.96303235774133,154.30571716282066,166.54941393887609,177.46765902252855,183.10737966362558,183.51422589320458,188.7238115188356,187.49486970930465,188.91533342723278,196.14076911650892,186.44284860081575,188.41833946190172,196.28464563311803,196.64688940650015,197.72640094486064,199.57390497866913,203.83988813635395,210.4328580160259,215.236894164095,208.86310805503518,203.57737796260778,206.06906721667983,207.25384477277254,203.23438427358496,194.09967065838296,197.62361586275154,206.33657940178563,207.91827290480379,212.33631618208986,204.39885281836615,208.19342767429987,206.3916262174053,196.18630921754772,189.1711481937608
788,2022-09-20 18:23:12+00:00,254.67495188616863,250.5646668050855,244.54059121879806,236.34195842335495,239.41183161543557,237.24082810052667,236.23910356490745,245.67293276049844,246.64202567719502,243.64922246359095,240.83198869713718,231.39079668139635,221.39054760555618,213.41056610809636,208.4256509608146,208.1247271792085,202.08495297918563,198.54919827137263,210.17789341733047,203.98250936483845,196.6183092777141,195.04432492445372,191.30002986751754,193.19105560821487,192.26503448699424,185.98670019776105,188.69970797304282,190.79137779646956,208.12043722166686,211.0002086171912,197.4282740579709,185.3012913188215,187.54997037544106,184.2969098437567,184.41999818209246,186.59733925265846,188.12162810042727,188.22471282872323,182.98557131555629,179.07033901961506,183.88786145438524,170.23002906867447,171.21743977048084,175.78768619415297,171.13118363601774,171.04576266640265,165.15027711824945,174.15870667029827,180.20165163104377,180.05593570616395,178.01107871297359,179.48869653596222,190.06396853031947,198.8367406188559,195.62913925744476,204.10119547242783,196.67562064024196,196.2802065247849,184.0172945533597,185.73986302713047,187.52606902007466,187.56333511382687,201.34961433154928,200.27724201528977,201.42885589889556,188.37828312753027,182.56545520120278,179.18959532450944,186.16037728258488,193.34985153585362,204.45139187250328,198.47705797120605,198.80909401476748,208.98443955823535,204.2565015030939,207.0995082337711,205.80692050528563,211.61910913725376,218.82859281502226,208.5329886893352,207.16043878167585,209.33943022457433,215.31327996757173,215.78986526595983,215.40953076547208,212.33250977832978,214.2336379227797,227.47334180686843,224.10525977972955,222.28383874166326,219.18055145535664,220.93197273495622,211.60774897982856,221.44318012012153,218.85037626286592,218.23289502964622,213.40387068574788,210.57247535950904,216.99928706580533,215.64892336852066,196.3190975310278,199.17526256151342,203.2058816720708,203.8144511914929,214.17310493723858,207.44777043530968,213.73407845640767,209.9075512857312,211.4381922487969,214.088422144781,209.6726631302755,200.9730353439658,192.88753793749163,191.1512203207634,193.95674335944437,178.9500592418492,166.151337351876,167.94933107383548,181.68189203510678,177.54360519162697,152.55968461825796,153.52293180496315,170.47536342731928,180.25809667194002,189.95427077653198,193.8980477223358,191.56225632713014,191.4698066820393,195.94221324871097,197.8194820780277,197.86708810624657,202.34902433065184,208.50735434368778,207.5924005752271,203.10706325920603,207.38202396182425,209.9076575881124,216.2717043662599,212.5339279737673,207.97446003690146,211.91506400697756,221.58965967960614,209.92348595659848,201.82829904384667,203.37096057229783,212.3002033183792,214.88882967653137,221.8588071463445,212.86101193654272,212.51326165743373,208.98469548084648,202.83474549546563,202.80158318641793
789,2022-10-30 18:22:59+00:00,254.7257415171015,249.92094012417775,245.71173614245265,236.84059578838782,242.13160550120494,241.93869147910732,233.50043846237253,247.5323560677179,244.08598215313248,246.66688093273288,239.1810997937028,234.45335923545673,219.90481519808765,209.10968685736447,208.296374844667,212.42784952691085,202.07721180018746,198.9028327233212,208.04708487269806,203.76909856060652,191.8347134493721,190.4617468737638,188.5275882279409,191.13498476603402,189.56190193267625,181.80444350841145,181.5938266289686,186.77628953531166,196.75065273837873,203.67102154134187,189.5749264970491,182.47960585426725,187.18243338377837,187.86094495893178,188.98339285667657,185.6203263620289,185.30471041520502,184.34053149145007,183.70832647017718,179.20537451404914,189.79286416770955,175.42088528349962,168.11319157298544,176.17846990835437,174.35113505097357,172.55732848495836,168.9841858787787,173.62197978936518,179.62452900979173,175.08400019702412,173.88854989162365,175.82163221336572,188.20860478908224,198.04595038143736,198.3610501657106,198.94274872387024,201.22369624340098,198.8358881267399,184.9518550992402,194.4496795764632,187.78193450510543,190.98288112573266,206.11193382919566,210.217589804324,207.16873793461608,199.3923411260647,188.23865668790555,179.86317795496154,179.14265166330492,198.8199085472661,207.99331626485284,200.08185578102285,202.94312752049478,204.2713043671579,202.75500897594557,205.64162173734434,209.91377437804294,211.44762043280272,210.1788818064772,200.00418192863685,212.37869797592495,202.2465788073155,206.9756372035343,210.89082706274363,214.04952602806657,207.66482332980112,212.1305951408307,221.30248591590072,223.21777788678227,212.3775082066608,209.2372177002319,217.54058522264762,206.16503488053098,207.4119499592392,213.90829434763364,218.43150667960396,213.85630278764393,211.03337129691974,219.0662613862406,208.17404592674842,196.66308688992484,205.87803029780142,196.67441959233153,198.45566830810628,199.68713069359057,201.301341823182,204.83869344695063,210.82467410536475,206.52711259530713,206.6495540296812,206.8403438636964,195.83775792668945,190.21847846754525,195.3187346082554,193.8907035109442,183.7020327765033,168.6633492774949,175.3661822480866,186.50870903143257,181.3725380745506,155.39396559975592,154.12001254261725,163.75394526004914,169.09149922234695,177.8743365967892,191.98911086826843,201.81187310161297,194.2000752597757,186.38385594837416,196.71978580565005,202.47848942243309,196.7171714367531,207.46123055962644,211.95042663799325,210.00689937885386,208.82532934655944,214.54900436070022,211.73446878181056,206.45819859248434,207.987706243952,215.24368554315248,212.28231108702397,202.1037907884406,199.5609303779577,206.3041739146644,214.75181464929875,219.399926918051,215.21982877385915,210.8756753548294,213.41161298637508,205.10067923322453,198.20794783886015,193.24316371471525
790,2022-11-15 18:23:01+00:00,255.0217431060869,251.72318619223495,247.2169052382686,240.55362091993993,244.31340328260677,242.72956812982056,238.5470680781709,245.4609876547786,247.31207463490327,248.23179465202807,238.32667332747957,236.33832680733047,224.06440392314371,216.57379212225212,212.33318198549665,212.6725789333427,206.20543153750882,204.74963701463838,212.91819370121243,208.64992038996363,196.6391588893281,195.07851315424074,194.30889062900508,195.00258128753978,192.0302476928224,186.7345604589984,187.76445023014713,194.71762259430108,200.87053311983783,212.3386253073548,198.22248627794963,188.10634095574437,187.32912866620856,195.13152167886753,190.8055306400139,187.1367691453095,190.462820258477,186.36992191000064,182.61479806315188,184.36471192692892,191.49828991735848,171.78570480451503,178.4196012229621,177.94254290131602,176.40254657074124,174.21770860359896,170.4162954790007,172.0200118669015,183.77189380157705,178.37618844330603,178.82887746522493,182.36345070947544,196.79263591626346,200.97268288020305,202.0813471596768,205.76454629009874,210.45813125870598,201.1021796177201,192.33521249249029,195.99614833949218,189.76969034196514,194.4365649460761,205.75621024119607,198.36034656438744,202.74582383975093,190.25604297447634,186.8485768452586,178.39345025222605,183.4542742973764,194.4987172261341,208.761348528033,201.86716532199227,210.60084212945156,206.839843541149,208.6301846218414,209.80385409401543,213.55071630520666,213.59169335910008,214.17247630836508,206.7247815002674,211.82359811049224,211.083434460695,216.71749132157663,216.3504171531409,215.45442612855533,215.5845373213182,215.31880775929378,218.03833992555286,226.56371334909468,215.69748635326675,223.52299067347658,222.4527948189255,208.25701888089532,209.0790219515879,205.4855197682088,219.40979134417879,216.39542704670765,216.4659966860619,222.59347944888333,217.58957524117469,205.36228320341002,208.21955314408274,209.03561434659497,201.86748478833604,208.36605986041886,211.60373985549427,214.62667028570323,210.39624904056586,212.17542781679,214.34093383415214,221.36039556421144,207.5113920753386,199.90095255244296,192.36515675207585,195.51441058290735,184.76812251651398,169.12145629882133,171.07372473845408,187.6229976883954,182.2135746917078,156.6210842382085,153.31309937322726,167.01667241043964,179.58335200229737,181.95701687489895,194.66425688323284,204.2453500056955,199.38249698716612,199.45455984628447,204.73010936122827,200.54483090692145,198.3638196371169,199.83782066143692,209.37912036840828,213.92625019966502,215.8304330611948,213.20467847228406,219.34492125554044,212.93865305324286,207.08515915510557,217.77149601819096,216.35856941890654,210.88719552585917,200.4706615414848,207.04842544532568,213.5283273266769,222.3299658150134,221.30600821707398,219.32623951352136,219.44650660408064,208.69873136594157,199.77828325632845,196.37085131158557
791,2022-11-23 18:23:05+00:00,250.71505875904896,248.77092062774244,241.57026554308055,236.9900667599885,241.94491185005205,239.14377419421754,235.38746223195497,244.27333347168883,247.95827872924608,240.49521733774768,235.31388581108547,228.26084738510133,219.2235930323438,211.03346149489073,208.29621520927307,208.78307369860389,204.38576595504878,196.19492277933318,209.84068590547616,199.50479731484032,189.84155739824755,188.0035441576683,191.31223391726462,191.18407576126992,189.913794179324,180.19183898122276,183.11784020108698,184.67303223712543,187.92205686835587,204.03874923794325,182.52388969727676,180.75157185517014,184.59223423895736,183.20159099371986,184.08332970391902,183.8249829319015,185.33816677096974,180.99098348779904,177.8151542125675,181.53357608939828,184.98976797824673,174.57451258689775,170.7011328517935,176.77238358922585,165.91917543202396,164.18408798787777,160.1510493566946,170.19975371389913,173.11661466916155,167.24385312380173,170.11917965359027,179.80092952678683,191.00895037389512,201.40051337311093,201.37666810416465,198.9257176787856,201.40411081639462,192.13446875768835,192.9828414082251,186.55929908676117,190.51071889977248,195.84625657046251,195.00331836603561,192.7129082914483,195.83688975095546,191.0994529532693,185.48353201297888,179.71757503495667,183.0411194518441,191.58167481397484,198.18780613517296,194.30824736892257,183.081665582096,199.39037198611132,193.96149891240577,199.38144788860885,198.20372893606194,199.9530176796701,205.19757604645125,200.50739577130105,204.25019467015244,204.7407172572259,205.64130775074815,207.31003576090018,205.57290256396396,202.5358605904288,206.48995256387357,213.16662153343236,202.9556006854634,211.5447254865767,209.91032392777788,218.48101289223737,203.892044917367,209.5350585544514,210.73805428248716,209.0122565709888,212.17153118568189,211.16073712642986,207.0331366015905,203.20456390842256,197.50484484872976,193.91331973474544,199.64563100311807,192.51828799758096,194.91477794461656,197.27833641681707,200.66996937643682,210.55777379078205,206.66943533404105,209.07525456773993,207.79664964926783,197.39592812515752,187.11572720438005,190.79186116991625,184.55149629454513,178.28763647310575,167.99434920728598,172.6137353538258,187.6004566600219,183.4976808227209,153.09702806317478,158.7252458727956,162.0979267359324,166.2779125755395,176.02672092907858,187.5222715613359,196.49648760817155,188.83569701926876,187.72646225514626,186.66456093248883,183.32786288651488,197.6518295352508,196.90436879336866,201.34977857291804,199.67352616518957,198.50959288152632,201.43775726377552,210.69774893782062,207.93150455534814,191.82254420779662,201.9731032278226,209.79585383687248,203.97762031482563,200.66834250058355,201.00151362975453,209.20803080149415,213.33885151656892,214.6385724589984,209.53351498445346,210.9020878795731,200.97305841778618,192.71795294693698,190.44538305860024
792,2022-12-09 18:23:05+00:00,251.5014651792755,252.2187986086858,242.21437754059104,237.61739571189383,234.5690843527829,236.50716207475338,239.18810002236418,242.88062437606686,247.88300433616018,237.06811123860734,235.72309859875514,230.14102914084964,219.06209670642366,205.7693658906872,204.2667761592194,207.40990451396132,201.99218425778912,195.30264041122706,209.59423723676372,198.51007144862683,188.52297841772514,188.44902081445366,189.52124035280366,190.87074883615415,185.9121882324034,180.40928546629834,183.01583030277544,189.85310208760603,194.17381757837984,205.58289045783997,182.82090251386364,182.06889498774012,186.34782752422478,188.03019797423443,183.06893143662265,182.72117892980754,184.60658071822292,182.0037627833191,183.6752632039375,181.47614124630175,186.19633303831463,174.9821063133997,172.91690573715505,177.69481329504632,169.48572050441499,171.68982633218093,168.57489920245945,178.02446096678912,180.77134628945907,172.02126323744156,177.01085315242102,175.04919967048608,198.10950953941477,210.4872175825499,204.31746907258292,208.70674699218245,206.56199961067952,199.58340456829387,194.51856130177595,197.0735796231716,195.33052309012803,202.2422030417407,212.63259256298102,204.71126448062293,205.70342685535758,194.3665622671034,191.06763472788202,182.21265508939535,184.36331222646368,197.280349536659,206.32364018976904,199.02283138691996,195.84208283030208,202.65599731326,195.3235023968316,198.10309598829562,204.01754041978762,205.5335455073152,209.4459474839046,198.5970335801826,204.32470015579722,212.26063374247948,203.4564483044352,211.23787660928022,207.4548412959497,208.00674301278028,216.35121846358317,227.5894318941788,215.30303507334332,216.79148581168693,212.12155176578054,218.5521518254919,208.13603752440048,219.67540997673507,214.7628846487672,205.0035934773144,214.79449505530886,212.2748947568614,219.23232420072407,211.4330770952138,199.4015048696148,207.41042888759517,206.03694235392743,197.90871177599524,204.9952279328071,205.52277914145503,201.79774903411968,209.90167305303916,201.68549476032342,209.68309433727137,206.39793881779315,193.4918956005563,191.5434751477705,191.30728514174046,192.36519971247594,181.26593830674878,173.0398328207629,175.30926309355644,185.94898877625894,182.0007473162,160.945194554774,162.91493121104986,166.31943788968687,171.48900455327168,182.34023211235672,194.70098105232313,195.80137962878615,198.78439247096912,200.9156626982013,202.2485453236289,199.64357560701723,202.88599113943786,207.48171407296138,212.15442551315692,206.73169263681518,217.18920558551002,216.35480447496275,216.69586310514634,213.50160880141277,207.3524485456059,212.9757109274717,210.74449556626064,211.4280364161753,208.24698481411556,205.25327929724645,219.94759851529327,212.68619118035838,213.44005264753667,207.72575463891394,206.57908938259607,203.60595507966883,188.03795298119317,187.65279797684408
793,2023-02-19 18:22:55+00:00,245.643033038684,244.80130385007357,243.16796421408912,236.8528168201225,241.66559249325832,239.73248084437768,238.85862999141847,242.2540913902816,247.2535776936828,242.42429473554688,238.81202761289148,234.24181256667288,218.0739425216854,209.376084584176,208.4719325487522,204.43115784961094,199.52541614011355,193.14828617294359,205.18576806860878,198.92040416762316,188.30046314145008,180.31033754037213,184.519172576027,190.23587255225013,185.15085838171115,181.1202485497124,179.51611959656606,181.84838151220572,190.51683115548633,194.21358135928142,192.87478643425607,179.6124841506745,185.69317393731177,187.29631522140065,187.90095720673645,184.1768795074844,183.2475933143404,185.07156864992328,181.2555688935275,176.11465529916956,184.05436192852903,168.22160099350188,165.6055704260864,170.9676338199685,163.58780781943105,169.60186468888827,159.23011377737623,165.1778290841777,168.8906892717153,169.48255185192812,170.54429768759795,177.98919454767213,186.88540115122154,197.9333483537015,198.63907680729642,198.68029541889166,194.28939291957488,197.72562861155706,184.54573141069227,183.266279010967,188.32077048269198,183.79333890745693,206.4254833084318,208.6141344327163,200.35299251856293,196.2493276062638,187.27760132468688,177.42285214361394,184.60309244924107,191.0155484292776,194.3588449400644,181.46103363717344,181.44972186919975,198.6507012038473,189.4558983807704,196.32469907278576,192.18128681123147,204.04474171358703,207.30090654199896,204.45119022513754,203.8463888475198,211.88314055747077,217.98547779897467,212.1682612414333,214.65978698211694,200.89643194695856,205.50405393476962,206.3605597742914,202.4253181037592,214.45866579437575,216.5233213727795,218.4315348012551,211.90632455160554,206.4359085591573,205.8524779258973,204.0424704732303,210.7839306696035,207.18484016893677,208.74205134654704,203.69370814370347,196.282928622516,198.61601063396134,192.37333143853283,191.99281472192575,190.20264185472945,195.19593455302103,206.59959705461347,201.26538679212712,201.19454017958134,211.72307153225535,205.33556344751838,197.1107504341249,192.58898911292863,189.3867596531396,193.37680564409186,181.71854964331123,171.93320196055433,171.65720572530128,183.56298680841056,180.44683267158683,169.9965140695,159.32878405256906,165.69318721528046,169.70249990781997,165.8594963843134,179.24887366321002,188.07765381724673,185.55435801178777,191.99752629598535,192.08070074300286,187.16069398993483,188.41563422858155,184.02551083567556,190.88105093234634,208.40687962614436,205.8637009802498,214.06844999335806,213.6851945645003,216.53858070384214,201.57717703435645,207.96969584846272,210.40422735864678,205.89244230796243,199.0308809729868,197.13751787810875,199.21733589787763,210.10439610700632,200.56272770315957,203.98662597997065,208.3545430191237,199.86805665045713,192.5392559015355,185.7731548927931
794,2023-03-07 18:22:43+00:00,251.69453079831607,247.60473532420403,238.42223643868863,235.33648145830318,237.84391807597427,236.90872222418585,233.13202520169207,241.88656356039445,241.16946900962526,238.2714098978504,228.74368512543145,229.6309830006509,220.06537874172702,209.65777453750692,201.71030765215409,205.72481941748526,203.24836046930517,200.18224445548213,203.71103926808053,201.69043596976937,187.10152199139205,181.96449908996368,186.73978345422378,185.43852119604475,187.45743894016192,183.65581946591453,181.34280561614656,188.03118994471333,188.14490751941526,203.56036313278042,191.48068142846105,182.81776718138002,187.95000345218276,189.04599665813333,187.72012935290445,184.62871425589708,180.05246196191257,183.48565924493516,179.7591945809026,179.3377750790862,182.96466761004328,171.44765551001012,168.91084711582812,167.54183917949456,171.31867371203063,168.2558522312454,157.88868429074915,172.3015142649396,174.0275451693485,172.12101627530853,172.91456891704183,177.6776127554234,192.50825452544072,190.28464629809434,197.18121009155618,189.35767627368557,182.53023494190543,187.08334138374494,184.1124899971786,183.92475479820195,188.03745764669685,179.50227549607175,203.06103234132866,204.48379645489464,203.65747308092404,195.3865356572714,190.6048566928127,181.32134963270926,186.98343724029468,191.18375500624916,198.88062217160603,195.27769471201447,193.06992165928762,205.61736989867302,201.18735327899498,205.00009456381986,195.39568089677815,211.11824645559176,215.9839549897111,205.12987235537554,207.3082935768487,209.0378782529553,211.64958369914552,206.5621891010345,209.81299032404155,205.6279087068641,204.37556103206566,215.16791727665515,215.31788384649644,216.68346920892787,229.69279115623112,218.2646707090086,209.44828266591463,211.90080516270925,211.82313795125953,204.10552111187954,206.582908195375,212.9751069436627,223.52083396509664,216.5903204876061,209.69503654483987,204.34735388232207,202.78390341072904,195.20436447190687,198.83055253232112,209.1034565066953,205.4779728220853,199.3428010982496,207.14462760815553,210.4409402321041,212.5566499538207,195.25986697831362,189.70143873697668,189.98683486167994,191.4119445530224,182.07955338797075,170.58064314725576,168.93231556917596,183.46498457212545,183.23245740627613,157.0811566231077,149.61133459684422,149.82956946776437,160.0396659172988,165.28073466312986,174.3836117213669,179.032801032372,177.63018629078255,181.4192016717194,184.41517838943963,190.9123538563345,180.24262076731043,180.7682877284328,189.8513660614041,194.18986070163928,203.0656482763606,210.79823631327744,214.78564735353243,213.68833448455047,198.17406804486473,203.41987915531521,202.2479275736378,196.05699173288014,194.2257417808198,188.69103571956953,197.54047619881584,201.820008961157,201.53105612151472,197.63875999075418,203.01896039705292,202.03816440007873,195.5684776456763,180.19018367022977
795,2023-03-31 18:22:19+00:00,242.44842024199045,240.64276804766033,242.4863048678135,236.65138295784695,238.6819977083848,235.7219571117933,238.652449196074,240.23061446521046,242.57640547023053,240.77977688802633,238.26578376047053,232.03688582098735,222.24734273615746,205.15060735953588,201.19968338044816,203.03981806792194,193.98702111328313,191.56688026328374,209.37530577866926,194.33125720354298,191.76544225585604,185.89870892165527,203.9375231212374,195.86632413184213,192.69407247941695,189.04822698412494,193.69961999921338,184.681896013639,194.71845229842367,227.4469235149616,200.9044188386655,195.31322395923556,191.115061448358,196.7467963642835,190.8838098733324,187.99117304655834,181.99596879227508,182.65729205438106,176.13443161718948,180.29430803663928,181.29544897703363,167.3974632355479,160.65951139326717,166.45094845449114,163.3817223521082,169.4221517772146,158.0194525224477,182.39058347146863,186.1048709535199,188.15119239920662,174.39262023374124,174.78118616383884,187.6266343377471,193.28749823436317,194.55785715940848,191.86086454208282,199.1360982830344,192.54066971955984,190.09460572619363,180.116681619389,194.1922662201384,192.13550866522317,189.71831067049186,189.80447246621597,197.01031007830827,191.28501684844053,194.09298528457978,184.4492390391893,185.33393874255987,192.63767186016423,202.5187612636838,202.01770495781497,202.736208278609,218.79104182857867,218.22885397766464,219.89009880028726,219.8318691739188,225.73538335211205,234.0267188963887,238.96922587652597,236.135749767031,213.44374183332314,218.56139581250216,221.41067575387524,213.10367239644023,204.43923423009898,208.29406544320682,209.89800800019123,224.9488585863146,240.0242187840023,238.01405076128637,245.12773218815133,235.3984830391606,229.5114259657968,217.42379329854063,222.2981706339122,224.1230299690365,232.96780632060683,227.60062309372984,226.44815221395493,227.57086162460334,219.9623986754084,210.21641554694645,204.61925374447634,209.80461390298126,221.5812351959151,250.41247683878566,271.2082977260697,248.547635856554,237.8607667898473,227.541472236802,212.33930932872119,198.40505839151098,185.50516341347432,184.0596954732988,178.08511425592465,166.85995476265938,165.62146874187908,177.76409095909332,172.9488606867371,173.43269006859867,165.46904587847476,163.9887589849751,171.0707935851717,168.7270764199531,180.7079562505067,183.8169902202879,187.35252272889375,192.30380550142687,197.73772255562858,193.40895086003331,186.14561234896578,188.650498192537,196.08370104063712,203.1530523549471,213.4786196718407,216.3433934309006,,,,,,,,,,,,,,,,
796,2023-04-08 18:22:28+00:00,252.19712982290005,251.25790397144806,243.5235097886361,242.56338901882722,239.24822030185283,242.17695318986887,238.26746853237148,246.4647860513064,248.23375587393122,242.62204109991796,233.51535543287133,229.3840263956722,218.26467390253708,211.72781583985068,209.8775773165449,210.50145194810068,201.0860755852393,200.21870587863214,212.93962968347273,201.49489049968633,187.68903389259384,190.2712572175754,195.1991347877393,194.84525821539128,189.99258381960783,194.05595577693367,187.48813023106175,189.32572238548346,190.0038229971875,220.383629402806,213.25158038529656,201.9602883247469,197.2011484851601,196.88355885029546,189.36231576067735,184.19698654770195,184.29821429446275,188.1753156159266,184.4581296749642,179.39438928862015,188.59356185756022,171.0386424050232,168.4603367429582,177.60158272902814,180.4030194593855,175.1596458971743,164.20756887056837,184.26812050708384,187.7440380915142,183.39121450331135,183.89481290348243,185.00390733450922,197.6444061180434,203.5424667796107,205.56204801621539,199.69226232578558,207.07282457268676,199.00146807541563,192.82040395391783,179.37404290409643,191.17771879528738,188.1958523256904,213.9105990134434,214.95306284913045,210.36594829766483,201.28739029837388,202.98402351028292,193.10790629993238,200.82128968910297,200.28311754596106,207.29459218400308,200.2259961297907,198.51834098084154,212.72025672201482,210.24725346116927,214.53808156342234,213.58221119817992,215.64039774297206,224.55075733999792,230.25710297440443,233.37737495609127,220.52744544517924,221.09829208160244,222.98409241863496,216.58463895946784,208.74872487775934,208.3866901667128,216.71868199233546,225.44706431532512,241.55043676196797,236.47221758757058,233.87838569134976,231.05115133033303,219.2934084045949,217.4407837765522,220.019228084867,219.05463891126567,224.71423942744872,225.52927323567758,221.70199103629625,222.5338998813984,210.96803491606124,209.05574910274686,199.4306001264594,207.9379954227101,217.65338700891988,228.46870613221523,235.34420397656882,236.21165796590944,223.41720564968642,228.745218373831,215.37084520661182,199.32437645164092,192.31275518820945,199.70970498650064,184.34635743313243,174.29652384832082,178.34101168186027,187.5161733686876,178.89517114441995,171.97880729301124,175.94337808556241,174.42745859260654,171.39707254768192,177.38754181511206,191.56594506291236,186.980439409322,191.68855759661534,200.336570080227,202.45472039975382,205.3012982600817,197.05713582097133,204.81580294621682,212.24271878115334,217.76082960910043,227.05455047807243,231.52243138980594,230.01499046222267,221.94666878754356,217.9019579540518,218.89559651481204,212.8653508088619,203.84963985987986,202.54778249962686,196.8859624758947,203.3976617703451,207.56902495049076,221.19636496618443,214.4541025174576,219.37223167105884,212.0048515632231,198.6297708142915,194.58706406474946
797,2023-05-02 18:22:00+00:00,254.40196349282456,251.99228700022385,249.11122896803383,243.3750197133652,245.31446687423022,240.58233168801178,236.62682209329967,247.44599898584872,250.80233131624712,246.64862404864385,239.47279311844915,232.45041204656286,217.99150548755267,209.14960574189365,206.77422792353377,205.88228228362917,199.21970413605771,198.1341653425808,211.27540199576296,200.7670905202799,194.22507869361948,194.37592841893607,202.8072003506021,194.7241246790905,193.83224355466658,186.22959476530244,198.93491147372418,,,218.11283078255678,203.86888308742846,188.76235227835048,187.6491237521538,193.20607780855792,192.993632657776,185.29666274340866,185.65968848434167,187.07183531545186,181.44215051379194,177.7778147919509,186.61143733606158,167.21127721827207,166.2426789726431,171.58982054680007,168.30011936077963,167.18987571616276,161.57742000850388,182.8722386800615,183.47919841159694,187.93605040758104,,,208.67049792317445,204.72716316578754,201.5999893179997,206.18360075712508,199.39036778611958,203.3286012772406,207.26504640272742,187.94349674796342,194.5626463752682,192.1719598923762,205.9135431544705,207.23357229920248,203.02799312704502,196.9390153767136,,194.82172079549582,200.5168755349781,199.8662955282383,,,,,215.40004028897656,,,,,,,,,,,,209.12615303652274,220.8650158137153,217.97049119971442,238.43713130112587,231.80898628027285,230.628606490561,217.1899681545011,222.954917252942,206.1930306958382,213.80012583437284,220.72130425195874,233.5486398185774,227.41108849321103,226.11068461945317,225.2008956187915,211.36742661112925,208.03446410399437,206.11049929276788,213.1429055389442,219.8207949310703,226.46572085470447,232.55946568710345,234.16423606629502,228.69990198669038,229.2640082564699,214.28451702749547,200.0070221842755,191.21051324724255,192.08795918274737,184.93226018926924,172.81609524704737,172.58525291445147,183.31823914626264,184.32779805159322,169.58855059246156,168.12994839616456,166.80482622117452,169.01600572476065,175.30459860859463,185.62130432337943,192.2831419576201,190.7942484593664,195.6188975164634,188.80844574689638,195.18259079808794,193.18754232512967,198.84147654399908,199.51667241752668,208.0928746410435,217.80579684428068,220.79557838257873,217.34191611972605,213.26020505260857,209.7786191887322,213.3645661142715,210.61097344014485,201.88719069259935,200.70979239072673,202.87691040703993,208.58917956407433,212.60227714662594,215.95565518144545,213.44980256850718,214.87022787308467,209.5559437909762,198.0876302548873,189.96595946138115
798,2023-06-27 18:21:55+00:00,255.2164885472526,255.40986759556628,253.12644138270662,250.40810123990212,248.57852307514065,244.5539234725465,240.62589666389533,248.67789222237522,253.14753234308256,252.20934367908802,246.64741919162938,239.9998000756342,225.79166657357217,220.90251542048338,214.85234130268856,214.33333614921546,211.100309448055,209.3776499279044,219.5417379328465,218.06876599951158,207.40642717198602,206.7481925437516,212.45876101437062,207.1197940658356,202.6463142383467,196.52499954127728,194.1315088064484,193.88516085564092,206.3944684791718,215.35094230144458,210.23981052963705,192.8447860000379,203.55382878450445,198.89630218200136,199.86873973270872,191.13220528791646,188.37592381400157,190.855340002412,188.63866502744455,185.72608065142634,189.0536127973591,168.97555068125217,168.08424228782104,172.3037256844924,170.4788205295257,176.25863466846346,167.9362069293156,188.0512488530651,196.87776126311473,199.3190265193905,185.9532536731334,185.19186539887494,194.79881373511597,201.0369528115694,195.30689960223975,200.04367936853532,200.61581515031477,201.46820721296092,195.7668079186222,199.49124800298097,196.83550002266142,206.18175355032162,210.63754750802536,201.48446889677683,204.98558964597726,197.7716891980857,191.69175132944156,186.83327658531732,193.3231950702373,206.79634186326768,213.77239736300888,206.264616024079,212.18188744373435,211.67066891006058,211.4950248907869,222.38274962185966,227.87178187282996,227.77299889659457,229.22251961760202,229.0633685063596,211.43062187788627,215.1108037406088,222.4797194971132,221.11401083144588,217.19681830621155,215.10488738484747,219.8401584666334,228.11300091137363,226.03163988730194,234.95440021013832,234.5360249853485,227.25241382962463,227.47355736299235,227.35124634617034,215.67568655635927,222.63771704915746,219.33248412335752,228.97513857662076,229.5458829931648,221.832818426753,220.4470632259508,215.62893334062807,211.902323200715,212.08878504914875,211.9593459116668,219.38868675398066,230.45891178336092,246.7186150680551,228.68425000510143,229.3531332140556,231.48294926179747,215.74461784600592,213.09477537674195,196.1172683130978,194.89489312448057,192.90280069305993,175.16559078874957,169.8687336695138,184.74560948328352,180.81185360166768,171.6973593492454,169.8294298780115,176.44007757894917,180.04424826402317,186.77241002957152,196.80582232909973,200.84049442307264,195.62373666162304,201.2862677416341,202.60947019439962,207.55196724209452,204.60590152003633,212.0813481723203,212.63717500057948,217.0093155610847,217.09716018026737,224.70377078506863,227.8710668681934,220.0205218574252,216.99451305058608,220.35970030798376,224.03535089004703,213.52221181261547,209.38779639028286,213.62785462506986,219.516926468674,225.43355239703888,224.4776215882831,225.30651387938792,227.98729639052732,221.8935050193544,208.73232437450378,199.05763067969747
799,2023-07-05 18:22:12+00:00,241.8815288915451,242.56974277749165,243.30819035002807,236.57800016792794,236.55278411558334,233.1599043083711,226.93745731468573,234.44518784517822,239.2318289375637,237.26645911305246,231.65620037685974,227.41721383992655,217.52560227606213,208.20496446405423,204.11528735399745,199.26637780781886,196.36186623990486,189.55685368821503,204.94120440187658,194.18083617746817,185.80352981953124,181.9247140079046,189.1742652527264,187.71941073725918,182.20117934071192,174.2082602969736,178.9490298929078,183.25277834230022,190.76687700352818,204.3470144270496,186.61541686232636,182.1404638853559,182.99456939024768,185.59326208020323,185.69225316059226,183.36019116867158,175.68703930901466,175.44209970809771,171.31263704410264,168.8884045870745,171.1896513274202,160.0228959289907,159.87475389270583,166.1801898787163,165.51436637850648,167.27425433085443,157.04060148605163,167.17279853238662,171.96037897379625,172.16251702373253,165.17901197005085,170.7941901993954,184.52781721330712,189.32923535530836,187.35791490446002,189.15460339566445,189.82498283176142,186.24073942843884,182.6368429146656,179.9754344244854,189.85830996052732,184.87348050695147,201.15139482021374,194.3662865280818,205.60849389881753,193.37527562167432,184.2478477986685,173.57394693945633,175.40630115942815,187.11762698994116,197.41232316771303,197.5468872624437,198.51878356880786,205.65581000379166,196.14033771586637,206.7258579925189,211.4657475452007,219.76758128977792,221.95454855778934,203.18294331628337,202.38682252301152,204.9315110519162,212.1770232985072,209.1456924360683,206.39110704310673,204.50882101374867,208.2321027930461,215.2365002139222,205.84772942014655,218.98409105824544,219.85215637102388,217.22816119220116,203.401348349198,209.63951976321763,204.41175046724248,201.91917902592144,214.1033846489605,209.3926309590647,210.6484216149533,206.89323823740668,196.98524177940138,196.10692834149268,204.2965374388191,188.54089045769746,194.67064195984477,204.14819123606497,206.142760510284,210.20884054553596,206.86945004187447,212.76895181898414,215.4273334496184,204.94284247076732,196.34621530868247,184.47949852966366,186.99174757417887,180.52181314355886,180.35493878392492,171.76453022194852,184.4297927769729,178.34859825304258,148.89020636214485,157.00776933989454,166.84486348409618,171.0710831528808,179.23121508087354,187.69519842417054,191.52484316243792,185.38523609992072,182.8314324062558,188.03841180195982,193.78810699465913,197.51986686270348,202.960651672981,201.50515783177025,202.6864729290945,209.69041009854857,210.66075528390644,217.30808327019878,205.38221588084423,197.8910759793646,206.41436987249023,210.13623433738127,203.03396690285751,194.4409081383622,195.1911513287535,207.19634875153105,208.48923602732896,214.29057379225208,212.27081848745507,214.85435832870635,208.95241393029818,197.01687465476692,188.18071660188835
800,2023-07-13 18:22:09+00:00,248.47345144364175,249.89783711065763,246.61725014055787,245.35219945506697,247.13160293668773,242.06427994805728,238.97834268752132,246.83493363091844,251.11988816142713,246.46970760759817,241.4658293819318,233.4922904962852,224.36434826604793,214.25120154422768,211.82029766611973,210.18527271560066,207.94219692790648,204.83536294085798,218.09624481924618,207.63526568444007,202.36371477309757,199.09126865934925,206.6792188543273,201.5580399484402,195.4531082554672,187.1551329051017,189.963523544736,188.88870112167686,197.71767041119796,213.5070863836189,197.91068873644102,188.49144563632234,194.02823681494252,197.7975306300129,191.29427564942634,189.05460444733998,188.0205576290772,186.50745186878765,182.9335196879365,182.01906906078324,184.8744063539136,167.53473500543834,167.2301814371239,170.09892105616035,167.02845423367245,171.10842206663438,163.83472762544494,181.27473573683176,191.0452412600365,192.0463502978284,181.67352207287755,185.31653260444338,193.3509625927303,195.04468107953244,191.4015423305794,197.34377193433247,191.90073620585216,194.44649843541723,188.8820512576035,189.18642570020108,197.08388196811285,192.65152586507492,208.3075129193988,199.93234536666486,206.5559237418372,193.63906035789273,184.2061280758025,181.43108902053575,186.0048113138452,194.97334570774836,209.53742368120152,199.70578966703508,205.37039335010633,206.23326727790442,202.69073463821962,216.6233508500852,221.32125573375134,227.92910491704683,225.00291899561955,212.77603394809867,203.6129451814656,214.20479356927814,220.22300074503275,218.72681991793775,218.9284181763029,213.67832800689663,218.39280238513925,226.23500436003494,221.1594221906659,226.3868350166768,229.77683391576238,221.5681326738659,216.94704517765285,225.83495348244054,216.50139619064385,220.21477508903678,218.90127984755964,219.7234292989016,220.41228181025508,214.20116911635677,212.13316766861456,209.98799570173122,212.74477294104452,202.886204899913,211.37742688344292,215.86827560405897,221.06618759321725,229.43869964722708,211.03568410793793,221.47503640773343,225.18240786514633,213.10072886869403,202.74845246504833,196.9726891018051,191.96826124402062,194.9095350524733,189.53214315330183,172.69820259637257,188.56587246789843,182.55259226106122,159.74132482047816,157.36046860990183,172.47336963192942,181.8489499493176,189.3380521161827,198.68383943825927,200.40104211933317,197.5288032954605,200.6093662942735,206.41370312123786,201.85730346548738,207.68929209169346,208.17770345843985,213.50181048740495,219.54523720724944,222.0077711766147,220.77767375719714,224.61665802732335,220.6241583491746,213.81799992510585,215.16844663693325,221.2042814944892,215.95607483751803,207.68400885506645,212.42030624620867,219.66464550179757,223.4411334770332,223.01471317642472,220.26366403895958,224.1236732903253,220.40595188428432,206.65817989545616,203.0816335310651
801,2023-08-22 18:22:32+00:00,242.98920503308065,243.4030585488564,243.18243582988063,235.20729351823414,237.6366785172409,235.01934437805994,233.57532568537664,240.30012545076352,239.06237680250493,240.36703131298665,236.32520723444478,226.5288612134292,215.28018889784488,205.85150867304316,202.463008799306,206.97352095387893,201.70801680475176,197.16846281727706,208.70149228937936,196.00554246704408,189.17842443994164,190.6644101696633,192.41064466485471,184.4322103739,186.17926287212134,176.51703279583057,180.35096445163882,179.82137626319428,186.59642876296363,200.8614504934147,183.39127225275635,181.00114326980778,181.5931770423393,185.370503229532,185.04354870672424,185.01213216607712,185.22455008047643,182.87792201536536,174.9492318518739,174.91358145402063,176.75730629384452,161.15207328858602,159.64789959952185,164.24584705495576,164.62132482680693,166.2247302299741,162.86858329940753,172.10775444463155,179.44574990298037,171.2268274700354,173.3444327260604,170.46820620158428,187.74664147327456,189.14777872430645,182.29060822397827,187.8838595993669,184.0118138066854,182.71779802407218,176.86128466494915,179.02438219959387,187.04617187235223,185.7806286980193,197.95356207106386,204.92870008856653,204.23515529231443,195.383522359459,182.5654163629058,175.88898071157092,176.83786551542516,185.11136145287531,203.5122981856505,195.52328776349788,195.35080093617026,205.70907023152267,203.16312008585874,203.74755473321432,213.2974661991009,213.54036911154088,207.8237137077808,202.02052389929733,200.15006980982955,205.26185486711663,213.50922371364868,213.2135295593248,213.56010579750145,204.6512628993615,211.27530385500498,217.49135361318,209.10736016579955,217.02243955903197,212.0003753543008,209.63270943785832,204.0013415625605,213.9099751439957,203.9434879434096,206.2848074348668,211.37713056247762,208.0448225593924,202.7909185567957,205.7515772186466,194.72172508117313,201.46465759328618,201.4880863092858,195.49583336115361,204.66248630077868,202.7257662937608,208.1754106034775,210.60810531207864,203.3978042781251,207.79931683838572,212.20601421632745,201.43346796445354,191.5030067884868,186.15664071469536,187.17266935545393,178.72876604111954,171.31320259385316,166.89094417549097,180.86769598888085,175.61233263629475,148.87590186173128,149.04445941264385,163.80555094216777,168.8491360642376,167.89665602653892,183.57934339741178,196.1103398414574,189.55826070388582,188.08475269340084,196.87147219034298,191.30638898909163,190.81395952494802,202.0746426016259,210.3787459203853,209.9171903232072,214.9285058031071,216.39077171394814,211.5790900097664,210.04563695279762,206.68738808899417,209.3950628627422,214.31496153321297,205.93069782757527,201.00153739733184,202.06579920222364,209.74902877856442,214.3752230187696,215.47178702185602,212.87258623575565,217.93304039363858,212.02470263446241,200.54285192185617,196.02260478330334
802,2023-08-30 18:22:29+00:00,250.86357005683323,248.76355437060255,246.64362212284522,242.7183674718597,243.00850603220772,239.74574981965776,239.02710350515335,244.67921527336117,243.1658088351199,245.17823636175433,238.64416899063465,233.13023807057004,220.89019483998095,213.3894288730624,209.04329893154488,208.48070765554968,203.95734058089292,200.27333193097164,211.65902774742432,207.58324584839673,193.35338582456058,193.45858554971315,193.89181746576816,193.25238673513104,188.8697028887125,183.1741934160858,184.98806517141583,190.24012491348395,200.63968373832256,208.25235218267937,184.78161241348246,184.85383451493135,188.1751593764144,185.23451329256284,191.7925637942646,185.48612079567673,185.67418536664664,185.42576869341863,185.56958121020318,183.21645192093723,187.78026874994163,169.04695445010668,171.29860300512703,175.34988455008298,178.5024887547749,171.9264904947225,171.71320089077477,175.95285841986424,188.9912962822185,181.50933883850473,182.26741356939687,183.52915586059902,197.35784988927594,202.79363128421068,196.79301339739476,203.6083851548629,202.42066213864743,198.68650444861584,183.63898336987975,189.91713988456576,192.3545115280349,201.43202229135593,213.1871807043204,209.89635543359708,211.8972938512774,203.11698122030649,193.96770057668107,183.92066433840114,192.54163240378466,198.5469933613557,212.356777963825,201.51755296186843,205.45775435471555,204.77747804977136,205.24147894344202,204.5157626849157,211.78943477751477,221.50612601396597,212.72442238667094,203.10771186222547,213.27964646578388,217.57571954664184,222.18726557836595,216.96312533289196,217.33414497645336,209.37426045524558,212.46085048023,224.9647343688068,226.00949055924525,215.88653720983262,214.47616992553043,217.41038048505078,210.71557113351807,211.06457258816548,216.2293336871873,216.60760531600113,213.1356910313874,214.38880399435752,221.40364494517428,212.30224781656494,196.88644017605435,202.00809101795636,206.36401305406145,207.78666318532595,210.24166731226126,204.8163120693779,211.02924094645482,210.43226066023567,205.40362541860046,211.6194396413387,212.1902420843072,205.02457925627874,189.7254221347785,190.38417651832174,193.19186417150607,181.56642430489768,170.00386084707708,171.06242965116235,187.36712755776284,185.32318537388343,152.7402232412244,160.05345793928146,169.49695483271347,175.3666843437208,181.5657735836586,196.31431349169688,201.32613761552358,188.38664688908398,197.07145457176205,200.79520562319965,199.6546532032737,201.55560605084605,209.1146664917579,210.73027199144576,212.73426454952866,213.04696873459676,216.15709021012856,218.60049373576518,217.8593290305239,214.3112441206012,215.42716832354898,214.86174848449514,212.45992555834476,200.07154368462693,210.63150788576098,212.08895626011827,217.55474203131587,220.16069299463896,217.23143378466577,222.41923944251087,211.81112362261428,204.57350615799402,200.1348840615688
803,2023-09-07 18:22:31+00:00,248.73677671095157,247.62108961540372,247.5940207352426,239.2649098630015,244.19713115624086,237.5831810305189,238.39759473785153,245.85819719983203,248.31278501468347,242.80403215086142,239.74926069075906,229.30713900147194,222.99791784835196,213.74917769542742,211.8285035346733,208.86444238300066,203.52472623763796,199.559110762682,211.90024253089928,206.6152723927477,194.47958378579335,199.32113503937063,203.53798246645604,191.29020649329863,190.76120817434034,181.77342427238963,189.26396783699522,197.9651754784013,213.6363167492467,212.38642201877812,188.5505861901869,185.20676031439484,185.8170669410064,186.32008761278203,181.97246222456695,186.75138799099773,186.24637130151308,183.28703459134732,179.5379403182962,181.18472638969513,186.62520964333595,166.82163313296775,167.2584007572496,175.3296511326771,171.41613450057304,169.54288535065234,164.14874556255694,173.97178830015642,179.08815275368218,186.64512691655335,174.45229431677092,183.62660326214836,194.02973498562716,197.46676317686502,196.89224825066592,197.27195874068798,194.8709852946535,192.8497225727723,183.93646255718693,192.7985255622006,202.11162669912835,211.75614649058122,210.69414339781937,204.66705312862535,204.7674013612949,199.12680996622186,187.21481501643865,180.0308253878066,186.28001046970266,192.85683537741713,201.718419529228,195.71885130467567,197.25879168626608,205.39383988710983,206.4752025724415,213.62223821695437,213.9642331483348,221.4399338367702,223.25097104675507,205.90639001283967,205.46698593606897,210.52017296080064,221.8799096018369,214.3125217086851,215.45524686606785,210.41051431960898,217.8065636490716,229.21144043883015,225.94069306205063,223.66513681876975,216.39977654341226,220.60829672306983,213.35557866504723,215.47523034399617,204.7353389624471,213.78271082648521,215.03838275080773,213.98336732038507,217.96284623506082,215.81085181936612,200.1710751720188,202.19616200555276,206.70053131641265,206.14880426197868,212.82870417135322,208.0165809854626,210.94378880365073,211.84298690589725,204.24203131096078,212.92879276205622,215.9919056719283,196.36898891858522,196.52948337100779,191.83385432980052,199.8898258034913,183.85075820655243,174.20670008719398,174.07859920346323,188.27369677900998,182.38866832631447,150.3856191353654,142.68735444685782,163.48772003380276,169.29268079952794,180.92873300269525,196.35333885712686,199.3351303108813,192.24339079476653,197.21495503198622,200.06398111005169,200.9797604121773,203.69408662855818,206.48945664006834,210.43061568997393,211.91034701180018,211.80708065865895,217.59875113766748,227.49695758522773,212.99208035027365,204.60678440398897,213.61765076972026,218.69303180200677,213.55160871457596,208.06830518067443,213.20450135626106,223.03675135686694,225.72511770506938,230.93181879762403,223.23447900754678,222.49888157205208,219.7633070358562,209.84367426269625,206.25398202195686
804,2023-09-23 18:22:37+00:00,247.59670839911277,246.3580962369301,240.27738615016122,236.6258109319234,238.20974502360195,236.68955280146162,232.994834572431,238.4878266188528,241.05800575379521,239.28030646014756,235.43515623262186,226.99284174737105,218.60934331341304,210.49006999102306,207.53218303598013,204.17552070974648,202.24921525251614,193.96663094387486,207.75350791019818,204.9063599320707,196.49570163779634,192.33546889164734,198.32222371449177,190.3054870932728,188.97352169366235,186.57778645384866,189.8102186944771,201.89935588402375,208.77169960598158,,,,,,,,,,,,,,,,,,,,,,,,,,,,,,,,,,,,,,,,,,,195.5807836160861,198.5949414138506,208.6448536323603,200.77125195172118,210.77594025617924,211.20639378355597,214.8275045164827,219.06660880766785,203.58648296658203,200.95451580758805,206.8218727159658,212.42826536762246,213.21905397819887,214.20304450949902,208.2541960480768,213.04070796082695,224.23674533228632,215.87049245868997,215.05972995610765,219.1031452434322,220.31631551826177,205.89297856167644,208.88778786890106,204.38521894387372,204.07752007346235,208.54235403102098,211.24689369626753,221.2903468660572,212.11832329847672,195.40083336594978,201.50921020591295,203.89509883036828,199.2416536506485,209.12831667316345,209.56151703810178,204.5540826722503,210.55541034821147,205.94996158865754,207.76459326607488,213.11899644163634,202.5793135483454,190.11239608790382,186.4302626354164,183.36322026735434,178.5033951390244,169.4944783855007,167.87545518106873,182.37200925957632,180.29882901999326,148.11107530104988,146.32966060584695,163.18145734408347,167.33796620365268,177.2764311106342,192.58609164952776,193.05422979352647,187.9803061838983,190.89662968575288,194.14613971196036,196.10823424498784,202.67889538403395,209.01033811677334,211.23981528024248,206.9845143159652,212.8334411183505,212.58475066851855,219.4558642567544,212.93265458901598,206.32461419996332,211.79638029808456,214.41210921681036,204.32667066136455,197.63036609670044,210.09314185686674,218.37508403759614,224.74158171071923,234.16147995372523,224.91888505942137,221.99313493963052,214.02881723789397,207.26053725451533,203.2644581529657
805,2023-11-02 18:22:39+00:00,245.63503936585175,238.93703053880137,242.63277964343865,236.6808012651316,238.44392979685873,233.94887412094187,230.9027815720632,242.75719812777427,244.99703195090075,241.11717219950867,231.62376156308528,222.73623814812697,216.1025465212035,208.3127726031563,207.223683691053,203.2806442511647,201.18646031380365,195.96745596403082,207.65775440961193,198.47251989295086,185.52370786421056,182.53670644863533,181.60625052412163,182.12628394862398,182.30055545870442,176.6176487778075,182.70267363724963,182.6733240505936,188.74678894587862,196.08581842035625,185.41832924899623,179.73731732384107,184.59941091737556,184.72126705310643,183.3665391547603,179.99850066020844,176.04764434203537,174.82457110467433,170.991362143644,175.55447975384564,180.04622340728127,161.7464691919779,160.12548957478515,162.35833022843389,169.20058395878527,167.3892294215407,162.82786846900115,171.14477917374035,174.61786295469466,170.44780343497908,183.4499577528252,181.51046157397116,190.27256588260548,195.17075995899685,192.18911870285086,203.3584177055913,194.19189049460465,190.10121566336036,181.1796345910219,182.34896336612468,188.93270741918298,185.0895793960318,,,,,,,,,,,191.73157985944118,198.37535425886844,192.69220597124897,200.09709500015492,201.83814720911033,197.66300764353065,200.98375414249543,200.72407028824085,201.17081530058059,206.87132607180436,208.0103281124488,207.7302563606681,209.1047567308254,202.3569247754777,206.90450935553264,211.6082737025106,208.39527775103932,208.90971688456239,206.54310004530163,200.8112315113615,202.5128636108457,205.74969579666424,195.9555634413598,201.14987549097813,212.44091228180633,207.83080673957056,211.58102838731548,202.23715834532487,193.856169146404,204.41461635777696,205.18797954007874,198.7307926217675,200.31975123678416,192.72723563400046,194.62357008680925,205.36074570311536,198.44378774320973,206.3980810517317,207.15506829645867,190.917318379599,190.46842399126194,187.29600634614937,194.4413895103429,181.75371579167006,166.58415075584463,174.21477430194932,183.4076463738922,184.73968627136935,153.14039560367436,157.21759165367325,161.08947223332314,165.63951536256118,168.95295043495287,186.84225330779105,189.76826348409526,184.48534213856993,189.29316254692233,189.65191080595616,198.37561473237918,200.2313059692683,205.48055400283792,203.7374461830279,207.0071831527422,212.17648884652664,210.63919627270744,220.23757432411213,207.90654531582106,198.3044868699417,204.38462306571594,205.7116633757351,198.2317320045641,197.02310869839286,200.0935333572097,211.21908198433778,216.55030305504982,219.56055398412911,217.72394248960973,224.52191042735046,217.17408954100756,205.51783155774092,194.31005169256713
806,2023-12-12 18:22:42+00:00,246.00154279646512,243.70817077730655,239.04145207198357,234.16236932387204,235.1842589981804,233.17583776271243,233.547773407469,239.81736104573167,239.53480155541666,238.09759785897808,231.17975834157033,223.40416542284896,215.49150143122262,208.035876769162,207.52954187953728,204.34092650909236,203.39235673697084,196.42063979193054,208.17235209870165,198.7213309279054,186.5652607782123,180.71452184341254,186.05891621050625,185.38773457963026,185.69236502713025,172.59266560208036,183.91126751160027,182.43627018314595,190.14069099627727,198.44209292252503,181.72570941150394,182.59208181750796,178.48782756815012,178.8025261339031,182.4001140216634,176.1507465974894,180.23787039983125,179.53870024831184,172.9801515685386,176.03673081716408,183.45278388369843,166.58728044700882,159.68686852114473,169.15110230551937,168.80227685266544,165.45752506035723,157.24105322344536,171.45963792964278,171.18477932951384,173.98261104396494,173.2236214415084,174.49228528286642,188.8738074184135,198.63425090280566,197.93686833061707,203.4231722235087,200.78211935569414,189.30051252949204,179.55101875719538,181.62190928556515,190.77379092530413,186.4064398255606,197.5719940293219,196.47559585040906,204.60154297973355,192.31237370828407,192.26851614278206,178.30759620086886,182.2529503741597,190.8160027968047,195.0663193422032,182.69701507303978,182.36886505308456,194.00207023009222,193.30541159000842,194.46681250842008,195.55140343553992,194.09912583768454,200.42769770087747,197.50156539437035,200.6930693748286,208.10153824600246,206.42551410137088,207.4539021313621,206.33052602379473,201.9218312666534,205.8020709823845,213.20133777836077,209.3781777770752,210.970466210343,208.0854724555691,216.73470142136912,203.96613338856469,202.20843668993342,211.6000749735833,201.41950553322926,207.06526662094547,206.37195191306614,203.67207175042893,195.4845928970081,192.57565380778146,195.4376500864694,191.63101610622866,185.39313821741538,188.25107303711968,190.68183716222043,197.6643362071464,201.89917473965437,196.49660186389906,203.5836303384698,203.95687428076178,192.40632600557183,186.14121476927875,188.87916590992063,187.54334888805812,179.38562907799533,166.0212533433962,168.5835173393992,183.20234076065043,178.99451076905734,155.4740967386752,151.62301113554807,152.6308609525323,158.22024854855997,166.27045035835613,179.07874062597213,182.94837874491515,183.3433068228204,190.1643280582836,191.00989198154588,188.4246317833752,183.05715653793456,189.06009266252602,191.1941298370361,202.17864066623898,211.52993207652338,211.54504057350846,214.86408529869658,209.77220676447803,203.86449974147772,207.9730600683787,208.58664534461175,207.36392080150574,194.95286422927475,198.80068765385258,205.55085780667568,215.49049556367328,218.77676123093363,218.3434908168167,219.04656391040533,213.7937885429991,201.09733765482423,199.74204641363002
807,2023-12-28 18:22:43+00:00,238.2256142309298,236.81396885157096,238.15205457364993,231.5603607557404,230.78853189683235,228.4466593005833,224.13756449887515,231.72744436781784,235.60423581740747,236.79489101338618,230.96641029737174,223.92880965910516,213.09473617831185,202.34104311671342,197.88752973539772,199.90625627260573,194.3806430500029,188.71215131198332,199.44216789217995,191.81392330607724,183.16864008596622,179.80475113018986,178.28724699808976,179.21801440178558,181.21490430696446,173.64727948001587,177.50135350268647,181.15727964476542,180.5528688635501,193.91649765728522,180.23170991637997,176.0663196457917,174.90496019502154,172.99443102021434,177.8851853071417,176.76695604780883,173.73848549798174,176.60396133198253,172.50559619996397,167.3714962072285,175.89008454445587,159.83937647881544,157.7949525996609,163.23988531300134,158.74794589525584,162.76699414741086,158.65021621601818,163.41448494946442,160.4333681842631,168.11929232183016,171.7815518068675,173.9198744238372,181.66600392998907,190.1603726413356,187.970105984658,194.7970854284626,189.72518244150385,180.22896152401097,170.87472490606532,179.28005390171177,191.36272342946674,176.04189907529604,196.3005517764001,186.60671020222298,195.3803155110392,189.45138994422987,179.41246444241932,171.80781245058864,172.18688793264715,182.80208408061753,176.90395706532104,172.58795381789008,178.17325634519867,182.32253726932157,182.63605609825356,183.50742902529362,190.5244729924152,184.8762469447304,189.04863982448808,190.34727252899893,193.35819737083705,200.38175036183856,203.17286560340432,200.67369102278974,201.52009947167846,193.2832130250722,207.08419202464492,206.03540528584568,207.51909612440943,203.90750438868355,203.38250684206275,205.87736156243344,202.2370001752467,199.6125268419518,193.06220546072714,194.0771435969674,195.04309772366895,195.3480665893096,197.77061701198102,184.58561680761375,186.86057673180744,185.8674105329635,186.7228312196342,180.3376598789804,190.15705475535543,186.53751315972994,189.653572589131,188.00495361924953,183.88554169185375,191.94467770055115,197.07855252239509,179.05448735640525,180.53704145552632,181.77960836281233,182.90817008816578,171.6499884226975,162.47898581064027,163.0621935481513,179.1250972915089,171.21543988308375,153.90430772696055,150.19206448901164,144.20607951884284,150.4192051231646,152.46040833226022,168.2860432475951,179.32343782270146,182.26499150900042,186.39607441375125,187.2209961627519,179.17484423293865,172.25549561130558,179.7536883575031,190.16174585563272,196.00100527501684,208.81035761244163,198.0771670649026,204.116062347295,209.13004878080454,198.88537174617545,202.97636311959977,209.3625288779296,200.96194049061637,192.2931915375259,192.4943558694001,195.34548151875458,205.66969838891657,204.49708552880014,211.80104208180418,209.32850248825775,204.57695937225887,192.86308183527706,187.52951759709998
808,2024-01-13 18:22:40+00:00,237.23021483944075,241.25002910245001,237.59773559282252,233.05653226073827,236.42139249448576,232.97391565290124,233.0890091361457,238.16370561047484,237.41384580743767,237.85993926993729,235.82924818469976,223.75821460657346,213.34298279086994,203.70677363693133,201.19839799944577,196.95586871861184,194.4688691158425,183.63558193578746,203.49656029508088,191.34516150714109,186.4283439287076,181.88363153253232,186.48583245927475,184.05274425022048,184.61281797763144,174.84968925156983,182.8402537787415,177.25585616752835,189.9718435119887,189.76660898665108,183.33716671817137,176.59187173176628,179.65170852050474,176.57050404936035,181.55858936956554,179.19488621351206,176.80459647859652,180.36372560744658,172.19747971728265,174.24677846235627,182.00475842452806,167.048690809348,159.7252400601787,171.9382743516361,171.35976838383195,170.5174759293593,159.2360562702765,165.95376222421663,164.76652294222748,175.3273586919613,175.97402243061703,178.98664013457892,186.71178289752987,202.9666606874703,196.8526061331856,202.80610169096406,194.73283157917265,197.99293718192905,181.40634818083925,182.2235206774538,188.88552593972884,181.3149367467198,208.659111329105,204.22784346393126,199.23580689539943,195.5465689280926,188.74383340508496,179.6708589049752,178.7073812538096,189.41429064437102,184.28969755949248,177.29593901111951,181.86013632368412,193.2027045695602,182.75338210997376,185.7420609288289,192.48377786922748,193.77514322767001,195.80817041957891,194.85592749777183,202.9514101299111,209.1608619632312,205.89715582946107,210.10056014194822,202.30575024918986,203.33956534410657,207.71376071253968,213.94534677607524,201.46716036769854,209.50985710717268,208.477668174167,217.6341748889837,203.40489837376856,209.8755192231751,206.6786983483567,192.0663941796763,195.1708234209148,204.4608462177992,197.51664886607495,197.53179481969772,190.30951191836624,194.16309459925273,198.71494443974922,185.984240346361,191.83987833474674,182.0890463546777,196.116494555583,188.64011310744183,189.58602786460813,205.48361027130537,203.74096765997191,196.40512294581015,189.4358346185416,191.71378591278716,186.0335592515729,177.16913064935855,163.95725839372312,168.10371705296023,182.2284520440549,174.93940013002415,150.52747835605973,146.50891106946256,140.91200412935024,148.98236942751703,151.76776516585772,165.32051603861157,174.6738562020173,178.89708331472448,181.72020541214772,179.24003665506947,186.36013254687117,173.01712278883446,169.11449212247055,184.71858045909437,199.0520348867139,200.6560757303696,201.8580928104305,205.14973800345138,198.72220082744522,196.8278959234463,198.98501332952725,194.91166776656678,189.7059057783812,181.60496010066186,183.19003291989222,196.7220194838784,191.9158546020594,191.88815216441012,198.7618648058521,202.76740336162132,192.72269414505195,186.88450436394373,186.7043753716735
809,2024-01-29 18:22:35+00:00,246.99869316538053,244.03609642303635,238.89585281946415,232.40022278679368,233.50569631954122,235.46727057909538,232.4024002030928,237.5821550089459,241.12029867645919,234.88319588223328,233.54124030928114,226.7531184031566,215.0420696237575,204.29896436824043,205.71080858294033,201.45460668519087,194.4965543485724,188.7576603341381,206.8703487437216,192.0639422158187,184.84629967590948,180.54006259362038,187.9596431545521,189.43765619250843,188.95004324322318,180.6110217473103,187.031927521227,184.53849553857344,184.98054778136105,199.07778732778172,183.1890695884304,181.48777981797997,184.92123335146937,182.13129023113828,184.08872272363666,179.7158687772453,178.77874557710052,178.39366090832084,176.19258923529864,171.52694585921788,183.21029396696147,161.89668536456983,160.8635815137225,172.0769300510866,169.91999618793994,162.1990774990834,152.76500997356777,174.74581159657225,180.09264876397486,179.55567034029798,187.95554534579787,178.95580314780744,196.64866461710864,202.05524896093908,198.09231636694682,193.15684847176436,198.7599692993149,191.1460544894716,185.64115040737784,176.20130442504757,189.1491319237325,176.6976294323212,195.11823686255826,199.7529681521546,197.95433952326601,192.5399997880739,189.60999737732362,174.69447117479592,176.78172059396462,188.74627562023466,181.97344605324378,174.61138464630346,181.21284077075265,196.57233042769397,196.6634339701143,193.30563791127764,192.77267741162854,188.57925309259093,207.20821247443402,202.71359312005984,209.74175024547628,217.34792430045172,218.7878702413391,213.31820848887543,204.9711295326171,198.86475196661348,206.48070819749339,210.9092585963001,208.8148751934579,209.98361117403113,212.26416556248512,221.56378928907483,207.44374645464657,206.22765853878485,208.1115435298078,210.54378269532543,202.0287117531118,209.38601106595445,211.32838365482405,211.98939497878152,207.326342750589,199.31140620921937,191.9646116156698,189.25260730754852,187.73550965709316,201.87832843878,203.9482050465003,194.7555677036255,203.06733139140294,210.7851058877416,219.17648470466338,202.4208732946908,193.74064949736453,190.38285746887777,191.89238311111177,175.51409046992586,165.99128742050124,170.1787524679259,185.7021288597002,179.29612912608158,162.51542019688023,154.80610039043063,153.59730833824278,155.74514974273183,161.32477144185754,176.32862455978523,181.93895140076907,183.23832499689394,189.13515730159767,193.65241865434518,186.92154038353618,179.62547503353096,175.96723566704458,198.2052300342071,206.66790904454115,214.07790878118476,208.6269648584904,215.5404455797089,211.717995421892,207.0443125808305,200.57529626077184,205.16916991119513,198.42802886797062,199.72499209192313,198.89842744297346,203.36451363330775,206.56165456441013,201.8680700353706,200.99251940971513,203.5333078690157,206.60291897293843,198.7019176005963,192.34419845346594
810,2024-02-22 18:22:37+00:00,246.0977398688014,248.7112692659934,245.34214381565138,235.57578269622525,231.9563948076309,237.34262600539807,236.2604743825545,245.89301256122016,245.4559466511928,243.63815055282151,234.00503031107502,231.37065266998724,215.54703074470305,205.26477939642263,204.67615858930532,209.5527767775468,201.03600131997496,197.40682694025352,201.86891856666634,193.55298711620736,189.4504786093724,191.2577562688209,195.23590958768872,197.46987278333108,193.04826218971783,187.23682677303702,187.74787450528402,184.6948144846599,187.61102326454701,203.951232463363,206.1329455852956,188.48594019508207,187.41883390965467,187.9533690089466,189.88070458455582,183.93216643300923,181.5987010264335,184.80906870320047,180.7820807006737,172.87682713220718,187.44180150144322,171.47065584596038,167.7363667547767,166.59011089607986,173.99600459181244,168.4973269319883,163.44318968567154,170.52014959033716,180.3478491196957,183.42273264495586,183.35176012660065,176.05033419828635,194.9462418086802,194.65303629858232,188.166875261501,190.12239891690334,192.316037656371,195.87146351932532,176.55395049799267,176.91193506966306,179.75629256175122,179.9167073891754,199.83183432847954,196.5874286343323,201.3992674656957,191.7023152532392,189.66622004799956,176.50370362904982,179.27530123980637,186.49222434989832,181.9065088054604,177.71541967177865,179.0291413645316,200.9961302998283,199.56520720848,201.74230184618835,200.47997805323376,196.31624641196407,224.76873256470006,208.97939637498757,208.2719917319305,207.54455729417535,224.2058636985163,209.82689371897527,201.50790599609803,195.178361672956,191.57867737326592,198.91270559812045,208.0017234504045,223.11361193142915,226.7123680369128,217.31713746562176,217.82115660074788,210.90250202921118,207.10999957017202,202.4172677107478,213.96391726306774,215.2649742626749,216.20023642257485,214.3007315921829,209.9417580193563,200.8806195960946,196.09290567369064,187.27169572258936,193.75092076377047,207.83660787438038,206.32271785611468,192.06438820422866,207.1593992775005,215.53115143082573,220.6956738220423,203.41499655894313,203.22262859071617,189.01000611859308,194.33552103956976,179.80602932552915,166.99797444021928,167.67201055383327,183.22380659064586,180.2843596313374,160.95472871818924,156.6786402292351,160.16239604129186,164.82619020109897,166.20819188299762,169.82868671668797,169.86783508525275,180.86078710846436,188.11100126855803,185.00613992529162,186.26542107601927,177.87780342575337,171.37392063827616,180.68658015589796,198.3827928547263,205.12974257593808,213.00653080491094,215.34686625015195,210.90651494429352,203.78934962674091,209.36264227732715,205.6228920588398,198.36158541131812,195.76714861626985,197.47413495588216,196.91722180725597,191.52973714805086,193.08651429105308,201.19456580777424,207.27431315355423,203.71708370120285,192.26059126974496,190.85200396823905
811,2024-03-01 18:22:30+00:00,259.86165995187787,261.80971503029554,255.18426262187484,251.19134282488892,249.89967287138185,250.5696332910693,243.85925331682557,252.18499040508408,250.7587846037564,248.61733071352558,246.4207835737142,241.2306475116581,228.79425774357566,212.71477842631248,211.75934260194634,211.28472003113177,205.8428446243857,202.49739863992625,209.35004957537356,208.24061179960825,202.7073125658613,202.21118848211762,207.84046097726326,205.63487947868913,202.65001100481436,203.7366152361825,197.301406927402,200.39984501056367,206.62313447219998,228.27965956187313,219.18087344845182,206.9790127765864,213.5917475060098,210.4438111551599,199.3426807840848,187.32946873834902,185.21316198809342,190.12435836785156,187.41801194415342,184.77574450430245,192.326964160227,174.65168325556368,175.2932131290595,174.60926927495228,176.08022168655162,171.9849486159918,179.08488192990714,192.54776450415204,202.90318362125143,200.88815990152108,196.9077683083205,196.66541964909447,211.61000233955795,209.62808171404612,207.9292994736004,206.99239380548,209.17040646652833,208.16375775142376,193.83229664489167,192.78064574221688,190.58686899189607,204.65717999597834,213.3643432220945,203.8267504984342,207.52851940140152,197.93070448596268,201.40076653669723,193.26476928102585,191.00521888982738,189.4248982181229,203.19076939499058,200.34911680598043,201.99002960573299,206.7697681126864,212.89300305315487,216.10685461450896,212.0725698313398,214.64329090575325,231.40067705321812,230.75004749738454,227.26333326004345,224.38718767283495,237.82169740246115,226.44060294406296,214.47926611982302,209.04591604223242,208.81068286976193,216.17688300611624,231.00769490648162,239.97019800987104,236.98880680768315,234.94348430244395,233.2403756709643,223.25431101489917,206.8011607269731,221.7156516249838,218.99288722344795,230.73430706231593,228.6976103081559,224.0070859916047,224.07617642617822,218.1137782044397,212.15846199634052,207.85363000345922,207.32772341150218,220.639152362424,232.22986440480457,,218.97411119652108,228.42355001044302,231.28593911185123,218.59697632772415,221.0678198373357,203.81152412910586,193.9577143220809,190.90957338354457,175.67332038484153,173.01426962864795,185.72127249954133,186.98514296467232,181.11879582674487,180.264685067473,169.06404606657185,174.1211644802549,180.96493338241908,190.95582604251868,189.53425975703294,191.33786971962996,190.87533690444272,204.94454162946758,197.01081435889756,192.12110707077287,190.18509046494222,197.026087756832,209.64826008468305,218.00211519646336,220.73761349933676,228.1389158678253,221.81646208061565,216.83292440863207,222.43263879592175,220.35282778449778,217.7173381767903,210.40373693855184,204.57961572521174,207.7999445158418,210.94274762179793,216.42947608190255,216.13125526710226,222.6280303694036,213.96216976708814,204.44446656187864,205.6019839521618
812,2024-03-17 18:22:21+00:00,270.19916026472663,271.39002045334814,264.2280215968325,253.90212978798007,254.21041740187425,252.70833643890845,245.48029385554275,253.5096804438063,257.3202098793872,254.66601510796528,248.75566048308937,244.42796605051797,234.70913173332872,222.42597858697042,218.4331806799744,219.26432394249022,214.9078584352564,214.43624934454613,221.07537725092777,214.1156278072508,205.78161992622182,211.15908864894485,221.51896610746294,216.77320039641177,215.37746554599192,204.91888247040663,200.2525933388328,202.24187536022825,221.04231754210036,237.64029007618672,231.37405828094694,215.1927995701162,215.41968577227078,210.7640798127086,210.77415588911578,198.30120295748236,196.15524589542554,202.56025002008988,198.98671720697328,193.68722165389045,196.6953948222293,177.0027633585412,177.53169643858888,177.05970440598935,179.3854227094987,182.1211101362135,172.63995778423487,198.2736019500029,202.62629954292237,216.61210355816922,195.87169970654088,205.0044405653734,207.44299505911448,214.61665714053308,215.88120359276553,218.4032325333663,211.37841710614316,210.6114011522071,192.81407623069043,191.67339022771495,193.08072254976145,194.42251718224242,211.8847313168971,205.01960665244837,207.51600873796923,199.98587128914738,206.4400315033482,195.35841066211447,197.63589227476047,203.129802799656,208.159786585729,202.55745612398218,211.34235977765252,,226.70841948133562,227.924901442443,222.45870973633828,227.60579541665248,241.29079434131611,246.67864954707738,234.13170612260762,230.49514380207836,237.1041703573974,229.2197435137552,228.16243354736417,210.94606790555235,217.83314654222443,228.0460595777787,231.48003201439727,246.67881601049743,242.86405232856464,246.8622219212747,242.5067844763182,235.31672980722038,222.09586544903755,226.3077195423696,227.4509496393377,236.32269923624287,232.51579134675586,228.28844157995798,240.46647248723139,229.00613620437218,211.84246880145912,213.80208422387213,214.4627224618913,250.0024221373409,,,254.58349561416645,236.57496641308342,239.18032800905507,233.84568822482458,233.13509339083714,209.3518209671161,198.56241460382836,204.43096228955778,176.55190515118034,176.85148040348867,190.93540887262202,194.8178966487243,187.0269074661487,188.02809675560573,182.69079221425415,184.77343062852688,184.73578263290415,192.3000790999509,194.97002535745332,196.02746474724432,207.04159164276618,207.8028149782497,209.25168589297832,200.1486724732126,198.97759270248721,206.02248585481436,216.4512590069541,218.17867402119248,230.67692196917008,232.48402405404806,229.6956117034061,218.85885729193834,223.45660348967488,223.40366808836274,215.03338792303612,211.9085594671481,213.33737815555307,215.89377898813476,222.60821232257646,214.40837981421828,220.39592086275474,226.29034021567549,223.4294836774518,215.4822293669113,205.78378504869983
813,2024-03-25 18:22:37+00:00,246.8700522030341,245.5735176293344,239.45795380924218,235.3378563129222,234.98302410015617,234.91377357835623,235.03489631613485,237.36502067843844,239.8462129746575,237.5124616860352,239.34317712316226,229.26265967947683,221.14809585850986,204.60527179226426,201.13818020673483,203.49596349945185,197.30543087562725,196.30341053308769,200.7010111654256,193.84256022037704,182.4640882839152,179.8067872942321,194.8878739485404,197.29635793926732,192.20125249679361,183.10221618723818,186.04445078235443,178.40811561557084,190.61516261216178,,206.8336209850102,188.49649976271672,194.44203281978562,190.99222230672947,187.28324434861673,180.45964192171436,175.54852350976594,185.72047198344205,179.3038430539956,181.5210484485629,183.47157337270608,167.4308574211962,160.36750583589617,167.07127973305427,161.89040981746567,170.0158692825574,163.81677529118235,173.94799906110302,184.13401230951254,189.25612227524294,178.49832835615376,185.18587136099148,192.90099314621443,194.18887552362048,189.69660980865348,193.28230566873214,196.527689757691,190.1881534901397,180.61911473139997,179.6727772942154,181.64534171637666,180.12579658911568,200.05630166131658,194.4658873621983,202.1510333274751,192.6756270130976,194.62741712382788,185.1414267671929,176.84908234577,181.7586348253917,182.19394181402402,176.80285111442407,187.5093418067222,203.3150277021802,202.72949298288773,205.83416554117696,206.66905594877502,210.04265241597233,222.50032996437483,222.49380999075885,205.808713787665,211.9630075383485,220.43486349406578,215.75263838387633,209.46097250819932,197.41856449076084,201.93412004463613,202.95146037363784,208.3872790814982,224.16511653297334,221.62871242372609,213.07507008116832,217.71595735358744,219.3964480506977,198.0721128287905,205.76533824314893,214.6844749181779,207.04149258371365,220.9826352663787,215.74629232153188,206.2749817452787,201.67752391367202,196.4324123765769,190.29993652839872,195.1988544729118,,217.87030428953926,193.18933401617159,,215.99415732197053,221.42921389065287,202.04465559932257,197.73911030370365,190.4830404749282,188.59955824699944,180.52480922849628,165.07739985284041,171.50171817990255,182.76213808631104,179.10168337585853,169.2329118329415,165.18493597832975,161.6478903676673,159.6823096354319,163.76577098499982,174.96094101658474,178.12970284187816,172.0527621830292,182.62242355205075,184.74805858173556,187.32938075220451,181.59314528093427,179.12081409005248,187.65829781352696,193.67131589573228,202.79453776755054,209.22339099122559,211.1551398484248,210.1622848612837,204.05772624888294,209.63291537165838,206.99521635761934,198.80926705494977,196.115668789611,189.63334219877413,187.32663773933143,196.37115696787092,197.85511481561136,202.32349127676218,207.41441102245878,203.97161516930902,197.62452653522763,188.29760098313983
814,2024-04-02 18:22:09+00:00,270.3324501516644,268.1441031731624,263.9160979632401,258.68151218959366,253.72203974091408,258.2500885418799,253.44519983027476,256.45518112719793,262.3683269034268,259.73525478514625,252.3662607283166,252.64289343497694,239.97486873677212,227.13233664271493,220.82225852385244,224.27490531075264,217.48794719478605,218.13486612305667,220.47014891356042,218.6721930892424,213.61301225010487,218.80717169862277,226.79395090591106,224.28053486650327,216.64475560281917,213.50681312107702,205.1228895032001,214.75072938351434,223.59194022112518,246.01811332456236,230.1628850873398,220.22964067790096,215.28091740318152,217.73613160538454,212.86203888437996,203.0788822283428,200.33707010071967,203.8420032078597,202.44568327746998,194.68846556882602,196.85461595133825,181.38889743989495,177.64051676151183,180.65835849872516,188.15170981377497,190.78299825883715,187.6137022828601,201.18141836091615,213.59583934659253,227.6446426961951,201.7313965050718,206.8966511311409,215.144648194157,219.80897283040792,214.4513924967003,211.51354435512647,219.05242748543645,211.11658925413758,206.6262489563248,196.7793318810559,199.73215800147426,200.93044091630077,214.1051627900641,205.06972107790398,214.68542010919577,205.4426132648192,214.6001978029047,198.62859234623488,200.13128755160756,209.06804098284613,214.82400395137418,216.8320844980725,219.621023660283,,,239.94639899875023,231.72405411444038,231.51535283848978,259.37390242532,260.4689983640187,237.68415753119416,232.5688999633103,238.65066765318448,238.96198767206022,230.65499342741032,221.6797345941775,218.35898414399674,231.0547130140921,231.16372146384558,251.06619140288234,250.65402608801062,,252.72139602446737,248.24976575837036,223.42059019909274,233.74951790747934,249.00942717940057,245.29988311281244,251.65636341809304,249.1975747180372,,235.7598080204122,225.0375304749209,218.7457580983238,226.40570000289392,253.3233180482179,,,273.792367340154,244.18372521386155,248.22577699912762,233.38651014644537,234.62604899737963,215.2086946289785,214.04788164375822,213.47242213989318,201.55207222913475,185.04658089099115,195.602980706757,199.04794931368127,202.30897091788736,196.66768798519308,193.8196285401666,191.22725474500888,190.90150387980773,201.60060516803222,207.51222488527475,206.75818634513638,206.85065549530978,210.42289596426042,209.30676843490403,206.92642616829218,202.50192480682688,210.94849358432654,218.20887088516483,227.29541292975628,235.17623110187606,242.382502400935,234.78631151239978,232.90702081297968,230.4463250905824,231.10381292704432,222.67655575935927,212.75185719826507,215.31264216778635,218.61566068180684,219.65459983060362,221.3405325571258,228.5601047479261,228.08357718923543,229.56379359761203,220.8327650833436,213.31931249856885
815,2024-04-10 18:22:30+00:00,247.31028681757027,256.578868894082,248.3582343909653,244.8683122952283,241.7805245796999,240.26045759055629,239.4305235131447,245.56571713761463,246.5197312652728,243.34618126814112,237.70974346558324,232.0160646885902,226.74362038475346,212.72043551888487,212.65417617858867,211.03654425132567,210.55670894997314,200.20032164821035,208.2016184971123,200.11785486941562,190.29122339413885,189.28245703326377,201.5445476007332,204.68813903499904,200.31831006232983,188.05586080507845,187.44486330516634,189.4488223496678,189.14887919259382,224.1555714523384,220.33886119763588,207.1711175362625,201.85577255558184,203.28962011513806,196.10569265781942,193.42399241459077,187.7292064438397,191.97119252234222,182.30820715269408,186.20935780528328,186.89029434374282,175.2505785948916,174.8548446453682,177.62059344003754,169.10699352257296,174.72442404066385,175.45660843515003,189.44072559284282,192.0889062028457,196.32397125228493,195.78433490075733,187.85545033824698,197.02324075100125,200.30939392181887,196.71521000300436,205.17168499538388,199.80304762852143,193.86896904496763,188.2833844484809,185.95302818493215,192.39169026800414,187.14327257155253,215.6046875316388,214.70334117641005,211.3590648077845,195.6852259577139,202.00299469512493,192.13069282047815,186.66911890691821,190.2550763281617,202.3385788982951,196.5726808595689,196.5037344041094,208.38281098748388,203.20080766681653,212.28018299855478,208.17865387735367,219.76220994654386,226.18856603335092,222.00281934985566,227.23325298121728,221.3199582573495,224.96612500191458,224.64244193308926,220.0117502649944,209.83485111459208,211.78944530971668,216.6720219830638,223.3488761230282,237.0754361858269,234.10838149444655,220.95239107235227,229.67789126645846,216.26238247176946,217.18473227611366,217.13493598451737,220.20215666200932,219.11175179538282,223.43646213321182,221.58057466173042,213.61671155222535,206.59004277026645,205.26762457513706,195.42499886453885,197.44636903642333,204.2474194911129,209.40559579945983,192.6025529397564,220.4384293813103,223.72035256564743,228.0678545457111,219.2259857967488,206.84919570188515,198.30265602774685,195.29952087143843,184.06797404664684,174.32249276888854,175.3448689130451,186.39898953858707,187.56149667391756,185.93970503364906,178.26046634388032,180.6429522230485,170.471929577011,174.27153016591197,190.94520235365047,192.57703127133254,190.05476001405827,186.40798140808113,189.50065067781185,191.9915699451646,189.25798774905536,191.53289855261207,192.92106098679062,202.86458300187803,207.53617717061798,219.26114089930462,225.8231062121983,217.29622014343926,216.48388146715357,217.83761157089054,218.3058083890569,211.02979990896995,193.1082104855921,190.37985473119198,203.7698466185701,202.42954746230268,208.7969543639492,203.19741838472618,215.94583496846394,215.3395011649505,203.3160074658883,202.79933752782608
816,2024-06-13 18:21:48+00:00,,,,,,,241.46686500805302,245.1054970734374,248.7391003152133,247.22010855519537,243.71463849544986,234.13550471522728,226.9319615651714,214.5420272555594,213.76538659075692,212.18442772900374,210.627670691017,206.30360359110063,215.9675653322201,210.52905863603402,201.88714042705118,200.2439054160468,212.7363987417461,206.96251847917742,207.75394248444013,198.0429765623565,198.96204339668202,199.46505075782562,209.60340834196737,224.55901414847716,222.4531654826281,208.15615233624948,213.87950486483567,207.6937634679366,204.0879992619238,193.39980076606392,192.03842792793333,194.2948991868671,185.1895600957735,184.91987945762585,187.61830710122246,170.17194466804852,167.24762119582476,167.9443034794794,163.78934430109177,178.03845588074586,179.34203549044798,187.68102085852775,199.21688174444455,202.90735756620256,189.57275580547778,198.9550740428973,210.7534195486105,206.2322488301371,198.89128260118085,199.21587368699807,193.4547477848668,195.4459802709029,182.13437262734845,183.51858899514858,185.0802861761859,,,,,,,,,193.45174712062382,210.99611205565424,199.47226915747285,200.68181542333895,205.84598284541246,209.85874288846028,221.4072719243917,221.08583007145873,223.13672769337234,231.11698915156904,232.5756164635016,221.23030174672374,221.4601852025906,225.8675312113969,225.35682994135112,224.0663029747543,212.60529318160502,215.44273385518449,222.17373281912572,221.83889557945838,237.08256057857332,233.60859784230396,227.75441821085036,228.61885347964704,228.6345665062211,217.06215891499517,221.6544977884175,217.4341718364487,223.54796601156238,226.71675436173018,219.1003485452743,222.09884550581313,218.3220581073938,206.73489847202256,207.28495652310642,211.55310504415723,218.99200262606303,237.73542367127854,,228.68769147467444,230.8057417601438,230.99372519588627,217.5996333332447,214.72273347914742,193.77489369289685,191.2251132173431,191.20141505026018,189.97439281499356,177.94999766776596,182.74241893580012,181.79173520457783,177.09222302022803,182.01729076584698,181.52008508475785,185.21138329518814,190.02994425123086,197.34047483011574,201.35935827382158,190.60955254216242,190.69312077461888,197.10791087764787,194.37187123222802,196.8318035881991,202.68799587394705,207.71313531084158,212.39684592562915,214.73397208979725,227.35831850012357,223.82427667617145,217.40282599864784,219.3562124023721,221.31567916445744,222.6367735668519,214.03334131950265,210.04853656786537,213.23823702745676,218.53756597360928,226.4976375094476,231.25159686295,232.86350270984647,237.63614748571604,236.15267775488013,229.7006822603207,219.28281702760353
817,2024-06-21 18:21:46+00:00,,,,,,,,,,,,,,,,,202.46829266587906,191.51731466073912,206.32422396490696,197.07956531016475,196.01730825873827,190.1611710614735,200.3439664282779,197.8831123587303,189.24936094077117,187.11710817518787,186.02773329440328,190.51112516821547,194.70451694588965,215.9454637298914,205.74361352224565,195.06122379453123,197.41747839619725,196.2258300406484,195.79510260916086,179.53335756396334,179.81300141618982,182.54900522213615,177.09881621478877,180.7550452328726,182.96423718166045,165.52025507800602,163.56319373385196,167.16195577169904,166.6143409939365,173.1329766859536,170.16115740769487,188.5632417364005,192.74322717393335,184.72332624218325,191.89423784611643,190.22100468054916,195.44001132698418,190.2617600669067,184.12121979358017,188.4308003332957,188.1114378125455,183.06753249897858,180.39253190919305,173.0748633250197,180.23754131981727,181.5088674291323,197.03479857350197,203.7487406483658,208.97807300225293,195.2050482993085,189.97234224539585,184.02312399325766,187.35460699615396,197.4298987405029,201.2754859461319,191.98821016572822,195.08708155868587,202.593787941987,203.91043743576063,212.5229655216863,219.51132796920265,220.72390896179243,226.05774001149382,220.84277134799152,210.43030062723136,213.00381758745348,216.29174042109827,216.6875772946109,211.63569745352441,206.23454001320533,207.99499389627567,211.34201155086294,211.48478612621298,213.2761008912172,220.78036579426364,220.8736184407873,221.94297232125473,206.50926783811792,214.44419386668415,218.29045526625083,214.1279588341022,218.5472259150128,223.9083800153077,215.13727217279143,203.93631038525152,207.19799535901342,207.64227068310316,198.07639494783552,199.50981057226323,208.52768933524456,219.98617698455095,206.8338590354454,209.4980087685429,217.57382881840797,224.50735058374653,212.98902788788072,203.0030883949923,191.70351933729057,186.2109939145099,183.45459469344723,171.20091629514923,167.9962993953494,181.20325247201703,177.2165541541437,172.08249639337475,172.59153030212047,172.67030027266298,176.2812158486858,180.59608496353786,189.1676636737277,200.44582393068052,188.52784999071676,186.33942686148671,187.75969219433927,183.69438891951916,185.28698634136128,194.48491702490833,199.07661712653038,202.89672552786942,208.10358850566843,219.3886387373089,217.05150072954382,210.0234280715187,206.6971334937217,206.69427853189052,212.39808332122382,204.6537069375803,194.13518743825773,202.46070675038555,209.83155994800154,217.63085143669034,222.30973530439786,221.59137282455987,229.4737794341982,231.65707802633955,221.99078150434997,212.8799132343633
818,2024-06-29 18:21:40+00:00,266.40492247807356,264.2593672981053,259.0245377612272,258.72946460255474,253.22514885788524,249.3323557976263,242.86680859634825,250.4735572304951,251.44984642784925,250.44149450581068,246.12604647524824,236.07224009056137,228.18940332364775,216.6122929143172,215.04286636897683,213.1404223821608,209.93182990305127,204.29773307685116,214.692700662778,211.93636354234042,210.52521934814098,206.0046831528099,214.4007525056398,212.47810817733534,210.1273517716025,196.47919618938286,196.94291902232175,201.58387538338076,214.49562973372514,238.179165564996,219.6566548418564,208.73401280641684,207.4754847870778,208.45127689309498,202.49709314637903,193.6377880705503,190.81777629163892,196.20955550831758,184.73161730371592,186.5370850668951,189.44167826016078,172.70711919101063,171.40718980741252,178.20634163369402,171.09482308330308,181.04404405239148,180.79667249641614,201.87280170869917,200.56257573903184,201.84367208516713,188.23800058280676,205.70151828670274,208.80092811531674,211.96420059675944,202.25511205711427,199.97495097903646,197.2766370416959,192.7386678798289,185.64028712473146,183.20709931287223,188.74170534501792,186.27872629003974,203.74459875043647,198.0574524056287,201.58202964594307,194.86926953718694,193.7229723936042,190.05126824021067,184.92550287714303,192.92228263192453,211.96583211237626,203.42639698034287,198.74112667964877,208.2835231895342,207.47160515766618,222.37815848917995,228.5854166978924,230.42300117350808,228.72736614447751,228.8811392422782,216.73423111443387,217.62360935490892,227.09953174871194,226.1884311006134,223.2739830305984,216.17758466434714,216.8894004611064,226.1247986322613,222.82933011688817,236.4554362237218,233.9934626824848,230.82788398346761,231.5155028881716,228.08251713804464,217.11314856723385,222.01922389647729,223.36817135672794,231.56694485639093,226.52703620319846,224.18822849404643,223.5320908093032,212.9191577550793,211.88223621809107,205.4724638126715,207.79136886761177,223.3008420618327,234.19450304101596,,234.96814321872674,231.8336562988344,232.0566006112059,217.86544907426767,215.9153440315285,195.6401221268182,191.40286302887355,191.4945323082611,189.58989948625222,179.4128892043447,182.71410038040392,181.9266332599438,182.35017763831817,184.08463925839123,180.78253235290032,185.1514297921652,190.05174581121804,200.83921103654333,204.44673284512277,194.87567949063978,197.36068040086838,200.6126182807725,200.27714904235222,200.54937796774638,205.17308115817542,209.79664685390668,209.21124412841533,215.11825462215182,225.99009863839032,228.64596209005362,223.30725669536085,214.29637058874542,222.25856476734788,224.6634355620214,215.72707898543752,212.88464032105696,214.60086507863443,223.06340311670058,226.4866110621366,232.58583016077637,232.57467701633053,238.97908958417145,239.36467686117138,229.61680705775834,222.03814792499895
819,2024-07-31 18:22:02+00:00,255.9357723453219,254.77467322545178,247.76818744008315,247.8620259919034,249.362346428974,244.30478876482627,237.77664436598297,248.3877623073779,247.5640945115606,246.76711214136188,241.78030694086237,232.32656978604848,224.1917763821226,215.26312899146058,211.88134833209398,210.36340457646938,208.8283770262119,206.0028882849167,210.62703447592514,205.83065079458385,195.98635404851817,193.58656762547201,204.0569220473134,203.2365712563331,200.50144242119939,191.9310746258354,192.2737781587536,198.47640554498577,212.95265955680063,221.661996471363,208.98434182536346,202.58965516199774,202.30607121271626,200.63999594680513,194.2363012391363,192.15215761898293,188.7821376743554,191.29081164915064,183.0993802037963,186.06413362984077,187.94247810349412,171.1395643865415,165.96426259229193,177.43543477993765,174.5827552856873,180.45394826874823,179.31862144777114,191.69238535796677,197.3224117139838,196.65252175010363,184.582825701668,192.49362534688885,202.91150733736228,202.59209330616022,198.9569103249879,198.46522044546646,202.99909972707917,191.62022068421567,188.50594827891038,179.9358087678772,188.55213617415478,190.2406680193443,203.16529210478168,195.22841798336367,208.91372954449952,199.88939578587193,190.3823051654765,186.76786109812392,192.03447162131926,193.14281442469786,207.4955331388186,200.2898915695783,198.17890242017887,206.79161379559176,206.55499515603626,212.63767704808853,219.27149346753885,226.27769291253563,225.68702880644543,215.5659985084983,208.68394282107352,211.78110201539772,219.46418039032542,221.96515776202696,218.59973764740062,213.87370387960283,216.45896730536708,229.50656180456903,226.52118009344156,220.09483763569028,228.435417950563,222.12706291172987,218.25235908744804,223.97333920119638,211.08083443559647,218.23711905113703,215.75492095763477,217.68942576046763,222.76636289541182,217.39455363197567,217.43340303037186,207.6572839294495,208.25312485753878,202.00699827332897,201.78818404276728,210.59773006860058,215.67306437825403,216.39092247759675,214.4414082482927,219.65067126712833,229.92841929886953,216.17939208491288,206.8560293113864,197.93029472283487,192.2879241254833,190.08375239173748,191.71866715865065,175.89197365268973,186.0141772907248,185.04417425751,167.60332903632536,178.41877609211804,182.97982780343438,184.0749034242417,190.47074326040416,199.90620160253255,204.90069081304688,193.93757418459143,193.6265475677177,196.83719823046934,194.71798576063185,195.18203063588925,202.7663040162124,207.89552907952103,212.18567077431268,216.17103369460335,218.48040780246484,223.41533491616036,217.29865060446878,207.50733016920637,216.07938176739725,218.3379331849084,213.16506624094995,208.71428319607207,211.47218175449404,219.31316548098025,224.11025035304783,231.324218229122,227.9170179375663,231.05213345999397,231.99430086956028,225.5304265818871,220.37110189729228
820,2024-08-08 18:22:06+00:00,244.45387744525343,244.13277708605602,240.95947372490514,238.95635637330565,238.22854399087086,238.78214564681474,229.0293582938996,240.46623472526795,241.48880878698435,241.91330388182462,231.9061655705215,225.88066138329452,215.35954054210376,207.62732660240036,205.63961056867294,201.96996689753814,200.56075591034764,195.2529059445185,203.01388231975938,200.4780334568522,189.55537062149358,187.60822987120352,194.4022538718825,192.07394941902413,189.42212569158832,181.18763117494325,184.62751562476535,187.41758893480895,191.77659349469016,214.47065439095798,198.20234872600483,187.94781035702354,188.98955081091492,192.0208293351405,190.70783956556585,184.3297033194874,179.49040738331,186.85863903325185,180.32917858417215,179.0527041389777,181.79319966791275,167.39320739664004,163.21361865920622,170.53469393449168,168.96577012957488,170.41707364381762,173.57044964824024,181.8816838261418,184.96133391098743,186.6312606982779,177.93498358800014,179.66034496437334,194.84660698541995,191.29400038622555,198.82293422508138,196.79063882184252,190.43197428428996,185.56709876016373,175.61444106196018,178.27945104957197,187.9223142857254,184.53555951929835,197.6318721835322,202.1039619235517,204.99365549470355,194.1224617317794,184.28731622227326,180.99218115704764,184.01856628145464,192.55293512150627,198.2950430531023,195.65731199878866,194.18714563958846,204.29189338094955,200.5641396779555,200.8141459192757,218.3192194618324,224.27965337789894,223.0235754334088,206.48778859306748,199.91172696203455,204.95045891774,213.2608175972852,212.40616405156922,212.84851480969905,208.19809749528656,210.02137537270107,219.24554877930984,210.8600289501095,214.05732968463084,217.65758015307387,219.5194026134688,210.53866516183663,212.51737652234365,204.55269627120543,206.1680106212641,213.58030967797,208.40084411362577,206.28354930985583,211.24280129953718,195.19581410025737,195.45238316279887,201.60725089874825,192.35171115374263,193.0022913532553,198.8996948854579,203.62060184426647,208.42832930728616,205.8421681833015,209.73187794835627,221.6385377835844,214.32015768345636,204.426130759506,192.61674898113756,187.63134397437983,180.25543041831742,175.17646633460026,174.1495902315272,182.61385069549624,181.80387295096676,164.8436308032796,162.60427660429286,172.62566124465374,176.1917587963359,177.3514474215527,194.45899807962147,195.34136962615662,184.28152481494968,191.92334482179,194.18271394642932,185.77034881224932,192.1823363895645,196.37319153094143,198.92926071373566,202.10732350696512,210.22423275249287,214.33492705755216,215.58340400725098,215.94555697752153,206.88635654815891,208.19653592613616,210.23481517137844,204.1141610722915,202.1093438304829,201.406587180287,211.13781655758862,214.27752595956238,220.5586552720466,221.71071432824235,227.79302947715257,229.0516365689653,223.62927880572715,214.08621262266234
821,2024-08-16 18:22:10+00:00,253.56692246946812,249.9521245627403,247.9914638949938,243.59451636383534,244.8701679753836,241.7884519121001,240.52594984752722,245.78409433233548,246.94972668138567,245.25034678969183,241.19457313857413,231.83274846722867,224.5635157507811,212.7212925286869,211.0184177034961,208.95302526933563,204.46561408291632,197.431741060314,207.39158278643032,202.95890876426486,197.39377401682856,195.73813111735342,205.45887068606817,200.51863625033604,198.30972750189557,183.43233413716192,188.85220929748286,196.41778702328367,205.6049073334476,218.5014892479336,203.82405831450583,198.9852690835054,201.23075734770896,198.45969597494218,193.32142710810336,189.90660111008967,185.1191619439746,190.26520677269053,185.72267224775456,184.0471196131997,183.98732241089584,170.56660767713066,165.37687371086622,174.87469925858392,174.5168827746932,179.62699770575892,177.78493185633027,197.35541759451723,196.97965355619698,193.56817326137582,186.35677124950894,189.84257343463457,198.3737616459511,204.2960276374555,199.91135817657812,204.95353365174094,200.31802033354214,192.0669978911779,188.1675811716211,181.28147760201247,190.23589686821373,185.41033838447427,202.86603303282612,201.9391545940252,204.92180941015704,192.9402819412398,185.13897297021194,185.31475615028796,187.5892923776316,191.19759000969907,208.52138977229572,191.1159654557481,196.62297652886804,208.42913475959978,204.08086541076722,214.4751110595668,220.26480103350679,223.20570870566138,224.94311086397482,209.17262644718488,208.6668355045589,212.85588409862737,221.41931185525976,222.98023832823017,220.0387458745887,213.85135791637356,215.38640074708678,226.14291948943003,221.81905907886608,220.78548065333894,224.03687265900058,220.96758871256458,212.6695612140718,221.99779611615503,213.1862969198978,219.5352727830219,218.70471691743734,215.84851063777344,225.2920993333229,214.20174396787309,211.51894909732167,204.33200521070438,204.45300705807986,197.3336782281919,201.57085154529403,210.6976008025542,206.30887779402624,218.21768487555886,213.46339704989919,220.4258401321796,219.6157631448167,211.50003431541228,204.5973943635074,189.58978132960178,188.81799485635656,183.21700945772926,168.81865058998682,174.78720657566896,185.48142144542686,180.85766884531336,168.32030754091014,176.94042032965115,181.40595219249474,181.35151295281554,184.92680724218863,200.62307467370118,201.09425492645073,197.26125082932714,197.9109566263468,195.37582889432613,200.09558370841944,197.13586126287527,203.61621212422497,203.00983237775722,205.61062950599734,214.31185046632663,218.13696663959,222.42535300290427,218.9229080345279,213.8572879498505,212.45025403440786,212.68180343552402,213.36522974729854,207.57438260726826,208.4585997365508,219.11985295066103,223.93652072689204,227.83789581351874,225.41731075817017,231.48603616692137,232.4101300405427,220.59942256164135,214.75360310302057
822,2024-08-24 18:22:18+00:00,242.362116774093,243.0269894421992,239.84330762236183,238.19044280863767,237.27429368386305,239.4402021417929,233.32476809228785,239.50899513461906,241.47072606024201,242.11705171660802,235.64919099168128,228.7779640426905,219.0031186191132,208.35544845848165,207.77920767762788,202.16625536436737,199.21129847960248,194.63003602020953,203.71089470889825,200.3128322936008,188.7260683573959,188.7304380678372,199.0003732058846,195.7670902470155,191.3618986867101,180.07027403078894,184.32187022758322,186.86340903735942,188.66636413617402,213.17395680125188,199.93704801245653,188.58774942664587,194.19025304247396,192.4985014013141,188.03824755884676,181.7915153765402,181.44164315689036,188.9193408566696,181.76644965088659,182.23498345805336,185.1212282784212,167.31345489035243,164.5065886587327,171.14376844558197,172.09653240781637,171.10137737111964,175.41776619144923,184.55741347256225,197.3234972420707,188.1929099245525,183.18850582190126,176.96492523998162,190.51058070648108,190.25249346675716,212.543308482702,,,,,,,,,200.89693788326178,208.9721478785209,194.46487119922278,192.65865294732495,184.106058984245,185.70541314230786,193.4853132654763,201.10607746345875,192.44525563521313,190.41798549747688,200.76372215730055,199.2514081491488,205.78194903519162,219.9634895304709,219.63501027476406,222.80877161118437,198.01615771872378,206.60578940229294,212.50776567444345,211.9415141316736,212.03886745730162,208.54556285956758,207.88635100789057,210.67456941008527,218.77249952816223,218.7131153470686,214.12004705197288,210.38791568647923,217.46683718749165,207.23943259283672,207.982128533125,213.37415549818834,202.51290320115825,206.8126916985239,208.4252875447362,217.67100863075464,205.35613654038858,195.5656095898254,196.68240488473708,203.2238335436012,192.85644718924107,185.58635452893483,200.55750318790933,202.09655739592344,205.48150194666516,204.88660453315643,210.25562519162398,215.80101699212378,205.20948870557262,195.36234248831653,190.5252003342951,184.47712793394675,181.58358583897598,175.0497985572719,173.31933467745102,185.63025521868929,183.28811388055044,162.3545338682125,170.00505724771716,175.93172149159358,181.39703230428321,182.80660194260582,192.91208309708261,195.00280546821796,189.20629138024924,191.2197720334581,191.12221386540696,190.64208505822333,197.4908444197947,203.9445089320707,205.20917845782975,211.84799659208213,217.6897917518575,212.4999324716204,215.1492644547128,214.8535517645256,208.7344920011207,206.79667953159506,207.7312325122295,205.15818401037797,199.09517189906768,202.91341474801334,210.28227931469843,217.2655345584669,220.77398473493867,220.23494232558915,224.57700769680287,225.4318283027638,215.61472232302654,206.5343965916089
823,2024-09-09 18:22:26+00:00,246.22528236920283,243.33478644357422,240.76216820076195,235.07055551924816,238.0905774774981,234.4995787771325,233.2160318013789,240.72619906132115,242.49669278650572,240.38854404786025,236.52442113487916,226.22328540030603,218.27728451242922,207.86284212851712,203.8352061728467,200.58653651300287,197.39076470807987,189.96914231408573,203.65469600093115,193.51996505435432,189.64418982727364,185.68539528165303,193.1354567387803,190.76109564861954,191.96890639215934,178.22425940861493,185.82257604200925,186.1058495975152,194.50852368355783,203.31411462553274,199.42193716614292,189.4879178055595,191.17563498031626,191.46753283244084,190.7858977836782,181.17171285659998,180.3978352212552,186.08625275529127,176.6731397299616,179.2888621234061,182.8622735258809,164.23852372600854,162.09513766302908,170.81701217001162,167.67494870949065,170.55204893023716,174.4566854906248,184.60119330143732,189.89919718622866,186.1842576603665,179.52278974902993,185.08866435208924,192.9687570851949,195.80347752826003,194.89805577697072,197.1345816854261,192.783184326557,190.96521382293878,179.0137302308254,174.46742205258232,183.68038668437774,183.2269520318721,200.36605093501842,195.6521649169175,204.10540968249842,189.34583087266535,186.36808154130097,179.92863359705404,186.8657124803191,192.6028825114695,196.86347307177112,190.78891409929952,188.01326218332048,198.88760482529318,195.7026274915482,197.88839919428938,211.01154283586558,213.30087861612327,212.79351831431285,200.37170906973773,202.03947406854317,204.20178259358477,213.9973579890934,213.10100490927354,214.2537008268675,203.459126256368,210.1267825439727,220.5429997801496,208.0163589758654,212.74931709127273,212.82048734267914,216.0145140320065,208.28154933769906,208.81656783250375,210.54711963970442,201.40164784151355,212.8781816082526,207.13146986695148,204.0205165583531,211.33828089524047,193.17165157929824,191.23735146813573,199.3802686477659,187.68775129226833,191.17254124337128,195.00843941772746,200.61171571717185,206.41383620344283,202.42844858024483,206.49587614117183,209.13862562390926,201.48779968034637,196.1765083029786,191.97781634887775,185.05911933441655,181.62978121717165,170.66389269562646,167.20310435062018,181.729841622678,179.69305877595488,163.04469532290693,168.37255205478462,169.621654659472,173.39949434895928,179.1477868827093,192.69499190209663,195.0514791643889,189.01862551030132,192.34853984272527,192.85093285896394,196.4574843882508,198.29383627682688,201.81415631305254,202.1114620918528,200.13150263442628,210.00711145870184,211.99952131296277,217.27485733617974,208.20132580264897,205.2094204245825,208.32451140495715,208.89537323853037,203.61430469788993,203.18345877898818,202.16193572243625,214.8638887095012,216.09992602960278,220.29529826711365,221.18225720564112,225.8576560708166,226.13614477386142,214.83090103973626,208.8951339441733
824,2024-09-16 18:28:39+00:00,,,,,,,,,,,,,,,,,,,,,,,,,,,,,,,,,,,,,,,,,,,,,,,,,,,,,,,,,,,,,,,,,,,,,,,,,,,,,,,,,,,,,,,,,,,,,,,,,,,,,,,,,,,,,,,,,,,,,,,,,,,,,,,,,,,,,,,,,,,,,,,,,,,,,,,,,
825,2024-09-17 18:22:22+00:00,247.95805582887624,248.5820091763898,246.37773118871274,242.02096127869464,241.52084249207323,245.24176401452416,235.56486360906175,248.06694572803858,246.0275579803902,246.1747599771357,237.8914518433501,229.2803475946993,220.69449661937847,209.982523069293,206.76606007556708,208.6445086177773,201.55461464003895,198.83054400729705,203.50463736438203,202.65689397240243,187.56061872575077,192.15945497782184,194.99045891825108,196.50589950032008,194.75836525194723,185.1331728449267,187.0189064891918,187.27462052826277,195.98488896391157,214.0584389100818,205.21798581581956,196.1089791946771,194.08898366771126,194.00302634978914,189.57674365419655,182.7132925650399,178.44935255369592,187.82157059876647,183.9268293369213,182.65888363385312,181.44515516640806,168.7134598216319,166.1143314098816,173.52015234596337,176.39002063903177,176.63543876416497,172.63899472822942,180.72219554484252,192.96753653941482,185.8118415947643,180.56024456730137,186.66130143403092,200.08690042803136,200.17198030497843,198.80649100318237,198.8616345728489,199.84350701410693,189.83271183094467,181.68178985607318,182.59239711049622,185.98097823250436,189.91597811166594,201.03697744725213,197.4011614595489,207.9036509968147,187.66181980836694,185.83263896908818,179.53640197416263,187.19804449318377,191.99858210701166,201.95216054849968,188.795310356249,187.5403593473991,201.37617180403856,202.96666440728922,206.4182846063324,212.20532833531368,213.17291524895137,219.25025733466805,202.4884553637435,208.1629741169846,210.31714660717648,216.5293498442488,214.6862877657705,212.1600621185723,208.22685914435056,209.64171819913366,216.69054811494848,222.3650829022713,214.99584128529906,212.52384353833202,220.29316165551012,211.95474768894738,207.2956199542157,210.13566654930997,204.37377178247374,210.42436072899528,209.43084103869822,211.05199640413528,211.7912907739348,194.10912056187036,191.29617320723503,187.59799685066434,190.00789885958122,194.49599712166423,202.27261545431918,203.7293578178521,208.08827194329905,206.64250594377188,210.86183149602624,218.9811556024522,204.27498721163164,198.57213528557702,190.44422053485084,191.92954441013455,184.98720479363527,170.4471797173349,167.86670555261566,182.63630645550907,179.39632630644826,170.55795151382358,169.4207647990904,169.18381909789417,172.86965730324346,176.64269996267393,189.2687425435803,193.83089486552404,187.53687333862268,190.86476028965515,187.86834510410773,189.5831788680611,192.42443026162567,199.1072626011997,196.83639313457314,204.87306591750752,210.12564633946738,211.93172018859207,216.0709130232584,211.62094223385049,206.45307594887038,206.2844012475216,207.61465364269128,206.30224688140902,202.67226118798004,204.7921629364921,212.9527185517365,216.70830167089593,222.81941055440245,223.57742296629925,226.0878530768672,227.2764233557549,214.10433081692796,205.84731012824426
826,2024-10-10 18:28:39+00:00,,,,,,,,,,,,,,,,,,,,,,,,,,,,,,,,,,,,,,,,,,,,,,,,,,,,,,,,,,,,,,,,,,,,,,,,,,,,,,,,,,,,,,,,,,,,,,,,,,,,,,,,,,,,,,,,,,,,,,,,,,173.3892099276938,177.82138569398222,167.20202541642553,183.70374822574163,192.55735725978826,199.4456601597135,193.63428323291805,197.40681021305437,195.49476750252484,191.09929173634666,199.44606052256944,202.03551671253868,203.2728603877678,208.58372414378485,206.04991045079794,212.45408168882003,219.2790055320094,213.69174260863497,212.6101162501483,215.71368000866443,214.60014255300274,204.9887513993524,205.4223929665785,206.95105425824715,212.15501141759643,220.04436997489285,230.42202207121952,230.88290906223762,231.54604395532436,231.6800462144309,220.20153572697106,207.9207983984546
827,2024-10-18 18:28:48+00:00,,,,,,,,,,,,,,,,,,,,,,,,,,,,,,,,,,,,,,,,,,,,,,,,,,,,,,,,,,,,,,,,,,,,,,,,,,,,,,,,,,,,,,,,,,,,,,,,,,,,,,,,,,,,,,,,,,,,,,,,,,,,,,,,,,,,,,,,,,,,,,,,184.6717137636316,192.3544240038433,201.28872271378177,211.2740126432238,212.19770449460762,214.48108686738675,217.26353949775114,216.85391862074238,210.47673808033656,200.00814885577432
828,2024-10-19 18:22:40+00:00,240.92462129711882,245.3200347778667,243.41944840921298,236.28679561389444,239.77913105191521,239.67846684803618,240.26232901442233,243.21205044083382,247.82875778657709,240.78720900383712,239.5879720831593,223.98423668171563,223.69501682190923,207.88652606935372,211.43744487899878,199.1651491139126,202.18871943028313,193.2005105779258,206.99328853530596,189.81802941388275,182.94988926468739,187.09446499229125,195.18257473096952,194.24884079080874,190.31100601994166,179.05677524601313,179.22425922477194,177.48172379150208,190.669663693166,194.51594876888436,187.13670663283415,179.36008629996928,172.22203510922765,182.75006275916874,187.13294042719355,185.5998311836048,182.75188587979187,184.21638026588727,180.27210033713243,184.22341627207976,184.86405423738944,169.05128205704622,164.00505138689624,173.22607681922983,169.40695809650236,166.0053404344901,162.57245118052708,183.54073430284444,192.37456706477732,193.30559728867834,183.31689298873295,185.51769010835704,196.28898810518075,199.73946488252028,195.86933339170992,207.26028538074263,196.15426926893588,194.55470344528425,184.516445890868,181.28227569553673,192.26097524149208,182.0072264326942,206.47920444000297,204.3983326795876,208.0503564900506,198.51669576951087,192.08692867593993,183.4072467850027,189.31907164258934,192.44584092711096,201.81127511896972,192.88419817597423,185.97930414738258,190.6262860343843,188.223522971016,202.29783934454588,203.92960523699605,211.78867594758276,204.59523496083006,200.47202517668978,203.78583652610712,215.40596835761704,211.61821479516982,210.0285408166485,206.85051900719685,199.22714506904003,200.99590958093563,220.97480665384717,205.71775282668034,211.01235638859606,208.7284763596178,216.3445927043394,209.31560379001166,209.4841160181515,209.6318789404184,194.61544760596112,208.48116608782533,203.76597059817118,198.75181831581617,195.91874728840122,192.88483061283011,187.4321421503485,200.08569838665753,182.53458354839302,196.10537560721338,193.24636745960277,196.06827752420082,201.05847074410121,194.73129382864016,201.61876733155847,206.20710895597358,197.29659936166826,190.53617614237413,198.6608457178259,192.36276485885548,181.8868407467678,173.0130596968374,172.19866615096407,189.99558408883325,188.38183193031443,158.79031219172802,162.47822084139537,169.93940961254162,171.8410797518349,180.72856645636972,191.64761545231835,186.90155342943768,189.12307327226264,187.47507626575097,184.8995398742984,188.16198684093882,192.13488487470215,191.36683213699393,192.25502063614044,204.87854721564742,201.18989223353918,203.6466266855445,210.32719182633122,206.20483855465068,206.66630930830377,202.84826442675237,205.06090503841992,202.80071572016539,192.80374258927472,196.71666715705354,205.97040935631117,211.53699302757457,211.31576452931753,212.42119076838398,219.71766412025093,221.73471908934823,213.7777034989105,205.64124898800367
829,2024-11-03 18:28:42+00:00,,,,,,,,,,,,,,,,,,,,,,,,,,,,,,,,,,,,,,,,,,,,,,,,,,,,,,,,,,,,,,,,,,,,,,,,,,,,,,,,,,,,,,,,,,,,,,,,,,,,,,191.75467617914342,186.01809953120915,188.28424868743974,189.7517807274352,195.12484811595857,199.68386576844085,205.08639376027827,202.00294039708103,206.48996139496074,203.85162707474694,193.03395787531784,190.1096268343153,192.36867996456553,194.11394607690477,181.33708920336474,167.1064597873989,167.70188639782126,181.32614681755084,180.64729283273903,157.21256364316005,154.4318509647631,163.61251082141064,167.5846926563458,168.88867051779675,178.97142470778942,189.76696485711105,185.30017339864517,189.5372425177109,182.40896271201518,183.98542128080743,186.36845840766512,187.14367214877387,191.83281218439421,202.21508681380914,197.3664453847963,209.76616116118615,211.33472732339277,205.27644159564545,201.9925450285711,203.02453539834673,204.71625365453895,200.9322540058185,189.0941583583421,193.28550247925733,207.29004010038557,209.83610570714515,215.74711148338355,220.42682653393518,220.30438997537055,220.88063866207307,208.4684363533074,197.49727451367045
830,2024-11-04 18:22:39+00:00,241.3110467140374,243.32211634874176,237.84428711986527,234.76547293133814,238.6726577180919,239.73578278281943,230.02986910232744,237.56342108564394,239.4693149009381,238.20236313436945,232.17084290263824,227.16835156559551,217.79612907966305,204.30148515908255,207.584100053369,207.52579255683204,197.3504078160675,187.75621001000115,202.1400109316992,194.52930785877615,191.7117126722101,189.96483017122162,197.52885929934564,190.64006648198512,190.55000321215715,178.92996106722654,188.7175272219146,186.08645429742955,192.6106915224819,197.94308929280243,193.88334032784235,186.3012985991478,179.17345515006213,184.47991304196475,180.17714057485347,186.12958385688918,183.02992329497653,189.54681294910142,176.62555701291595,179.9157549066277,183.28408129796884,170.30812836808272,167.30694111276745,173.3203315111454,168.76920695437144,169.59903493202586,170.0071325844622,191.1899177934082,179.49044547017573,183.2304096691241,181.83983935849884,181.27148989476683,189.412217769853,196.4845286661254,199.22419033330277,195.4996770473753,193.34936987379274,188.76877834876024,175.01321174635507,173.39040161310527,182.65685128994144,180.08559858119898,194.98975711140938,190.33261572207107,198.47612302466393,192.20992539504104,182.1095441288594,172.31982433629963,178.23239399975668,189.82304066603814,198.88491466520676,182.96054873664724,182.08722736134231,192.6091790221213,197.29871670119024,203.55901243829453,201.47094582222357,211.576647063506,204.12967223112264,199.5291416130828,199.51033889774723,209.57257169593836,209.24283551239262,205.92091336577658,207.11292976303218,200.461480185049,208.94288027540125,213.0252902016177,201.67257248245642,211.11185153183314,207.9119143232265,215.86187681380738,204.6420390146744,202.7472013129733,208.34647743546165,197.40841488680206,198.98640185425245,199.44010715916764,203.95309410385568,201.03692525694944,191.51778785057695,193.6551676835605,190.93891826138452,186.20504342547207,196.46909700724328,190.80982725563456,198.82128217042452,205.28592619880064,200.91549861876024,208.44970340645867,205.7878151731973,196.31760419106507,189.1354506491574,190.30111462816973,194.21689739006018,187.91985702055538,167.04487055013408,168.58086006493073,182.61144721591478,179.4596251971218,158.65776940541815,162.180457762421,169.79995632334908,168.4181311258498,173.79159920148285,177.1997503694107,189.43677685552944,186.8149491553949,188.00816423087312,181.16987269317968,179.8836004129096,185.48927115789365,186.19864841208965,196.82718025579,199.65956900102339,200.76642216904867,205.68963545342015,207.52619684546977,206.85577714389723,206.16100578222623,207.2368411857605,210.41782665196473,199.80978111281556,194.3953082746424,195.35783942509232,205.17528518443004,210.7675341601892,216.1891911868936,218.4264599886598,216.57370073297625,221.37631991677853,208.22263100801212,202.535728153994
831,2024-11-11 18:28:45+00:00,,,,,,,,,,,,,,,,,,,,,,,,,,,,,,,,,,,,,,,,,,,,,,,,,,,,,,,,,,,,,,,,,,,,,,,,,,,,,,,,,,,,,,,,,,,,,,,,,,,,,,,,,,,,,,,,,,,,179.1718219181297,172.58969802616588,172.4794111284308,182.97349554091556,181.8822880691074,173.40895608396818,170.34301441884108,172.49890047641574,181.91048259657939,187.25601658870585,194.18752074085793,199.28838284025852,195.47368518176546,204.04773734447284,202.9188718202719,198.17621757874454,199.7847903133736,199.6843052174558,205.7713796183856,215.6157507674712,217.92014215959955,218.52745194446234,226.72949593299313,221.5179178899027,218.04710294634614,220.49288549676209,226.86000461855542,218.46902987190876,212.19861823534586,212.9339894437272,224.39717156762546,233.04551191126927,235.69475070324043,244.95435736587837,246.771153710367,239.25628715467437,228.8336490979133,218.6999185351898
832,2024-11-12 18:22:32+00:00,255.27931103290422,255.85841869273702,253.22590151591936,247.75946430497137,247.24277779294272,248.1046677712007,240.69676595402188,251.69697316867376,251.09178059697064,252.07337643546518,244.13013781445537,238.85234796698526,228.93326617648347,220.56429102868142,215.67445758197647,217.31602563593304,211.39425270193442,206.16503485801832,213.01371799100866,210.0866572374061,201.1185118110601,205.71364206951503,212.917093560295,210.73864512394402,208.50127983963338,196.7918629338603,195.77651423494234,205.45663967518152,210.84185834063737,233.4483083264016,220.3630730807761,204.68436772107106,203.62846871325726,206.4742608870758,201.62509145125762,198.94344666425707,199.88958518361903,200.80052607111372,197.3886576472157,189.8180638023822,196.01135958217998,175.24473180614189,182.3257728359643,184.6091144959234,187.01578007085163,185.9764763989574,185.53436815742035,197.65387858441534,200.79151578816766,201.01661931824054,191.81446474491253,188.6511855880951,203.8165271353584,206.16776129830362,206.77955915030304,205.4841830416676,205.1694809459944,199.43194979113323,193.40353356414317,188.0728197188161,196.65003869985208,199.0315382668668,206.23420259675387,198.27043202962926,207.6403669047948,191.34367514395075,196.1987424785516,186.18156944150337,183.12082787537048,206.84565651493682,210.3013363986916,205.1858037291776,202.36894209104133,215.24172187410045,212.70246226339782,221.17341854428,222.82253223072888,222.78373337287343,227.78408789904753,218.58472474683083,210.4052611999994,216.12559339877134,223.31270532454863,223.0423970516262,220.8204932913128,216.194995537313,216.13416538454186,227.7653874883397,223.11025062919438,229.77504259763293,233.13954560690303,228.55460650099826,231.19866274983087,218.552837964835,216.61292855753436,220.41457592555565,217.88668907473624,228.81406828598918,225.87605447927987,219.1188630717245,223.99065936973625,213.9853160294495,209.17388027798285,206.514148745199,214.47896743960305,221.07450849048033,224.83830827339742,,228.63495975872996,222.85952515976055,229.43506803041376,214.61110952917375,202.97138020180034,192.223926038786,191.85162011547436,182.88944632335895,174.74577776695799,170.6749297272023,181.97465375255868,180.34194550462047,168.1885914833924,166.67335943426804,170.5063553078279,179.47607853345633,181.8697283924177,190.770214804473,195.20594947545192,193.37139557766153,198.23447557909557,200.9492240494476,200.99555961205294,199.09189534241722,199.08692470124961,203.30385304264138,211.25710157371043,215.967892163682,221.2938921593456,227.04605433049937,221.80377844763896,215.5063869049373,217.93587463807955,219.8287942448477,218.66993191163982,211.2764919866221,212.595412760623,222.78982432278502,228.84995268510505,234.9027522545167,244.1181342874119,246.0404441682295,237.85643983053126,228.29106291811607,216.87703450721506
833,2024-11-19 18:28:49+00:00,,,,,,,,,,,,,,,,,,,,,,,,,,,,,,,,,,,,,,,,,,,,,,,,,,,,,,,,,,,,,,,,,,,,,,,,,,,,,,,,,,,,,,,,,,,,,,,,,,,,,,,,,,,,,,,,,,,,,,,,,,,,,,,,,,,,,,,187.62242352240372,192.76239880510855,194.99310798113527,205.96323253153852,195.36078042512756,189.94056032346987,198.6904877129955,198.00882577036356,189.92863338972202,182.8861678895775,188.19197452597422,198.2807126257788,212.83824687852874,215.9720227036328,217.88872632545542,218.41735943005915,214.35236775598707,200.4513425476879,194.64132720812682
834,2024-11-20 18:22:45+00:00,248.59113963557914,245.72416064496957,241.18779851877818,240.03731697194587,240.31777774868803,241.02214777899144,238.93709138734874,242.90913897115092,247.30225214795325,245.58870101172647,242.5583323843524,230.6652061226577,220.60030500427808,209.01079401846363,209.32057700992743,208.39069099212358,200.95677797062433,194.30147901349258,212.2369035010678,200.4176709484843,194.70100284326136,197.17080467135722,201.79003721666675,198.75069357854412,198.62962928348358,188.1322201478211,185.21725353655683,188.3206309750339,193.0782956106513,210.14037232143667,200.3660530323343,187.16443741456857,181.25713772417166,187.19586210506256,187.53842800668843,184.85293533357162,183.5817543989241,188.24323652309138,186.94953642392392,189.0692974274298,189.13559450648847,171.99674998096225,167.5014211754957,172.23434972395611,173.07854045876437,178.57455981659706,174.47685306661987,181.3552027890626,187.2085554728095,188.36975611828518,184.54206288533817,182.2928926598787,191.53006861956834,205.41872998615682,199.85720075615984,209.61622333920243,205.10667151689552,200.55035379669744,187.3273942987525,186.1211770472828,192.26522093786804,188.50338093358184,209.21777635500845,197.757709562076,204.1756394514851,193.04156292442792,195.96098878423538,178.2628528633479,189.68048476403487,194.27122617798972,203.14734632054842,194.2643831569123,189.2759348248053,203.84664616404257,199.01323302163416,212.2872394703356,209.55341484011433,211.14895143380272,208.86985481037286,198.14217232007292,202.59984612617316,209.4009975246875,214.43827228845328,213.7983566592231,212.66001751461738,212.2460823060229,215.92718645715084,224.6252921463339,211.8652888721486,216.2185271458252,213.50426475241844,217.8161793352599,212.89079703881947,216.28164564237764,216.05645003578493,202.08272654160018,214.0151429743986,211.08525865066377,203.10183968170202,207.2892313156378,211.68832836354468,202.85664977270153,203.52861854371366,195.8159803038319,194.28647351608865,199.83210490275377,205.9907200763186,208.9254714804969,205.64114760654127,210.70293333526325,220.656747148031,202.95764257618623,190.20454975553065,192.63328059912422,190.01204237935795,182.48237770983604,168.37642776183776,169.61076025277862,183.43344626379223,184.9632274015795,170.07969382853037,157.75825856819273,154.57127201262102,166.46770099791482,171.98013604638288,180.57330763927752,184.71315134289426,177.5117106354924,184.32270166192478,185.940032989079,186.19151532426613,184.83364806128264,181.66947993650422,194.73079453674484,204.03224315071336,206.15251914533712,204.76916429794693,212.35413100238281,207.7764704939775,199.96986783092882,206.81125258874877,209.93239477220231,201.90169495395196,194.75099582357296,200.2575825404936,210.92477585028058,223.60507825751753,227.0696499106166,226.27065821963447,228.41007270765988,223.32772321381896,211.09451729843732,201.82949452510726
835,2024-12-05 18:28:51+00:00,,,,,,,,,,,,,,,,,,,,,,,,,,,,,,,,,,,,,,,,,,,,,,,,,,,,,,,,,,,,,,,,,,,,,,,,,,,,,,,,,,,,,,,,,,,,,,,,,,,,,,,,,,,,,,,,,,,,,,,,,,,,,,,,,,,,,,,,,,,,,,,,,,,,,254.31353828782548,,,,
836,2024-12-13 18:28:51+00:00,,,,,,,,,,,,,,,,,,,,,,,,,,,,,,,,,,,,,,,,,,,,,,,,,,,,,,,,,,,,,,,,,,,,,,,,,,,,,,,,,,,,,,,,,,,,,,,,,,,,,,,,,,,,,,,,,,,,,,,,,,,,,,,,,191.63946207823525,193.91569708983684,188.4534755011898,186.7942435323001,,,,205.475506693542,215.91159822233453,219.11677364330984,215.65078567974393,210.99430177066174,,,,,,244.12365877319715,,,,,,,
837,2024-12-14 18:22:33+00:00,235.9567430444653,235.30651156617375,233.64937841381726,232.7597460518239,229.9628308655336,230.07525776560212,226.5680195476216,237.05105761066082,235.47267794749223,232.0806864769469,228.86028023381755,220.77257855668176,209.8990547880847,199.4333572833896,197.23161406121628,197.8907264513718,192.399041330045,186.72475382854492,199.67438225327595,189.8451820509053,180.2108134624753,185.77438840060523,190.39348242172457,186.79222321264015,185.60285202752078,176.01723977388554,179.5448297499879,179.11913157221977,180.50028811493752,203.80926305297328,186.28524277761232,179.6912448924458,178.18409699888917,178.13697954174233,180.37774678421562,179.7701466254116,174.33056160543947,180.65634722320084,171.49055052050898,175.05601800189947,179.99967499456028,163.27293720250216,162.47068192595208,164.4711274426316,164.7690096058413,166.18505020933048,159.37777310898045,169.86492487865797,177.38802500886743,177.09032803454312,170.87824621682483,177.94792784178438,184.8265866606655,198.61888615594222,190.63954290522815,190.85730398846465,195.33603298972247,186.18514266323632,176.80216756783494,174.25927387803722,185.8430848318355,179.34635468703328,192.6647260209254,,,,181.75886566447082,174.0951268295988,170.653322933016,184.3838805834514,191.79270963694324,181.69805178641053,180.36728935361225,191.54925406870885,196.99073353576193,195.3694790630947,198.33651424049103,199.06401835505085,201.34088131896573,191.28597213107747,196.4606515417359,201.7516680316766,208.5227644216542,208.75176782361905,205.3984742123559,199.53669235542094,197.2908886796178,214.38006181817872,200.93572995685759,207.77664086435655,211.08476696088707,217.01064489763127,205.36504397742897,203.75280888487953,207.723760605344,202.68949827174401,209.97914989821743,205.0472249481911,202.99808577248353,197.74402503909275,197.15362602628363,199.34462652129918,194.61860376117613,181.899957986965,183.37174931385965,192.30055102863776,200.35463360501225,205.4791017702427,204.35142601413756,209.46731199956116,206.561542444277,194.45536707974395,185.74491227070496,,,,,,,,,,,,,,,,,,,,,,,,,,,,206.482339966567,203.8264193944733,200.96649710624231,198.7509631760341,201.1321266647389,211.76734357607376,221.2746527253192,,,,,,
838,2025-01-06 18:28:48+00:00,,,,,,,,,,,,,,,,,,,,,,,,,,,,,,,,,,,,,,,,,,,,,,,,,,,,,,,,,,,,,,,,,,,,,,,,,,,,,,,,,,,,,,,,,,,,,,,,,,,,,,,,,,,,,,,,,,,,,,,,,,,,,,,,,,,,,,,214.41116485173382,219.81182706489713,222.5304731260078,229.10598355854341,223.97979463753862,219.05902945508373,225.31385818207286,221.68957909372494,220.69991514306517,214.26126437381046,211.94498831013857,219.17247804973374,229.28327657389065,228.05999522371718,232.65015485432383,242.93686240807716,235.96697507375148,228.59233735944102,221.50188371787598
839,2025-01-14 18:28:54+00:00,,,,,,,,,,,,,,,,,,,,,,,,,,,,,,,,,,,,,,,,,,,,,,,,,,,,,,,,,,,,,,,,,,,,,,,,,,,,,,,,,,,,,,,,,,,,,,,,,,,,,,,,,,,,,,,,,,,,,,,,,,,,,,,,,,,,,,,,,,,,,,,,,202.93021457587855,213.89877854594326,221.45900954026143,220.65577974080375,227.43855608118577,230.97277664171156,230.2521620884649,218.68310750839817,208.22979689660193
840,2025-01-15 18:22:38+00:00,245.70803980862593,242.19770735331207,245.735834991961,235.9894678521802,243.24633386981495,236.24455530007305,238.0052054649862,242.66435743513892,246.68070233410427,241.07360662288963,239.0198049281512,227.13016029948022,218.63961217602383,205.16362684159554,200.3981943011517,201.53195896665986,201.55117802863802,191.0381740637259,208.4195598520824,189.18429594695982,189.77620189364347,187.74289739376832,200.10412492134543,192.71254085292375,194.80774368911528,184.2942001358986,187.79594855774593,184.19181128490638,186.79329341556132,194.95121673850437,200.7941608479489,192.09818594839106,182.31367521463267,187.35848230547225,193.34939858214955,181.81494719454054,178.44067964587794,187.13818459284147,182.28795522004793,185.55082904354043,190.9043556272285,170.5600237250844,166.1831784232166,174.9914488282435,169.98826320257962,172.86918756062718,168.02609919021054,182.35799933134228,184.23377857252314,187.64192612696007,186.8924582171022,181.24404226888953,194.3673797066749,208.38132142861767,198.85582861701795,202.7235538635913,195.31636741230767,196.69628416042082,183.27456522416924,173.66101703248074,188.0260157349663,179.1739912049946,206.71730251090736,210.25340319164772,209.511132265108,196.95397534814103,194.13870392878425,180.0162495438497,184.52302475039326,191.57232999248308,196.92100064341827,187.03467312619034,184.81764681870686,199.19600678462228,199.00407390978407,206.6767320158595,199.70024045610847,204.181231122403,209.2506052861514,200.9995869030413,200.2035464278158,212.90881530644344,221.20200653911988,216.9349653066401,209.78437452202434,208.72597993839062,209.18662646833377,216.28942888183107,213.4098265510144,214.94538619426143,206.06929192938483,217.67425282997118,209.95423976187487,219.1563887051136,210.43179225474586,200.8347506161569,210.5937922665708,200.550105396253,202.33063237490353,196.51045482037244,205.65786124536436,198.33378882388737,195.44189184437568,185.30477482578948,194.72415410993446,195.05047431919243,198.54216961304812,205.66457369636083,202.41275569702424,208.800078747282,209.88338495090136,203.01123743056522,194.56946885843232,193.07669457269492,185.0258994021907,175.03124128933325,164.6357754026584,168.142016018581,185.77353726127814,182.04260564161706,168.18531498765827,164.79884616907037,164.79045858436248,167.57572871564423,173.67542312613043,180.4791799378352,180.6541280384226,180.33154621944692,190.59970080158223,195.79043837842738,192.60689286199815,187.7741646863078,182.86207083458694,194.40329595926062,206.00017831685437,212.0901788132079,206.62981055313196,214.6995197846212,213.05729405189257,206.6074214371508,207.56421099552887,214.5175539517611,205.05364661757847,198.21735842159723,199.52167279790143,210.82396313063606,217.38758191098663,220.99831378946703,219.5415212563295,224.77145841489445,225.14331939189114,215.33032619747485,208.03422727128984
841,2025-01-22 18:28:43+00:00,,,,,,,,,,,,,,,,,,,,,,,,,,,,,,,,,,,,,,,,,,,,,,,,,,,,,,,,,,,,,,,,,,,,,,,,,,,,,,,,,,,,,,,,,,,,,,,,,,,,,,,,,,,,,,,,,,,,,,,,,,,171.46243418160955,176.88109531907193,179.80847361965826,191.7420784329105,196.95801428371203,189.78855106279156,196.24176978290157,199.21878581986203,199.8604673957913,192.7563552201575,183.3372323761692,193.05873096174835,208.87831920116943,218.14393915988626,221.40632466880817,225.5190397410941,222.60782487708144,218.5643724481996,216.81648555206124,219.70438420234234,216.5356435671743,212.0145881229944,209.82647022887946,218.73332813034096,229.7690760879851,227.01716472003045,227.35799828573533,230.99022605197683,230.90045313016512,221.68897257949982,213.06556651087266
842,2025-01-23 18:22:44+00:00,270.3817049577243,272.00168440267305,267.84023993980935,264.35868018074416,260.3987249737264,257.2307824787848,251.6332714761856,252.41667673914753,254.6084107893915,249.09400802663296,246.8329609118266,242.39777442289792,233.89826876736777,223.74576804168302,220.64335039660267,218.64606297759923,215.82429470269156,214.23486934481895,222.0036914295749,213.61453502786864,203.49375394742268,210.50499493315442,223.93149564544194,220.92852605623216,218.02148190056286,205.80094628030753,207.39839328298902,203.4939896852388,213.60720021817724,245.81930994759801,234.96500842414443,215.1855915596868,212.9757296830739,209.38879934704704,213.74693018773337,204.5268629420963,199.08814527725798,204.22907043340535,199.14325897335888,197.45845054999754,196.84397579147594,179.83693004319628,175.5316725875179,178.88081389561472,180.48945980733905,186.06354003006354,183.01050677690364,195.6567697274902,199.74923033191806,210.73544190514366,202.7974580300174,202.8664574055375,214.87161265022996,215.44345702975446,215.4475122262146,216.52141899449913,212.91863244863606,212.1887681595511,199.088110470282,200.09731056905642,200.19450218431876,198.70105445666735,209.27994318535156,210.613053820698,207.38891273731747,200.84904010431555,204.64549258839708,198.22222226267021,192.17177668319098,206.7152411474696,212.2953362482972,202.1377375233956,208.880791969837,217.48306434332432,220.075331896891,224.11867409517578,223.40094084503053,221.81617513726374,228.7985493916187,225.8964032435518,219.05561767304,220.84635310480093,237.56480542441872,232.97323405956178,228.5100158468981,214.53657060019952,215.5756898315438,216.43294639693994,228.01999255499354,237.85776187200105,237.46426580576536,243.33125967332336,235.98128982298905,229.49162743490695,220.60533821283343,224.9927897768264,225.00046752665554,233.31261585859602,230.06232188085593,227.07522135911893,232.8757732298909,224.3524674545498,210.37011473913145,209.35480856875742,213.3532864746931,231.71893757407778,,282.137969116843,241.08791345657744,233.47307297666833,232.31456987155264,216.41181745689565,209.72201413944276,218.89511919503548,221.1224229993698,209.0187347489272,186.5141957613036,186.03207170423258,204.38685477106657,202.34966136285493,192.35214951773665,188.94150341006406,183.44995790312612,189.8788250962793,191.7275499390902,201.01295193329457,204.84714209639264,203.6333300207482,211.03550684686468,209.62441165682813,208.8728703539313,200.3143618749495,197.2884779666821,201.34709387814996,220.8542429885,228.39445428414191,235.55409332721592,234.7556877110843,233.67360367677136,226.92159482214382,225.97399816251044,226.7965087693111,223.50237427473596,218.74393870572752,218.5409661751885,225.55511187495256,234.61379372297677,234.20561254341362,236.0756455529714,238.0583365832469,238.77287020805727,230.6402509230489,223.08840802028348
843,2025-01-30 18:28:49+00:00,,,,,,,,,,,,,,,,,,,,,,,,,,,,,,,,,,,,,,,,,,,,,,,,,,,,,,,,,,,,,,,,,,,,,,,,,,,,,,,,,,,,,,,,,,,,,,,,,,,,,,,,,,,,,,,,,,,,,,,,,,,,,,,,184.40263687554156,192.59336066170073,194.58704845980236,190.84546172631133,191.35443999438206,181.1851856645007,189.69271554032724,208.74151697566793,213.80759855287698,210.8328614783892,223.50142456899596,219.5438761068774,213.8447494740704,209.2387294816417,216.84382203962463,208.76407285643955,195.25468534460225,206.48300034396195,211.69546098280333,224.36998816622093,222.18992521478327,218.73768971201184,226.84074649557476,226.1314607745767,219.95017664616063,208.3687147723516
844,2025-02-08 18:22:41+00:00,264.63942161197673,261.7999557411206,257.7230296140307,254.17453454993807,251.8876041126841,251.7572153727541,243.669321995476,248.78644582997578,248.25359778952387,248.88862220150662,243.26108376881848,237.65267610061545,229.23817046134013,219.6768019276405,216.62413808947542,216.60874613894939,208.84738000039056,205.2291975146081,214.64772165543502,207.38133085352968,197.43705007237295,202.97769033721943,214.91797401880615,210.0125251493939,209.48941829984605,196.8157648935151,194.67623092833657,197.45649642001405,202.7805384023335,232.35423364403934,222.1012465478158,210.6368425702451,207.96721032460687,207.48413413013867,209.06385688591382,201.74176987258835,194.40782810122653,194.00474411723192,192.51315797906506,190.40017600854665,195.27110756886722,175.82559268003308,174.42621878887493,173.2491641794597,181.53624686898962,178.66099958844288,181.75019948569224,184.92415160664734,196.33844012740533,197.77339578742777,195.06055332001694,197.93373031111656,208.69587339135757,211.3945095651286,215.14461874001356,211.19303027783286,211.75840718072627,207.5054151299719,200.6716156997462,196.14240011458958,197.3830798821403,195.64486938896937,204.65889691731982,198.44142647714864,205.85525769212518,195.16632331939536,200.80150512385657,192.09927998663431,186.20254681866024,203.0395517572345,206.78451074330656,202.27069895335882,201.30007298596863,211.11611296628698,214.7275162407637,212.77575009321615,209.72081422337578,212.00322831547322,224.04124166865188,216.5265527661626,217.91543182950488,221.0183765694398,228.92659789760438,227.11415778335595,220.8972834230405,211.29544411275566,210.53576804503268,214.93973577507273,220.77705269038452,235.08393880725177,234.07812700709323,229.62732062164804,232.7617259333686,229.6411258758876,215.83526244166978,221.12108236366345,218.86328289165763,224.80369548672326,228.92539359921125,222.4168326296201,223.25972588363837,221.4836954166604,207.22319449168435,211.18458588364092,211.72183876809288,223.83688875532516,229.7810076962953,267.3055632975274,229.71787024702132,223.1998355638724,226.71862658645165,211.76848807847603,203.3644027233778,196.64878753687492,200.59922152895354,197.53385252779375,179.74072112402598,178.4173251923424,187.93741156965524,191.84857516472675,184.739967053001,174.4398524988567,179.41193056453818,181.49223030661403,182.6194316219653,194.46636009939667,192.7968392935995,192.73930458647953,197.29887957899993,202.00200761592254,193.9897029477272,190.53309216297606,189.93548111806263,195.31002754678252,207.96675494201838,217.4837319775483,221.33060969187187,231.08682396951417,224.07692159903863,220.1000438874502,218.88727115224268,220.55550751414378,217.99110522711823,212.2361928537811,214.47441817669105,221.77419082844756,225.06574660294484,230.74725902516798,227.96885233004102,231.0904049992471,232.40520005452433,227.3540249900279,217.20383071824477
845,2025-02-23 18:28:37+00:00,,,,,,,,,,,,,,,,,,,,,,,,,,,,,,,,,,,,,,,,,,,,,,,,,,,,,,,,,,,,,,,,,,,,,,,,,,,,,,,,,,,,,,,,,,,,,,,,,,,,,,,,,,,,,,,,,,,,,,,,,,,,,,,,,,,,,,208.2430009471311,219.63050215893648,231.12012025322275,235.87535907625175,240.93401900337182,236.57897728034126,226.21971013582134,226.33418958251832,227.59520515990454,224.3348267814548,218.79956202855348,226.68004011606294,229.9536077827198,238.68869508741287,237.41699122535738,241.88507489404435,244.63052204493542,242.57705027892226,232.00315101370882,222.80218925803317
846,2025-02-24 18:22:39+00:00,266.80690848266124,267.36075978615946,265.33682353967225,260.91830148828376,254.23766515763035,251.54325316869333,244.67125866524253,250.7146573429258,250.804627279236,249.96621631436454,241.12712383357996,235.82494690362492,230.10811174036655,221.97944775315645,217.0935020631154,215.17406650465867,208.5120083624654,206.0920276163246,211.07707071922422,211.33434275707344,197.9262180983788,200.11531758094097,214.72592886254833,214.15473562331835,207.80342437236828,198.4223055192763,195.12137694294915,199.5670791877169,203.7141114986785,232.7623917416893,223.78819192147978,211.79855368291422,207.216595222455,207.89070791643934,210.73695097531782,199.27600263907644,196.37813733048796,196.55234116376812,196.04785054593194,190.9969421616234,199.18217528047302,176.4332687274141,175.7890601449431,173.51160679452485,177.6762240479839,179.6349783098148,174.15842203928153,184.80483413877585,202.0376548482344,200.32021206215722,204.04734358065411,199.52271129136884,212.87214105807465,209.55754283657106,215.46044692279895,209.61666029716022,209.8155729854321,210.53462413432482,199.7932571451725,,,,,,,,,,,,,,201.25586746835577,211.13731471778732,219.25024088579053,217.82852112683057,210.74467519701528,214.80693263289987,227.162077765206,230.86485718349303,220.0650234600841,221.55664001582286,233.91360369870017,228.12773540949172,220.27485940626107,208.60677514050428,213.3228631681246,215.03231493243985,227.6708367201727,233.64001786283808,235.7190740867773,227.62397885613245,235.63570529838123,227.73438291525633,215.68896988747275,221.55457820277675,219.40519979444238,230.8510365298754,227.55321139800958,221.15408318984475,227.92467101309862,219.80464759931397,209.82534716267799,204.29396791253487,208.67875524724553,222.5699150228014,231.12635520970875,270.42829369560116,234.04841024974883,232.87522432156123,231.92231733378367,214.8074264396874,209.20789445620107,220.35501102247238,219.93243035146966,199.06105155742281,174.4917206132058,179.10790780603486,196.19150109200092,200.92527184620306,188.18331876994796,182.90655917400292,179.21593374786525,182.39834050393858,182.10764945351178,193.7475738217596,198.0695473036609,195.59058788735933,199.21901674161836,206.69221901109,202.38731059850946,194.89322129054443,191.27145497828673,192.97610171953062,211.66477445228898,223.89187859391131,228.29523843680954,234.31064098657038,228.30523066883993,222.12081690591927,221.91063183378648,220.57493758101663,218.43357245914504,213.13313325141883,214.71028731363364,222.9556397424049,230.95961265705427,227.5855751937695,230.03063268677204,232.99978292243054,237.22725750223196,224.39793493473047,214.2731200087266
847,2025-03-03 18:28:48+00:00,,,,,,,,,,,,,,,,,,,,,,,,,,,,,,,,,,,,,,,,,,,,,,,,,,,,,,,,,,,,,,,,,,,,,,,,,,,,,,,,,,,,,,,,,,,,,,,,,,,,,,,,,,,,,,,,,,,,,,,,,,,,,,,,,,,,,,,,,,,,,,,,,,,,,,,,,
848,2025-03-04 18:22:24+00:00,259.9227105466257,260.39351436759375,253.3977240481164,247.6080303945261,243.25813745234387,240.4355965287011,239.24281618292957,242.33882763769816,242.11545782011046,244.37530639449218,239.3210377264512,231.99617841254673,224.00873166534683,215.64101236972448,208.3205873199766,206.26585056383487,202.66261968450806,199.82913684207097,213.95711396492658,200.2637350762972,193.9329795668049,193.3669379316928,206.80554196421826,205.89680164022934,203.9606770996,192.54195971145035,191.65608343374203,194.93969608115867,198.46724018181467,231.29144901266136,220.3975330016001,203.35931177194357,197.09611547965892,198.5774477721577,199.58217879299198,194.6843560745438,187.0859574845754,197.3253956682483,185.1558638543699,188.84417999985206,193.24976253551696,171.53597476773444,170.40985100310257,168.96815688529233,171.07493939810757,172.4784926363446,169.71360137260154,184.03745200254946,200.3443444398505,196.7359540978746,195.982855572098,192.45459766415968,205.0220811395164,204.9922555094551,207.53933259053485,208.0896170325799,215.24296534973203,207.5957706051923,193.21802780238036,190.2204905459997,185.02507858018976,182.62175540940058,207.600533354979,200.7556484479452,206.92925158479608,195.79886516658476,200.23676785372948,182.295097345531,184.4285204289199,194.01555927030165,202.52757384128435,201.5066017887714,200.32423613011997,211.27898231965463,219.55111175485595,218.3422194688982,212.15675013508175,212.20881374872113,228.07152871730375,226.537438249018,218.9021186801482,220.05352251493386,230.18324825369945,220.91726290495973,213.6900695590597,209.96176718211126,209.5511606711339,214.9193128023764,222.02437617874324,222.7751027608889,229.609137119862,226.57580130318888,232.29041999650332,228.75894098622751,215.30306943816808,219.83909089532057,218.72429787910383,220.22705398756915,225.78857567587264,220.25310839780832,224.6604936623032,214.318143791333,205.4166026994106,196.8176004777676,202.91949347645408,219.59285194386848,227.7436167841268,256.014879530244,227.59444927266463,230.42770042017125,230.0705401164191,214.0079447971158,214.4903861631018,207.5400481211035,200.52116530401514,185.75408664849692,172.6102358858119,172.48662015631334,184.98453294894614,185.6066738971985,176.2542604946363,175.36169460002128,167.11814570943469,170.63419301999093,169.46078769085864,180.92982809481018,181.79431629426867,186.26854606846686,194.0071514044664,199.3287727291801,192.75357163241324,182.31350142902494,178.8471073278231,186.07837879043706,206.12058551968659,212.3621919082381,218.8626736721598,219.84974307464523,218.7554768952948,215.8699495479367,212.9786190399745,209.62728189507973,209.91623525829112,200.32344558657257,214.73928436405043,213.48412442603694,214.53836705823483,217.35583267901052,221.80350563330438,221.8019331403649,222.2321782741953,216.30282909150804,208.99163118292427
849,2025-03-19 18:28:37+00:00,,,,,,,,,,,,,,,,,,,,,,,,,,,,,,,,,,,,,,,,,,,,,,,,,,,,,,,,,,,,,,,,,,,,,,,,,,,,,,,,,,,,,,,,,,,,,,,,,,,,,,,,,,,,,,,,,,,,,,,,,,,,,,,196.89334392829596,186.96880529353524,192.78699939935996,202.76207508697317,199.60883688761857,186.3530345290829,184.4159434258896,200.0764422418467,213.77377919737177,220.0512847338771,228.46271633561867,231.6153785965262,221.4767521459711,217.9770072872512,213.39540505340818,217.45281864084734,219.13225632432193,201.97027824456194,209.57437528663166,215.11555353634475,223.31178709592012,221.20326753118144,231.53415056190155,228.8624561689026,230.27766673176689,214.22447127906554,206.36993128830449
850,2025-03-20 18:22:13+00:00,265.59293921269557,260.0849424106507,253.36910255902143,250.4601105496999,250.80017194837137,247.28412518366946,241.47184945360164,248.11156831957916,245.80635323918057,251.3132665575718,245.46613160448902,238.77946172615165,226.29455562177583,213.27762024902364,210.27983765156415,215.20337669984798,211.86217430616992,204.05938421836643,219.47660735237716,211.07879816676353,203.34039497317963,206.53371288871088,220.83773320327668,217.93250808361861,211.3523453459806,200.87003140215793,194.84717280737635,202.90771325084057,204.30326781542723,234.95205775353114,226.20139862817487,212.20989158424265,206.9378756493204,210.27858151580983,210.59410262021703,202.39003015730293,192.91717612872873,206.50838619579463,198.3971987272664,194.87269034676405,198.1233725364563,183.90426149924434,184.10513808390021,183.50422816702758,184.2034362694163,182.17911101793976,183.59186147264,197.38133164612995,215.7165234947883,213.34878662489032,206.54949474176817,207.7456700938337,218.74082475486304,217.9434607542853,219.87445751512809,210.36141986988883,217.22731675001566,213.92384079558127,197.66153216228366,189.1811777254389,191.17575763794184,188.0480119192099,211.50023400788118,205.03208408375883,210.41181708822884,204.10529338661945,207.1137074830924,191.89710982078347,187.06808545742493,206.29085464986622,208.68130301439987,201.8850977434935,204.0638479508446,211.28131307084908,220.53914245607365,221.26896583410428,215.1301519337032,220.55800153828625,234.17621093790223,235.59357630776321,229.81876490752643,227.33754981893821,234.5822415434386,231.49784335377592,224.15518166237678,208.91842136422065,213.15231696669082,215.93292652878876,227.2361869054407,234.6529365666387,238.20242266069997,246.15600904099142,237.3497675545729,227.51291045197823,214.29228711718397,221.169328599166,219.41422854333888,232.4963724258168,228.8712633756202,224.7345314385386,230.12157958339577,223.82810836175105,209.4445416951143,207.24990489199791,208.38107446091277,225.95595513925576,237.29109599222983,274.15927676302385,240.1121720824438,236.09313920272712,240.08648230131962,219.22434400017,224.6634938988521,223.25610377327996,223.10012068588742,211.74736948877913,180.70560548893732,177.9765736856858,189.49807511296518,190.2140733643005,185.57306798284912,183.77047080064153,176.99608792259917,172.81630882173602,182.2004806930021,190.5673802680452,196.7047193605129,194.35140224565333,199.71406405084312,203.79549681626958,193.98329698676787,192.77102324680976,194.08089774632424,206.25857300189625,219.99448706033263,222.75448221459726,233.1873084447358,239.8723926769303,223.45709809256863,232.37854825317024,228.29177471041874,224.71049619680628,221.00615512521148,209.71600557746837,224.08886229619935,218.22361320957594,226.91858147255863,224.2236274105872,235.48918620402137,233.23829362786827,235.1728044870035,216.03851190394485,212.51499676946264
851,2025-03-27 18:28:22+00:00,,,,,,,,,,,,,,,,,,,,,,,,,,,,,,,,,,,,,,,,,,,,,,,,,,,,,,,,,,,,,,,,,,,,,,,,,,,,,,,,,,,,,,,,,,,,,,,,,,,,,,,,,,,,,,,,,,,,,,,,,,,,,,,,,,179.52141224035725,172.59649116693967,166.48795221099067,154.22784321873775,167.86000137739376,,,,,227.6040542369836,,,,,,,,,,,,,,
852,2025-03-28 18:22:24+00:00,252.38644720144424,251.18042942409713,246.32909710022795,235.9082532144676,235.74112343554881,237.77691878017023,235.16544411252323,241.4732683543614,241.45893769997625,239.9445068682595,237.75761682718678,229.82557380454116,222.05794500119154,207.9031488809617,208.02548755355406,204.30666517975396,201.00184978908322,195.95386666755084,201.67054046754475,191.49135180429465,180.20380773305993,186.58589835467777,195.34260245833755,197.6052728368726,195.3216888259616,186.54364941158647,189.79210776806715,188.12980608463488,190.53469575560695,196.74184942482242,209.9776115639017,188.90709952140566,192.71950707365824,187.72640507810712,192.11775353140035,182.25605307076756,183.67615702375122,189.77539911135716,183.91464105232683,176.52785742653066,184.51988340513998,169.41796955127745,165.16255968425057,168.06643437177885,171.13007157861983,170.62826156961273,164.05032293036444,175.846607967078,193.62169513081713,194.63179150141278,190.03605764834114,192.88152182342333,198.66597679884273,197.02838044124172,192.81705915027314,191.29650374505968,195.100070182178,187.26195775306545,179.49086943104498,178.93890206149007,175.71387988445815,169.42701135058482,193.90064639606663,192.66788731085427,201.3741614309654,191.50609069346112,193.61251274778814,179.55150845918058,175.7809142199464,189.18432670445435,187.4985420382119,180.8696712929756,178.0562257734319,204.38494126052848,205.63580697610428,204.78729014850586,200.66782847972902,200.53053489591332,221.54793186766713,215.33634249854038,208.0700956154855,214.40675221371586,220.72864170098038,210.5040931397719,201.1657555913136,195.5858896460953,200.23551282756836,200.94522126941837,204.4003646864545,214.68054730251046,215.235058359436,217.59108681121637,221.76368769612972,210.47150788456688,196.58837908387903,212.1179408406589,212.50769515482978,210.79301477508588,221.10785659590834,215.54767327276986,202.9527222592575,201.93847141077364,190.9139617863797,188.76921412576596,183.58172211538897,194.40689414141877,214.31294389241523,,208.0264045517095,215.71756225003614,223.4328761294251,208.9793097532286,198.657871858803,199.2666387581109,202.53556861025584,185.50904605592217,169.01956543250202,171.01882906541005,181.79932780432745,181.37681043828763,169.2616830340159,153.87003199375056,161.84833419792366,162.8658172199124,165.47711246304675,178.0232585587841,184.0111919200206,180.67290037950758,182.810224304149,191.71931166335244,181.2207377811546,179.2992214359892,172.12700634993377,184.31175449777874,197.42262509746377,201.2226884435541,212.28785107362134,221.28257181243856,208.23467083210335,204.4151154122507,206.69053933697367,209.82654634294414,204.92791035368816,199.6197279942077,201.96139436168033,205.70115615494012,210.89753856871246,210.25892394410812,222.92558412549943,221.1577416785825,215.4740430430392,200.79544931053692,195.8174026371189
853,2025-04-04 18:28:33+00:00,,,,,,,,,,,,,,,,,,,,,,,,,,,,,,,,,,,,,,,,,,,,,,,,,,,,,,,,,,,,,,,,,,,,,,,,,,,,,,,,,,,,,,,,,,,,,,,,,,,,,,,,,,,,,,,,,,,,,,,,,,,,,,,,,,,,,,,,,,,,,,227.87792489462305,221.04445272785634,216.59885632877416,216.58193199925202,220.63917737923651,228.57682948159106,236.05350755448558,240.61158375429403,235.38197272499718,235.37745661867683,224.10793295966522,223.0510130935674
854,2025-04-05 18:22:11+00:00,278.4231202826679,274.27452342419843,266.4990698929661,263.40287512886334,256.5729124492477,256.05522650310724,250.24046480739796,255.44212700869173,258.2847527731176,256.66536786282165,250.42032719446365,241.03829999848782,237.2102865604148,226.68849797583977,219.2305801699095,220.12685683481178,223.31309217924814,222.0656765791316,229.1204550304647,219.10531244747608,210.29206466309512,233.98295011094473,235.2377208185119,229.14149068136607,222.62433946858815,215.4985708074478,212.04738249439905,220.7481495943278,235.60820886064863,249.4919089944219,241.3436400609264,223.26292985749836,219.99852156966938,212.68063821990086,219.28125505179867,208.08974918314195,203.7311805829119,207.16543601994942,210.4011294214444,208.0853345988645,207.2322829658669,188.3008972607647,189.8343707351804,194.49467769810667,196.58960988940242,191.60280178383596,193.86237336665357,202.59240687697027,232.1144420723282,229.5074889096247,213.1782461988095,216.48273028168984,223.9567984973953,220.52697140119767,225.2677894199012,221.68008105198606,223.7303234667707,221.3467988594489,206.39856955178362,199.54531734894823,197.5450480212692,199.09083077004095,210.73719622915712,213.57260960847967,211.76466567079493,220.27874014132982,222.33736239363378,210.7632204918674,206.383094797203,214.5428911891887,216.1649402355738,216.46705652262978,217.61229725011975,,,243.66668333459492,234.07957571109273,236.26074932564256,271.64158560676196,279.23657220907177,237.18575928206982,231.24110292066854,236.78412773394297,232.33264730646013,228.0355532071182,219.6216855755369,221.5626712508354,221.52159068868227,234.1911354013603,259.4317563128635,262.835910339645,275.00930972135313,261.05150466945406,243.78909921396672,227.06328459287042,240.77949208124681,254.2857940846618,259.83269930922654,259.16188155355206,255.83194330259678,,242.56806130852647,223.42020260652924,223.08813336338318,234.69720875881626,255.12916649319976,,311.2713995488349,,261.4824342063117,262.35741771471464,228.82837071460017,235.00414432772044,229.80276114044818,235.16303691930761,216.3615517529643,203.10769565725616,203.77653610880668,210.85295996703204,209.2805596904896,201.1717626271008,198.47725567501027,189.11434934811956,191.91594645676255,191.51635316317584,203.4787469400651,208.08578047127497,204.32335307402025,209.42601382014323,211.79720351836076,210.36592651842324,205.8444875210501,207.51085853706,213.52849102474053,221.14970274674528,231.85704519352961,238.7897066213007,242.98818661804432,238.06083178068195,232.94890250916586,226.89016927681485,233.44754950981724,223.5648014362562,220.24330695587616,221.17838552982823,226.02923056744038,233.26033050475831,234.4720046936461,240.9818737392126,235.67097704375345,234.4835843285455,227.3051240782732,221.59021821615087
855,2025-04-12 18:28:18+00:00,,,,,,,,,,,,,,,,,,,,,,,,,,,,,,,,,,,,,,,,,,,,,,,,,,,,,,,,,,,,,,,,,,,,,,,,,,,,,,,,,,,,,,,,,,,,,,,,,,,,,,,,,,,,,,,,,,,,,,,,,,,,,,,,,,,,,,,,,,,,,,,,,,,,,,,,,
856,2025-04-21 18:21:59+00:00,269.19069391228334,263.9865945171807,259.89528561535184,263.3641539307007,254.83597368801117,254.61080123460803,247.53522426023284,250.60743036565202,252.45958895354622,252.62897159965718,246.94804031790184,237.64840297812168,228.73102495770758,219.77135853971714,214.07293039809034,217.57244075303447,215.2937872048261,213.89708950620343,219.49396810247077,212.22331447621013,204.32089637908888,214.2810698133154,225.99310747429513,219.26417085473452,212.7475165566734,208.3393255780192,205.10050227172152,209.49349292122074,214.54892858298012,232.81683678149835,229.53893338171326,212.1922370447631,215.14411428174114,209.13380967796496,211.35854615482742,204.01189792628745,202.30273914140884,204.3544347380446,204.9379532425515,197.41889473661,198.40040698815585,179.55234399073458,181.78095416001304,183.1183833722294,185.1453902857457,187.58816873020737,187.21551925383807,201.06555795172022,215.61109030000222,220.95533674084038,208.26898087609175,208.19217846715435,223.0661632965167,216.93936113980033,213.82866904464308,218.72243034577986,218.55960059170917,207.3147139952855,198.1257327683115,194.59767375303102,194.97083056807045,202.22008874720296,205.52383040292492,207.19832352565265,213.34899214816886,197.22787539087972,204.91894867727683,203.62164769676187,196.78509661496676,212.60605317314787,213.34837226319354,206.56716564878812,213.56904043237435,,,226.08138840801695,228.167208313462,227.5040636112014,250.35450774939937,250.76619807418604,236.53605108230158,230.5213376655064,233.44760983876358,228.00354512548563,220.44830668171394,214.8503449697006,216.75103499622966,215.31792782930535,230.08483574090417,246.1686258539023,248.5807300737593,253.3006016372873,242.05585634339525,236.03140753880982,221.16413774642996,226.4845612173838,237.76619103489406,239.22423050113673,232.82826048044484,241.23108257529904,,226.6992658792895,212.81323635103064,208.42041617057703,214.97296084376558,229.0187994171461,,293.43674366257557,,246.91647612925897,259.20915596277644,228.30039109191708,222.14102842285718,213.71241586325584,226.25391618616842,219.96963938725554,206.56766258422402,202.02514163958037,206.27927082030556,200.9437538977582,196.29289687327397,193.8559330639173,190.1979045957617,181.10811319657762,183.37570288296536,192.0951529245155,200.30810968476123,198.92997070673212,202.47917720165805,208.40817299802563,206.18391717678716,200.68360097869675,206.3679417725296,208.23412151461616,217.2947899799157,227.26995243689515,233.07551637622066,236.62227376555063,224.03493761424616,222.05902883725642,228.35317708790313,227.4728866335916,215.32040551096122,215.44258426512926,217.07604854442775,224.78164623126338,227.9967557223974,236.5946343625715,234.80543850253514,239.3674430841043,231.56248614248022,230.2756505858105,217.8928145756422
857,2025-04-28 18:28:09+00:00,,,,,,,,,,,,,,,,,,,,,,,,,,,,,,,,,,,,,,,,,,,,,,,,,,,,,,,,,,,,,,,,,,,,,,,,,,,,,,,,,,,,,,,,,,,,,,,,,,,,,,,,,,,,,,,,,,,,,,,,,,,,,,,,,,,,,,,,,,,,,,,,,,,,,,222.66342468317117,216.7060046995158,206.37550085209054,194.74072312883138
858,2025-04-29 18:22:17+00:00,247.79605627425133,249.63746742590723,244.36008088885387,238.7067194252565,235.13185463165416,234.47221479941464,232.54883894232424,241.69576191754138,238.602861015128,240.905050896479,232.8952300016585,227.07895621209906,215.3824481935303,204.28725189122923,198.41260686600998,199.63082522855026,195.52263716354855,193.90992811224558,202.15220518461186,196.4620001221209,189.41383840519944,187.1180871529467,194.48016628276744,194.3680980124285,188.22111486771303,182.8362769156991,181.01819820356624,185.46683740854866,193.4972850179131,199.00343045511295,195.18157922100147,184.05183223336076,190.8673416851256,184.85490115353645,187.48022849098572,189.11395120031935,182.70708148771132,187.74182255670252,183.8906300075574,183.76241404643304,183.17306234263197,163.61426221903477,161.2298717232749,172.06738918801807,168.60515552660456,173.03086339902268,168.58137791848497,186.45131916446883,199.61855004742768,193.7330189923735,186.4734286770715,187.4508312956704,202.30039392762308,201.48065344305286,197.70102608192366,194.9645551164208,194.23651323450457,186.06398346109316,177.2727877922461,168.92973640312877,171.87688132293167,,,,,,,,,191.4275433022983,189.59665200426576,191.89327539200588,181.44680502044451,205.84824918372811,204.23990419173307,206.65196827772394,208.44917042257114,209.07631380212314,224.70833296194343,211.2761970772913,208.15128111844513,212.96327092653922,213.0430294968907,212.67723255825769,208.82022699593745,202.34240055088068,201.99772286795726,206.78582174861808,199.5784496796865,216.16162308445942,225.59010232008785,221.1916683468787,210.64673218895192,206.49766806683283,200.01796087603805,199.77883248896654,215.0754915622788,216.8194756081425,215.73983074926738,216.40431660272094,206.0460213498372,195.79528520472672,194.4739581127344,186.15816550447374,186.00560362445674,203.34241583302253,205.81755545214784,,208.6016772752785,214.06359204383227,222.5591972405317,214.69081311926962,201.85509498379804,190.39832255280382,192.07563793216977,194.2335361373619,190.62443436337048,179.78497691074227,183.4256223817049,178.11209019431877,164.71197619430694,175.6169955811676,175.9935174954233,172.6317132135202,168.56779491676082,175.2091002540463,182.00609056918336,176.26865445728976,182.22369050040766,186.19231489480123,186.779662783776,183.48862136604885,185.0601910814351,188.87042409379967,194.6542098650325,202.56510344983758,212.64548766758784,223.23730079733096,208.10898226586716,204.94756548209088,212.8543334645566,211.04791940313578,196.43080737716593,193.00384487263813,201.34187305791346,209.1100000442416,212.53859336400166,219.05034918040263,220.07006498899884,222.20128468880517,216.57611271608977,208.15803205923453,201.6538813274733
