dates,nzd0546-0000,nzd0546-0001,nzd0546-0002,nzd0546-0003,nzd0546-0004,nzd0546-0005,nzd0546-0006,nzd0546-0007,nzd0546-0008,nzd0546-0009,nzd0546-0010,nzd0546-0011,nzd0546-0012,nzd0546-0013,nzd0546-0014,nzd0546-0015,nzd0546-0016,nzd0546-0017,nzd0546-0018,nzd0546-0019,nzd0546-0020,nzd0546-0021,nzd0546-0022,nzd0546-0023,nzd0546-0024,nzd0546-0025,nzd0546-0026,nzd0546-0027,nzd0546-0028,nzd0546-0029,nzd0546-0030,nzd0546-0031,nzd0546-0032,nzd0546-0033,nzd0546-0034,nzd0546-0035,nzd0546-0036,nzd0546-0037,nzd0546-0038,nzd0546-0039,nzd0546-0040,nzd0546-0041,nzd0546-0042,nzd0546-0043,nzd0546-0044,nzd0546-0045,nzd0546-0046,nzd0546-0047,nzd0546-0048,nzd0546-0049,nzd0546-0050,nzd0546-0051,nzd0546-0052,nzd0546-0053,nzd0546-0054,nzd0546-0055,nzd0546-0056,nzd0546-0057,nzd0546-0058,nzd0546-0059,nzd0546-0060,nzd0546-0061,nzd0546-0062,nzd0546-0063,nzd0546-0064,nzd0546-0065,nzd0546-0066,nzd0546-0067,nzd0546-0068,nzd0546-0069,nzd0546-0070,nzd0546-0071,nzd0546-0072,nzd0546-0073,nzd0546-0074,nzd0546-0075,nzd0546-0076,nzd0546-0077,nzd0546-0078,nzd0546-0079,nzd0546-0080,nzd0546-0081,nzd0546-0082,nzd0546-0083,nzd0546-0084,nzd0546-0085,nzd0546-0086,nzd0546-0087,nzd0546-0088,nzd0546-0089,nzd0546-0090,nzd0546-0091,nzd0546-0092,nzd0546-0093,nzd0546-0094,nzd0546-0095,nzd0546-0096,nzd0546-0097,nzd0546-0098,nzd0546-0099,nzd0546-0100,nzd0546-0101,nzd0546-0102,nzd0546-0103,nzd0546-0104,nzd0546-0105,nzd0546-0106,nzd0546-0107,nzd0546-0108,nzd0546-0109,nzd0546-0110,nzd0546-0111,nzd0546-0112,nzd0546-0113,nzd0546-0114,nzd0546-0115,nzd0546-0116,nzd0546-0117,nzd0546-0118,nzd0546-0119,nzd0546-0120,nzd0546-0121,nzd0546-0122,nzd0546-0123,nzd0546-0124,nzd0546-0125,nzd0546-0126,nzd0546-0127,nzd0546-0128,nzd0546-0129,nzd0546-0130,nzd0546-0131,nzd0546-0132,nzd0546-0133,nzd0546-0134,nzd0546-0135,nzd0546-0136,nzd0546-0137,nzd0546-0138,nzd0546-0139,nzd0546-0140,nzd0546-0141,nzd0546-0142,nzd0546-0143,nzd0546-0144,nzd0546-0145,nzd0546-0146,nzd0546-0147,nzd0546-0148,nzd0546-0149,nzd0546-0150,nzd0546-0151,nzd0546-0152,nzd0546-0153,nzd0546-0154,nzd0546-0155,nzd0546-0156,nzd0546-0157,nzd0546-0158,nzd0546-0159,nzd0546-0160,nzd0546-0161,nzd0546-0162,nzd0546-0163,nzd0546-0164,nzd0546-0165,nzd0546-0166,nzd0546-0167,nzd0546-0168,nzd0546-0169,nzd0546-0170,nzd0546-0171,nzd0546-0172,nzd0546-0173,nzd0546-0174,nzd0546-0175,nzd0546-0176,nzd0546-0177,nzd0546-0178,nzd0546-0179,nzd0546-0180,nzd0546-0181,nzd0546-0182,nzd0546-0183,nzd0546-0184,nzd0546-0185,nzd0546-0186,nzd0546-0187,nzd0546-0188,nzd0546-0189,nzd0546-0190,nzd0546-0191,nzd0546-0192,nzd0546-0193,nzd0546-0194,nzd0546-0195
1999-08-08 22:19:52+00:00,120.95441864893502,111.30532075060435,117.53911271887279,126.02719836091109,125.54634655923883,127.79071783200283,131.43227739252612,121.07892729491175,103.30389237678753,87.20485992437895,83.20884946087313,75.73110588453514,70.83584302134346,70.86121908465499,99.20534834606403,109.7346681116338,128.91741862704797,131.83523272945877,134.80165631982942,132.7336047454093,134.24709472676258,125.0163684871755,110.74912001324252,109.11227498658846,94.1423545828307,89.61758860556115,87.0731447836574,83.33967400029013,87.1184596045068,93.21248144101071,98.27535071645971,100.69073512690028,109.3469381904469,113.38824934190632,119.28365453656511,121.18875820654036,122.62597854421641,113.28010711746693,109.5437738846908,112.0546689429221,104.84512327754607,102.87777882483478,105.31780992943312,107.02584815451797,112.94219560225058,108.98637157727872,116.67817219157229,106.4421896159295,120.82071782939975,129.25832082991676,130.20457826398263,122.83255975271146,122.31229044994976,118.41955638269371,116.1920038708258,115.24525352174179,110.12199861176721,110.06378918666904,104.55861682508242,112.05927079142658,110.93910289262142,108.88292209037446,100.42335684305975,102.65641308777393,111.75017148127841,106.47470153918943,106.26095609570372,103.17597358601162,103.49481846994095,106.76327241705056,111.64387673152487,113.4337008869824,110.22333120603916,115.28989338365169,119.43684071307571,124.85704963014518,127.96493019776295,117.75090049573639,117.14383140364625,117.99897515280078,115.49011087484423,111.33726849344814,110.90661619134913,103.48940378072487,101.46064323624393,103.46952810411895,105.287282850603,101.8417694796152,93.08827195812538,94.14706374835662,91.5257409445611,89.8516386047695,92.29430086997469,96.25877781863153,97.51975025764045,105.5892267639661,100.21743932487463,99.60801690903324,103.7419800561098,102.09125276806198,103.92492834745599,103.39770848677648,101.73620462186442,105.0359221684053,105.80685661253156,103.93812641270235,110.57656363089497,112.35025910532677,114.46372590386451,114.75881041549083,111.12171337962151,112.07023124009481,109.45233267736432,107.67039647076467,112.83506559976507,114.10412413260896,111.68876544071456,106.44029404297116,105.8654428316127,98.20797313435583,94.55171697975486,95.37394171893288,97.54583431656584,101.18858275167683,102.46336172604585,98.5569789639656,96.66247163993731,100.62730604926602,105.31541703194732,114.32114854723334,119.64889939874149,123.77882539482248,128.0743306232807,123.62283402730085,123.68324545120414,119.90911031836657,115.26282993930108,113.54247442300124,114.37331390876767,115.98978570407009,120.79084584489695,121.60521025224183,116.27615541600196,117.02034128527791,117.86611423800437,121.28581172937524,122.8952644827326,124.54813471167564,127.24800153430043,129.91711937414365,126.90275002346428,127.98817845114009,134.01323755022275,132.6429176260015,131.1389105531907,135.06866192688722,124.97622022857432,122.85070751016643,120.30641334274966,115.11448237292112,122.018380131087,119.824124671391,123.07347049737055,116.0014976382109,116.76614271770468,122.93871892033118,116.56099898726981,119.95437057580345,119.56771080660597,124.36672969728744,124.35192148703493,125.53661811156437,127.8942983422142,127.9537464746493,128.30240593351803,129.0638146057307,130.81191397598573,128.57129375261465,127.8886719974931,130.2043212979283,122.62346498044027,123.70728544871413,121.13486533868314,123.48164159610683,119.76497405832103,122.94696832207924,120.84748907085651,118.78316953930722,121.20518310060467,120.02784201347269,130.39264434121398,118.15138618066662,130.95931537752412,112.30216814601219,120.53577664892063,118.51373024494622
1999-10-04 22:13:49+00:00,,82.31210981579144,97.47092287940754,95.25541259481601,98.70671726721042,104.5857036738773,117.52292151515228,108.32594359883807,99.48725700994092,83.28883121299504,,,,,,67.06820630569929,98.9574083432381,126.76743984233191,127.29945549146515,113.0138852940062,119.34139658169411,115.51259031509346,112.05331439947619,101.24938362646864,89.69970055546862,85.6179909799222,88.65898686699641,96.8192887948409,93.10964450745803,93.92072164958978,94.59322664694707,104.94981796320103,110.68679841267506,105.53866251383984,105.87933293568382,97.26521881261887,116.54848425681618,104.70301059084734,91.38281695402861,92.40799144036468,94.72900674685727,89.09620705511226,89.49681739756906,103.97064814859732,103.15157869383484,105.39204043485842,107.41107533833772,105.05275524201996,114.38669646646898,117.47004468514587,114.14760504875926,104.98975140745435,112.50439690153826,109.09739024457494,106.45986450522992,105.33108039193986,98.79836632311319,96.25818956482115,93.29712907179098,101.01789186711245,101.89384058608334,101.35946332724177,98.37111562315687,95.02803300124526,96.54701600805271,95.07048669849985,87.28294049798473,86.72804247359757,88.92939206949629,91.87319153998288,99.07298101578242,107.7443496715014,104.44816315562721,102.84982005062636,110.5394203709783,105.11428138438686,110.2348556381038,108.72846308131876,102.69367254295673,100.52847702378213,99.04684148869697,90.72360468955597,96.91000211265553,97.51052559108103,97.60391102718674,97.29735831108188,92.14658523637013,87.38536768392952,86.72667130132554,89.09710264114163,91.64098071684448,92.42716092333801,91.11482527251324,89.95352300197315,93.57637236160622,94.91503406268758,97.96203859984458,96.2471040704842,90.17898964394406,101.23475011692115,98.53657312925787,96.1037103781766,97.70344639467658,95.29706472753584,97.70991532609507,96.7555483356578,99.78570575486532,103.07659408351134,107.06736349915667,100.71923716353595,101.24809415153838,95.86417110906294,91.56996596979053,96.45448306341333,98.20911970413425,101.44861125189216,97.08529356387395,92.24569897366162,92.02858028857278,89.92495582549012,83.43315737516073,83.49825942261616,86.345717288115,88.4686500133873,91.90037208673122,95.76898720134979,97.29396672166375,99.72900369154424,96.7254185712128,97.96239240343151,107.56199884542461,114.0380020607498,119.71252579108545,117.42650648702522,115.96245831943854,108.06286004471107,107.9244234965503,102.35858253229412,104.85284655425427,103.42371186244071,102.37381106989888,111.213282727789,111.26094110608264,111.21945052419478,109.78095530322646,112.22607016693051,115.58954153660247,114.60805510926886,112.64391126601835,112.82864726532078,122.00068661038499,121.2431107439425,123.05216037075047,125.8828748765995,129.48389265860772,122.5600540619929,121.53247512859768,124.26243583834986,,,,,,,,,,,,,,,,,,,,,,,,,,,105.66889257929707,121.64773904366542,120.55527993472303,117.60436509050007,116.5994635718125,108.38890911020277,,,,,,
1999-10-27 22:19:51+00:00,113.30497378245462,,,,,,,,,,,,,,,,,,,,,,,,,,,,,,,,,,,,,,,93.41217381674551,92.51466449980126,87.99130407289539,90.88251697423962,89.44405776860118,97.14947139337177,100.74165596579687,98.08150986551759,109.87520530219993,118.86376457636098,128.0781451738749,123.08134694441151,115.81911994981907,101.91856952648607,99.06202961522328,107.28056970179568,105.85244332043534,102.57611533527637,99.86738292412775,105.08462832252305,101.05056485948303,107.92134997285349,109.31209619976474,107.77843273940452,108.18675884244034,107.54827436237474,105.07652662412394,103.12091067659117,99.32761470697076,102.10882490646935,104.81222355903336,103.37140106064606,104.55999599609542,108.15714835973412,119.35282604499253,116.30118169862963,114.98419936898199,103.02840936927682,100.95548113774488,101.20871395724083,97.90124635772207,97.13508568462815,99.9914324705351,96.044971910523,94.95951051170597,97.47527197991826,95.59323418248447,96.02538716560144,,,,,,,,,,,93.92085113142952,96.62924793557724,94.77878276578933,90.84241380424203,85.29193304563859,89.36561101632395,92.55780355496687,92.83134707982138,97.21590930067191,97.8353106105442,96.64512584069898,100.59684427308977,99.78776038443883,94.39694360324393,90.11797632426362,94.86242996390213,96.58278391198559,98.38737183469495,97.939081952565,96.88745966519205,93.88242200425076,93.59120876933382,93.20339396698066,94.71042265911291,91.37902230348787,91.10534480218004,90.34979310157334,86.25599902912809,88.28225172220641,86.8642003697669,88.18523382322766,99.18325698611602,108.63439552507369,115.93196684962841,111.13197943863815,111.60734310877635,100.7187384059725,109.55074471893954,108.48457282392172,109.99152666903456,112.77580503616593,112.45548133490979,104.94264489306252,110.88112892445062,109.95249370228636,111.52477154837942,109.24418467696334,105.55143886011754,110.07405468830042,108.93369073058177,111.13148461902044,109.65040041018277,116.02241283864738,113.84125675207171,111.81648903324837,110.00798575952247,117.11680489319282,115.43888712881702,120.62728146253332,116.13875825862587,112.70579795591351,112.3724113390297,111.24893008952505,110.68499581745772,110.92428385121798,106.6039080114753,111.26146213904457,110.80506824196284,114.66103147323085,114.2957916374599,119.65189501015024,122.91528685056349,120.84216077260538,123.22343711640933,129.03619376352162,125.79586433949352,124.30501254389634,119.48327305046678,120.82857273257196,122.28894103165094,120.3134985114786,120.33299553253828,114.34784965967822,114.25785589143194,112.15187485514866,115.59397150523193,115.97124507839115,111.63212339197597,113.45467286730484,108.9760403549572,110.65984896477069,109.45681797668853,120.03442418318579,107.74414983231732,121.75142235689981,104.90143535370947,114.82451733645817,108.96694558195702,113.27791897191295
1999-11-21 22:13:59+00:00,,,,,,,,,,,,,,,,,,,,,,,,,,,,,,,,,,,,,,,,,,,,,,,,,,,,,,,,,,,,,,,,,,,,,,,,,,,,,,,,,,,,,,,,,,,,,,,,,,,,,,,,,,,,,,,,,,,,,,,,,,,,,,,,,,,,,,,,,,,,,,,,,,,,,,,,,,,,,,,,,,,,,,,,,,,,,,,,,,,,,,,,,,,,,,,,,,,,
1999-12-07 22:13:41+00:00,119.70738477036097,138.00874665040834,121.65101266091551,101.61379827756242,99.49158300613041,103.99941035437917,115.63816708649368,108.4408029760702,102.03456284621252,96.63425654948873,86.86502838367326,77.86793649291792,76.25435673097306,85.35903446423394,100.93432962421166,108.35720337431002,122.46902338204225,127.14436834817354,124.74431931405675,126.28051916002201,117.77743542295585,110.53159961366191,107.17475084828142,104.91119499177064,96.70115114869965,90.95621277863538,94.34934657706796,93.30607843572683,94.16562018871649,97.50804699906195,97.56361190847366,99.92603254760596,104.0627579565685,105.7515027662552,105.67856539159182,109.84935380712484,111.10891099403857,111.71037630722736,111.5660976179697,106.36051132146471,105.09665171691256,102.72397024274818,104.40060292688396,104.08072238342695,106.35668045782676,105.50366209848812,106.6496042701261,119.44391281031518,125.7090738484522,132.66906004266096,128.29979294630735,117.51274880264658,111.95228213212258,107.69002834399606,107.42641187994298,101.49706639427453,102.71907751972692,110.03096060330418,114.54011773188356,116.93483832623221,118.48366965967577,116.16152166224757,113.53437886246402,107.56499953310237,110.27234719459719,108.03453278541414,105.03473297012106,101.29420924682532,103.88461612643212,109.59572449855467,111.03222422642533,112.12132696974582,116.17621933488384,118.46879978359682,124.64387809864458,118.84765487742382,114.94884468081771,105.83750742278403,103.51413103345934,,,,,,,,,,,,,,,,,,,,,,105.75264634172711,103.90452981522034,106.43762367914084,107.50040211496331,107.25023677195509,108.30639312004038,108.09726009827963,107.61770229495993,108.33002221740055,106.59681065939559,103.04277527632605,104.47968349636675,101.7800340741453,106.86980790557155,105.60801248351606,110.82468031797924,107.8238028325706,102.8048477460049,104.44656959749045,101.87358873593146,99.77724752515732,101.20128206493554,99.15405349300077,94.57177300070495,93.57485094258942,92.66272760258708,98.89908700702979,105.15394292188377,114.76580929037816,117.78076744318764,116.79032397746231,121.50771199139838,122.81668787665072,122.78805382428206,117.30527389160683,120.55394820430644,118.41096217309384,116.06312237606575,118.95354070340335,116.45720087059897,120.08017008976282,121.03289735527513,120.31805525978126,120.21880808100386,117.86298119294715,122.35777582156844,119.73707959646681,119.06130046107187,121.03644506781104,118.87005190677115,119.81641623583492,122.63094417838253,123.17651684749522,129.00669457463772,126.35105273387728,124.63564044141879,129.88463705597724,123.26430110359885,125.17585913048435,116.77285475538308,115.20958043470428,116.99669790057006,114.87459474163148,113.72722783257346,114.33925450054234,113.53285885191676,117.4965705795882,118.16224982324752,123.75136276364536,128.36925152014743,129.80330959282188,133.0818646927373,140.15569364072425,132.26799472932842,132.4756924622573,130.03442937279405,130.53782761971942,130.11594569659928,128.80642466725865,121.12008340022157,127.70621114418569,122.63828144650869,119.55553160639302,119.77442954081242,119.89123471545334,119.69645151080255,119.26234798917056,119.17705185159855,120.2764395328174,127.28683403095899,128.06551474689417,130.13405822150193,119.502021326797,125.75862741160726,125.18365629613112,118.8553206873934
2000-04-13 22:13:30+00:00,118.85307552397637,,,,,,,,,,,,,,,,,,,,,,,,,,,,,,,,,,,,,,,,,,,,,,,,,,,,,,,,,,,,,,,,,,,,,,,,,,,,,,,,,,,,,,,,,,,,,,,,,,,,,,,,,,,,,,,,,,,,,,,,,,,,,,,,,,,,,,,,,,,,,,,,,,,,,,,,,,,,,,,,,,,,,,,,,,,,,,,,,,,,,,,,,124.86148083214377,123.14257983034119,123.81853224023953,127.52613238352555,122.74742983667035,128.09956787933774,116.92662648924768,125.48153456028616,115.25698009111105,117.63764532150446,118.82604383949453
2000-04-20 22:19:15+00:00,109.53273009085905,81.78691443959053,63.42954205595278,67.30739622419601,91.10467767155797,111.49930000444003,124.55658661955647,108.8441751009946,96.17885532204384,83.97174750880268,80.982690345786,67.09050481928934,67.8035960017315,74.8016045741465,83.95269847830377,99.90225181868723,111.82166922252868,122.6277561767444,123.95715386156773,120.55454467671196,107.68806811421412,100.87614956149083,100.33218034698183,91.5113881423991,90.28206485942256,87.20146998715552,80.33160897513835,77.1453123923825,86.5926632836834,89.90063882740773,91.1591249922619,92.43753179698808,94.39071390071881,99.53821445238862,96.53055637164297,103.29814835588707,100.51995406316003,104.07412155767194,100.67457720684047,94.34309636408207,94.60819053402217,93.37408208321875,96.82057068684085,94.62493203938935,94.58233755273594,100.07970983752071,102.3797360606291,113.95924759415372,118.82948007258639,120.95012244513461,114.95107993735516,115.22111191616594,104.86547613927821,103.38417500317743,107.6469266773745,101.08270544907015,102.67153472735797,100.58422004370404,103.26837927872421,98.86799651079949,106.74676563616302,108.66325216332427,104.94422750547918,104.92357213693204,104.0854557513583,102.13534029544036,96.62283340584136,100.30080396733794,101.58403166571253,100.73578165438812,103.64888427548567,105.12967975936279,111.37440715878938,113.6623337488495,117.15863190145387,112.93066510859308,105.935175046761,103.3792172684112,95.49117296635691,95.75532324670036,98.19148310804405,102.21469569838277,96.73780853911515,97.54921438160903,97.03554582983284,96.31505292243205,92.95603232972691,95.70175072940057,92.60891282748744,85.55360441727217,86.64777649003983,84.75743816011192,85.36082937706912,84.42932664849349,89.39839122251648,90.82961271170505,93.12043436837172,97.98713558990025,96.31187503785073,94.41228778352743,89.65916861539527,91.90129688808699,95.56283880111147,98.39694595714379,100.04023639800968,99.95848140241314,102.493449869491,103.22264423423383,96.38757986902904,91.00964674708484,89.62260464076216,89.01350779163194,94.21704155363524,95.0886391705703,95.0623600172625,99.28952105862038,97.20285521808526,92.13184981859676,85.90798980684374,86.01024374253583,87.57892430134623,85.56189993549162,83.18478773340563,88.95278152439954,86.84950439500047,84.75010439685069,83.53234306021479,89.50944364232389,97.952571654714,103.34355913775394,110.55831398935666,111.84541346843504,115.99861214699321,116.6451390099612,111.47092672845984,108.19868704674406,108.37102404851704,113.01480517022948,110.69854731782951,106.0364631715856,107.68798005725303,111.3130760698602,109.7914314872261,106.42468847775133,104.91319294846404,109.471975076721,110.38267209413752,111.50452454207941,109.75633293894703,115.23467550030175,113.25244097876171,111.97466298446892,120.81171567119846,126.69977969061149,123.84458021260154,116.18546014898975,109.28613840153866,111.98532889253956,113.18191148786615,111.3840502182418,107.01108667548048,111.26698332229624,109.13879404112231,110.85045399050041,112.62015949598396,113.9273786421687,114.79682278720216,117.94095775932954,119.73947182536668,120.40060749254644,124.74866621626126,127.33161803294504,123.77591487219716,121.97865828521817,121.4269509998564,121.91482872587977,124.30779468741204,119.7072369801543,120.95142869136615,113.00907003470208,119.58437649515372,113.50484934228089,115.44829138869557,112.20603822211557,112.73740135085923,115.02588543141069,112.09063563564094,111.58253542989466,106.88963996552343,115.27041412326024,108.1049108873366,119.15800132918179,104.07818386810001,114.35398757939367,106.65151896703276,109.55118849228859
2000-08-19 22:11:49+00:00,,,205.49187444800174,,102.05886401374792,106.8380279471563,119.4698822779142,108.58335946343837,104.39676630361704,88.90536867202772,86.29228525361766,77.45821741356247,81.61078548193508,98.22682365406168,,176.5466321609551,169.1589188101701,168.36707882752094,158.8495043332637,141.0559964040107,120.85430839736871,108.67539141389656,113.16121782678125,104.01800244434072,101.66742381658985,119.91680850972881,114.84144258587236,120.92114464389748,115.9322230379456,107.2661429981992,110.74798870159056,111.86313338840624,111.49017972360319,,188.8453159083764,,100.32771845191424,94.30887932186556,91.19376050206125,88.40942665089679,93.31115735763133,93.55500821064409,92.31569114928601,85.88722476521612,91.15586020665933,104.10519867761053,106.25213671081733,109.28380292411707,106.21890585137396,110.3875381467745,106.00821117153056,108.81044140316334,106.47122821049037,99.20860782586901,102.95459536195744,116.18230608874715,107.01417881951151,98.41771704916384,103.73271080175344,92.05369959466933,98.4601875533967,97.04530509404793,89.60321304927292,91.03803373751124,102.3711499035592,89.03887416584791,92.33741627382052,103.80509467716428,99.59702214669936,94.5464797908174,92.83082241402508,105.48549739162533,97.51877863735936,,,,,,,,,213.9140843983002,,,,,,,,,,83.88379410789392,80.89530838650973,82.27544329960678,78.05920149366162,85.38316035342174,86.54653838417067,83.27498171559414,91.37214864980596,92.96306098044325,91.01078244588577,82.81810905407448,80.4069694900271,81.66184115883026,93.75692180559632,95.78235291704736,90.07878695977512,88.12910173622784,86.49765421090534,84.46501765607125,80.70684317779734,76.7849489084086,74.60493569135248,68.29065289205005,59.285524608006924,70.07053284112631,54.23813516216164,61.6512367920694,71.2527372045198,71.15397367103981,76.26006403175755,64.887756737495,73.84002821375178,66.00545044007777,75.17883911698247,69.32369994778777,72.38486179311083,87.37461621134355,95.97099068476066,115.0400549361677,120.06537590631451,120.35264400783757,106.16444820079894,95.18941132440705,102.01822892924234,94.47829459495577,103.44751186489603,107.42071583401389,109.21502565295178,,,,,,,,,,,,,,141.73455673524566,133.72378693727313,138.22084988459218,123.95693770708097,122.05364766926468,119.60275234166913,118.17785247150381,117.58740155234642,113.94810996791152,112.7032318082224,115.82433225801218,115.02323359365091,113.80853551534824,117.31910037612957,118.14493873256258,119.7811671879355,118.7365243215151,117.21762341095032,123.03180330290306,120.8690106781429,127.19710129289427,126.13825008558841,124.90212529787694,124.68399391754306,124.95453708220106,,,,,,,,,,,,,,,,,,,
2000-09-04 22:11:34+00:00,119.22947605558359,128.71465933081595,135.21636424319942,95.31304103548881,93.490872911425,113.23945529831845,121.23010811711055,111.9162180126781,108.03815706061953,95.17282392915148,89.4405506299813,79.75318564754194,72.2328388919419,78.70021793028454,93.66236253299796,105.34769887870232,123.5478981278422,144.79229401746554,136.16020961529617,120.85691814051854,113.20631279486184,113.27658942135095,109.07785634057228,103.05953565825698,100.59727086520125,98.55473712987205,91.51998122401083,92.91424722208512,97.61548625034236,101.5693189848759,105.22632206022196,105.93835120670904,114.57000882703784,116.39142062750672,116.666719711105,114.06619672575177,115.0287743646015,112.24885514647484,113.22094374529637,109.08605400208346,109.60337617021861,109.99166789531185,112.11897998814194,113.2383941739811,111.63966208409161,111.8841387268723,116.84417402706146,119.14847294783151,118.33831419760135,124.44854225352874,126.82770224804926,120.91607218380344,122.12833116606657,121.11292181289737,120.25995018636084,115.11385744521814,110.76902433698925,108.07642211480888,106.26703129389405,110.32844877533917,111.26994250205288,113.18549306906642,114.05450468954749,110.38322031373299,113.26712729378117,112.03888063073913,113.21146648810918,113.43430778728775,113.65952136008649,116.87912527629788,113.18719809658138,113.68176621089421,114.21862800854723,112.53258851555307,115.86069621912348,120.19187055371793,123.35802741003069,120.96414867033931,120.05627865255684,113.75626385058335,109.19694012454428,106.57315274507691,109.93235116998147,109.33674503585202,98.3094118333937,95.31764996168823,95.57992735116217,99.3545819948617,103.75200335930607,100.74801071451577,96.23305550260619,96.15284619897938,97.97304636879903,97.21143902239149,100.2639513740402,99.68069831108131,102.02630964887366,102.35714380250681,106.77042029362462,109.83578796153081,104.16714280770597,98.13530293652336,100.8171640295036,101.02917615311794,106.33880967291306,113.09369653538558,108.7725203643492,110.7477363897665,109.38914287844896,111.62649459667912,108.96873753039212,106.55589776496684,105.46033531711771,110.00574970003869,108.5103640026122,110.14917030767461,108.31360586011091,108.05918250374238,107.13464045759093,103.35468595368486,102.14138567506265,94.07712119199259,93.30171222614315,98.55777190043554,101.42749551794184,104.5858151343838,101.83974061491077,100.65662135115741,106.90016968666272,109.54995484572792,117.46485505373296,121.5726356954084,132.3935059269626,132.65344310471679,122.77652285898859,115.21134611452023,115.34578250415125,111.22093809025289,112.56087194539136,112.57457448229992,115.77185428531193,119.32241183722377,120.70968345632834,128.00615896637134,122.91155778132813,115.62263214101361,125.15461974345693,122.31821743205764,123.07553369581245,125.62167158140014,129.51287535709525,129.93469589002703,128.83545024187322,133.0495074855346,126.65722987204245,128.55708763736524,125.56798248071323,123.87520357201899,122.26843852850165,119.74031661574436,122.004512351043,120.83550864532236,117.05934754409247,113.51128407273879,119.6297808178538,117.90527475149435,114.84952011281901,118.2040869336595,122.28309924718002,117.66938761980838,124.635162142799,128.66219368286534,129.3453424114437,127.51981327803409,126.00488770223805,124.07580966784279,126.95748778540019,126.0105234151175,123.56898120266499,127.28727463673906,126.1581667178501,119.84959205653159,116.02788008791846,111.73234152869153,113.92607023429115,124.04392694107115,122.78396900532033,123.51109225261621,125.26914927099827,121.66631482887979,123.99225119016451,118.28833486657476,118.18900632098918,119.55090728696916,118.77187918433411,118.87546423190791
2000-09-20 22:11:14+00:00,123.47404821017501,121.30003465464976,109.28349186894928,115.01539552263489,116.8069824826706,122.75473255590273,129.5977659431307,119.60718287042539,113.9381818877176,101.85226557769089,95.87961511196082,88.78601341509338,83.46728379343467,86.76297069341173,102.90960986467844,117.6714483220168,133.39856044017563,141.23892008038277,133.9371187138969,125.78140378730471,,,,,,,,,,,,,,,,,,,,,,,,,,,,,,,,,,,,115.92808169204064,114.3312673036778,113.07882773852978,111.66797788295729,114.01579060133872,117.17230170905759,117.89031552025132,112.7303244534892,113.86215301742727,115.03590380857824,114.32626924405588,111.1708814586518,111.20949514796803,112.65639930495192,113.62142338258356,117.42332866274167,122.66114611521891,116.46832346040443,118.08319853664058,122.55263483484737,123.23792420397932,123.44005470121562,115.91559020711769,114.42515040481518,115.63459757879622,116.98954174709657,112.80998195811858,111.30718027856624,106.498522544933,100.54540251645804,101.12406509184399,104.07476798644475,99.70545456651607,102.89531974074497,102.60124045715877,101.65406912449176,102.32756848219783,97.50825883713397,98.00061335057217,103.69674589574785,101.66138004370487,102.26575037500496,99.44179779655069,101.15973893897275,100.81102217130956,99.28934929724007,98.02177036876394,96.64358140179311,102.15545304987819,99.40614142855556,102.4381624018427,98.63094450377488,105.41868173760312,112.15938245424961,111.67527995297968,106.80881987631241,103.40210156406545,104.99149235928,104.86914183326788,107.98045378316398,108.13825066940701,105.983932191388,100.02924514480547,101.82128996917668,100.48231324569167,98.45280318313148,92.86606252192689,90.3294580234617,94.01251399731423,92.56072992013146,96.5015508266893,94.58772375979164,99.13668818718364,108.391898923539,110.2835412588628,116.84457242015682,117.28264705222315,121.61777192483635,122.0254070483278,122.0307901450892,114.7093566453278,112.6520762315302,112.2782603138977,109.53125914361422,113.95650547638981,114.26238233114779,120.20433624218347,117.77578449839167,112.2836407374927,117.12374690113674,118.57393839357613,122.68658250094613,121.24591274162611,118.43494454095722,123.65574788147867,121.91644864880784,121.83386681701711,119.88870202901902,128.9036748516248,125.29280349705682,119.25120424977258,119.02321374216002,118.54382282092283,117.3355557795397,120.02508653963233,115.1481047862033,116.60561011657256,116.6080614433949,116.71774228734003,114.94948182263995,119.63419527611529,117.99268030848164,120.43303338124436,120.6009477257976,125.5462709101275,124.1745241669198,130.99304519472344,126.43528187124376,125.69837326264589,125.97051771679139,129.23067665941005,127.92204802001154,129.79086306970026,123.98969848368809,129.84252366891968,121.12327655151914,118.59041958318771,116.24015494491668,116.6040741400685,118.16767462045023,120.95458597385056,126.22154680676078,126.60226326306768,127.34433988978608,126.97962949196332,131.58228757126383,126.76080456621825,124.8892827339212,120.92041413961037,117.71269209355927,123.4470403665405
2000-09-27 22:17:24+00:00,111.83321208168815,106.2815202825095,94.91656364594277,102.40861680833737,106.08706562116706,113.83684030296851,117.50534253050485,105.02667064896485,96.12252526496465,84.68451788318336,75.63038777577938,73.01866186336153,70.11369065758603,80.70915639952425,96.2533678523682,105.07371324833406,116.14226874038974,129.79360663093865,135.70713724532666,121.93331168286379,116.34513079304969,115.33661006833336,111.01965977079423,101.96370875457586,103.1602773641434,100.49571818115899,95.14700803079157,93.97776645831708,94.538883983563,99.2098482685112,100.13516502393496,104.55014844722764,107.57661882097977,115.87859373296249,113.9711331028066,117.47324535333613,114.19693294684556,114.56892196779539,111.88448895309415,107.40456317735175,105.88710980035206,105.15716882300579,108.68616436082125,108.71713637825924,114.10520960380224,114.75446013509651,117.30420851952032,120.91478790740344,124.82811693970268,126.90433092545051,124.76823792318959,125.5232083398428,118.24033252510003,113.36502159113515,114.62257271235596,110.30572206469867,108.8618259846933,108.15917802444686,110.4734866740065,107.0704724108568,110.99192705062691,113.76953017375591,114.13374929776553,114.12926732643372,111.73652638536133,109.45103659748447,104.0068290128734,104.6672313567029,102.96902472596625,103.66905952185392,104.54118754912312,102.4877233096587,107.04092914747363,115.25770113796631,120.33255135846319,114.68597035167933,111.79488057553901,102.36409842397899,99.73093497933364,103.5639610953635,103.88012056456596,102.26635312601985,101.57288929166663,100.61009862284175,99.74433115766436,100.96903104206561,104.56093323696237,101.90686836004332,95.28998637812332,93.67053997010453,92.09148589741915,92.70620900933395,88.44893820876676,88.77006427873569,86.21774165130945,91.14351330423791,100.1811900136241,99.22413599136173,96.17120186749477,96.84964536312054,92.64897035889781,93.61126006682768,96.97845984252132,98.75043862885363,100.6587543562818,102.23622451684057,104.68658907631512,103.20596725796834,105.15783916484807,106.9508116592306,102.97517109191106,99.62695906361134,99.28244408495362,101.56380625769751,99.55657507906098,106.12795915323073,98.70124915042175,96.54492908966354,97.6856174490037,97.04532250793564,94.75446292373171,96.65745193061869,97.99292577178917,95.57629762203366,97.58208558797338,85.1508306641473,87.24220199269774,95.08704016557603,102.0282792042788,105.93240066861873,115.41054189434934,120.68941891607437,123.14606841064911,123.55720506628474,118.85157996572552,114.65269038665868,111.73912703789301,106.46193338974257,109.24659841195694,110.13368190157313,111.64049740312252,115.53100305527099,114.82032196587707,114.86925499266171,111.64113217428465,113.26008008789726,118.19424108882352,120.37093063502908,114.06417458484295,123.77123867427625,120.67654792006682,122.20123153970643,122.6667950314035,127.60876085149164,123.01317722431135,119.42044745165197,119.307049730594,116.97602331280355,118.04586973235581,117.30038786907453,111.61819579934524,112.56321215599576,111.6216220439538,114.83080592079274,114.71235238082798,109.06745332049293,113.89620047231277,117.25802996170151,120.28217762593108,120.03402086207052,120.41412192331497,125.2946194477005,127.0009864262608,124.35377024536237,124.37479759976955,120.84047410509675,122.95522104392082,118.7981777254873,119.1027871372073,113.60348033782786,117.00430398385889,113.58688993427512,107.44209389533017,104.32284628762127,111.08879184564186,107.40388987552555,110.73916363259733,109.81776097799458,114.74985545964199,115.2185907373338,116.02750099783731,117.54588050101545,110.70329940737848,117.79710277382733,114.6783013447183,113.94966379230314
2001-02-11 22:11:12+00:00,117.52734771569709,,101.57893695843086,95.12829212686222,106.89284924504341,111.9789192952459,121.56737229078797,105.94259379488872,92.30745957534359,81.96445183258828,79.50951289319076,78.63961977094814,76.01318867983193,85.38149366379636,96.65188758359267,108.13304121431977,110.62116372166733,113.85160052585573,119.73774087386823,123.02705435118196,109.75694408972495,108.0304770108284,105.4914532800594,103.00489076995405,103.54469254436044,98.22199692045675,94.96627084459807,96.13080782281591,102.29306178447302,103.8061743100082,108.19862474141888,108.514444178762,103.6328228670516,111.8220788527012,110.15977477947428,113.03236796482815,104.1606311644992,104.79935402765796,105.21722949274178,102.78175083998124,99.9929082827177,98.41306041505928,103.79363517802524,108.21187394621904,109.14635649310542,117.07553435195786,114.88987672416431,124.83548933722874,123.12982746751598,127.8484073607971,121.5607381445428,120.32104661425144,108.68578696723664,111.21654763599558,112.55939383750064,110.54618659302037,109.86090612484942,108.90575869464232,113.53153866297811,107.29747319121681,115.53356464852429,117.21879661798033,117.61163124304962,116.91043023926237,115.52697494089912,113.29880166830581,111.44144989845475,109.81208941749716,108.39923401321477,112.89558567569664,113.48686454430884,117.68593948791886,124.94156414152887,130.08073401104107,128.4568179222124,123.32140268058292,112.544351293714,106.2473386392162,107.73803078714054,108.57904900534807,109.34350445985126,110.49212389832054,107.96172615729895,105.3589835101196,100.95551742170788,105.19155390288854,105.4782003098952,103.50623292009062,100.22762466652745,103.03303138759848,104.27726462579376,99.82507511102466,99.8450810463032,97.89017239403381,100.3208106326273,106.06329922664665,109.54310056199876,108.66306568280055,104.8874726034052,103.52158798257756,102.83225194862173,102.45242468702904,101.08871469204824,102.65547583808488,102.45378862925175,103.3408115497912,100.91314250098904,112.18462907808413,109.62451412240581,112.12015662375204,107.57424165610115,102.1022014324995,103.83207017789657,104.41769073916197,103.8213756459052,101.92167947622846,101.13272546497133,100.44253722022029,99.19150291271812,98.24313579356702,101.65426974605877,101.30258890221259,102.0466807663455,96.26717510188692,92.00787763238893,93.87752829376447,95.99385883914286,101.50960529382974,111.94137872330094,116.7686160330372,122.6005785793558,125.54454609403493,125.6910599360276,127.22291950181733,123.63334246505924,121.57980280542888,117.6868862670222,123.28722976303808,120.61989706160338,122.68107846108097,121.60157017337923,117.74280327260601,120.42749382926988,119.00674434329534,119.6220633137354,118.81752112489876,118.55645739078956,121.94848334878344,119.24937916070928,124.29044157916081,120.86875876007836,122.2646126816433,128.77635317523027,132.91132083591893,132.22212812605414,129.39948598265278,126.72316877061107,124.4051252331426,118.33321822324748,116.42473687314617,116.47568262573645,117.31114451479061,116.38997425640446,117.06018980755061,118.80528700660682,116.53369965807347,120.64141538796734,123.79186526676683,126.57823007666528,125.18494587539098,132.202824571848,127.58312405253487,129.03969886155394,124.01330726815517,124.23289817548395,122.2860341401016,124.7531460292675,120.93461180902489,123.70147402743183,113.07707533260199,118.18646236543177,114.364519304635,119.07923930645207,115.17298675751675,118.39511726085507,118.27791596570034,117.70399040188553,117.92525790360398,119.94447682796792,122.44225364505293,115.40820950958626,124.15677747526918,107.69946693091393,119.10596355257532,118.60262105024492,117.31244634047715
2001-03-22 22:17:09+00:00,,99.365200440014,88.69970819761693,90.59945622468751,103.88009539692325,119.03704801214867,124.99435320324862,110.88807282282494,92.4350694869123,87.82653862216998,75.88469537788336,73.47247418177267,,,,,,,,,,,,,,,,,,,,111.96898693205704,112.95407428593111,111.2190559535784,111.2185061790841,113.35879449047023,109.16991874113319,105.47524799857345,101.27407797121381,103.86952921291055,101.9529358960768,98.71836991155331,101.66503348068895,,,,,,,,,,,,,,,,,,,,,,,,,,,,,,,,,,,,,,,,,,,,,,95.46767895589217,97.08276931316279,96.53769723862851,87.13337108774896,87.48316506447465,93.39073207725359,92.83433018867446,97.71760852434645,95.1555206523226,97.41978305004143,97.84364031646585,93.74227425565317,93.84181618853961,96.82859625022007,98.62754444402678,101.55865384153377,98.49980738277802,108.75503821317265,99.5520204551825,103.26848322517027,105.20912647012617,107.59739870746736,105.12851103413432,108.19803575532681,103.58408034172041,92.02723456664262,95.48049145154438,102.05634715933637,98.73378255054092,96.58090426003075,93.26994752288303,92.29746548337152,89.91350546454754,86.12704161546392,89.04921701753246,90.32778383948289,92.05763775961435,91.54058908744189,93.00990468979361,96.78531287636196,106.78665426195668,110.10400854398888,110.8361226461677,117.10205018552708,123.56599270041461,119.58466821680075,117.90535490198974,,,,,,,,,,,,,,,,,,,126.65278448040057,127.14306525165262,125.48242097897749,123.59508748997801,125.86581029351831,112.06776967031745,117.20385134991731,113.81669120633596,113.20872988053937,114.52017571294203,,,,,,,,,,,,,,,,,,,,,,,,,,,,,,,,,
2001-04-16 22:10:54+00:00,118.1791881503703,98.91383295447366,84.53131371565571,87.63985242141614,101.11985805296091,120.90871446594555,126.19258831218596,111.54642902273467,98.9750622184391,83.89799494768558,80.02532594307118,81.45710461801217,76.09698197097187,82.7140735454264,102.96768267635636,114.3610609531618,121.69238230877069,128.92335336753698,123.71572707804609,114.71252214675407,119.76228166034731,113.40967329548651,105.7057210543461,93.37457275356446,95.73067812778832,95.3975606517774,95.22929694197714,102.44040623701278,95.31566501220424,99.74574311836645,107.38422390478412,113.04963484315093,118.43292195479432,115.1240014409863,114.57083598999388,108.39028492351757,110.7776466863593,104.71429132745459,105.95874310288089,103.46112262382283,100.26434293187937,100.12037010401994,101.95376272809693,111.63404602869538,113.13485546832584,112.71423305128077,120.10277966832291,116.58507465885575,119.00976816055444,114.08422314465743,113.25122733544238,113.42273475140466,111.41872960240642,108.98420981303353,107.4507960788778,105.40185669607769,105.01726650003384,104.6400065424713,104.35250635624331,111.6108466463019,112.00378940369077,110.62012637917844,107.96426489591363,110.25647094426728,109.55705506224965,109.65937178136677,102.6700262105933,102.11143598055992,101.26865918914893,106.32261725401112,112.27076979463112,106.59742096069844,107.85617744811184,108.29394554844333,115.62750549799047,116.31731216522992,112.8047298365902,111.79311179651877,114.22910838672965,114.65368678383213,108.79534462860498,108.3171982591687,106.34388446066015,104.35062978486991,108.14419664664074,102.04876442037572,102.39937964411813,95.13029202496136,97.64957932146976,94.19781410838277,97.3641704053623,93.08523672010554,93.15560256228943,98.03141126379174,95.63815819473527,98.86836624547479,99.19291081572568,101.80084557506814,99.94433392118283,101.75507400355237,105.0566112527445,102.94856448856963,104.71787791950698,104.02875075360772,105.17628344453159,106.6394317909939,111.388734426651,112.16043559455866,116.24284885161146,116.16107867229613,113.19569650433954,112.4630847495233,103.82620984569554,107.24826952574105,107.50975049668835,109.24210823096185,101.23959692976794,93.95879465517743,92.1423643585891,85.75479989355347,89.48873891784196,84.2016130474938,90.67192542998123,96.32794746527291,96.7847053737884,98.29695660070622,98.10014307215332,102.42963761718791,109.67517427106576,115.48151737765149,117.70021296055138,122.89390993704248,123.2820896228097,125.51458930038321,115.21420372885228,114.29565954687544,120.68746469085808,116.93657590832106,117.56478930726804,122.69403539404387,119.26760883552825,125.68564113241939,119.56764873583603,116.3225965724832,119.45708956253327,120.6350278301512,125.81663770455546,123.85940661973099,123.00526240343444,124.69429324184406,125.28992460834672,126.13029542220993,126.04310562037023,130.177913149364,127.60059454272617,130.15863394577946,128.3259034307818,126.74858926669509,126.68818034740686,124.84940230331117,121.44886113519163,118.65069238630846,119.867230258812,118.13475197192678,120.04746419742388,120.87649437835526,117.22361848010549,120.31350856675412,121.76763130752003,127.35311162753769,124.65463515070778,130.07333032434906,128.41953061167533,129.45439595731747,126.35241560855717,129.9197853943445,126.67098025473949,126.0873778122124,120.2624202732738,125.43869110346392,117.79028442012809,120.41419344360376,115.13959677199317,115.13458383590667,112.35772853270628,119.56085921607092,123.58994734080973,121.47235592014403,123.83414876370156,121.0607037621179,121.1939313773991,122.05791642916387,121.0564817530782,112.90665418164579,116.97470718836053,118.31677271092512
2001-05-02 22:10:51+00:00,135.1509483937259,119.21043373437344,112.49214048085153,113.63385140397654,115.9370267925359,134.93966308633134,144.6883794038836,129.8251108803996,111.3252348431119,99.01807813585592,90.09022729331046,80.8100199871718,82.75672301925403,91.5932811902114,122.22751971279752,131.29554442085993,133.31929860028643,132.22810386857267,127.74465900626286,132.07637696023056,123.43870850063217,128.33818739230338,108.85113028177966,106.71139889736314,107.6552096061473,95.54486238406061,93.50302305778634,98.6595468992295,109.58102002000842,113.29576408412099,119.70259817946645,116.6368796871606,125.94298544385907,129.04427161567824,124.89398914643328,123.1150766758276,125.49138083681557,118.73946204082354,118.41775488593825,115.74130366751827,116.01195255896869,115.88597402688777,111.26950007447329,120.06858367824309,119.27671097418146,125.75597173990104,136.86507637696994,135.09458292936927,134.06293881045872,134.73804055303196,131.9087416332581,129.39902538852309,134.83498977075033,128.50351751686136,131.50685325057248,125.65374815084745,121.81187064556745,118.37909053967816,115.04626360468656,125.79294808130933,124.6089691516856,127.64469217428076,122.84200415613223,118.58104113420056,122.85179025998555,121.5663585725516,122.19747032344308,117.5718056488442,116.32365807186392,112.75200504915966,,,,,,,,,,,,,,,,,,,,,,,,,,,,,,,,,,,,,,,,,,,,,,,,,109.04758901189787,111.86855854517766,106.48162845180019,107.30999327917755,104.20353675828449,110.67826755852407,117.66246660505367,110.91071255151475,110.10882860500871,119.00432789018839,125.10081571334402,137.10133237924327,135.05576401693378,133.8858836860775,135.7086463842331,136.05389946839517,131.14599640850622,129.82999299201413,123.73365306750325,120.73090032617506,118.37794484245129,128.30735620450093,128.80792191753835,128.7024638701984,130.86019220938496,126.93599615577645,123.72471713189992,128.22580150654008,130.74816847930347,133.24111630091573,134.59762456478774,132.55691469453365,129.32935337482974,135.27401359973973,135.00660985767993,139.6976881967732,138.65397555354448,143.84707665808912,140.1614717240329,138.97348182177328,135.78594921232093,132.30855777490996,137.2462364840158,129.21072493383411,130.72751664154148,131.79658341475456,128.54388175364545,126.59299569088118,125.05020680752888,128.17058592206217,132.85078708966984,137.6201956821892,137.54099690817145,,,,,,,,,,,,,133.97136243067246,133.9815130890693,135.69552558162633,137.34890053011617,140.89603404089985,138.3340933728649,133.25320652778046,137.49360739535138,127.26175624531813,138.61451868575057,130.7777353989481,132.40024113825461,134.99909460615703
2001-07-05 22:10:09+00:00,124.6837319630725,179.27531577399222,,76.21776753138744,80.50388441808377,,131.37619055682038,128.75641603339895,,,70.92943512783451,,82.6300282334575,95.59823970359938,117.25989307681897,125.6615059213155,121.9019718940354,126.2898847460132,133.55420230171435,135.07241252279647,122.7137807162276,,,,,,,,,,,,,,,,,,113.19688855274649,111.48175726106344,109.79820015317077,103.85036070067504,106.73118342142772,110.63944553683449,115.42970341136173,119.4786735516827,121.00623509048627,123.42439762184226,124.58708639033371,125.70194536402818,125.80720884299609,129.08938961241265,121.20365245389567,122.13432309548566,120.93528202342469,122.15127175084048,113.44157314246652,115.45136510660576,115.38857321791336,112.32809347622549,120.51554834851703,120.05934949396413,119.30412103186578,114.9052344418191,118.92533584314486,119.38483506772056,117.23064316040688,117.1937988665488,111.92614550986904,111.3343028737422,113.40336118225993,115.46398278304724,115.92814320636388,114.96415692490453,116.36163389905234,119.07026987173778,116.44858308421846,116.76943590879725,118.00306381225957,105.7177523728393,108.99263208858697,110.40476868662216,109.64476362556816,100.5546173968638,104.22033730214524,106.98327450720707,107.68773256045756,106.67255774433427,101.26322825923233,99.22371566788007,101.0174632201231,98.83808893164392,95.11407640320101,93.07959949945104,99.27287962078472,107.48891732302674,109.46838442012016,112.57513747696875,113.53243970018977,105.61069265816576,107.25973733512215,106.96539234503801,110.70031448551978,109.2271415960725,111.20673598942147,111.18104735064378,107.31818708188244,112.83899980813634,111.74896762073705,110.58788039391803,108.44279578470075,100.26477158989137,109.6808948896387,107.28010602912464,111.5651501646823,114.74886596017316,110.29217755358849,106.43431346778372,102.68477156073338,100.24252742243137,99.94526752190188,96.51481788232407,96.41736813585078,96.10704925019292,95.0691164713376,94.28480234444552,90.97332800835105,102.46721992653538,120.91474040269918,121.53917726626293,127.99831683612386,124.09870447056774,129.48631553505794,126.42678420705735,123.7261058830132,119.73041457666017,118.84385221477939,115.26824575657692,122.1030530801913,118.8697194741764,120.47067884195661,122.07629041141006,123.5819377766091,122.72550980019261,116.8932828466222,115.81637328986376,115.26989828599153,123.74258063036852,126.12146616700151,121.76489534779829,126.00637946104821,124.43212359201404,126.24075765442139,135.14979036050457,132.64119854525035,129.8372891533106,133.85277857836482,124.94198272582537,126.88922217400551,127.9211963001577,122.47688332311856,122.35380478395683,123.90045040103651,120.04197877400873,125.14650437864177,123.48235980416713,128.6835638833212,133.31326312991297,132.53875861860382,135.73328966178147,136.51977857093917,135.65321411183413,135.7150624612055,128.71049783526277,131.23589538586455,133.60220981079888,133.4595870359737,130.2828634460115,130.42539328615925,117.91210807506049,127.1588351053503,127.85059968403907,126.22561378779547,123.24546794084546,123.44515415692734,121.88996819905422,125.95380910289373,126.52120649083007,122.79201421043875,129.13300566179467,125.51873973870194,129.25730416621025,119.39965840014384,123.70718338407285,123.72843030999601,125.28185269824719
2001-11-26 22:09:21+00:00,130.76316739739565,104.31339154824,103.28297883045312,110.55831474110794,119.9372837744461,131.55499926508512,130.0169640020633,131.6493464866181,110.00176382521428,105.31981734295134,94.07416296100286,98.7574901487617,93.0313331039707,100.10917485870604,121.21166463988988,127.2300944411194,133.71319519776588,142.6462521080997,132.84815515048786,128.28474440467969,122.2769038599422,126.72449158960838,123.0558528661951,117.64401233720534,120.79731906811826,115.74925214376749,122.0434776531452,115.72801663093892,115.04512809111836,115.7599473095855,114.34944675461293,118.58879539066214,122.02324927225642,128.92559596901643,136.43076194691787,129.24308540976338,131.3830673239282,120.5476560074637,121.63284125351976,114.95823856844859,118.77522883501663,117.66120597180222,118.29971312389804,124.74253827935024,126.56734031172458,130.5181297085935,131.83858113873305,135.61116049571828,137.5888947759021,135.76692285184575,141.24790335689988,130.73306003283628,139.9861889474419,133.24604874657132,132.81105747964293,126.10441255872867,122.02890746412145,126.8922576525841,120.52682754694615,128.55804778753276,130.32326301572783,128.69132318083302,125.15152815311568,118.22961679277344,125.9224093611693,128.55970263874653,130.3117173160108,122.43211906933519,118.73835372645912,124.47616425738352,129.43536638257112,134.55386301790395,125.87364993875936,126.47289843418599,131.13577700874941,129.17618630733816,135.7362184610129,134.53375069704228,130.69776760119254,127.69306772487987,121.96879899547255,120.18646994992118,119.86690569213087,121.02920658564922,121.0131761813206,121.94486870237264,120.0990011522266,118.21695205460048,123.19170989413843,109.5747082742245,111.72445968692237,112.55312228687188,109.61304671746893,112.78353140813437,111.12528147801788,116.42768395231815,121.99048480175944,113.77619767620395,121.30320435077228,117.3751064880094,118.78361199050482,122.83586950638701,118.18967538624557,125.76414194153128,121.73192395198886,123.95698998314082,122.77120081320166,126.98802625593933,130.66567353321128,127.04838972748016,132.54566374543646,126.89908923018788,132.17039902611592,128.14871914926357,124.55272720031302,129.74010677535736,126.92856451649538,122.97412942774572,121.38167720774995,114.937012372541,111.27628408622549,112.08141819192538,117.46017131397333,118.12719950294917,114.33880366055153,113.23171188561653,109.09544443559385,119.03872019612909,119.82979212251075,125.14440628117129,134.48049017943623,132.36320589077857,138.62373355621136,135.47259618159148,130.45944835042127,125.60148503600345,125.24974533783553,125.16092014493933,122.15834931179509,132.41295468416314,138.9721204948135,139.59891914192346,135.18939655166398,133.87400148575276,130.72427461287413,135.2910762704824,137.9541689538184,132.02909906616296,141.89440896549874,135.14236562619666,140.56483692939122,142.29077911804282,138.70783850317977,147.19467281208773,140.457524154938,142.26381107369934,143.01762077386616,135.25456272721246,135.24165551068154,131.41799461388106,135.66119494385822,133.3370592208361,131.50019005735493,133.6009605089352,129.70888857270012,131.29364045634816,128.29554418214286,127.29266805908271,132.26310493390707,141.23227483194242,136.09821666422113,142.1678777943483,141.58499621182096,141.17454084671203,143.97964653109085,146.02088152210092,139.84196927949708,141.42823511520814,134.61755475080335,141.04046572596263,135.72692402482946,131.575342683974,134.16335124575374,139.78236726861977,133.45190895808904,139.20146235418034,139.28047503183697,141.86297889745126,138.2702203058209,136.8174443634164,142.56570558595928,137.34883157534875,138.62816450711222,135.30813055006743,129.31766330846435,126.92837955332804
2001-12-19 22:15:37+00:00,110.67981366848298,96.60930585014478,89.73362456892384,94.13380214541532,100.82133344008314,99.11346191213416,113.4744604731634,107.62234110022844,100.9105808781241,87.88397020874012,83.84810597329117,73.5566354665526,75.28646592597795,83.55660008941044,97.23434953995837,101.90889107451352,104.31714327140364,112.51688378568544,115.05272835247162,115.77214613391516,102.5102694321309,103.05536017683323,101.66142199637721,98.42373311802487,98.38874730724079,96.48700128428125,88.967482610388,90.3480764032327,88.31076127064631,84.62958794371897,90.37382696065333,93.43523820070676,98.7190998803667,106.59836874782046,108.73598447527702,109.20942916833826,104.26465193189141,103.27939987789068,104.04154223722284,100.57819484863265,100.1569102379134,100.26279480559467,96.5777931775654,98.76777600972657,101.71044889810781,109.20207282463382,104.29132704726621,114.06227022629403,118.52154566752866,125.38803172780189,124.2810367552695,118.70027443493957,112.2370345922015,110.36171106675438,114.0769054035183,105.5699006458537,106.59194854897349,104.57116772032178,109.48171255520194,110.36898807009563,112.92327325647487,115.96029001695246,110.03639544152836,104.97480072237491,104.26462024567542,106.96892109101694,104.48490883078638,105.65007791584252,105.11812276432772,103.73846767157951,108.10401305672391,106.51099206866512,109.5034153245473,112.91498484623165,117.78934196974512,112.42011832415325,112.25449400100167,111.52262314746402,102.73824736934783,102.4603796125752,103.2037346707695,106.53622470648598,102.29330025832067,102.08536446277135,97.4367030867364,97.7905942932072,95.60183186260092,97.71695965930621,93.09161078154695,91.17437033122161,93.19604175582637,94.30385003701446,95.01118590161279,91.4602215709943,95.42204440575993,98.00694696750232,104.2930164469499,101.23818176941751,100.7333689299138,97.22602862393137,96.4068358936094,97.08371177243701,98.01501672073121,102.78781235009662,103.05679147854838,105.01931900639376,103.02311221699622,103.73395458591759,106.42381618682813,107.4577304398075,101.14140155366144,99.26411335673588,106.26839252347212,108.46168240480475,,,,,,,,,,,,,,,,,,,,,,,,,,,,,,,,,,,,,,,,,,,,,,,,,112.26524718299441,113.63272700921488,114.58403256590984,104.25198054614091,112.72796986149247,117.39030441332595,122.43212671430594,123.96574949705604,124.16202690733806,123.16428916515964,122.6390165365012,118.02154168831338,121.51785155980814,122.46837380945868,124.56629483699135,121.65170831322988,121.25282630875274,115.25743360099169,118.26709424432586,111.87489519199245,117.28024255577839,111.12930264332232,116.55105823897618,112.42974089651345,116.35579915556892,116.73365873677571,120.23492215090712,120.70615898666695,117.05717108174578,120.49261416078983,111.99014354052856,115.97903171854445,113.23060423390226,112.83838869542377
2002-02-14 22:09:41+00:00,121.60179045416162,99.232306615381,87.80540222674448,89.52242442597068,94.96228042205688,110.8293216865427,120.8910416783594,111.07623649120569,98.39461854332345,94.4031243338504,85.30446598590986,75.71181432962172,80.82682123051067,91.9541443508786,103.81981134046767,107.4256178189889,112.79405290091114,116.65764299636999,123.6156776867573,124.59751593726997,109.75311437461534,106.18137069609782,104.7541939998392,103.11855108848052,109.18603052652328,104.88669472862922,98.22208060953473,98.037958946937,98.15769916455686,99.68604794132298,98.0116820822714,102.83658618147817,104.84601481269364,114.54552066430684,118.15531624560207,123.70136169719504,116.3357181146061,114.99498634377056,114.88498384477725,109.4061027299035,104.92723125943712,103.65324524655557,105.26019813776715,107.199484318883,107.3959181612516,115.250553834746,112.9035532110646,119.95160099969449,125.65223797913497,134.5624397623162,131.56735015707616,133.17434113067563,127.9929378876914,125.67572347499797,122.37529294592196,117.48946168942011,113.85535729733508,111.69021328018648,115.12121051767332,113.49826599433402,121.47986694040473,121.38140986872445,120.53341092490665,122.86223744361197,120.84366601584834,117.65655661351678,114.47730267936207,111.98244483009707,110.33649231428217,109.79303166756978,111.02930801376168,111.8799829662767,120.52982319226047,123.44238471895446,124.75312676786845,122.237142820797,118.26201291202031,113.47744071867227,112.64119490122242,110.59294384135308,108.2203091694104,110.1538605141883,105.94468169645847,104.43574841006209,105.02307792293524,104.21760988378841,103.32995928397376,105.10390024248316,102.20511271561978,104.28959006199285,101.35494125464616,102.54098609363864,103.30947922687876,101.08277339563912,99.48058869738225,103.7660832805714,113.67375480563156,113.52804315784905,111.302076585001,106.01721862795425,103.20356117165574,101.04291530175593,104.36764338100211,106.4894709270022,106.23346761102637,106.86628942926632,103.73059832048092,107.53875039215889,105.88436972943695,104.22944377034142,,101.5563951901722,105.54561190173732,105.6687248203819,109.60108640124578,106.86383763252593,,,,,,,101.36463345686091,99.23602716566621,,,,,,,,,,,,,,,,,,,,,123.50153524090791,123.80486258539011,123.42067456763209,126.71116481822736,127.99405155809887,129.6201444252776,127.01138179930692,130.4730601988691,131.26594017601954,137.41580391763333,130.33771008996254,126.87590814454154,129.75848113133284,128.30481536169387,124.75931834638467,125.76230054477142,120.76436486007174,121.08382289017254,119.86075122339584,118.47843060653912,123.30153974882455,124.60983037936477,124.71300718427322,128.31331158152642,125.69326998703825,128.52638522169315,135.30903538165614,132.52491589846787,133.97830769278593,129.16046130007825,128.95833613793,128.60922234679902,133.94584591775373,132.112289534124,134.2766242949349,124.39606181821335,133.3932851334884,127.35852068270997,126.368174206457,121.54004862617401,124.06543373045943,121.7804742717712,119.36681695482875,121.37525446492577,123.54613334019615,127.72001137693641,120.13301762127571,127.24729584632905,115.61471609644111,123.1842841836278,120.98507931852797,121.70198677488891
2002-03-25 22:15:47+00:00,119.27390338696307,90.76498862370697,92.04787711124757,103.82769518338526,103.75327676618781,117.11771567490831,126.23465393397699,115.03701479459613,96.82503228760221,85.94096080951262,79.97536579808042,77.94589000164528,76.68333315097594,87.26475703463996,103.51561831977867,112.43205435104187,113.68187018606163,123.46506051225022,119.65884671469136,112.9157775443324,119.96025261528585,119.00101157420224,111.93058356017102,106.92113080737153,100.91701835294869,100.82563297413874,99.90321269798189,97.07313796698492,95.13983005847032,97.51888021784794,95.59127735421458,96.7469146858551,110.36216047678028,117.97258894106713,120.96552755698613,118.59709565972496,113.80994246002038,107.29203096602274,108.23872150745026,110.91406181265558,107.48940665517776,105.4697730426312,103.07766838502874,105.72560059321388,111.33669499767915,106.44926841825064,121.7790554986576,119.25318776961161,122.34721513500367,115.84357159476313,118.32046841243135,114.54663804795473,113.60662082408264,117.7902453942126,110.88921164025646,114.44259168472686,110.00577939774381,112.44977287756576,108.4524080737639,115.15955878071065,108.5038113323004,112.03033273322798,106.22740700875933,108.18934702128892,110.93514184904937,108.83999471028004,113.79566956511195,110.16464769660276,112.27123475316739,113.22543270689758,112.58926393064874,114.66985322775416,112.50450041033646,109.92864203590241,111.79876183720556,113.50185783253168,118.41306597598727,117.99327213307993,116.19026996548101,111.0203598027436,109.75228166006796,101.2427459282509,100.37829837298443,103.03033617059111,100.40301418988663,99.54849153944329,98.87646443050689,100.4365737301304,103.95722690293412,99.97555290991522,99.99257395199695,94.02579221501978,99.14674349214526,103.09632711096388,97.64698442549847,96.17532426058281,103.6852806536504,103.66362695699239,103.43737374644326,105.24163465050239,103.61897429735731,101.2738877566736,101.576194684392,103.8819360387062,108.4809013316933,105.63334523342341,108.85755063960228,111.6087078588366,108.66793081121797,,,,,,,,,,,,,,,,,,,,,,,,,,,,,,,,,,,,,,,,,,120.59346901476205,120.51565610899002,123.60150880338358,129.96894139207635,125.42184949986968,124.31794332877908,119.40231344903674,125.74562348316276,120.41053730213596,114.024196758374,116.26017674192607,112.69970793627324,110.55487635187394,109.49550685026048,105.09502166865173,108.7184950653358,112.97124340606975,114.49902444905821,114.7509529605716,124.36577646505576,122.99190444698924,126.61766055609495,122.9731768776126,112.39370685846588,120.0886432662491,124.49913587463743,124.1789430479033,124.16421345682754,122.47608508118876,121.70304128774038,116.22715224521065,120.92098963261775,116.2234557816822,122.54794316345055,123.44367110095602,123.25168307322721,118.00495879889657,121.10846914333356,122.47923447282798,119.27802256816196,127.06544426899193,113.4109134277848,117.48122510542272,107.31481057256748,112.32900336873487,114.3235150655785
2002-05-21 22:09:29+00:00,128.48367387179277,112.5969489438036,110.05833125016599,104.00697760153683,107.85854931790931,123.64928184108024,141.7433082264761,118.8092208320969,108.27456568012013,93.34504048557763,88.72971536766205,90.46135792145006,78.68646379240336,90.6426476510283,99.22468366794793,120.04892121534203,125.86489242822852,142.18985996819652,140.46571646834684,125.91197913981065,131.22748900662478,130.60562408018217,124.18553578447286,119.02091188474135,121.29565141239976,109.5374758509507,114.08191285587768,114.74036742609589,101.82940186002145,102.85984551673266,107.79578287971303,126.23187695700244,124.9183176602284,120.61932496600987,133.2218480592803,125.9519989621858,127.26607890409626,125.9960699329663,119.08476376560854,,,,,,,,,,,,,,,,,122.87060244130362,123.35395045782238,,,,,,,,,,,,,,,,,,,,,,,124.05550213971439,123.21319884489907,122.65968312858254,124.6530538231794,125.7601569339241,119.1249406948555,112.0430986806638,116.40487486865942,116.87324248047207,119.56968886298574,114.34054329099126,113.1647229448364,112.79454739658411,114.71156932195925,114.27183227887639,111.67733462074105,113.37553666389833,114.8500710960936,115.7912838488365,115.9852788129277,116.7577672853683,118.66531761097511,124.91462486446508,122.4899308137302,125.68411829039094,116.55170325798228,126.77306937057517,129.95642123617216,129.96037268085053,134.10978520521152,136.08716682493676,131.72128808469267,130.2114164766062,128.917725906083,130.9900059534442,129.1284739846591,125.81056187315525,120.07350109600043,120.91557362850254,112.57665578000888,111.42199994591348,108.85108980121343,109.51064229865005,108.3088942260277,110.63964289859858,108.5160844656282,107.35670158374757,106.44132770122256,113.97199166287297,110.940689443072,124.52236104783783,135.46694163008354,132.84379592637632,129.78100270854281,127.86074640915598,120.60450832513754,124.10322023099572,119.9563258860963,115.87787656123062,118.08471910104083,129.95245386102644,131.01608948715636,128.36535094651344,128.74510714722877,123.9953818859379,132.6398905578552,131.37380588671323,132.39101122624737,133.54714760462485,133.03420675065286,135.29648236322058,136.67049850944767,140.1543317258333,134.84953339991745,140.58510074181646,139.30791399825583,139.19784077131982,131.13461117979062,130.87230073821945,129.35770529923167,127.1771220033888,125.61482242384744,125.01369217825058,129.60325867933102,128.1608240289264,127.9707495425001,117.55724795276726,123.21841328107195,126.5894200150961,129.4158663872336,130.85856357325395,132.3019033970291,130.3406964792288,128.1526018329137,131.09175759873835,133.60624968493752,136.23687651036974,133.1511655016402,138.84888009007474,128.7828972808663,137.84870504588466,123.44973997123019,129.41140243553485,132.1948449422236,129.89231072742936,128.88907236048766,135.89955731943445,131.74461702789353,131.44032640253042,135.081100961803,132.89688628615187,138.54149069794943,127.21588980067735,138.53834791686768,127.60262783148254,132.20216992781238,130.97100025071336
2002-07-31 22:15:11+00:00,120.81473442024263,,,,,,,,,,,,,,,,,,,,,,,,,,,,,,,,,,,,,,,,,,,,,,,,,,,,,,,,,,,,,,,,,,,,,,,,,,,,,,,,,,,,,,,,,,,,,,,,,,,,,,,,,,112.38066940536396,108.64370355428467,111.68452747456793,111.93899847692353,110.03593425241347,110.02418817256908,110.26360527671555,107.97064576383164,107.45647702813574,115.47460777838809,110.50284893916852,106.93803576505304,102.51028410187543,101.272785480174,97.2014639674868,100.52652490284189,96.44706992480559,97.97302287972052,98.54680099434614,93.91315033117591,99.61428470698024,100.3813460474741,109.18892948582344,115.87725322480424,115.73193200863075,117.81657737941882,129.43486223129946,132.30474158956693,122.42721271704886,117.34794493784939,113.78831310865509,113.90768285270865,116.52943987525626,118.14232926764734,120.86564598157918,127.1547513500656,125.5818367018971,121.40484637743535,119.37311384821152,126.27838239726455,126.34800129323384,126.25003278657611,127.2326731061008,123.98789646911796,131.25254726114233,134.9359437387616,133.84265094702013,,,,,,,,,,,,,,,,125.49853054109369,124.4244800996888,126.42816563407419,126.98461788378484,120.54555402851406,125.99309005900561,128.08218370711646,126.79055532575873,132.43841916320122,126.20951448259774,128.80343594556152,130.14234809965788,126.86380809124311,122.69665318016855,125.76395382127788,122.32762668644742,123.36299899202902,123.32951836835966,126.75738572114386,125.08614028202366,125.9193090616764,123.75943039117297,130.80956007562457,129.52475190299361,124.75239932373096,121.96158171250916,119.13351979455634,122.3458774252229
2002-09-17 22:14:43+00:00,,100.95095378249091,114.47240895747949,110.61758825167784,107.40553082106332,111.52782653322079,120.58673192524982,113.27803133088445,100.46157136928143,96.00802830167453,94.79986528099447,93.17225687512705,85.00660318541954,91.25740743717864,100.86913777105856,119.97049325458492,127.86751607141525,135.77439500200737,133.9037687046006,129.66020700361736,130.03615859652174,130.66237996820155,120.02321935146877,122.67966598509155,112.98463463445192,109.00503626843437,111.0743046423943,101.53330285750549,108.13506073712864,109.87319670185354,109.79893694959466,107.03516699269211,119.97099957514703,119.9667997248492,121.17256909823466,121.75380339185412,125.50722102098855,120.11379471562012,112.85225751899713,110.31617326092677,112.39546993983635,113.88078021959377,112.5882239838464,115.76329840433333,122.21546546733168,121.32195973507736,128.2841965591324,121.41824465909863,127.42152846851552,125.69286511219916,127.63754074287752,121.44951420647456,123.44422954698642,125.62854025961342,120.6296325072921,120.49659926214223,112.98241446325444,106.9833831235117,105.79572039473004,113.50581681349964,122.85047714135692,119.428903841745,122.45021166893261,118.42722358616753,119.21806443075754,111.30166979709547,111.51251366029166,105.28042086840588,106.37145854984473,110.95960288014923,117.43507187040548,117.86970800543186,117.91637244504012,118.43127168582761,115.56734498888407,122.42020450393352,131.50077906747646,129.46380039243158,127.11878366892692,127.48300214341565,121.49814242639307,113.89771702809264,119.85840556268737,118.91331892642238,113.0210501666871,117.22678219062244,117.84297367287063,111.97320686564271,109.17789110633444,112.6991239495742,114.14217364245152,103.56036719746174,105.60181591443799,110.93775134096,107.52497252868339,109.79737504827415,106.66221007380238,109.71055943525845,115.35771700025222,118.34401373155755,119.14112394116326,121.41493523097594,120.51014661583449,121.38298995028399,125.78501868456338,126.55080660058745,127.79543804889023,126.99368805347675,126.63423812715156,130.5780193901476,132.20466739896895,136.1314118932111,122.294610696359,115.77822853681255,119.17341442621486,118.5131379698812,117.63944083409218,109.97382168760853,104.64418138678744,103.41195712523437,100.95331906095217,107.70800122091245,111.28185368279398,113.60856955333065,110.77382626206152,107.81634829560902,107.97826375924033,112.39397791145785,116.22172557258612,120.5138209063972,123.32490850824453,129.29335597015694,136.88863603884957,138.05719844292096,131.81056870542963,130.81598887423385,133.018688531926,123.4200577129994,125.14727955046787,129.55805110368797,131.5295174960774,130.46817259549402,133.01420560197212,131.0877481872175,130.9632504901741,131.63647835085163,135.02157764506597,137.40479680054645,135.91814637274277,131.49981290894834,137.45468369164502,140.02168905610984,141.31853623584914,144.20029251262244,140.07645288939807,139.86980122077892,127.95596448363189,136.72531232802226,128.89197591716672,132.2640682202333,126.95419662356392,124.99303719615617,130.31454690489517,127.43560511036998,130.33766454985994,127.49997304888623,131.7325364811265,126.63214573484329,134.05647443551223,136.5835908399956,136.21100020534422,132.02230059986394,127.27910802437839,132.55126177819858,,,,,,,,,,,,,,,,,,,,,,
2002-10-03 22:14:41+00:00,121.76954335715553,103.14444820112685,101.20402968705947,95.01929360602797,93.4665459039023,108.97878286890361,121.94391345940409,108.53027709724174,101.75195040084077,95.48282382156006,86.25682654731123,90.28534068530692,80.74579631688691,90.29988172653577,101.58888106415687,115.6112441904884,128.62295078230207,136.06174269789088,127.49277898011432,120.32758917288811,123.50372627786928,122.37512527585599,117.19307818729224,114.20718919225712,109.09126587429083,102.99528122459928,110.65098315870289,102.78768030255857,102.0489320186922,102.94762214351873,108.74542788097634,113.5355821181322,119.47150377357697,120.8859895473024,119.34267376506568,117.33521021607788,117.54918901102538,113.52762613423046,105.96545062791694,105.2073031352579,102.21847596483789,105.35656328408174,109.2556455195427,110.97272642058512,120.25960625845944,116.11262435963994,126.33935965694064,118.67641330416171,125.51717983923356,121.745252491607,128.67882075072532,119.07337666538983,118.19271496820326,118.66057245605589,114.81345972186436,115.22094804787757,111.00089075629927,113.33626397746224,108.07885000868404,114.98222733786066,111.01446735596429,114.28952613624125,113.0144247179493,111.63348343918935,110.23629006481373,108.64254719473878,107.1998544315033,101.60648334293012,102.26939661887204,108.66175987734464,110.62594426781168,114.07491077358944,113.47914023673277,108.37981288437977,110.52610415163154,118.27836837016895,123.20864208635729,127.2220990454418,126.37420004012135,122.5931144917296,115.17502290186924,106.29396293676172,101.69109337100416,104.07689375855831,105.4690286143096,110.75311530252417,114.93828011366975,107.28100255449039,108.46968266758537,102.99869463497377,101.1534471985529,98.33866130915094,97.57598646921784,103.88142524048185,102.09286429589986,103.4431449055015,98.02739117034555,101.0358521942077,102.36742224851457,107.48655220235415,106.89054660619976,109.69768528016978,105.7831273510146,105.77251458745445,102.41647268479504,105.87536773160271,108.11859083456146,109.12508010937461,115.92393238932883,114.91670508412524,119.41955938657436,113.29807049379518,113.03634183284713,110.7631794005928,113.82014300521614,115.64079963472601,107.03884828854594,99.07317450434945,98.60536313071812,99.37783291620485,97.54171308768593,94.06272321088619,92.51179431317786,96.82052743242441,97.42743956783879,96.87875302418335,94.02474103250212,106.39587499799087,99.28927329645444,97.46284098585488,115.13919152278983,113.60779547042331,114.2784415521366,115.46680479351951,111.19980840077038,116.02449797085691,115.42989728735533,112.48563462395336,108.28546589379992,117.70586040126645,118.9984029452389,117.56717940986799,114.47986039059279,113.41415310957265,118.13960048593358,120.5220116726341,119.09793488533099,115.89805925755854,124.71339129671473,126.91865481364678,123.66294399621059,122.083499835614,126.6938397361133,129.66883719737964,124.36758105748876,128.85374561551552,124.23816421518433,121.3327037613056,118.94682676026372,108.48126177829803,113.5118502847501,114.58442848236912,119.81692552821225,118.24080231535157,122.85836909154744,121.63991616146694,120.97205305994095,120.23828304447326,109.11939263304701,125.77167092894967,123.58949330762351,125.06102572188875,122.82232586547724,122.28396042952363,122.44218188982107,126.65475136414602,119.09982518194715,118.83514452755499,116.02487573149637,124.84817491557467,119.05652261945053,121.25670033452279,117.37840301593926,116.53536839429981,111.18513374735869,116.07918762997019,118.13475406511546,118.98277019410278,125.6590989071506,121.23810545508587,126.758315155811,115.8873941318456,124.42637516760692,114.04044934633328,120.66113360858023,120.21748352854691
2002-11-29 22:09:25+00:00,144.6221579828859,,,,,,,,,,,,,,,,,,,,,,,,,,,,,,,,,,,,,,,,,,,,,,,,,,,,,,,,,,,,,,,,,,,,,,,,,,,,,,,,,,,,,,,,,,,,,,,,,,,,,,,,,,,,,,,,,,,,,,,,,,,,,,,,,,,,,,,,,,,,,,,,,,,,,,,,,,,,,,,,,,,,,,,,,,,,,,,,,,,,,,,,,,,,,,,,,,147.6588190049423,143.32216054292002
2003-01-07 22:15:16+00:00,,106.7222097275877,126.92905317625731,93.06209493258417,96.47388165021479,105.41005886354864,114.60276791117337,104.51541489732115,97.77212423872504,92.93178859169558,90.60079060297389,81.49296694827494,78.2821600641056,84.91289158526857,90.98468774739814,99.22524167527851,109.25291834273732,116.06577810115381,121.2896849880799,115.68200861255116,111.61716308478536,111.47698743073052,112.48263038194393,110.26522763623146,105.44081677267255,103.5280560800801,92.72705031484216,91.73869449017157,88.91143635914638,89.38763290514265,96.13829132416137,93.85257323698316,96.46898329022342,101.91215407212296,102.4881668985862,103.8697047471244,108.67693206886378,108.06094998982589,102.899879978238,100.28187546905536,98.3155020283222,97.78210936269289,103.23898441945715,105.44330153564057,111.78075918021007,116.43806210397987,111.65584358120542,,,,,,,,,,,,,,,,,,,,,,,,,,113.72186028610193,116.45199948530514,115.36385722495325,110.59718676003985,114.93618245183423,115.65041768796193,112.22541035288563,108.16002110607408,108.31425734676513,105.8594391872305,103.28659254877397,102.27974589391997,100.83963073665012,101.09266317723625,103.81343688094344,107.75389142260117,103.85199557578183,106.98568562046765,100.54746986961031,99.50200805680423,95.9350082263368,97.45146160490151,97.37015286024169,98.73077059836208,102.55694607986796,100.04271069560495,102.41249568957296,101.12863028383491,109.11632918425127,103.69177673622032,104.14994716409461,107.69785550232451,109.00313692254699,110.08718588108391,107.63143753896723,112.70196422493177,112.86888900377654,118.99570071475443,114.38136706958332,114.9147551414267,111.57723303777439,114.49524641078587,110.52980468812271,116.76768953716211,102.53448981786467,88.12255700113396,102.94791480411934,99.05075689670676,103.13963695371137,101.39660647718607,102.8343059279667,100.73759827566603,98.39439049012432,101.25052924976728,100.84376251519679,,,,,,,,,,,,,,,,,,,,,,,,,,,,,,,,,,,,,,,,,127.5959994395868,127.62527495614505,130.60829925193744,132.8230703126317,,,,,,,,,,,,,,,,,,,,,,,,,
2003-02-24 22:15:37+00:00,106.02232777207996,93.53390952831955,82.34327195255136,83.51813096427672,91.5131842024368,102.58719599936671,113.39518635570728,102.46740404596187,93.17271056340661,86.89063242282923,78.46905025411094,80.53347732597528,75.03383630818948,73.07728795520165,81.4902528674003,96.61814941569193,106.04570225113586,116.15913804550293,116.44160664861417,110.06621362827703,116.52171034600973,116.85592912726901,110.57572549189415,106.98674233974687,108.12213208639399,99.64055337018742,97.54946123508773,100.47489923042662,95.1925704362448,92.43722434057142,91.46360780228727,97.8889374720884,98.68231231968032,100.17200121405821,104.27915907434638,109.24517204783801,109.92334558500438,98.16345661561257,94.3236255703973,92.36528339643992,88.69356190224637,92.33469268216776,91.50053640374497,102.26251388483676,107.30606726136762,109.27009189101173,113.31267148801163,110.2638559428331,113.36820805591874,107.11258535329355,107.17808197280168,105.08830430783016,105.32255105534718,102.65607142856803,104.540546028829,103.38225201177832,100.92262136616594,96.11558659691146,96.94103630042616,110.37648495888007,108.4014267611977,104.99640961121634,105.6128239298997,102.62864921003272,98.25161932403886,98.3389030795593,98.19683636488928,95.92727510335175,101.38995502245652,105.24485792325838,100.41714731394849,103.37176076439086,105.70551268930144,101.5311122707168,104.53239708699061,108.83582559573667,122.35873696734127,117.99269948192813,110.92192348932892,102.12614115595609,97.88748694483908,92.41293961599469,91.97848304589134,94.40156087522163,94.07922375905237,103.13284236361982,98.96805794783079,95.941190722321,101.24093139346243,94.17873819879955,85.6339279708512,88.26683060122348,90.71049528356588,90.21010504778162,92.03809524770675,88.65932352696608,88.57167002878911,96.71636793753154,100.17083108047336,102.8371262590597,103.88118638166279,101.56933139203153,98.1901951715951,94.12168980593388,95.27216474533036,97.22678503678576,94.82676960338465,94.3799221936828,98.05549723764209,107.22547460686076,105.874839429653,105.41052257695074,101.93473190369671,108.27514848074603,108.02672971352854,106.55916585713295,104.82330342324305,99.90369457466133,97.76606895706453,90.95579828693961,92.04705362028533,89.70490954569534,91.60295468479305,93.1835079070183,93.19153721521101,93.88464206106102,92.94820994462988,100.82216703150479,109.4416318174535,109.67908927585135,111.31209592295306,112.64506406412686,123.15384574929507,118.40164742566348,99.8648560740598,111.09876297150326,110.97377972028514,109.83661035761148,110.74091546153537,114.60505225696026,115.7825437199451,117.47373809132523,114.70285983923725,118.89475421983752,117.12435919397154,118.72653796715835,122.13267622189967,124.65645646938638,116.79839892353095,117.25691596696683,117.1198907080962,116.7222294543399,129.38058796916275,129.00458528292114,123.50216976826377,121.88607399199996,121.564531004422,119.28123105291093,118.69144374678741,114.71766736305666,114.80883901248954,108.12462692740728,112.89610994497392,111.92579144822945,113.22637050293936,113.90255969483138,112.1473117913189,113.03238722360902,113.94217602440418,117.40954108671588,116.42767152563697,110.97037454389476,108.6725748049184,115.77338960237815,114.97882323310928,123.50783349726926,117.51212204706381,118.8797622405063,116.32607583249236,121.92334951759723,117.76682687059089,120.74882950156204,117.3361866920879,116.61835029922345,118.28730877661773,122.39211083034209,122.92233764160395,116.2175069367009,117.86889442119569,117.67797968781896,119.91007968786009,114.1776218563689,123.63611330833689,106.17425228741621,112.80062433815985,106.69508046269874
2003-03-21 22:09:27+00:00,126.66242672110108,122.43699993738798,121.5566906294653,90.70976562863271,96.35000751905125,109.01291874993007,118.56834657421098,105.20300826805598,95.45704494361215,92.55684948648275,91.92293310554173,78.37723016409325,79.16769853642445,83.23739173003251,88.65332619666192,100.09702787265475,108.51190585674908,117.83397965516676,121.25130239495745,118.30359737153009,107.39480337960026,108.40682270644857,114.2698066719211,110.92688458463213,113.79105756865424,104.863927051993,99.06141954436173,101.33903928119511,99.89926604779555,99.73703416188216,97.30062555999558,102.07711839487214,102.01238325129947,109.56057380673218,115.55642867786466,122.32748110593147,110.54122063743954,108.47626146192408,108.0822881301159,103.92357177536718,99.64152052758271,103.51371663128705,105.76174790532303,111.5612004988174,115.37849658413744,120.07272205298352,119.90307028372494,132.31977643684874,132.510255952034,134.63313930543126,130.6709537173319,127.80714567297481,122.13477901885054,121.7920052200802,123.37515716620277,122.13535438354081,121.69436588254293,123.2133521466969,123.41412657035663,114.94118383628161,126.13227950479202,124.98213903387891,127.01490161006402,122.16393689826639,123.40564138843881,116.59013406717574,113.90060231662305,116.17665858938759,118.02627544553478,120.20980030048133,118.92364649186275,115.1930210544158,125.2697368588028,127.53841325504386,125.59745332434552,130.54497289878685,129.74278039133955,122.05639368602323,,,,,,,,,,,,,,,,,,106.6158814117489,,,,,,,,,,,,,,,,,,109.84884868463573,110.07984558077405,107.20492546572864,106.42881316243364,100.25523562192616,103.35731543356647,102.91946605431465,107.45999647530809,108.69432575725476,102.81792412197503,102.59037248888382,98.82033056675891,100.8449890528411,102.91618915232269,108.7802185565663,118.283804309819,118.07403556274122,124.21819011124117,125.62013529368052,126.0525749077103,130.59075948426366,128.4486377908675,125.94964605896382,122.94546720194758,126.94073309618972,127.01912655200199,123.56228903783304,125.1502942123737,125.53988044632919,126.03198733937163,122.9101089984801,121.9435907429311,122.73324091787019,124.82129408346448,126.06989085200522,125.45815312412995,127.27971396166376,124.30168480622662,128.681756110825,131.49894541046567,139.7273750510654,135.36178772681592,136.59067607523423,133.85603889935726,127.97072178499528,124.69154731090319,127.5860504715555,126.92231573924778,126.89208481474702,127.57126483942419,125.88658416475994,127.496735959092,126.5355323359376,129.33485180409062,132.9377880703492,137.12951405620205,136.33569075004226,139.3837342398116,139.95904695578668,137.0251635541956,136.07151445691224,135.16721720545203,132.1633355810152,137.01242712916516,134.44562531661072,132.84395390743396,123.67063557284722,129.4844152092876,127.72526557162,129.34795557144218,128.4176566175174,127.87005308790864,129.2969353826132,131.910569463004,127.1945450875092,126.5495459563698,129.70043897375294,125.05996736924028,135.06144483158914,122.2746852987475,130.85236901488233,126.23711087228085,127.81711315833469
2003-04-13 22:15:43+00:00,122.78727780110736,120.77582763669736,98.75103221432522,97.63952333496405,108.3413336002271,124.17299792538122,131.371521675866,117.78128285304237,96.32127549152895,96.44945448528038,,,,,,,,,,,,,,,,,,,,,91.98021482378708,103.00485902983456,113.0921764557051,110.3619689805237,113.96992719553647,116.09528277895677,119.88251467087547,112.18039042242349,97.56078236625439,95.35060214514155,99.79791162915387,104.42286632075442,100.34740959723564,110.43273525644622,109.71331228312144,109.42452784010177,116.87976960241217,120.84586188622771,124.36575678829632,122.47913416160274,121.86082857271886,115.39411564640835,118.09134566021132,,,,,,,,,,,,,,,,,,,,,,,,,,,,,,,,,96.41782603258517,97.71934982768936,96.62224917972057,101.50664712786448,91.11150472086214,91.42411370650045,94.43644605983525,99.05113360213245,101.53704557832917,99.12320205643307,94.43653651127767,100.77315626956306,104.221243897797,101.6846058105721,99.7916884817941,101.76882327428996,111.0590034220629,106.82868932598953,110.4587197726193,104.87711659913901,105.86092750765745,106.3890009884191,104.73141975416564,107.35567240032982,109.73482132159846,108.23249479222085,108.12458583643043,107.93203427366208,104.09444952644738,107.00253978493164,108.8391406643406,103.8201370100156,101.13810493844967,95.89672388778928,92.0975793988025,89.2543485846827,92.16389723987268,92.1793479904834,96.17334514779618,93.38968183924352,94.45700538883641,96.01818178992954,97.05142647402522,100.56962859765572,105.59079198032062,108.64923388314462,115.97021708587408,122.38111828809622,122.20422373306974,111.86778775964382,108.98893456094684,108.30291837330888,108.78145843649122,108.86820470139834,120.20526824140818,119.3161403005671,116.7925074437471,117.7824008903777,114.46069223787168,118.2711539342574,118.02498690674764,119.94960395127802,121.49663306623268,121.72043975649436,123.5350893666042,125.13213607974608,124.50598513631896,135.06587253047553,130.72378807487405,132.44347911389755,126.2366826603743,121.54314691670203,124.19181673693764,119.4306729243207,115.74365472111867,118.79074358237932,115.4089630050188,120.2943629393626,117.19654415692779,115.07420694927372,109.67179871147349,105.11549826622601,107.78976661052475,102.94902701249308,113.9893609895633,110.80376422198813,118.45322483984658,116.36471997660098,117.39227667679165,117.74475064949371,123.87301207222183,125.31548666314782,122.21776848073681,118.32413002617092,120.69860074297095,114.17575276762452,118.62718076947553,113.11474376551709,117.17876008195914,113.74361347851334,116.11164722397372,117.83440411226115,118.14606806567193,118.51041254804542,117.02909445464356,122.94111768365424,112.49638045674465,113.237013703622,107.22168194850187,116.39682139205794,117.54342652693451
2003-08-03 22:15:22+00:00,,,,,,,,,78.0542275978787,86.7105907886153,,76.46882108165443,67.1718306672719,76.94194705394713,81.05889932187979,95.2624424296198,107.68470930869697,112.47182223311304,118.17148509503264,111.32124246682659,105.75546105821932,103.88809367953633,106.87482462451419,105.07045724360873,97.46829114989409,97.9449652029304,97.22874895851504,92.79840612971495,91.40891297340382,89.89512980799881,92.52228454781266,88.07833476382152,93.13178124845253,103.35980072580472,105.691792215242,106.26837956699354,97.0419876545371,90.93627396944692,100.92605796274783,99.65855633225594,98.62061462119784,96.04381515946692,100.8757531521775,103.74990734246539,102.97968018807374,112.05920591061835,110.69157264486262,116.72830722124418,120.44250324254956,123.49143311011463,117.9472912190578,117.6283566592722,114.97872883534085,112.95932824757145,117.91955211421624,112.33969514827211,113.95022664663344,111.80296406773206,112.02004444703587,109.84284131988086,112.04608855509824,117.41529467790357,113.79950652664073,115.5080055354686,,,,,,,,,,,,,,,110.9271250197557,108.24704389218418,108.08917387264778,101.00462763510279,99.12639149265092,94.05138383566812,94.4929647620812,98.15264807007848,97.93194162666018,98.9092424347862,98.59835231938769,94.3461209873788,93.14951130063216,97.5129699432785,93.85589884497689,91.45184720227395,97.2842710199454,95.08000426621727,99.16056251175186,104.2569450828788,99.78581851232276,104.937702823853,100.00671385389946,,,,,,,,,,,,,,,,,,,,,,,,,,,95.37750952282347,105.27786151437569,112.08096033228752,117.44166502510467,123.31527322544505,124.93107954985213,122.4592709908787,117.41105876119805,113.48618954248457,112.84119988028037,112.79154807007009,118.07406124765237,114.02473733680331,115.7145975446418,113.5525634463396,113.96516690084106,109.73643490878683,108.72619133059074,107.73567022742432,115.71100422802849,115.39614790833032,114.89898335786884,119.32439514170542,121.71723980689777,119.85908791989569,125.40728855990845,,,,,,,,,,,,,,,114.88318414872849,119.18857047730461,121.51394340681036,126.22872272960842,122.73079848570502,122.7349481062246,126.05907179985346,125.44696405280666,126.88615420745256,129.9640681845577,129.6164836158048,125.3328362226024,118.77531324562938,122.84737467829757,117.15975432859038,121.75935048731434,117.32284515547605,119.26108140945065,115.7691101682904,,,,,,,,,,
2003-08-11 22:03:51+00:00,138.41208357849018,,,,,,,,,,112.21359267536607,105.13762463243465,100.68095191664031,100.51840050955462,112.77419606673152,120.46099871748535,130.85001666535496,140.04617507198816,139.2501446830154,137.6065757052529,133.29254567980342,131.5147864750654,130.81013312979633,128.64023643833772,124.28881156846063,123.36304194078733,120.8576190951575,118.49178793971419,115.44055312327211,114.4154351639811,109.89917694110846,110.64893504331833,115.61019264325037,121.72192837298655,122.0123705449956,127.73678313067472,112.18681802672415,113.98532038621308,114.1345423617099,112.86162842718107,115.8542328026233,118.07466359483732,118.3457170983309,116.9299991195885,127.3387070776136,129.78983183603083,129.72985514633552,134.01853538009874,136.6611222586245,141.54551215250055,140.73407943473472,140.68402368245478,136.28084431252498,135.74763187437384,129.74088055438492,130.62708411287275,128.90252623498336,127.36489139852733,125.98585964767815,127.54962287027377,130.8413355820009,131.00247033283622,132.47946845995014,133.62862070921994,129.99817494661878,,,,,,,,,,,,,,,124.65866938589937,120.61369900486875,121.20746765588166,111.13650179484141,113.90874122517735,120.18187255317534,121.00584788520368,118.2016022190083,119.4431425490121,114.14379903297755,120.82271166223552,122.19424815497106,118.09600343552636,113.80574434512664,117.65429712342927,118.4001409979157,121.61091257836777,118.99380823730291,119.90669464493749,118.23906683274464,115.49629435825669,124.08725594657179,126.19159862935746,127.01283836994583,126.69434976350888,123.53563630316512,123.07999849663419,126.58084772833334,128.86414949139285,127.34842047227295,128.78341999027373,134.89096918030253,126.77986330978601,124.50570678599826,124.0479462975783,126.75162832434462,121.18087912880235,123.11842226063311,117.50256477922218,120.53478688151698,117.21896840446063,115.71997040436258,114.4973748325978,111.25511997149212,109.15118210781085,110.75584488316329,110.70249089694666,112.9789040271841,123.36621677267365,127.2262723533672,135.1510281570992,135.67746471447924,137.00390952032328,145.63225506683614,144.33581047731658,143.88697856240478,137.28601743012277,137.82333979916126,130.6629214990925,132.28984700074986,135.1836473642896,132.38239737444965,134.57487361558498,130.65097515023044,127.83124185966045,131.69381567187048,129.2907822677109,131.01355662209292,130.65817002498352,133.04818311153346,131.5800137337326,138.09082358277942,142.8075683926927,149.48277823168496,146.57471896991055,145.77234781636054,141.56866878146124,143.08165101793412,138.78285218631007,136.21907211343023,136.31571421879715,136.3532385257528,130.343875268182,135.41619633003145,136.8404494703386,140.50941076673627,139.29746422944058,141.7424097873199,141.43767600270192,149.55501240417345,145.64870836940196,151.85236019815335,150.52452710329527,151.96927574228658,142.36446794541965,136.91196169390255,140.37237395257372,139.25509167714327,137.81463933625207,134.56566524786754,134.71054954307732,137.5520360511,134.55896110271146,131.05445897039326,129.0210727682926,128.48115795754305,133.34286853861263,136.18458067921367,135.8849508545902,133.53616280664744,140.13937328735673,138.48287655899816,139.99980686734344,137.52026977809697,136.53212124885587,140.19156544286594,134.62884578704418
2003-08-12 22:09:11+00:00,,104.19268040092508,89.80565701403813,90.06397827169789,95.85864853537097,104.62435129670556,131.94873347600569,120.39852564855548,110.85465573089533,109.40912386537167,100.71178174042575,98.02487833727287,93.82171570292105,94.95572272055684,104.575218707439,111.66186445581593,122.94347046801141,133.5820646987559,133.04781667528073,135.1205369565155,117.62559364304082,119.47736684741366,125.2116098528438,122.94528032187213,123.59123396903647,118.49078714138733,110.00330035878929,106.01917796050165,110.15464982705926,105.90338235825202,106.00337876365745,109.2532976127234,107.63364211066215,114.3717626800445,117.53847779458724,120.30902557958561,103.78254080008138,108.93026336741345,110.11788004009225,106.3421147020565,114.43531473242543,111.8261983360838,110.39724371021126,115.73615221577899,118.35051926702658,125.58946426127923,127.16307928582131,134.2906879256375,137.5901934030591,140.3459151612538,134.41118068471343,137.30512586671875,131.53781881060215,130.88328334238008,132.0698937062097,130.24810968353745,127.46061283962209,126.73535135653219,124.31979129796056,122.37441263834745,127.13266898181261,132.05012274647441,131.4392922697472,130.69271683367532,129.55061932000447,122.31163981679966,119.88569469746362,121.03537878605569,121.15183526011985,125.91608185979695,119.7725945984678,119.72982408683379,127.14372626256578,129.6634170901205,131.97423503292237,134.50845354212845,135.30484928191115,128.14953093611192,123.84213920130497,121.53774241067947,120.16956520589798,119.93133748921593,112.16669949879604,112.469482720155,113.14561807738104,112.94403211529749,115.14953525594449,115.77985969517876,112.8346584601466,114.00360817803887,113.41725303883364,112.19913629039027,110.90171052155559,111.1637093177808,113.83045825015827,116.2825429660332,115.02576412789004,115.86250044135741,117.52204198313021,114.9873811344092,114.53188613086571,111.06649774801805,117.03542024202166,115.89287688589128,116.0376541397592,114.89990853966202,117.14712490024303,115.40235976933918,112.56561501417198,118.2348277777227,118.94264016105653,119.19848993073504,117.08215767725235,118.03111770299665,119.68019099058539,115.70208009788124,113.63209092483685,109.4941838525836,105.28631105624615,110.8749099624155,108.98592273682293,,,,,,,,,,,,124.14927392486672,134.82225290485178,133.43972982933153,131.66547111375093,127.41433944329998,127.34521123594797,126.98217025298777,126.6809472652059,131.30226614595742,132.9827526031278,130.91391536548952,128.9607286724145,130.38560410402135,127.21208173673384,131.3716740296797,129.26944688379507,125.96963604474232,129.7970767777517,130.3185844160318,132.4508432257279,138.88348346333152,139.74661343004695,140.55943010953476,138.82806296348062,136.4053544063663,134.84050141374397,129.52039799696212,130.908545844179,125.36668595776746,127.08853939976385,,,,,,,,135.31858681489848,140.78169807341087,140.6419686337343,139.1541768832189,139.96938751552136,137.488782269545,137.80406322031882,138.89058439538957,132.6944549293121,136.5244862072695,128.41722207351683,130.75453023725845,132.02978870929792,128.87195997980672,128.0668834622576,130.5474770408607,127.83077561587163,134.9025912786456,133.64946199285637,133.34421677153676,134.95809833611747,128.1564593888042,137.98125614535493,,,,
2003-09-12 22:04:26+00:00,119.60783713156938,113.53088049880188,94.85809977866458,81.69910954779189,92.42357889246313,105.50407815530775,127.19903356931039,111.220113859321,104.59674783067749,99.51103450985237,100.17917378253546,85.49598875477875,87.15742828090161,88.75188882948623,97.82398676708094,106.32589209048118,116.40061842069264,128.00337504741563,129.68406719521283,127.32520287404213,115.21675503250174,111.228147269077,116.59892090158883,119.07073398264535,113.9371917531483,114.5800615872514,102.38540519836594,105.46474716377281,101.06337069438271,102.04232065233514,98.66556702045443,96.85222100611108,99.53644156907558,107.63643281293557,109.98981502932384,116.4495949471733,107.71842246452287,109.01069612865737,107.48755238494363,107.59078200002429,105.98899899932286,104.93996506747085,106.59114791905975,106.44354242749547,114.49321839291123,120.38258677952427,120.72542105442295,127.44214805105626,130.40650233977382,132.4470319790458,133.6671796209422,133.02001626729216,128.78190183184665,125.62136326156536,125.71298684686906,123.60417340214632,120.87866262926518,124.44840160590564,121.66435447826667,115.31642637659651,121.46644133479442,125.3504848178175,126.75721726365765,122.90374397395254,126.32392648339372,119.4792660612346,116.8060791990806,113.1865929703506,113.27606382265407,110.07485305238367,112.83287787869287,110.35188649327426,111.02167618930451,115.6652088345788,122.35480104377756,124.78400747909586,121.73605610828683,119.00581251891121,118.68103976797903,115.28465812418511,109.28641252766587,107.19369420285366,102.63288724637405,100.85822200611221,103.56828832618856,104.18037074278344,104.72338444280248,107.31119329433824,102.2270877167905,102.38233438063543,103.09876669994104,101.63634404888855,102.01018159985423,100.19871541137888,99.05431214059756,102.11125665946619,103.9582898421432,105.33167088467569,107.82211966099993,105.82437197324289,100.66494672899884,99.62372927852886,102.11840844075472,105.62655263533475,108.53009193673219,109.27732096374798,109.2971148208832,110.69619231732091,111.0130284930705,112.36017157475621,110.18130099858388,108.58861335906613,109.92609738296589,112.6074542343481,109.51283454006544,108.27911412652224,105.18387289518905,105.33246462800174,102.97280549292883,102.86189035769128,103.95546157986641,100.61987945591048,99.55377874906175,96.81370106689027,97.74061984260429,95.38539050109077,97.23360370601445,102.30641636310669,114.86591326583836,119.82747487445792,126.01536670681443,130.2717630861031,135.58790025713395,129.23097876869082,127.86393564648796,125.94362345172244,126.04910523029267,124.11263688893203,127.12901303486807,119.5420076986801,125.73086349790049,121.98523209667601,120.35569872049678,120.3489447863667,117.62234259621522,116.17582215734866,118.90092951610866,121.3979334396549,123.78355686398959,124.7126450463293,124.97446798610976,126.02844036221153,134.73421491198468,133.5905161448493,130.7712023945581,136.7188697126495,129.9721155005149,128.3370237074966,121.05479566322288,117.25736864607504,118.93064487771733,120.91464433984234,120.27803114863637,119.19262375944419,120.65385045267442,122.48425405809796,124.60828347612556,125.9899637706977,131.14776245098264,130.55773579566954,134.45990450827156,135.4371838673074,133.84934561532228,131.43127037471282,128.06727726618337,124.65133972586158,127.21234814622706,129.06521322597763,127.23211447999095,118.49106790590776,123.072834090446,122.15951139485843,123.73939348376514,119.07355122678632,117.92721476921048,122.31341981666901,119.77366930071008,125.1580748444951,121.87619220830109,132.82018287593584,125.13367784373453,129.01673841611185,114.06811437358044,125.57269686382335,119.80129073956084,119.58079607131499
2003-10-07 21:58:35+00:00,130.49454213686224,132.30996059927327,120.36656809956924,99.87858796540635,101.41950175870299,115.20639860980395,130.20819642251152,116.43392028477747,114.0675916789488,105.5678874765023,97.25290293380225,94.43507330049334,84.77981789744288,92.80269261756789,97.77493792954705,115.23515367634324,122.51939259769492,133.23920687175087,133.42949332997614,127.10131135355692,127.21164823239063,126.41343613872247,123.47760895993206,121.47353493562166,119.11701767857035,115.94871160803221,115.45937152431829,103.1343087993035,102.98255676692997,103.54214913891909,104.08472658761524,111.31668203456651,122.79688352755443,129.2980591194645,131.4821796972005,131.0285152179542,135.19261858999263,128.7521418550939,120.58131358615626,108.88859105779376,107.95885998088357,107.21521003113656,116.17512148041406,117.40084785834654,127.63723043401345,133.95172331471545,133.3167699575158,134.9770990128306,137.0115452172241,136.51053109236668,140.7101222295909,138.1214561541595,136.79334951639183,134.38055084261973,135.0183993328563,135.6127023094603,130.28045080654456,129.19745026455936,125.39258911522165,132.48040398154754,130.65593650445754,129.1780379580271,124.65363592817855,120.14502107608607,124.94250087514374,121.55214423406323,116.63516316593444,111.76441069566368,113.14944412423324,111.61948313788491,119.55764009842936,122.24339536620883,120.22856157280482,121.10189413422702,121.07631923166043,128.9145033906325,130.16788897207152,130.85650762433642,128.22606686064674,125.00577021526908,122.51262468930081,114.30343058132377,112.42970500362998,112.28996006676329,114.10497587102688,117.13609720297879,114.94314707347927,115.36585624158707,113.92236480658688,106.9756841166935,107.00176486168388,106.76296990397437,109.66402552245438,108.8553119625016,109.98362815326752,108.94801502372088,104.71196018541067,109.70303392414613,114.46551411005589,117.918609767501,118.78852313555159,122.92930652296965,119.78523854625948,118.37645102276859,119.0301469523417,113.85426170437486,112.84533379801304,113.68391190686673,120.09893520691749,118.75001451083834,120.80591500699894,123.73468914230757,120.02442877820161,120.00656315898426,115.89193769690561,112.79454195035275,113.43143013051609,111.12056785907362,108.80567700966719,105.49826817567444,104.36961182408288,104.72667309437436,106.54561624013226,103.89172391793925,103.191328978704,105.19159051118848,108.70836325137554,115.63990955890021,121.32744415382572,126.03693683466,132.36673081357034,139.57357487537064,141.41395242194758,146.72464204836538,129.6580613313939,125.16201324465199,125.63729037267365,127.05446624195424,129.88409030405495,127.29817172224601,135.70302518243847,134.95817275830336,134.53815463195363,133.36481199448954,129.9073679949198,133.9409746515383,129.75454600084225,129.00735705890224,133.06675095904245,128.91619739791417,134.60054313476914,131.7789932919757,129.26499833052856,135.34080913485522,124.43808001959009,119.80814424810255,118.30183378772031,122.76336704071917,118.62151844890441,123.33333556033242,127.612043709089,131.55156045228102,128.9822668058317,131.49023494727558,129.46377442466556,128.07960936974706,128.25078078505936,127.11089863295021,131.47198151360226,137.02423753634807,127.95184768880435,133.32063044278655,135.24799979309893,134.5642468300891,138.49557646872304,138.33436891066472,140.34579498557514,136.75323057625113,138.16523651711236,136.51830870518614,132.79231782919197,135.95673442167643,132.50671650875893,131.09105305141352,133.8321547021276,126.69165699950187,128.92137540443642,129.04623885027743,131.65091088833245,132.76124319743514,137.00502524226306,131.53847232135703,134.76832072598225,130.4919079765647,129.1052759726881,130.68987017353018
2003-10-15 22:08:58+00:00,120.46422551573686,,,,,111.2026498854684,122.60856008960428,108.87362361476971,103.92792034407995,103.83462677989736,100.06821463907943,92.12345094324998,92.86451328623554,93.2539873613072,96.30812861573554,109.51569483392832,116.1835849615704,128.89164788652928,128.19401544345493,122.45584086794737,119.1833094799694,114.89932449343762,120.59442326034853,116.76870566634854,111.90707896776871,111.05369067494988,106.59799298512249,107.89097560509435,101.98153469049942,103.70256242815965,100.97407212712501,99.89216915168566,106.81551827228664,109.32462015162508,112.99078879862682,111.89493783426975,110.60483430168783,111.4240868936667,108.36492482785077,107.10616340569815,105.56659977239481,106.11908224183789,108.89411294805942,108.57797815607626,115.20474960946463,119.85784621374088,121.08781635581346,125.21657098779707,130.9223087905718,128.6634949663566,127.74636735500795,126.67948000964937,124.10358709515914,126.13284845696542,123.63093814389396,123.23161649008503,112.9551216643425,114.21166470411852,115.33541720927768,119.27520809970575,128.1885034272406,122.79753955390464,122.3264552675225,116.41559992988816,115.34762096059411,116.79660800197394,113.05391680997819,109.26323671305254,109.53569725112133,112.41834761712188,112.8058055701538,114.70970251366849,113.97440007183437,114.12932379441206,119.21633246352367,122.24286473847093,122.38718311713693,118.97712592394842,115.30706932336142,107.64994261400132,103.85042476541261,105.79517751500421,101.5896612637688,102.1448748765116,102.17210785864582,102.51488390148468,105.71345781418293,102.81971073575505,104.22795410153765,104.20195617682846,106.36024033305284,102.52220108321178,101.10234371295893,101.72542349650104,99.78036467972363,102.88579810891059,,,,,,,,,,,,,,108.12019430418935,114.28843118947755,114.69160331567899,115.52018775976426,111.43033571591174,108.88737610754995,109.4613757834128,107.61412966885507,106.05333698045477,103.81485663525933,101.8357252487016,101.24909143562861,104.20381072507057,104.01054175060294,97.37984911981336,98.34108546471356,97.75367158596572,99.68400059741684,106.08965782233426,115.14480391103776,120.74196844736218,121.88671711095593,124.31326818169032,131.9105765557736,128.49948184728504,122.86020876375645,121.81895774991249,118.10021231499648,117.63886413503106,124.66450357519153,121.26701240907353,122.62674443833755,122.95739533267775,124.82945255757853,125.89744285815583,121.6367085152809,124.51286627319551,,,,,,,,,,126.4410318307094,129.95526326609453,124.61151019319742,123.82272557848437,122.222836034428,126.30643920535806,121.57988902274444,125.38678502433163,123.77650196525006,124.38713893714248,124.54511283842348,128.08059289090107,128.98448363302347,127.73792525528965,132.05065252298635,132.47235913910808,135.97568061124906,135.3740672713193,131.24894861999672,135.27440637370754,137.52082851243034,133.400492118223,131.62717116072514,133.64232777981783,124.56704696689062,,,,,,,107.92319437988435,123.06660773681227,120.82224995310749,127.18600748586925,125.28844215001492,123.01940177068349,120.88163928832668,123.72917200388399,119.45225669472838,120.55237529931306
2003-12-26 21:59:30+00:00,117.92853616426451,122.3828979155057,71.39705854420278,67.28439133290982,81.87258567462132,107.16062555381691,119.0917026385119,106.78993694828841,99.63837790428768,92.37168688732807,91.1777254498271,79.22615659485577,76.76906179870132,77.44214937658214,85.54289315147861,90.30331672054248,99.05592325910207,111.11818566879327,114.68235406327636,115.01168217623973,104.9383832761216,105.02569432392175,107.58994122221868,104.27079844531173,102.93293362207734,100.9137024324935,98.87490265439793,103.65561852529724,101.78061582901472,96.43962054151604,94.24445361701147,95.90288240340392,96.9832809719994,100.65823111402656,98.34680240277132,100.8506696629085,98.64031849842544,103.38310260463467,106.46177990666634,105.51958759363265,101.42028402965722,97.17612250418846,100.44914111517318,101.38513023986036,106.96747090936094,112.10367481792554,107.08402740798743,115.38213549105055,113.00282072598344,115.38776942228502,118.61844103930343,126.20134447977668,120.46931356477964,120.75647064178844,119.7862366825346,118.741071081566,119.35038586875054,118.45285014805253,120.2037086150154,110.33475725073048,112.95122449533874,111.53285689437938,114.60200970838704,118.64685743750837,122.64859675804975,118.72918151779396,113.7277873097939,114.71186478288426,109.52784153143136,111.99097169099258,110.4901152959191,109.66964582642117,119.11774625689924,122.37557142296149,120.70007744276992,120.84157016693297,115.2831230781801,113.22637556261061,112.63171134984275,110.40251817600159,103.31262140829946,103.30697030959594,98.10373827062163,98.21316581302074,100.96535345812866,98.51545094432167,94.30744502387806,90.16906892305308,95.99117715298696,85.12145414486639,,,,86.5048131171159,88.85555052682521,100.31708725972716,101.03056721111318,99.17534172038239,98.69695652127307,101.15966754055225,104.43135360977396,102.22726497212116,106.57143072109119,108.06747088048006,105.66502306866855,107.18020731552892,104.44050888299329,104.57847205579773,104.880649207079,107.77992239236231,108.32095717985626,98.02830822836631,100.88961237069653,100.86475282199476,100.18331657046456,97.53149941032243,93.3487720343374,95.92639698714083,96.61451168125996,92.61283195728636,92.18548850466064,92.79026808679339,89.27577458324282,88.33380140975004,88.80745182290735,87.50523661493733,94.50905826890197,98.18323225087141,104.40913753568483,110.98374349740408,112.14226069258314,117.66041421043029,121.38284030973138,115.37139412186556,110.16018502011349,117.0248078784998,115.51105651233364,116.74590536732292,116.74541197322698,113.32804266522562,118.72828075305156,116.10696793255465,119.89023943166688,117.92187171922131,,,,,,,,,,,,,,,,,,,,114.87036893280415,115.91919811206455,115.90315467119959,120.12102094469999,122.53518853326678,123.63924574822171,120.43977378891216,125.4052748823982,125.51904816944564,130.14488917107582,126.55543963766334,125.08296869785732,124.87605857421515,126.82612260191804,122.55229392064955,127.02135591892461,116.00518630343117,127.80720234571756,123.7293287872587,123.9692713429372,122.00047223748274,121.5237628046751,122.16224571787356,122.13683990334232,115.74229592811338,113.32120941880663,116.4444851906971,113.86066904788197,121.5853693912641,110.36808443949634,116.02449516938408,115.51657243050008,117.16082068645424
2004-01-27 21:59:38+00:00,131.7663261719023,103.12132737735725,95.97055683664959,99.15738803813599,110.0876976689756,113.60573849510737,126.49552088363988,118.56307689326933,110.91533815408829,104.45691263439393,100.6230735297317,98.89532188469681,94.94745671145536,98.28881385809713,104.22540012354925,111.18709809133108,121.70897936477641,132.88219068641322,137.00054690166223,135.2815511535278,129.2423063113686,123.71929411208025,122.33640769571845,120.60181428421501,116.33971048553477,113.05869810239592,116.5573547466128,113.28213066471353,110.14294049486075,108.62487670971075,106.66900019559529,105.22120387387868,116.936848033946,119.69995363517553,113.69753616008133,115.65438987371505,117.30283965542478,118.41641797750243,117.10456672119575,111.68868084044473,113.94132849011095,108.90271105436427,114.09018539158885,117.69586291948568,121.83700780065732,126.70499700328429,124.94073063960413,128.3556612919456,131.65696851601692,134.71791862688508,134.27368812785235,131.58982595357213,130.300849572309,127.18564396261493,128.97474375390678,128.24272753658644,123.58385547760615,122.8722399834412,119.9677795012112,120.03145539969243,122.35675343845935,124.8014821509821,126.62374729554963,124.48826015457529,119.6897902037086,121.30168501360633,121.93464128013572,117.8295210344389,117.04153992253418,116.23526426195484,118.97493843894698,124.08655953342522,127.00842170757112,130.04716745958007,128.9707880167255,130.76958301824993,132.28337034755725,129.3613011131589,130.42541292227565,126.13264971720227,125.28969430737725,115.85797672395825,114.22033078404297,114.32893430152619,114.7757212113034,117.50072455030823,116.82427900351455,116.65097509198075,117.17982241424056,118.73697220033772,118.94707502930244,112.51101805830804,111.33302096794479,109.73696264172384,106.30095632198496,107.01437558145913,106.81248288203366,110.00399203357388,110.94887762937834,112.59315212867013,114.19872941403288,114.37612296813018,116.62340243516036,115.09133526255955,121.38635875512693,118.77791253997903,119.75767052193171,121.74784683799206,120.9607906916232,123.48865669639385,123.3459107888841,124.73746563280108,120.58963001182607,117.57160063689825,117.12670127828993,115.47895230853095,117.6098953727256,114.51303457286612,109.8842854477837,110.41489325274388,108.8491989556075,114.75412693413692,113.70376168160752,105.76104625143513,101.57621311553319,107.65522454997665,112.80125615132847,113.82728431935787,119.8270689488361,125.70256910729604,127.44352033657957,130.41693045017084,132.5871911063206,137.19897345515244,131.4328822013765,132.7062631817838,129.17281374586247,128.73523997647038,133.43160241548208,132.55830674235986,138.0937219391683,135.78788088623233,134.7348575649894,132.22655701785595,127.96321847342857,128.32134344258594,125.4240938069689,124.64929346661357,129.96626647726697,125.93579487224756,131.4197955658537,132.90431001580828,137.6081217204638,138.74681204816088,134.23926239986466,133.00609154726234,136.5793960354784,132.33186316334496,132.12448190882478,130.7661778308955,126.86370866609003,133.62276710506563,128.93447889356898,132.25240098569182,132.0150508863455,129.65472542183642,131.43482383318602,129.97950397175143,137.9115649766821,140.87890618913377,140.53169817058853,141.67035980298363,142.50272642355188,138.55183218136378,139.31984727962285,140.7756491464124,143.7595537016399,136.58252324484792,134.1372864827016,128.85329496363423,131.11629100378718,130.44044418213306,131.3107889956346,130.14001420606826,131.97189825289482,130.45123923448955,133.42148031769577,135.51003396057672,133.7431611603743,135.04806487170657,136.04124918967943,135.7335448952975,132.62722764529954,121.93846880876981,130.03128927031744,131.7392970543374
2004-03-07 22:10:23+00:00,,,,,,,,,,,,,,,,,,,,,,,,,,,,,,,,,,,,,,,,,,,,,,,,,,,,,,,,,,,,,,,,,,,,,,,,,,,,,,,,,,,,,,,,,,,,,,,,,,,,,,,,,,,,,,,,,,,,,,,,,,,,,,,,,,,,,,,,,,,,,,,,,,,,,,,,,,,,,,,,,,,,,,,,,,,,,,,,,,,,,,,,,,,,,,,,,,,,
2004-03-31 21:59:59+00:00,123.87187583030155,,,,,,,,,,,,,,,,,,,,,,,,,,126.16806272006619,118.41534809728228,113.8530943745382,114.30805196659384,116.08686559557547,117.7333614382112,126.63019162044063,122.74601298803307,126.04490814626499,125.60209834062385,125.0496619439492,123.22984034223157,114.03460768150124,114.75421175787682,116.40739576982664,116.79991536091714,118.21489491155556,123.42035266061768,131.90175575637983,131.91636378717251,,,,,,,,,,,,,,,,,,,,,,,,,,,,,,,,,,,,,,,113.85887011686862,113.11064487664831,112.62716760882978,117.79621044502727,112.82597324813624,,,,,,,,,,,,,,,,,107.65315202423125,102.70364575419138,106.18614262678955,109.96098859093236,114.57430605910864,117.50320771910997,118.73542969603928,107.9487616446717,113.77002547596359,115.99420638560282,116.95464872260364,114.21775254640713,103.71769272610392,103.7902932423944,102.08498561811534,105.52835728657085,101.55513451597082,100.62788184751952,102.68414999368653,104.97627867841922,102.96207518723531,110.01503463635065,116.4287653715207,117.43407295017369,118.42640740328574,120.12394419298272,122.84656312897792,126.86105482665386,130.2279319091559,126.70867256760333,118.30565550141718,122.35282687760456,122.55597261550166,123.68318067408536,129.00990788198035,125.19630468229694,131.02602789671263,133.02949443306613,131.23107812692115,131.99325180542948,129.33394808576352,134.00479065782454,130.8711613127967,129.9355782348928,130.80331306325004,129.53763297985395,136.13922953070906,137.02375462280202,139.83032279559657,132.89802782207101,135.51308112005032,131.66571607536372,133.27998563007614,132.24695860698438,126.76363319380668,128.57298178784492,124.68106516970562,127.05857708116795,124.9991617494999,124.15655541997585,128.56824636145927,122.24096873150184,123.89872292630994,125.98562059089976,126.39148031165924,128.1052231500537,132.76154501417005,134.30338933209424,132.35590724696416,133.54288391065413,131.14106088887303,132.7268251124587,133.90777655834603,129.86991439534302,132.19570323870414,124.68779083193716,116.53136728146416,116.44675853496861,116.2625207004243,121.17412809122206,126.14441149818961,126.3499807342739,125.30146388271176,125.25973194903035,121.6347230419423,125.07140937675214,120.23119514575964,127.15847243166417,120.879769182239,117.93197522956642,123.6806672938146
2004-04-23 22:06:53+00:00,130.26092436039988,101.44717855065687,63.35985922269412,62.683266073495695,82.37574681566814,101.3451265169486,98.54229029048703,104.30089756991964,,,,49.65633941080063,48.9833714083891,69.4661516136097,92.72899642292676,,110.42989450863723,135.3024549728652,140.43818091041277,138.97970031099112,129.8029060994871,133.92635689114746,133.88823934390373,128.180799108971,129.100863424478,122.05284947614508,114.7150645039302,108.66883805811673,101.27089649135944,100.12639620706142,104.71403649201172,116.80671152114954,115.78530747541376,112.16837387490693,101.20597403592339,108.75140052606649,119.7628076054533,113.89562184317069,110.30485111617891,107.41088311852788,112.68617363286307,113.61445568736465,118.0502300107184,122.096215552382,125.02048766359978,128.21050778386913,126.98537865383932,135.65324376014698,136.35195989149122,138.05721250191857,134.14188117480438,136.1318907385995,133.90164688425097,130.03968524656014,127.52847863401777,127.83975204217774,122.62787837285694,124.26501426937483,127.10276121658205,115.09642982201414,125.54172448634046,125.55333023835809,128.3804404935631,128.5350979933251,126.81961797744233,124.45500464417854,121.79726696459369,124.13720754781147,120.93758083496415,125.06171770816488,118.6098838899434,118.83958407070072,105.44308636069312,107.54210765842214,128.69598628001822,135.8605445740447,138.65139547945373,126.18539050297477,123.21720512754764,117.83267560099942,118.95693750439318,115.99118039355925,113.24774084719553,109.71942387185703,113.6339018305495,109.86971515631622,108.02769348612591,107.09189907877897,109.36033441975557,115.63448166388602,118.95418903616876,107.14995948793343,106.38907200052695,106.14592141356073,109.85499507706396,103.46646962440845,108.64384290470502,106.57022302551731,112.81287374712255,113.31766305419313,115.16213764504909,112.94709911723031,119.27011223287587,117.35658869402347,118.4752570777466,117.93527896187075,112.98290948709786,116.14196080464977,117.06856912847816,119.57209257684762,115.99344327206849,117.83423283115559,118.15026520645971,119.60446924201422,118.96681808671251,118.66738488146686,115.0966789619742,115.27158281311443,110.10867236772883,107.57486046758788,103.83077325947883,108.82198039673324,105.57377915220997,105.86964420028013,105.16994088972265,105.43410597800204,110.20994450076803,110.72136347308785,121.97592602394025,127.58709533619131,133.40384551457592,131.29770445411876,131.46041922731897,133.8519344038178,134.43548870607077,133.40857894467084,134.00868743425437,132.57533532268405,136.5429029012123,135.44925290121355,137.637534621345,134.94114607994203,129.16409774417855,122.9520666450123,124.71183694311482,124.68395626531041,124.9950486103033,124.74971429181868,124.92417380695748,128.5991669146178,129.66171062556143,126.77854666315507,131.06853993839715,137.19803990003243,137.53750554049154,137.91857708744365,140.2741947852552,134.60662528734989,133.30080238152638,132.63264366860562,133.80847665513468,129.53143455244452,135.07368650504702,133.79158905951377,133.49481040055792,133.26003606910103,134.2888358393258,140.6516431893725,148.16222617824812,146.0614434507575,150.66054356419252,142.13597459789415,152.45636080058804,153.82118204186165,149.38938302846336,148.6898266483095,151.90466209044627,137.9704364616798,137.3074411669139,126.59854660624956,130.89032699271965,126.61346860252434,124.30154235661763,126.68343218960403,128.24845092873178,130.8923492377219,131.10474506225475,131.47281965482492,130.34806728601623,135.36279716296534,130.12421286685017,134.43441086930244,124.37713371985231,129.48583144523462,133.34052389738324,130.23385736122847
2004-05-02 22:00:57+00:00,119.69374529778736,114.83165953542488,93.94344702314758,95.29248725004791,99.83330789363157,111.50981452320433,126.48134837991529,117.49096219406947,109.36203516413093,87.206057905861,96.0983634657287,92.40322555498896,84.24842624125064,80.95367535054972,89.48631752274798,95.32565939624554,113.47102081090017,129.51147691595628,127.31759748074954,125.96896125727395,124.69610939192707,121.92609191655508,120.08485000422094,113.4434673339136,115.86658878211752,113.54943915030942,111.52411738191202,101.93857632140802,103.14194857215271,96.67467042517626,109.15895412767745,104.73061885443869,106.77465715452225,109.95767222799982,105.76716098430356,117.52608238915097,119.08002414730264,112.70518821181997,110.36719534632255,107.11934541076101,112.89525308008267,106.66448669599741,100.58870995584459,110.69538265206208,112.67548628909258,111.68002568684867,120.2188595374911,124.41810342298851,130.46984610969372,127.74653067831623,129.92753029541106,128.43161921966475,131.45937633415082,134.61875909006298,128.94327499662137,121.0534305206709,116.87755124885294,116.58522036728836,113.05445291710633,118.17909689899847,119.81731379448851,124.10434565537952,120.79372089191818,118.83396656983948,118.6091655476572,118.63516553148618,111.82643871978321,112.54255017465134,116.8839844430781,120.52964429490916,115.64379290071105,115.58748422495287,113.55876272203264,112.2066057605611,118.11393436882258,126.78469449884983,131.1049010375652,125.33410617882545,123.98331650264319,120.55700227405285,113.39323122811176,102.30384894216724,108.63255907774314,106.82882293028545,101.58046311043002,103.10763584876484,97.08435218354643,96.0427626513676,102.58739368702358,106.6174885084283,112.7941885812873,100.9647995923389,102.40971823486275,106.85555783295057,105.04920754724685,104.72342757935311,104.88248780229983,109.09653663804221,111.81176046500431,111.82587294480466,114.27178164337859,116.34893353002148,116.61683610583819,114.87820611781574,115.63272071500809,117.91583397263598,119.8117153598655,120.15935500689078,119.62881656444209,121.62689137090908,122.75161426356242,135.922174009628,123.1423886238524,111.20704942920457,103.43633964752132,112.38311242591875,113.14540712226521,107.92512303756095,106.19200360385194,102.05715880935492,104.53712416679203,102.37617128003482,94.79315071016424,98.44339368412905,94.55540082317674,99.25810970555797,101.50340360448334,111.67129706053409,114.45994599424228,122.81411914979512,126.54686896024197,124.5368400594001,134.37999974400051,129.77287829373833,124.23474896842104,117.33954524151159,123.62222582165381,121.59637022564293,115.95029841890587,121.06299083399232,125.03312614106974,128.70222864992536,129.02028770309568,129.91806191146145,126.21734889631688,128.44383424011883,128.94051605424102,127.78338868950273,137.55190793264958,135.53342637868553,133.7894565522818,134.99286137070018,136.73155548125177,143.3599869107201,143.0902733478018,144.48294323652158,125.21363702039444,122.83449258374303,123.01807141305932,120.89561594309694,119.59195670838282,116.52963363915708,117.3087538221116,125.42059388881763,127.11380726036,126.7009530551565,121.22740595313675,125.60034145359349,128.80853464519114,130.39972197352586,129.6325974727748,133.19885777358024,130.6600080599163,129.0976594146595,134.72758493592042,131.23597835222682,130.87967165592516,134.78237623056478,129.44093835783974,130.7431111482478,129.73979755476827,126.24929975992966,127.70014642472997,130.46895688598775,132.593308407546,129.54263570220326,136.7695424423683,127.92601125784337,128.1857605954874,128.39588451502664,124.4931746695381,125.64556271821648,124.68031555153004,124.81291890244873,122.28363994211767,119.40681131430274
2004-05-09 22:07:21+00:00,126.22057617728157,,114.4825843038986,109.473392500596,110.63694211586416,111.9251717113774,136.65734818694744,134.44364854757683,127.9837213855012,118.44783596153812,115.5495660923735,106.1073309114754,99.49291671848205,101.82344328049355,106.84299139387836,125.35089003824716,132.68765024416865,142.26410622021214,143.06319020461675,138.91643240055427,132.465005032798,140.3072762052155,134.89421757794645,129.5569593211861,128.62789032121904,125.96049516893045,119.56151653170565,115.93761831912393,118.24658126248048,117.44548683980439,122.07212781321635,121.56679417932118,120.34903038523203,121.04993558289908,118.8421225526996,122.26907885138294,126.57828880382232,121.06535764991746,112.25929047584013,116.37607752094772,117.44062325152562,120.68234690692219,121.3006687050655,122.68022379726946,126.40454921048733,129.91621712696747,131.25641714811547,137.86949738248626,139.77966525794554,138.65369566340908,136.9396010959842,134.8886039744851,132.9472594326799,134.6234355234656,131.70739240134077,134.23002132580277,130.76644165714478,126.09576015327335,125.15985131046521,128.63805483308755,133.77342856036256,133.0385665682351,132.39970007195564,128.8061527645656,128.5602620957565,121.82989457130057,122.57631878374012,126.226247846822,127.1401736361242,128.9448249682627,132.58776359260858,131.10045084814215,131.75843898667796,132.61145721490269,136.05894125604078,142.02292282411418,133.60737028817243,132.15353282891988,126.64438825273174,122.06120756122223,120.41379917422259,123.04974499675424,116.56627486051322,115.59151303478889,114.91288129724862,113.26069217778691,112.41958815132912,111.88123983454616,113.6933419830286,119.81822899022085,118.33027046867515,112.18221465749907,113.17492593087984,112.93927142705327,115.00389063183157,108.5165512687706,114.1787984086563,116.83810541403687,121.42912514131962,123.09173666526516,118.85206518831468,123.73915387245236,122.2712467587187,122.63769992222174,118.09087902012732,118.2575349383699,118.12210934394628,119.76541486641675,126.99512796644315,128.35040895921526,129.61032424200803,125.07383567222743,125.74660876860524,124.28405100687465,123.60679574697777,122.49983868607316,120.71889656174002,114.73890035891436,109.8503931932156,108.34403447254188,112.09588232410138,114.69925381667233,115.46559265537607,114.10352409304417,112.12549376447495,109.23506191063834,111.2610118998764,116.55526674825258,125.97762391922501,133.9620671468303,134.84167219381806,132.49201215257446,135.82728451464368,135.29381053993944,136.83170020440113,132.9698185993385,133.83067615519045,133.05274716931734,133.9993730578449,141.0553487907137,140.4249464423764,133.71846882863338,130.78773915477706,132.37678680066276,128.5122579702316,131.37144563013493,132.8557029353851,133.13691624629507,132.85681353354528,137.12195108087232,133.30778687049073,136.66260286082658,144.02208328592639,146.72241024220986,142.77956041296997,144.38606186231908,138.49500251581256,135.17314555242965,133.8367879947847,133.67363612570267,136.3057131951174,131.36644158894893,135.27180922480525,133.41786361835887,133.66832735225782,133.84283666808432,133.8080380081519,136.7845189323387,144.76692164067083,147.55387858768955,144.43531183011638,142.3623355397918,146.99095648807145,143.91319946852383,150.07683326649058,147.9752167338606,141.86286266356632,140.73977629924283,135.2292155060553,132.88704056302743,133.1434302771462,129.57900650642276,131.52146128468692,129.40110170991872,132.16394473444328,136.76794229101898,134.4835290538905,134.1606866253054,135.15252188367788,138.8747354972524,135.6424159890789,137.5516246501311,131.75997118678563,130.65377531117022,134.46780396773246,129.2558871620376
2004-05-18 22:01:26+00:00,132.3754464236057,195.8659023849696,,97.32188245337568,104.56208109736144,106.43414681102081,132.46584066634836,124.98000428476328,108.25915508726509,106.74594922881327,110.05827501389494,106.95321972011185,99.52743507223093,97.45604033042547,106.45819935958184,111.95639791538892,123.28453013226519,134.2140631558729,137.34771147806865,139.7049521830632,128.12758761409358,126.24975983248106,128.85474304362478,128.98130509765238,122.83736541426383,121.1163126862039,118.3158855905267,114.93827555688647,117.99416604636556,115.94056492798855,112.6043491597517,113.78126144765956,116.00712717268847,114.77775103487436,112.31900306745388,116.77794242933018,122.60931618716668,124.28823265001272,113.22601245068614,117.22770632349474,114.35243174974242,114.56305515562475,120.91302344141687,123.32498013268722,124.13692172224368,125.30851534505936,130.8073791428896,136.41698824720285,133.68842531015855,140.95939495403306,138.0763213178306,140.97614693685372,,,,,,,,,,,,,,,,,,,,,,,,,,,,,,,,,,113.3254140576446,,,,,,,,,,,,,,,,119.52392069093705,126.67906023865424,125.82233106127018,120.29306380991568,117.66987272607294,119.50750084092074,117.00858112576806,117.55789343691181,124.45271706454743,121.91351783203079,125.32098786163962,124.75055219272748,126.3444210337144,126.35507698722301,130.71843594812077,122.08210607860455,109.98885765544586,106.65606288915629,104.77576312070278,108.68372953445699,110.03705533690474,109.59595327934937,105.32220685104758,104.96850078220135,109.25929717501802,113.58994640337279,114.04324758597542,121.74150947768264,122.03154361102747,131.34484174327065,135.25251990631352,136.9198668376507,135.41526298657163,134.17490249668163,128.18731581693154,130.50221844301475,133.65731231491682,133.63736391220732,132.3038511546664,134.1790076069585,128.88843024118086,132.97224483487042,131.20731546926154,126.3412908594447,129.81216473670108,127.14826048186175,138.74786121837064,134.0275144785956,140.20597011589388,143.7554681875604,142.58836264292577,143.49094757807995,152.2053396255268,145.1801854973024,144.045211888431,141.4616378413495,141.85312968938777,136.91644358092287,134.09725860462504,131.34045057864876,129.1182022014328,131.21729706289986,125.6154776848845,132.1368204530889,131.09620231601886,131.66557413980524,134.5317736977072,139.49236399393646,143.79248774568046,147.33550552653855,144.02113275853904,140.73421573554214,145.4554723356312,142.35957023333492,139.05102504610088,141.38002759646866,132.40353790304582,138.17068739469508,138.04652388542897,140.00386454895525,134.8224654687298,134.90386024541408,130.69988398538942,132.63946432976653,134.54984487474277,140.6614820575658,135.18015866385076,141.64713621345302,138.82166984007225,130.2853804680974,139.05832074802652,127.48389693448755,132.46326193122246,130.50436087886325,133.58837995116718
2004-06-10 22:08:17+00:00,151.44119622506733,155.94476211686427,151.2404796670535,125.67005996779044,129.96880473225715,140.34650167294308,147.13152105670704,122.80660881890773,106.40941717502217,108.43952707365636,103.42361832905742,101.65993692588503,91.87121899656233,99.37604104211323,113.03324747576772,125.74956755468989,140.69244897331114,146.20021277613074,158.44575392556732,152.9597986971885,155.29174183154907,151.29445332111007,141.55579313610934,140.48703755691577,139.0796857206997,133.2201570608522,131.22048780272047,127.03736038295833,114.15814396925089,121.52824758785488,123.01012674852193,129.31734796725277,129.7153238204175,129.55849870789643,132.67536396452246,129.57993275174226,139.6324980397819,139.5795505768943,133.23047602928426,127.83271257806152,131.92384902415847,132.0513135548895,133.1275820067774,136.73552897268928,139.03146332779374,142.8951222393744,147.252823513926,144.5731068811727,154.45295330590702,152.72645173181002,151.69605620119555,146.82576716757177,148.90283885217454,152.2375226066681,146.28289914574577,145.5475843666973,145.27155136050186,143.77992658247166,143.45855202969705,,,,,,,,,,,,,,,,,,,,,,139.15884138434848,138.25789047483588,131.30197374907232,132.4657178214656,128.70744736456382,125.88172159317051,124.63755349935931,124.87021661909489,128.6902994342238,132.2951808638934,128.78278546450917,116.47601132530579,118.69727651700585,126.13127371999785,132.32228915701188,125.29400104155113,130.54286182149957,133.40069931816896,133.61447844787048,144.8170137178295,142.0233365072684,149.17175893009372,136.43739795400236,134.17281032486153,136.05183219602986,135.28175848465884,136.96574236707386,134.7755662179179,126.67144562416523,142.4742081439942,140.49048810395632,149.55511721409516,142.5714425349634,144.7380896885062,136.6402359283668,134.90802846589972,137.58673050253236,136.83724105041765,134.07167305938566,127.18243366802075,123.25423360491642,121.74221339081228,126.23579631375294,128.33587737661813,128.45421095528332,122.59280281909045,125.657523166385,139.79515738920966,146.0833938699873,144.70265194396276,150.64799541875908,151.43415044611493,154.2925976891422,151.1209820085431,141.20226509591197,134.21519595826675,144.6324134467589,137.55330794937353,139.83474947238687,139.33202435940854,144.95557044152827,156.76610185310912,146.63824736789115,144.54628680510902,137.91478350863997,140.04325701221845,132.20141833605973,142.17688570199178,141.71785075028845,154.2672350048745,152.74458384273527,153.85010352022064,160.9203731407114,161.3951135033144,163.4667362998943,157.9787702113178,153.02815624151083,152.72978332169103,146.2637943374334,149.30678321645968,152.82781961288583,153.64939338859318,152.3474831595442,144.26897855921356,138.18319190293147,147.09060213980933,151.1718768585698,155.3213546914709,155.3029553841221,155.9295755505612,157.80152450658656,144.92403780454904,147.5735859306531,145.9119560095429,150.90013713457267,151.61643611821327,150.3949942988713,145.70651971906207,145.8604728185776,149.92776868093685,143.86881747092463,141.46456502596777,146.2040090457794,147.95827613187947,145.2536277835648,150.38710550256596,144.0191480804191,153.16593660677566,145.7328540013229,151.17103849998037,146.59616984211684,146.46163026877824,155.4674037267064,142.2010685758243,147.47282131726757,156.2585556463156
2004-07-05 22:02:51+00:00,125.13648218950541,,,111.2068982902795,91.21519056568295,104.42080776394997,111.86937995275868,103.14030858888304,90.39713461711196,73.65345720847515,93.24481672679529,78.66099077928152,77.77120788649901,86.84347132071422,86.35627928355557,101.72863439904684,107.93334293800572,116.36317983046243,130.27716150211964,124.72563594719571,116.06967642889919,114.40421392245545,109.90188310961807,115.05631945691056,112.65838870403425,113.10479364545108,105.98506843012356,100.10431102158671,100.79981490721558,102.00450668507081,92.87481270604769,97.08700983394112,98.05064534613405,95.94288241994232,97.9354205832672,112.05459707148174,111.17085641861149,115.89656307070814,112.82766473152599,104.6267673542729,103.01259679780645,107.61425060169636,115.97008001587804,114.6380901201538,109.52741730268986,116.2984443563638,115.18630405104827,126.22944877167977,123.2824161367108,,,,,,,,,,,,,,,,,,,,,,,,,,,,,,,,,,,,,,,102.72860179808538,100.24872008482117,108.92051250581562,102.69764204514172,104.256122928172,99.62183503046936,99.55054656248154,96.45508012928423,95.6930637835703,96.21409592532832,105.3529459788647,107.22675142367783,104.96698450385529,106.49064122085544,105.16951295690909,108.67315447235016,112.50033843752684,111.03089284406853,107.19601238942374,101.60492549787456,108.43857611695475,116.0362638497817,117.43597109425707,108.8057375842706,107.96076731738857,118.51707448882465,115.60444404757217,109.96039503841051,116.48890452079522,110.41258119897535,97.99039333004619,99.04292943768755,104.51330925554196,107.41465888654808,104.51985107572686,104.14032219147116,95.79603834017242,94.90175468039064,98.7963672947567,100.89965774866953,107.54407246418884,118.36866939979552,121.31316628773979,116.92529660586682,124.04575468055985,130.2727561420174,130.54723849114131,130.67743375247383,119.77723682378264,124.07138739726682,127.55570614022272,133.69598776507914,130.254959498607,128.44551613980028,123.59136892899713,130.5667371563128,123.17057217586697,120.88029082637405,121.93683856735203,121.31288014972128,125.29227011327026,129.48134752132634,124.9239330609501,122.88655731946491,129.74142981224284,135.6650533503124,139.38260822031543,137.8973932720578,141.04360670318025,133.23303573889677,133.1088947150861,125.9372541716182,129.24074477480278,131.51415705947275,127.84262320269255,131.40204953374703,126.56740257840283,128.29240929308622,136.3458689078094,137.44395289528254,131.53824465908158,141.57724356350252,133.47787955302914,144.54145143065531,139.85175169233275,144.21521118929948,139.30839855252418,135.57054711619764,135.15805484168015,137.34263193142624,131.45294620272503,135.0940652997405,123.09835094173584,128.51315450350873,131.30522742232517,135.2708345375429,123.88936897279643,126.66377710467671,125.2183548229134,127.38402283980585,129.36370458970666,133.13744577292778,141.276863363566,123.03449725858377,134.5528425052144,119.7391790666121,127.96722883450984,119.8854064990667,125.57688591301928
2004-07-12 22:09:13+00:00,131.9381536938722,141.01379721801936,127.0046561375469,132.36275652488405,130.27699003752662,122.27955532930281,134.74797230868018,103.4375485479319,103.19100596463764,111.54982232447958,98.20401120300323,93.62491951001522,75.44461680850267,97.72054841787508,103.02430207918736,116.59128526424031,138.32073236080933,147.90566251089425,151.9395512700466,144.0205363360956,148.62803867738506,145.8425068958946,133.61070229769118,128.31374762222254,118.85915870585397,118.6315871787632,123.59214340401213,117.67988621232637,111.42631706515947,119.82272690384957,108.97647224232631,114.5351871830836,117.60429273304857,116.43012866716775,119.5169877269895,126.30047170279332,123.41402743022407,136.37606765650023,129.69760205573084,131.38303517024687,124.90952247659035,130.7536367189097,124.55488620415605,128.93114660121032,139.0365643112923,135.03094669787268,133.3933143338478,135.2821914244793,144.34365044539828,145.99832509338904,145.71978814135366,141.36089090352934,138.7418711975211,138.73771326371798,141.56558984862534,141.50099097426073,141.01760288204508,130.0219225468092,128.26334486944322,137.12838541556968,133.82288406429146,132.1424383716338,135.8069749343639,133.90419786885965,131.05190782971405,133.9674396277486,134.58105014595034,131.31296562814217,131.4994487604456,127.72760406420916,130.15641134872328,128.51223784815284,126.01489149959092,126.86942839788807,129.22872370930787,131.31929055253315,139.54605342934207,139.27066935479021,132.57997496981656,133.2482726543571,125.50209609629898,123.47506559411313,123.04996740496267,134.00539021695042,123.0602782142874,117.85178767811162,117.78131787074913,117.91919267753377,119.46522382547167,120.54641483638481,122.93696865895666,116.58038413337208,121.8768606992173,114.79281539228403,109.5256819071958,113.62262505613013,108.1364562289686,115.37738099385403,118.19170575960959,117.59998317850386,122.02793913270203,129.52976621845374,128.83679777692433,124.67053558463017,126.81338230545538,127.75634788991633,125.81672685473428,130.31499596953608,128.43901797293728,136.28546388935126,136.97592961341746,137.08958467479766,137.44287445807265,133.46441715841078,125.33586638612016,131.1220100306133,125.47658683295327,121.51417965019549,111.60582764228022,110.6396838119967,104.17886427828164,100.17330295527267,101.94771782049516,103.6860946897047,108.28044577161006,110.87487881993853,115.66547110086407,119.06913812971963,119.07411451910654,125.79545968732948,139.33959403199464,132.8533902764536,133.80148528301464,140.08568497759617,131.93303261537426,130.602123863279,132.09557344481706,136.5444860714845,135.94874369342102,142.96159749093462,131.89005122599755,137.08296166620462,137.34011296540103,130.5533016135019,139.05032220026013,139.004282576963,142.19559688467186,142.69006651744246,142.38607692799474,143.88484685401,144.3724049362822,153.42773830721833,153.26339332813146,156.96758497994878,151.16175828538755,148.11484931493519,148.39929895855136,140.3764516959554,140.34316083367756,135.97881646197652,128.60415183854883,131.89765585840178,133.91843802397358,135.98875754369763,133.593202090114,133.06895882700624,136.86462721079127,135.74525428153564,138.7963910468233,143.4829890699353,142.87785393647727,142.97278820458564,145.42328033663946,140.5959387572795,143.72409608856108,153.23210388596397,147.05434584986406,147.53587492105527,149.21238565040647,152.76256549042247,139.24420889397643,143.34098754989964,140.09307545394662,134.81504353660105,140.1614430638972,145.52306509032962,143.30702016440105,148.92178640112962,142.78137507909693,145.51153814960472,142.9129097282421,134.01371324059537,137.86150561690593,130.11032597522353,135.6788837354632,135.3950470101912
2004-07-21 22:03:15+00:00,118.85414591057184,,,,,,,,,,,,,,,,,,,,,,,,,,,37.97799214939894,73.50833176644954,88.00790553547894,,,,,,,,,,,,,,,,,,,124.78772903546874,122.68578708880018,126.26491737374388,124.81291070578125,119.02440680550674,118.4153535922604,118.56155428388192,115.52169884789065,114.99387466014197,112.93399906440575,114.47554722231588,108.94859221914813,108.72589198558576,117.32844065575334,120.27575544382017,121.3405101005523,112.66494166219762,108.38156956169128,112.84417801755261,116.94410872170133,111.7130657421845,108.30762340009817,109.993911557992,110.71469899663973,111.73387134278954,115.73285099403437,114.79273416177533,125.13555658372862,122.926142841449,118.62937547753668,113.8853600698704,113.01028878423597,106.04034723199975,106.62072659525438,107.41262362007483,99.68376591292072,102.92303903248244,99.71488517338679,99.60748430797534,103.49138101244803,97.04375069693724,99.98715087250989,99.24924504219885,103.30662467499337,95.39024382121701,96.57004771512158,91.14677086192397,96.37900004906926,95.13339376785105,94.4936785356917,94.82946733873425,108.33529210032482,100.58687394134203,105.20621054119225,105.35113457402537,104.0451205897657,104.46541585093709,102.54562676560933,102.9280398922062,104.98348856411077,105.75059101052962,108.74423442065694,110.32197092775588,114.86587450006506,109.51705771389452,110.07943990305732,107.52216358351295,104.07825050511006,104.22300586165686,99.176345212469,102.18660266372936,102.07771212307544,96.8340561215286,97.00266333692277,93.06103231388789,93.56545831071249,92.35258259712388,91.05528884874872,97.2678679468834,102.861768856456,112.92778062646305,113.97831722651038,118.91168606472198,120.39000666019228,124.71317115188295,125.76785410307434,121.52828012063455,121.81563798496191,117.86258231788567,117.94406213679642,121.93053387811575,117.92357686172033,124.05933857008327,122.2109138720982,122.01561736842652,118.91737568060191,114.787517267794,119.35486419710134,118.320683653338,121.77875228368778,122.42783997643703,119.42670773393515,123.10552519217796,121.3085385757451,125.34863784943606,130.72437093828788,133.18588344076372,125.83573455258164,126.86163657317147,122.5134173100169,120.42732206737696,122.59167719935132,123.28922076132352,124.57212494110851,119.87968638888952,120.50081877114582,120.84617777019639,117.74554584566123,122.06215112041167,127.97747081025858,130.00700713347416,127.75874657783277,129.48361395753886,130.77670100600082,134.56274536748313,133.23969502688468,131.2430600439048,133.18840948827687,129.57421988979172,127.78569540874167,125.95037498741986,119.80330879831061,121.21063906838963,118.36470276291841,118.88070348266564,119.10474615972674,122.16238076196942,122.62579728796574,123.21156106158548,122.35047243478614,120.57320478972856,126.83406334052052,123.55021229518101,128.18062131071736,118.32961781034302,126.88639494000262,121.31947542984125,118.82711557893387
2004-07-29 22:09:38+00:00,123.17086845918631,81.29042168955313,97.2612018101964,84.91826044483733,84.08190712900502,92.65520190260989,80.76926439970909,,,,,,,,,78.57484188932453,84.31182160892257,112.46428317395622,108.93712519372045,99.95070643628473,104.59562284140227,107.47352146964242,,,,,,,,,,,,,,,,,,,,,,,,,,,,,,,,,,,,,,,,,,,,,,,,,,,,,,,122.8623748548484,,115.07815053226216,110.36443034190498,108.6520503286035,112.93779156900163,111.32446265714415,103.03039539737115,104.2470252277127,98.46178913496928,94.45034768829997,95.32135765717956,100.35281382713056,98.7066168429462,107.16213999410407,100.113705502751,102.08719213398264,104.00262951192984,101.18834903147692,101.63131275982607,100.8366504812719,104.01968553270828,107.7027368117076,109.9772900847489,111.45579109456374,109.86949368857589,111.15173202206732,109.52486325108995,112.74774757221533,108.55139015914523,108.93902583913314,111.58972244672083,106.80212165668236,117.80883922972441,115.44473536293398,112.74629505001725,116.63384286413606,113.78310052716009,116.06635013795888,112.72358049422216,110.14694640469496,109.35775342075291,99.25801683996704,99.16587429395747,96.6488748310185,97.36134651650175,97.61684462782868,97.49299382569019,97.61582295729062,96.53767080563658,99.46770807859502,105.32459862458326,112.70203730176368,115.92769457904984,,,,,,,,,,116.86777143405558,122.41768138011953,126.78793634395139,125.09979416723274,123.27709658922124,124.86445230224547,123.9303765786208,123.40002855476772,122.71165111446955,125.46250128049175,132.69247261251937,127.38301611189756,133.36129179406828,135.00669169732632,141.6366281551568,135.73498978192148,137.614531737086,126.7682655925568,128.81772459772844,126.93692585907455,125.95502811275875,125.80318359118225,123.14872693464145,125.78208903965448,120.6652849814946,118.81665057227022,119.929495077206,120.60585595613406,,,,,,,,121.94660944167596,129.73323771788,130.23275995433238,129.74148395031884,126.16236680535798,128.60844647838135,123.60621583713608,127.66965384201517,125.5990961504953,125.66856830505,124.05295462545627,129.39686426607386,132.37845901991616,125.58758538586017,130.52544227061142,126.11502573353748,129.92979968980583,122.28544642897388,125.1188502335565,123.79035712732042,122.78791414857191,123.25691764587953
2004-08-14 22:09:59+00:00,,,,,,,,,,,,,,,,,,,,,,,,,,,,,,,,,,,,,,,,,,,,,,,,,,,,,,,,,,,,,,,,,,,,,,,,,,,,,,,,,,,,,,,,,,,,,,,,,,,,,,,,,,,,,,,,,,,,,,,,,,,,,,,,,,,,,,,,,,,,,,,,,,,,,,,,,,,,,,,,,,,,,,,,,,,,,,,137.21993650111745,,,,,,,,,,,,,,,,,,,,,
2004-08-29 22:10:22+00:00,126.03783108737241,128.2628720281368,115.71263467836157,121.41426830027177,121.18134291441604,122.73113921066212,142.85338381282207,135.4093582904156,121.7855084891888,117.7322479883603,116.2613882841843,106.10110651118605,105.87757463512062,106.07542553918155,112.7051265137428,122.79224171389153,129.57766921614018,143.4950082178072,146.46181078106483,140.8252383786265,136.0044833435784,139.15939927384636,135.58271548352033,134.17771285630513,132.62267784446777,125.11421823182032,122.47889148413624,120.5975653192747,121.78126653188461,116.5762799307938,121.0444714026343,115.4362805806787,118.3588482908804,122.29743775499672,123.22293513612881,126.28231749643422,123.12390475281465,127.55618873133052,125.42689345478718,121.52986778540007,114.15892100736198,113.23908976465277,117.96249075311081,124.00576503457533,129.43191148516314,130.46998789038472,130.7648450059239,132.10143054746248,136.80471506349798,138.35546543360556,142.5524359266148,139.02721400176966,140.2269338920244,136.14554880683016,134.19068032466666,132.96662101920168,130.75183176295914,133.63301869482953,128.48586614314354,127.47072716109066,129.70551503962898,132.6474182150663,134.23963390034137,131.5789656826423,134.02322695098763,129.45485111782483,134.20869222548356,132.3439021944702,132.32702882755268,128.6949887118858,123.78428705889584,124.92208569759146,129.71349378461812,127.83915889598379,127.54967525544933,138.1277595439804,139.79806096324987,141.22454021546918,132.90643724727948,123.889188685844,122.53625459254555,126.35485572197445,121.06252841108143,119.76636546196977,120.75279225618216,116.20402629811142,114.67222323560554,117.04037193655421,115.51930810793061,114.18615675260547,109.3081095253171,112.04156235358133,114.88629954548372,113.47168429883583,110.67135344258566,110.29852145568127,110.21841421063982,111.00939637335101,115.03267353638154,116.40350415585513,115.32388351127351,115.91860313537659,119.36297291500055,116.74323203247144,118.81951806748857,119.30926768050844,119.88292574695588,121.45839110717303,122.39267525661641,124.14180512684966,120.24486977254259,117.57551916947662,119.93152366870679,124.52027033156448,128.39133880335697,122.0878611198479,121.69698423780353,118.7720857057644,122.08049923578321,120.45272274903154,117.672882551713,112.79957471926753,114.32905350187589,111.83870248664189,101.90511120729667,105.33136209866386,106.54523795274747,112.29237777588413,123.31650620969603,125.25906921740471,131.4691637175127,131.80868820764118,136.8075030448831,134.0729359418292,135.8769719488056,131.68768233728326,129.88805330685045,128.2334265793043,125.1591603208124,133.59332222019623,133.73493961667603,131.7831496881614,131.76345237362102,133.59955420149038,134.23038811738655,131.35215386415018,128.38670760131657,126.42181344922717,123.49628975965452,133.04075136868386,131.17211559243125,133.96922613427787,140.00610183777127,143.14403615662275,141.13791033379573,142.05141356518237,134.1302996608493,132.49594190949216,133.35641004751704,130.8081061081984,132.26356173838386,129.8513007601686,129.41126303263255,134.27709622745223,126.77882330905163,124.77926570919873,125.2915363141849,130.41201831292184,129.52924309734655,136.47830851977736,139.7840582280334,142.89956343329035,141.93572474096936,137.57372806359717,132.38817127390948,139.19809068668607,137.26105737761054,138.6800756586152,135.74348541496664,134.17792618579577,132.08915092073312,127.64054001540268,124.83867171626177,123.18411362846791,123.82307626900868,127.73496229418002,126.25591163199542,128.35428862252084,129.80110431370053,138.41165986891386,133.09306226625577,134.99630661839424,131.41824177655104,133.1650288432499,131.39744006744286,128.05991145021508
2004-09-06 22:15:40+00:00,,,,,,,,,,,,,,,,110.73773225267055,120.56795810223052,130.32994771647725,132.26430750534544,128.98595572448926,127.12046137904558,127.13881865844337,120.76586724859966,121.0302849495891,117.16524888126837,109.57985747551437,110.87457407905052,104.93841479539158,104.9241753481733,104.90656865043691,102.37368622650902,102.82192693816708,106.75543562717735,107.51382333575057,107.65415336115005,107.05369686054271,110.81634739062375,112.44903011657492,110.66034567261451,110.46935082385096,103.1070629779772,101.00346732191475,103.81050289570086,115.35199944183563,117.32702306404913,115.54158128392783,120.58418624915339,123.04465183872335,125.05644644472062,124.80043582636516,124.8618553650985,122.80055275989568,127.73632005712791,125.97517277111119,127.88732108180476,123.37719092303224,124.00833770861158,120.16532814789964,119.2058675288845,120.24523710706772,121.97762038494787,118.48996422531415,115.31915346781702,115.02390671565924,120.40314431906287,121.17741153495723,115.62154738420888,121.132249297386,118.14800139177115,118.45307718936962,119.12806258628144,118.78311203055229,117.96786265681008,117.0651029360296,124.00891935898225,126.12988180865868,135.72499661131826,124.95562888626759,123.965606406837,123.6705582412288,117.99339455641241,112.87788470903483,113.13543506702382,111.0300713367358,107.7312918093196,104.7895688003349,100.36715716713807,99.31210069024516,104.27612403138056,105.45863749186796,109.07112045751114,111.47207354848206,107.49285048620771,106.80515629615068,105.79207085750092,105.74638858635346,,,,,,,,,,,,,,,,,,,,,,,,,,,,,99.80972982271308,103.58495445378296,111.921930452931,111.19911545895152,116.95804352678856,119.54997236024934,119.94887375532122,126.75792053439278,131.94453734674772,126.94245772232179,123.10932752765885,121.88211117175939,119.27231680993333,119.72826883143698,125.12427665051004,130.01529766527537,132.4083287697094,133.18693415382208,133.32106373406418,126.66798173446816,125.4003354706422,125.82015254030979,129.1027746756653,129.56448787257634,128.76425199878275,126.11741553949236,,,,,,,,,,,,,,,,123.49787701175856,123.58951688206108,127.08038024183368,129.18477387823273,126.9595972068562,129.55016998038718,130.7937897714648,130.7265309833058,131.4833315031372,131.6337962921149,129.15421438511254,131.21619628419006,127.29769962928063,125.58026694258952,129.99167762105182,124.40642188878113,125.76595982045085,125.20949385485864,128.76263753859615,,,,,,,,,,,,
2004-09-15 22:09:49+00:00,118.48893559291287,,,,,,,,,,,,,,,,,,,,,,,,,,,,,,,,,,,,,,,,,,,,,,,,,,,,,,,,,,,,,,,,,,,,,,,,,,,,,,,,,,,,,,,,,,,,,,,,,,,,,,,,,,,,,,,,,,,,,,,,,,,,,,,,,,,,,,,,,,,,,,,,,,,,,,,,,,,,,,,,,,,,,,,,,,131.7688967581139,131.37444104307653,128.4880558217586,127.80265241401608,128.81592894964834,130.25161602199483,132.98566016026328,127.4793900164153,127.72418694907005,116.67132348230737,120.10777944326402,118.07344952497726,,,,,,,,118.9090072128979,115.67472697597817,121.30568785223437,112.75354913763354,119.43139893728599,115.40264604343889,116.31425808106202
2004-10-01 22:09:45+00:00,120.18929086578386,,,,,,,,,,,,,,,,,,,,,,,,,,,,,,,,,,,,,,,,,,,,,,,,,,,,,,,,,,,,,,,,,,,,,,,,,,,,,,,,,,,,,,,,,,,,,,,,,,,,,,,,,,,,,,,,,,,,,,,,,,,,,,,,,,,,,,,,,,,,,,,,,,,,,,,,,,,,,,,,,,,,,,,,,,,,,,,,,,,,,,,,,,,125.74061887218494,130.2213311847561,130.52011235174027,125.52483399197345,130.3655832249353,115.87452646786541,122.45837044692651,122.18808034240682,119.53568693929692
2004-10-17 22:09:50+00:00,128.95321411157835,,,,,,,,,,,,,,,,,,,,,,,,,,,,,,,,,,,,,,,,,,,,,,,,,,,,,,,,,,,,,,,,,,,,,,,,,,,,,,,,,,,,,,,,,,,,,,,,,,,,,,,,,,,,,,,,,,,,,,,,,,,,,,,,,,,,,,,,,,,,,,,,,,,,,,,,,,,,,,,,,,,,,,,,,,,,,,,,,,,108.44327097605618,126.52869179770268,128.47929337723895,132.79506306592233,123.94878065471062,119.16741811130589,98.60866047151602,99.07733577953653,,,62.445272472488085,,,115.80709804938422,114.03997425382701,123.89546550837397,130.01968245333686
2004-11-01 22:11:49+00:00,124.16528634937836,108.36993392246853,110.88114668680683,116.71259789028367,116.66061563288777,120.17883785212264,126.99146085085815,120.24071853670621,110.22390831748653,108.13447260437201,102.95101702212386,94.9005155993358,87.6510298529262,99.80800701959092,103.55194290679327,112.87660314518521,123.03733634657227,128.45197426697874,131.16526678694117,129.4434424891332,122.87630461491933,121.52532295343583,121.61916090489412,119.43634730060252,115.76920634878404,112.7784818505304,113.56606000202339,112.56476994226549,111.33137465152669,108.21448547165087,109.78011248428416,105.4706030022584,104.56567019396103,110.77711035276906,111.75403025324835,114.32488757906285,110.5344565292526,115.29559586783354,112.73707258995206,104.69314755455923,102.60923243056155,100.01639669732762,102.25723737401998,107.680591683291,114.73728937978076,115.25448732292482,114.40903765830652,122.02037929925801,125.65073807481699,129.15670912952822,122.06546725833078,124.01746808537409,119.31161131758658,118.76589088582651,118.52032987645252,117.09168897180413,118.00578537130286,116.01903787278673,116.0038982869952,116.82363098096091,119.84871766642318,119.37783430793748,116.44580260564025,117.56485252976204,116.7202619141901,116.20719180346784,117.0728383851124,111.93358117305822,106.30687256013039,108.11006148791472,107.75227846074937,103.63462171198418,110.14699893107894,117.54036608579449,119.9428372900268,117.759151320408,119.05279515972887,118.92214354058333,112.58242463688644,108.66288474153401,106.41714053331712,109.2279496884935,108.65102216368926,106.42814296198107,103.41164953850516,98.80746431311412,100.09159537389996,99.51079415563208,98.16366981488156,103.63476455507586,103.59093702976257,107.10652762638274,105.54111284837387,102.24284791754629,98.41279239725968,101.38518523549742,102.84911732836828,99.78928744762656,103.89244085857761,102.44571567525851,105.90807550856243,107.3734638485933,106.97865753318,106.41142718731034,104.06319384853705,104.90183271313492,108.7547301201164,100.60867104647824,100.81332031914702,105.63054121154074,105.08699802214643,109.41836578676258,114.2951342022156,113.2766677088294,110.28268052438958,106.91537330726383,102.00628437639092,104.36374499673876,101.43879276119668,102.13688205020385,105.95279714962975,100.69866188720134,99.23004169915025,101.39948321698755,99.02071851270024,103.73744382819984,105.2971279976137,114.08721024331561,113.4738534355293,111.7650828754202,115.54739415470446,121.3323032418879,122.86521536204859,122.91878785257805,118.11259786158878,116.85732813605584,118.82095722370111,122.30205939069126,119.19982861104944,118.64105593505238,117.84497603239011,120.13593238673238,119.93928282823023,120.28469316707867,119.26671374498684,120.80130040392865,122.56808834915174,123.47301121186393,123.32758969048263,126.39348400647555,126.2863364730919,125.69741569962963,131.31212637783355,135.2736431512917,132.53096832071614,132.0715575972811,130.6508227284035,124.06778632598636,126.89001746017817,124.65478358376637,125.45054678187239,123.69426195924305,123.0822439557821,124.83853086418597,124.5810902097206,125.78168034147937,127.45966968134975,128.81475918289263,123.54329050410166,130.28340652124575,129.4002771758585,125.46804646088096,128.1362840633702,131.38429055567642,131.6175041938751,130.2884010289272,130.77171052310706,126.37182341304197,127.3151731350647,123.65806563975595,126.66677636816965,121.92248234455724,123.22468680083203,122.2906664929213,123.92783166775763,126.98093751269937,125.40123849546043,128.4420561855008,127.6597196962388,130.87285473594895,127.64659041049418,129.7561946734819,120.25325807777446,127.87410053695537,130.19048475393478,124.82491970474356
2004-12-04 22:10:19+00:00,,,,,,,,,,,,,,,,,,,,,,,,,,,,,,,,,,,,,,,,,,,,,,,,,,,,,,,,,,,,,,,,,,,,,,,,,,,,,,,,,,,,,,,,,,,,,,,,,,,,,,,,,,,,,,,,,,,,,,,,,,,,,,,,,,,,,,,,,,,,,,,,,,,,,,,,,,,,,,,,,,,,,,,,,,,122.18930720011663,124.86176769715509,123.13860073916582,124.69675352791891,126.21443242875286,124.10415753468087,126.24429901416785,123.92382591869308,121.41884842681374,125.49923322018405,117.59313846140537,116.76419121571827,117.4959584654847,113.54785968834209,116.4390089572369,121.66237062187176,121.35670069721066,122.82730363455038,124.60646299677197,118.74963234195496,119.97154929567337,117.15617568801679,,,,
2005-01-13 22:06:52+00:00,123.1135650470052,148.24819720670837,,96.63887855235433,95.95922454925032,100.48007298768252,118.39899522970404,110.15162683033348,100.70220430666386,102.182281341634,100.63171450109445,89.53953809218238,87.64956903319485,90.26349049533577,96.9232556230504,99.49072824720976,108.08057743058363,120.05252612710616,132.56047373532542,137.50097465537198,120.24013777324761,117.06457194325684,117.66472454389407,111.117764280503,114.44883930799966,111.62271070992693,104.23514124726331,103.7984848507371,106.40449869874953,104.48611430577529,103.73569951279234,106.7838669881188,104.24397585121598,110.19711274041123,103.747808031364,108.68055981691701,106.0816318287849,108.13716173023954,115.16429114603177,107.60986501342983,106.37948275658063,106.86899284468802,109.47184452286336,114.15404199536138,116.64317288488121,124.64041385576387,118.6159928886627,128.00036611206534,130.6837819452245,135.36499109688157,133.71720992619862,133.58216801796965,131.49874993093945,128.83939470198234,133.81504327851158,132.19806969615945,128.08686140989673,131.11207769642962,129.1669788167958,120.75387439589818,127.7770850311542,131.36985526567884,127.08389045315725,125.71118272384007,132.3125203019553,128.88636051865717,127.65049122086032,128.25912131378698,126.98965631459886,125.0722350801341,120.3740571809381,124.76603288589594,130.5178728739792,134.67105072069742,135.31127778699852,138.04754070878076,132.04495977672568,129.6571333459729,125.08268069213253,123.81125142539518,121.05889270518222,116.01710152575065,111.78501073320577,104.06752394199111,107.85093060212148,103.80823935107234,97.42916380589547,109.38237422043159,106.23899785376847,109.07589465618692,109.76035598075268,108.4016933499574,108.10259694858819,104.27449050226397,107.47091819523853,108.76336875789613,108.71081639461208,107.36531966700957,110.88751554948837,109.679048927771,109.72776934047806,109.12255876732584,,,,,,,,,,,,,,,108.99168447836044,105.82415622303829,105.76255545459995,106.02927784308159,103.69901488875102,104.70986381095737,98.58593459467859,98.47809324748519,98.61195961784554,102.95355836794865,107.55796669262376,109.65414659691862,120.80830412284163,124.01512907278473,128.9793030325425,129.3449052303646,131.67691797643013,137.25142244655672,134.57053514914136,129.24823470377905,135.5429181538153,133.6960330732073,138.37370652602036,133.43108452702913,125.82892744847017,128.30957676740115,131.51997348704424,132.25154655724324,127.46387232673867,125.42874724643093,120.69969976629173,126.216904578437,128.8494165787411,129.1790054957842,129.22099510573187,134.26070900701004,136.21662135392106,143.29311931557982,139.88808173828969,139.46331453267658,134.89092055284928,132.66311166650368,123.67730672295998,126.41135527117007,117.54935736985607,119.51324120528147,117.89535433430139,119.11615395921281,123.66460895269711,121.05212216943829,122.03496482655471,124.38209472010477,126.32519006434332,125.17282184784978,130.87879188516587,130.83023585603632,132.65702257111877,,,,,,,,,,,,,,,,,133.57239575220686,123.16272924606741,128.57928152792618,116.4280704604646,122.9102955483113,121.89560652536882,124.18647737027301
2005-01-28 22:16:23+00:00,,116.6862090170161,118.62434089230933,106.6222228778514,100.51338955928034,101.81562198773668,110.64099114608683,107.6204208237528,102.0339802580474,103.24553320432312,100.61214269874556,94.76197809673111,90.4283789308349,92.81700507060452,97.4908124029228,101.81272588571515,108.14992145321685,118.25895006610517,124.90624352648634,125.65145074160554,114.78695178871192,112.50722191679984,111.6522610405812,108.23345230726616,107.42664862265856,101.22094202295456,97.12906627853286,95.92135691186952,98.59491610490332,98.54943208237428,98.64557437629908,98.16057464086876,96.52020625843352,101.5413293207456,95.13122274305964,98.19617783079754,99.00761357996348,106.64655322553935,100.20515910601493,,,,,,,,,,,,,,,,,,,,,,,,,,,,,,,96.81957225136318,99.22452413083298,106.08457593624804,106.0961348267758,118.40881750543146,119.79389206880238,122.58194544306764,114.74152296008441,114.3711568881276,107.07967945260128,103.36635292951424,101.08809825695818,103.1288204601407,99.94458740111475,98.76816867193659,101.46186922568036,96.53020334456042,99.31140492750814,99.01051883130458,95.23040354174086,105.6828581069438,100.94442699694515,103.98739232492584,99.89273377679307,96.0056555365446,92.1424829319208,95.46290777925324,95.75318701968553,96.61789782110736,101.80354200644172,101.65428147831867,100.45997398555798,98.88835415969062,102.39804017944832,103.71077697778014,101.99535847876314,104.72494374261836,101.18759428220676,105.02738466017226,103.30172681768585,110.70953309771241,109.56363956612611,109.2111949789748,103.4016930038148,103.4619722868143,94.6420959754818,95.76597740022993,95.39028132103512,97.50201061391535,94.03194017626316,,,,,,,,,,,,,,,,,,,,,113.32252049352232,116.39662654410611,118.18766172064377,118.211864822721,117.43261044398142,110.91970637075175,111.16591581377769,112.35472041572248,113.35489070878933,110.77163725697085,112.97733345660433,112.24652204044084,114.44869498142205,123.29344798726609,129.98001981310364,124.67093298954549,127.76676327623716,123.30663904165823,121.40899116916185,117.00119575525721,119.03436012349653,114.80479647073204,116.22133952230816,,,,,,,,,,,,,,103.51239744895588,119.8130173114361,116.36176302400895,118.80059317163405,110.4513124958862,114.91347821054227,109.2631403515017,112.03631961540894,113.79991380131526,116.6824561324074,117.61094697792012,117.41311856524558,119.25407824202554,116.60270486442764,120.84529693220696,114.04237512608717,122.12776145165192,109.81536150214176,119.76363418783188,,
2005-03-26 22:10:28+00:00,115.11559876407826,106.0944724411882,101.37611609541939,93.0409925328751,106.17540873031614,114.32322207852293,117.27076328419686,107.12943777112869,100.99515969710448,97.84265597210289,97.46020782338549,87.12829146590492,86.06438060425165,88.85435447959189,94.78174438968854,101.85868392014744,107.91382082201316,120.38455095229922,124.68013402347306,123.26760574175282,113.75093782593079,110.81387988824578,113.11103436333597,107.51102204628862,106.93607777719936,101.84600753293256,97.03895152183226,101.09701732411723,101.30504996532261,103.18519432769466,105.69707402491943,103.53401529405905,,,,,,,,,,,,,,,,,,,,,,,,,,,,,,,,,,,,,,100.62811970093996,100.93421533412369,96.60797760582872,108.55484240132216,113.89848212325353,115.40875720439803,116.57452202312746,112.44804004539714,111.93349236126073,106.61255862598262,101.15238648649647,98.10047012603289,96.7558616720187,97.37036019833263,93.22294162233982,98.45779414318667,95.11726309613718,91.0840824338416,95.39224392995068,89.33728588386074,98.13130579965383,96.07898684771284,100.48262983485851,92.32299339656736,88.86280086334396,88.26530757131941,89.73943383111347,90.31321287282992,94.60898047760274,93.6081682692163,100.41815082363516,97.81970305721296,98.70669430932075,99.72218407770022,99.88351460300188,101.47032667622773,98.47183446354143,99.10037126776292,97.42253182590049,99.286085007103,101.02984929157529,105.30014877208197,101.13207261244574,103.5213420325418,102.59538595102192,98.8058380193861,99.98530469287167,94.5857099554298,96.8650548797708,93.77725844769463,95.83905123549586,94.60276771156695,90.9056496210515,94.57368325303845,93.46208006696408,91.96922932025488,92.77379095808244,94.38915605084472,,,,,,,,,,,112.3384338425929,115.95125149746399,111.81779558428865,113.88053887603442,115.99119446739094,120.49301451815273,116.77525071368436,112.48382504353864,116.96056548855549,115.97816069845027,117.08296158740539,116.16232586929793,116.03695068228971,116.70604253327585,119.38404883820999,128.0910804902672,127.0745382228112,127.03128451341178,125.16023057124588,121.95021167486804,118.35002738039188,116.71220912200539,115.3896220196988,115.1006696719542,117.80076325982742,115.27074979751387,117.25355042266418,117.5279921510317,,,,,,,,122.33957196067007,119.94955733957683,123.40545631840483,124.0198225901698,122.65878967920617,119.41801484044394,122.45049903116683,114.58747193454455,120.09928412717139,116.2867566657529,115.7227646338161,113.8569374375602,116.58465016768898,116.60205325504073,116.94101687137226,118.59007027774764,120.08998353532728,123.01596379254123,117.4378580409118,121.80844618296389,110.8843343284406,119.49420244230753,116.21654422909299,115.20552805700754
2005-04-02 22:16:37+00:00,,,,,,,,,,,,,,,,,,,,,,,,,,,,,,,,,,,,,,,,,,,,,,,,,,,,,,,,,,,,,,,,,,,,,,,,,,,,,,,,,,,,,,,,,,,,,,,,,,,,,,,,,,,,,234.0264130329526,235.81918653121278,230.80622613357582,197.48013878371742,229.68844253886598,230.65738746598126,239.3386845640746,,,,,,,,,,,,,,,,,,,,,,,,,,,,,229.53828464658307,224.80592508164364,226.40491053290074,,,,,,,,,,,,,,,,214.89044655024,,,,,,,,,,,,,,,,,,,,226.50504631978797,215.3038848755412,200.1026325872594,,,,,,228.34496292600085,204.81840213155536,,,,,
2005-04-11 22:10:46+00:00,,,,,,,,,,,,,,,,,,,,,,,,,,,,,,,,,,,,,,,,,,,,,,,,,,,,,,,,,,,,,,,,,,,,,,,,,,,,,,,,,,,,,,,,,,,,,,,,,,,,,,,,,,,,,,,,,,,,,,,,,,,,,,,,,,,,,,,,,,,,,,,,,,,,,,,,,,,,,,,,,,,110.84636058524332,109.36870640691176,113.35976047962032,112.12049409637915,116.0314320206346,122.28188772328616,123.75003641977816,121.91817113419049,128.43616585506652,123.43093358190464,124.31919055067527,121.29721703398288,117.95987887883952,120.21340246870997,122.85665758181875,120.56189386034384,124.70287166036044,111.31875797184139,115.66167667374921,110.80983844960848,108.83313730120051,112.0418727244859,,,,,,,,,,,,
2005-06-13 22:14:31+00:00,149.00297320779754,,,,,,,,,,136.27502061626248,130.89326691729698,124.97878345600839,123.22056451711067,126.80399029921776,,,,,,,,,,,,,,,,,,,,,,,,,,,,,,,,,,,,,,,,,,,,,,,,,,,,,,,,,,,,,,,,,,,,,,,,,,,,,,,,,,,,,,,,,,,,,137.86071890022401,127.46826702021716,129.0648460454429,132.37738143198322,140.67923915393536,142.6195587865528,139.0086533484847,130.38255569364694,136.41275591131674,126.68477173350492,135.20875316853852,131.2666237286135,129.74884895596176,124.52780056647777,123.623654844942,115.21591300886966,122.1069275086388,125.26777586068074,131.62652548164752,129.46786983943582,135.01032029507647,137.22417836575167,143.4664103035936,145.93584531829813,154.3205663200522,158.88270948512283,155.33187046601154,140.34730142799987,145.6788373253505,141.6843411704927,138.10222233468448,139.60334467581686,142.34641757598726,142.87615613275833,145.61837047746056,145.19125593736362,138.6681899573572,148.87578654186802,147.8525114296418,153.21716795564532,144.98077286265496,155.8959679709013,148.94352312653686,161.92526810806328,160.78975846476038,160.68135225319244,156.51322846153263,160.89391776938803,145.5190488114657,150.4957624661284,152.5733423168043,156.44103569154714,149.74523324855485,149.28760763634506,151.45065860909807,146.99860918098025,142.34915096394516,154.756505048255,153.49960027525884,152.64491061731337,145.92041710704683,141.03715478209105,159.77603247996325,161.27729762790457,152.28682460190151,146.68960935036554,147.62809953394617,147.68519820315615,150.8328360288417,152.9503985239218,148.50205048800726,146.99030605255183,149.0289389446062,143.94802901442938,146.3347045288041,149.0563051213512,146.8878690358807,141.5170441120083,146.33361017011575,144.99522017989008,155.62284329057977,150.06390713878454,149.82509597022127,150.97266168302718,143.41939317019828,150.324399122705,147.08381266676386,151.52210085516523,149.09084505251235
2005-06-14 22:10:13+00:00,136.0737319266828,166.88664755813613,,143.73763726099548,123.22155139216488,122.4839051747462,133.1030416811785,122.90738867641664,133.55830390887476,133.5804902738754,118.4019097117291,127.07249426598344,107.75227888301492,115.8791793976961,,,,,,,,,,,,,,,,,,,,119.07272068822414,128.66002174350893,122.83436495265694,121.91797348883883,113.02819093766365,124.89237165500734,129.9410772964654,118.95962765090272,105.5943597355817,117.6285973383568,127.90271788319755,127.82778055583309,121.302087446649,134.75041453282,133.5248358196103,137.55969862875958,147.4767011764164,142.68677116303468,136.4439924287469,134.58719558660533,133.19982604611099,134.49523499596202,136.31421110766775,141.9493934237316,124.36357134888286,128.22478666395895,,129.22847245205844,127.34113537009937,,,,,,,,,,,,,,,,,,,,,,,,,,,,,101.25537745046753,126.04143767841964,117.19565658667999,113.79132805442993,103.22739103426787,114.7936261996032,106.15687291165534,117.81710529120852,118.9613195706315,129.16998460945203,130.74661572528993,119.96466206235078,133.88253750711252,125.3232739266566,123.5823807170967,122.30450765903083,115.43222114538716,107.70525435752147,124.18065087885044,119.4743159501267,136.57343705772013,135.4721292536098,133.19979437809891,133.19155397937743,135.2028043214182,123.2762483407905,129.82750619482192,128.8034014076436,118.64456847585942,123.9022235378737,129.67065168414715,122.32835063905146,119.4916052667284,116.7455490970573,120.96154724684402,129.73059020363462,133.86576037172907,142.014747840477,143.04989247006336,135.14164669793004,144.3883817799741,152.28920297257673,152.33522988942534,149.29365722411765,,,,,,,,,,140.66254837411466,149.10230993820414,146.48652293485569,150.78848345107832,146.90083153483096,154.48969609818897,146.98905890916933,149.65437797638583,147.4810605979997,157.30976146624576,162.70173130414418,151.134262941209,152.01557980534542,148.86504828795904,148.16400278126252,147.20277309953963,137.62433031023306,144.67654542113402,145.57987057973554,148.89138581522272,143.66470953357896,142.94938010160652,138.46855431053794,138.45657890133288,150.34883539434213,140.06307562839638,143.5104993846704,,,,,,,,,142.3584399878992,146.52561578803758,134.7824913835851,134.2775008524579,138.49486479532914,142.10898922296565,141.5666639421053,142.0994611547448,132.58373763567167,143.55676224516458,137.6097604455911,156.83733486016354,142.99900490053977,128.6823530741961,136.0918294569156,134.15396279098138,132.5978923363612,
2005-07-15 22:14:43+00:00,125.45671644016825,,,,,,,,,103.64578270593597,102.64226519905611,92.75854013739163,77.95279995804916,81.15938182160608,,,,130.8449405140309,126.56748774036079,120.02699107256534,121.40733436182468,123.83787240836044,115.93308106275146,115.17369864258912,101.29299074725716,97.1457726331613,107.260431002997,102.38875519279354,93.08492100071246,92.86721688317519,92.96007428085893,96.53490882212475,101.82167993755387,105.24559707110872,100.2818604555449,94.43749679680153,96.29531942600724,101.47173459416688,100.06053822141445,93.40147073024816,95.02645241409047,93.77588863066357,97.35742026610109,99.36400102836188,113.2477770112061,110.2349650384412,119.98001795535373,123.48618407182275,120.26918292581352,121.10009947958467,122.12600316497075,117.84350076986368,120.11114762854976,119.10147373534404,118.61549544878126,117.37905154283779,113.56484867903261,113.5022242097699,115.04462938829305,126.68154129567117,122.3576177859569,119.59735647912434,114.73278870950458,117.33686083155982,114.48751688600615,108.71800268769836,111.1097105113143,106.18514293606204,105.64432331655239,103.778244102061,103.10268298329487,106.30236690183202,104.00351286508196,107.46698501125304,114.43847528118854,111.65588777958308,113.1546419387879,120.25121415251527,117.35653663314903,111.4033065579824,107.64877853096075,108.25037211070727,108.65518866238486,102.83856726004471,99.21590907727,103.42442353825065,100.95331040266508,95.98322106591206,102.78188573581916,104.26901005810825,101.95168468748984,98.50944717555846,97.15439330947214,96.61147791091886,99.88694814747588,94.07896678580938,91.79487554388903,98.69708353044953,100.54338090979844,105.15159209449381,107.7767999709173,107.08516947171488,105.34464500765728,103.74277892055626,100.54651958298506,102.89612576802429,102.4264250193728,100.45252528271455,104.54060780162251,108.05445545923574,112.05410282271853,116.81581592655665,117.933622781034,117.30976324730693,107.63745457132396,111.49617136215873,108.11282906533351,107.28702802493748,99.10810723935795,98.2206308559569,85.84287570323082,86.85113257516673,88.57948238358,92.21907640184598,96.68118934298344,94.33191643432426,98.51589697748005,104.72514432493007,103.98427688878417,118.31856466695112,117.49899020401945,118.39933504415202,121.25186533741551,123.3992232696206,124.46486241480785,120.59151125933731,120.14636698844643,115.51439696613367,110.8555579147676,117.83906578199004,115.56889128773471,117.78681181774728,111.3581865337282,109.28672861157278,114.75382313901466,118.53366453882596,118.05769703060996,120.31767133935085,126.46137735799222,123.14610553796953,124.2927904966108,130.97796212434247,130.69170552764794,131.96434712582638,133.09654236455808,134.33972818926082,124.05491273137632,126.59390991409094,130.52872255412098,125.15944850068628,124.19168423040166,121.36109050297227,120.47533597425519,118.8568163051155,119.55847450032284,116.10468532236362,120.37276190239965,125.12940956152346,124.24699330173843,119.86869277829663,128.95666209602808,132.73610876057114,127.71040225387192,129.35403720125788,124.02216232975348,125.17112458741497,117.39448713346466,120.86717301130969,114.03270851965226,121.41093213591353,111.7353166063621,120.52056568206626,120.92243985336924,119.24859577674933,115.00210256830086,121.27594173177397,125.4294591891589,123.13166585166336,122.60217833665321,121.24277382994532,126.00876063205168,117.50907217741646,127.95046233346996,122.46608014702969,125.41703584663696,125.42970450623488
2005-07-16 22:10:12+00:00,134.23260464609174,120.76983043071826,128.641325802595,133.29419956715086,135.62236315749243,140.88668693693756,140.651714769048,127.26882447375016,92.12937457499191,96.88511619466398,92.56734418644562,96.79776375600281,97.88876597185445,101.99457190332491,104.52428287443213,115.79980636133708,124.31889549883104,140.6482163907195,134.89376093570525,127.57374830186356,134.3180036794276,129.85370982183068,125.61544233766816,127.33368680925616,111.77022079843456,114.90756811995021,112.85532549118712,109.47353558355722,98.2750115886553,97.03094159262395,106.28765541324093,112.85932618280744,119.95055581245754,120.92185075332132,122.12294218548436,119.78778605657502,117.14147312810968,109.6286666732213,105.78074540556526,102.51455919821319,107.08123162679178,104.76751909448787,104.93784466532114,115.45120165258992,126.04159750991793,132.80751383593795,133.2944946841216,132.88226712034782,136.99147405596997,135.00219970820487,140.6221445557776,131.81895958035693,135.3165143709774,133.91477991251858,132.1328078538071,126.54497967592505,127.07755117700633,126.40275285832207,,,,,,,,,,,,,,,121.33931259139915,121.97814606103873,126.0446180424,130.84330615938055,136.41617505929122,132.03758785003808,135.86338533014586,123.00953791414761,122.48978150211715,118.27623407411721,116.90262951563011,119.65010639820535,117.23855346648688,113.68939803847516,111.99883862900671,123.14217639205295,113.31496176934237,113.57766566491033,113.67310037989436,112.19798271866878,113.47916100487367,110.7484640841522,107.45316049822333,109.16391218612273,109.58268037244376,111.50549724183651,116.61993516810031,124.15024389931999,124.75105977532749,124.78159243660852,116.6750197963842,115.60857058272734,113.01779437681384,110.92659029906523,117.37941795852832,114.31391837648349,113.8236679644966,127.26920172373475,126.15598843670233,,,,,,,,,,,,,,90.54940503430718,114.9764313627418,111.83449356172558,119.01137893014665,121.3791547809089,121.36233275939526,126.00932949107855,127.47997613862769,127.61446663942895,127.88198516515601,127.20606593285561,122.55449387755894,122.31960197445707,126.80041749711937,139.18455424603522,135.94773291066068,134.92056087168973,137.20612727066904,134.4571143191436,135.71262329072346,132.19141642142455,134.40971613019408,136.42941747325636,136.5997839002153,135.7508538296434,140.0496006844652,135.38251166370648,146.6646237391242,147.67524249973212,152.64310505204645,149.0684475161495,,,,,,,,,133.3773793911864,132.89155310206192,134.14818961048996,132.54697532263486,132.2603762924326,134.870224721795,136.3603544638704,136.24888149109862,140.40816806187422,134.4610485824585,140.53152275061151,137.37719621437708,134.23877005823638,137.73513797588967,142.7093400151114,131.4939449091659,140.17896051994256,135.6350555079944,136.80479534523138,133.23044507044708,140.18779768363515,136.67028842558437,136.5188020242878,136.95276291916755,,,,,,,,132.5805864513552,134.2055719790965
2005-08-09 22:08:46+00:00,126.51774709999503,160.82991178911234,117.44048126017475,114.79942624698594,115.43186448752374,121.2425981756019,123.94820150059121,109.46731807855525,107.60219070989169,105.11685484214657,108.04696160558426,99.95262620634729,97.17232892121896,97.11110094921484,103.68845720660049,107.34227547551276,114.93666341881413,111.2720215736622,125.44360305372528,127.80750822120176,122.96063311881403,124.47989366292066,127.45246657682269,116.65066236696323,116.48476008052471,112.95707592522187,110.51671094893607,109.82381255212417,101.97883275528244,104.95017634251634,99.75501663351484,95.68537405067708,99.21096784996544,108.25351395546747,107.65436105315655,109.76952890737414,101.9979308858148,104.77966596290393,102.53354268795366,100.96471786205682,101.57998739705367,106.1024464068823,112.13938869741783,116.20842162061412,114.16161991390949,123.21944734525347,118.59516261197099,131.68322239307523,134.07144752487193,133.10187919056895,128.6601705577283,128.7100333178572,122.28419756322957,123.42123601987088,124.19098129105535,126.05382379281724,123.24814312771974,122.20106201705866,122.8078841493456,121.5420707112928,121.06275360252431,119.60247170144723,120.98506491647728,123.38899030379629,119.85901145796805,120.11478963938329,119.63793425606538,116.98580723389124,111.17744289701523,115.99843175192842,114.26448182136818,114.65596455458181,121.59354235319124,128.8089394579164,131.24198403551475,130.5641221336917,128.44786112587488,125.72844620191165,123.42185982235772,114.66056944550252,111.18460922156,103.96659891992405,101.98396478220597,98.70670223040665,101.3148777345056,105.76762149542675,98.89442094811834,105.48788625199073,102.15590369840713,107.65264417017926,109.48886788580077,108.90901629171358,106.13177440300272,96.53498954256047,98.79388058236718,99.94075748756484,98.69935309317576,106.1621499073556,106.1677486667356,103.29489579480953,109.62499165295579,105.03016709597598,113.46342702390993,109.81627595830805,109.1985625315356,109.07672363092692,105.51546081483828,107.90995488084893,106.40652415240824,109.2462718742663,108.34053805937768,110.39301115652644,111.44140794698815,112.90904223078765,113.342856190867,110.1414030873165,110.38175956917684,107.04395925057449,103.6951319725183,98.89175557998104,102.9432354389148,102.26146929832052,98.24637071124678,97.95238529947041,102.0406627238601,102.650558590018,109.41694143432093,111.95126262528726,115.76087185313725,120.1898035527675,124.83395678291515,131.06668205452664,130.53086428829457,129.67719787501971,124.54853153930145,125.70449253764554,125.47899844625063,129.4049382134351,135.7657568409788,122.4424323777502,120.61866161731989,121.42478963396967,123.13441964055743,123.9223180810665,120.71239621381373,123.23712703454673,118.42836716312253,122.54204002293132,121.39073578187565,128.59239483865048,127.94445247298488,127.74075968747552,134.29420075356475,138.78766304225877,137.54539851106756,132.5923891519645,133.05352203039936,132.07780292596402,127.77479463827173,129.63259858432303,126.07042260727576,127.06313681479804,127.92065972278513,123.03514392105258,127.3917159646092,125.45695137251113,126.34747257928413,134.2509455571062,135.1638232343139,134.00271012037368,136.741866083717,137.0974861232973,140.60359663008643,134.74425363174788,120.33917314022513,123.97592453350788,127.44137601925684,124.4990246813025,127.95708233672028,116.99154405010223,124.24201941512763,119.75157418292883,115.88822472119917,120.21639656048389,123.86832574139241,124.97520154564269,124.82697527694235,122.9998292298606,128.47897003901244,134.9610722411205,126.04004955246414,131.42907595422275,117.27018576035653,127.67160659571532,124.27415129706948,127.09802341175106
2005-09-02 22:09:58+00:00,118.37231593547713,107.76825462776274,109.90838703914777,101.34117691515999,,,,,,,,,,,,99.70225867935568,113.32793220263473,120.02273457901829,124.41698609025104,118.30480166503915,113.01093513285446,117.21399549329826,112.08507630491418,111.32429422081098,107.19815549842795,104.17763325415781,106.11376775106993,107.56675263817279,103.91198092186924,103.62518631961095,103.1402230316214,100.10069924556223,102.42889862440151,102.79478956087775,104.6594060530396,104.87216947351766,101.64741287458145,102.51062339075708,98.32346423225825,96.28666996116984,96.13210812121321,99.38540983554286,105.65273487457523,106.4068299208465,111.8416627589335,110.34946658345677,113.46745679648143,119.18181943010923,124.38060317719551,124.43720800798296,124.89450649658676,122.04122727738415,117.58751474871565,113.96374767171497,117.84437487167102,113.972328764765,112.0730585128677,112.64115374500064,113.0682856533613,111.44418519177695,107.56855226107214,110.31754252690352,108.89107050392735,109.87518276634579,108.1423047144884,108.5774394718762,107.42789089539954,104.47138600332252,107.71646905793955,106.7838640071755,107.8531763896812,107.44608203679789,112.87893493468499,114.84484025352215,116.72999488958898,117.884895466137,117.34487054836664,116.73231320698063,112.1644976976155,104.1075642744413,105.71876034928923,104.63859552116905,103.5292803139083,101.30451108984032,100.52917436078292,,,,,,,,,,,,,,,,,,91.59136526352493,99.74732106126825,100.71830153026788,96.44841534117074,98.61846090386302,100.99963454453382,104.27157661262989,106.07125411164422,105.3738761479108,110.52596499534796,109.5281546672638,108.16672361874218,106.97680884060976,104.64845573356084,103.19689096455161,97.06634839245874,99.44068000654912,96.33364147325598,94.95827424278765,92.9641328983662,87.73637522441139,95.91079766118564,95.66183646545224,93.317274725848,100.87350601402856,103.38514503459568,104.69936387425724,109.39021489026028,112.32837122818775,114.49228939075073,118.88035219496686,122.21996824481813,115.52112015148597,110.75337518767532,118.26034177101484,116.23737386849774,120.04523969885363,117.2619842492519,115.09207241822182,,,,,,,,,,116.12488885887193,124.12799767135927,128.12663851381944,126.37644212771822,125.69894555444064,124.9619075896387,123.75872526816156,120.95692702369973,120.57506036438397,120.24888380642516,118.16014102016597,118.4128335864344,116.95048763828831,119.23856718179346,118.28969659491136,119.09079046559958,116.61467962728803,118.8736332734533,122.08526573111888,125.1698755560364,125.29708047065351,125.34091745796337,125.659129077779,125.51111496699282,126.43022985059503,128.1784433635298,,,,,,,,110.80164314556401,112.62273732909053,116.65438329943088,121.02660468474309,120.47672890231914,123.66151736207406,121.76858325658033,121.94556366103177,121.86402619365822,119.32575972047908,121.69984061655745,121.92703660169325,118.26876791502683
2005-09-09 22:16:04+00:00,,,,,,,,,,113.57858479962292,106.71949900237014,97.97346610135843,95.01165113678975,96.10669436312311,99.40218262832066,99.66077027414094,109.06239981752645,117.7945561543907,123.98140302164373,117.83187190757211,116.5565768416658,115.82401470296037,117.60354281702146,112.49087921701874,108.04629052502436,105.2863517085567,102.72032001054653,103.1883717693549,98.92077678341909,99.90391988068258,104.11366173387462,104.10154321158872,108.4311523321683,109.86183283434113,108.4609181816699,107.1318538626175,102.86878364192381,103.9278033172279,104.73755681634898,104.3191258836468,104.86001233994521,104.08352752874536,106.54401261210852,109.25122910174693,109.69220365481976,113.06684957809838,110.52683294700878,122.83925553299714,124.98902173363474,127.64956671057831,125.14385058436966,124.60018083589071,120.26250706222105,119.1515855472121,121.81703717758744,118.38448965576268,119.7821470659159,116.82806831789496,117.18376768966752,113.5185384102962,116.72414685539977,118.3579289962275,113.09458533349326,115.955129480932,113.5638373497223,112.67888783222317,108.54961593856783,111.992243929262,113.07591441865205,108.40089311202118,108.74232158455764,109.08478274165142,117.43386695959995,119.3494013825184,122.40568446277689,117.96281866845462,117.12442078444336,117.38773708958105,112.2371644132225,114.75889997469582,110.87023599748126,111.44309378325373,106.62927234406246,104.79195101642114,102.55662168694067,101.45499566416244,100.38370116427579,98.17781773283599,99.5183787705733,98.81929158175927,103.91681638923922,105.83429751142788,102.25076257503365,97.79903097355604,97.7171060572962,99.4544135063565,100.40086263576607,106.0683858248086,106.48820812075115,109.6337944298032,103.06460669872786,105.34521369948723,106.81151029552258,109.08291728085949,,,,,,,,,,,,,,,,,,,,,,,,,98.20947893347191,111.42107594847248,119.80811756985645,123.02934898418148,125.74431701040777,127.86361519315192,122.29651574407097,120.30119580334187,125.37263187214413,123.19807223237753,126.07688254666232,122.55667724237342,124.81535932216003,122.85026035756954,125.05704397822991,123.85560346518123,119.01594423185072,120.97980239031288,122.67725290294516,122.03950399176,122.75419299036434,127.61585449310232,129.16184248578182,129.49935337618402,133.89889457732835,138.3636838461716,,,,,,,,,,,,,,,126.70381107563904,132.0024290523844,131.5942620716736,134.6522203867605,134.07379861590465,132.66216310498334,131.7536572644306,132.04402151084358,130.72308579207572,129.81525792986878,130.86950365624278,125.97777826862367,125.61588250157041,124.37441695983672,124.7150023223166,122.54675652654787,122.5538856608025,126.84309799466573,127.12003060053716,,,,,,,,,
2005-09-10 22:08:55+00:00,138.87689032589458,110.02428613957052,113.18379503813244,123.7730195543165,130.15043455492312,130.79405598435412,134.18467022574242,129.8097099376439,123.56147335103122,117.67018262994135,113.95901272487971,109.2432101909762,107.25964344609997,107.05849203568205,110.31840445607943,113.38337368098904,120.86051364184809,132.47386273136235,130.86959633705266,128.93884033450212,126.96467003048198,122.46519168568013,124.53543257425727,122.21256844742581,120.21628010351431,120.64422159752708,118.13100955201924,113.96035813978658,109.14728798882017,112.64313011101429,111.69274774556197,118.99499239622178,124.01718727758148,121.9710151553749,125.4826324757846,117.17593954967023,118.29498329770405,117.44757260670795,114.05235543357661,118.32930749343785,114.82499429679845,117.39158242554637,116.76388386120838,122.2986627659125,129.07606060334072,127.46333469772857,127.07564687782498,129.68398618285076,139.4680219055599,140.42695628431247,139.79231289532726,138.49953583410687,134.93524896153104,137.96740505205554,136.99073396416978,134.98708280172525,132.14064141274864,128.0901191746542,127.79160224615556,127.04082497570603,125.53248649619496,127.08018629505862,128.1306418482641,130.0658531055258,125.82490120251722,127.49299056487634,124.0871623750778,125.57450315602495,117.67889980816429,118.14720581909415,119.07182956090007,123.81460706486033,127.25132278791591,126.03860148212955,136.33053415818205,137.35586721355176,132.871536237355,131.2699109294815,126.50164664755343,122.50104448191946,117.40464563037354,116.09418654002609,115.85190256739541,114.96497745948545,113.97133558837156,113.70464671042645,112.68874992665413,110.73073422443865,116.12530097156865,117.64089709370937,117.18579316024281,120.51035557094559,118.22790018636832,116.98610856975067,107.3561215479939,103.50548635545746,110.85216949112632,117.28887844382741,121.44249103045657,122.87293046994606,126.15458493034045,126.45626566362262,120.88993868662251,122.22901443977317,118.44298925626649,117.8521664539712,117.02769568857435,123.52059754801174,126.96503266476299,119.62756066055637,122.58472169284121,123.26245390234098,126.97948599733333,125.65490255389014,121.33393143183406,120.55453067972816,118.34197161056908,117.90618902926788,111.38231668350029,110.25835733973277,111.60049107784928,106.84868265781759,110.62801969390458,107.49416263449082,110.7036910056697,118.27401781889246,120.60627894316352,122.7918526807671,130.75109278639917,135.10831593347166,139.52626670308976,141.17745037513225,140.45949612609755,137.83572583015965,135.31554869206113,134.02767580603094,128.61176169070058,135.00930048124422,132.990615911968,130.31434690738752,136.21742077889448,133.79784957278147,136.57083407504481,136.81505960899545,131.95142580423376,132.91491181102285,132.12428645263842,136.54102434931852,135.87487739422957,138.11477115927298,144.81919741663455,144.78910212920368,153.37245557498503,145.32172730554942,144.31050730987644,136.11409195624825,137.82268767019542,134.85153597472987,136.03821560872697,136.07518687740418,137.0374631415756,135.03170024095914,138.52192674047575,138.69607770254223,136.84767704754267,139.69242972572275,139.9375558961613,137.5413229254933,139.72866622700758,141.23975791109473,139.69504813412274,138.3609152734057,142.49486598265875,137.97789348048605,138.63779705799487,140.3421935765214,143.13765586878225,143.49822522256702,139.65472686420665,139.78168957179335,136.25131577163955,133.67526673440057,135.36871268385968,135.1361991078136,143.03307947421055,137.9182043823726,138.87243471839056,139.66691482299487,140.72977890773134,142.35470549848606,138.8482272346542,140.96174340479305,136.83972569073643,137.40806798180353,140.99756331821317,138.72805535069486
2005-11-04 22:15:05+00:00,113.86205274325988,104.71726907732412,115.1626943869105,107.88268101965922,103.31937606840715,96.38349253494422,108.34105846192452,102.94241509863713,99.49993810051166,99.7410260352322,96.68435795288282,87.32441050288055,88.91575684937455,87.06028510870622,89.8559945478646,94.14011447804087,100.73781652724833,106.085823103217,113.17921977860125,113.33929744518834,103.05635688026597,104.17049401582787,107.95769015448492,105.96629886494253,105.3731696322878,105.5513142547888,100.1196144461124,101.85691718867855,103.72281031577462,102.22209671392585,99.32433689940433,99.91981820700296,100.58123211090161,102.5178103275476,100.60755837937606,105.18406192016498,102.00250287240307,104.21910936887492,101.11464862558289,98.21343022827767,98.88517581736583,100.24486643393298,105.65234873759897,106.65000228074008,113.62828938420412,115.9353745589821,115.9590028863755,125.10544108923729,127.81458243229274,130.17642427220517,126.93130097663507,127.74773654858046,122.68459364111798,122.31393833198526,121.4465773873938,121.41701726187442,115.85467389923734,116.561458623589,116.87155398781935,111.56853663900336,116.97279638388513,116.4904877937501,116.69919657122519,116.96358639010252,118.51441215997744,117.81276366296864,118.35191499303149,115.00241886363848,113.05747771676036,110.20534014672916,109.15276622319548,113.05390907732865,114.0936440479516,116.27753094710522,121.4205661629595,123.6117165461956,118.6267676351687,115.00102404129706,112.56745746656928,108.07810765160802,106.92281060111199,105.71633593593288,98.68950869073453,103.08894182734302,106.12838996601076,95.65196021879636,93.58198194812537,95.05704426109722,90.22895214009742,97.54764748896908,100.94541134036744,99.49981085187908,95.58633498718302,93.72414405267996,94.85509037672212,93.53031584887887,99.27169507326136,99.23029663151392,101.08488565463114,103.41191042310031,,,,,,,,,,,,,,,,,,,,,,,,,,,96.15200255706819,100.1838178267008,106.25742769306645,111.10951767926534,118.4800503468373,120.31887533336585,119.94100076402893,118.64339878219512,117.3492610528239,118.3800021129045,120.125143099921,121.80211106364592,121.71479917508313,116.375232161558,119.97647471579758,119.20158154514627,119.74699223253215,114.71581147214404,115.55872433132154,117.97288708008057,116.98229383922316,117.5869709005789,122.07611201724222,123.98904930790829,122.99701661727056,124.66875444519695,131.34008668965308,132.8522727915803,131.91466014051468,133.79220769362271,128.76700692438513,128.1645060046205,126.36138612499748,125.92187885702475,126.0107224638578,126.71920860358966,122.7514793558279,107.50681124041134,111.90180091114948,115.56887055758546,118.91734019342351,122.34460961150606,124.38828845484252,124.47446629567429,127.11175841023598,128.81631285435097,127.2470297622929,126.95614143129912,124.78449080256503,127.11329576068825,127.65080295007834,126.69718145221727,126.47411482847014,118.44635500042382,123.07587162646001,122.48574398194559,123.24326416778105,123.27865642239443,122.25151041687529,124.44884663307198,123.63221038547773,126.72710291745409,124.55921002318223,133.63374178913037,127.66861199808602,133.45361762444048,123.85739417126045,130.9306227419695,112.01155275464143,110.6603600906619
2006-01-23 22:16:59+00:00,144.06475003999282,123.7123983796948,136.1080892446226,146.11832561167398,147.06045543080688,148.0678833922683,158.35903776972663,153.5013585215566,142.76858981602447,138.95542496802744,131.01652176110926,129.42307505837974,121.60308545606307,121.50922222381419,121.710970092143,126.72430453677283,132.87711160564942,141.9668901142686,146.37331770680595,140.51891172356392,143.06953973296208,143.90246281314649,142.71696165742358,137.80655715475504,133.5745296873623,129.47827940993903,127.45357959985157,129.96734136583987,124.46509198631945,128.8627349315784,127.3798404347919,130.5278167538479,133.23563447742407,133.00051288051878,133.94777965057222,128.54418608754114,131.7975210499166,125.19418832714182,128.16247370667995,125.24318171671348,127.68765410702599,127.52849724281076,130.7084345223991,138.83580493007847,142.9668201597359,144.89686557361463,146.05197714416732,149.80249424647772,152.1054449569274,150.91384659123614,146.9271373275231,144.7263097352482,144.51007573198487,144.97098311442141,146.1721993969112,143.00093929076922,144.54147797908035,142.01779322566182,143.2900008400063,145.13988840959976,144.31667468994667,140.4635658232506,138.43182072850735,138.0325760835982,135.53584200268062,138.48595546373355,138.358846743523,142.18912872442263,137.67206800643334,137.97024995970168,135.42641668450702,141.50065222075676,141.69503259673382,140.26711153114178,141.2005778873043,143.7952916236271,149.69677479052078,145.68371620329833,144.07112137674005,137.7858525381429,139.1891151222436,135.81334816027152,131.97918623752224,131.45728201300446,131.30530935541285,133.2503588006481,127.86206414666187,123.27347140126788,117.36868187246218,124.22132851757696,120.27134662352962,124.63666609385189,120.853548771653,121.76173874177044,115.8096644403214,120.33254050916337,121.07054144815464,122.07726155666312,128.87745477405792,129.5116832446628,134.27079290988092,130.13719510007795,134.9343968445153,129.3036178519171,128.83578038643293,128.8129381641123,128.52410764990606,130.11421637094122,134.51357328271692,140.12550691754103,137.3828757715577,139.37842986346578,137.85656250204,136.95190837048642,133.89661512048562,133.04003788645645,130.15995258371618,131.16790280609402,126.64623833491515,125.6724057308379,124.04389196127777,118.04917918945102,116.49694584846073,117.05718709063648,121.01826368147437,120.08463867055401,123.16554236139224,126.96097774739889,127.66313570318805,129.24714657289547,138.87175547438363,137.01701833140953,142.74367007969778,144.03607084881952,141.03610482508682,138.14578610623593,143.06336848422464,140.96871317816493,143.17226656174293,140.3763685855983,144.4052543625163,146.19676737073186,144.11683791946106,140.23244260144853,149.5238692824102,135.3934815796525,141.7379828362041,139.09928161744506,144.81726908104548,141.34625775406158,146.6543712603275,149.0600748311868,155.79729967625119,156.7776433359215,152.79769916548116,147.98515602979828,147.47334161482596,146.42088371328697,147.0428063998006,145.34267566379123,148.3844489655028,142.6461596830197,144.83809972961473,143.66057650937012,141.65564191033346,140.34091204509528,141.67565286283107,140.9422570609374,143.11848594934634,144.80207960247532,146.14007450377505,147.47286259880354,151.08244626507295,149.25959839417357,151.284805331899,151.1824284195688,151.64400425203056,152.4748211579667,148.87406684406378,140.6839825684219,138.34941511436685,139.68782259305027,138.16354137004262,139.62631556175464,140.82443832036952,144.4691088812935,144.5547997495606,144.5748875200562,143.1553422161862,146.54361735599497,145.80166861993257,143.66108872874167,146.6737463229223,143.781210416519,142.4708056590658,144.03768768757237
2006-02-08 22:17:21+00:00,130.21611139840496,142.05168851640838,116.18117255127005,113.63095698927391,118.23423640441654,120.09554682737043,135.69392330847847,124.15841200133643,118.87504287914447,112.03086246347556,100.89323960582834,101.51139041275466,93.57968475548923,98.4736605504191,102.60336046974851,109.81287225714942,113.51693536623705,123.18711024349024,124.03197312305934,118.8829541441367,117.72587043191523,115.65529766896867,113.52847310899108,114.8406320862884,107.24819317923028,110.01058487589282,102.34587323113533,100.51923599271778,105.00042268460317,98.41282219358854,96.12159567379774,96.17568183849426,110.71411435468305,110.41394690296443,112.77928490358372,112.3405567241732,115.08308887167516,110.64420520653249,106.3240619198467,107.39827402628086,107.30680664417882,111.45368827099098,114.9910515911712,124.53723594239229,123.77468446273662,128.4050114024801,132.7496413307416,136.4085455985274,137.82480473182804,133.7224598936872,133.4139807978448,131.09788400557875,130.75078468444667,126.15992464702924,131.56889246622583,127.84804297146759,127.35541337139747,122.71166743627022,124.2009950499873,124.5980248327972,123.45708213913929,122.53644634507316,118.09532531483742,117.90407904045769,120.97092861886526,121.04385925972049,118.69088440290149,120.68780145186406,116.27021104359308,114.1918879728146,116.91529942872597,117.21757703404401,118.54869430156977,120.93813513790109,118.41774325711273,118.91103242434717,124.12296755091876,120.5047306443978,116.26865368324161,111.82587558156303,112.70258937382116,109.73859828667558,109.51921423870621,106.76910384806733,107.38754483515864,107.2660263924514,101.36198606634977,98.2179447866601,104.70062231807998,106.70965740398391,111.6775222113177,105.68162496729663,100.86245942669508,98.99128017547065,94.69504481319255,110.39370824963903,108.36853669169574,111.42504816479844,110.07933252911694,114.90705045279586,113.60342291119125,112.77224810669452,111.16353312415008,113.92780276047645,110.29243483299962,112.96991513799878,110.34133731011588,110.80489713871657,114.8932789589556,115.8811694702613,120.20445067162164,122.23963360701636,116.38518338359025,,,,,,,,,,,,,,,,,,,126.89017239841895,133.94581768357116,134.42941614480463,125.88186661951944,128.11684101612207,124.39326710883181,128.89918414153175,131.33458909919736,132.3206473570243,127.2073205326411,127.11433161203837,117.73656911329078,119.61628446090774,122.9726666408634,114.42732084654952,91.84250305101699,109.5057916759522,125.59416410203481,127.57182452994289,131.26074673070815,136.90498118698318,137.0664555447118,140.57587845391762,140.36529927771875,135.47573683101075,134.95488214345775,133.79149440900824,129.99197569846814,132.70892799588802,123.35999870669292,129.22212241018755,122.12060244970168,122.25668336148942,124.14951164430477,123.10040987728625,124.11216725959727,122.78342805791333,129.06879743729328,130.94633207306163,135.65883070889282,132.4754471986214,135.92475741937636,132.7968149665472,140.6646081520029,133.9631967890271,134.51366630438204,130.4117454912325,128.96798782821392,130.09520911497856,126.56830580233677,124.25777783690876,127.22405377988137,127.07502319069992,132.16613625197505,129.19108045564684,133.50949250918057,130.64764447807812,134.59299565589126,129.18710917205524,137.4411664598543,126.13347647823299,130.65738569700824,129.81080291750402,128.6379943737711,130.18907539062064
2006-02-09 22:10:49+00:00,129.17125122801372,150.8509665672267,110.43332213428572,116.44000939197927,124.27758915293619,127.56502304671379,148.52576140457052,136.52215996346712,123.53435884599158,116.5571361856072,112.84986857291015,109.26263015127053,95.01414810273002,101.40816121978061,101.12880075052314,94.54721208512646,104.33642460072403,110.40234796028861,,,,,,,,,,,,,,,,,,,,,,,,,115.50180538682662,,123.95968320266331,122.2677199001965,,,,,,,,,,,,,,,,,,,,,,,,,,,,,,,,,,,,,107.68123702763022,109.27356550296773,96.50200405942071,95.59952094637258,97.8313701287629,97.59744392204762,103.23930452929709,104.09320238407705,103.59816804302838,110.68148557255958,104.47787359156975,106.11920891055009,103.15065470514624,102.81246849380203,105.49477376642317,105.26537582287068,110.12785844924073,109.33926616783829,117.0692533618878,114.51264928410669,119.98108388174298,116.50084062779277,116.27048496134096,119.21370202108263,114.11690697864977,119.9264134314868,120.0429790767108,120.93431692890462,125.28578406553974,123.4729425913165,126.50167845264244,119.78730077860997,114.80615472638962,110.53203207920065,109.82477638578445,109.3276218116473,103.19810147571792,103.36461146640075,101.88409735105485,97.53211209177981,97.32845866932044,102.66690563200741,106.24874321626825,102.8735459106583,110.2208920474824,113.98707656609102,113.22156125759037,122.5327251380915,124.73732202607299,125.5898446724927,,,,,,,,,,,122.96308550307165,127.87640310360885,126.32706742080437,125.24598787499494,129.68335733510736,126.77799533725356,134.79046082102738,132.15481630936915,130.597914010039,136.48929158410232,139.9759006241484,141.67494886118243,140.73688981908583,136.19132277596384,137.18562198675514,130.5499423134005,131.10168920861284,126.9636355440096,130.07502644141584,122.88712559880192,123.77933649607924,125.72243296900236,125.62836641791166,127.47604305423393,127.26956587534121,127.01505222924602,131.14918201563958,,,,,,,,131.35171599358466,134.47611370128664,129.291583600078,133.4338178375009,125.92991539977945,125.2077790502318,125.9699281439955,128.90490534503604,129.38872279297385,130.130320740614,132.03808445660457,139.21702850912246,135.82939831993357,134.3682194005095,134.2910580199287,127.4569210599803,129.39602253724112,130.17938277907635,131.0284353565164,127.98065114351124
2006-02-17 22:11:22+00:00,127.7210601333088,146.49954756449333,116.81088840108426,110.00167623859168,111.0907349033688,132.8193796161558,143.43537370837444,136.37625500572173,126.20355618878368,122.502734283932,116.65779241912142,104.73463474895769,102.79456548596588,103.26091612628252,101.98125749901038,108.61224973199124,111.51321398080745,121.12392674347085,125.95160712681312,127.60777536791238,119.83269910414317,117.66780938017105,119.04967586718158,113.1652908513694,113.92453328727069,111.94859003627369,105.430953427497,107.3807197866848,102.59128303515126,105.69401954746837,104.69850574250592,106.34498396268384,105.81839622252548,105.1760822211271,110.47299790664928,111.53227222957965,107.35113610070687,107.01212069409519,106.09526906442116,110.04465652062751,106.48951788265916,110.87594581565294,111.65170431476756,118.0821288183287,119.5794118111943,121.72616676021397,124.76554415211072,129.35777889951208,132.41156066711537,134.89395675292317,128.23442248188312,129.6319963239349,125.94727764404118,127.9502589588287,128.10724791730726,125.26368257473491,124.20896936245354,120.84095832019247,121.68218014797675,116.9411183684448,126.23016180922728,123.66800815056372,122.67918891636766,121.8535556105773,120.21494835656894,120.72850214561839,115.99866398794306,116.93925063577521,112.28755284959799,116.15043569944817,113.54218278650004,114.24998237067756,122.82649871008985,127.43414113729227,127.99713801325169,122.70565182704894,124.11872589031479,120.18019798281406,116.52808004972529,112.11851576790336,110.05155413834999,112.71271535075266,111.77220801604435,108.3521315373427,104.65992086708256,103.13075361819075,103.5885821731745,104.28401092528127,103.46088948212265,108.91352274863799,111.388673965415,110.12329150501552,104.12123256264277,99.11742524903404,99.22143028254696,104.21900352183592,106.07552201502108,106.84417367467495,111.25625709099134,113.60386984209026,112.42861265519693,111.62117100010823,110.59936174165891,112.00407585706408,111.00970400365486,108.93342295238023,105.34512364258676,106.31873516803225,108.28535984877603,109.0136877897329,110.209516928919,111.34039816790067,114.78758458067652,111.70975843789509,107.22479639725731,106.69162627542849,105.72904725945193,103.95152368210985,102.33451073317013,101.74997927145678,105.06471893053885,100.4597501590306,102.63330274646185,103.61964932588286,103.51444146414475,104.05075177563083,105.37895868560803,108.73197256805187,113.87213375494352,118.42448452042694,123.78168232207773,124.59677274612555,126.30857499838983,126.30593211881876,125.29007284175566,123.65328408313862,124.79027897181041,128.19929557166517,127.79265763110085,126.26798112095864,125.22389639069684,124.22894323106505,129.01210046115182,122.77982480587579,129.11415323342013,126.78527343170497,126.9228137476265,128.80843040349288,128.74445498781773,135.13581424568963,132.99155522027831,136.45199081573716,137.08678222953313,139.17270428309556,136.10814709009645,132.1685942742147,130.95032906612477,127.99206490641433,128.25971841606872,129.8393275637392,129.3448111708364,129.06050959581836,128.3717331770496,124.64560171508657,126.53647816057324,126.86532697952471,130.76680519238792,135.4127459873849,137.54928885501516,133.1661565003135,137.07231345499926,136.92335764833055,137.3174600470825,135.98819026306703,133.01811296918044,133.4464325821819,135.81918352151698,133.2628341633807,136.81696768771593,128.76916685948987,134.2058797993457,130.92207236276084,131.38838325727028,128.86091888909016,129.74798508685652,128.743709821588,129.1841919224062,128.18935692971428,132.11485574467952,136.59312668713108,128.7100853368345,136.28708580851173,126.48235182918327,129.1067542873415,128.72711574789707,127.57334853307769
2006-03-12 22:18:01+00:00,119.2333958167768,,,,,,,,,,,,,,,,,,,,,,,,,,,,,,,,,,,,,,,,,,,,,,,,,129.25823629734214,125.17311816494563,123.05743054187498,125.22167823739592,122.5430997518954,125.06129038184062,120.40924507578964,122.57246666012466,125.48579546052544,125.7605607456027,122.18372632445087,125.4893646452258,124.86547769541087,118.87608600035055,120.15241327910604,120.94605237212473,123.4180966470203,121.04156685023987,118.79951897442396,117.8570153108613,118.58090917369267,119.82434668731594,122.81343936377633,120.53734163795792,121.70442990874014,122.664727865692,120.01260851152765,125.35379919208324,120.62246183885014,117.70141296741248,117.02236556110576,118.349385780265,111.17354880508267,112.73012727600648,113.46815354672488,110.8111549769528,107.24125121054388,102.8477360671038,99.20868107781476,97.36249712948538,97.07738329100076,103.6228919170529,102.4366108014428,103.1870525658316,96.40008493487012,96.97839126583152,98.77740715414824,95.96039802030285,100.08370186550748,102.34424003359923,106.20152196059426,107.80498018865612,107.66534088126176,107.36165079652584,111.38640612432056,105.70602642268884,102.85279331445994,101.8312779697407,101.77612422405744,106.19066306077706,107.75334361702338,108.65858887476826,110.23304652164352,105.6474607682602,105.40366776314038,106.21940308309352,106.30549487398086,101.4935918387661,101.47372431448808,98.6254633750956,101.25272584946649,94.95463961500693,95.63813429048248,95.77454470807784,100.16246780539916,97.4365119795956,100.30007580322246,106.76804325625037,108.39207359525746,112.29115839463354,115.48928583953936,117.9369725399429,122.94338178224812,124.08604560594168,125.40344281235684,121.8876521141998,119.09206317922616,121.37160256316416,115.90179565673112,121.54698686552834,122.44002317418196,120.48686444669524,124.96467984977104,122.92924826956174,133.93332723703992,119.56215877338065,117.02013807124996,119.1169174517695,123.13248029162936,122.37879669006291,124.51102454655737,126.96191884375465,131.5727935131716,130.4095923247384,128.9832744667015,131.6369945682654,126.89619042709656,124.99546885268792,125.05376011704948,122.16885809937926,126.33068005531746,123.9927833327956,126.02911167595842,123.48990057906144,125.39053371725916,120.0401603935032,119.90738617246154,121.38546292751651,120.89364925932034,125.3924996742737,124.28063465281524,127.47810387818669,125.63228033952105,130.24119956097414,128.8631395203159,130.96319112155362,127.15885324111346,128.73567597886833,126.59510550310384,133.40316263366145,119.42937599836505,119.08736237525147,118.65727103153247,122.27063254646488,118.33596843216988,123.501972720304,119.47441064568704,124.23236982625968,123.33447748224248,123.81639391102192,123.48107733402416,124.24805729690765,120.52809436056332,123.1434005473423,123.17075628027166,118.97281493676113,119.32004794445344
2006-03-29 22:10:52+00:00,120.12041691222082,,,,,,,124.01384842557115,113.91031382304797,115.7997759730401,111.11485275282841,98.99050193168787,98.3096756620883,95.78064745325216,104.82881714102898,102.5953656276028,113.33514853656959,118.61078690715237,125.10655560587414,124.62928639473267,112.46688513939489,114.00874151723633,116.05040731901245,113.48755960785302,111.97820042207185,107.48190886904848,101.93453059679176,101.59619589857158,103.72349405599141,102.44326726887587,100.53785650164338,102.8924745395385,100.69817851528637,107.56196845548429,101.86477144365035,105.14303649481984,98.31483454505567,100.7971279080664,98.5537170269464,98.31862997775994,98.1522868834036,97.26055028095756,107.05599759611492,107.80837910285688,112.69673492746777,118.8655085386589,117.96205764881158,124.79113070335485,125.67915902843764,131.4952573172829,123.30382229399461,125.16663938352721,117.9281125787526,118.9981778804854,121.41403021211903,115.5241372155877,116.11282658426721,113.37023757171364,113.90662532890262,108.55386913316839,111.03240808959309,114.75454689450116,115.48311319375479,115.98338995013849,116.43816687544239,113.03830133923265,113.92265713478966,110.2280615121448,112.31978184314958,107.29335034560114,108.19985788735143,108.27581028769336,117.68575442445676,121.16767777310932,121.47830187760374,120.0512106664238,110.62223944565027,108.41205699473952,106.85775624426506,107.13796385912605,104.67407637655049,103.10621011293829,103.8477433844736,101.5420902570272,102.07385245927082,98.26462367785358,97.98458571804572,98.96365040756027,96.08052908317829,107.77325604031957,105.74084607319554,105.34673506817472,101.5751512097781,93.23498038561367,92.50300592799685,,,,,,,,,,,,,,,95.67774127299865,98.89553033263365,104.83385781191754,106.44355401852101,103.8705937934456,101.15756609572584,102.46171635884292,101.36337290241597,98.76291795354814,97.6827470638145,95.8464646421266,96.27858910227738,92.86569250416134,89.02065226905583,91.81730144892462,91.28919280085812,97.01619546897088,98.6267039753954,100.98316903145326,110.51827459313544,112.49849712007033,113.70568625003617,118.65350009182714,119.58377077555956,120.77868205759327,117.39988929675899,115.24211751595193,118.1915999604524,116.96125970462705,119.11022568201027,114.18872646449378,115.08467591616181,117.56924605990653,119.56170876279651,116.82099881204422,117.40815911932253,118.13096079547138,,,,,,,,,128.394696712028,128.8225141948101,127.67098094120497,126.46987353242753,122.9044198710331,120.46916377185568,118.3291707714161,120.35452378693017,119.56024063119962,120.48000337399611,119.02576031252858,119.91377052810161,123.42734450054111,126.69732309786947,131.47249189371266,127.9043463799234,131.48748817100412,128.09946726722302,127.92367824689771,128.5769775664078,127.40652956693506,127.12030194875227,131.19908210291425,125.72250810613583,130.2738143542494,117.9839854414107,,,,,,,,119.93004938220614,122.43201261745176,126.97368426173719,123.83537661542651,130.92700885359437,118.10308275370532,123.22039488648937,122.18993048352445,122.31025221011076
2006-04-13 22:18:38+00:00,127.42458219883697,,,,,,,,,,,,,,,,,,,,,,,,,,,,,,,,,118.48118187094984,115.79645814840377,116.0122125674907,112.28159841122746,114.49941053726545,114.84701969837627,111.85917761252875,112.78529857915939,112.38344642152629,116.10836740546459,121.11218195888105,125.42412011241811,123.85170025260716,125.71795279376667,130.95419618446542,132.93891574814035,138.26306360381213,133.35869424531182,132.2022352510954,126.64564028721476,129.81644700613373,130.69413923801545,132.9028725009369,129.92103217651595,127.09606794709464,126.96937250456553,125.22426547398771,124.35982304449544,126.20600620455745,124.43934387942593,124.17102831783853,127.75443763907752,124.64558807221603,125.5112924162245,122.68276063480329,124.55635749662699,123.4668407763362,119.24700523293328,123.1383215806648,127.61876720739511,132.96130723364618,133.5389843092475,132.4019377493602,129.2791839540122,131.80904976633985,127.69083780821464,119.21656912250364,120.25210556493579,121.0843037388385,116.35724320231988,115.30121890747468,114.66516638830612,109.05575843498916,107.61919921097001,110.38758000728156,108.2781571192863,112.08231519319712,113.95204612516784,111.2779722056454,109.11839619735188,109.08698001770172,106.06931553376155,,,,,,,,,,,,,,,,,,,,,,,,,,,,,,,,,,,,,,,,,,,,,,,,,,,,,,,,,,,,,,,,,,,,,,,,,,139.17604504646238,139.718842542883,143.33290561695708,140.18069024188569,137.07803211083439,136.68950809869605,134.6958805175598,137.51458214098824,136.56566508019978,138.9978389321682,137.28489552177723,133.28951511937473,134.2848265303704,128.91673834610853,130.52680096613886,131.75980612124704,130.58332075676856,132.11960268406443,135.44394269704458,134.03498187971942,131.37432701766795,131.43361525045904,126.38686626354828,132.59070558018743,125.75606533722872,129.30949736899984,127.53682215919953,127.39755453675242
2006-04-29 22:18:53+00:00,,95.79366636132431,87.53126047558005,98.63838760641661,107.21713773876046,128.2274818468702,145.30322914311202,130.98622065699772,122.22876135493941,122.05399330635494,114.39989633268357,105.93826344627225,110.56348489166058,106.17539886598621,113.35614977958188,112.54476772895633,119.25660136618696,126.56470622770492,137.39884976271253,136.05249660266225,126.8995410095216,126.11339292931815,126.757196918781,127.63925463995531,125.30505971611845,121.11818622084212,116.6711625603969,121.51958353438545,110.93468525876028,108.17555220443364,114.87002570980556,113.65715072740836,113.16230086663977,116.69243412584272,116.89499194732839,116.8980391266596,116.44430529077295,117.59346831346552,123.23034684888682,116.53064403779173,118.1274088149735,117.90032390149328,122.21426125537045,124.0658160683002,123.96416841282331,131.1161966085688,124.78307051442124,140.96264973027533,140.30184740717198,144.73138370064368,140.3897693974324,139.84520098515475,135.8474619079901,134.4638195471205,141.01785855883475,138.16211735039545,134.11474573091243,130.87220702724002,134.43994017296666,122.0887200921253,130.48658200698438,137.5654583810525,138.94042992652746,137.03025603903106,133.84741342152086,133.95508465311343,128.20512134390924,128.50325158915282,127.36559101520328,124.6444417369878,126.70173274619044,123.37692361962007,131.47046334421003,136.02451167453424,140.69801648896464,136.78958973989683,133.92759455339012,130.53977390512551,129.16052572173245,125.57354234688707,117.62987599049256,118.51140366719528,119.32298059455094,123.98662246121013,121.67372876796205,121.40058346075507,125.94728935261901,,,,155.11640829167882,124.84393076648065,115.62062048267988,103.7135093614021,108.89313785249344,119.67591629869146,126.34408934178072,138.56540303675538,146.85617367409068,135.80168303681103,114.58442086454733,109.30191696009118,112.46829738967016,113.94382073782182,121.8735403515144,124.84725541858006,125.83878915181077,,,,,,,,,,,,,,,,,,,,,,,,,,,,,,,,,,,,,,,,,,,,,,,,,,,,,,,,,,,,,,,,,,,,,,,,,,,,,,,,,,,,,,,,,
2006-05-23 22:17:02+00:00,111.3691988640181,95.97547375869098,90.31369435756633,98.80331097460834,106.21498549147447,114.36561148174317,130.89297926898305,130.75146515166134,111.4324806748541,,,,,,,,,,,,,,,,,,,,,,,,,,,,,,,,,,,,,,,,,,,,,,,,,,,,,,,,,,,,,,,,,,,,,,,,,,,,,,,,,,,,,,,,,,,,,,91.89147429955418,91.1176646905567,91.47645657319828,93.4515898189174,88.35576346339701,89.51081798390184,101.7461090644273,101.73064875918031,98.8857873583823,100.26475190386597,107.60915498679216,99.43760396812563,93.04293849868587,88.16072228165099,88.96742693317744,84.5822146514012,82.33390531497426,74.59787325886839,72.38195942617263,71.35970861008238,72.64851864375632,76.09537615339693,88.18898451077871,86.62053612660819,91.96408959951955,91.08693924843435,94.70376143510221,103.43941594566476,102.05557725094651,108.3148534199709,107.43261286869627,111.49178910136057,110.95361684561236,,,,,,,,,,,,,,,,,,,118.5113481569319,119.4178579371694,122.3868189810508,120.3584648530631,115.35537809623035,111.94779937477172,113.15146145060724,121.14104761055034,113.22825973500846,110.65446527928948,108.75847822611918,104.02422160079992,110.28999650716239,106.65840634386404,104.80217708125187,107.21296914293764,106.10283996990955,107.22297658492953,109.33443704844309,113.96908929105957,,,,,,,,,,,,,,109.19122541857476,114.49171894725004,114.09910557934208,112.99493914478737,112.34446404573256,109.23703364073837,113.02587559864398,105.71307320123971,110.841484360273,111.45246656848795
2006-05-31 22:19:19+00:00,121.91719664883446,96.43799234034176,94.42777360002,100.05196983247495,101.28740217466952,117.05508528857496,139.56868699639998,136.30719852882015,124.9360761783073,122.49935173152645,124.91454213566638,117.48017923734261,114.56468789200696,109.26740865015836,112.34096375222623,117.85399022015915,126.6469654392371,134.11469336644916,134.143229506445,131.0243670008339,125.8416191112392,127.89204626387397,127.9486746226965,124.11983357977297,119.20049342967731,116.00501557267481,110.67730197215755,113.28972335424501,116.12789095413447,112.48369368133896,112.32340437962088,111.36601400409307,113.09375301668382,114.49594319820187,113.23034880113303,115.2806134211281,113.07396035461332,116.24299450576645,115.6859038458895,114.92851688274571,114.07355711854038,115.50170430107123,117.2084547816105,119.80710670465248,127.16366212511129,126.40323393337815,127.2058676259673,134.5765210108336,142.92410560119836,143.56001261530452,141.8556250071003,136.20965033909926,133.71826619305685,129.53247860936963,130.3149496095436,131.97034384308694,,,,,,,,,,,,,,,,,,,,,,,,116.61936069880774,119.86373411503561,121.01567671043344,116.34464377184115,112.3385374096983,116.79790869928,108.98582359441234,103.52903546335546,101.32116916704017,105.83917147245162,105.10038516095133,108.75857630815152,114.23862340915873,110.83086457730225,89.31902282517643,93.00960639637572,103.56773726354051,107.30177684087342,111.40456843193063,108.92882537427155,113.3566073240144,110.60663757413931,115.91414531381938,115.1084399881234,115.12934837991865,116.70422541849882,115.64380435138833,115.18002056602072,114.08831786261833,119.76345239791421,115.67113789303069,119.59567382420045,114.66308857984376,119.155507489373,118.98806401995715,114.18874464683196,106.71822634125257,109.24185233752709,112.30663294014153,110.33213337936198,108.11186710242856,103.66909170909135,103.8919061086681,106.43912232550082,99.03878013626509,103.74506249997005,107.04343487169339,105.87613096834913,114.48261126243703,125.39139162521815,130.18387016122668,130.00839679308297,131.3895085968869,131.2779552891363,134.33765850997602,139.0032050927144,131.71069190051472,133.52032377525273,131.69162381764423,128.48234539972398,124.47338665919784,126.05584695080856,122.7805918068017,123.35291571005527,125.40786197868275,125.88541796545239,123.20273878729022,122.73888435609622,123.09492776494376,127.27438540182801,129.90474448624465,133.37812977272384,134.19301921919487,138.9360047986562,142.08351848102876,141.1860470252036,137.6612659910481,134.75575778248603,133.89725557552597,132.3412634136547,129.86777244204882,130.02522127314882,125.54463995636831,118.81742196200031,123.13207292626274,124.39991489813656,127.2765005203183,125.84211143084764,124.80844536317593,128.76515408396523,131.88768893830093,135.0819128364041,140.80565433204268,139.36945832040823,142.04867798960882,139.84447768938426,137.8559425570095,135.28370295584986,136.39075364449664,132.0931071665284,124.54071150915308,126.92949382541296,127.64182754791163,128.3753910320547,131.6824416992657,126.56040389052524,128.88604512804324,126.53431352841298,132.60953237730502,126.43018499120122,133.7689338636586,130.07915464096598,124.71888969145587,111.63861661182347,122.54557661405391,117.20368449408214,119.49243563944631
2006-06-01 22:10:50+00:00,,101.62690995332241,95.08238472576168,90.57548340125679,91.99290438417705,106.00256606756301,136.72700488055992,130.82358988556493,121.76539587775376,119.60474390426212,113.97832857737637,108.83351475273429,105.50257377508564,100.66396265334673,104.81240362585437,105.04990434738437,110.60595016009727,123.38343150523906,124.9697286177813,127.73318260347843,123.34807007598101,119.85045984368604,125.44586684544166,119.55040928407134,114.65394848660385,108.05957766733961,105.49820694004586,106.17002043337571,103.70296740729421,110.21529142913361,106.02814959674693,110.05913836985982,113.55963826505224,110.72568027250121,110.2365310568652,108.96230576144266,106.03302061899161,104.6495560991237,106.05701682621299,110.51902677433603,107.02231050147789,104.91547893973198,105.22372326450919,117.08806919533794,116.28903322348869,112.41672565536444,118.04567213537914,123.0998102319365,134.56888811385494,,,,,,,,,,,,,,,,,,,,,,,,,,,,,,,,113.84424959300502,108.43522530835666,110.12844132567697,112.43187650625303,110.1721203628546,104.56476326442781,106.25455720241062,106.15857656660522,97.76790276821028,107.37274206803136,109.64891154214766,111.31960997344868,100.82060649051715,90.02223656973536,90.6946444426292,93.06623641797492,102.4480169713244,102.1672812117225,100.19037096634287,107.26493587220307,110.42824595055976,112.00828787043717,105.61768204499123,110.03711663071647,107.34475051229603,112.48561324245709,107.54357718159388,107.82955325661749,109.1774923582028,110.70914661780441,106.7842372409363,109.52912674364887,112.39201972384805,113.07036215188067,110.95586952310578,104.01093433141904,,,,,,,,,,,,,104.71624044236826,114.72631742722552,117.49606316843865,120.70259887928022,126.33720031513438,126.01839162308521,121.79652587288645,122.62327015764214,122.41637485422407,118.36995095092387,119.47025445885416,119.43802429999235,121.18434773910167,116.81938098785902,120.59908336135427,121.30372248308089,118.28588757098235,110.67012808031619,114.43614537308105,115.25143884448934,123.15972070391511,123.72545787455158,121.82340088883443,125.71998689452504,129.68991222615546,133.17744584693313,135.14481376848747,126.62053403476675,129.19749621956282,126.24492384219,126.65531745090276,,,,,,,120.00402453474726,120.23430955671897,121.39576201784125,127.15564992090012,126.98795035346296,129.2687788917094,131.97261900930866,134.92988595733746,132.28714120420588,131.1891759247165,129.7090899100353,131.52574566913296,129.85852726173087,126.75764902953374,122.51547163241817,119.09104672108053,122.46497602397953,117.53326433499218,121.22715667271991,117.8915293611388,116.35597511929655,122.13077712707627,115.89680098624541,118.01008956036544,126.40690128200326,,,,,,
2006-06-17 22:10:46+00:00,,,,,,,,,,,,,,,,,,,,,,,,,,,,,,,,,,,,,,,,,,,,,,,230.06732384597956,,,,230.74134264973543,,48.041607753722616,,,,,,,,,,,,,,,,,,,,,,,,,,,,,,,,,,,,,,,,,,,,,,,,,,,,,,,,,,,,,,,,,,,,,77.27517426044449,,,,,,,,,,76.99312563264047,95.68340255542508,,,,,,,208.6621684111545,,80.75556386152799,77.67571050678906,58.99052080906195,36.000385731461094,,,,,,,,,,,,,,,,,,,,,,,,,,,,,,,,,,,,,,,,,,,,,,,,,,,
2006-06-25 22:13:31+00:00,132.65359710590667,145.15330771821093,120.26342094257578,119.13991686688232,116.7228956870494,122.43043781585055,147.6708691783423,144.83653165238715,136.53128170492448,131.12109441662605,124.50817056712833,117.08568574848937,122.90583274785962,114.91066943895255,121.76158232418113,123.78873766045128,133.49860761770654,133.79781119280108,137.95046802865312,133.80326323649714,133.45448112977374,132.46182412204269,,,,,,,,,,,,,,,,,,114.7629926144642,111.37970386246825,105.01057222724984,116.58103275390461,126.60174192543286,129.64887909225757,126.97349738738752,129.88070574819068,134.953832181909,138.79746784441306,152.73075220012595,144.78805213757244,142.27270625763055,138.4654252479205,140.11273554864422,141.35147363375458,137.39535390202684,136.86376767899534,125.53290195517991,127.21383213431243,129.5096300235653,133.58193038839292,138.10127551849445,142.01143646455506,138.33975060896793,136.37005072054168,133.50383311327468,134.70694691176652,132.16788586388628,131.82783379599164,130.73002536608482,134.67643087617535,126.457630288695,135.05158592932642,141.68198875520798,143.63016081664964,151.52862778725702,135.62076325586233,131.67887550348385,125.37025525887427,133.12763457325485,127.18346827418168,124.79956608611833,123.23208836610398,122.51108554014375,123.78588163764044,112.72942480991463,116.33587396689127,113.51160288423614,115.3250491852921,124.26921584196201,123.87987163665117,119.55620901928654,112.95948611089445,109.40358135348689,112.90996523727759,111.13954591795458,123.59532934818725,120.42584750392406,126.83205549651016,120.98433730278545,118.23086417035547,124.57347421228968,126.40328521751395,128.89439104596494,129.82874091904844,126.04400910157602,120.66995823421755,125.99312749345069,127.34499369996828,132.43134308764485,128.9067483727982,123.97012488599327,128.51973270386196,129.4088075578152,131.4370509682193,130.64671120443438,117.69169230343093,116.63181660706624,119.49376954799348,117.57234655506514,121.49812686142486,114.16541309977772,110.52176330942534,107.97194928325747,117.00690109616737,120.7464560675382,121.30804767644626,122.54120123953582,126.01474517033105,123.37102633093042,142.05863168756028,141.96654496759143,138.7123974617933,146.9058659755209,144.94520082892709,141.7447395651399,138.89068984213955,141.89839723960785,137.02298228921305,136.92750697710045,128.4130392920962,125.16879709124514,137.92501478213782,131.4889167652513,129.4890968546095,131.79209547489208,127.45365353011016,136.52502809127668,140.97682172386234,148.80831666392123,143.14927578409737,145.28489387410852,146.7980279984678,149.47653637967798,150.27977946158757,150.14910731634922,145.07189212942845,140.59073857004728,140.62535268002293,140.17988030432045,137.57395454801508,137.5356184338967,140.59081997237354,135.23532432927877,131.13950584797712,131.17425693012294,138.39115957278105,145.3647725069106,148.11413958021285,145.69522679330063,147.91437693346046,150.73411276593995,150.57064154742173,150.48506687558046,139.52486681933652,141.31238810204582,142.66069558476613,141.62069309424848,140.60092544406618,138.48262289111744,137.01895016197312,136.88849214796358,142.46449627468402,141.64314595930796,141.53763592345408,144.0589048015715,134.3331601348501,133.01445560150216,139.51453782050913,133.38969274858624,129.6616084964043,138.2327999202051,130.95785743611336,137.2240333563553,136.2969243601271,135.0657854416122
2006-07-27 22:13:58+00:00,121.89790236840405,,123.6215631264866,128.6757943610924,123.87833960387279,101.27725062554941,125.61897493886283,133.0042213212857,120.79290066709102,118.36963974417102,117.49789142983892,109.13499543185019,111.41621445539457,107.99298600649058,118.5840519409048,117.19738904192857,123.69174230348712,124.95506174947077,123.6231600357435,127.31504045687078,115.66691997447312,121.08383705324819,114.81159356472537,109.26182285323623,115.6642931842399,112.76527154742546,108.40979867314641,105.32381960521823,102.13453437674733,102.85233378314175,99.78107108769896,107.62376609395048,104.36430129130612,101.00122641285185,102.85185183880978,102.92693103617222,99.08787931500413,98.18796518061882,96.93279888736916,90.09130378356824,97.70458529229232,100.62617931749966,102.96480961721794,109.22275879243668,107.54662633601505,118.70675878772693,109.34358196872805,123.86654046114451,126.62897479182651,135.32115429076828,131.3538758925386,129.24097244350958,122.02414605782292,124.0218616448542,125.20673991005592,118.5084217446231,114.9878577529655,112.88818500332351,116.50076848897473,116.06564402065673,120.96063147549829,116.53954182436837,119.80891312140284,120.1168783110818,124.65886243818566,121.83487219632241,116.38284557441123,114.57142586368212,110.20877971862464,110.10224177935072,110.31478225698386,110.78170787275758,113.40587645746348,120.85245770176124,125.08111859227176,126.49285111801571,118.2295349378523,116.70495929102154,110.94371490871292,109.30410395212274,103.67039559880172,111.85653375036898,112.37459546272666,108.42386272092745,100.88412293541842,96.0532251152975,97.7837211885015,99.59102346202721,105.41699182577011,110.02903034573117,110.07161975895637,105.75992669089781,101.76196395800352,100.93482034825799,90.56228350535318,95.44367056656522,107.08116375007609,107.36009105441157,110.72209179253736,107.50918371617453,107.58575736848823,103.39003152708648,108.96993500346753,107.98304620944882,103.89457516774056,102.76310411964222,99.06259475856996,99.7290639635742,101.87416754087103,106.44219639030077,108.7087325741789,105.0521602360538,108.6483312174611,106.21547339798332,105.4380578547942,103.99770595872174,100.56476433288331,104.20266931287553,95.80282176453058,95.90568599128434,102.157405002702,98.87845496302593,97.13006863101499,89.86801796757658,93.39510800553794,98.80926208587829,105.87243124553808,109.863157222302,113.31416621008997,106.4513735657915,109.35800350047096,113.16135665115846,119.85663390857609,119.31901023541823,123.00019655415954,117.72716415068435,119.76846988806469,121.00963707233493,120.37224752427129,115.6693946585039,116.82097364702975,119.41464927182193,121.85931888464478,118.35355497475246,114.80216394914206,117.38528821338325,117.00057027576001,120.43072127134496,121.50203033140815,123.27878263724489,121.03771194734331,123.4439959680925,129.0532024493415,124.29738412693945,128.07164364860117,125.18358066156893,125.18229343649499,123.77639571495689,121.10600022972787,127.07909375511844,122.98858727031549,123.05034668668779,117.42401497486061,121.1618746902083,124.82171651282721,122.71634954412575,120.71473256562163,125.92426000037057,124.04643765959015,124.28378738833595,124.19481122941,129.57707708447606,131.0456077969407,128.95988808023566,131.78338537009796,127.91237292153356,131.0439356942021,126.53828555702908,130.27802517417638,119.18312591986168,122.73108814193294,119.00310587471272,121.93364536714152,119.04032058667494,123.20218652334415,118.37252555408759,118.33803391114324,123.68744118753563,116.55087899397174,120.1707131706907,114.00871117276041,122.95350339986251,111.96281672271962,120.89396695998781,118.69518150302446,121.87087075060286
2006-08-03 22:20:15+00:00,136.63900570694472,112.94944454765034,118.77931488977231,128.52839441184474,137.05641911940063,133.72049163761665,145.06822565180545,140.57967242887474,136.1834863031398,132.27595394694467,124.10421204939676,124.79577242770449,121.16343641548869,113.71077528196463,116.61400500362956,122.69553127302044,127.27158309140353,132.2369841072181,136.6522269206025,134.09998364112562,131.30624286904217,133.438290928072,129.85684468973116,126.20362203766847,126.09235502515676,121.49195103367845,119.84568057430928,115.29010803332241,111.68635257188512,110.27059326911414,113.96001332663259,119.1636813683956,120.18680307735127,118.6343230920446,125.67501566417693,120.14057769506455,116.33181156068531,111.60938721537411,112.80860466286633,116.87327555969367,115.42410309217057,114.3749922556954,117.72072871787607,127.35516145832975,125.95002756937696,131.61732361242866,134.02378652753987,136.53591771578897,141.99432170878706,144.5254735238248,145.17569846509213,143.58390351614298,142.043696116576,142.825228352123,140.15277237005313,132.68310430007716,128.5731904304236,127.15281306563868,126.31965686692044,129.07248664478158,131.8338921253104,136.32666721905457,133.82265802341166,129.96345706304928,130.99895532375822,129.77319706592797,129.85041433965372,127.89014018600709,127.09097332204546,122.52938929962872,123.34510232975988,125.92042623555469,124.06141081567802,127.81113127779702,129.26765152171419,131.675518012701,134.43690926762514,133.63454992936138,130.3783369417595,128.23044098720936,130.7352942274382,120.98710301591991,128.8932946950734,122.67899774171713,111.83922214866982,109.88728115613443,108.58673574940265,112.59203200512128,117.88721117951688,119.75506871882084,119.28316071853163,112.57770447027542,108.77620887077791,105.21199064713343,104.4689558117548,104.12824783202655,105.22959772253292,117.0062601434875,120.23203220692184,124.00705359048149,129.3163847771115,126.39753744056343,119.8580577108374,120.25557735363601,123.88226871039139,120.1959425663291,122.65461870807746,121.06442487869776,121.65162752938431,123.7717041660078,129.81683155260902,133.11424428527303,131.2444717234789,130.9271480267084,129.05483647936597,121.81432243051877,114.8481116900237,116.83061199914766,111.4655711997988,107.89572895819057,106.45328269732786,104.86136928537731,104.15099433070355,111.62393801642676,112.54223117156168,121.46030967842367,119.76289390578371,123.46722699243567,123.86283453845353,122.4163842477548,127.16029738330712,136.78351301399226,138.99431158698815,140.09072100922256,136.76574492587952,134.1618543774187,138.30470549908125,139.33609397568625,136.60579878223604,132.69282708706558,127.59153430325912,126.21866275284239,125.62646478302374,131.4380664216344,131.25205132375072,127.79139694994517,129.76837867694266,130.99738656995018,132.64935570551984,131.243557034935,138.17105499118355,143.11520739906803,142.61939387639575,148.05426380982283,146.05828132215146,142.4619799224789,144.69482688913718,140.1887339404749,140.5382146094591,134.67151682869076,132.87053048908058,138.19105810685917,132.71214785139244,134.8750679366136,136.15257597891855,137.21947091292407,136.97144632354406,138.04289473365628,138.09204866968713,143.53288473090834,144.3954182017127,148.30614658287584,149.98965739106276,148.4268217166787,147.00589806292191,150.92717301091972,141.74820968855315,144.7152639329111,141.84956449990779,143.4203388301305,136.6702673198771,135.22300213562954,138.28657598165609,135.7178707610596,139.2542821830573,138.3590641721608,140.67454624856626,140.93510326095355,140.71542826767796,141.22964253812145,143.24257500441888,134.7922940122043,136.93882814648458,136.69016928218815,136.31369040404158,138.3448635561685
2006-08-04 22:10:28+00:00,129.04513109926984,108.7438176056682,111.61599431102044,118.66858984706042,121.70481761785926,127.62372397693372,146.77139179793937,139.95009549494694,135.88972026888584,125.15620953321516,121.86052163255287,126.34369166356711,117.09418289888904,116.13224063836547,115.25579309357386,112.89275516354911,,,,,,,,,,,,,,,,,,,,,,111.01420416040617,112.27965881733286,112.0507189920317,108.21249029676264,107.47553995230936,111.85608966672584,123.83856106363058,128.63521510162096,126.04256192602938,132.47861661614365,135.2502377349294,135.08209005213067,136.24314222657813,142.16897501267994,132.93453100114667,135.57480563180633,129.85898266146754,132.75101390943786,123.01881991113294,121.22655209177121,119.58136597546569,114.4744614890658,121.02810107764347,,,,,,,,,,,,,,,,,,,,,,,,,,,,92.03262520333931,98.42141406353127,109.97432734678225,114.64629177570085,103.7720548348745,106.10347835552943,108.45905433478163,106.34791217263711,108.60564397377485,107.8232441392546,114.20148696466426,113.96016836859062,118.72567087515426,119.60455941555647,126.8335785569596,118.95682045879651,122.11380621266173,116.25170290316044,115.28467808090517,121.6146972632056,119.35399105199741,118.87783625545195,118.68023599001299,119.34165613247127,125.64762418242208,124.6114132960491,127.51015027207762,123.87390680740411,118.62712279779993,116.41180538662925,113.2497694969588,111.47576710638761,106.09851399729682,102.9056597342038,102.20039825722351,102.95143959684461,101.11671994538239,106.71938053399566,112.95293621324518,114.97724375253947,109.676120808252,119.7892194594616,126.13135980720205,127.69283786499125,129.66161384451743,132.01174802017658,138.41863538599415,,,,,,,,,126.5051948814666,127.53010264636461,129.38368985326895,127.98047997713404,130.80686942096472,131.42613917693654,128.2501634627732,135.08957932772404,137.60017708808596,140.9180564777125,143.3410007009737,148.8885764500907,144.5304233724331,144.72012450454986,140.68590991447545,137.650108189043,131.6011880447743,130.63507428299394,129.8678789213174,130.01583852906336,133.79275390343327,130.31456703546453,130.7219994192887,130.93570015515417,124.49667172378736,128.26429098391722,129.8654968194041,133.5619484693301,,,,,,,,133.5019612196119,134.62517258848072,138.85564861351492,131.50220545683166,129.30336071184985,129.82184599368986,134.95334164249937,132.61325834153416,134.6955968972793,131.3811435109849,133.44562998813151,135.02400995643816,128.93059387334554,130.25003598885863,124.67341229159993,135.1842143358454,130.28438744258955,128.13329926108167,129.94066102098867
2006-08-28 22:14:23+00:00,123.96176378129105,,,,,,,,,,,,,105.59304045896329,110.00072073939482,110.0369103796968,,,,,,,,,,,,,,,,,,108.08214141416516,108.82696625419028,108.6797957017524,102.03387535161855,103.65964930448168,102.22446704465176,101.82954484768857,103.75389252870528,104.3566273619693,106.67324727257545,112.45319125122057,114.78549825704486,120.49385970484815,120.16619198235465,126.59818342128902,134.40767001909842,138.11695981282244,134.25709486538486,131.91917155699892,126.47819060314441,125.6587007662049,128.64959960662898,124.06124745993135,120.81179285085013,122.20767232403259,121.6309610861941,117.13461961756168,119.14389746379821,120.44756183356938,120.84755700478584,120.84964161043871,119.91115224923152,118.86529383089132,119.13657392888433,118.810607122836,116.68275995091837,114.00128734480288,112.24657164141594,109.89324314249603,113.98670737501705,118.72530118617047,123.46793364065974,122.29014612502543,118.6797644323703,113.98713974313246,,,,,,,,,,,,,,,97.66493607787685,93.37307930915027,91.63508350191887,94.90092316059349,102.93097183690556,103.02063983519587,106.01528484501887,107.12826859830125,111.09700194383373,108.19555373596141,112.12856597553628,105.35134327885606,102.34711369738018,103.31349099930708,105.479284099828,106.89284048253184,107.75787895502644,108.53214368407508,108.78735301327713,111.51524854867606,110.74695675918989,109.01471434910071,105.57672065319227,103.13035297586903,106.60185217783493,105.50910200671704,104.78303657367215,98.59571811151982,100.49147968067903,101.12250245057795,100.1831488588424,100.22204845056564,102.25648457834068,102.92556257255455,106.57750377316488,110.66789313487156,116.06971930038118,117.31942911884488,113.5164498397675,117.07362986909436,116.59198428655704,119.22539940887981,122.71700061229394,121.53313455903849,118.57815339548547,118.65103922272151,122.74726768809461,117.01544735746108,,,,,,,,,,,,,,,,,,,,,,,,,,,,,,,,,127.81456989458151,128.93073851537372,126.96528169969618,127.79524924405742,128.59556232399925,126.9595955316802,125.817464607408,120.39468836242584,123.55377873908117,,,,,120.03507779256508,122.18835587207349,123.11762350214359,122.07438732790457,124.90484906443983,124.14828923408511,130.22606446810187,119.15898206414161,122.48053782837918,124.09471403967092,123.7016883192148
2006-09-20 22:20:51+00:00,,110.13791945222071,78.71239467125433,81.85302105689314,100.36411394527313,115.85090557878871,127.2812398167391,130.27164598052784,129.8860362364402,118.82927744380882,114.95849516532891,109.3871746748939,103.43963721678259,100.16201728837017,103.52996633586879,106.56509712000674,112.64111424896143,124.0282960046894,125.67965882904659,119.565815542414,123.40706192591085,118.36906504241236,118.84016575179258,120.17909568563759,116.40124355237009,112.61310763273251,108.10671269036892,101.39989403660479,103.58904729884391,108.61355552003907,109.95985131601996,111.20925677226954,108.66800832126381,109.49473067595927,105.29328371750522,102.65912377232638,101.25977212854153,102.7385277651951,101.42631159344803,99.37348002734724,100.90940442223,101.33223675403882,108.90646446622114,117.19897877211793,118.30241274234389,121.64858505780876,124.26740795158946,124.48304955984823,129.17415562270506,129.56688345976298,124.2632764499509,123.3713978804395,125.67772809526062,124.03569955596812,124.90903241317793,120.7298284905485,115.53748609298574,114.64266478801184,115.03178052165951,116.71003363753672,119.04140649268145,114.85285082408916,117.53292310515344,118.07279242983948,114.99383667150332,117.48504964941148,113.85535768750034,112.83401234547709,108.98928084812913,111.78050493634092,116.72489192552824,114.30869246469732,114.98224858190311,122.80666929372396,122.78447248079131,121.50700458415017,119.88622317022335,119.96007385719881,117.52753802917788,118.56910302374486,114.57324788360918,111.06355884366523,111.8385729029678,110.19801133519609,104.86263798040832,101.18008086530152,103.48704969086916,101.44415957677674,,,,,,,,,,,,,,,,,,109.99007233170992,107.11958388232912,,,,,,,,,,,,,,,,,,,,,,,,,,,,,,,,,,,,,,,,,,,,,,,,,,,,,,,,,,,,,,,,,,,,,,,,,,,,,,,,,,,,,,,,,
2006-09-28 22:16:24+00:00,,120.9101505905945,81.95284010655641,83.0083037284679,107.42631679559274,117.41918595049802,128.75626606513796,122.36299303143852,122.24600739359303,117.64668228075791,111.72798711208965,106.77485351007702,103.14030317797159,96.75201116927077,101.68716809840049,102.95244241702201,110.26503880695034,118.7046675889047,127.21583800907516,124.22297535351635,120.23982236182246,115.84841703987364,114.52547925684945,115.80265018471741,116.9892530137828,112.55612739701252,107.0432060053323,102.86810781122237,101.54432464951701,100.14262613113489,103.64045441698337,110.13753514178975,104.63754945173514,102.1826943920336,100.26922683325591,97.69328031417746,100.94471540565459,99.25655285475878,95.40913708969042,93.6473553604839,99.11971687341826,98.22519165001285,103.16218951965064,106.42334471958543,114.9538610995977,121.08381939953904,120.68785742118085,124.15573058033249,119.84685486278178,126.06390163030895,117.5182101385612,124.00833928048894,122.22067724740054,119.12889891972844,123.96266075796416,118.82552163457821,115.09365916787397,110.38880360254224,114.78806935571795,113.04539783238567,117.91115711425638,120.04912619370484,118.49673264734395,118.61107807331746,116.23348579407485,117.83977814926,109.78772704474908,112.34710447708537,112.26947222405877,112.15805943739744,112.44535289876433,115.20391131431934,114.78790356039971,120.96945262427953,122.7435081716152,120.43460098160993,121.87947691851552,114.31553641977709,114.12152549008528,115.12209766301048,113.92263299081291,110.4192083666068,106.89225951394276,101.9439312760498,98.9705164752947,102.88513677718296,103.44653239328882,102.73159870392303,100.18448640201214,103.82155480073259,105.05044438725713,101.67018095968548,102.5836536009044,98.29082425441662,99.284818490597,99.81203730870874,102.08815793244491,110.22763160692409,106.70178129458247,111.26408942838,109.1571937005499,112.13283806586509,110.89302080539892,109.08212303078825,110.62935191446874,109.36442522145937,106.83064201107334,107.60741693295418,106.6387393476578,108.84575179635716,113.80123783385166,116.0301705423417,119.20534739972156,111.48534828258808,110.27424118354809,,,,,,,,,,,,,,,,,,,,,,111.49289980215814,115.55460865546681,122.52452024920595,118.51508473493494,116.77118662648905,119.16796828583696,117.0632102646185,120.07889712380904,115.45290491796924,113.13709389637886,116.65472751652574,118.45408636950796,120.0654063471172,126.21600264128787,124.78096191965429,127.84218647178835,131.67081240458086,140.34085910857516,135.37447336251685,132.79362742025234,130.45155813456793,125.46728439786918,122.40348430423926,123.4820329888618,,,,,,,,,,,,,,115.47525977823628,121.88215399952708,131.06014296175763,132.60254089367297,128.0453047056343,129.83111938317234,120.02276693721997,125.19875254439322,124.01593539873797,128.07894409566163,125.48580952969522,123.57013931381154,122.8827097822742,128.3325415596154,128.41812294906393,127.86492070553837,127.66360892908654,126.76793694048993,128.37840435213704,,,,
2006-10-23 22:10:48+00:00,124.20777775504943,,,,,,,,,,,,,,,,,,,,,,,,,,,,,,,,,,,,,,,,,,,,,,,,,,,,,,,,,,,,,,,,,,,,,,,,,,,,,,,,,,,,,,,,,,,,,,,,,,,,,,,,,,,,,,,,,,,,,,,,,,,,,,,,,,,,,,,,,,,,,,,,,,,,,,,,,,,,,,,,,,,,,,,128.13356720615883,131.2726447986665,133.90564865873583,135.11001098343627,137.51158189966455,142.1466196230939,138.98145887330654,137.3261956892177,138.1586314887029,138.39043850864232,133.40371586103714,,,,,,,,,116.96175624422193,126.45052245036018,126.31057486118175,126.97681039587326,126.28357923590364,127.96087184480497,119.0839090705334,126.24619531272555,124.34593791987318,123.70361774045391
2006-11-24 22:11:13+00:00,114.66130915380045,,,,,,,,,,,,,,,,,,,,,,,,,,,,,,,,,,,,,,,,,,,,,,,,,,,,,,,,,,,,,,,,,,,,,,,,,,,,,,,,,,,,,,,,,,,,,,,,,,,,,,,,,,,,,,,,,,,,,,,,,,,,,,,,,,,,,,,,,,,,,,,,,,,,,,,,,,,,,,,,,,,,,,,,,,,,,,,,,,,,,118.56782376227225,118.28949125525139,117.48433850725145,115.50257936826326,116.53856932142669,120.9767269181644,119.4752276723142,118.17776001582745,121.09849321139106,118.51626297843184,122.66790403404221,112.06185574109202,121.88499810520179,118.1895550051765,114.74417508940601
2007-01-02 22:17:11+00:00,112.78757643679052,98.0268945848092,78.04700833167773,81.70353626817274,91.90188849161449,103.67519272601052,110.3058279906903,110.42968312095483,105.44226472555795,111.7295746790319,101.99392236774327,,,,,,,,,,,,,,,,,,,,,,,,,,,,,,,,,,,,,,,,,,,,,,,,,,,,,,,,,,,,,,,,,,,,,,,,,,,,,,,,,,,,,,,,,84.27492724078373,89.2095261796206,87.65324306030082,96.73617299369351,99.34942545095096,99.61805213395947,97.74417507614893,94.38578708694668,96.80727824255825,99.61279952513016,103.04808782511765,100.50775214892839,102.89127304913845,101.4592675381381,98.60679999224732,93.66275926045847,94.74580190762872,95.42553660469396,92.70444628994497,91.41984593273656,87.77216290930302,91.38963886104295,87.37707711636027,88.28764449661416,85.86556558597673,88.07807049636574,95.4479242153121,101.57932690477934,101.37863753710921,99.64635599078716,101.73030516697231,105.614206662525,102.87642656174565,105.44421579504976,114.27294290016914,,,,,,,,,,,,,,,,,,99.65256487183048,114.46673144739049,119.50927192414589,117.405986721807,119.71320195206884,114.9960958225506,113.81258976796498,111.07293354005004,113.4379248055536,110.60817890493249,108.28420414239793,110.13198226061309,106.4747187397763,108.64611370055675,104.72878459216132,111.58503136817656,111.9573755304001,121.11939870839151,118.56694109332692,119.89400506370893,121.19990653812104,,,,,,,,,,,,,,107.8288937173641,111.41883313382004,108.46375392882831,115.17044687674081,113.15448104014384,114.02637656407146,107.63623878936953,106.84551968750536,103.28758994536719,107.69872824941449,112.76053131571244
2007-01-26 22:21:54+00:00,137.99023558832212,,,,,,,,,,,,112.34651874464758,113.97280388026255,116.33838279544905,120.10915042657908,124.30984415490988,136.8740200557958,137.4113790627719,136.38714709343773,140.5578176538948,142.66937894617604,136.87037749771153,134.25161219408207,130.64291705769762,122.24840482964233,120.78092140464351,117.80121367276203,117.10274871157412,118.79348795144023,126.35827944191705,125.69831130782536,126.14973222421112,121.654628655047,115.73756565501657,112.95545510068682,114.82937491624027,,,,,,,,,,,,,,138.70420796605475,139.18530272475758,142.55991063755934,143.600857519723,138.77768405286943,137.04714662291897,136.13874640696113,132.57203846570576,130.15012315685308,129.61587734148063,130.61303180843973,131.6872194064729,130.53629922529277,127.74346812735763,126.21240564324208,124.30399766951899,121.65997223905194,121.6755840911436,128.64665747643326,121.5851411559096,127.20369967416755,126.33853585438092,128.54129092723534,129.25585240091655,134.28240648193008,130.5336175549353,133.90543850014816,133.42093347619942,129.97535577622412,130.35461371416955,124.34475502767634,119.2021288851668,120.5822691482545,119.4439817561396,109.4803488473856,111.81122728775655,112.47446893639624,114.66567980798027,115.89036674323589,115.04097220650979,119.40636600902678,119.64933983963965,114.36991599988859,108.01305952699593,110.22830986201592,113.863576677322,117.04703751305324,116.61464047928855,121.1637678513438,123.28484513189983,122.95727017832412,125.38396645405071,121.67451046774715,123.93515435152015,125.35701599014301,128.45306976210412,123.47525472308578,125.86466648566572,125.41003238460269,131.63003926002256,131.35917164647012,134.9556829249832,129.69187599316317,125.42510469390437,116.78962215109391,115.31774093191586,113.85022473682159,111.4949556269705,113.20229327686069,113.4071729182975,108.84696605040534,106.33605427388315,111.66715066810414,112.16890908890389,118.76332571788386,121.63247067548453,124.74513948299118,127.38904952514453,129.6712035553853,128.52783554027886,137.65949113614604,138.88360243527706,136.51459813574678,141.97856482740212,137.6310667432276,138.20384987756805,136.58324077111345,142.8288296661184,127.05064181331203,125.93545765229725,127.26139292339523,121.51268263374905,124.04960799400988,125.87053498379342,126.3655465757162,129.5141464323745,137.16301527775664,135.1286281429627,133.44751534574993,133.18602279511475,138.28348315590756,144.92892282903304,145.24176115009666,152.76741543087482,149.6208246187473,147.81877291708494,145.76919697893354,141.4472971155846,139.66213738436423,139.0470089012493,135.68855925003356,134.25514295446806,132.9230656556123,139.58676467756308,137.37666788597932,141.17842771746712,139.97977237417078,143.11863046696018,141.29646076520717,146.66749546417418,143.37717430914157,149.56644145173314,151.225858117696,157.2417485625469,144.1565997397021,142.64050038054623,141.2846651320673,142.48723805674697,137.02583540331594,140.5426978936723,136.05750518919072,138.76194774219013,134.4019004643519,131.37731436466314,134.42792290084944,134.9088356270297,137.67702185226236,139.8107122694513,138.52173342649536,139.7335839583659,142.8990136514072,141.23751885776701,142.6791691819859,140.1275485584187,142.99927238078914,140.10098836047345
2007-02-03 22:17:19+00:00,,87.25396142375706,66.48010265894109,77.63733398284046,85.32194487134447,105.23981021894457,116.18149184664483,110.67048290586098,108.52445132234965,112.570569846793,108.97391472093999,102.16873034778422,91.57805859909175,89.76888692126026,93.14826232342293,101.64873055137129,104.93691667008349,113.64528681718997,117.82367028966445,119.35091458397358,111.69377296411909,114.5935023353399,118.21963707131039,113.40486117065882,110.09817384295411,103.00010455556277,99.18938241695288,95.67531146142585,100.85272679749089,102.81855276607075,105.40640809564614,101.75872494237042,102.49307471701934,102.81933023226577,99.87354907174249,101.00055758618753,94.00688428719923,98.94270375746224,100.29922965251794,98.90975114542027,100.10733122814491,107.24181708931792,113.34068102560327,113.83353306618449,118.60349203507526,120.65023170434353,118.56301657457959,125.05299297683635,128.18809522864734,126.70131068363882,122.91065934652704,120.826168204117,114.86187374716087,117.61408802364639,115.4581976681108,117.44952559208278,110.75800953311938,112.14687033962689,108.56959236288405,106.56717464805915,111.88624218595443,115.94330638964695,121.06737915440165,116.76325563087183,119.08658631705127,114.74118784167354,115.86241311267024,110.27306068275695,112.54393875317962,114.51741913408064,109.97941408638378,111.80102498812724,118.73023068009077,123.22483021763223,124.12793510215582,123.34489715221095,111.38656872126926,110.68804389922902,105.7528720951924,104.89984782645155,101.38765513894431,105.42685727018385,109.45804305368009,103.45316764812203,102.51823089544698,93.80586123898694,97.94680664557836,100.15779480603582,95.61443021602584,98.67473740187273,96.7652805638508,95.81589959531817,91.90660942694916,94.87265619950941,91.72529373349907,95.9702584437714,102.46015040158476,100.31289897548506,102.12893919816251,104.47568327538158,103.05506445691307,104.82535122145674,99.1674084114835,101.28828318883252,101.28272989193154,103.8341398280315,99.88678403973508,103.26020469435925,101.38279729115051,107.4908154048686,103.93369187063531,106.32091656860327,104.84665451275809,103.35853456613792,97.46377433913277,,,,,,,,,,,,,,,,,,,,,,,113.25725153985951,118.40028850873928,110.39989944957748,112.26364692929936,114.79838467113684,113.28665027344678,110.02526012000511,111.31973846611942,112.54506913460561,112.13929643231204,113.5880019073942,113.61576206087783,119.07854744605679,115.25994591935627,117.82635085998739,124.3221166444685,129.49620610380782,124.54815841557124,129.72405507275397,127.18695255560118,127.05530688920754,119.5891741492297,122.09866014751643,,,,,,,,,,,,,,128.69279235800676,126.53292467681922,127.29767274267354,125.06105385564128,120.84879586084153,120.61967752553586,118.5895743970645,120.95132269320722,123.09083606415135,115.75629628063716,115.90002189576148,118.2426223073441,120.48821309065993,119.32167515108179,118.97692816742797,116.6243433840864,124.09678129705895,117.29122780829896,124.2379053468897,111.44912672444426,,,
2007-02-04 22:15:45+00:00,133.15598955364885,,,,,,,,,,,,,,,,,,128.25666083410997,135.60091127958313,126.67599050295922,128.99963769634158,131.9103633239596,129.3035476397675,122.06861494772886,115.22120430088412,107.85098359492953,108.35808181319673,111.40999948943269,114.84416753090889,117.42656976020831,114.88541003873853,108.96510999942157,113.4037760771162,112.37103679068845,113.42665193349933,110.74724607703561,110.66368456038336,115.82017633638199,113.86059450567359,117.2105545896446,119.7823492028001,126.75899281113035,128.86118566103178,134.14512932494745,136.5370803608806,133.97510507888157,141.90468658977102,142.40223360438685,140.7851813553892,139.35105332760628,137.54005393645886,133.07142984418604,133.71367937392293,133.04165942838108,132.20611280168774,128.56336450157687,129.06654118143683,127.56602101024586,120.36622146170717,128.76495923004296,130.7316548597652,131.0127208022524,127.14895751894664,127.91840178417053,127.26759816877858,126.70410936888847,126.13582868169381,123.75425438380438,126.42857482839989,126.15702622734797,127.16533815598515,132.7315531985899,135.704958980301,136.9080224030157,134.65965320473418,128.2088122010357,123.97303245772369,122.68531628581184,122.64946253952387,116.02180528060993,119.19941779612455,120.04781145475542,117.99294502871385,116.5547382947521,113.70854076089569,112.89689879287354,113.62121509048393,112.26842636037273,115.6579174903328,117.06421737973028,118.58984339440528,109.71195103021331,109.0710687435506,110.45777421925277,115.82491503613733,120.75064331477111,117.03899307333371,120.21081203069977,119.66020592726105,120.81222402107856,118.33594311273302,118.82282379644478,123.60176061964282,,,,,,,,,,,,,,,,,,,,105.196173065067,108.0714706892566,110.93801115753048,113.52929203290762,120.0843057117313,126.12501849639477,125.18169224407129,132.8173832914503,132.58886221186157,132.7211414669812,135.93558789399913,133.93108096305033,131.34561213953947,135.4352798293176,134.36030401874672,133.85383027152224,132.45985792355629,131.4774747065687,128.7929491282419,130.27797143095194,128.02263399525262,132.42366435584432,131.3036605175275,131.1665863007146,132.24400596011589,133.74924582251734,136.22393857414093,134.64226804809184,142.74699104137747,138.9007587520508,142.9695552124433,135.8820794179147,134.20155080633216,132.32442982611582,132.8413807885705,131.6843648714178,131.68235924839178,134.3413070393019,129.4003528922019,129.44019687045846,126.91382149982564,129.0025184913082,133.14369066339992,137.46972870220003,138.82922943959747,146.41197522903013,141.32143075264358,143.95278589414053,147.44981778323262,144.29309188249755,145.37070357656137,145.24692726334285,147.38754456877598,150.4721922613778,145.84237737896103,143.90916095554726,134.87209203464624,143.54420438288304,138.41695091547007,139.13742153696512,137.81066179845774,128.52448266354799,129.54022533661168,128.75648882488213,126.88510292362318,127.55953614862227,137.25463153737718,130.78586401596564,137.91752773781786,126.81305884995773,133.79911908662115,132.04100183594787,133.09953413112729
2007-02-19 22:17:25+00:00,112.45441202643123,,,66.14871541232672,67.1533504763851,93.03451812075717,115.69841723217328,101.84423685189752,99.87662660967548,102.11381049841805,101.87890256826549,90.99822392948938,83.71399454107893,80.96157319673503,85.10094669100118,86.56693380271233,92.8651348385948,94.75497492985804,,,,,,,,,,,,,,,,,,,,,,,,,,,,,,,,,,,,,,,,,,,,,,,,,,,,,,,,,,,,,,,,,,,,,,,,77.0092892480681,89.87366992796267,85.12095211595127,88.30904334454738,80.37845072340443,87.11448934315628,91.02791690282628,94.55140833897848,95.35584385780419,95.65828576056084,99.72471866446955,98.46478089007041,98.03273894317523,90.35970323243905,56.81327301907916,93.89981849493302,94.64383503862847,88.98736436766958,76.56452449218772,69.30795629528393,,59.49262017096896,,90.57828731868777,98.31429626064403,95.58496122242046,96.46940369874653,90.64554638192607,,,,,76.05337534062205,86.25414126840471,85.56469631318672,87.70740803994673,89.26847832713771,93.63506958757813,97.00022637173957,,,,,,,,,,,,,,,,,,,,100.63959957345526,104.48393855387341,106.58614155978489,108.30865036754476,110.21350340658485,117.40371787192286,119.4029000452047,117.71724101660712,118.55568213982778,116.78720611758742,113.35074579097409,114.57318884646094,111.64177529155722,115.32443731128677,110.38945788126958,110.17282619152516,109.33639504530049,112.06285758225812,116.45295093271857,118.22464414838392,119.99966627161872,,,,,,,,,,,,,,96.26781071067667,114.86035328379172,110.84605522786927,111.42261555359653,110.85405723519348,111.03918419468587,110.71020143826398,109.52697497337395,116.29059170328821,106.84687898643169,120.99598566613116,108.64591488758501,119.00299990171632,114.59281508044876,113.55547631585223
2007-03-23 22:17:30+00:00,108.01533482018529,106.51756883266708,83.30497018775644,75.59812413461687,84.12025773338648,102.84766090055703,116.93365549906127,109.85688595548164,110.37560725326797,110.90466524369737,109.20655427903051,100.11199694883216,88.26678746182095,84.60718734354673,88.41709047343338,81.6179960196015,,,,,,,,,,,,,,,,,,,,,,,,,,,,,,,,,,,,,,,,,,,,,,,,,,,,,,,,,,,,,,,,,,,,,,,,,,,,,,,78.17248374288488,83.35348960805428,95.9348570896327,98.53546766979586,99.54603032801623,101.39966564982682,99.3595859764652,,,,,,,,,,,,,,,,,89.02366613527873,87.90955551981676,88.57781333038909,84.43700648399401,82.37778690645669,82.84562790763484,87.50986303947464,86.47621289433638,93.22036470396442,97.01748683007412,97.0832391473581,103.042208093379,,,,,,,,,,,,,,,,,,,,,,,,,,,,,,,,,,,,,113.0169589330294,115.14764219567783,116.78651971701261,119.4431523011861,,,,,,,,,,,,,,,101.13771161643194,108.32268551613458,104.66682803341097,112.39473341065815,108.43524387282126,109.1297432749509,111.13782178575981,108.2776530013759,109.38504495251375,103.17620765538618,114.692196770483,109.81084168754626,111.45147802440165
2007-05-19 22:11:07+00:00,,93.96485642630724,75.84348364080488,78.59235826434228,87.05215440005118,90.82545459709584,120.01863241597832,114.96316487084069,115.99827499274836,117.4623825759225,113.4147631065934,101.69522037384202,94.79102190748895,91.98695250032696,95.60030651008498,97.09533275309424,107.04318171861489,112.64866221902894,118.91262245973667,119.78767226433952,114.4575897372856,112.64057501163616,114.49502481838499,116.03791793102164,110.40741981821085,106.77144590909609,100.08865087730302,97.8272280625958,101.23274696771117,99.15988299191098,106.4485053871018,106.06641728857534,99.39936585797987,101.25157709349556,94.84943148932274,104.91016901804767,93.71408405265682,98.07614031947875,100.70329440256214,102.60556750184595,104.8249340869882,108.9696833647316,112.57843003506436,117.46841487810036,119.71117117665031,123.76215280096504,121.98161973766025,129.97274662911153,127.27433699418624,130.01401981088884,124.22348180998898,119.79107124890362,119.85703810429023,123.34517597374999,122.60915802307238,117.09123153679404,117.11119847758853,116.85005093268774,115.64286276264238,111.11606148251408,114.46940564227063,112.57834949313055,119.493900232975,119.47711949978373,118.93920208800704,115.39528275455065,114.87757454832735,,,,,,,,,,,,,,,,,,,102.52036398948691,98.48168601485202,103.55349482871789,102.46467695420355,105.53038627929965,104.93948909908357,100.86674572226829,86.3515932032251,79.48578240240587,85.33695283436955,88.87768217646378,95.91806709698496,97.29823372894069,102.07085156648893,100.2337761904266,100.48856152831655,100.544222140672,100.43313841247885,102.34303993808373,97.9869025688383,97.98358195950999,88.41898475524862,89.57215707854152,92.73763133259763,96.71275637276285,101.42962824977229,100.4038689600006,102.16910871808858,99.20344972449004,93.00744388079039,90.92185924397292,89.29989004799788,95.38702124574408,,,,,,,,,,,93.92378760985406,111.24815351926684,111.27975130115533,111.44386246271465,118.1097285274377,119.94017930145351,121.6383372938927,117.15937031482406,114.63573101182851,117.59509178837737,118.32965299134024,112.52165680527757,117.77558081806303,113.38006050683246,112.36057756304724,114.44219311783418,112.01766327194345,114.8690516377122,112.1690587761473,109.7105923814363,110.3922541201448,112.37559428503532,114.5336717935694,113.51607442089139,119.26587119918024,122.10856461540878,124.86515685832485,119.93516566216176,122.039931018573,117.69842768090554,,,,,,,,,124.74825654645866,123.56819345617419,129.5454930356023,125.90910252893372,128.47610314635193,134.07475666017453,135.6746060501274,134.8995983441527,134.84666120009723,130.56833841515314,134.59921346194184,124.70273982630057,128.54458743029227,108.71036891410273,123.1645415841168,118.55727394597925,115.35359590389083,112.27548017877011,115.45440473312722,117.0393754690382,117.99452606864124,116.69693796730583,118.46071573303503,,,,,,,
2007-07-06 22:11:01+00:00,,,86.16553336437649,90.98277331804849,94.00937160746007,105.73974366478846,114.45247808447789,135.80271168447695,130.5960387862031,122.37246849419944,130.54020656590583,120.635816940119,105.5955482545275,97.28002235554115,106.25091449779441,116.20046706739004,116.58265549318524,123.28377774571896,116.78599581921374,117.53331103545172,122.27154595058535,121.08554326326664,127.42200930025307,120.38384072109618,115.08560677721897,107.07139525874281,105.06025100217028,96.36753404002262,95.08897812242104,106.38620021679812,113.50432975983493,114.00872553675339,106.14243537661126,96.27924492919371,97.10395523822035,89.55397972091332,93.0201664857413,98.72999067042394,101.45272283658694,96.2979120636849,104.95384959650252,113.41037579624222,113.82529811494857,117.77157433522483,119.15308584337187,118.95156602119108,124.439195056375,124.66835238601685,125.24905681407608,121.11104255025244,116.97016360820304,118.39817219128024,121.04240510443304,119.2168779066561,120.02947956110084,122.87109026119326,117.44094834996854,119.26583072337492,117.75976685133458,113.86611929981413,114.9823475371636,118.96808541239496,114.12548707436979,112.89970532348131,115.58614605605932,116.36996551621739,116.27329536385213,112.39727123413076,114.39746390811634,115.93270152882488,116.22427427584294,107.7963537651785,119.22673282392856,124.85852226287867,120.83417950278489,122.16518107617743,122.96243720176915,121.57862243142631,120.7190596078203,120.81017683018749,116.81003532283557,111.76498367691352,106.39751322527172,95.26618786589545,94.12256052082694,95.36449070708308,112.27631257537622,117.60302914199082,105.26736159840645,105.0262917267558,95.70677438311058,90.15553434385356,91.66188145921257,103.8633178900352,103.01670656644997,94.42017695111285,96.46713298154982,101.41247811021522,101.335312978535,105.65715424063566,106.0103476155122,100.03376768753297,106.44558605663136,104.59880144661864,110.3155502846885,104.33986240619343,104.712032666719,109.79525510174052,111.54200822691828,105.18816811493834,102.7652601357336,102.01504767447099,113.31473051553385,113.55099617215669,107.64131347358398,98.22945978383919,,,,,,,,,,,97.11769869651327,103.36437150872348,111.21673640708804,121.2341765067377,115.48420999285378,116.96629457499255,115.84352341453645,121.76088779743058,121.12317755292543,122.12074382155706,120.66850367658384,119.75908457457716,121.74244707430036,125.08588143804184,115.3674522541766,114.03327738035541,118.35574076518544,119.48866561147938,115.32231183561082,118.69400013349708,132.56244195504124,127.12794308447828,127.51637809508169,116.7602603712182,131.49460639019497,132.5029616171898,127.28931406058287,137.4257434632132,142.9283358175341,132.78052965607066,130.05640612811524,,,,,,,,130.80266584136172,128.79680697393448,127.63880330271554,128.85626815439238,131.97478393110765,123.23262373846748,129.23555213173006,138.32685362946611,132.84042875487074,134.97045257858898,136.49727514808512,141.50717963756432,132.6510777107821,131.40305739992235,125.99316821507041,128.0612076474048,127.98542394569951,132.21790642709132,125.08138271333154,125.48053047448089,128.1134147560906,130.4106372873945,131.079133152743,124.99831202552723,,,,,,,,
2007-08-07 22:10:52+00:00,130.36939943201952,,,108.79792501751746,114.88811057148031,128.27091947871511,143.73675527307404,146.15463172341595,145.08034836256172,134.1019745266783,131.04793449067196,126.58368240391007,107.00836418609222,111.91902321786613,110.06041200250115,124.30129482523819,130.59108786028872,133.6835010621246,131.44357304979803,122.39740935012166,138.62304062140686,138.3820918681763,135.1852965904998,134.83421807742246,124.08130792540695,110.3873073879924,104.27701564336687,99.11899251131969,105.53319670853676,110.07206594504008,107.59195002522158,116.21394533237572,119.82843770958071,111.03072846516531,112.68102094731455,102.9482837985359,106.55911619984973,108.0469548998303,109.46879274579827,117.70749180492984,114.37072766223872,121.08796165051108,125.55255359543543,130.1853113268419,136.93637252741675,130.88358173893653,136.22816833660306,132.9356242318436,134.25181723043278,133.24616747479874,130.9383448150052,128.26468631593477,123.35673166834742,131.449451758148,132.1779033119131,127.28598639642041,126.10008151950156,124.11486202767544,121.83422245051764,124.7831526115199,119.90351923494694,115.72808980424387,117.14833459442852,121.66940817634125,123.61571680165699,121.71132447322705,120.14794147307009,124.01051978179318,121.73957359405898,120.4153061904528,123.4056399301345,122.47048887974643,126.5279768631125,122.5873919119744,130.55417415340813,136.3230546752671,142.92244886247911,136.32228692456775,125.02481921170798,124.78541549258394,124.1627186010929,123.1703677843563,120.35568308770063,118.97256377356068,108.93449740401176,109.59782523053823,121.27954279647018,120.66591397096813,124.06756625204112,111.58772416703027,104.21476413139976,101.9877177870784,102.8388230682045,107.46294570785695,112.04977079553352,108.32798668400577,106.54228504026628,109.38120705478696,110.78111510154322,,,,,,,,,,,,,,117.59843933533759,129.35847167916995,130.25145961980184,121.09059296609857,116.22017051988747,108.06057359319543,105.43148624614602,99.95096652746128,105.95701173411561,104.0846903599007,104.75724351597813,102.50745346392124,106.07500598971876,111.38403921825312,117.38738086919648,115.49590585192487,121.71093879639476,128.76967300195895,131.12138900551753,114.64746088337584,120.77362529324157,124.06214659714801,120.55507729885774,128.16809664591804,139.1682016077396,129.38223153843077,120.88698052205055,133.295796950167,129.45639929148655,123.25903986103252,118.18379988504806,128.4875113376076,131.09102276936056,131.72978931883708,139.93767866194887,,,,,,,,,143.35374728640423,139.55642340080502,137.97673032191173,127.59269841386872,130.4653958378737,129.32156206753382,130.1741873760091,135.47247822479824,129.83128033948486,132.31442342654339,136.6843292793039,131.5785924696943,130.21837078022338,132.2286715578953,131.40393816421107,127.73641478657703,127.76190847443335,133.61325514601742,139.0534992351196,142.80829935466596,137.52729910034387,135.12641605167107,134.65512490744413,126.78323733993824,137.22775736710616,,,,,,,,130.85962418853975,134.3258630104394,132.59362713728248,144.18498544618126,127.69710066725341,139.27855603019788,129.08009525942214,129.90337816563928,129.95977860650623
2007-08-14 22:17:00+00:00,127.88848244659629,,158.58320173375546,,,,,,,,,,,,,,,,,,,,,,,,,,,,,,,,,,,,,,,118.42574036304282,123.91255457841638,126.06800420373688,127.38058830994503,129.44787259235787,125.3800838541016,135.39143285152795,137.8533267867482,136.91282435884742,135.6166440644202,132.31702926605033,126.2040107430964,125.18502235593891,126.84325835403911,125.4195910589671,120.5912108172963,122.25797982965955,121.93590928543223,121.2773733837631,125.53085434391981,131.01906532275694,,,,,,,,,,,,,,,,,,,,,,,,,,,,,,,,,,,,,,,,,,,,,,,,101.95262708425099,110.64525010581943,106.34884387416847,114.11538983730581,113.07784558221655,115.59045439271686,115.11759336971336,111.56236974881945,112.71458863177656,114.21017060882319,110.09288050927293,105.75930096689171,104.78689661576233,106.02521475774596,104.55337091716751,103.94181738948745,102.68583492507568,102.0168343693172,106.37760535393062,122.56035076090905,126.59896728026942,123.82901254179842,126.8356305747548,122.58761002959291,119.92339838955567,119.63956896171618,128.78254770500902,130.08385368876924,129.15346510850904,130.93775554968047,,,,,,,,,,,,,,,,,134.39584595549553,133.11550557919182,123.32667359871417,125.39820404559299,123.84920906973255,130.3499395063158,125.89432684593442,128.8044943456767,122.46088801326968,128.90441969500395,130.6074255721864,130.86920077845988,136.81135113302187,134.30245358337345,131.51370606839367,128.26951564675443,132.95718431598993,132.78773088651616,135.54484803608892,134.9381612880466,,,,,,,,,,,,,122.41949064321452,123.65246385590879,129.86379325046056,123.74821481055439,131.43724969990657,118.41779622818532,129.0044650740474,127.63968546930604,127.31032368172832
2007-10-17 22:16:47+00:00,,,,,,,,,,,,,,,120.35856097918212,120.47968541530798,132.4896317139307,136.49970706437654,143.47457023938907,141.5220815524536,141.29921212632135,139.0583704866701,146.46128317403256,132.5613789868242,135.16077778147854,121.20130147829823,122.0431348102279,122.67764547904238,126.82516846688053,128.59216101717436,125.64182409382427,123.4585723603612,119.02039274389479,123.1730010800164,121.10672340297585,125.4346780320909,118.11264933148382,130.24471985025843,128.00028845160298,130.99725480004955,125.91957320864918,132.95899809939357,133.23947260281363,142.02404850252276,146.05131614287592,146.35009633725846,147.63360942719976,144.45662832488608,153.2918759380777,147.08901770262665,153.53593889177932,146.9588404456841,151.9556137619887,147.57207325088868,149.17544654935517,151.08394635381492,140.54363848616862,145.69061169256997,139.17207654729097,142.79655693067295,137.29096881548583,147.23577210744435,150.73346627476255,157.84905651869116,151.25138438224505,139.46250438688824,143.54485998639686,143.7582047047133,141.1732020078039,145.8917849339645,140.49555606108612,141.3033681275535,146.07094746109405,150.3917903696084,153.39332497885644,152.63144977845286,154.06629986870456,144.56809347605315,142.14974315443425,141.21249970240757,141.38747366383492,139.13170442939958,137.32406354473193,129.29656090693433,133.3662811111145,134.03369796955383,131.74332957516233,131.2713003341331,133.05628442334975,130.75948353310275,126.2398578961508,122.4335031709573,129.20287506346762,130.7836321762611,132.70428475967557,123.45429408219454,127.50975576949384,127.04397520451823,,,,,,,,,,,,,,,,,,,,,,,,,,,,,120.79834713899993,119.60985176535077,128.9803145710446,141.41608966473885,134.81777548527364,136.86388666905023,135.90846296077328,139.83093694829026,138.07780869121845,145.76636398076627,143.3883059038174,141.25030535277727,136.74525362568198,143.53233280338435,148.6137020016086,146.43773474791874,142.74025139864588,145.75637453238446,144.256184838277,141.32833582190298,141.29209712072654,136.83331995124615,135.86558908069748,129.6133756562701,,,,,,,,,,,,,,,,,,,,,,,,,142.80236000029976,153.61939397053703,145.45628392112656,151.11228947783837,141.38816164072557,143.8705832949498,135.47608851916686,131.08344012553772,126.21872792760712,125.94024537491552,,,,,,,,,,,,
2007-12-04 22:17:13+00:00,,,,,,,,,129.69090023651123,122.517971046442,115.36257484956371,111.68854177487641,98.29609312016511,98.70961791784572,103.50499387692648,112.11457670928901,118.42266270981295,123.19844736670575,120.33396958914663,121.02737076385014,122.76299966356315,131.87966781909572,120.8377450624816,120.7794456133251,111.39124471188688,108.46266737022489,108.21163108759183,106.5874501848962,105.30161154303666,108.92405942665005,115.09698805776614,116.60956485947406,108.11690012536764,109.65309140805769,106.25626998131376,101.98815792072516,107.73486893695582,104.28728782441729,103.597493327186,102.65171406495924,109.38434907643912,113.40629671466866,122.82424706957256,127.16035892842564,129.48277744144494,130.2183028895686,137.2395367285926,130.4019435099976,130.67624523018878,,,,,,,,,,,,,,,,,,,,,,,,,,,,,,,,,,,,,,,,,,,,,,,,,,,,,,,,,,,,,,,,,,,,,,,,,,,,,,,,,,,,,,,,,,,,,,,,,,,,130.58054169954426,129.5323728427963,134.66099280644437,137.6284415138956,136.52220553516864,136.34209196476797,,,,,,,,,,,,,,,,,,,,,,,,,,,,,,,,,,,,,,,,,,
2008-01-05 22:17:19+00:00,,,,,,,,,,,,,,,,,,,,,,,,,,,,,,,,,,,,,,,,,,,,,,,,,,,,,,,,,,113.23929822109854,111.51345550531727,114.44788771728714,114.79542337664107,116.94239864779763,,109.2080083691057,,107.8562972778567,,,,,,,,,,,,,,,,,,,,,,,,,,,,,,,,,,,,,,,,,,,,,,,,,,,,,,,,,,,,,,,,,,,,,,,,,,,,,,,,,,,,,,,,,,,,,,,,,,,,,,,,,,,,,,,,,,,,,,,,,,,,,,,,,,
2008-03-25 22:17:07+00:00,,,,,,,,,,,,,,,98.72127296210323,100.22937082244388,106.11962924094905,111.27594749165809,117.4583744939616,122.09666345709705,116.64333295399032,117.52170862635887,121.55799695393591,113.0910734163914,104.43156337213902,98.7423593923457,95.40199367148134,101.51040115663385,102.13266409219933,100.62735655376127,97.53057308627389,92.95866951157348,87.51094370668187,91.0408929629273,85.25432578011669,92.08973937990422,85.98026686130409,91.39009246131663,95.69899501137581,96.51478612771704,96.96023482810718,103.74187245001741,108.25852999123185,113.35328539491027,118.1684248836686,119.06281735159051,117.21789191846233,123.77055260705338,127.40524680685851,129.41292719165122,126.13542478052565,125.47237643242688,115.53780224052245,113.64282665986622,110.78108672436214,105.76144428860285,107.26600694515159,111.9072376107062,113.48396839633378,110.27168734429736,112.43009783517867,114.02216504122225,110.5750977767076,113.19638032091196,113.64265242758333,111.42319581063727,110.46920413606189,107.33124809475575,109.4491780686812,107.99128252545792,108.94576248932626,111.16185132503047,114.05496125401147,116.29989347608566,118.35337077618615,119.31390618717067,110.66861505690724,109.80829484746707,104.27893339376764,102.37280042131937,101.69828567543321,98.29532721766871,99.74395723869597,98.74425479188778,101.4022307464771,96.02109291846827,95.91332904097685,97.05292532203079,94.64508080914253,98.29919240180642,101.34231105372878,100.580522174032,95.08385056832256,98.76355000233809,92.8982759217979,94.53675951836037,97.1000726184028,99.89643933897813,,,,,,,,,,,,,,,,,,,,,,,,,,,,85.6733014292792,95.4091244592109,96.35051170254631,103.00369141850432,103.0158246462043,104.33742837538153,106.07937252891539,113.4900167556872,116.96995532730433,114.3439395395997,110.4154036505787,110.15238391208196,113.89192589526918,110.95112025583062,110.23465087081699,113.59845981383121,112.0884729589986,116.50518276324293,115.64314057914625,118.20587839017404,117.79301012438792,118.07220282384803,115.59601363691812,115.59680729599162,119.70200850100701,114.7784473797807,,,,,,,,,,,,,,113.363389552057,119.18965499786141,117.06484312423667,120.22744752564834,119.23236737579273,115.05624212969455,115.93145965163723,125.66634499086452,126.87216005597587,123.85723408813504,125.03204176390392,125.4542226800483,121.31679225071669,117.89610653856786,119.54380059884961,112.4635442781817,117.51945821663664,112.5386492719751,115.15515795283264,114.36836501119888,,,,,,,,,,,,
2008-05-05 22:10:50+00:00,106.0469220118886,149.01332816547622,,84.25076096685547,88.7935529647313,100.50874866181704,125.2531846013179,120.21217652220356,121.76957197242531,118.20139189791512,112.88350567873013,104.84253478822288,94.0944606253583,85.41656469778242,,,,,,,,,,,,,,,,98.32483475317335,93.34614059996922,93.88756466791888,89.66325420700575,89.10957610467027,80.9183764308782,80.9800733501275,80.55134468652193,77.0660171784003,87.41555868264756,87.52117825531411,94.5126947714309,101.48407764670023,106.88804315219095,111.00035800421585,109.34268832476232,115.43530332138194,114.42755480360613,117.96403031703562,119.98989943911745,114.91574667178332,115.77000612647376,112.85488907342746,111.66305507091174,104.64449846269476,109.34263271730408,,,,,,,,,,,,,,,,,,,,,,,,,,,,,,,,,,,,86.78368732055978,89.78407429870695,86.66154433533427,82.35642980170807,85.46069793888563,88.89327512107174,95.18623859286834,93.46850917240367,94.50640780906504,101.09842893083184,101.54179086498682,102.69024149907796,102.99769753874537,104.3407728048296,102.84968367333036,97.73606610611435,92.32525482987025,93.22910303721207,93.02939738593768,89.81304298645301,84.27891115272823,85.64978786278816,95.59953807809212,98.94426531657727,95.66874923507721,93.74036929518985,92.95499668137536,89.59197106362365,90.89568483046236,87.6461523975898,85.96975605681793,85.84842828677972,85.62785204881988,85.6506628348235,84.20964488038362,85.81611823662554,95.87591986714898,94.92853621120739,96.2935912628442,100.69294067071266,100.72030938528722,100.87861751069136,97.90843290598642,104.83720342447121,101.61585629176749,,,,,,,,,,106.77538444144228,112.25688626737816,105.3118762304785,106.98929316258743,109.89383031323308,109.31615177444499,112.80454990796092,111.815443024212,120.99493043285682,117.2392119557105,121.44466557355554,117.67535617358868,115.51007072286892,109.41301065426954,113.25802758041962,111.33701900409204,110.05269183912512,111.1836152616285,105.84384065400691,107.47357097562136,108.41455247578222,109.9848443977545,115.01109075752757,108.01947664290907,112.59338953454224,113.47728239944506,109.34033769231384,,,,,,,112.59445604264214,113.45643608357426,102.19191938802703,106.71542431198249,105.7803660358686,103.90713943342192,104.51398321305025,98.31953688165886,101.92788234216526,109.67780218605665,109.62355762877942,106.9851873804135,111.19851985619603,104.24682747944414,107.58197104864163,97.60958307173215,109.27861737454283,104.31778253713746,104.60520376980176
2008-05-28 22:16:51+00:00,,,,,,,,,,,,,,,81.46081869060247,90.2084141918737,88.75873303298788,100.79506981704094,91.65663263628755,108.20008652269877,110.67570891573273,106.19775577422625,108.30150068686788,108.91898645387292,95.46052225672916,81.96193209273987,69.23896183008473,76.76949210837785,94.1996311950601,93.6276210850676,71.55798844187255,87.32304486453798,92.95905567674511,84.15450048194553,79.75036525694529,77.9820238338536,77.05809411121311,76.73337878688139,79.66630134771147,89.07849127832901,90.72771164809642,99.90011709366527,94.66546552742717,107.2185246787061,110.24759119006212,109.83832431310977,116.42982140322792,114.89836185605276,122.89559185412236,119.76469674333406,117.32306473520696,112.08239175888228,115.67717732284721,111.96258452136674,105.18660490063318,107.71130142916851,109.28769866356922,110.02331961645778,,,,,,,,,,,,,,,,,,,,112.3073231315678,106.70308203495492,98.66690026623364,94.29805457751792,92.51821780788576,91.27775031353694,91.35748592587827,92.21027897749227,96.32716440541526,91.4952765282173,86.56867561584589,97.92185001901798,92.26349117218642,94.67490253275172,98.22489081740126,91.7177565842791,89.82909233389402,97.97788561038637,92.98677382886366,89.18812354826503,97.63825421611142,,,,,,,,,,,,,,,,,,,,,,,,,,82.3058088892987,82.55051495091199,89.35403361346953,93.5297511313124,101.84582233950763,100.31321031743236,100.67091731778476,101.70095421075598,104.53223190247051,105.36949786266612,111.67033930054406,107.05177677328435,110.06356112641666,111.31270576957961,112.26959979518472,113.21044809432198,118.6584718550011,116.48817136725692,112.43821408608407,111.85015459164909,113.28335401689765,121.0950212682932,118.39898577728174,115.77819961889912,119.7038505330346,118.3460378705568,119.8101353176022,,,,,,,,,,,,,,,114.7433342463609,116.83610878734834,111.36236079929316,111.70143285960177,114.13060981572652,116.82181275054036,117.57505660355766,121.19297095210555,128.48530240410992,127.88263611180192,130.05960701408335,126.96925279793437,126.68094694150173,122.84446541571944,123.48433234646303,121.53403391240042,114.29500115551474,119.69989877755253,111.88860918049768,,,,,,,,,,,,,
2008-06-29 22:16:33+00:00,,,,,,170.17093886533974,173.30793061714607,169.97747095446206,167.43058509610208,140.9713891946438,149.38005602411678,141.11633911826334,127.38267684844213,112.37833438277018,127.07179451010663,125.59563680653145,133.09968943962167,144.82308625163554,138.149832299084,139.34319173645048,155.77414523082084,155.78538915543976,144.90468629142245,146.7437101455791,136.47235411822226,134.34493487001183,138.748349598031,141.7670403724397,125.33689171665435,135.50405713168013,125.67414024683329,142.3419866948174,140.187711150429,137.9988788567499,138.32563114267293,121.12380487185285,126.97103252412141,115.61863705156038,131.89249973121662,122.72394791589375,139.6807829373585,125.06027917579097,140.37074227736093,145.70987808187277,143.64139459701016,146.6349397846005,150.26631392433973,145.81136732847514,144.6707762978364,151.05913830751464,150.02945391098496,149.52771823286085,150.60772122424868,144.50812214142599,144.08112512668535,136.31713348419427,,,,,,,,,,,,,,,,,,,,,152.679187788692,148.58733295458697,152.59549741382372,143.62533305325098,134.75385136513515,129.26612803760983,129.369319436358,135.77217624077673,122.96599838310854,123.1911200453503,129.806284536271,132.41996497409357,134.713485678058,122.94522401056498,124.62456306274278,127.22409955531029,128.907673272739,131.4432291439069,129.31619925222407,124.20374758029074,127.13056136916768,133.7614603607476,125.70474673603894,139.99400808706218,141.30938776624149,150.99872471674522,142.97094458839268,136.8050008344049,136.53619509709438,137.34519572514844,127.10134480561769,130.7795172499444,,,,,,,,,,,,,,,,,,,,,,,,120.75881588605678,134.89149443518522,143.77910195879684,136.46388383348236,132.47264526935942,139.9712797856362,136.68807003161612,140.12490683693892,143.93261057603382,143.06868248297565,149.2278930185217,144.1419514267371,141.34104171769337,140.59561045242435,143.49607035840344,146.40681685355722,147.37954751651824,139.75318493072294,142.1745048775832,137.82484353681494,140.26175061324705,159.69321823327186,160.27821558936625,154.05398919239815,150.15661114069928,,,,,,,,,,,,,136.45142760009105,137.42406049736826,143.80371939425083,142.55542445258976,159.89062246448393,145.67133612670716,147.2930557107761,144.90254038196014,149.4937870217769,144.87257123727753,142.73018756385346,147.3298739275978,139.00723108917967,141.66804123442427,140.0948406044395,138.18450635364397,142.54109450409084,138.3801541761225,140.41695438863783,143.4987217129367,,,,,,,,
2008-08-09 22:09:59+00:00,126.25868987656874,100.15441564978765,88.69390909242784,96.50306529860148,102.69246778717695,114.797944412419,140.31219557460685,148.09412727479844,153.5462819451442,125.13286936828015,112.75204831649963,113.02276576521916,98.07016912365516,105.86819668548661,99.79995663943689,103.89243363342088,115.85958729210978,122.71659399824293,124.81937886802734,120.1617857174459,130.7061111056361,129.4474610364369,124.4799554140081,127.33980624817099,118.68385105819397,116.88204744410628,117.85066310387396,115.05294267486387,115.88544642582383,109.84366792766879,115.12571945912704,114.31248656112913,110.55317721753444,108.7202572597206,106.2787851939044,109.07787953051692,96.41348096052769,99.6651519123149,102.31107251201504,106.98890314792192,112.18991184845012,111.72800238021986,118.56574191507437,121.62601503076317,130.63687568826057,127.12945085617653,128.4369214827633,129.54877719090865,123.73586422966386,129.40432389407601,130.87151970367123,126.29727396758913,131.786756266684,126.86666740600685,127.82055460978148,118.76393144725479,116.42175905840581,120.10575919255086,113.82412697404246,121.55529084545707,118.92099111227311,115.67827040803515,117.41565487406592,117.11493193099128,119.11576509934146,121.3309941850181,124.25799992592519,121.88298753182339,120.44965094865226,119.29242106472752,118.69980683588221,126.3754376808017,121.67433316777051,120.00535781047145,125.52604381144924,125.45118446421462,130.76020883029793,123.56446776499305,124.67441991526397,118.24908047850892,112.62336704829119,112.09169597513929,107.50157577223015,114.15398602752468,115.92920460430724,104.66453542601805,108.44684440109174,102.42603457722079,104.45016731203422,104.24372375739189,106.48723116611461,107.14119388586137,109.32387334864912,105.6594759441981,103.48445779561169,108.04161793044055,111.32310420486452,110.08498762884962,111.74567476556766,116.15315329591505,120.92589244983263,123.51580958037192,120.5511439756786,121.35611879177537,113.20202137445925,112.38957183218135,109.98011998198992,108.10098181586416,,,,,,,,,,,,,91.92272260393398,102.59467130304807,100.15075114963017,94.22180168853531,97.63611675557925,105.4786631049558,107.56335309602908,111.88562193699056,112.47208162522598,111.83265235923064,111.33073952507074,117.26392618756817,121.17662481445716,121.01642657865901,119.2382210517243,119.18360769164819,118.87122269853829,119.62886386678025,115.44679765142303,125.81712304537186,122.11396753719475,122.96210105115152,123.16996424484694,123.71121399800464,128.02826989242428,127.36396144568646,131.81608306711496,129.26985677970563,125.49933999213395,130.40880448705568,128.57028602280425,137.27739349253224,,,,,,,,,131.81804343332638,125.9273308413031,131.81794084352651,132.29281076939657,129.56412668495196,128.54066270319342,126.2666460947986,126.37092497566,128.38361189104117,132.04174121120732,131.43465840143847,132.50989075522793,131.8136398906089,137.34697786963397,137.12398424384742,134.7710792949605,133.11046199665836,135.70533132168873,132.84491397649214,133.31255482356787,125.73192688537625,123.1177849976947,125.72008006789089,127.4836811030678,,,,,,,,123.57123807296948,134.67862505802165,126.8834637173932,127.3348837426984,126.7276782774933
2008-08-25 22:09:52+00:00,,107.9526102949064,103.36850887969692,112.08083146611011,122.03158446454584,127.95029833505332,140.69926757603955,147.87031300544118,147.5896562561054,137.14130872064686,125.2492853900516,125.12347085992107,115.03669917912954,110.55354574935788,118.01735863026917,113.31787697815099,122.89454358747943,128.15133558075954,130.52195334284497,131.1834471399454,138.40002776913707,136.28557701833026,138.46505393702992,135.2034085494073,125.46376980622428,119.8377337257096,118.45541734672935,113.18213409195496,120.77271712042209,121.3036405396342,114.54003948169614,116.96697282011931,108.88713945542756,117.9812147643216,98.567629147871,92.05317572630571,,,,,,,,,,,123.49197523303522,126.03628016378583,,125.94175251698582,,132.41829091457646,134.51928202649958,134.34894531882972,130.6981454039177,,121.95561777604213,125.62905448583471,119.8008277568727,124.62003089341643,124.75165388969795,115.37775397800308,112.17628522396986,115.92567147960092,118.6022692840483,118.4852026413287,119.87297279614981,124.39714646626273,124.04117042928628,120.64550074406452,118.00873342874058,118.84203500627666,124.48374264686188,122.46871412266987,125.9316100570277,125.63295504953257,137.0059045290004,134.6808593023574,127.22761059661522,126.12878890426832,119.9399732552152,111.67821139959558,107.09096120935232,103.73471194774771,115.19837379409432,109.55802298908777,114.57591374944434,108.26646259418517,106.53742103212687,102.70429604447352,108.59911819106564,106.46177132218065,109.1504173504546,111.87013499472367,110.81263429311785,110.95179669498773,107.70477147402732,110.23006502942054,114.6549082415355,118.12806905556324,123.3924542087668,133.65117299266106,120.54481252159788,118.86618296646962,122.86621487659522,112.06904967566572,111.81325822994724,109.33191981872456,108.58635733744357,112.83380321885355,119.94550615035689,123.03870135020496,116.1314620363411,116.75796116526864,119.1277280403148,119.62684979071592,117.4442357457308,109.31017270813753,104.04456308574058,99.63644983351085,102.46133514375555,101.70091393528966,100.94114218368362,101.34240928382646,,,,,,,,,,,115.23246112263742,120.33337197646831,119.40961289425601,122.84421659477866,122.8658342096048,128.20426564642014,127.44441215695264,128.80575548510572,126.34601618192497,126.73985350155138,127.56745328456518,130.10678659171694,130.81599903530162,130.08486482792708,127.5189342794312,126.35645622637554,129.63215970270323,130.531627484548,135.9358644208339,140.28655743980303,137.79744105015854,137.69899108144952,131.4103899139908,130.69579062173753,127.25389483468018,125.58275308801277,124.27001433233126,124.12988049553245,128.12776803988368,,,,,,,130.64972466086925,128.7639495158301,137.6204320347227,138.87319100571156,139.67122639984927,138.83279011250548,141.21950393458238,135.9221445981125,137.52795247697688,131.8100168089189,140.71265875467844,129.16026499425024,129.11505352094352,131.68870182603095,125.72550566712684,127.19259883309888,133.54037647201852,129.32581328963397,132.17499507809316,134.26481742082814,130.3733846200555,134.61436122734276,128.46057135275126,136.61268018248128,,,
2008-09-01 22:15:59+00:00,,87.25132237696621,84.020434022599,94.68604302750485,109.3251513051947,111.89504667263715,127.813518499048,124.36223355008873,123.55072861302823,117.99523725058424,116.62683268355975,102.05013500791219,98.50183688121426,93.60995785829046,93.56813680368569,99.1145689157809,99.89233263086268,111.85427033951613,115.03167151283073,121.23394691337624,113.50901369917274,114.04308791889336,117.64195701407623,118.67113011457134,115.59842371218329,110.67087479194012,109.4994597137923,104.66946443553333,105.9557910619014,104.5280079232215,105.56463405832466,99.44003941082548,100.08093869457407,97.7397033189603,93.71531709105733,98.40349814389059,93.73715420672121,98.74620084707699,99.32702069965607,98.24014710443879,101.50524170149139,106.65488114906982,110.55041555986769,111.86519606669664,116.1030442162442,119.49825750668556,116.0559920849931,121.14309658812786,122.76160686071427,125.58814631195818,125.03150968394999,124.22536955239859,122.39341095231141,120.40116415288172,120.60783143154941,119.2165672379428,112.36441645835345,116.67872767107059,116.48445324925765,111.47218900014997,113.29790482181656,114.36947475923157,112.38326970241485,115.96947607399652,119.7575345356714,117.60766799030053,118.26278412798246,111.7085344175279,113.05230136712015,114.58465119166584,114.2345096028157,114.86750745606302,118.80849208235428,119.4059723815199,122.41544616776332,123.54891869327447,111.42838812525801,110.08479208475353,110.56152374384764,104.66977933298728,100.90587583949888,102.69072004376513,97.57816433423159,98.25935966764449,106.81668031566942,101.62912777918984,97.1854170435987,96.50306350454181,94.56572941261922,91.2424930311299,93.76236009693821,92.98078314095983,91.93482687341609,96.39382865046184,97.28263911894538,100.42734440462145,98.7951633632485,100.25028820501055,104.41180317992179,102.27954896989947,105.61464348351716,106.40503110081457,114.50595710051442,106.77013720063167,101.36417259077524,99.46720251882279,101.85896358603938,100.6260352881555,105.31073559236825,98.30299949728158,97.21406095651798,95.09573449570213,103.26446815786996,105.91856721065164,105.43488743072598,,,,,,,,,,,,,,,,,,,,,,113.52679218631744,118.2295969071788,116.82485425046937,115.05100868416166,117.62424936992188,118.39789395793726,116.4657050909327,115.18779376747572,115.195341643574,114.72115109814374,115.21197426890137,116.35090795558524,119.90613557785254,118.27238867542464,120.56295403648352,122.86368091522388,127.80817658062664,133.62209186534616,126.82009706352214,126.66218003472146,119.862130291167,113.84377999201259,114.21824526736107,113.91906338153036,,,,,,,,,,,,,121.70629658645744,127.14188884657658,122.51539460828734,122.185878151613,119.51625970948496,121.07730996326742,121.20608790237148,116.36361522711492,117.09473284510202,116.88566241654817,117.48305993395928,112.61390739764951,114.51078217893239,112.38235196019981,115.64414742650199,118.48871665221832,116.33369913078654,122.00142367686827,112.78721137318553,118.08828620372006,,,,
2008-10-12 22:09:25+00:00,121.84033876934197,111.56545132601144,92.30799666182693,88.56470592008418,103.78309996916937,134.00313981635256,145.78697353197208,136.6437806821762,131.00536483247637,130.26789220770763,115.84009337613792,114.10857454853159,98.93183698804395,,,,,,,,,,,,,,,117.06028304118232,114.57682031871802,115.08953671671998,114.59753956021476,112.07010543120452,117.71718594834208,111.86675229347225,110.78076595244003,110.90040345175827,111.60934536407113,109.80640610922073,104.96768917629856,101.18732498245048,101.89357778054638,109.09143348311045,114.91545442385637,121.65874994337835,126.55256124530622,121.9585555059071,126.56733806140157,131.18497655325586,133.56344622890546,127.9389900176408,126.90745516770312,127.85617949798208,,,,,,,,,,,,,,,,,,,,,,,,,,,,,,,,,,,,,,,87.02194889830226,94.67685001502944,92.5733171629788,98.09395757864245,97.67507717089688,97.27310699482517,96.40604062883304,96.98399979903415,103.21783023446514,107.56311441212425,106.19550496882609,118.30685199097954,112.8182460223634,114.03245340883215,105.75735392617149,105.1061983214496,108.75398415164778,109.33318954274428,113.27146763600561,114.49638684160351,114.5544435979919,113.59218171332252,113.74831315051279,114.55669674642019,115.61670231696124,111.68896580607739,109.64577846726107,102.894542689201,96.31494497106803,96.88571697530162,96.63487860192788,98.90369376629978,99.64850834151159,96.200461974183,101.1361545833195,,,,,,,,,,,,,,,,,,,111.92949668605034,119.65135602169313,125.12860786073564,128.23434491192228,126.6991878019348,126.79777716428687,128.78006391090014,133.71825144503424,133.49859564312527,137.88018296624983,141.6323249419808,136.30211778493242,134.19977678728188,127.63161642419173,130.00058654495746,127.73065001967622,123.9144141689235,119.63229165643732,120.73986119179597,118.82034330320327,118.29972604839514,122.96736408932614,122.39968461610741,122.25741442767838,122.18522939202522,120.52853191962626,127.44008645709816,127.48026883486942,,,,,,,120.63126109175307,127.56100966962211,129.7985449788088,122.54355342597421,121.69472359320031,121.97748007248285,121.0211660072267,123.7099431947703,121.8222126447873,117.42603572098106,128.06069942392244,123.86014554764655,124.78925892974851,120.11292280584081,115.48493688837844,122.3390880007623,117.78831098091376,118.02411899157941,121.20429612192515
2008-10-27 22:10:37+00:00,119.43356806359502,107.57947271296662,86.86581126355897,85.33688111652299,101.62462267429707,133.06756278809945,149.0442769210979,142.8481726651741,132.76736594367534,127.02368719279478,113.54547766113377,107.62601269266457,93.34628316921466,90.91065313834045,91.23357686459252,97.23449541434223,105.6863976950983,115.737517225005,123.03468282212509,124.69175570863946,125.03561664698573,122.50554896435395,120.98726570878769,116.50233063275374,114.2783789462327,109.55892046580357,108.03282054201595,105.47078030836822,105.82773709330469,105.6539971779136,101.87755656648453,107.67201131587748,103.44452156702819,97.26933025430925,98.94302867867351,101.16640914091008,105.52697022388477,102.77286809679164,102.98119995711158,101.06105594604388,105.78953334953623,107.75942576604118,111.07261110428995,115.65516057593723,115.06295855766193,120.04560163539102,117.58762429859497,126.23037560546243,118.5425545080755,118.916164849211,118.3035467591234,117.26943746953509,117.4957489484937,111.73884201912374,113.63210642805142,118.15940016133162,121.08339958281586,116.00080804111062,116.74779842290184,115.00829352075121,113.87396919812582,108.24022241508371,107.6472704112665,108.31938957768041,109.92572890962344,111.1266187444683,110.5146891226896,109.14855745322097,106.09264419111277,106.16853221901678,104.68577366630508,105.36785532992253,110.94008344408556,117.67239308901296,115.72292251281151,117.30226655399537,118.94748792862485,114.78988466479696,109.84193217844461,102.68987933715746,97.11914927149273,96.31849378656426,92.96873915813048,94.45772058931512,93.62385947064384,90.29946531326215,87.26973288038882,88.53599223126733,88.25654584976606,93.249653824608,92.7217845968554,90.61812967069523,90.33645688075786,91.35777479828897,89.10568299060546,91.93792511444735,89.5323137010183,95.22659311982866,98.16204984579338,107.7024344211696,107.70583083284097,104.9293062745723,108.60666267166948,106.52913555774204,107.55495538664861,100.79974996018717,100.22562638172047,103.12333892430527,101.35146302367761,105.73055109778238,106.17455505034191,112.27216855661605,116.58452574640727,108.42684013078043,110.30693022225607,105.40934241685407,96.4563908557431,95.84921113170873,95.4291971879787,93.56222512828121,96.44969425719684,97.78282001541793,93.04730883887734,97.84702647284342,95.86815623521645,107.0016730178215,110.43917901103264,109.19464392004828,112.67264757905347,110.46977767059133,113.23353352790207,120.81194800174812,124.01351706260179,119.2485476053411,118.99992444354723,116.24540466457162,116.5080828138289,117.5155745103121,117.04283118426179,113.06389589573226,116.69341215579887,111.74717672519982,108.82131207738476,110.67552087106993,115.24197408514752,114.94632767409709,115.87154074149873,115.46709027684643,117.65277773266796,114.9108940496197,116.04507709627357,121.9154351044082,125.7493487368817,126.74676629781608,129.2941620023186,123.44276513476686,120.02779355215496,117.51481907667149,113.43379607326082,112.56583517301132,111.9530185576704,109.4306670476308,110.02897016639564,111.53002768888219,115.13480109057689,112.4045090224395,117.35543607150798,116.22145024912092,123.0894178846833,123.80911090153292,126.84861754471238,123.32748343873978,127.14419286412618,126.80687564205189,125.67685086619046,112.66086195955722,111.89768158380572,115.16668419517798,110.73074765469106,115.05961176506831,110.7907522217439,113.21555288415345,109.5479322857401,111.35194508333186,107.55529863301695,110.41810524269732,106.5328650410577,111.99623816301865,110.39971569043158,116.78120136111849,115.09840296176044,113.68484534366684,116.41309528174014,120.66757098367245,115.24609402963117,119.40649300619398
2008-11-13 22:09:55+00:00,,,89.27983035898015,89.01330389331139,112.56588819375743,130.14647309242687,146.58591708974228,138.55286707031095,122.8339382832172,120.22711523186173,117.30537846100502,107.10786267357786,103.28676783218326,96.94784961157775,98.22664505391245,102.31782691144588,108.43588051108915,116.85432418977557,124.02862829625089,126.44527101713444,121.1410754513568,120.0168934588108,122.89096489196207,120.34887076008151,113.7694842391306,116.29747324513148,112.68534435305548,110.18670619387109,112.36886263062233,108.28163023398122,103.22491930108966,103.235161126306,100.86327736814451,101.30486746051568,103.01308700286704,105.26007555625964,98.37302967804801,100.14018369975231,99.87250140100406,105.70279349506418,106.70834406081622,109.50681976300238,113.43502772652744,118.58948042848887,125.70624261855468,126.19718919225122,128.53647160758905,130.70502767980116,130.99940526927676,133.7079699230388,129.41726356876893,133.62134649758505,123.95479455135964,124.83858896618725,125.82141321290518,120.80264637134466,120.92457874636297,118.11013460672169,120.42261738340537,114.96721325031056,112.28253704591609,114.58363902284313,114.65483903878552,118.86662094735023,119.31146641193278,119.28534493510317,119.99580055888316,119.87775479648647,118.1909978939165,113.14507981907528,111.82494441359857,116.18441838910614,,,,,,,,,,,,,,,,,,,,,,97.40589834824316,,,,,,,,,,,,,,,,,,,,,,,,,,,,,,,,,,,,,,,,,,,,,,,,,,,,,,,,,,,,,,,,,,,,,,,,,,,,,,,,,,,,,,,,,,,,,,,,,,,,,,
2008-11-28 22:10:42+00:00,134.09033843558777,,,,,,,,,,,,,,,100.28417748712488,108.53323291011516,114.8274364094487,123.23883092524508,129.79559337041033,121.82103174165934,124.29179667052043,123.17303335206071,123.79362202458606,117.5622400005837,117.43607822829799,112.45191682268273,112.05289075156755,110.78465152265989,110.73856918068063,108.72671140399876,104.47743918759969,103.8943206713832,99.66000831505428,99.14177338456517,100.38332557523034,96.00419725878695,99.03187891751104,103.2645094378218,104.63203020718072,106.33053209832693,,,,,,,,,,,,,,,,,,,,,,,,,,,,,,,,,,,,,122.46896288542939,117.97175900980079,116.60422031018162,111.59016572570766,113.10028911842235,109.83557781071497,114.61509910747512,114.64100516256016,111.67921482957196,107.42598540775288,107.09803442173964,109.15720017628443,109.02150511248412,111.38652405354229,109.49499795819145,108.6764245610872,108.13098424146834,107.77065646377858,106.91233271708931,111.9204764015363,112.41606292785653,119.28425591234642,124.29686792670189,125.11921274450873,124.13460054688335,118.137149275069,115.99051437585811,109.0532178587149,109.61524019985167,109.10743644696416,107.62015083097131,115.82850916781943,,,,,,,,,,,,,,,,,,,,115.65358540041098,118.6351773256427,123.27995479404814,121.18711965282768,119.0234170700591,125.61031758550786,120.79393835699784,120.45576859254095,123.39704093675948,123.00612937979336,126.20780228412234,126.48083984437213,127.75617332736076,125.2216681161752,123.1358011475395,123.69499920101649,125.24483735223616,127.19587798704785,126.97292687826521,127.85590526033651,134.47553978714657,131.45623177047955,132.118893603309,130.89153223405464,137.45736627079643,136.7638827387714,134.12293531176496,135.26068328869496,134.5670945123084,133.45401616476948,131.80226443375705,129.82076497838926,132.56712853864082,130.37365588630246,134.63720318533964,131.00063670753462,135.36175325836666,134.11312144533113,139.74738295266442,136.90014625121808,140.51268367147497,127.87203039946729,132.29502295739385,138.03686756998357,135.84132632497423,138.9532371145927,135.74815960744957,135.04190619713947,133.8482227601353,132.0257596233443,131.46153605691126,129.94824487288298,129.2985962200621,130.11666496376588,128.72313080826348,128.64570038859654,124.46883567855747,126.8957078786528,124.08304285744731,127.46758190070865,126.19948243256887,136.01443662433127,127.3142185125239,138.79809876133243,129.23201145916488,135.87191710792337,132.56040961485968,133.8497039207824
2008-12-22 22:16:31+00:00,120.6441545095945,100.75703737756602,81.28282198934076,84.2213254902401,101.81263511228443,126.430492443569,142.24501307008785,132.53733112112312,120.84926761793443,113.44063725369071,107.66123577602114,102.8867686352358,88.30861594888498,79.82083227555431,,,,,,,,,,,,,,,,,,,,,,,,,,,,,,,,,,,,,,,,,,,,,,,,,,,,,,,,,,,,,,,,,,,,,,,,,,,,,,,,,,,,,,,,,,,,,102.44528429907086,104.13549410661287,107.33456189145775,112.57852434263546,113.57822804671119,115.25619881492939,113.15440508749653,110.30818807240226,109.45346092630292,107.18950224854319,102.17534093467674,95.98230441018055,91.07203289524699,93.4900963363104,93.3923435621801,96.37694062306463,90.10181432436467,91.16493487583044,93.56958194043031,103.97934079551803,108.73242731109154,110.82243928268007,105.7168058021056,109.49007020039193,108.61668096103,,,,,,,,,,,,,,,,,,,,,,,,,,,127.79921770907357,125.8747652872357,124.0285332083122,119.7356517394037,122.37725894209606,123.84371628651897,126.82472811110125,123.40306646587293,121.42771534844954,120.24845079174739,119.86466828673731,116.21887664177783,,,,,,,,,,,,,,111.56773209702637,113.60126899510847,120.11817332928811,122.17529763579702,122.14299642394685,123.58385034306913,125.85340662179766,119.04184972196171,129.0462025596539,119.58155868619696,130.09218199779824,119.27507855397268,120.30904124637995,120.61711106340043
2009-03-12 22:17:06+00:00,,,,99.30267696656689,116.39622051590744,140.10657156319456,170.57048217651607,165.4439233612571,157.41093518955665,146.5565836587337,139.5683929796175,130.4660529040425,128.93404327444964,131.0772112102861,127.45284948556512,135.89774118694947,134.72488185914514,142.10236455650252,147.9156714466247,156.85170824762835,147.18381020815636,149.69248115207964,146.73089402270253,146.3229341263802,139.8279980652817,149.5004572631131,133.92326084640013,149.32156792632392,146.2501074611998,143.25391262875414,139.05250836113274,133.40056690594957,131.9980103633595,127.18609449101633,135.23797361480803,140.80488530773292,140.63652476590593,136.54749809999225,148.1017700695873,141.79185270817877,142.3611146337651,154.4965584540378,,165.42343378427455,160.3558139489713,171.59771374684908,163.05505488290297,187.97393077491813,171.80758390388098,168.01211583730486,172.73161231838063,168.09632420244444,166.43251402776616,162.91586886695245,160.97814356709142,157.40210823319526,154.04813059789876,166.06696582448808,154.4897403282601,153.5706964233538,147.51762479096806,154.97648206383624,148.10151504966362,,,156.9981834965597,159.76594709577236,163.6375895197517,151.80075627424796,152.50723940546223,146.9630914919003,153.26127684686222,,,,163.71692795276735,,153.06326207069162,157.12834559250362,,,,,,,,,,,,,,,,,,,,144.5363248861973,150.12984191393107,156.9384411815937,,,147.57857171645816,,,153.77637348586958,,,,,,,,,,,,,,,,,,,,,,,,,,132.5244340651357,150.07986075168608,149.02406469677655,147.3340190642943,151.4104584251518,,,,,,160.55753329568282,,145.81453341930305,161.2427654873856,154.27499244583282,148.9344088050007,146.05822359662903,148.59854003397092,156.56345634400094,155.6989512529095,,,163.59182793033705,158.02307473354028,,,,,,,,,,,,,,148.64828753571686,156.57032275596856,,,,,,,163.49435101868386,162.88442231397653,142.54390654275008,160.68871765879686,147.00657106949078,159.68274123383142,142.01214712317454,146.48111145021363,157.04213465165793,152.24610452243525,155.55696418419842,,,,,,,,
2009-03-28 22:17:13+00:00,,,,,,,,,,,,,,,,,95.52749357692142,100.97212104446078,115.40543396197123,117.99331858512835,108.81010328656708,105.06543352444956,108.15643049851295,103.54047333550135,,,,,,,,,,,,,,,,,,,,,,,,116.26586555063399,117.6659384515963,120.68684923961658,,,,,,,,,,,,,,,,111.45816067387806,113.30492379423876,107.5916429230418,108.45572073877754,107.2561391694814,109.65459830826082,108.50662823661074,115.4328157628412,117.06681305169708,115.12175452604626,115.42128386594057,105.3204337163352,106.3739851753914,99.09063455078815,102.97366310411947,95.05960525365083,96.21675111571444,96.15556918421186,92.57824353893304,98.31716674875526,93.3095260984667,91.37426587892186,91.81134823121631,93.5162800793552,90.69905191584982,92.49765699203832,90.94806028266431,90.62421344829275,84.14596619237558,90.5591061792841,,,,,,,,,,,,,,,,,,,,,,,,,,,,,,,,,,,,,,,,,107.20893833669145,111.77531509875985,114.07831029642621,111.70800670543343,105.92880218377135,112.44854495639224,107.7690145388058,107.87328723079466,104.07990444639448,104.36088821649082,106.56667247103324,110.95214618906675,111.55955671739045,109.7574065605258,,,,,,,,,,,,,,,105.50623459627408,112.06229884558876,115.80295712468093,116.66462856666502,115.30218341979511,116.28887114509257,112.97473975079424,119.80049852638682,121.84233761243698,121.14663539676519,121.3467794247989,119.740349727545,119.88820926375354,120.63811684547971,118.06321774454872,117.69560782627735,108.41463248068715,115.4665732663561,110.80140787924594,,,,,,,,,,,,,,
2009-04-22 22:11:10+00:00,,117.09127874187132,92.55724972670663,87.28375513093937,120.98453024783302,142.16284476465415,152.61941911301014,145.19273986163466,139.87635000011372,129.58793448241835,118.48873439169486,117.03132197173437,102.24358110083162,108.7930959959599,112.9595917964696,115.33801075530094,123.39299597596789,128.74926914892092,137.80795555373498,135.81172602601404,138.48883428633198,140.42830829914013,132.29915195229242,130.31118516295666,128.67304556484538,123.24817772447597,124.39315594146152,120.03897629327207,120.82432366887716,118.2940234327975,121.44535566535458,121.93427965164798,120.30774077962059,116.11297037336226,113.68434300944244,112.99543349114121,105.00317319210822,102.83624789718245,107.96004049521498,109.82780329382327,115.71687226808467,,,,,,,,,,,,,,,,,,,,,,,,,,,,,,,,,,,,,,180.1773173964956,,,,,,,,,,,,,,,,,,,,,,,,,,,,,,,131.3520945520015,,,,,,,,,,,,,,,,,,,,,,,,,,,,,,,,,,,,,,,,,,,,,,,,,,,,,,,,,,,,,,,,,,,,,,,,,,,,,,,,,,,,,,
2009-05-15 22:17:24+00:00,,,,,,,,,,,,,,,,,147.44497357970957,,,,,,,,,,,,,,,,,,,,,,,,,,,,,,,,,,,,,,,,,,200.15911169759806,,,,,,,,,,,,,,,,,,,,,,,,,,,,,,,,,,,,,107.25927129063749,,87.02548705471024,78.34198994244893,,,,,,,,,,,,,,,,,,,,,,,,,,,,,,,,,,,,,,,,,,,,,,,,,,,,,,,,,,,,,,,,,,,,,,,,,,,,,,,,,,,,,,,,,,,,,,,,,
2009-05-24 22:11:14+00:00,,,,,,,,,,,,,,,,,,,,,,,,,,,,,,,,,,,,,,,,,,,,,,,,,,,,,,,,,,,,,,,,,,,,,,,,,,,,,,,,,,,,,,,,209.63060705393505,,,,,,,,,,,,,110.79066491846753,,,,,,,,,,,,,,,,,,,,,,,,,,,,,,,,,,,,,,148.47313146447607,,,,,,,,,,,,,,,,,,,,,,,,,,,,,,,,,,,,,,,,,,,,,,,,,,,,,,,,,
2009-09-04 22:17:08+00:00,,127.4998429973566,101.8420435520567,93.06855931772125,104.8341675747274,115.83914362224533,132.87602451907046,124.76477620423803,118.68543984920369,113.82435508444576,106.87721243590615,102.1420131110793,93.85254313270782,94.79470884986696,94.01849866359204,98.63573856778508,100.49679782562689,115.78623294498185,114.43279021953703,117.18654434868425,115.86014686994977,112.40564099487477,111.86933476340418,107.50561761693439,106.26210442460308,105.92946910707788,101.08999804227268,98.7935169192519,105.39704991152333,,,,,,,,,,,,,,,110.84857957207737,114.05562822705156,114.59423735008927,114.15244509454581,116.66751724825542,119.32446376532546,121.4449343877496,116.97523867865632,116.12669718711676,115.08830454636947,111.2418467367087,112.80430625065716,107.7988995232876,101.1836525236444,103.51547394343996,105.68585742945322,108.27439717497992,105.74394840134751,102.6126478150945,102.82565016781034,99.14845482571111,102.55956430078496,108.28008064599575,108.2397388066096,107.5721129989337,108.67575674960526,105.89896122010192,109.0583975925516,112.09252446476079,111.87099497671652,114.78145312566788,115.24510017978719,115.28994906934355,114.42420874567648,114.57964765817145,107.34285336914687,106.1279657141596,100.77587723457259,101.06126848545809,99.21007411515822,97.90872795436462,99.30626845398602,94.55249620964008,97.46455196108407,98.56116871416664,100.21915790819342,97.00241685885618,98.10125832667542,99.52452856127904,100.01105901305358,97.15392925934964,93.40882727673373,94.50913646353087,96.44449618595677,98.65931833496523,101.29371742347561,103.07083754679748,112.49908877911938,109.57976742359465,107.19387837223765,107.93901685166631,107.89084450688668,105.85388294703894,106.61533156976556,102.07358826431945,103.8231088023707,103.90431768548876,104.19342586952652,103.45051051434287,105.21842539711128,103.9442727631265,101.01646497845401,99.15408820905714,,,,,,,,,,,,,,,,,,,,,104.07789628399274,112.51554626430429,112.32032752933578,110.10528293778445,108.996858064591,108.53474499010406,114.64245459743621,112.83634486864409,110.12360200599092,110.48963551294344,115.00228192439086,116.52642635512092,116.12225902466474,113.25512104543112,117.47018122203308,119.1461217361502,120.46966585339555,126.79881479469762,125.43220100393783,124.92670834102402,125.90272398031347,123.07915694064438,124.0519427821162,121.8996111762159,,,,,,,,,,,,,124.4336708448177,125.71892099301685,123.52408855002331,124.36968229091734,124.11392229744698,121.15469825709052,121.53106790300694,117.36560487463797,118.59668205056208,117.5743272762854,116.81432658136869,114.26879718558779,119.76431771516559,117.20439103835248,119.38608356933487,119.2017032540229,118.48795511102892,124.62457065819238,120.27352141429311,116.15857015990046,,,,
2010-02-03 22:17:50+00:00,121.79333712594219,124.15427597466466,96.9069272460602,94.13500341438638,102.61368729669812,134.14486691760175,144.9793924530095,130.96727061981255,123.6051876183314,123.29650675002038,116.91837671827649,110.75972672847823,107.50250123615115,106.97701856034632,109.69817888575396,116.73222160638262,120.43328414451204,124.49745694448538,132.1506065856417,133.4969198605639,124.9668458603588,121.40551889677829,127.9267378289219,123.51065615850545,120.83400555132013,111.9006653817118,106.4746165822264,113.01947852684044,110.2842042310054,108.46852061058009,113.09988876526765,113.10548109002228,98.46218781182588,96.7207723674488,98.0152700354566,103.88874418099277,98.58324759963214,105.04435646333434,108.1888436697193,108.9122671809313,113.64707934462699,111.918279219313,115.7909511743463,119.35978358859104,122.16594296070275,126.29191720608095,125.02755578046624,133.7859328098449,132.0482377851137,133.8163695950302,131.31784098253453,132.55729394403866,126.85791358941277,129.59595465123314,130.1613173658037,126.31017638950759,119.26651471656136,121.23577693783128,119.41944665767387,115.46062497567635,115.53259120889784,115.14870099047656,114.68126618628594,115.87119421998736,115.3662366666908,121.20444449132191,122.91274614232202,123.04775583899536,121.8709488138796,125.2843809713197,122.78001719056128,124.32042891759168,129.0982613015693,129.9981614181121,129.65081856092496,127.46495263942856,124.44110825115683,122.7621563399955,120.13626110662659,111.51411109032219,110.15185395907295,108.02772400949739,105.99140294304374,105.43305356397966,111.5718257106823,107.37318310135257,102.88634842648807,106.61465113747143,108.9701277405843,112.30262793910096,110.98443049643932,106.69834431275348,105.69585189416028,105.87672696727002,106.31360516126811,109.34523662097085,112.94610608047272,116.356631356579,117.67944134392134,121.6138733718462,123.87046003172378,121.09865413997575,119.04397647560879,111.69074582320435,111.34964619265286,109.73154986667257,109.2818955684068,105.04121595102339,107.02048852676684,105.44411323578588,110.43751651723048,106.87669863849219,108.15635530172564,108.78505311043989,107.84283611791008,105.85288300491597,101.94290985761376,99.96462550829516,98.47084263318189,99.81267683764872,96.0446378762952,96.90614740341277,93.76567324801248,97.80648820594381,97.98429906187911,99.81114347911463,101.83825191664367,103.3295377601708,110.92569745271167,113.92069093954312,116.9897888183172,117.43362171250284,121.37062756262166,121.81078506058496,124.91356553733037,124.76521551748189,127.01222163814651,127.9367671460191,131.3430135415245,123.51757356048951,127.66409966900834,124.18387875610831,122.29738991497946,124.07682109269028,124.42974509353549,123.4342548301646,123.03801670974372,120.96831329267961,119.12703180199786,123.65307205632591,125.03133473356445,132.5849968443604,128.25055971744845,132.64745379133404,128.06624187703446,126.3115261049871,126.67449992216775,124.94020163694078,122.50203385724369,124.20093514653786,128.8721302931568,124.2685783659449,119.85118908802436,122.58643700760787,122.02703338585033,121.82705233941496,122.16512762139138,127.01607714509754,126.23709321311365,125.64816050678661,128.45645856335756,131.55722896995275,134.13364111241413,131.24513676350762,128.85615870860462,126.94427526595236,129.22000487638797,128.40752154450487,130.45419606327624,121.714008438887,124.84279512029032,122.13632519838914,124.35379354565939,124.65356240313493,125.48341996410544,122.20222981765896,119.04801524573203,122.50295703514159,122.10013103609698,128.15346596118425,125.19128525901573,131.19732436299506,119.88315484974156,125.62625364326402,125.81425711643912,123.52644593677017
2010-04-09 22:13:00+00:00,130.5633355997111,142.50594112397027,108.10377242289982,102.13347392592814,117.21242623880931,132.2301695518146,145.66370022553232,130.7920267805765,129.92832941002246,123.13084628226815,115.15503225873667,116.69275897537617,99.21037926776216,106.2600457229517,108.206183836116,114.49385781247767,114.94207235812684,125.30950312381967,128.24875825574844,125.05207637571618,138.27308438034646,135.63106229009662,124.09999607642956,126.9755598552986,121.15461877621377,,,,,,,,,,,,,,,,,,,,,,,,,,,,,,,,,,,,,,,,,,,,,,,,,,,,,120.85087359759066,117.85362215543326,116.3959061566332,113.48404637199565,111.68692618366664,111.60680156404409,114.01693909343709,103.39482125617668,104.18149555844181,107.56282974481786,107.63166070628523,117.54986172832363,111.86448086730982,108.06398618710206,108.15821569943823,108.34114800194291,,,,,,,,,,,,,,,,,,,,,,,,110.59161600659972,112.53717929622464,98.44070013044723,101.22315603431176,99.3324423264702,99.15784929754518,97.85518981967874,97.33673263154463,102.44608307255851,104.34317724926417,105.24142437774366,112.1489138517965,112.79756274109724,112.11046562214804,,,,,,,,,119.5877669304608,122.85444938806675,121.75376885519944,123.5863089968385,122.98238065476414,123.17665414912155,124.60999728723435,121.28438846540861,121.42283292219012,119.62590279700203,119.70046892306434,125.29319131949937,126.79192683123745,134.0307975513097,136.10830897223445,142.9287441382119,139.7465614191265,137.61606303261937,138.54131747648478,135.72485039688004,136.17083548922892,135.59830457101307,132.35613912035933,130.43644399572548,131.25613162902,133.13412750349406,130.9656000194795,131.38793930765704,125.29564942126092,,,,,,,139.03148032600362,139.17560186392697,138.04649201002414,131.6999404325271,129.02628756490913,124.5817739107665,128.15271171414759,125.53163491533084,129.24550397704834,128.8252927047301,128.71677010522242,128.73991414032395,129.63297944451224,133.00081553822832,132.46910930568214,131.6640446907011,131.94755808293917,134.9240325001979,128.4786977065071,133.2656377951759,128.5117629687427,130.67315809895516,128.96221980904724
2010-07-05 22:19:10+00:00,,116.84687164859952,84.100802776889,69.43614250915742,85.83143955100931,105.31890743965447,131.07498448591434,115.11534307297953,114.92461032990575,105.96234041893564,98.13842495663303,105.31177625244763,94.80549876677121,93.51964228221745,102.57050982666848,106.27904798275988,114.29534871190695,114.76457965431679,114.4304261475972,111.72362895526783,114.35544482725689,118.33155398766799,108.60226274050058,103.80900165884782,107.98259625352539,110.87735812050983,109.60384188994216,112.27966702381482,104.6555072030584,93.97961735914174,92.56212815255893,99.54151589434564,99.60559450718809,82.329074028285,87.59613930228343,77.05950329193365,87.53670137184164,79.57001378865134,93.40699314600649,95.58672254511377,99.89521806372598,104.47044470046623,,,,,,,112.61737397849012,,127.6226654494669,118.42243933136383,,104.6447808824665,120.22559737432697,111.33093370771589,,118.5166319586486,118.21514974124644,113.14600386370307,106.09266407707432,105.94414516299946,116.84382904653214,,,,,,,,,,,143.78365759243886,,,,,,,,,,,,,,,,,,,,,,,,,,,,,,,,,,,,,,,,,,,,,,,,,,,,,,,,,,,,,,,131.38141127928495,139.16374433933348,119.86928174136652,,,104.4831150849059,98.03455977826255,74.34088974779205,95.60746492231632,,,,,,105.85675965720861,125.54758054479755,119.96641337507477,122.00333697455629,,,,106.70049509785694,115.99802863711871,117.1073332307394,,,,,,,,,,,,,,120.10379542870271,102.5159054235826,94.95118534536581,123.3372456442977,120.05560056922187,113.30236355618877,113.57338990519028,106.25194531787456,,133.3827587141019,125.66442535580035,123.46338160141467,116.73566096412527,109.5042101799697,,,,,,,,,
2010-08-22 22:19:13+00:00,123.84036188831662,134.9460917622627,109.50752524859003,92.24261927906882,98.36370515244931,,,,,,,,,,,,,,,,,,,,,,,,,,,,,,,,,,,,,,,,123.37745670003935,,,,,,,,,,,,,116.27672929481732,,116.29809911702088,,105.32673002536964,,,,,,,,,,,,,,,,,,,,,,,,,,,,,,,,,,,,,,,,,,,,,,104.11113875206595,109.79607767702437,112.48428998666444,113.14928728568913,111.79452484272831,111.47748727093949,114.49518211996936,111.27444660834009,108.77586435084605,108.76771653214215,106.64481809781684,100.34601896365095,97.17943626969142,96.56387087813538,96.75377396733818,98.07045104606036,96.22135262853617,104.71409017300002,104.22260294711681,108.24725912113168,110.48965696074065,113.7080867634499,114.2412130999104,115.70869968569403,124.75584354195182,127.51304425228109,130.85101691602998,130.30236477043726,126.43362620595906,124.34630574384,124.83540261364625,,,,,,,,,,,,,,,,,124.45035889439389,126.4131066406453,122.21583667291607,126.24275987289734,123.35233335953659,124.54779232213455,124.72071875851957,126.5272735168736,125.0002910891566,128.2186053147961,128.416699818804,130.08376961907015,131.32270139680043,133.34266790787592,133.6224519697102,135.791371647563,136.82216359998463,137.1385469479239,140.25525578014611,137.15138960050476,,,,,,,,,,,,,128.40993122345262,124.06352340665106,127.60227708999781,125.01637691563606,131.28932270226633,125.03467901952725,128.27891265191963,124.91862270151316,124.99466929303333,126.73527219006951
2010-08-31 22:13:03+00:00,,119.80432608825738,111.51204124104588,96.0510927234942,100.74266184649348,119.50748036399118,136.0781588218427,131.89039257266043,128.13999507902423,125.12711526987452,118.67696202242715,110.23079592222186,103.37101075765882,104.38274149800279,108.95860964379185,113.88362835348548,115.17638776202375,118.64343239028727,117.46269923791313,119.82034115573279,118.88844014516326,117.38626060719,116.91673223082358,106.29607058209167,112.24487550410831,113.27101888644209,116.00109985742462,116.5967438981599,113.26679439877019,115.19313965903439,112.03864555280127,108.59998626856766,107.40876931382556,88.76215928084115,81.26910894835622,80.68868542482612,,,,,,,,,,,,,,,,,,,,,,,,,,90.72393106023762,96.32436849982042,111.85487228915687,115.15801301947674,119.59717116526951,118.27650749887293,117.945532401837,118.8109534806996,116.05630305156824,116.80818111154305,116.21321575118856,119.9791286402258,122.05867206700171,119.08295671250359,122.07966575251463,124.63286691759997,124.05333338513053,118.45674891923578,113.86767310961055,111.86298277532019,103.81290073784979,99.27816203109619,95.78305704502759,105.50139801394896,101.74174269510843,95.86115150702835,100.55669106740501,103.66367108505969,107.59642096125607,102.26900263688451,98.6196003278079,101.62867918682113,99.47426520212065,99.6854307320518,102.49346825573254,102.43644550475672,107.87019595099144,106.75652879341212,115.71087493993339,115.68410074601559,116.48092594431459,118.9359124043672,117.50220233748303,111.98106788625915,111.79862087805053,110.75963194726576,111.82342407743022,108.8629554512466,110.95430504117012,108.74194605319678,106.29377750593763,111.79563845557985,112.12681530325499,111.68424800136725,109.74822770149828,106.53233549345883,107.27694490065217,98.99934092031094,97.02961306871391,97.69402809950832,97.44376019294232,99.47803817630749,97.98875094940587,,,,,,,,,,,119.72517292069993,121.11655192359258,124.05069685705978,120.62315043085053,126.70644429141693,123.81168797071908,122.08710311398363,122.38558535274821,118.0647932646901,119.82419156622511,123.49580488154719,123.41201383866877,127.09359345000789,121.32395855576023,121.30820274226143,125.01024588452835,125.42601795923115,131.91703233906148,133.76027817273823,138.88072536344103,135.03445974973732,132.0701765112761,129.6547887685701,126.18537132360093,128.3097867820683,129.12644821364796,128.03471542415866,123.82445924220526,,,,,,,,133.95830875531777,128.39325890906514,133.10427797446516,135.09351734792264,131.79087821209913,134.97596475437328,136.28395060900186,130.59762013867717,131.57565197327463,131.13850489359223,127.79083954045855,128.4667481828733,126.45136028626858,125.92724847837809,124.40840409093461,125.10710214348192,125.82496752888797,128.17790855553844,126.27079270488562,123.18158541647917,127.2647414992688,127.66232753001167,122.26068475877139,123.60285445202297,,,
2010-09-07 22:19:15+00:00,116.35255971633549,108.53755680584463,102.34673282784368,96.98093944018541,99.48574367721939,,,,,,,,,,,,,,,,,,,,,,,,,,,,,,,,,,,,,,,,,,,,,,,,,,,,,,,,,,,,,,,,,,,,,,,,,,,,,,,,,,,,,,,,,,,,,,,,,,,,,,98.61412841331506,94.03091231208508,104.64402195762831,108.19369721239849,106.74047828330485,103.12088502205106,100.05922560533787,99.86244292169513,107.37708218751258,101.29715796799275,82.53862897181968,83.69618910828171,90.78294268796876,86.6120637286982,86.56149176073859,87.82983621039139,91.51392170761929,97.25215065568905,95.96326240567672,98.85443181415808,82.68002785583981,97.61201068138661,111.25035526051067,116.3545552219504,115.70670440463823,111.76322418636003,121.82920608057411,118.93603127904733,119.15972616127947,117.84433665584568,117.2956771655848,,,,,,,,,,,,,,,,,,,,,,,,,,,,,,,,,,,,128.61563157006302,133.87123681681277,,,,,,,,,,,,,111.26723858502837,,,,,,,119.45673047575089,112.91604979663757,116.32551340563393
2010-10-25 22:19:27+00:00,116.94256398949065,154.6017963980568,113.19872842638648,101.27913850091801,107.03290983208109,120.24526363637756,135.55799026322296,127.2289085349741,130.3562173040425,125.16898110861335,120.42954980428188,107.55692330675429,103.17474178345688,96.7699798204856,99.59890982311475,105.18782229080888,109.44730026880364,122.18416787684987,126.43704882247555,124.61557332414088,111.01766274271657,107.95696590230008,,,,,,,,,,,,,,,,,,,,,,,,,,,,,,,,,,,,,,,,,,,,,,,,,,,,,,,,,,,,,,,103.7267952085696,104.46690456680547,103.2628759257507,98.35299292496761,100.06105606721391,101.30684323802517,98.01250862357502,96.94781973842043,96.57472634913165,95.53652215469559,92.74088029153228,97.85755270606262,102.90502896986412,106.07284995950897,108.60376029486676,112.82685178945475,111.98034345514999,107.05316344449724,111.05275770392657,111.9160080728966,107.18277956311876,102.61578961448294,101.65312412206858,100.43291684935869,103.46470862129046,107.21368631266989,108.38686693756743,110.82790489340488,110.00102174763443,109.56911725039161,105.05003035814717,106.26719243553005,100.05753903733427,100.74086239360929,97.55276245581425,97.75849573757601,98.64337889219442,99.41671308883019,99.12766534988361,92.00371951508123,98.86221370492687,101.34159977688286,,,,,,,,,,,,,,,,,,,106.90776733726706,117.28778919196249,115.70050612961394,117.9015303876219,121.13918870117365,121.4025132485109,123.25116851102918,119.91655935621331,129.85856033027056,132.49430990873134,131.33451657564044,127.29917160925817,126.29869049532914,123.96884355577714,122.20927283975973,119.77208845622661,123.14069808747132,119.21861297618099,120.26919563016236,119.2222784633542,119.90655692661045,119.78901493234093,,,,,,,,,,,,,116.83290511714759,119.35567032371493,122.62005062579178,118.76273516614427,121.03591332187028,122.66885117647661,120.39030187026941,121.44994782043949,121.38249704617564,120.42834229751713,119.16421629812038,127.52592972566065,125.62412626095356,131.49531137088,122.87700153349802,125.46928677545186,123.40344508855569,116.91553166308341
2010-11-02 22:16:48+00:00,141.36572158975534,137.22385340770208,110.34308408473083,110.69143373242721,112.13988764555498,123.91568418695212,136.24160448534514,128.9125413539607,130.1173918017441,119.83597733214594,115.07193603432214,110.1832258315647,99.49961791689086,95.24283519683428,102.89212467826137,107.66518370232873,122.88022625576036,132.4916806166366,130.05718538383692,124.4011200560088,130.53147775999378,133.27641201240766,131.28056805509937,126.73769571654589,121.34810086829991,125.83541874351702,122.48505297839597,120.28060689685518,117.59139707205748,119.32831848004133,113.63037379908772,119.44064022080694,123.1958614861482,109.81160477723402,111.14464642121696,105.42032915177778,112.19473213536025,106.85673379377081,111.24987592766068,111.16442437846871,116.6842512028554,119.5729174741216,123.87454435988782,131.92415345709972,130.23123649414978,129.07957509453956,132.1445256732287,127.4807220636934,130.33703331131042,137.01811072960854,134.854461275256,129.62223884031613,137.06143403067364,133.80605169788458,132.53132654172558,126.67820403793674,122.1844687976177,122.5525341715865,123.96070404163984,126.76337006305445,111.33170661650213,110.72807447935588,103.74726652999001,109.50210361172796,113.4110955289934,125.01950573538956,123.89970787190644,129.08084814534703,130.00984367393679,126.3912688768536,124.23010121621942,122.34403317207868,127.13214847519804,126.52389129773985,134.5983266175496,136.78804730921104,139.6769526962468,134.18973258704858,128.84724444599988,122.57759361157203,116.36328377634703,114.0601128689628,108.7991620404384,109.13506988092368,109.96042364007836,119.91360763199013,123.2766641961342,126.27544157000048,123.04888136399019,120.51856551417374,122.36109069551776,120.68583572708586,114.51251026322471,117.67326927305884,113.66706793479908,104.0037113606677,113.19145097777697,116.11294597014601,125.15961413658148,128.04427695037305,130.44559992782348,134.56774465235668,126.777726202233,125.26715401066303,126.32004266029044,124.43792505976849,121.7026444104944,119.79865037668418,125.54536012027955,131.52492947342506,129.66477363402208,135.04498956565223,131.8975042769408,129.05057698091227,125.927267769155,125.22600419944317,118.88875733730127,111.78032910247745,108.91400233475714,108.57849835816924,108.35006559933365,109.34888484144751,111.8976575308935,115.26700042744872,126.21212684209507,113.21413385975558,110.79764070795531,115.0610666413273,119.0859151279958,118.40311428849726,121.69072691820257,123.5814712047398,128.15593724629133,132.2531645509727,134.2703842128862,124.6293888841741,125.30536487258209,122.78247081487793,124.97952728673724,132.93619889848136,134.81975291085723,132.1909862240289,131.98322121527085,133.30081972922844,134.32524711092586,137.40339325357277,136.81459755747437,131.93091583352913,136.08587983990964,135.95677753193795,139.2755424775434,149.47896116957278,151.0227453532525,155.90459409201964,147.16903125559566,147.96395204480007,148.9537735664367,147.30602118433785,144.25821543757283,142.34887848543147,138.66895433345482,141.68173042490417,142.67900106267305,146.6499297365446,142.82125050115124,132.9751523193117,132.5474826627042,131.01174578025825,132.6622936198156,137.34549515129726,137.72269258262548,138.71536559947,142.74569531542636,138.68217975707137,142.62854297510737,143.68903841462821,143.12004819656406,141.76134781331808,141.40694981585915,144.797316179181,139.01589301156204,139.78155772586996,140.00045357757477,139.56888407069727,143.82721393654452,142.01997228742792,145.52951147262397,139.45757751548882,144.53066365903112,140.24510166948076,148.7380307197756,139.4709804389181,149.72294360577555,139.8338970064184,139.68251277900572,141.9769476043559
2010-12-20 22:16:50+00:00,125.67885422162603,115.83255147262456,98.68063465026904,103.7241021304285,116.05327962878037,128.64736810042152,141.93454442939154,137.29926410754783,130.78370104145407,128.72120657383903,125.65223732375259,118.54907937154857,107.02764526520718,110.9008668372125,111.099847974821,117.57353339884875,120.27335479097702,130.60422993228443,128.26669349224136,125.36068761571781,133.36093707766187,135.47877276633156,136.87962074831754,129.32889290613815,134.74934978333383,129.5427745105771,129.22699940886937,130.4245552094143,129.21747758807683,122.84744880121575,123.33883273986302,123.96497983319408,116.9333790778413,117.99290595630916,109.60592030242896,112.51673037520654,109.42009416310432,116.35901174894798,116.8172594526226,122.78463448746102,129.1217036902707,126.01757273093833,128.19261326237805,129.06299201459132,136.76482942455482,134.55261160965154,137.8541385577674,137.67526493577995,139.5521663212404,145.1205367148932,144.4515898091381,143.53441078499623,140.6303632706049,143.90325638356558,141.11249654459482,139.24148246180516,136.3120299822662,136.19688095396685,133.91362735988713,130.0095364079001,125.51238670986228,126.51135867815088,131.25598155058043,130.1103698373431,131.82397199679036,132.50578790831966,138.8802004156876,138.88922016975383,134.83230648869156,136.26080975932996,129.57184432677212,131.0497972691249,131.66553905077055,135.44297108548258,134.99743758555664,137.57451776059472,135.5349163047494,134.61914999919725,129.49193606099973,123.83035516648383,124.16091077599393,121.85657379757376,,,,,,,,,,,,,,,,,123.11154032263516,121.80562771912537,128.68832062663088,129.79027199257746,131.63143148647595,125.36549941479788,124.74101393677547,123.63429011026095,120.67695325969854,119.57281210612676,118.6051732334774,125.10329627530979,123.78154364722816,125.76735584682001,124.76413658798029,128.95211635588305,125.65425916606743,123.47561653003976,120.46031938100344,118.48554451458911,116.64299913808952,112.09959287902933,114.74221053882167,114.10609831053004,116.84008484192188,107.02378575808225,99.58316694791465,108.13914811803049,106.88553893950126,110.45522410574752,112.50165601852432,114.42110955003164,119.71692760377913,120.65607211860743,130.21514986838406,128.90306184828015,131.57986158001614,128.85682622323682,130.1329364614916,127.92927712902973,133.56511358642666,128.1739616230491,131.9199247982542,130.75819839902985,130.27065060145603,128.02094923034446,129.47048068666587,133.60634413773525,133.68984649599705,131.93626937549305,136.6789754789911,139.31911481000603,140.70297368465356,143.26250630566355,143.96428685346095,151.78762531876924,152.67246244628095,147.25963476617724,143.83788773861656,141.1004603589684,143.67610691821216,148.8523610446302,149.67056970568686,142.64192053997976,144.9276130909399,140.8654613743903,131.63568336211046,133.2514265880994,134.21476982319382,136.09893170288365,138.95870568927543,139.66795894279056,138.8898098293338,142.36537832038408,144.18501450429082,145.5467515393507,143.34032309549818,140.011209110704,140.86465357583143,141.6977846454858,135.38428422245184,138.10707876866883,139.5115308007375,137.72964705306913,138.4979193924008,137.38849213571848,136.83779552184276,136.85262652866888,138.4357263864292,137.69294907944726,146.5694111801451,144.09171144632452,143.44893299208482,140.29941258689777,141.3075980711386,139.06826538024072,143.2096621702214,125.85799963127936
2011-01-21 22:16:54+00:00,122.9116514911689,116.40664373037126,106.74170930352128,90.77383328512857,96.50958199899667,122.44582982859481,142.28460151746248,128.59688000168924,129.01019588882286,124.15279176514912,124.59550421597714,104.74842481385826,109.02778752078908,105.66997658797243,110.2669444057197,110.46411307063644,114.84828265963472,120.18959759219342,128.3771490849389,130.49339331030276,113.58745850017948,115.01298496324299,116.21953213374118,116.8576805828209,117.85883522986377,114.18746129504937,111.68980537295249,114.15587049816148,113.2319855863627,110.97429215509209,109.80258197932335,100.09283256256904,99.86209409577515,98.81216817416825,95.91747421214137,99.92821991834717,93.83080473466434,103.29504815319689,105.41895559332714,107.75760200238106,115.0281486085664,114.55996369106278,118.48794017623544,118.63869969189844,118.14211089697703,123.45454398529384,118.44600540371243,126.56528776817225,129.30947770178875,132.5853760855813,128.5537296516343,,,,,,,,,,,,,115.84545038839123,122.11906168579755,123.12794517308217,124.31370464573229,124.2656172483713,123.49169605904164,122.54108189289525,118.70596166757176,118.47198430234465,124.81360547944776,126.7730706317831,124.24622158537753,128.953301230116,120.99152645406737,119.96708635837754,114.40096083452386,105.76458710637297,101.89028479914555,104.89212122783948,101.31963792760979,97.54954419242146,102.72736364669146,102.33409506491006,102.67263641720194,105.27432995254263,103.35232604945965,106.70426764187134,104.8255094286163,99.3635088118273,96.27422004672705,93.59552724703065,96.57590645079162,99.7986770362413,106.25917052243211,106.04440519537127,107.2926429370352,107.33589478521579,107.28955786881113,108.01163422493855,110.35152612338885,106.06650417926055,105.76538249712603,103.74366139168887,102.73239014277186,100.60854147962947,100.21809874200657,102.16500454342346,102.79404035435044,99.64303737411197,103.16748914190961,104.56798252721894,106.88579337727398,104.5495218341449,100.77657851133569,99.49526756604818,97.22886727641814,99.72913396785928,100.01823690161189,102.03699064411825,98.68334650459198,97.48921729012635,94.33470022298702,96.73628419525309,102.11427473440519,101.28019369211069,110.84918085474705,112.73927688812279,115.76374221954627,119.79667278701208,124.26036614631974,121.0306112896065,114.95128540571073,118.18392667246795,115.50114234155673,117.63178712957234,117.42634491650993,110.81044938406555,114.75131334884489,113.80530803089853,112.57046563457195,110.7036506341139,112.52028859626323,112.71872797917403,111.63423749185408,116.06889018733288,119.19105303455446,120.7467849549982,120.65579946315079,118.73025440250167,127.40562406685105,,,,,,,,,,,,,,,,,132.2685317942288,134.83480008280205,122.36557741860676,128.4304164623361,125.89238100209911,113.69291403716393,90.72129955241542,111.03492656767351,102.89982805033647,96.28007790220276,109.9006539036188,118.00739133273065,115.40439119943193,118.27031503100696,112.14192693691362,112.28397147801923,116.05957725340382,115.64404818470754,118.95882320734411,107.6199950713197,121.52623417910073,115.12559559544651,128.9489857171747,113.51625137405208,123.50189966566509,122.0655448550329,122.88458171121718
2011-01-22 22:14:08+00:00,114.7985381970004,104.37374386461073,114.59086142568347,89.10958434935375,,,,,,,,,,,,,,120.48073458739367,128.63659779603108,128.59814548617013,119.8000447743274,116.41844451528144,123.5835422947091,118.81540903652888,118.66013396492377,117.38204506702178,111.64524355054104,116.0279506025945,115.8207727197123,116.70413342395088,113.75105098151471,108.59610576828183,104.71688142076749,101.24639803673747,98.97641318820544,102.72893669332534,100.2084024527305,105.02979369761033,110.03055914878951,111.75823252509862,118.18741388428697,119.48329991363268,122.69300312133174,120.08189908247203,125.76404584920544,128.3021476678597,124.75847293656312,134.58146815023503,131.3898989626806,137.6061721922822,134.45917893900858,136.02730685147924,131.25344824256916,133.92708485541644,135.86602780796557,131.7173146004986,126.72662192796196,128.83927832940134,125.6859173058314,112.88432033304832,117.76091491857343,116.86385533583828,120.92369562878999,122.76908196536625,125.0464630117944,127.89479108415061,128.30658443436764,127.19531973105035,125.1915845097926,125.32469263028031,122.47339488921725,123.24285643468562,128.85830042279113,128.5646164261904,129.9749697378003,129.03925936881774,124.58283909520986,119.1170738535687,110.90178628074491,108.67038253830935,106.00314871763385,107.2520399791217,103.05916951950984,104.91613747346399,,,,,,,,,,,,,,,,106.09122957367174,104.98422632334672,106.82597217082619,107.43241214862502,109.42175402391527,109.9808447119157,111.86926909798837,111.42017183465435,104.55051700658628,107.18353934870672,103.19024918400403,99.22106684341199,97.8589712621869,100.74838033435864,102.24506337231522,106.71675146349843,105.96108351112423,100.29950618440552,98.45074658692388,97.24701765285587,96.93034250895876,96.77706944053973,98.59150198048032,98.58764332585788,93.9302469518443,90.0940921674921,94.26838645699218,98.6212667267386,97.55366766420136,106.67875051804324,105.79155989941178,107.91990434044907,114.6840942423004,115.68538394795723,115.70056263491497,112.96135173132544,116.231272090066,116.8181855267441,120.10298241401046,122.27958140703538,117.5327120401212,116.37551606555354,,,,,,,,,110.44426865809471,117.84334182421037,120.56320951176997,125.39092741318338,130.52247494657433,128.0423624087842,126.83860137148977,125.80421123528512,121.907223376378,120.02098782422058,125.639741046339,124.82969301265734,122.57325448338827,121.33634882716126,119.06032590592483,118.91885349873456,117.50903243009685,122.56973385209066,126.10286886328602,128.9425931300113,123.71888403266485,128.580354846062,132.96526247615688,132.62265020489926,132.86099867894447,127.27758032710297,,,,,,,118.78022670413026,122.24885319972486,114.97372981543961,117.01582192286853,114.51975348570791,113.63512734532878,111.97071030900942,115.0720327706821,117.78206525316786,114.77468449034242,123.6856457723527,109.33742629980935,120.86141440224257,114.20536846790006,114.30905245749958
2011-02-07 22:14:12+00:00,119.8323187197297,97.0750602315493,78.09181787078943,79.37102534568754,85.34891534873879,107.66226631924697,130.12856579849708,116.74676968724228,110.06309672939148,99.7235335056404,,,,,,,,,,,,,,,105.90356336100011,109.13243693591123,108.4278277700103,107.04318656628895,110.43676938995375,107.61993304387312,103.62166771837028,102.56750943098487,94.84392197932098,94.2956997970888,86.9717843751493,96.96422156223312,95.46802845206969,98.33624401210687,100.39720833669391,100.65700161858013,102.39153422140386,102.5506836377388,105.9801816055657,108.19520256128821,108.4624555948947,116.31317462190108,112.33844080180171,119.77072137664064,117.91731888419561,121.1030771074232,121.47399947976382,123.26659021279605,119.81660443778898,119.39495246047713,121.36058385118679,119.25515569438087,117.31083405485225,113.27328505706409,111.62257222242937,107.57946005786607,105.41940555604683,105.89758385076549,107.58024572421748,115.00713267752701,116.17153683075917,116.01903378428173,117.9984045453458,118.69588358281884,120.13000036725357,113.80021661077345,110.24608301137111,112.33788421674554,116.96437749583201,118.63393887163309,,,,,,,,,,,,,,,,,,,,,83.98211836867296,91.99275453379171,97.68800535714928,102.43827512421804,107.30387006637206,106.03080670754775,106.2234086822507,101.24090505527471,108.4887967198977,108.1929086663755,106.89485648626331,104.2842961832113,101.1525828626277,99.80234700596687,97.74928263634749,100.71389847079698,107.44363453699872,100.86508184045549,105.30279731890484,102.80158287162008,98.30801765560082,99.08990567771973,96.06234971456011,100.49849673026792,92.372328494455,94.42731868053887,93.12944929710915,93.01048081017592,92.16410138820359,84.465713408362,89.6080174161868,100.76585994277484,97.34145807280962,97.37053061439528,99.99288906608048,107.60060279521278,111.3267245982264,110.12552803911649,116.23682494485806,115.1971464333584,114.3554958438833,120.77877741984958,116.78891430133349,,,,,,,,,,100.68289973808103,117.74372742689904,111.5279476070988,108.78735513873617,116.70774043099938,117.70123593511464,128.73764424962272,128.65079769095766,128.90564594032332,126.22929452190888,124.72751381273693,122.16853609104794,123.80844412210362,119.53929523391804,122.41255663006427,122.92538951305562,124.78720742042842,121.1091052836029,122.97115849220768,122.46043061414636,126.53364257789468,127.72827654922924,127.4463226896168,128.10474241236165,130.3983490757336,,,,,,,,126.39492032310203,111.18935692052365,117.42046027834928,114.6644783406219,115.10885943334449,118.49288504660501,120.69731491773118,118.48337164436559,121.23366475297976,119.72346990848585,118.57654052490271,123.41892603305965,118.13154881102663,120.44709889683634,112.30451901541376,119.22095161450672,118.33279498761064,119.8052665511228
2011-03-02 22:20:30+00:00,113.12319293176999,103.60812841390697,76.48752717395956,78.87440165776809,92.69135364086867,109.73907240917227,123.32827789751501,114.32106013672653,112.91182971193135,112.72973591270558,110.7283577017039,105.66551533284981,94.16784070081876,97.58235704094275,101.05913891708896,103.18506484256405,,,,,,,,,,,,,,,,,,,,,,,,,,,,,,,,,,,,,,,,,,,,,,,,,,,,,,,,,,,,,,,,,,,,,,,,,,,,,,,77.00283423530713,79.34831513640772,84.34061561846744,89.51429087164513,96.9500975622679,97.0889619612872,97.32669748418893,99.07232321113216,99.56533254382981,102.6339684302639,95.3697872317787,92.51068401761943,92.34528343307626,95.23135407979179,94.40565354393064,99.72515304152923,100.62406710069125,95.77245746353263,94.94716164647237,97.44704398843096,96.2122502383885,97.52215175716009,98.40438916015124,90.5563958003226,88.57054534973751,85.78084480238824,89.03875877480542,86.35054960646262,83.31016554857935,82.57583375238984,85.87362147443464,92.7580091993212,93.6172008693498,89.28821736552698,92.08300488729245,94.49631600941144,,,,,,,,,,,,,,,,,,100.5472853586164,96.63076319543735,102.88457434143416,105.29878874525023,116.99367699179749,118.51680386871176,121.34859964526235,121.90984570960202,122.40525992606351,113.22731891411007,111.2424571533601,109.725419624838,114.62666470883656,112.66799826207048,110.40240873356764,114.57642829626856,119.87552846155398,119.9073572784928,117.66061634048117,119.37090687129925,119.37126095818711,,,,,,,,,,,,,,99.49871462531748,106.43622569609799,109.69075903833632,105.24845553909869,107.49961447951532,109.31817913143412,111.62927300461853,115.27292489599343,113.67328114062852,116.8682383310778,110.94382127714385,112.57490590062037,112.29026276282303,107.94562237073345,110.92582517130316
2011-03-03 22:10:44+00:00,126.92590207494432,115.27743851297208,78.08662652941378,78.0625274330028,93.64718697643123,111.39398777099483,126.23673444587467,120.47136149852497,115.18161568338695,117.38805693723658,114.72069615425698,104.09346464358379,98.09964184620576,95.93832048492776,98.47954142426138,102.50277030530172,104.68297865469003,110.66719723027519,114.00289455116692,115.05695772734734,110.52465381918815,113.9500676823099,116.85681943681362,112.44573991327196,108.43435003917415,108.42865134784813,107.2798486439598,104.82290658170524,111.63236091539244,111.71063841054873,107.69868045353242,107.01084363706612,98.74444957680413,99.741421951549,95.48043167083604,99.66636038512468,99.08739078972528,101.38242604595297,103.59320995826216,102.83097669851536,107.19684000314048,108.35371367429121,111.98244686922834,113.02609982491562,114.7928470791572,119.6429400732784,118.33914668130028,121.94817268939823,124.29983139101508,127.77503002462491,126.36794540712424,123.94648532350344,121.98885469752116,123.97758429551808,120.17165363653965,118.13220974702833,112.07613574056329,113.3342135888723,112.1925446251811,110.52387341593723,106.83025481804486,109.4615826287451,109.34452633489467,112.88404288621432,113.70005524838106,116.27760633550334,121.92294248752631,120.51464065709848,120.73996324525963,119.67966885116668,118.81744720539079,118.16731088292336,116.99576700724816,119.32826397780231,120.8504130437991,122.23501599134065,119.79530709399111,116.23624374692064,115.92289825534323,106.49431509701205,103.377433702719,100.72543933077834,100.10562009981341,101.84589350318525,103.23984750756216,106.49555047757089,103.02539517899189,106.07232201856088,106.26829786948136,103.68000150994175,105.56641704247053,102.31370249097617,100.45385588342185,95.55227767011836,91.08115652594611,90.11117875075041,95.37259210878548,99.04667762989989,104.11000230956702,108.07656175490935,107.53280767882764,108.71201097295658,113.2475163104648,113.65963320192516,111.43753300681955,105.77709254743168,105.765938143697,101.02665448494922,100.73555883722797,104.88297041200128,108.3974199883396,108.82593781259187,108.70282445975157,107.13703181329853,101.46372117862188,103.60978895714744,101.39774932485939,97.61268715460709,99.86274931435513,99.18444730954073,96.98731146148221,97.2268240258314,94.87900312529989,105.39643395535754,96.37662760185096,94.66240910449639,101.39746875372887,104.44763032170695,107.39521944888732,106.46652416097396,114.88367265642086,113.22332054523841,113.72824575381172,124.90310410748992,119.67211928011923,123.22582018870696,119.87874549965342,119.50501127958138,122.36700455987281,116.50486918798128,120.74892634579696,115.48047783570154,111.05450513492517,108.41513134303447,113.63874240261332,107.90741644930915,109.99449670337557,110.25893691744801,107.10827185191549,113.33141445526773,110.85739965059571,119.56164712299869,123.25482786163062,128.4514502858047,128.32720685680715,125.88039175685182,128.10068387982108,123.45006108100466,123.42256335151686,119.42919433299583,120.14172459400451,121.23623119591048,123.07467575132706,121.22953707035268,122.22673909183376,127.790299241806,127.1373469632063,128.4002149210886,130.19904714092306,132.51977060867165,132.20600988825467,132.55613879353635,133.1258680797483,137.8147993731,138.7358332688444,137.0578621207759,136.83671144329958,128.5663023315727,124.41091861785803,116.09203035330535,117.10460675997261,115.34407797453457,114.66488360678463,116.21752416751823,112.481173646605,118.93896290465432,120.40049461051134,123.23877563838403,121.16145443040281,124.5277497349712,125.73046610108973,124.52342421110976,121.01244098658319,122.02393040136043,120.05474630377569,126.84775737234473
2011-04-03 22:20:35+00:00,,,,,,110.43892202537415,122.89547161318353,113.71557805929193,114.3366746223217,107.92591360553752,108.64712242594489,99.15478886501529,95.11926105774911,93.84318670605278,98.930900648378,97.57604108503166,105.06054271710993,108.08012272757291,108.2260858613998,110.92852764515501,109.59190643834117,111.53671167860001,114.30395340173418,108.81196609689182,108.12378636018649,108.66267156726536,107.71357270356664,108.35888114634912,108.53078567580933,108.38118803051177,103.66795511845152,96.62896234653576,94.40694378572886,88.65825744370484,89.3817135610045,92.5605758721706,89.3442908925881,94.05818712469696,97.24878745524816,99.73150889286181,100.32128607254361,100.06070421383609,106.57642193636084,104.44030285185936,108.5027037223851,110.77758001292794,110.58625934478954,116.39009653379489,118.23333479353553,120.67220919907535,118.7895604405945,122.4986133897443,117.51789405728213,117.62359376407774,115.95786188206918,115.0660408395353,111.5560793907025,106.95823478515138,106.98849396951016,99.17121029613281,106.4386482945698,105.81748356649382,106.05671137621546,107.70868882319516,110.08738838671316,111.96082984093252,115.82498552210612,108.61325332679043,111.90397397517184,109.41103185470276,109.96827762639838,112.54318574123165,109.69079592521685,112.08423971271786,112.70117231920527,114.56644937819011,113.75868379966177,112.40961732654702,103.23337329465822,101.80523737400708,90.88246676519894,89.60847944514686,90.66319519486564,86.62069816256245,90.42889771627712,91.66970728007341,95.93923761910034,100.31396545496897,95.96541464072581,93.13149862037243,92.52300264392815,94.69037630854959,84.40041247092385,84.12899796426541,89.91254870145428,89.8472914208873,95.43802392249498,97.43205801293558,106.95618866524507,108.15357475569502,110.19810164620986,109.18955260639432,109.46274796246824,110.04130330108745,107.39158732783503,102.10448282970047,104.64142639229306,95.50273056070695,95.07140940475803,,,,,,,,,,,,,,,,,,,,,,90.50187636521531,97.3213217568606,97.73814553945927,111.21089616372282,112.46369252635581,107.4395174334785,105.79005329625996,106.90111129925148,108.86606465689184,106.0932726362515,105.7130909427209,105.49907471691316,109.41202414058114,108.35574273597814,107.43225238273983,111.45852392374073,111.4746086071554,111.98456432536742,109.0535707866285,109.15022303877821,117.14254372854256,118.04259600724556,119.08857749071345,131.04042976139453,125.05819021619561,116.45120611575666,,,,,,,,,,,,,,117.8361410349288,122.6687379146504,121.4670727725206,124.90143416435183,122.89548653540587,120.59989784112153,117.40101930101963,120.4127209971314,114.23066658544391,115.77075561472157,111.70483684789208,118.93729552914348,115.09923306568929,116.03315319903946,114.22799489944522,115.4739489280724,114.45593462332755,116.13262003741612,112.3238130199582,,,,,,,,
2011-04-28 22:14:24+00:00,118.47150836707631,,,,,,,,,,,,,,,,,,,,,,,,,,,,,,,,,,,,,,,,,,,,,,,,,,,,,,,,,,,,,,,,,,,,,,,,,,,,,,,,,,,,,89.1100745171905,90.5012847327509,93.09193167386819,101.1828907848456,98.30338544901693,96.62418459677737,94.66723532650332,93.19802787203555,88.82589238432277,,,,,,,,,,,,,,94.60226348365451,100.47474258462648,101.01064545350953,105.78090199467877,104.9409699691728,104.44039187240512,105.0056839620618,105.41429369099006,105.91460840989659,99.92829373266311,98.42093813973506,94.37217117676462,88.66970302881813,84.53831765121109,82.56626246982349,88.630361396553,87.95283964250342,91.5350142513353,96.88609575927907,97.121023714854,94.11962861149533,94.53940368076935,98.74623123273572,102.85982658245146,104.50606751154228,109.44958202548735,106.56912146734359,105.5390275889425,105.32308317536534,105.87196376085663,111.053998442532,108.00253265816309,112.25903467659417,115.0342367247243,114.99191358086767,116.78513170002205,115.38236789091353,,,,,,,,123.65687808754616,129.8569954442401,132.60003588010332,129.6046130420465,128.96315695651006,119.30884720215818,118.61977314177285,115.41153087517883,115.03460688990772,114.85175936754293,119.31465646863516,121.64265602530088,119.18402636023839,116.17830860333144,118.9368150621489,114.02098780740022,115.30002640421046,114.56614192066752,118.78962517849908,118.6545897208905,123.79951930651038,124.93973336117615,123.75978295468313,124.5712229363941,126.63385705757683,124.3425456268398,,,,,,,,118.73759379202757,123.81428540611006,122.17218239091659,114.88126329867498,114.9206671514469,115.08741991461959,118.04606553783276,115.92785055658045,123.8389162868523,119.9143951822169,119.29227074546414,118.70030885979487
2011-07-01 22:14:18+00:00,119.93802641879213,,,,,,,,127.42564406976466,119.8673269127877,117.06326422400087,112.05944986699177,106.36597022964597,110.33387086522703,102.02382218398128,107.36376854531032,120.84429358550243,117.9216624282934,121.99194835943442,120.19618403338457,111.62994940215835,109.80750590740097,117.25314810542034,121.654349371465,113.63578395569671,109.40771398915611,105.80483323473167,108.54281483567819,113.95140496602251,112.45944736800031,101.12663447548661,93.4036659873985,94.13169844991049,76.7064404010133,71.04329667898813,81.16550706630419,94.07400738080882,102.38203180944018,103.25878705285697,104.84335161756178,103.62615350214473,111.76692025001518,106.45507798418149,118.06691741331343,119.82767512794148,111.60358307193376,121.27569402338821,126.51835683928344,118.94077776807822,127.42237126285524,127.73461023740683,122.68945462887706,122.7979712126653,118.92032035146273,115.07760232395192,119.07677101505391,114.04231762797212,,,,,,,,,,,,,,,,,,,,,,,102.83867854641166,95.1683299554743,95.48224405668245,92.72326592803141,95.77576334225631,91.10828465798252,94.2884449552582,99.21519058351365,99.4922915705676,100.75017470786561,97.21354951069159,91.31602418465067,95.84489277277646,90.23727998606913,90.77478122327837,85.52119296886488,,,,,,,,,,,,,,95.74529264275867,100.25090325355482,105.25736464593648,103.3902887932341,105.07428835344761,106.49566927700053,104.0315064510432,97.91841661759719,97.78939635743698,98.09253496345332,84.97408991603973,92.2495521630129,91.64031127601199,90.83895729981823,90.70800798858951,84.55026310369462,86.76806518586493,89.48046375147473,96.46301873670882,94.25898908758691,102.21643611658544,100.98301732709464,101.08322688439469,103.52870710717112,107.87971516258025,116.65759934845093,112.9068558810278,115.62458044191551,120.09184557682646,117.22574593781417,117.05622150536276,112.94757013155969,107.49980232932701,114.05314858516317,109.73005138160083,113.9906135225494,113.77769694093973,,,,,,,,,130.3796689490804,128.53785973523597,129.30217174166444,124.94021696429476,122.29323883585168,119.98242716767159,118.24100066581823,121.72389338834768,123.46530362073796,124.10643240061327,120.99990025751872,121.15561010773095,121.16032165147949,121.88259128912964,125.79249420626182,125.93626003481796,125.43048152977127,128.60284809253275,131.3388473077867,131.5259742272601,129.74418048068037,131.1995442284587,128.19460801775887,125.36503660362105,123.79479220675626,,,,,,,113.8783888494816,115.23920008824933,117.34063371133593,118.52416569968625,115.44192540977181,125.2178022463608,120.52424837394973,127.6544352886087,118.47380698490336,121.33398889733238,121.74958872064191,119.91096015425506
2011-07-17 22:14:42+00:00,,,,,,,,,,,,,,,,,,,,,,,,,,,,,,,,,,,,,,,,,,,,,,,,,,,,,,,,,,,,,,,,,,,,,,,,,,,,,,,,,,,,,,,,,,,,,,,,,,,,,,,,,,,,,,,,,,,,,,,,,,,,,,,,,,,,,,,,,,,,,,,,,,,,,,,,,,,,,,,,,,,,,,,,,,,,,,,,,,,,,,,,,,,,,,,,,,,,
2011-08-09 22:20:22+00:00,120.46627967774401,,,,,,,,,,,,,,,,,127.72201196464023,118.90240249908135,116.36874621545934,130.22940096363618,128.03704297133078,119.81049193985984,118.8040317359025,122.39601609772839,113.62260166624911,120.50542729954304,125.83504367505226,130.1806026810116,113.486561061941,107.17050478293731,104.04416251596416,108.67291990494888,106.46744580664489,107.61218773999093,98.49946515336899,103.5524486780423,108.7877870681328,105.65509140671668,113.1679781977348,104.8095308041379,119.40682882369246,112.64108207984674,127.34876054726354,127.60172896846315,125.46164947539226,132.89540275449824,121.96976639288665,131.85089060337094,123.86627923669133,131.94458728030165,125.04040139523586,127.30737399566299,125.57900329754594,122.224426181905,122.13367814511318,117.23573703445977,118.2930452775484,110.16681039008569,115.55450952788533,106.07999023751108,103.01704880109162,100.85475352677868,107.67879830847629,119.81077663798706,120.53418160087878,122.4114235092243,122.2919303683688,122.90948426410208,121.96063933782278,120.86673600015766,119.05610255235874,113.99030590390169,112.18033524946883,114.2352272667022,114.75568087728544,119.52659741591755,119.86057787128911,116.44120801208064,120.47765410888942,111.0631057743666,109.41727140586296,105.14640578257868,107.77553642691768,103.76775569101704,103.1521325875482,104.3910708389489,109.28068948156614,110.66527466697117,102.51973819088964,102.24354288049271,98.43997444943862,100.65582796418614,96.0302048937054,97.81785875394769,,,,,,,,,,,,,,,,,,,,,,,,,,,76.1999195825685,92.92879667517315,98.53965464993581,100.1944744206866,101.11665977720135,101.78161385260564,103.0535231363843,100.18067381079904,101.88081746070861,105.74310618460831,114.36169071049197,115.81476701605165,119.96217415552162,115.91024970123961,113.11235349961443,117.33383239330537,115.00554721372218,117.97270322834311,118.85556424893011,123.10335532153934,126.03878833109708,121.8447718252751,119.14447808310975,124.9466835867726,125.17320882140024,127.26999377738703,122.421407742798,,,,,,,,,,,,,,,128.55529736758533,128.75245048706785,123.74143592990804,126.70697144546791,124.36286079242858,125.60183167109888,122.29852824783865,130.35181963493437,128.02652332367407,132.7278463444383,140.6328696690477,139.847165892195,132.96146700796783,135.51580819101983,125.73056013415658,129.37567844441284,122.55381775112625,132.3752471285244,123.98406484199924,128.65732296788465,,,,,,,,,,,,113.46980025468079,125.677282110744,120.91044936563125
2011-08-18 22:14:11+00:00,125.8554218873144,133.08495716684348,145.47351260759294,,107.90667168370771,120.83882962021248,142.10158643677653,146.54557845226563,144.66024081816602,142.46534788771453,142.61595688585138,134.18519286766835,126.1982413783685,128.268759668674,133.5356811841772,138.6166218144367,139.3745723120773,138.1816037406135,135.5639255358768,135.215447759111,129.2879582173115,130.45747974404225,127.81437238395634,121.03351076602581,125.71433355650049,132.38005671673042,137.85415493022475,129.16737431391314,126.1531756335313,124.7469406719255,117.20282483761414,113.8604004442905,109.38926356148436,109.18511918548786,106.37984859579944,109.45694353239443,102.2035754600427,114.46637576090917,116.55695765824571,117.65263067041587,119.90202555115842,125.4867102252982,125.4660720202986,128.1510392879938,136.6740258421705,135.38926510817893,134.30701534545557,134.3682105902058,135.47039188711312,141.96058795148622,138.54583064349066,141.75064623161154,135.40092282671625,134.86954532657955,135.45863236167145,128.8992211195613,131.4968082396636,128.23298152870456,128.7696446432804,124.31932612861874,124.14979891516938,128.05003157897332,123.0764820498293,127.32365527750963,130.24299321071732,135.43744286907528,134.48059554981543,132.6114413089232,135.39476013399755,133.06951752757809,131.30639416069764,127.14395798771456,128.92247947104414,128.24094863057013,129.84237697652037,131.3781876921837,128.46520943544095,123.82866119131674,123.8037479148968,128.10442499491003,122.15631269708214,113.53026948376531,109.40170686392113,111.98814470210465,108.86985066947696,107.857607604117,109.28773262081938,112.51526636469372,112.90665825574744,113.55383737186877,111.392018134518,106.43953599545104,106.23589058182287,105.55628643406035,106.5439407893116,106.82267547520695,114.02858278096198,119.43750152580628,115.61636075338676,116.10196262641658,115.55181294264187,114.90324667003713,117.76194691693675,116.40205733264683,117.62781510352185,,,,,,,,,,,,,101.41765564563656,97.67727193981476,97.76858744856034,101.71120719634524,99.60320450530179,99.7846264575074,93.59111440832885,99.58274135469271,110.19963977302905,106.23061370832437,107.70577775867957,111.62362785947109,116.60431609821424,117.23068366943274,113.8788820549961,119.41138684938304,122.06947329694661,124.28368454784736,118.01113056920565,117.92219667057655,116.49028323703466,120.97574825481718,116.23507993658482,123.92300430791316,118.15795313115545,119.99969010995379,122.5785010902204,122.51833247476816,124.5493937639512,125.7356833827825,125.9163109226208,125.82295070938608,125.79362830879492,128.96355347038485,,,,,,,,,132.93944631868317,127.0768111833622,123.99371943248724,122.5013590154251,127.92324037595994,135.83636126353463,131.6582322186025,132.4881632637425,133.4668674334742,134.2144668955287,134.126547003064,138.17331996596712,139.95894668625874,141.9561984687733,136.3763409124165,134.75437894157133,134.00758373896832,130.71850941784297,128.98466591596318,131.95173183065526,127.14263359071126,129.59467669200757,130.9803007579769,131.32066767397754,,,,,,,,126.17741445263786,135.3131692371888,127.72226491977003,130.78958188770432,128.54264740022418,124.55705082543926
2011-10-28 22:20:19+00:00,111.42954415192756,113.88024370691589,95.73099499746797,93.98851053031629,97.0808781434119,101.25201262738739,130.70110279182106,122.28668457484602,95.57715758730986,97.74705968003168,,,,,,,,,,,,,,,,,,,,,,,,,,,,,,,,,,,,,,,,,,,,,,,,,,,,,,,,,,,,,,,,,,,,,,,,,,,,,,,,,,,,,,,,,,,,97.48472540582944,115.05949692570529,116.29991074513524,106.69507069269069,105.15825347114335,97.81878392734323,95.168733287599,91.07857235700047,92.91707977728015,95.69032047272492,98.01801579163664,103.020654937556,102.23792297418487,96.44560993524117,94.72124817838233,96.29312237807241,96.97526500893167,97.41673129821521,91.31203901600965,94.51790892801478,88.9438926737869,91.38090221103243,91.12027355409428,90.51383493450032,88.2843414478997,90.30242533287091,94.67766829471825,106.9976046582894,100.086735829339,103.06644525851283,111.52246496392375,113.65041334463241,116.1470756043106,,,,,,,,,,,,,,,,,109.20394161110589,111.53509611776657,121.26637311633141,125.97306246278302,121.00953531454752,114.8901688356921,114.61345515748897,112.32243011943308,115.92500955930942,113.65287793430346,112.55316961403116,114.07198977883843,120.20614787731444,116.74129392086562,116.59082389054959,117.8548806542624,118.89572241375333,124.1019395992133,126.35522047684364,125.68726063738023,129.52538784036315,,,,,,,,,,,,,,110.0213920190377,111.9671549183987,111.17392056721059,113.02048720425086,111.19662736236634,118.47619500923305,119.68949483972914,126.9069649885686,110.71444552520968,117.66133469026899,112.64870474319366,111.87333330881333
2011-11-29 22:20:40+00:00,108.26748735671217,,,,,,,,,,,,,,,,,,102.13279979090244,106.01937110631165,103.67918812471821,105.74818127735954,105.99169973106018,102.72450655266395,104.66050496831022,104.96089553255752,105.5042144043632,97.34964637558735,99.86661841839192,94.28087395740388,95.8874119877955,91.2617890907301,89.7830032351953,87.63016614444618,91.23113929343208,92.03434285838978,84.08766936006326,83.88960959115951,85.59666229157193,89.10591791192799,89.42704153572323,88.20491184472797,92.93815315622187,96.28314284087789,96.79543250758678,105.54627478191293,101.60427803284192,109.65113072426838,110.05279830286892,113.45621078693094,109.8828786050887,113.17032616960036,,,,,,,,,,,,,,,,,,,,,,,,,,,,,,,,,,,,,,,,,,,,,,,,,,,,,,,,,,,,,,,,,,,,,,,,,,,,,,,,,,,,,,,113.87647422396016,106.83821997985005,105.52820338718693,111.79397324662803,111.66375920719061,106.86823647528057,,,,29.875573042676358,38.96968673418156,,,,,,,,,,,,,,,,,,,,,,,,,,,,,,,114.85092435558802,114.7797614860555,,,,,,,,,,,,,111.53966210033288,108.0246406249585,109.29771213511758
2011-12-24 22:14:43+00:00,125.23297028694915,156.67930511117208,116.80773266804607,110.82999567615448,111.74664125429712,122.11563488226935,134.8041280645709,130.57198353625617,125.30526116744588,125.9636192581419,128.42953965140694,118.21372166212981,122.29442791428711,118.76113034470505,117.40322241890314,120.70589110409361,120.57735612823237,122.8507188504785,119.63562621543302,123.29003097926585,,,,,,,,,,,,,,,,,,,,,,,,,,,,,,,,,,,,,,,,,,,,,,,,,,,,,,,,,,,,,,96.24816469535486,100.99323740057207,92.81873808069491,110.9801334937168,112.3124692977607,114.87500154079164,118.83215801862127,110.64110218314283,111.93991095832675,107.61012939513783,108.69449277544182,104.77989189356883,104.45464081531972,111.8000525441168,113.11685089245567,118.41373619421574,116.69323068995087,120.71045818674651,122.93819103846452,121.10721222970187,121.11250414808588,123.55012128133721,124.12186530431308,126.89087011630757,117.51169659999759,117.04356795825636,112.06384815583252,110.32879611658214,120.42455019462075,114.86212080170638,116.27824447867059,119.52518590688152,118.3344684119135,111.78634668194977,115.29467063720055,111.1030460762055,103.36406140774335,107.1412283399652,103.52319996667876,102.8013579217913,102.77012089623967,107.5327141397988,106.59214546586519,107.94781075390091,110.27473630411957,103.28427742595859,107.04164233467577,113.6772688662404,119.63460444064827,118.80976125319619,,,,,,,,,120.08285212397698,131.10298731597084,125.57904389822811,126.0102548083116,128.61751879302523,128.2819035234413,129.1079596700585,127.12536900570865,133.18182398957845,130.3909649928283,132.5406221944339,134.74567229693804,146.86467438699594,146.35770849734337,153.7858852566343,150.5878681416482,143.51662724754607,137.04479779210027,141.32197991932838,140.04078676982806,139.93078294187745,136.12430918152876,134.06733900554042,135.61777122604317,134.33609635446777,138.22816155397442,141.92051309542546,138.34280334786138,,,,,,,,142.23399509049335,143.27712865394574,146.52730647564866,138.0153947385238,138.4903898937088,130.54223859035991,134.3695394287519,136.27764492437768,139.87475187023767,135.87224993266474,133.54635763759927,135.49831599424274,132.71702742233643,127.0070071661787,132.03582529022344,133.65064713349284,131.9881795036634,138.3721185963386,129.88311143810944,131.2974268754658,125.98057987841796,120.79442726555988
2012-03-20 22:21:05+00:00,123.86753352820406,,,,,,,,,,,,,,,,,,,,,,,,,,,,,,,,,,,96.76553840921328,,106.5900977167217,108.53486559014576,111.16977439571907,114.77784099676084,112.97142546382518,115.35373030416092,117.74809312705298,124.06078220011626,122.5282824304598,126.34724099679971,123.04981711750123,124.42673786808892,131.89044999622672,132.26823793619286,131.29673932980594,128.63961039660285,133.74298842035648,129.85247907862362,131.81208567164285,128.30943730254597,127.1647376013062,121.06162735196803,117.01386981630267,114.95665530041947,110.3972337529178,110.76217038563543,112.38998075736492,118.78187047715925,,,,,,,,,,,,,,,,,,,,,,,,,,,,,,,,,,,,,,,,,,,,,,,,,,,,,,,,,98.2082373825286,100.62149225863683,103.89937327134948,106.43991320463358,102.44181905928228,108.44688031389244,107.09144146879484,107.42645177487924,109.49015150059384,112.76701537324634,117.71421007950784,126.6173902664642,127.39809877467492,129.43892594424483,126.6008719814507,127.21926017182403,119.85759925513597,122.76586587664201,,,,,,,,,,,,,,,,,123.97557651594845,126.5128460020766,127.02235006347637,127.97066235796692,125.3970861763988,122.1675395658178,118.850345011756,122.72419539101335,125.19174287617068,126.80589762773138,128.96937855285594,131.36987775532768,136.68753135179708,136.03420240434957,139.23191125041504,137.35105219112484,142.8170289927596,140.2822744786622,140.63602954621933,139.65037978405581,,,,,,,,,,,,,,124.59346304702616,125.26232347744767,128.80194145014806,129.4298283345902,127.60848743988393,127.38449974611875,124.7921612589618,125.55922182152104
2012-06-01 22:15:11+00:00,,105.0935932716111,94.41194395662339,99.24252106376409,104.7517941543411,112.2204253567619,113.79149945529983,113.69071859382203,93.99887740843971,97.70663125996508,106.03431541841894,111.48177951660034,101.43204983884014,115.77515453966254,111.28451324931049,104.87607481904196,107.20776981095804,111.6528189756742,108.15483997262507,99.7439128627586,107.54390654868902,105.42374688687471,111.09897936686815,113.28742935687288,121.86077029542193,111.34631039910637,111.01654342617994,108.98933768084082,109.9215192437957,90.84990755885426,87.95585011566389,95.6562110366937,98.70052237784304,87.79996185794722,95.33619280931603,90.04566232703388,98.45136638044853,96.01877726564615,95.33062424567291,103.2464622644264,99.92266698839285,109.18595492485647,111.53809811812307,126.31865447573621,120.31545528491739,118.83480438357992,119.68638546240993,117.92313268588148,126.9063071347375,128.36301834778496,128.26278740517554,127.85281732797556,124.8200927664694,135.77102654214264,132.3522513047203,132.72024146740924,118.38290186679252,117.77103581837326,109.9625176582802,113.25332114225682,104.46807774423004,98.85439041234575,98.32565973337138,100.39293410731068,119.38028600323469,129.37204537662026,125.77360469165072,120.48785241147627,119.4980389603522,109.725118772712,110.22115744260168,106.71183897971574,102.11913819791006,100.17598902308798,115.18761778229621,124.3806335340652,133.40016276617953,128.20948149471627,119.47341398476264,106.35582130949174,103.88444944586973,98.49800057802722,98.68523317496168,99.61656390146858,101.57271821248037,107.66468856874246,99.9502495237939,98.25292063845993,103.89735809461843,91.28777602408636,95.38988807837215,96.3288133033452,97.21279489061358,105.72022753477133,97.39395054519122,96.7515463156915,102.6632884142432,110.03285009105531,112.25273487341173,116.08108219859255,119.12082439414301,125.0503274872378,118.39822340666467,113.84037180166034,110.79370694270587,102.63676283125467,101.76475296190242,104.02256659475663,110.55009223486277,112.04817310580563,113.51409666986585,,,,,,,,,,,90.46973539376812,102.80384277923332,107.61403697191749,102.57313489334017,108.47884392711734,104.47206283148984,,,,,,,,,,,,,117.23021549297412,120.16052704052018,123.34299430595247,113.37272652788276,121.35228354480556,130.46245334804962,125.40024310422959,123.6176016517201,127.58574136966573,124.98371516364298,,,,,,,,,,,,,,,,,,,,,,,,,,,,,,,,,,,,,,,,,,,,,,,
2012-07-03 22:15:24+00:00,,,,,,,,,,127.64448369259112,123.64740617476532,121.2442685232727,127.9281101519447,123.95708692134711,123.89079787562396,113.93539596188006,120.55596724952886,127.30480931039742,134.4471201827374,127.6997165230462,123.78879258368923,138.70115928411417,122.03210545277643,129.49478343028414,132.66495049486267,127.54937346305884,123.93057783636628,117.5225990362028,113.6579730059322,115.75644372568952,107.54773161698051,115.44449816260412,112.4216974810986,105.45824280705452,103.02577653979867,106.3991820223188,96.84669197134238,93.04735242883866,98.84293269644947,96.411252250523,103.28973154051155,,,109.2701459113532,114.9843180343615,116.0234788674533,117.68892547192344,126.13829219184382,121.30194061416753,129.96418099903735,132.4909508472478,123.82617649588477,133.38744924098796,117.20211780334391,125.06334795499566,127.8818637716197,118.96564418076592,117.9351524284937,117.90581529100545,,,,,,,,,,,,,,,,,,,,,,,,,,,,111.16979692202447,113.22015558245212,114.57092892663324,104.61758333174858,104.54200553375448,112.75787598048778,106.27327082615261,110.79481921032723,108.91466785154043,108.02006593021184,115.9090779147092,118.45284862215584,123.53162839594883,125.1503193615995,132.8703077141856,119.01963172675698,124.85952723490449,119.83538951573563,121.0029330707295,121.68911166753409,119.0023267285456,121.49647366475837,112.40196141765493,116.58088457452644,118.07905621583228,120.64649877225152,123.09991537310272,118.17278863970314,122.0448230483723,112.03049771289113,113.87466156096535,105.04502051328156,104.45568098107564,105.25273193318908,104.37342880572301,111.85858239934377,,,,,,,,,,,120.82301562861242,133.53350125337727,127.05852168447933,134.77865776148374,131.59493058240878,136.0659944223688,126.00167506170851,124.93427246065725,133.3470218021855,126.614578825664,133.02989151361834,127.92648800792914,127.51195187153759,134.74995530492274,132.29419495180642,138.12826880046904,134.96015172175237,137.33250517608815,141.98501161446643,139.21191786948364,141.96831573984795,145.87534180540487,141.6997229044028,136.74107950851243,137.0075434913704,142.64168325169294,133.79826943508752,136.07251282307828,128.37776495386626,130.52527062448974,,,,,,,,115.25650600821088,138.26594666141747,138.6190225939824,139.81106236097074,141.7490990116619,145.11513761290567,138.35661205331778,138.2509448799581,132.07227728645648,139.47036962863,123.80252796261,128.7795035727037,129.63117712662944,123.48313064404778,129.29733074923055,130.34909509256562,126.67408643587633,133.97990372742373,132.67442245310448,132.52586541872452,132.0313683699928,134.4460703801258,140.63970539378758,,,,
2012-07-10 22:21:41+00:00,,,,,,,,,,,,,,,,,,,,,138.63797958216537,138.54357829454952,139.3549510501214,136.37507234143533,137.21818474444274,133.4585087712597,132.02783392460594,136.671507815432,128.0366544792351,120.85128043636969,117.12082170650572,120.85592244500369,119.8997116112532,122.71101394634638,125.35539854423595,106.96618164660286,113.55070554995443,115.49426715237502,120.55161850313822,,,,,,,,,,,,,,,,,,,,,,,,,,,,,,,,,,,,,,,,,,,,,,,,,121.92683548514157,126.18860160689519,119.99143987253464,118.21753726090465,120.57178552074458,117.20718267992535,125.80299167454943,116.97654584429527,121.0948018600103,123.06808369265572,127.48994910993537,129.56625017859858,135.0676837561602,138.81520472758504,142.94585030007036,140.99690169439236,134.67772322443517,127.11807335809392,130.81209244757835,131.53196687403084,124.7389848335261,,,,,,,,,,,,,,,,,,,,,,,,134.93149080910538,143.05353106263803,145.938131540538,148.84999124424047,151.05988174571806,146.5786604635938,140.0238379704144,141.0663610077341,142.20666599145108,149.26268596031235,147.7384966531555,142.99884399781075,144.38075370447223,153.8297694851734,146.4051171609385,145.0246510177886,150.64060687703346,,,,,,,,,,,,,,,,,,,,,148.97872012355202,150.9893198883042,148.12453037606147,156.6831766234221,159.357419841713,157.58961046181045,156.82742068279916,156.05918514301933,150.0103425413201,152.84805817435372,148.7559125800856,156.55035441515045,150.99954335187198,149.15257446261043,149.04448292185992,153.10291897351064,148.34757643939483,153.37831517557103,149.7391105935204,,,,,,,,,
2012-09-05 22:16:09+00:00,133.86241175587946,136.41753287731132,,97.57827622225021,104.10012604812344,104.86539837079873,,108.08460162373119,121.02071697005836,129.75127839121657,101.209163133231,111.63491144461862,127.50374556138458,115.49936693713336,110.51663031965467,93.2767039456258,109.41928099401767,,,,,,,,,,,,,,,,,,,,,,94.70864825650774,,93.48994509005261,108.03102026695964,104.7267617534185,107.40972640216827,117.0749917125316,108.54102787043354,118.13614036930922,115.62849137564946,122.71709550638806,,,,,,,119.57739925052441,,,,,,,,,,,,,,,,,,,,,,,,,,,87.63433605032426,90.51065493207935,97.0970065932046,87.5417545572708,86.87350712221942,80.71411869185972,87.82923082804798,86.92218131790561,85.35621368926746,83.89304019371477,99.70683199270951,99.36753217168354,77.24975821584995,102.34470528133977,104.13929455166532,89.34114303293865,96.73526517539244,102.63928734778409,102.38507141632316,98.36424160011534,108.25223258480031,97.25880365113773,102.66708926121319,105.8426928113494,92.88336197510326,93.8787484009326,97.80369925681842,96.29898699024415,94.6535198667184,91.99785810495094,94.70335142703048,96.17502430778393,100.26980021874633,88.92472415163762,108.56324688979578,95.01607032438672,,97.54222496896982,92.21456861800807,87.19957295113016,84.21619351734732,82.84502116096331,80.7736937148423,85.52642021673108,94.80711622040235,90.06423750868497,102.50586800050615,106.84227274294294,112.86856152827814,114.53259673231057,,,,,,,,,97.96839310483607,101.55413339913768,105.55226987865906,108.49285933757774,128.98049758641784,100.47231362666685,104.9227883234806,122.28602748687527,115.97837795074719,118.65929256798029,117.934943914402,122.25255287840608,125.05592299663078,128.72478365581605,120.94908300810414,121.92956884491352,112.47928419290541,132.33015700169446,109.44590745099904,123.01376788844311,117.56587883685144,123.2732680011674,113.37296998490929,118.30921781802937,113.25965276253017,118.87123166975427,124.62637046803194,132.66347914065653,,,,,,,129.7149470797075,129.98613566600667,126.05943499266454,119.69340526646506,134.5922984876033,114.3422688467708,120.23067060661808,123.71273378363611,119.44778659223186,121.23207368858246,120.76471681038129,124.76935042362214,122.3770307292227,152.92820072831935,126.84579204164226,132.05106620364347,134.56112651249617,136.22343252969387,127.05022442330221,127.96891818323182,129.09150188227684,134.74491778424743
2012-09-12 22:22:23+00:00,,,,,,,,,,,,,,,,,,,,,,120.21739368190217,116.38682071061625,120.49511483809398,117.97519665631117,111.50695348989653,118.66020397069414,110.06048627687635,101.92282889197271,97.3026199111459,93.40160441978348,96.300434462471,104.94689663804394,104.01643006904297,97.72555667949443,89.43484203167627,93.63714239630555,92.82353618175738,95.5625459263656,95.36493430471408,94.23718840222746,99.14347004712138,99.04259143358748,108.82955315891225,113.46637079083885,113.14958766802464,121.37370234214694,119.53208187477551,122.55618191916217,120.73328990716506,123.9687495100518,120.09162678232352,127.09791124213693,123.99257322885069,125.48472722153298,120.29454761786819,118.08623409333315,114.94983423047525,108.50604503653778,112.5953610797199,106.42973174778069,105.92828367074829,97.0852865423515,102.25986621845308,102.2426270717099,107.61721737435984,113.62184975335006,115.51298787647652,111.47997885532175,111.6909912413284,116.6169429786462,111.20001799164027,109.82871974612306,106.20180482897092,108.03438324632772,106.16499310981467,112.33320185375197,114.47590304649957,111.45308639502956,105.59405740765531,110.36358696177753,108.88448902491919,101.52497094488902,101.9777142680863,103.1136715324978,105.64470651559799,101.44952188350673,102.49329381541384,,,,,,,,,,,,,,,,,,,,,,,,,,,,,,,75.46080592382982,94.62060033242726,92.8527376257428,89.79337880717836,91.36364102562372,92.16744638551482,90.76278268053386,92.40009811558822,95.30671315867242,98.57331316562885,107.59732388798096,111.0992956324478,113.45090991039903,117.01373605737118,117.53326109644404,121.5486658311222,121.0247158643185,115.68680893949171,115.08716122111275,113.40112922612857,111.57080077783098,110.93979871391888,118.35509997518987,118.99537498744343,117.2320935814925,115.53041368883035,116.37189954246753,,,,,,,,,,,,,,,,122.72729764653457,126.71513455796664,128.9339447413056,128.73854006533725,128.8071211562804,125.81754823368794,124.37653677042388,122.74217757534169,125.46390707532449,125.29438348807592,125.2857943007015,130.52699120823064,,,,,,,,,,,,,,,,,,,,,,,,
2012-12-26 22:16:56+00:00,,145.84627617012038,102.89025595179379,97.85554840426396,111.72933737296906,121.35368042907784,137.0906700754578,128.83998655919515,122.71287046490013,129.9985043314646,127.83406050289732,120.62259462096979,106.54454247537808,102.48980219334253,101.6681935976192,106.68393086379504,109.49444023336548,120.13945863383675,123.94937573624742,120.30606244448967,123.6443964846617,124.45957631689174,124.82249651880832,125.3647034634236,121.01596336744095,122.24105700365106,118.54756934489629,115.27679655815398,108.31804393362027,103.3807002122804,105.5596920341696,100.95372967439161,99.3205880215393,93.88373218099795,95.78242616593391,,,,,,,,,,,,,,,,,,,,,,,,,,,,97.27173045563697,98.53592254156352,108.11286181843226,103.20259408950726,120.26656311784566,121.55299664856885,118.09983299511582,118.07882813341156,119.20271891325339,120.74799019677789,119.497059714704,118.47093212092088,120.42390231389581,122.09331275986928,126.11804299188663,120.59110848978203,124.86817222872308,113.98510559230118,107.50143075401702,105.60303472887338,105.63924732245346,106.3593340301036,105.65352094026989,112.09606427438817,111.22360474962954,113.0603960729145,114.06234729674857,106.98859008084335,106.92914864447302,103.23357187686148,100.95595767969441,105.05593285112832,103.28049090150667,103.97114065380083,109.11316063511782,115.8827448659944,119.382170974974,116.59726775663479,120.4356242838497,117.48981874941953,116.10735084255448,118.2986089751527,115.85096094041073,113.9973632370711,106.29275884944263,99.88713664158288,103.54511112543469,105.61556159282034,108.08166889586596,116.7630105478413,115.19060656398307,112.27272181732238,109.67022194174687,107.29124181175396,106.02294631115373,101.20827809587679,106.77574040964961,100.57585214722607,96.79397166591573,94.58551849741295,92.24316447703103,99.15372854045361,101.37910779951679,,,,,,,,,119.7066283514095,126.89141214508336,126.88113852925342,124.23103523332897,119.19322414823299,116.45356110105102,119.7665421875467,118.51215492448215,121.58121307495013,120.27141912434327,119.98215553266363,122.90232120420805,121.28784128840424,121.13463065316446,123.94660641918037,130.19637001923365,131.3109845170404,136.12484190381988,132.40024688647136,135.14774590305439,136.94925163221586,134.06480146033147,135.7411261194349,134.62529202040804,131.8977429936832,133.0572119482369,129.63067798878956,129.47042282628837,127.26110125834104,124.24916600434271,,,,,,,,137.1037099067251,137.42159522254488,139.37869098878838,134.5972420149534,135.9667900556992,133.7260539596643,130.17887959350054,132.33294428593058,130.58141676810322,128.340031824514,131.36958475343744,133.19857121629502,126.26270945539298,128.74098707260345,127.94524833720688,128.44456697849773,132.21094132998144,131.96337618713554,128.59953939646533,130.628588012193,133.78580252581673,130.5387073229449,130.52459931261822,,,
2013-04-01 22:16:50+00:00,,162.8068158786531,93.78936434998921,89.20796945728435,93.98585314856659,110.38018319386589,126.65909852604824,118.29647695660779,114.19887484254889,115.46371400187496,121.68956489175241,122.51211065346865,106.46528945335604,99.88684390537227,96.24282901640376,98.41433266386204,98.47777183907303,108.3152423019413,113.47527857867732,112.5260853917017,114.07135858878527,120.39909151716739,123.60707873232369,128.14593097748278,118.68772176702747,120.12716831070306,114.72359875573434,107.93122692575804,103.8116973416789,97.26129273105366,102.00582338143744,83.66922297781764,86.98979606154464,,80.9062942339404,,,,,,,,,,,,,,,,,,,,,,,,,,107.0199384955245,107.23650291659202,104.36021694411393,104.334077547181,110.98504704524636,116.2321226253942,120.70820029820173,121.87313850446078,114.61536337022885,112.58430459560664,111.30744095265523,112.52801876010442,112.03719291835034,118.03453795269544,118.48283587179802,117.33857099029252,119.94882456121476,119.44736402884784,118.85398380072344,115.25988021387664,108.81087305039384,107.63084686195111,103.44748159716572,104.50128814237723,106.96414052164369,108.09657809296671,107.19082285715166,108.80127561736641,110.71655256014085,103.51350520362419,104.59192530213438,101.59955440485085,94.09883217825171,99.02905852991945,100.26427223366,105.5997701468645,105.43662545066832,109.32333338083713,114.51105192239625,115.88390782728273,117.70485814915912,117.2236201934848,116.31217493635124,111.35135894989705,107.28819945998518,103.58975700873185,96.68826638918716,100.78127822785427,102.13727978330257,108.20361847164666,113.73724451131034,112.74104288592824,112.02247387187533,109.1655478600278,103.46735390544461,100.95955569240336,92.88917188254504,96.75423820256188,98.40481631677487,97.99360146480572,97.83344981295912,95.70429919654893,97.96707202212215,95.3566170000385,,,,,,,,,,123.96382168656122,126.71647508313177,121.5596028906087,118.47307328140589,121.27805680301172,118.71384970358864,118.98265678781021,120.46757864222945,119.99430568981153,121.43442554663513,122.79927360241872,124.3091464705642,126.32448633460625,122.7693567768409,124.45477065758348,127.37403847178373,124.7211845956823,130.7980001849618,135.00656765730793,138.12009629853392,134.7416722265011,137.3833459996065,135.0444107197891,135.0726996832093,132.9465282569231,131.73227555543818,133.50525183358093,131.160243123672,131.86687765347938,130.39207732999145,,,,,,,134.19293426533304,139.32063185386664,139.27024196892734,140.11377288946488,139.8003049466074,135.04422006776767,136.7393019415355,138.71712666487505,132.02411619590578,137.42078102669848,127.69542751225814,127.23471575171064,127.49429655346565,129.01370997869557,122.85302701010504,122.60370313611519,123.5290325980618,128.53771482025545,129.44006154350993,128.55970044239146,127.49537142986271,127.75000727293316,131.22791354434753,122.95197793104973,,,
2013-04-08 22:23:00+00:00,149.36439810438148,165.67135432360396,125.24952350768271,106.59603378344482,115.09719178697539,125.74540168594515,,,,,,,,,,,,,,,,,,,,,,,,,,,,,,,,,,,,,,,,,,,,,,,,,,,,,,,,,,,,,,,,,,,,,,,,,,,,,,,,,,,,,,,,,,,,,,,,,,,,,,,,,,,,,,,,,,,,,,,,,,,,,,,,,,,,,,,,,,,,,,,,,,,,155.53483284781484,156.12748988185737,158.39583917261592,149.32571119742002,144.64718465112972,152.72368109559648,143.22594926559154,152.0184928039129,146.03599286420035,147.95424091679902,145.0666060302524,144.07418236077234,146.6248571044988,144.019302189916,151.0868250145743,155.01702863235548,154.51849384342637,158.25305862616406,158.55209399586698,154.66561248082854,,,,,,,,,,,,,144.89482539296114,140.99185903457112,144.1129362757838,143.34467864231837,148.71997523071505,145.8699617313186,144.54175447500762,140.8715722056719,143.72214937201886,145.88407619525188,146.43105089394993
2013-05-11 22:23:06+00:00,132.18223200224284,,,,,,,,,,,,,,,,,,,,,,,,,,,,,,,,,,,,,,,,,,,,,,,,,,,,,,,,,,,,,,,,,,,,,,,,,,,,,,,,,,,,,,,,,,,,,,,,,,,,,,,,,,,,,,,,,,,,,,,,,,,,,,,,,,,,,,,,,,,,,,,,,,,,,,,,,,,,,,,,,,,,,,,,,,,,,,,,,,,,,,,,,,,,,138.4781076713994,132.90205886039385,139.3274619632256,127.0250560529252,131.930991134534,130.31506580515665,132.18704076453835
2013-06-27 22:22:32+00:00,,114.97681909057503,94.26002049530136,99.82835379467438,98.92625704603671,108.65559720257583,132.91606976764785,134.18049834976125,140.23132271441037,143.99405075451165,136.81582383815882,,,,,,,,,,,,,,,,,,,,,,,,,,,,,,,,,,,,,,,,,,,,,,,,,,,,,,,,,,,,,,,,,,,,,,,,,,,,,,,,,,,,,,,,,,,126.7198830650242,128.6896075124841,130.62039999885883,146.02904650506326,139.33697051771952,127.59899465288686,126.27184646852295,126.17590826790072,123.34864115750057,119.11999598708657,127.80282154541818,127.24630039259932,128.44190199138743,130.0325944934633,123.67243200912858,128.29607196370063,124.43987874081371,113.09749728364048,111.99856804219381,112.90330620655159,114.61472798239441,115.04604357358383,111.79227397397798,118.16535976138137,,,,,142.18774780536177,142.1859133914266,138.7765812182962,137.9613071823512,150.70816954007762,156.77251654864565,,,,,,,,,,,,,,,,,,130.3328591592307,135.2485516726034,123.06449420357606,122.50895310736726,100.74499701235271,121.19589226244639,,,,,108.55134699555627,115.31106938995524,114.93505214781948,125.62130558338654,118.27432843715022,115.91247868965718,119.16993878557513,124.97211446416458,122.6757909944058,124.30613851692348,119.86765217918654,,,,,,,,,,,,,,,,,,,,,,,
2013-07-05 22:28:57+00:00,140.03117859645573,125.13691335550884,116.90102273494355,116.45952960241218,119.43572233315487,128.07120046983798,139.77268433291874,144.45299176179046,146.95137182360764,145.1024289340046,141.03695724990726,141.0706110276241,130.96679254299713,123.83489167876536,121.82912425266967,116.53249128379666,127.62297148911185,134.50359654134755,131.3789968916758,131.06856424781955,137.55812121371835,141.4335873611038,141.9822270645622,141.79979342015923,141.70673816113677,136.66302721643964,130.89102285054085,126.9434272453979,122.90242818413002,120.33962921639514,112.57828055395473,115.36242500415312,120.16876988747066,113.14001771857491,116.58719250043156,115.14305169258056,122.76448645545398,120.04866359959625,123.89775908936345,122.69417465402665,123.88773073294091,127.16021761524212,130.93289531716093,138.72547082167313,142.22394866702874,139.64127302492105,144.51117200396183,141.36810133291743,147.08157177935487,144.98862426130148,145.74019035102492,145.59001433353825,143.32355992701514,145.9585579684558,143.54224834237874,143.6028044054098,139.27300563897984,135.33450719209887,,,,,,,,,,,,,,,,,,,,,,133.38723504649167,132.2385119315071,126.04562434907945,118.72816292936196,122.52633148457957,122.60480867178195,123.9860649754697,122.67696952238853,122.47598031215242,123.52478028763701,121.22601106938808,122.04217816898074,117.29444167042845,116.93999453399736,119.50364458838101,113.7450039939326,114.45821967660032,122.55813345913724,125.70940649118728,130.96041363473867,131.63991450118655,136.82728474040042,137.1209311486599,131.5738819014187,130.73529430076002,129.41097357167945,129.56345327639062,127.28650847371684,120.71959952639028,126.49580928997895,123.75828614200607,122.84908506373704,128.82201934887587,131.98157902669985,127.8166731959977,125.84090190464241,126.02748474926689,124.25497373747498,117.45400358375544,113.0342295084493,112.53478485419089,109.97967745721672,114.04027449749097,113.98593099189024,115.10863033078365,118.05231809676881,115.0961988451587,121.1159695951599,121.29166605830186,121.49797104606913,123.87571475984872,120.90733936199358,133.19945514583387,138.26259769433406,140.47461186669483,133.4085733376898,135.33155491125697,130.11300342750138,136.7835253551719,133.23187263497786,135.38304302658594,135.72371417442963,138.7121903128309,134.60710665023902,134.51800777463592,139.46383096107832,135.2722790090976,140.47887112750945,138.28049023120974,138.65331763220763,144.2181637715316,147.59637797791197,150.4243010084111,156.6207096938063,155.5370117064699,152.7563415994285,153.11143485816282,148.24716425826261,145.9381307461204,144.6625466817811,141.51347473876723,143.53037815419088,143.21318735735045,143.04933631258655,143.9908109820853,140.02366490257202,140.16000796201163,141.300226076692,143.96474096177639,142.2135361969187,147.11850374102696,144.68471587953616,147.85301688580216,147.12930133519566,148.44912486582413,150.7144491051438,150.17676456585625,146.27907704060863,146.54890666173497,144.60079148818693,142.2957436303533,140.72189962664316,138.66110494208036,139.17663410006577,140.98053346441463,140.32619011437117,142.53836508486955,141.57849193174533,144.90927710282034,145.25384515396783,143.95882151445974,144.28512471679107,140.91840498574908,146.05177387610712,140.03618306446015,141.87703213727144,139.95657852115983
2013-07-13 22:22:21+00:00,,,,,,,,,,,,,,,,,,,,,,,,,,,,,,,,,,,,,,,,,,,,,,,,,,,,,,,,61.7762860032885,98.54052041062785,,39.30624256896498,54.417828758520486,,,,,,73.29103464400144,,,122.61589085417691,87.17940187010474,112.4956629364642,,,,,,97.38300943154742,,,,,,,,,,,,,,,,,,,,,,,,,,,,,,,,,,,,99.7309832790968,,,86.61554101699488,,,49.88122836021633,,,,89.92622168560797,78.5843602149815,102.2388895550566,,103.15825833603486,99.17736576048159,,,,,,,,131.12233477537646,,,,,,,,,,,,,,,,,,,,,98.13277153876781,,,,,,,108.09545800594601,109.31590364396791,123.83726103302574,127.58410345153827,,,,116.54118287172574,134.85718013655648,138.21440156924623,127.15672590657333,,,128.7451453711693,,,,,,,,,,209.97542322410422,,,152.14885195538105,,,,,,
2013-08-22 22:29:00+00:00,132.18338513987248,,,,,,,,,,,,,,,,,,,,,,,,,,,,,,,,,111.00401869515055,108.82423694632395,113.66758416893718,110.46837714712902,115.17014403923281,114.99055821166478,116.28620195566319,122.84456518300941,122.91890523428486,125.20813792101539,125.88450648618885,130.1533386822436,133.13971501492992,129.9604929667548,140.31383298668658,136.69916650249482,139.80890808282905,,,,,,,,,,,,,,,,,129.0317491062434,133.0512990750077,128.3245324010553,128.7441221371171,128.39513417497787,125.03751202737841,130.21638970251183,136.63588073797237,133.46148819802704,134.40961664538335,127.40611282071775,125.1511957512944,123.76989439432401,119.91953325275638,119.76554280761613,119.82344073797528,117.20794564691676,113.80302565522044,114.9168347025855,116.73109617125871,117.83009715433788,119.33131429277529,119.0580601349259,121.82217702787261,120.91443377396459,,,,,,,,,,,,,,,,,,,,,,,,,,,,,110.07885307710791,113.54709474926524,111.26841774231045,109.87645234955299,105.9756845371063,109.58555208781853,112.96861251146524,114.85939236494744,119.84857695395613,120.5140026295471,123.32654941968485,123.8411475573568,127.09347115526515,130.65269799334467,132.34312852286914,132.57701872742177,132.44133246752625,132.5950551281323,132.13597348603008,133.96251594130152,131.15887533361732,129.52878700910722,127.84610407916927,127.10353034443368,126.55671987088148,128.947722949284,129.80637979075644,128.60189563367766,128.01846163967906,131.81233645465826,135.04977257939302,135.4393279929476,137.17815129966098,140.57685490037534,144.7418991351834,145.7602343611064,142.656187491799,142.85138210737304,139.70147253275758,136.77089096557376,137.50697442809837,136.88777689467193,136.13671085406415,138.14685134156065,135.36602953176717,136.57731186972572,133.60175630494084,141.78608849871011,142.53882418968337,149.24515277749757,137.46368885447782,144.61050148652632,147.94108295204344,152.17971755808222,145.26470414295966,144.00274386971375,141.55403065480482,144.26707118292492,140.25145227710854,142.17208506136643,131.66672007558785,135.0454124700878,130.2847593922768,132.08259225066118,130.45818377480677,132.65099207769896,132.08863797455078,132.7601872812717,133.18861757084542,134.92967385547212,139.263210964596,135.3546793344261,140.83449468495033,130.811092308308,139.8195831189129,128.1090032548728,132.09805688817804
2013-08-30 22:22:25+00:00,122.38680703134276,123.38113874822356,102.28906528991027,88.66875118217493,89.80006318450447,106.02580926002346,121.86991655143748,120.1301808382565,116.52542698700998,118.2662567262084,119.87692364195283,122.33065189397334,105.73640538243963,94.86415605147435,93.19299054646164,,,,,,,,,,,,,,,,,,,,,,,,,,,,,,,,,,,,,,,,,,,,,,,,,,,,,,,,,,,,,,,,,,,,,,,,,,,,,,,,,,87.15880058859962,92.22582745174269,97.19810998976268,104.6890731446805,111.24664000631033,113.02299141491493,109.16260742694476,104.53117164829955,101.66958214997156,99.82016698291385,99.73396275099368,99.47236754355666,95.6615819027549,100.7996807937487,103.36552285490329,95.80068965933799,96.11836886821145,92.46620295135034,101.10485906708034,96.25756359615336,97.37471784863219,92.59401025730087,94.8079816439969,93.01410873105415,90.32820910476484,89.99414818859161,90.78565693397391,94.38131867827065,94.90406327461461,91.28816317685003,91.2943632852603,96.20851446153148,102.89102479740106,104.46034029802868,108.5190148328731,,,,,,,,,,,,,,,,,,107.45323352762047,120.16156953247494,120.48225231952586,124.79118627202973,127.73793488295183,129.36740177199476,124.34918719104263,122.10629760162215,118.5416513643461,119.30511824926471,118.78068770462588,119.641633623734,116.2496131120491,112.29499021654266,116.69610182558293,117.64163579260624,114.92563574509806,114.50394754765446,113.5345284234705,117.15837854057546,117.03546416983724,,,,,,,,,,,,,112.36959584934529,114.04613536831938,116.47390713508364,114.4111025105771,120.60786446575578,117.37405756656275,122.31713004839793,122.68913425554935,116.65391736931936,122.63100908309353,115.5169578565764,123.89336753207604,113.94278870174881,121.41576332132612,122.21501210913183
2013-09-23 22:28:51+00:00,133.47854908364664,107.81610694864432,95.83924720149412,102.58802941145075,93.47487610271787,102.62357921749191,124.68833846285716,138.6689357404835,130.2990462647826,132.88336105338178,133.0733563354356,126.9950341032754,122.02203486635011,107.50586001197858,107.11035032127367,113.12079955269911,120.20726556910304,126.45901593986676,132.90286926269056,132.51629703074846,125.84197572733535,127.17824633518447,132.18798377586444,132.3043901990285,140.86827120254688,132.9392644784133,121.34251734931135,121.96856483954645,120.28327958982229,113.58997003976907,109.104383560132,106.77539631354952,107.30562977293118,108.98721746340888,111.34446388730439,112.51293226344177,109.68871080843996,110.66193868122322,113.7329065805931,111.93942347354366,118.31863285234267,119.89332547779972,123.08995640433763,127.83279358468369,130.1734405418148,124.56795738209145,124.39161094462006,129.59648893901772,133.83629101219114,149.2446993391143,135.72160663208004,136.39490964745463,131.08089797051093,134.25871588635,137.21556899988454,133.460230384305,133.3179921260943,133.15758198201394,128.48074481878518,120.33824697698446,119.06663788454871,119.30111376226586,118.21270788557135,124.71284782879762,125.55618141124668,124.18740080500437,129.82468022044844,130.29052706736368,130.0552222880054,131.16195334203096,127.14747205444812,125.43517229985382,129.2691493985707,129.93228982044624,130.20752084321435,127.55003112534358,123.02943034954086,122.86485599313103,125.33716414532371,123.53986553945191,122.48602690439978,121.29497671108011,111.02055737636006,110.72170899608993,113.7417200336274,115.3552075656878,116.24168345286041,114.42084314228221,111.38830685792418,112.88723400797032,111.81451646216416,108.86440180673927,108.31995234884907,106.30165987771412,106.87594382920155,113.65366076789114,113.41111684056048,114.94660128666322,118.10808420670132,122.99993905824002,122.56038646768835,121.08615968838103,123.4988528251089,121.14775138195371,119.1474424880944,117.8515829690252,112.74957736571596,112.43778604692925,109.3582644655654,112.34229062289657,112.97646515337912,113.08991188511649,117.10186370090366,120.13872108722353,118.00326360471414,115.0198977844913,113.04367600146529,112.95011374458511,106.19060107918008,106.42613759033222,107.11474394431583,108.61320313293716,108.3768959618384,107.54767409450277,111.64782621696762,111.38846416762452,108.91178561130758,111.36008658207102,120.12984045785583,121.14911578172922,122.75700638426125,127.37255717660986,128.28415808821956,129.70375443441634,134.40955312490144,134.05473488576035,133.5151689465979,132.6521947729147,132.04392398082234,131.26622985184875,130.09074259403502,127.49074889119024,126.45499309600471,129.31777163335073,130.8576395251033,129.5159025380338,129.057999754887,130.06332058507624,132.10226024647451,134.21398364110158,135.28257629342465,136.7762805429804,141.34970548859886,145.08049118201504,145.96373670096517,144.566911688901,139.31444712786825,139.1713358082043,135.90612404371333,136.92238937808798,137.0127332995752,135.25053024905287,136.6596399778273,131.88388554653395,136.29948898723998,138.31035240393066,137.67021309579707,135.99737553286602,143.0518334685463,136.95395798084837,140.55095273348692,143.618531796147,144.9419155791004,147.04086005186417,145.46974659211278,142.0330800007351,143.59747397903723,138.47556814408742,134.1001120618009,126.98369059236379,130.820986516711,129.403880956686,129.56756611213075,132.42076885843863,132.852296123483,132.427651108344,129.5459176167377,130.350158375302,129.1286607902891,139.29074829287995,133.8124207659251,138.48285015702393,132.45673372924333,136.66503894599512,130.91997622060313,133.60795886602665
2013-11-03 22:22:32+00:00,128.46718900091008,,,,,,,,,,,,,,,,,,,,,,,,,,114.18455202370258,109.66019647898993,114.11925978196206,114.17788654748762,112.72131379999517,116.0835570212329,114.8926687813535,114.09633805563996,116.38286671154782,118.24235054019042,114.14111575678241,113.57598795614716,114.14227455321523,117.98727466223283,116.46668112758275,119.70335819661452,121.47476776262121,129.1652176226754,127.8241243535245,133.28462582980748,134.5511611848249,137.5386827224018,138.77653656365533,136.64999660804233,133.1870996595702,136.27903183120148,129.38671406686257,131.7574008915119,129.12639432389403,128.7752214417498,125.09951486409051,123.7490681654748,123.04422285339658,109.35457756276712,113.66972112629509,119.09212512838567,124.1062792568592,117.7178749804483,121.25026340110847,123.28846881916908,124.89215826775653,123.97343462100795,125.21404088876443,119.79863835819036,117.8137905515286,122.15123720378263,122.77875148752383,123.44548519488897,117.85689999434351,114.33232044832154,119.53964806314654,120.53104761502937,121.30395505156945,117.59443328936617,117.23497820344717,106.66506310252389,109.0726572163864,110.07615459110184,114.738023311397,113.77953255433148,114.97959191571888,115.85948654136614,116.48241207085567,116.81246788667264,110.2505317204424,108.47022763308593,102.56065724084013,101.09118461019024,104.51697115142106,103.68346481932464,104.44525570461576,109.17040519902604,115.13847036870983,119.60927582653436,122.45253421082103,122.61001144326207,121.51235847621741,118.58038463684169,116.97885191701221,113.97950624960319,112.39832542231854,110.1321625863972,109.61103012506948,113.1755080149722,118.91580380065261,114.16636137278465,115.35014619025792,113.99462652360188,108.44676408558854,111.0334573095842,105.88760868467762,105.99852291788163,107.03897127140924,103.49585838427586,102.1853449845308,103.77945658476537,109.11412662211868,105.34182272279072,108.86083388944216,107.8988436042108,109.7638175336689,109.2801532570306,111.55053969812988,117.0763809688184,119.94395770896475,120.4688645756321,132.38265934242384,131.545479099179,134.1613052158288,131.0986895572422,129.46552959667832,126.59767985956407,125.7607676210167,126.69239708639874,134.37064120362206,126.29012300770243,127.33415467741126,126.69929717535426,124.92800292787437,127.79876608611971,125.38139730019975,126.1155121334442,128.09378478159735,130.19375968515297,129.79165466944264,131.87704902130804,142.11424126389576,140.11898104632684,142.17228533661645,138.28148307324543,138.74378223034307,134.01507692781428,131.57721407020432,131.78111823904484,134.23111812904503,136.01908537104907,131.5086226884157,130.0271004033185,131.99527482453962,128.62773388110094,130.53201751688252,135.65800258312112,135.31266415670476,136.6863442443112,137.88886615422828,141.95834690429743,144.6416828643351,147.50277235582803,140.869506219883,142.50056105169827,138.30879098863895,133.75728923016322,135.15071083549907,130.82596923119527,129.9829160709435,130.7904948265833,126.78373000532223,128.09922359476653,132.8788745474896,133.64938463319285,128.38138360181765,131.7088475876267,133.2476064310885,132.59154598176468,125.67817891903917,133.33326634059515,124.74435077116709,128.3143298223648,128.3157800670635,129.6178157908052
2013-11-18 22:23:08+00:00,,,104.83193302822392,89.29911614018391,88.71440517603479,94.14187637209159,107.92304473481734,112.14176258057526,,,,,,,,,,,,,,,,,,,,,105.58176923181979,102.44045893029654,100.57964475832239,96.02634147037476,94.30020948565641,100.13657105910004,100.82522061872662,105.9365978344201,99.49644326566462,104.87113805879295,106.25816336945014,105.10728037316497,108.81108416700533,108.13501866717677,110.9605798662079,111.07423800998083,116.39571930249842,115.36901968824796,116.40706436621284,123.46819433857596,124.48419870214265,128.90234825929832,126.8487220205196,128.72690555412422,122.74218660174213,123.56870477098286,123.05743604101866,120.11712814175802,117.60233919356834,116.23490247940244,111.91775829548456,100.21941670002461,106.77088421518425,103.41553826432238,109.67506303679772,110.733612458687,112.71230280841397,115.70146092875162,115.94800337645624,114.17326349405755,112.01323802367645,110.09643862004904,108.3945713874455,109.45379106240134,108.75509370707361,117.66554571266664,118.3336495112937,117.18777433382137,115.86779481607248,114.6326439388006,115.1398488764941,109.41412497035901,105.62594875059655,98.22932625297372,99.30599071144128,102.49287310604667,106.2162389470942,103.10005343101734,101.5584114629708,101.66448834493828,100.76227283086885,100.89837488827544,97.5680705258795,,,,,,,,,,,,,,,,,,,,,,,,,,,,,,,,,,,,,,,,,,,,,,,,,,,117.21519282654562,,,,,,,,,,,,,,,,,,,,,,,,,,,,122.71344954478494,130.53154616770348,132.56094119870917,131.71079793295945,131.8915065623625,129.68791595047554,124.70163858177564,127.82362896072226,123.88983871136581,124.19941344101773,112.89879899414609,120.55574955882065,118.92769517835957,122.92158126126515,118.79403111458055,120.58966474247333,119.57262944243423,120.05160613919688,121.4869225658196,120.32010598311025,,,,,,,
2013-12-04 22:23:18+00:00,,110.6253202428557,83.14689445235835,81.34379205711416,85.22117310436842,94.40482851975811,115.26938068578879,110.67850604041783,110.913637551617,113.00271678343223,116.68352821145359,94.75805451291171,88.13868783362658,83.86511215789314,85.44967647770096,89.74714861835756,98.35885768665747,105.7084924579124,114.35119850627882,118.39789331262119,109.54147613787447,107.16818753909857,114.2271810200985,114.31619589829288,113.34617043134268,107.89406985004264,104.02092808483964,102.38293206203352,99.14125556952226,96.23258646327623,93.83107971625924,92.48560345879274,,,,,,,,,,,,,,,,,,,,,,,,,,,,,,,,,,,,,,,,,,,,,,,,,,,,,,,,,,,,,,,,,,,,,,,,,,94.25848215729287,93.08834010353289,84.07174409249943,86.20657126859872,92.85049150620867,101.43843394607552,96.52327717283912,103.0677988096923,97.44954318181397,98.25276954502758,92.97295581649806,90.91328326035345,86.4344435038842,80.7717833570064,,,,,,,,,,,,,,,,,,,,,,,,,,,,,,,118.6322914152579,119.49309014778176,,,,,,,,,,,,,,,,,,,,,,,,123.68886230781625,124.49837288752278,124.2201998311013,124.11158617791054,121.68774238339816,109.39524806476453,119.29960037705703,115.67796158640101,116.54831319217784,107.48734701646978,111.89098655961473,113.02208382946105,112.87431542000462,118.92964303496314,115.71214025755458,122.47765995172027,119.30118938878515,131.6381751022409,114.42760036746408,,,
2013-12-13 22:17:31+00:00,,,,,,,,,,,,,,,,,,,,,,,,,,,,,,,,,,,,,,,,,,,,,,,,,,,,,,,,,,,,,,,,,,,,,,,,,,,,,,,,,,,,,,,,,,,,,,,,,,,,,,,,,,,,,,,,,,,,,,,,,,,,,,,,,,,,,,,,,,,,,,,,,,,,,,,,,,,,,,,,,,,,,,,,,,,,,,,,,,,,,,,,,,,,,,,,,,,,
2013-12-28 22:28:23+00:00,,153.85362973208564,115.84610407902308,119.27035106813857,124.22440404288372,140.90726005239395,145.98694505131564,142.61718143128064,144.31574503522404,153.87439299947616,149.20088378406822,141.84029668653972,,,,,,,,,,,,,,,,,,,,,,,,,131.1804365381836,128.3914024155957,134.31650012083725,134.58031359908242,123.07274312258932,126.296113813506,137.12561129191945,139.33709874719491,141.7635370277199,142.41461527531803,149.8264154914293,147.37111758454284,147.73197223330905,147.6398755528725,144.25279474673505,142.21266156659658,144.40058458664254,149.68400644379784,145.91243313561878,141.54411704081616,143.75620980412182,141.96257084269809,136.48348710247595,140.50958136929538,130.8873301453553,127.54400656277932,130.35110582151955,134.52439974191952,134.65317818030752,139.39177868892742,140.60138086414935,137.9086371104839,143.33457683178207,134.37272187842268,135.9489817814062,138.86312331635642,130.43894733494687,128.35465602882104,131.08489790725758,131.27460211022716,140.07758028270493,,,,,,,,,,,,,,,,,,121.74348415630888,123.9872279129422,126.56034839161516,128.52774840259963,134.55035882341292,131.9322202795109,134.42584368738954,134.31355156748592,132.82002149621653,132.02825500852626,133.0194554148344,129.86214629460997,123.24416400337785,121.28368629453284,128.30558162726226,127.40569022513237,129.16784044740834,126.40719978038788,125.21918041108093,123.49045555214502,123.5394469818808,121.95628149916136,118.2279928371272,115.86537997612716,110.29372052291758,111.57905305414249,111.9125138854969,107.21960765743823,108.9053179133641,,,,,,,,,,,,,,,,,,,138.63966079118492,137.84572903002544,140.37947769580242,139.18142170301005,142.41257362744548,141.92225678691696,142.8553433549878,141.65977351270809,144.43292074567074,154.7577201196299,152.76471078084256,159.70961793442493,157.8903508099613,154.6756561590251,153.02566374062496,153.091326573952,148.2905704662912,150.94291718401777,145.1214437629098,140.86069020064534,141.40214861710746,143.19654274984143,145.19860283062886,140.3822783036948,145.06898904875817,142.7092946524969,148.9143720638264,143.31863272917008,152.30081511467264,145.26987225781198,151.91937340398482,148.5116562820036,154.01988413400034,149.6520066848942,152.08279012172812,147.14472418904822,148.10637666640093,145.05449626860047,145.12911677315427,138.55821330976988,139.96398100857618,138.41644252235346,137.46473327954743,140.10844598572584,,,,,,,,,,,
2014-01-30 22:17:38+00:00,,,80.83970131070674,91.38027575442389,101.83750884410676,113.06264125104634,131.9350072980171,127.56148502506964,131.39708033242667,131.58137918830724,127.90176318925849,102.78314865950317,99.44161376710764,101.2372314927076,103.29235951510987,107.95127404379647,111.65668442410353,125.07597031322278,130.8618059692862,128.798779398711,123.07504624628494,126.18910798383577,130.47457605512773,129.66855666091254,127.53742461428865,122.50286970001142,115.95754168788247,115.91591050903176,109.2245367770518,108.28956644326333,103.8173301475086,99.05296558474251,105.07641750328999,103.92867907030706,110.88241209561716,113.64191046578644,104.06782637510348,106.63676315850499,104.66265433504694,110.88800892591287,109.29515053136834,114.49031090430245,118.27800408663143,119.00108351380625,121.76852735066592,123.57629270922075,119.49725483126481,125.35348955052795,125.64472645643409,127.82628544507122,128.08158404631325,131.7942054878699,126.01558024298535,126.43316106224381,131.2491647807448,126.48881380237671,127.54471852862545,124.5374000659256,121.26584695372529,114.06220767175648,110.13513332910387,114.31357454043842,116.82044641459977,118.31777692422618,122.20467757851364,120.05708167373463,123.29446553032393,125.73604258829053,122.64332880807257,119.90406886058872,117.47275230248555,117.5770200931163,118.04242084310418,,,,,,,,,,,,,,,,,,,,,,,,,,,,,,,,,,,101.43393838786487,103.85287594916204,101.79792833546352,99.15112480659009,,,,,,,,,,88.06495942145007,,,,,,,,,,,,,,,,,,,,,,,,,117.73539056538756,117.41848873053658,116.82696137887999,121.71095455254022,126.42938935246207,126.19520710765804,126.15489262680401,135.28215638910666,135.6331004108551,134.21815184591054,,,,,,,112.6282655831338,124.02214384349048,118.6122415331701,119.2113341408587,119.82852257065086,126.20733307642577,130.1699511307574,129.52467906074733,128.24142298259378,138.2442884585059,139.388388321122,139.4835635840538,141.98669865772595,134.91950055480825,136.37243389019613,136.92046123465911,132.3283382861399,131.9862474414112,120.50647768791545,127.11408348684705,124.5585972614995,127.76965449355778,127.83932899790335,127.2206625279436,126.76854033156076,,,,,,131.41156676850866,,,,
2014-02-06 22:23:51+00:00,,,,,,,,,,,,,,,,,,,,,,,,,,,,,139.92217651130264,136.05370840362608,132.21215295912052,130.36237482869072,132.6810861405272,134.7963476475678,135.3407188933678,131.7153737840401,131.29943066898934,130.82637036797385,129.4340635309273,130.18767382348258,130.59047298946757,140.94971525396025,137.23115531908837,145.93061585489605,146.6141441012009,144.40381355732205,153.976184775114,151.0254548385328,154.8636239793292,150.70202647977507,158.37264935298603,150.94851581145497,155.93799667625632,152.979211402014,151.6952670249358,150.2411337470955,142.42873640057132,145.20537743732103,137.2076022628972,140.81512065458242,130.27800151537278,129.17519525265988,128.81346244377445,138.5133377442239,136.49046542422528,139.74133541465378,145.62327552079418,145.8177777632748,141.3490422620272,143.42340213016513,136.21664977928813,143.27365565289315,146.58003931207114,138.37153672230642,141.95450273214453,136.929767844337,142.19457895012923,140.91086879945794,139.69104712594924,137.25629949058936,,,,,,,,,,,,,,,,,,,,,,,,,,,,,,,,,,,,,,111.8633177643092,121.48720369472233,116.09986946189991,122.04028936027117,122.27986031000393,122.90680138999568,126.49393624547713,126.56865189323021,126.2309197655043,128.1517108215419,129.12035314107158,129.31760137062824,134.01078298655375,139.28707962657992,142.14134635932925,139.4199381906321,144.5197914237149,143.2000453287152,149.172246945782,146.39301024124202,144.78989083371405,142.37554404036496,147.98165797829557,151.38495451457834,150.08123106368097,144.98631552752911,145.84552711812444,,,,,,,,,,,,,,,,156.25047367181205,155.0894005207626,155.2653832097306,157.93372130433002,153.11031645359878,157.32685220926288,154.29380957313688,161.42254217526383,154.49495550537034,154.07983716049688,156.01515257163524,153.0324444171811,159.33229383813645,167.64678466987198,162.1633295638141,160.05238030661775,159.70702226752508,159.06534251547973,158.48990985392442,,,,,,,,,,,,,,,,,,
2014-02-15 22:17:32+00:00,,,83.61864354699797,89.98662955081085,110.50610648765608,121.98267400071708,141.27722975880417,136.15240050913033,134.36344020059397,137.3884783093333,135.44472355642887,121.60739824401014,108.34716411452902,106.97012279373348,111.12307163048459,113.19335311639728,121.41856244360812,131.73515955716923,135.7204697968287,137.40935284179147,131.33797786054853,132.268189395592,134.9816508064579,136.033792638019,131.30655144779408,124.04934996698164,120.096897896824,120.20363879217595,119.54965518357395,112.65724448782365,109.86823713186214,107.27321708726716,102.61236155201593,104.47217121404847,109.85690737328491,115.37659394446014,116.14353199201679,113.84454164506096,109.86629718285748,113.91396241141328,118.77529388541635,123.03999942873213,124.72588950885816,124.91004331939013,127.69564959449501,128.34983802736338,129.43379611167992,135.15198634256097,134.64182532749672,137.3783707330175,134.70251066331838,139.4703411756813,132.51991949038532,132.92543655005463,135.43768627337442,131.62342746615226,129.50346065338292,130.18659495218662,126.56388807021844,118.6174925909129,118.58456534496071,119.3201566440809,119.31739943805027,122.63678438413352,124.80087892228198,129.5069386211727,125.88079799961056,127.41616638026473,129.7920446486108,128.71362947066285,128.0312796798952,124.55859547906172,126.6456649100585,129.5388643347421,128.47138970749074,129.54123311007936,122.20942655855218,,,,,,,,,,,,,,,,,,107.40992243545682,109.3303859566218,113.36010596610464,116.70931511264203,116.4717043887408,116.5076791863682,117.3147729566028,114.76617647151917,114.1250781804527,114.84354024836529,114.69162529142065,,,,,,,,,,,,,,,,,,,,,,,,,,,,,,,,,,,,,,,,,,,,,,,,,,,,,,,,,,,,,,,,,,,,,,,,,,,,,,,,,,,,,,,,,,,
2014-03-11 22:21:43+00:00,,128.59676744525012,98.6997300651832,98.82962496585085,115.09198840865729,133.96659710034552,,,,,,,,,,,,,,,,145.08259822566706,146.32779863247004,144.61112870735897,139.3932549547064,139.78086102428105,138.49376534257755,133.47799053079456,124.1725102838399,119.94854917879258,111.59593090741137,118.606172739653,119.5995905182754,122.59943594099984,119.25461944673133,120.42554671820568,119.74082852900834,117.53039091770458,121.45942700301904,128.64003094771542,127.16311398519701,131.50530955568044,131.79154146098668,135.38992649876002,134.4419676164254,136.8540150835047,135.1888154676448,139.15506760871173,137.88833661434572,136.59247953663152,141.1578107144977,139.1042148077462,139.16364828400302,137.64233704260084,135.63463029815438,140.5559181482902,136.6874542628479,133.01223173754119,125.25212816674966,124.87055603276919,123.33113876605641,124.3537379938578,119.93850764945945,121.71638851243377,125.00068006803772,131.07824888116195,132.20743919278172,132.71764063641052,129.31062012578934,129.5181944406615,130.6470359583461,132.07968775425974,126.59341432075392,125.04829847877724,121.15456433127532,122.62126076605142,,,,,,,,,,,,,,,,,,,,,,,,,,,,,,,,,,,122.58008833149695,122.72919768436233,125.03258071554968,126.31156412874714,122.55175919976757,120.19624709015673,114.38526226112423,112.71878400923269,111.59781448182031,111.06402280447152,109.97727730169883,107.62099103402365,111.53511615369688,115.14845838471622,115.57390956640562,112.61946260150644,117.20814276749844,116.3145765915138,118.20382734691285,121.06312566986696,122.35282543874479,126.61167356658711,133.6149882481973,139.39849942513277,134.7522844987953,135.7518266929345,135.97177136954778,135.01244700283144,138.99018420897985,135.8761121884355,137.63025021538203,136.84590656680916,134.29878056446714,140.30322614169106,139.40067267395992,139.0922635564596,138.08443363956084,136.5131515842897,143.9792305934929,142.65407116099306,147.32258578658585,147.40897745759563,154.46922591662064,153.4051286496928,153.94669606776358,148.30098515092467,147.0847002270962,142.782416168055,145.32423142285597,142.5326110558991,143.73684937292478,140.1239867198723,141.46192131877703,140.36147950626224,138.54812016973344,139.51619591893362,143.07665443934917,143.29055379318788,143.00162147486117,149.29666111130456,145.81916003495846,146.4680649257783,151.36477796174114,150.44425264156317,149.17304316644305,150.83417168803393,149.880116879454,147.6390787152,146.72254683153895,144.94336389585408,140.99641491265623,144.70566897862278,140.2101835631584,142.238297733046,142.89185963628586,141.7758648256779,143.86020868519017,143.90312121908838,142.2538439365008,140.11950922189416,144.71102393266764,137.48263803233297,,,,
2014-04-12 22:20:49+00:00,127.31271226703889,,84.62005089673073,87.68445001430622,96.9233872438804,126.16126534242166,136.5765378965845,133.84004663060884,131.01746589778242,132.9321031454635,131.49581747215043,131.96171488338538,115.63004635649551,107.50258212288799,111.06038564975297,116.37499433016036,121.35038554800586,127.5569971383453,130.60624547402762,132.56685041269566,134.02987481507785,134.56867315724756,137.04873997098878,134.08262640443658,137.94926658467145,137.329287896245,130.1699285243106,118.65697923685836,119.10860235193715,110.84907043870592,111.07241128779387,108.46114945196953,111.28166605832628,114.4055366643219,115.34968895726747,115.89702996575426,115.20655921825998,111.34592679818431,115.97565877054782,118.47580787672011,121.86077416207634,121.69695285376602,123.85428789882502,125.52227440289671,124.86752359537616,127.9149730456147,127.5093201804058,131.31189409358365,136.67434323046277,132.08231177799763,140.07947326402297,136.63068021372297,134.51673640993312,126.88807209786422,128.88571603691213,126.4795983299987,125.00771127895464,121.08273025930922,121.37338698949355,120.07812519326161,116.81434290862458,111.73857574013978,114.91696083131522,117.6996448743708,122.15717595006889,122.67571286837833,127.2611794771356,125.03534023936191,125.56108286292276,125.30932559738515,123.08586010141585,121.76754119118722,121.03674135188699,116.47517588616066,119.60598629967672,123.09893070518184,124.23165992132797,125.05741013842844,127.3193892544338,124.11389351634205,120.71584269391023,115.09534238364532,117.02787591858694,116.32340572146393,115.99392199731167,116.89348099251347,114.46492145521343,116.45856981635129,115.21404125521677,114.25763247049093,111.06205967973698,106.4879251791641,107.56873303071995,106.16206654647718,105.26731759195377,105.52868395275765,108.9380257638336,116.40682026108057,117.07522148688334,120.57827420932765,117.83797812050443,123.87193334442011,117.92326598934828,120.21592716387337,116.94048917820314,114.50145558831025,108.39535960873496,109.53220429594008,112.53270803768747,118.82001486358314,115.59896777246156,118.77588914909485,118.74662970033464,116.21566382141795,116.01526145849313,105.94514455620272,104.70128878350395,98.89714145677276,99.40781188467935,98.78267196368549,104.29692331952681,101.16576215886874,96.31341200253163,103.18397854362637,108.95672504439332,106.68171244804103,113.35771838775163,112.68571722268247,113.2993667253284,113.75714357876814,119.62862516349337,122.51918403055858,120.26256608448243,125.10966167145206,128.06354205662103,126.03205467414962,123.47945350180046,123.0006964715217,124.07558454405502,124.3360081215917,123.87554160743568,124.19446298357585,126.20278576263486,127.34104505750126,127.63489119526979,125.93870853068663,128.93721289490026,127.65392217558991,126.29874474287263,134.37424382234946,143.6003654484411,142.0792052354034,142.65845290724258,140.47517808154964,137.51773811823486,138.94857410351287,137.32786235089415,136.7444210148938,141.386304247918,133.01807965062642,130.77190705991,134.06223215150033,125.8156356687817,133.51163368034824,135.57962642706605,133.45224855792705,131.0984608681496,133.07449700414344,130.69573490389217,140.69877624905035,139.46387104532764,140.0816524330376,144.7153958085548,139.5015818122704,139.60728401530474,143.3059323285769,138.28020820970886,137.7718571397236,135.5565239865468,134.67155388940205,131.47536008089872,131.45028238140347,130.90481546821502,132.1941999071584,130.64129314112157,130.23230448704493,129.03009078685542,132.32284352664357,133.55827884722987,133.62864353952776,136.01590160790207,132.50509044670696,136.12313189724685,131.78204035323992,132.69436285213646,127.84082234971689
2014-05-05 22:26:35+00:00,131.42240317115827,115.57782324679758,80.44118881924555,79.00385337587593,93.60527857244487,109.17185512045346,126.9665273260443,128.30876824186487,123.60500197676436,126.68733359551955,130.1268687720704,121.01300324334557,107.30172176259715,108.42275415672736,106.72105796504124,111.97861452950164,113.98194047395876,123.4390006305662,130.8274501925231,133.47895367889504,133.3888843418813,133.9867149859262,134.4501344725068,131.76489833275224,130.95820221325232,134.12972430983646,125.88958733166876,121.917543459012,119.1755017661212,112.74982608774724,112.02423774926007,109.52918359074964,111.59279435879554,109.23707008887125,113.54163371074536,117.95683272544571,116.22455436144008,115.85785072615509,117.634955869993,120.12468390984185,120.07018181928183,121.72257378380762,123.43215432978835,127.70808034266172,130.90284574768805,131.30639217056998,131.47942764890936,134.48909285197468,134.8361035913671,136.43957173206425,135.1424942020665,138.50783566470474,134.0859614697728,134.89669654502526,134.66958963394785,131.4876279430818,128.62746145077833,126.91382359930077,126.38627165391524,119.6005794502979,117.59378046468541,115.84430337566391,119.4780057477429,123.05700885330468,125.16023130920577,128.69714914753135,129.06418277815254,125.87229536302853,129.90264431962305,126.97179857137482,126.36387628506614,124.75241149006578,122.57247637610904,125.88564629887775,124.78222751498743,126.08749357704784,125.5560731025098,126.68383008500123,122.94625668529687,122.2433288208895,120.8779674799474,114.34406206485215,115.64372369103249,116.04992911956101,115.6129644882299,111.99021073261484,113.65216058169233,115.8251410343788,118.67264140047264,115.5185382494644,110.52555646601266,107.83238807262092,106.27148865094735,107.376970710881,108.9010810348132,108.54178352179886,114.94126272716846,113.25907737773136,116.554269424137,118.60538056388181,119.47390117074956,118.39355868973948,118.06210372868976,114.49899643972779,115.56858192542273,113.4209636852884,110.64399964503338,108.9470155324496,107.3124884577256,112.09354822852588,110.94564267973021,110.8085548448846,108.5460888436777,108.53098809474345,108.7048508587731,109.78781557490235,106.00813424600956,101.70113397791823,97.02187419522883,99.53666704793103,100.46545965486428,98.17036273339943,103.08103092280976,103.08507922865371,105.71773092395566,104.20501444229126,107.57475614069149,109.18875194487563,111.54939845157988,116.73792251063529,117.35340518058912,123.77780438562664,126.88192782668278,127.70284508244008,126.92854837491873,126.02318196546355,127.34438279195695,124.79873228148122,125.99611475697675,126.98683037302133,126.60950050194546,128.23443162646228,126.20923434416231,126.79828046810302,127.77334602888612,126.9117098115698,126.88197186004706,129.00139500321976,128.51095894020358,132.33510235057005,136.6871295162352,139.04064584608705,142.97547440666983,143.24612163567608,143.26707737698067,136.51817863052338,138.63208753089125,135.44034162099808,136.51798815064018,133.769367932873,133.7727585207423,135.54961047521752,134.72630882337933,134.61189467628733,134.14039885274798,136.3009439314286,135.9475262143898,137.71572565662842,137.58660865553887,139.0526650283066,138.68565331130858,143.64545506974832,139.90589735334078,142.47910291313778,139.66820432403352,138.38264041788602,142.19529234525658,142.13530767180583,135.77815070885285,136.9682859583912,134.85405830916716,132.34622231038125,133.80468299503502,133.32718348288878,132.75578630742538,133.32244913680094,133.64243229661423,133.71798950375594,134.41747232595938,137.03185313499878,135.04262817239362,135.3929166032484,132.7822171643127,129.9210755825925,131.8724759870356,131.71573083387273
2014-05-21 22:26:28+00:00,134.45092229748676,119.8862308041479,82.70233604530588,78.585380983418,99.46468985493644,117.5207633601492,141.33183134490486,130.98404041598866,129.5040788147463,129.48668962992156,133.58746924503595,127.0472759725514,114.14506130519783,110.18416715338911,109.79622314049426,114.1021618350854,122.16088720493616,130.57476673302546,128.91463164866948,126.99483591732827,133.83481770155078,137.61470846786847,137.57954045803598,138.36583225169903,137.42090306374536,138.77924350022,129.3209019365912,121.10457294579655,119.3813946973769,115.89465711549623,107.9794791728961,109.06006120622382,113.02341609798536,114.15303172757234,116.7798288282588,122.15157361135753,122.02252479380859,119.42033311105966,117.9271632547243,125.29090905733813,122.66518388446539,124.4419251803301,129.5528276239202,131.66297128616299,133.4887153764167,133.97107889387863,138.07107087256588,132.71159654193107,136.31966487641003,135.76519724979048,135.8121072915661,136.47055262162846,136.04668529393902,137.58018514959412,137.57815596559652,134.1023758670339,137.1690921364249,132.99023807897413,131.13162388411024,124.66741781913512,122.05969812676646,115.62368957199195,118.47934174445251,123.60675627524245,,,,,,,,,,,,,,,130.81174898629905,128.73559565909346,129.45885697646116,120.57432896533282,120.05987538179166,121.5380165703739,117.09070582700303,117.06478542945317,120.01133124284607,119.90329130714792,122.90670678857516,117.1438478887715,115.5167261439248,113.393526122561,111.74720891367883,112.29025116144189,114.05678960797988,111.8514222133133,115.46026758349672,124.32710824483934,128.0421699210847,129.35816424673828,127.75742166009732,128.3744218689743,125.63827991219604,123.19372964039611,122.2630773629775,119.69485980503514,116.74999180472489,115.40323321797588,118.48260802651848,121.24330209684685,122.99907467281395,121.95701629120055,119.64953554124948,123.48875855850773,122.38067895946406,115.58029149368707,112.2894414119103,107.33664675765438,105.22711837562368,106.460115239576,105.73374439787626,106.05512608290937,112.80416521809472,113.91549998687712,113.69561530065364,115.19786467514264,114.96489735020776,117.20105068950951,114.46004027290746,117.47077312450566,120.88024637480551,127.20384709382448,129.32050860247062,131.48809853834535,133.85584333133883,128.63339771162623,130.70202705199068,131.90309567000662,131.25339670676146,134.41263138924072,133.74794755713043,132.06826854155338,130.47045650736695,130.2193105415099,131.3728319443424,,,,,,,,,,,,,,,137.1905651975719,133.5565676636778,136.08392153222468,139.33152482444527,139.44508397114683,136.08666058929242,136.35232535284635,136.76636672997267,138.99630397909561,140.51212775934502,141.70032605716807,139.78586658895986,141.54657327526263,146.64575665180007,147.56872084308847,146.59526821798474,146.4809661840822,142.1304213910907,141.1249514985957,142.70607217021026,143.14960574441608,141.24790891385564,138.4198869926277,139.5707660528165,138.87566540666134,141.56654427599958,143.28049553442094,143.24840575875416,145.05961864268667,139.74447591519703,139.7988100676066,145.56067852747395,139.7279743324802,142.55453855588695,140.8697711238276,139.8361753546628,137.98486818636886
2014-06-07 22:18:11+00:00,129.33985395553694,117.57078571275555,95.30071820162813,74.80069866944389,78.01723437450985,,151.8216131557191,146.10214419850934,147.26103529098873,155.19558263185257,143.29951402718117,137.03742080599383,134.1500014135729,114.36561245267697,125.05649984095143,129.41119748608125,130.71829746899232,144.78781482896875,138.96501033497833,138.8936879104517,147.04743582575705,152.41178049422302,148.5247774564847,144.48206329223993,149.01293110843937,145.83867284602368,145.82382165887353,134.56356871219913,124.53603772648505,123.98597358695692,116.66212599872007,116.95374494717792,118.05419027271056,124.25813776388384,121.04362159138047,121.50034835740969,128.41500555688017,121.50868355813712,126.50240177215557,131.12674862664787,125.96329819672741,131.51988895022043,131.51759325392317,137.38133752797293,136.94769234768074,141.12624588716469,142.86480100716327,,,,,,,,,,,,,,,,,,,,,,,,,,,,,,,,,134.21417238783545,126.15840649773466,121.73251796957241,122.26606459813073,122.70489240333659,118.04497312205166,123.20928750989296,115.39133219634441,128.9647631633353,132.27664991309604,113.77680243784494,125.81764252082624,119.51270969181886,124.78693885420245,119.3421574390923,118.72918524984443,119.76331581531893,119.62950662260072,128.82568244603345,129.77455234133842,133.77366204713795,137.16813255887178,137.7171258389991,134.71189696457256,131.451760574535,129.86857243625076,118.00825871888765,122.20324624430016,115.12661762511102,120.2962321266053,124.96524779512502,130.89151344314936,,,,,,,,,,,,,104.80386946837818,115.07331862520019,114.98398393326286,115.36862950425349,126.62827805471535,104.02946549951896,120.37690302179638,128.25073079438857,128.66496564512818,131.58448355935045,135.54889847571275,134.02564419503327,132.59630011371317,134.5768930312721,133.21548742450938,135.6138210599972,133.4453016067027,131.6781385194187,128.78207647154468,144.5415315087301,137.72588656220387,131.7552037580629,145.73988708981383,141.0658243015908,139.52025685044197,144.5422766215419,140.8946258014349,147.67445044581874,147.46110170753022,155.23832795861227,156.19260908152452,153.50973146096388,,,,,,,,124.28310339747676,138.57333837713534,134.38133687700022,132.38876973226493,138.32986362806915,136.31881140887884,139.1632162796,148.38462005423258,142.4082947277448,146.0153505700692,148.52253926422506,150.8593613460585,148.83760162976483,145.30141803858908,145.19606526463468,144.96597267921905,141.3934065088889,143.29839855994513,138.46410373129038,137.94530817429978,134.39158176691825,140.55960287197635,146.39780761238742,143.18059996313977,,,,,,,,134.99696041685038,143.02571988805343,138.44994394044366
2014-07-01 22:20:58+00:00,,,,,,,,,,,,,,,,,,,,,,,,,,,,,,,,,,,,,,,,,,,,,,,,,,,,,,,,,,,,,,,,,,,,,,,,,,,,,,,,,,,,,,,,,,,,,,,,,,,,,,,,,,,,,,67.94044859771009,,,,,,,,,,,,,,,,,,,,,,,,,,,,,,,,,,,,,,,,,,,,,,,,,,,,,,,,,,,,,,,,,,,,,,,,,,,,,,,,,,,,,,
2014-07-16 22:24:29+00:00,,,,,,,,,,,,126.18853449296591,112.10579495087632,112.09478257412886,113.56351139378485,118.00388096331154,122.04928661485957,125.5540172455722,137.55260073550568,137.24965274431972,132.34961983900337,125.73927694270077,132.87315080351783,135.28199782702703,140.50566426599337,135.4981894620668,136.16045856775347,130.3631625785455,124.05802349698766,112.08804597942998,115.53804730441425,110.40413617493176,108.83803035876872,112.8940417945495,111.1246732357571,114.65039587417625,113.16658633577313,118.42456809240166,116.88108841573514,114.02012029308798,120.60854860715962,123.36153235643415,122.98683430212604,127.31283991378092,126.96898896219734,,,,,,,,,,,,,,,,,,,,,,,,,,,,,,,,,,,,,,,,,116.74711712093384,113.48268397239798,119.7921680695635,116.18931631312954,119.53971110461302,119.24864746595006,111.83662807380045,113.00213053021781,111.97976105927837,112.01366824737394,114.21299998820972,120.56790526474796,121.92487776148668,127.76424310987765,124.08116394985164,126.00881574286107,121.02193189920979,,,,,,,,,,,,,,,,,,,,,,,,,,108.7235067135346,120.45072901372734,122.62196483802899,126.78392966130419,123.7681421747264,131.80720053460627,128.349413138795,128.52449064145904,138.6824667547873,134.45298829884374,134.57349868052924,131.5379585190205,137.58701706971397,136.17474468667737,135.7564002686218,132.3252431117138,137.1616467230196,134.43748919328453,133.80431434919925,,,,,,,,,,,,,,,,,,,,,142.13371750762195,141.7684735004005,139.42684536160124,139.40155549504777,149.43124159079485,144.2574332256126,147.73616450159253,145.3696980933819,147.3755132240574,142.66454864502435,142.33573724240557,137.57003622846196,139.42888627140664,133.5857167596339,135.83365261330098,134.65590469492167,134.40236567245046,134.75269717926886,134.39829929001627,136.28820932921275,,,,,,,,,,
2014-07-17 22:20:39+00:00,136.3421571555258,159.35323292461015,,74.24623646185432,83.1547419744199,101.33936346908358,126.15771790854377,128.99222106189848,133.42976162439794,133.96512614270222,136.56320777124782,122.52085779444006,109.46191502448416,107.07335586877893,108.96453706471512,115.45388458264948,116.97599940562348,124.0222275138829,126.89164537435383,130.47808372487037,125.98485249147824,130.89008270554706,130.8443393662157,130.83141743743894,136.8267711037077,137.61288020408077,129.9380122575215,122.2616061318648,119.93706574358265,114.07901842858217,108.95611743077416,106.15259178207015,107.50033040676985,107.37703922484378,110.95981952246561,112.24577242474662,111.25547171755987,111.25846767826367,111.51716810169165,116.40280458344625,115.88075328936709,124.43018803122033,119.94085250396758,128.3448295743138,126.99509968687242,134.6198703511008,133.00414068796664,135.50814105766142,136.92339946860392,138.0156819466427,134.5829983522694,137.69662307098125,131.41696054614755,133.3814855256472,130.64500206510868,131.28048441988847,134.94744478357865,129.1630980907177,123.88469591362511,120.58981169747238,119.22085839009569,120.48003807656428,123.01046886808412,124.13026901021047,127.57191621059725,128.6663044021205,127.77472877602952,130.98229162170293,130.75180821646487,127.57196688758822,126.81409495769131,125.32949798897403,126.44113852952884,124.30480169557998,126.2638921177296,123.72493157580732,127.73049236502168,125.11495060010006,125.6765157970751,121.13067627993564,117.76476627329693,114.8863127411043,121.28191775679073,113.5301884526611,115.03087952321768,114.47299662173135,116.33645652980722,118.53867279329683,117.54719655519419,117.26169766667995,113.03227414439623,116.20943916994841,109.85087651641756,113.44321246787504,108.63555852955896,114.21469914964156,116.07580968784448,122.09081952057201,119.76822869843166,121.68193036997306,125.38660254860282,124.47292856409334,124.73621955523492,119.66566420052942,120.91730064466012,115.26129839528768,114.86829125622992,106.64437120503435,112.14064654838796,114.3878498408288,114.19219140426009,114.49361734631518,114.95807535309967,114.55738707703541,111.54178219113234,110.01566639570528,108.68011136845789,107.25138930952504,106.93959411948192,106.24652949029179,106.51242843079366,105.54928583724876,107.16833436695019,109.63974910852173,109.71369213954537,108.94677763512453,110.07668081455586,110.39057583097063,113.7921354627372,116.67539757045596,119.01575533816309,123.61456867965776,131.12760548556082,134.19541656912986,132.4947169604095,132.77341701284004,130.5756686364488,131.65481289274612,134.3472864496981,129.99516275515603,131.78104065757125,128.37131506532322,129.82533925278383,129.77778145467119,133.31199652170852,131.8018686366607,130.95739543527964,131.18584316551787,134.43413708219444,137.8901460265808,138.50836242072663,141.87076786283055,143.16899905329495,146.3966483671996,145.22429230857838,140.38443885463428,140.617944117157,136.83149183065774,136.97008768813765,139.64955273122126,139.27874107898705,137.1954088517614,135.65332885184208,134.23328179497267,135.82970445390765,133.52237486544865,133.29977416595943,137.6716143447121,138.20623622440613,137.39238354204554,141.990249429033,145.43383831897538,144.74556629988132,144.24104323745476,140.51336798399973,143.72519171266205,144.2986713017752,139.1222359602277,138.38256165933274,133.99328655618172,134.08539725026722,131.99582802670812,131.69769728767875,133.61064575594852,135.00428016678862,138.48923440687145,139.42118267624602,138.33668636568882,139.39706353657874,138.2139863784206,138.95994908647285,142.84473954567866,133.9123207039902,136.63423967870852,133.20010834855879,136.17020497018402
2014-08-18 22:21:15+00:00,134.86504514849895,125.4983009983552,109.37242269130698,90.37873675612975,92.23834564169563,102.22815539419682,133.97211317445797,134.2514465004593,136.85833000629216,137.86057758665868,134.73165339098975,131.04149549606655,115.73633196266934,112.00495301823806,115.86597934587324,122.11522815873792,130.0692382922505,138.42379795382018,131.9486205845802,130.47596821996214,142.04804632264145,138.698264814632,134.20057546653896,137.96606607551973,135.67957175670125,133.40056564093763,134.4381052744549,120.33488420091118,116.96474963228289,107.64295840272442,100.19758050429732,105.44821638049095,112.88933252138563,114.90252349110084,111.66130274147105,116.07622316509485,120.04556164453025,116.61154350145391,118.3540620976977,119.92127168796297,118.70002835066425,122.50992001173223,128.50172224032997,132.97772312210435,132.41637029998753,124.94492794498478,133.21984114920156,129.68852563649227,127.27789638572938,130.30141944392574,125.38011313146716,131.5521164544959,134.57163846836036,123.86203438425225,129.79676091520855,122.56947310517656,120.59503696584818,120.11337819953296,111.4106485519647,116.39512000485787,106.45918136507159,109.17568130564472,110.86113433340596,117.47205534750714,123.06231438009114,127.33177097827975,128.3024737850534,126.13956295157892,126.56593606415485,128.0497722524715,125.21917365517601,114.41045454687074,116.73263925814743,113.4547285223974,115.91571464980242,115.7889037457673,123.68921986621675,120.49657711033214,122.1824375812705,117.22689837246355,122.1488833116768,118.56597117893894,113.73912361515863,113.12298977490862,106.9860042638674,105.60587528703623,109.30051695841398,107.62720491118118,110.78121883482306,107.69572321765526,107.24967295665762,104.20152153350654,109.47541814520761,108.38476495336543,108.4551514023087,108.81696090066966,109.30893429117086,121.1003892863816,120.55851981580979,124.30809739610304,125.79852026459255,128.48591626872349,124.00456894476864,124.32668232093683,111.29258837529773,110.1752978530532,105.13909427810316,106.50024230679315,112.41558604844079,118.3732900168431,121.27166811300403,121.3144115779419,118.06533646198663,112.39718497361362,111.73125706495732,107.82655137110217,105.59642964896075,102.16979871381693,96.53247063694657,95.47356390975756,102.59322192233404,101.33330254731663,105.60004754126072,109.43427282785991,109.0522557366046,104.37005965807352,109.56433840999762,112.47886924472465,117.00746847636547,114.64648481433396,121.59795312607251,127.1790635137621,132.62400127586622,130.6089498580846,133.44796366068567,121.70747122674427,121.14958131153989,123.68657598510661,120.75529071797412,123.55814948870308,124.61157861819922,127.29635508490934,128.24957618070678,129.99237432560204,131.39861664289745,129.11381405553723,132.00999557094178,130.2390519711569,131.52065701090788,135.1272695639001,136.76073069048246,139.6995396099175,142.25420085642753,149.60778271383901,143.90642268768053,145.85663527660046,138.2328424425189,138.81599136684244,138.33218154901002,133.773421318158,133.4431122228647,130.36425841891824,129.95459583501543,133.84987848987137,128.8853854602204,133.5896875198357,127.91209831440653,132.33645125488204,133.37571375563388,140.01326672799522,134.66228270766476,137.6073037867556,139.2209100971199,143.66630402614723,145.62681962748007,144.25486356001136,132.96877944140758,139.7399691822398,130.37413989843046,136.4708859058476,130.10521601152462,133.08749461734573,131.21555682105887,134.91005342677286,132.45392064503878,142.39248285095113,144.15282864389067,146.09259796267588,140.91858782709858,143.06874773020564,143.17431188651034,134.5145485171777,140.0862134388031,137.5997235510424,136.07354355432557,134.83800982585453
2014-09-10 22:27:07+00:00,126.69516959726091,,114.3185229196442,89.11672416218444,85.00228441145174,90.14566522865228,115.39643076755758,121.38173673509003,128.85103142045347,138.26016447234684,138.59439171770418,120.8738940687149,105.36692081768159,100.26354224611053,99.67352514519844,109.87666988981192,115.11776128775459,120.70022522831026,128.2003544745427,129.99621361980763,123.11325100214925,127.66931774271852,134.5128737693031,134.88624356680265,138.6206912968616,135.17531454326792,124.94708339779194,118.68864959812808,114.90289900847935,109.21230682595197,107.16132295519228,106.05088072706766,106.55803856169045,107.49322341445782,103.15027552908404,109.51585589094778,107.83648194575628,108.38755672924898,107.07671583854935,107.70470019730347,113.21699584752277,119.5280275152516,123.95674205945171,123.12819975394112,127.31739766308786,132.78888374177487,127.89376784022926,139.27873075414556,138.23487789867394,143.5339392168064,138.60047319305667,137.72735738716375,133.48780069013355,132.96249382077625,138.55344313978827,136.6190347100803,134.51349074289664,129.8951222332674,126.36317933203082,117.72677759287004,117.13107786352819,115.89381559553004,119.7143624447174,123.18984287278215,128.59411999570665,128.58439671549658,128.4894540436703,127.02445119760695,122.92177212645542,124.54431229535697,120.83915184561393,119.75672268454075,126.1453364874715,129.19154088455466,129.6021514226964,130.00033397991425,118.02330506255404,118.5395134325756,118.6079846154089,113.20553450165285,111.12243609988926,119.19675422329367,117.69994539716414,117.35868577875105,116.88501261573504,108.59104988298499,108.11588190544904,109.97948160538887,110.24277984978451,118.11555711225132,113.94379452003737,108.69298857437663,106.37483355056172,106.14089511042496,106.25477757970194,106.18433826504409,111.86367618678308,125.35679832284849,121.92051678129532,119.31996737327152,118.15215434935811,119.73766610725431,123.63122874813897,126.66239905344777,114.8537411511534,114.95884730939902,109.33571338225632,105.91980858881257,109.36713050476843,115.75166400062444,117.44812563474933,113.77311126280645,116.30343641551016,117.22346294303973,114.26756407692423,112.87573428150813,108.02906671429955,105.76952293947268,104.79182769878815,106.1108357611767,108.7908297907595,106.86155180824849,104.68040118345273,104.5440557859893,106.22933616224397,106.71587736860735,103.24052218372343,110.39438275858687,120.32723677244292,123.882346549325,124.70681501813525,121.68498999547144,125.07941960718924,131.90201569494226,134.16322102139227,133.70550725138423,131.7996443149401,132.14148610154038,134.10502707857705,127.57116616468285,130.4488448355445,126.42875400695111,127.35699077191715,132.7731048026241,127.64744062635485,125.53345215437676,128.04123978409788,127.75469658844575,129.15796761117508,131.35423777825667,130.11912319211913,129.54662021342588,135.67010836981837,135.02139595231142,133.6547536802196,136.64688212793337,134.84457005266503,134.45585093556238,131.54405028363723,132.4895724498382,130.61247944278918,127.5662246110301,128.72001200274792,125.92057752658094,128.26046124674497,131.01430906846676,137.0913435002339,136.7290475608576,138.80852415453842,137.5234602015791,140.82179831756235,143.60734822738755,139.72887523267624,136.50634530710101,140.78923314667315,137.4554058899225,139.89702645944982,134.35167929611958,132.4309008386397,125.10342666498423,130.4712864602744,126.48362893930165,129.76490225188414,128.54546869078402,130.2229429044861,128.89500914705906,129.69165829854103,127.47271334315262,125.81642082020757,136.06474514601877,127.09522773032259,134.75744098310304,118.43929419858287,127.51925901482156,124.80654505142319,125.5701699300965
2014-09-19 22:21:18+00:00,143.45100063683964,117.19492841239226,111.76570700893576,109.0568701188824,112.90933269024984,117.29461825503016,130.03042122714996,141.57337003056816,146.18005222075743,157.43318980057416,148.05673176269704,144.22068063648896,118.38451783269005,107.1704841914236,109.50281731352776,122.43344179315808,131.2543693490088,138.97856228878345,139.9589474674853,139.16256447774705,145.4544613521124,157.50863206717622,144.06298073380484,146.95942140668336,140.0728906684756,142.14589904435798,139.3365551687862,131.1017486997828,125.38423092037542,124.74590989515121,122.96320093446542,125.83746470048236,124.82985659244282,126.8833855913275,126.54174448521012,127.92936587876221,130.9575737341527,134.20214189604997,127.45343055491229,129.34729180221177,129.4315617225034,138.0629149167567,132.24525866265952,139.6944889936066,139.0898704092026,139.27868994239063,140.91490392812028,141.18436924505488,143.7890838710755,139.1339336031312,143.30214110205975,141.29936700868342,148.96138735817883,147.2069477656159,144.2440847182354,143.6240804303934,134.11046218516745,136.460852259918,133.76332833543302,134.24097321629537,125.3853550788674,127.84920792553956,126.47612423843975,130.90435159005983,132.65027214572046,134.1160551971382,134.95689247250183,139.37144164043957,131.4667717854781,129.0815523891386,135.14492418390464,134.48067671234574,137.50131887991338,137.0994484141718,131.16637231115374,133.930056417802,140.66266458992357,139.56221864149967,140.8539243253395,133.40470077342206,128.58658927031277,126.33284526254185,124.24011467517732,126.94572428959978,125.92786193585135,125.9944759748054,122.75612830944117,118.8644937492374,127.40219874189457,121.02806182526515,124.8702943257876,122.17331194758954,124.50251256958146,121.08004708602024,123.13828758173261,119.44626753492753,124.1647792257815,126.44032562541291,130.96874499168817,129.81948598431487,133.117153084778,135.87691968149593,134.71714440931396,132.74156274091396,129.0921598817454,127.95984258713395,123.71730368733247,118.52989375100243,126.43654196401695,128.35091032636933,127.10234718260463,132.56918897725237,128.7827204031312,126.85718411253346,125.47727510545414,124.39422909765987,115.64100685939628,115.44077214874922,113.31259337865396,113.87626118896353,112.1261904934052,114.63857103288493,114.19098406971139,117.1117519408351,117.82338724937311,116.39257362516774,116.0297540474277,122.43958428060455,122.4113669924586,123.99761863322864,129.9981162958008,131.68965025560937,134.42061540417617,142.56139818650976,137.04153306238177,139.43420280178597,138.61567615371024,132.57412730253986,136.56163809029755,138.02704779839294,140.41927271177323,141.43430497142492,136.05345049411875,133.98462144598955,136.4506187110624,138.68327659644484,143.0317272266501,139.60263001002232,144.5907401489235,144.37581878349434,150.40203096848222,149.5036203759434,152.67345389156372,153.17158328541058,155.4486964200627,151.09106442415813,148.12008081959505,144.46817525360578,146.800520053015,141.92310448135402,144.8474430622555,143.4954414669458,143.90061732114634,144.8217266381159,145.48476103961005,141.3088146294248,142.178289163618,145.04557466842616,143.10156374843675,149.53811709203933,148.96501858009708,147.3428058921399,151.91069199020524,152.4711884034716,150.08795502078843,152.8770263592115,149.1442998034413,150.56064751431765,148.58622689256492,149.06059889153576,143.77228661026209,143.06226696650793,140.80769808751162,143.9573021416741,146.00821664184107,143.12134815164336,144.0391067228833,147.1547703577744,146.40719917053926,146.46159843305335,151.16650615650775,143.81835068328505,149.95147256659155,142.65848907162706,146.80041466614915,139.8326578517958
2014-10-12 22:27:11+00:00,132.55020684789088,94.35544293908953,89.85252502325253,96.77274892640062,98.69432413342768,91.74514623166455,111.4502888171672,118.36189164746715,135.39607716575648,143.87768766972655,144.39346339220845,130.5670808337499,107.19528512276123,100.83220612398482,99.85097488015853,102.52305794869754,112.7907773142771,116.4944833473592,126.98819713779562,129.4343615175578,124.94434960240311,128.9804531679428,136.51517235299815,134.94819530442942,127.54463515397221,119.04756286747532,121.74152612638582,115.53232795000946,111.83893605972978,110.49742196550886,105.45239708625566,105.84673056752052,108.91863123014285,106.58893576560396,101.30625128176567,108.53591499770535,110.09237587389072,116.48994080619964,117.88543844851098,110.05186025778605,108.32895531248379,114.51886440302054,120.90564193139706,127.18230884437617,128.28501200433467,127.87019529017964,127.92031308779443,130.35610100440456,137.55401363242322,138.7189259507796,134.71300781356825,133.4333547416767,134.6893174236352,130.57021852584668,130.84074865827608,128.34591403484882,123.71429235942081,125.00497820920111,119.78133973682338,109.08507519991925,112.2805060081306,112.82655750196236,112.397374976934,120.73924788858086,124.94443728123466,127.9251750845228,130.70517872510453,126.71552443726438,122.1536563761822,122.10363863299446,120.17304502466384,116.61467016773726,122.79260858135383,123.06355369648662,124.1373250861558,124.22904273487917,118.72361733574196,115.50180137098262,113.52217628513931,109.49786904229279,108.98793225963652,113.07901518566963,109.81982721123349,113.87033790352379,114.64960986056214,103.94192769164574,104.50800949005212,107.48788426830207,108.69006623871329,113.17041478271818,111.57716755012956,109.4642093689406,107.84347935889916,104.78846345834971,104.5472750244614,106.09663523706968,113.3832151973668,116.29740363328439,118.83830204994315,118.32925173408539,120.07932816789976,119.53974634219489,123.98628940200796,117.7487398375287,112.45435697171305,112.28227949783283,111.25571081884311,105.54444823947165,108.44376808914659,113.36305051346446,114.35860821108392,112.88209034075933,112.58667897565549,111.19491364513355,110.1358145092252,106.83379198321614,103.64517306704963,103.33634606546518,100.16628822431836,97.81051953634541,103.43261677220963,102.64304134592626,102.32017565864851,104.31670107857434,106.64140876258755,106.50241651624235,107.08911109099091,108.36054921536346,114.44932778054432,118.95822875418213,122.60701091596421,125.02242098704001,127.01901473650088,128.393304465273,130.8336807771382,129.2943516354714,128.68514568516397,127.57308324318572,128.9461475877068,127.78814074241701,126.94230328429417,127.65777685261325,125.15768307458013,125.12264014540547,125.62589240180519,127.42536169650135,125.90511449376184,125.7982975681699,130.71257493268362,133.75457809916765,131.4677100684399,133.89998741126334,142.00504989276192,142.87774043570232,138.81670599449313,141.38692511347156,134.23511033940548,134.22244285608386,133.62617632689827,130.8098933554584,131.71263388343948,129.57687330593052,129.6572352669553,127.56737404324768,131.3101701372631,132.8440480724422,135.9398733194614,139.36189719487652,141.53548882704487,139.49563363717564,141.657359085211,145.38536956724656,143.69606777369575,144.900497813141,141.92707462434183,141.90164421485582,137.8185388840428,136.20081224378714,133.20134595530178,130.54749790337075,130.02022641351016,130.0787452720948,130.50843581288294,132.40023857686364,129.21937114361594,132.480414803008,130.28599920622318,130.28811684110144,129.9972539695061,137.3227337267878,131.29324844345405,138.9011947328816,128.9214895660788,130.64804648910268,129.93253310061735,132.35509866368716
2014-11-06 22:21:01+00:00,,,119.71928133135371,112.3276808538221,121.77778592298037,126.67758756222341,136.39239563380107,127.77103324078297,130.68580625345416,140.93052767484772,158.6795411259364,141.28152646889106,120.45567900409549,,,,,,,,,,,,,,,,,117.40339063173046,112.13627608674608,120.63436695674277,114.95296731096118,113.06649620888072,117.09151170547472,119.8820086311422,120.42049365585908,127.33429166674011,127.83401183323426,123.49001132082336,117.34868380710384,127.7334402510343,123.13044687081828,132.02658194976428,132.0785513935862,136.0731348171208,139.5297485057851,141.39434354014705,139.8902626331744,148.92419033249791,138.78206175833805,142.9239770237088,140.13356380301352,139.47489255815276,135.8116237878977,135.10520113277764,131.59474215322885,130.8597515195106,126.93673606037693,119.60412575542772,117.25157097641363,123.40733828415372,124.99741790661336,131.0963294950609,139.23555870757917,139.51536074975138,139.27514181728344,135.24758211109346,133.8451640357305,129.95279419776855,129.0267629304961,129.56384468332263,129.6759830145036,134.47185829775555,139.36430371859313,140.2933814264898,139.7964625743895,130.0278459944477,128.6276980775065,124.12162895978696,127.23090369810679,123.73759161456638,128.92636397103348,134.094513504876,121.63861345366392,116.90774149942145,116.96000145224262,117.96124810187601,119.39703138298155,119.99635023233341,120.96336680555255,119.97429889724329,114.69069381172177,114.92132580790175,113.58759818064236,116.88188084447837,121.94152377239416,124.00521814391938,124.64796605716572,125.34727240401614,125.72295191923995,,,,,,,,,,,,,,,,,,,,,,,,,,,,,,,,,,,,,,,,,,,,,,,,,,,,,,,,,,,,,,,,,,,,,,152.97238967178978,,,,,,,,,,,,,,,,,,,,,,,,,
2014-12-15 22:27:04+00:00,,137.07294252050178,106.72654530847171,108.92952067276131,112.79182539024893,129.34656973976726,153.89586103171547,152.1983999740964,151.5647866183076,153.31902670454366,151.9629714077395,139.02296146746139,120.63727432860236,116.41902511346883,118.1060232877673,123.16249084821256,129.89945430777342,150.01488201339433,150.27391480721525,145.27748146030945,152.00912983617542,151.53246975336248,146.2092937960527,143.05057666586447,143.69182470343466,136.5135636747782,130.43315499043706,130.30961069932414,136.0952187308077,134.68392279643936,130.936379561924,129.61791660248528,127.65856666077103,126.57157897349502,127.51360476543351,125.35194509938486,126.2116364718314,134.394985083935,131.53386106804106,132.09176948355537,128.36619273388965,134.6115107101813,137.82611001742765,137.28910418500595,146.01986504540818,146.06689306818103,155.04845150165926,146.91675868187656,151.3725222691649,149.93255820159638,153.46381211066335,150.72409649860788,154.5870400097311,155.97096434665826,150.12433899537376,152.64006299533102,148.7948235090046,148.44377787034526,137.46275690242305,135.2920910571199,132.0793049982969,132.13972619334746,129.50696395787406,140.86293880306462,149.25406929330597,145.41957530719142,148.6740944667085,150.61526536105586,143.20831730989428,145.7233054581835,141.02795124935432,142.0139904005157,144.95353855821702,137.8680434004251,141.67832683588597,148.90076642478937,149.30104736623602,149.50881669215127,150.23196718739806,141.5327892199735,137.6029894183284,129.63457788975344,133.6494457903905,137.17095192418725,132.96998106299316,128.08802241009604,126.86066190800221,128.37307762569742,128.4131669253394,123.37446542254989,121.18059298110624,119.56895355030447,127.22988534035422,129.5540816914394,123.66572286524904,123.27283254661772,126.63259306996784,132.47347819700124,135.9341483697562,138.50662890735813,135.31971005466403,145.61120374905556,144.24982060755462,135.39027662215543,131.0230875521148,129.40868200131445,123.83366479757036,117.02219245912934,,,,,,,,,,,,,,,,,128.06268557637463,125.05821566331002,126.06152329359901,126.45982863536555,,,,,,,,,,,,,,,,,146.35267477558176,151.50107874617214,148.40044606083248,143.71166238023,143.29553267897668,151.5502606293554,152.5168334050106,153.8122627731227,160.74797830881835,162.2068675041669,154.58738972892638,160.5067173865975,155.9580460170854,154.41453259238705,154.6947164363264,150.00124987758653,152.9822009266234,147.94858550495496,153.70523589292648,149.46800317961788,148.09634885133931,150.22508011991886,151.0148426216693,153.24844815684574,146.81998999487715,155.606492088776,154.71636037735652,158.05080586688675,154.39537391317543,158.75076671768096,157.21221497955864,160.3774553199006,154.44195354210677,159.1346387902141,,,,,,,,,,,,,,,,,,
2014-12-23 22:25:30+00:00,,140.91476682496756,85.11919634046167,,,,,,,,,,,,,,,,,,,,,,,,,,,,,,,,,,,,,,,125.77229644195886,134.35619069455734,135.83466632615517,143.9243740288947,148.02662758009646,,151.78384237088807,147.03947330193108,153.21809458646908,146.53666583364046,149.57898841374183,145.09181913222858,148.79924679065988,152.90415059462646,145.20047871490868,146.6511495391299,141.534699699449,141.53500670401792,129.17181029548914,136.05200353739662,130.4579339936651,136.89326000042405,,,,,,,,,,,,,,,,,,,,,,,,,,,,,,,,,,,,,,,,,,,,,,,,,,,,,,,,,,,,,,,,,,,,,,,,,,,,,,,,,,,,,,,,,,,,,,,,,,,,,,,,,,,,,,,,,,,,,,,,,,,,,,,,,,,,,
2014-12-31 22:26:59+00:00,141.32500728532276,121.75170671856498,95.96597633594563,97.57539807820984,102.58358508026629,121.5660296897214,139.08058991994784,137.79516526709907,138.47248732357238,139.7525724225278,133.419035563967,117.24981225943844,102.94449829712319,96.49253200072792,98.7170778363291,110.84744923081088,120.06452111420718,136.30579826282013,135.68229431859888,124.66170943962693,136.46719164457193,139.91725755873242,132.855290848377,133.14985423405338,126.68244977080303,123.91628444360647,122.54523367545312,119.25724380958502,121.14565822155062,118.84792466223449,115.56632218862626,119.56640220710608,122.79795353809563,124.33590878578475,121.76468379053992,117.77282596361577,123.67856193489948,119.68915538254029,116.7429435802288,115.37014020653385,114.20065530250712,122.2220667281619,126.89563771652595,129.7552929193451,131.13123657575372,131.46870508307617,139.25336271850207,136.25716306142635,138.77679580802263,133.52009322852427,134.94203808908847,128.64092083738635,134.87253588619268,134.9078325303736,132.68635649326512,129.35861443278705,127.2677142962193,125.62201251208498,121.81929426587286,125.09348653079535,115.24474777202752,113.43373359681564,117.99140170117131,125.80476518382471,129.91002950374735,134.5926365708629,134.95048670556025,132.80863461532442,131.59039670378255,124.74011769066436,127.72111973405109,127.0005007026409,123.6224623587868,125.09650494869395,127.97215113671176,128.03715318077735,135.21651224791447,137.03447769915454,131.94953156584944,127.18117280540346,119.35215832228242,115.34570714634528,119.01660402187045,,,,,,,,,,,,,,,,,,,,,120.01673096286235,112.50628390080685,94.92260394295094,66.25728954574511,,,,,,,,,,,,,,,,,,,,,,,,,,,,,,,,,,,,,,,,,97.96329354735175,,98.49756602074686,95.72699234176959,95.72655668097916,,131.45852929067695,147.907074277209,145.57901089679464,144.28127617551945,145.23045783383608,145.6760701219085,142.88093941620585,140.31142742585604,143.68757167363464,134.98910492847958,141.49462037637988,141.04151367797886,140.61822236591192,138.73191716114252,142.25746673687348,140.9294207348418,147.6937310443047,145.01766295476406,143.65978033433774,146.7374931760044,145.74887900914874,147.93131618173504,152.59044730414556,145.26538697930272,141.14121087806126,143.37694378970224,144.40957085644584,140.60489056129887,141.89247155944744,140.77146811928066,139.0473178957876,143.73624564919234,142.53644357682168,141.30002609920163,140.79852846355786,144.99410235895186,141.73269408531917,145.3291149800704,139.34993304767602,146.8373074547523,137.06841488345978,138.38033207311202,142.9237032688159
2015-01-08 22:25:32+00:00,124.1145026953965,,,,,,,,,,,,,,,,,,,,,,,,,,,,,,100.72739913208945,94.80234265188524,94.4344542060197,99.99653237272663,101.36525420804,106.13122449614858,105.21705358930107,113.67877169014977,109.16663401312086,108.7796068544784,107.05807829709097,112.24727074833511,114.95982165493147,117.69574549131782,119.74999264505163,124.75352498638675,122.25232482164732,130.65443830199573,129.10111664283815,128.87539445042358,130.7978316867509,131.03580744531519,131.23198590477136,128.47021364890296,134.29482427378733,128.20241959840214,127.12854135880157,122.29387577942884,118.53426052348468,111.01882322097312,109.33031026266157,112.57438478475976,110.40141782700586,119.38163372071051,128.75520566162052,128.85578628544044,123.78849201945589,122.68537161777157,118.31338702488318,116.38378271237426,114.30225456004986,115.47055273674893,124.29634676173762,128.035472939164,132.59135207661885,,,,,,,,,,,,,,,,,,,,,,,,,,,,,,,,,,,,,,,90.56523367589838,99.78643456793824,95.21440409910754,93.27142560785856,89.1072360631951,86.8043718514154,92.15167690699218,93.67083518676755,97.09995489963788,94.60947912965601,96.7606711843735,97.8460867045764,98.43163627224503,98.8733644828071,98.92475851480762,101.13391153513236,112.27300538250724,117.74610571239891,120.78330244576243,123.91942169772983,128.09493113560205,129.17602457266491,129.73488243577444,128.5951023278243,126.97760529107708,129.17293341665115,127.2099155652265,127.44266995262267,125.36447457582477,,,,,,,,,,,,,,,,123.68729714235958,124.42676679368164,122.96175756300656,125.08004563463217,123.63398505251047,123.24637134427634,121.43778771273249,125.69215180220135,125.16373840012425,128.9114511457791,131.22795488285496,140.4208172642255,137.18021413058167,142.51213160158468,143.9506399001381,144.30710806403036,142.98470492336173,143.37408030564546,140.2194482029401,140.33660703398778,,,,,,,,,,,,,127.09910037108226,118.51891954345325,127.41686555840171,113.95822371457656,124.89214621900074,122.33099390830206,122.01417301263818
2015-01-16 22:26:59+00:00,145.71118287054472,136.12057069298882,108.41515306507023,110.10894301485422,108.55008176561967,126.19673286119738,140.9175099160748,146.0186906259187,154.73357819690338,151.87210677007027,147.28411825258445,135.59736280825945,116.37735140997799,105.21739024466994,119.71467039645655,121.52118500956476,131.3976649414147,145.0297729236561,148.30683745206795,144.81285492183432,155.95151088085868,152.89189272641605,148.53011287062316,141.76255677714227,136.84669063679254,133.349905628408,131.7597498186836,129.4857205753163,132.28091389250207,127.53725161837761,130.51404227160265,134.5237307705915,132.28343011223106,129.22744424732144,136.40680344705478,132.31579437379355,130.7587897171789,126.33277634944115,130.37588526510427,130.4041061654015,128.66177697152946,133.3456226915213,140.06200459930696,139.68427292983347,144.2724131812319,142.64883525993042,150.25782773902762,145.1466155117736,149.677426213988,146.6502023005189,144.1974154893869,143.5848237610876,145.614309822295,152.68443493791918,145.741984078266,145.0497405581303,142.8561445122917,136.39777198978817,130.5765304851321,131.619511050628,123.56999904742219,120.25648293863415,127.40166500864808,134.95654534725583,141.1456300140028,137.6455629144335,141.02422126715751,138.7737237166571,139.868022544736,133.9110845207411,136.42751590031855,143.02668675337742,133.8016005402454,135.4830061724258,140.22884656556172,141.4557391570799,145.50073942825017,147.2410040459783,138.8350627796942,135.1591963890081,130.6062616566666,126.27339844422043,130.48602858933776,134.27043482824254,128.32267066346418,124.89817442098047,125.85824699132895,130.73295592028342,129.06540093860514,122.88814746063584,124.2259759554969,122.23813764975391,123.53986494910185,129.2228304030679,122.02683454182416,123.88463522770655,124.7626792450009,132.64036305295613,136.11571418518338,123.37565678188082,132.19133433762457,138.2804730761926,133.8482230955726,130.48457174071794,128.38846491215176,122.48676295821889,,,123.56904889537702,132.19889695041556,133.98902755634504,125.69729625075686,126.81745700274588,128.0248974096394,129.12943502460482,124.76475076989641,117.58470649784329,113.80713399094273,,,,,,,,,,,,,,,,,,137.76316414483145,139.52161677845515,140.38128383979287,139.49763624096227,140.4301414464692,143.63018967990288,149.29416603835182,144.1476522432349,142.0505307971344,140.7647133233735,153.9828462623902,148.63879031157308,143.52424883542764,145.75039074625164,156.51762243108055,155.01900406035995,151.85623990682723,160.67969713296114,165.4507755983415,155.20675083646546,162.89091996271966,155.3358576297926,151.1161671821076,156.42212381145205,148.17710476612984,155.05939970267758,148.70026512374437,144.98713405846075,152.59721738888882,152.21218301265736,147.38298762894567,147.61519388994427,154.429592667204,148.80750246436313,157.02954681762742,152.1639007805385,160.4010391134164,153.45299579904497,160.9626005705407,153.00081200952172,158.36596124927365,149.00978915321616,158.68259259179823,146.83622159821127,155.1427885851105,146.0871496166886,156.63413955127712,145.88357268518317,153.32399425187407,149.4718809727218,155.21012637484097,148.60025204849384,154.93332410205107,150.56620546942918,154.70148915907245,149.8614894923554,141.3934133591091,153.69888117251338,139.6324747471593,142.09769656299002,145.17411094489583
2015-01-17 22:19:20+00:00,,130.63949118697997,113.77975569729381,102.43518019983354,103.64562064801171,119.00993609687353,133.86701742465928,144.5259778698894,142.91292710462872,150.61998340575812,143.25828863704896,130.45439353515522,115.5608838937771,109.05078220215654,115.21553096986793,119.48308931027141,132.70155512650084,146.49081812829215,147.0253873692986,143.2003395499623,148.42488247548553,149.08522099965845,139.76332456314447,135.9223711544809,134.19650341098455,125.46031480020963,133.3944408519309,128.67033141085207,127.94723188100751,128.21081745593693,125.34094786224311,121.83779575302188,122.39340193047173,126.19361993758379,127.74609058318458,126.62102941287107,132.10430944609766,127.91341396616683,123.09679465171916,119.06880726733081,123.23318666388496,124.88104173213223,128.21344485213356,139.60570083670765,136.33837983148143,142.93151304957493,141.5731003096949,139.72453248446598,144.04798469197462,137.54158701202496,143.71378638097582,136.9152936573945,142.804468980338,144.88459265025142,138.2110265167283,,,,,,,,,,,,,,,,,,,,,134.07515356853017,139.59659525901571,,,,,,,,,,,,,,,,,,,,,,,,,,,,,,,,,,,,,,,,,,,,,,,103.85959640633527,106.58288074224811,120.88549757842061,119.04576762630978,123.79747789367889,121.3443240765346,127.08713022006408,133.15820438771982,132.2908408258468,143.84820469935528,143.20586983809224,137.63264717603982,146.14167138482196,137.0005853954725,138.64635955470914,140.17454388556925,137.8927743566339,145.38034306650334,138.72798850811094,138.52804136014376,137.65499871993146,137.88017743206015,141.84994477737465,142.14267792350168,142.05445304268056,145.1958873750786,141.94022783070324,151.57589451491407,146.73532698949157,156.68323036886568,156.61193856958462,158.71822813079368,155.2217782350493,,,,,,,,145.81139015166292,145.1662329719099,146.18918389534764,145.72412995873404,147.7689719661493,144.33611165866566,153.20459759419057,150.33078089974333,152.90122879508678,153.42049841222322,155.36035393156666,154.04391535539213,152.55283638693484,152.1597056342351,149.02908389882623,148.2699316866297,147.59153383589876,141.70104945427556,149.4353595963729,138.41018760658812,143.61528792530314,147.2810140359558,148.89707283848608,145.18384356335272,,,,,,,,,
2015-01-24 22:25:34+00:00,,174.9750244146909,,85.49291085902641,88.83241600022495,100.36540466415451,122.7780167357489,124.25040974533457,125.035528486385,131.286285934184,125.3080310966156,107.80576204464842,91.41357162019779,88.54126968984826,89.83368089961048,95.45060789539104,108.70934293210357,118.21764640259565,124.1659093956412,129.8155648443131,128.29390188719069,125.64819065820183,129.03210861160483,122.42887988933498,122.01358601634921,111.74093186921003,105.1021580407334,108.36921433731092,104.26110304735894,100.78183554851466,102.38155706058669,99.35757404666924,93.79491203039024,100.1205566474436,102.09545136385094,107.85484057386302,106.40057085920569,107.6569599487824,104.78627279867169,104.66453015255931,110.28348134845639,109.90917140414396,114.55938559012334,114.6190422895404,122.18846484326976,124.10789653919541,123.5304141457269,114.65713624359816,,,,,,,,,,,,,,95.52376450145209,113.4075868865637,103.7323841792484,123.83948661382351,130.12598781350405,125.85306585654445,124.50046296790522,121.44870038002267,122.22553644273808,118.08001378144068,119.51947017612333,126.61061747724138,131.62326042914313,128.49455421180784,129.7757064264863,127.17972536213763,121.34947884675051,117.79971071176095,108.63840790285713,106.50734229919883,110.36270768052053,112.04844123460364,118.27642525083306,116.01321815623868,109.63557164638763,102.0781924464299,105.8441212955157,105.35163349241941,108.60910609481077,,,,,,,,,,,,,,,,,96.12011686526328,99.26239965649611,102.73591869780608,113.61860072655186,109.56493455352617,110.1972298132221,109.68634810413624,110.16664241537842,108.51535277893072,108.18846171837302,,,,,,,,,,,,,,,,,,,,,120.77263704190631,124.88045683636837,129.6053347865329,124.48209675654373,125.18934715549541,119.22488463651692,120.08456608679747,117.42862889491518,121.63611390840342,121.7256380871935,123.03993860622647,126.2202154026169,124.09202284012656,128.2790882721959,128.33971955274166,131.58608254604343,138.23753356480864,139.70803381239045,141.3190670521866,138.85075081453044,137.01672191422904,134.01855663869844,132.31018572057326,133.6168077424913,,,,,,,,,,,,,144.4710106836474,141.70819110758384,139.84245748524032,137.6922320488842,137.60718645558205,134.11178702696844,131.88956164167746,122.91379523701886,133.255028230504,128.16774659171,130.3809245960491,131.28032400173635,130.27468739509322,129.21679911610963,132.64343095685956,131.39739260870655,134.7089516952603,135.98165817123572,132.36435621228415,138.14953755703658,,,,
2015-02-17 22:26:47+00:00,,155.15311388188223,115.51136427571026,110.49513824097899,124.56423938754251,145.33645155296284,157.7450655794652,154.87753860406428,152.74368876952036,158.56902223587946,146.40478974920697,131.12697728524572,116.09719220438545,114.13798300437566,120.33320496012048,121.27016270710662,131.63999834897206,145.68237653118848,145.76389936168104,145.3642685522547,150.02021147959863,148.54070172670495,154.54478333743745,145.59029856175536,139.26050803220846,129.274140799881,125.90469025699333,127.52475780209801,128.95279184545728,128.0236284594236,123.7775000610225,122.94079684937631,123.69369960062456,125.02061932574719,127.19211669278364,126.14071569629314,133.8457633033251,134.78861910729856,130.66274259742187,127.96670085275758,126.4501226015446,130.78990982223425,133.76546791655758,139.16590703685588,144.99587535310164,140.6534803020818,146.96369342441605,146.75275824048842,152.7159202192453,145.19819298654198,142.36878285028155,141.53964172039005,141.37522186978447,143.28018929971125,147.71928109542193,146.8097177477256,141.92191008005324,143.19453438834034,133.91006882091764,122.93323893795736,121.79395391800428,119.34565858573396,121.22094150767637,128.17458904787358,137.2488671728633,142.0439917382494,143.25539626505156,141.42001029815182,138.7725965928934,141.54885846449298,135.23115318153629,135.43548304717575,138.44087888632433,136.8126514237157,142.64156533492192,146.09124753645798,142.99411761703792,141.15205354751112,134.10209658338087,130.21997238909452,129.73856027193045,121.66294393618021,125.60058133558472,131.95890173114626,126.04864452449516,120.6169261579008,121.73788070370303,124.64938539479009,125.6172819321233,125.29058366488871,120.39218735297733,121.05931405747593,125.87082238681295,123.89948839576023,118.09611997284571,123.22143168298213,123.36691245910758,128.3900478767125,132.59373720652772,131.5616275416801,136.26883184647428,137.52792397571858,131.18603961479042,130.47615706510916,127.13067225859852,125.98433671275633,117.6752618871722,114.31518891915536,116.75130851992535,121.68268509471908,124.11481864303676,129.8930129072234,130.7663080262209,126.6541275379483,124.29511416275062,119.59923372235617,115.57883936997698,112.60478624967065,110.55657295408182,115.60106121274245,117.91006762308693,114.05843714616316,113.35979406368659,117.40204796908483,120.05361837923881,120.06064451682312,120.26346453856269,123.04897573103663,125.9130281835342,127.33462842038392,135.28911710135415,139.72076737188198,140.24255493703825,141.36200432016696,138.91965516626738,137.89665940862145,143.45556352989425,141.35275744925445,138.35264474929778,134.00951154681104,135.12310661715463,137.73904040434775,139.15067415576536,137.53130576047087,139.89785073784586,143.3029372839708,143.9188595485452,142.21878291533233,143.74173711852475,150.8264025911248,145.83070507595124,143.37875847322556,146.5830155350965,155.21483404414062,152.98813296807685,156.99755171609718,147.41474253494673,147.2078337993196,149.34015590175557,147.00795262276802,146.93877354138016,143.646228986617,148.45949422784827,145.37718292554248,147.73316916851357,146.61895631044595,148.5629463959473,150.170682100171,151.60850954497408,152.1984327332903,153.49719944153495,154.523176027944,154.89672680892082,156.5395561666942,152.50687573042237,155.30992333755754,148.3914652790877,152.04043155828043,144.2359077634054,,,,,,,,,,,,,,,,,
2015-02-18 22:19:32+00:00,,,80.40378791362343,79.38145401761005,100.53304897365464,108.10325218657832,114.73554937147686,108.86765259936249,117.6278009683868,117.14722820840673,,,,,51.00153393859956,85.11096680840537,78.22331648551975,100.61360201423756,111.44807445190948,110.31060854525118,111.4239200604602,116.69952407671303,112.81706482268103,106.41920094358728,101.93554538845078,100.85548953513533,96.5918734192534,96.11574791674975,96.83422905246898,94.60278849917472,95.46015065607789,83.89709780261836,79.28950256837291,90.84978467387668,87.2329546806268,99.51645918089729,92.57431618930376,100.3529691724766,97.6357566938435,98.23964232122162,95.81123539222904,99.87948392609482,111.836499012601,113.08096370485556,109.25491515987277,112.70383126480755,111.22119498534484,116.11897973960262,114.07158419233504,116.59749890520023,116.61703392469988,124.44346703373445,111.15901869638535,105.48757528188158,108.18782425381188,106.39022690260701,104.42413947435664,101.2698426222658,103.03097807089986,94.87565369989689,93.51602191525518,99.60742526081499,93.54238588382741,97.11425278639672,107.59659116810334,110.02237866722362,112.98594468230804,124.87999908790188,121.99713640994042,117.06688633689052,115.67541120109438,116.93291192881799,118.34800820131777,124.40133848185722,127.58636448188926,122.47789220055608,119.0939414002497,119.59802581112199,120.76088618287513,111.1156932282957,104.82188714228074,103.9155132793174,105.92914702242584,109.56408325371882,105.81026718113507,103.5250216850544,102.35679077826899,102.78020983827383,102.6365102686347,106.47693196067424,107.27630177286446,104.62307137900724,107.20001004480939,103.39922765530306,99.68687707995937,106.49315378166531,105.2524238797302,110.75546126839805,109.9399883863425,111.90321327494644,112.81706406220852,116.19666770144468,115.3575143182929,113.94267393755796,97.04237801173421,93.78267037686817,96.70857236898472,95.42327427522359,103.28335922562141,105.48537939157147,105.17106563128465,108.69444381823236,112.90532695018095,102.57839028043074,100.15907873052723,100.09730019454823,96.55491458356018,91.20605943453637,94.73991444140681,89.44154403657917,90.93235262023092,88.10792504444478,,,,,,,,,103.01923628877957,108.40990245773777,112.87240020060999,117.14259083599273,116.06722405803238,118.49594974282198,113.56326072654112,113.30989271485926,114.79958991910058,114.02175327671814,115.69636411306104,115.15808835307652,116.01945803257979,117.30104880380794,118.26536239067357,120.17049985518516,120.8465733493287,123.7392680675161,122.75571023237686,116.6505153554738,124.48729292675968,120.58447049492115,127.36799170340902,129.8715689752791,129.24344299117362,127.58952723886482,127.17728311479641,125.64454938378064,123.46541965090681,128.11534103568033,131.41646888574363,,,,,,,,136.40918415881828,136.40200634479407,140.8214360349586,138.28461268292443,141.44169112066248,140.39473423562603,138.7615486143832,136.548359705429,137.41527691996907,132.27224674093088,133.89362681351204,128.02566606150765,129.5723321722319,125.87150675657941,131.17937339524437,130.69761546793038,133.6352168591752,133.8122415389059,129.75723390935192,127.75337228899448,130.20891054740574,125.47347744502571,128.1959685327122,,,,,
2015-02-25 22:25:48+00:00,,,,,,,131.9096518004803,125.19068994868927,130.91475283998068,133.30459570457663,130.39208816950833,116.46856446372126,90.15499953170445,85.93512990264789,88.13782973663464,97.78004459430872,109.66717048953723,119.43593701803339,121.68679541286122,115.86700787484689,119.32295648521989,127.77130548315047,124.3200240955851,117.88797128872093,116.4956947959721,112.24224668469,107.44337501977397,99.8452305217143,97.03794801687788,94.46932201141735,92.67528915305668,96.21982660670938,102.01055850863355,101.51139341647578,101.15905837125028,103.90151207211221,106.16641290070473,105.93885053618064,104.37141366435006,107.5449641738319,102.09063955327044,103.25955361501461,108.8561304178093,115.93947291773542,115.29137556802765,115.37107662276073,121.06900688832744,120.39653664848488,119.96378421773043,122.14447159445906,123.21472810023538,121.43008662361368,121.2221647920251,120.89664064692705,122.9544342001414,120.99047558136093,117.13505808595606,109.72357401878416,102.88341932745902,99.81117654526432,94.9341410234925,93.55359533083171,100.47265727794294,102.70142941484232,107.17422524179575,109.79787261914115,109.779670020664,114.42973010127668,110.46911622688206,107.54151838624657,108.77222991201285,105.27597393092431,104.77901114482194,111.65346806299814,108.83050927412634,111.73787037811591,111.09189384513044,110.69887235216416,109.39461270448582,102.50783555084341,98.46600535025681,96.54082050101046,102.97012812469386,110.65120172909883,101.99028168856326,98.98391951445366,91.70680182875513,94.2390245998508,96.93089801189718,95.5556638652861,92.33772934167493,95.77238524747214,94.81087625289908,95.4351734702481,98.69135716849672,96.73427892730162,104.65685270134392,100.01599061712253,105.25575739205509,106.90402807991535,106.85802762250674,113.17839274120026,109.22955467213852,107.84263460843769,93.91438166932976,91.12002833538078,86.88916843776614,84.68085517287359,,,,,,,,,,,,,,,,,,,,,,,94.29557056069015,106.943352690023,110.15261648212478,115.38924298818438,117.09635356501265,115.45053153749457,112.35125848551105,110.75995877138726,115.47248767059327,116.4423709471232,116.82805148076429,109.26044359487737,112.05420107835238,113.76296388050665,117.37716377279541,117.20264184984651,110.65686032141215,116.20224224361345,121.26958934131545,118.09652259683668,117.02906454701784,123.9254069709264,126.74288198245699,130.80909657197685,,,,,,,,,,,,,,115.2619282971051,124.67535946437883,120.52741169975064,125.2392763724847,127.8552285073256,132.41489698447413,128.1014634325695,129.12178543014738,125.66674263549288,128.15373416011693,134.19884847378574,129.86026874903186,130.6656716468239,125.48251664121968,125.73285307838708,124.26303313645408,125.48358658837469,122.87197406776328,121.50710752309257,121.54543791894349,,,,,,,,,
2015-03-13 22:25:54+00:00,,105.52144735829238,79.82677020685139,82.19103276570408,96.56276072956916,120.88915097083952,133.93992226052217,130.943913965781,134.59503458039117,135.98733007331668,132.2637378747881,119.33651852679635,98.49136507965511,92.55594958197157,92.97566905552507,99.8136042739894,109.4507737289815,123.03233014875646,122.01839217491943,125.53870636408999,126.38120179927785,132.1914811189858,129.89653173689646,126.07985462676587,120.83641887634806,105.43863704421445,,,,,,,,,,,,,,,,,,,,,,,,,,,,,,,,,,,,,,,,,,,,,,,,,,,,,,,92.88347346434962,95.40429943577917,100.50045727593601,114.72831757680555,113.68661188467463,104.72717832529264,105.49530358276563,100.81907132261783,102.9131094430718,,,,,,,,,,,,,,,,,,,101.04315904456901,105.82388280621494,113.33663745054317,114.07706247754071,108.38551776289613,109.4011186609821,108.30186286181275,107.46040263256965,105.7786104364781,104.140234318756,100.08807849259232,99.59751473914302,101.36841311517574,96.4713306587011,80.29762080776112,77.99601584612265,,,,,,,,,,,,,,,,,,,,120.53792995834469,123.43745246843812,122.62035346779163,121.6758589190338,128.22513028900505,125.29272558000982,123.79623953998761,125.03111498267026,131.23542154397546,134.7980986934464,135.31820820194554,136.73290082009427,139.77179912640193,145.2394049104455,138.59622692432276,130.37783931121976,134.00958647454362,134.94054273540783,131.32377307947806,131.00702209547015,130.36173014636924,130.2277546688106,,,,,,,,,,,,,,,,,,,,,,,,,,,,,136.68734713706212,131.94374832239265,134.83732756924522,128.97584459985563
2015-03-14 22:20:47+00:00,147.5623318684291,130.80932555041906,98.551640643197,105.52284141409788,123.19603665879043,143.3091375059809,155.98396138050313,153.83725283033723,156.80389960104606,154.35256930403716,149.80217837625324,137.31721208199787,116.85905019880218,110.57695217634247,111.4861307630407,113.8223582355595,127.22973829698957,137.01647847640277,151.2224681637579,143.67013366150636,152.43778322438186,154.60896951778463,147.22856649476708,144.22810176562896,141.41771482565176,133.83317699230696,127.49239195588044,121.2727715830009,118.19839915934587,123.71551833992022,126.9596604809535,130.66412128431102,132.94816955907422,130.4895458448751,128.5757622936237,128.8703906036656,132.58234167550762,133.88226104257046,128.32722393377784,132.1722165862824,127.31830089634516,134.73377966682764,130.03140119027373,142.40722562118776,136.9379298129133,137.25602490571035,140.0730967384144,142.74806663705888,148.11557187537647,142.3738615642167,145.67114787197733,148.94764927583492,145.56763078578345,150.49892448125277,144.82394468594842,142.4818202825456,143.06254500153804,138.98399033470446,134.03669427820913,132.75639426222756,124.64374265471459,126.71403038767644,129.69699417733563,134.87197422284862,135.28887103144802,141.6323141628702,140.04347503898865,137.78677528594983,142.14340588502938,138.28019851065824,135.15059457594845,134.7552733166627,139.4643495157344,138.16917834601463,137.4028545211962,134.71521186567028,143.23692312514572,142.2799999354967,138.66401093198272,131.24608964590342,132.46758843191392,124.45862149674831,127.91915665454343,127.01624080443831,125.68725310440698,118.42945676177786,122.6134565236596,122.55452603986224,126.965849111946,121.8380396275837,122.94743844489652,120.2246195344092,118.96618850242669,117.16373096094588,118.86607053911696,118.34342809322047,128.86496154134127,129.76043280081302,134.73982086329787,131.347526229326,133.7665214828526,137.823438769894,136.4324633215193,131.38845688043938,129.34888650964734,129.05710028729254,119.40928899859853,122.23273371893919,126.19737645980534,128.87441325656891,128.06915010946287,134.9917379412908,128.76253853760883,127.6160906418831,125.35419159067398,122.83388763305862,119.70935530180368,119.30589441306614,115.91217816076148,116.30911336253848,112.74497914204909,118.11921862132397,118.5133333108562,121.34766229270772,117.92463293422979,119.5040087249536,125.95994584472675,123.89057732879151,123.94343054590723,130.05338984165172,133.3633669985583,135.98142699625026,141.3223588708496,143.92852123247988,139.16143352038677,138.7880521321456,138.39300614014294,139.41040988661248,140.89657459295296,138.7747048120073,145.04046258678616,141.22773998822692,140.92222854898776,141.48972187095762,141.74130787434805,147.37786380484013,144.81840843285414,142.4131061256913,145.7551507873191,144.7799010568575,152.99689384372613,150.76822403773838,153.87884021585137,155.58226335407966,158.59630640483184,152.29246950418144,149.57769715126696,145.79076785806828,147.17664981460868,150.3875917334903,143.22630153483192,141.96310475593103,143.0154007197142,145.51915696874408,150.33872964592746,142.7008526418764,144.64979106603204,145.12172295976032,148.50528304113493,152.13527458013732,154.055455150624,152.44346343175224,154.74187911258082,154.32675352097888,152.74492385601064,154.01592418658677,153.68384451362047,148.77839651812835,149.13195666148678,149.11374241110886,142.06859802351772,146.56598750771113,147.49456084609045,144.78843188181574,146.97939252266096,151.0925692217969,145.4879584621326,151.34549676127207,151.51775294724183,146.28914717944664,152.09142242392898,145.91676617666542,153.74898029151262,144.38038806991418,149.94331288941808,146.97367211415488
2015-07-12 22:20:31+00:00,142.85035308873213,107.08818303866532,82.13893558742579,77.74966603284523,79.00485423567416,101.95167899693568,118.59211182898711,113.58131930815344,145.75429878907937,145.79787712635036,143.3602722022291,133.5567318719927,116.54944936730571,94.94526832974303,98.02688490289877,96.47295341007353,112.91347551120143,132.48999934233058,133.67820751812582,123.21385533298846,138.60736125182154,137.2570128290032,145.8221151727098,145.70613758352908,122.64273654027915,108.45574508588543,117.0860508359044,120.70180556819545,98.78759380304494,122.60942493547964,109.06172461828989,111.31893012607628,115.16081228722237,106.88561748364197,113.16937201130618,105.83582780339424,115.1736058609701,122.0625910377707,128.02809243765086,129.44166556557153,122.56008899789316,121.29604357312176,124.74160521716041,131.11713590058085,135.31319487889695,134.34943306895377,134.52866781850383,135.22635521576126,128.2042348046676,133.53801483865553,137.20220474107475,133.39287950599726,142.59617227100327,138.8504632819234,137.0399206898927,136.01999628901294,130.2314952601301,129.42465781966973,118.65703682898403,116.51129233078672,109.6519971500134,113.11700563704527,112.88374224836778,126.77383177847328,122.8024228127118,129.19517502423724,138.17510303269466,125.23298127067106,120.53087295660015,127.89011374764286,117.28772262686417,116.73451244737272,120.06246320508409,117.9686175625148,127.80369475906326,138.3788529276885,134.42964678305995,127.36268511603697,122.12361062499373,134.8621226736929,127.32201706084858,117.83124612257998,121.81357677815672,121.94605728077413,114.82074271225572,110.22735281677461,112.69654093691646,114.1491375231392,123.87126042295036,111.39280731348657,111.34230995802805,107.71933295616479,111.5333006515354,109.15645244094371,111.06936306739964,107.31212757806095,107.92545664264767,113.71977155231006,120.81625521681754,,,,,,,,,,,,,,116.20736302082243,117.95194395255685,113.64071713758311,117.940279603065,109.5164312433666,112.39948378094519,111.6840081445156,101.4654299157105,106.45575525469536,113.98616361387184,114.71280984458019,115.85516964322402,117.25147204690332,115.7171982162432,117.24507906036916,123.26188606515632,124.80611577051444,123.4439688089797,122.49181836897343,133.44923303299257,135.85820580754825,160.48422664132448,133.49169857494252,135.22570982699182,137.63622497513546,128.8243183515036,134.8152549467194,135.9490043540473,133.1355597190859,138.13975504977103,135.19710158599403,131.53029990041168,138.37967776960068,138.66597007447606,143.59423656779634,,,,,,,,,141.29972381002116,145.6576797736955,144.567278651233,149.84649038014666,150.1699512091452,144.47956988584198,136.2516301260615,143.85263590398336,142.47523774628684,140.54368871592416,139.8813039044844,138.94680213743214,137.84129099093178,140.68175531317067,144.87579247155102,147.04291636334577,144.0273626096937,146.33572957689898,144.12080350914843,146.6688710926731,143.4026747841342,141.85312654658432,147.84312208156808,137.50301364382406,141.4067288277569,,,,,,,139.3450584253509,147.74113352361067,145.8922583176046,149.84185280154003,152.21758235044578,141.85735070440225,150.2973198760458,142.0189826078501,144.82274676420585,143.19678200508037
2015-07-27 22:26:34+00:00,146.66525884887648,113.27024673450836,95.96223993495072,94.17823945459835,102.71281334635339,117.78360348556588,139.83469373568107,148.32198913388575,154.4706430362852,155.00267067274183,153.64058255353996,150.92247408304593,122.89014526961546,113.6643834202282,112.15572047355433,116.91698589649964,131.5279837108239,143.28768872659276,143.97784519853747,146.28182547249435,154.2284479938706,158.50852085192324,153.35624840831326,145.15684399920792,132.4812398250742,131.85097179317384,131.08057766699037,126.1991617233522,121.96552591389371,124.1650408097226,123.6197793245946,123.47900906430148,131.41293035621408,129.79587428571216,128.01110354328372,123.30153723940182,129.4754481132633,132.06187668686826,131.90471002990765,134.60864202678934,122.46169340455339,127.01477421603005,126.82551114803378,128.8820616376713,130.0156079113849,133.51886097279973,138.359769877611,134.7100207022128,145.40452957325343,146.16707006687204,147.73131092848288,147.8593903948384,151.86993645824293,152.49893638430473,146.36702679310184,144.79614292898225,132.90462324427136,123.765577221923,114.27857455160887,115.94979068302588,107.88157640012273,105.95342552950423,111.29492106329806,115.28097554923868,125.04827358694108,130.52987307526945,132.1488119679305,132.44900111200937,126.57404390487598,123.15460466227375,124.59040715101386,127.65324000347478,126.21522876765056,128.99412905772863,138.30424281124584,138.80279916605426,141.7978988183977,,,,,,,,,,,,,,,,,,,,,122.86923716153932,129.91138072940194,131.33349362011444,134.12008675776121,136.02692448130378,129.27599329495612,127.42588928492238,121.8056785313603,117.52485286241983,117.9264556345422,117.57038471260931,124.69137367192258,129.08763040179977,130.4930940476579,132.47561571491914,132.2128985935936,128.57314571759318,128.36371400279847,125.18386743882348,119.3346788679593,116.93422085252557,111.9764967712561,112.4920181596496,114.9782262811812,115.79224214325409,119.23562498078424,122.27323982469241,124.04429863831632,123.47041206810266,124.76883222468356,127.1596489428938,126.233702049637,129.34654899700922,131.72828159110043,133.44597598741495,141.47287954348994,147.39502454392155,144.37654091024433,141.84172509382367,144.18531756435712,142.4879257461153,140.53232517128367,144.01884865412106,142.91808122490662,145.02299415188426,144.9059750210262,140.96477787866195,145.95680248690655,148.0984975902319,146.16945332844642,144.55287908578146,147.53954159259655,164.2537913952115,155.3389770514976,155.4330452625069,158.11148142404568,161.58887255362632,153.93876043468097,155.01636407479353,150.1531257665515,149.3340996803135,149.90317054471677,145.8887438721012,146.91802316095465,147.4348246336624,145.7643690794626,147.8806261279533,144.30871706731944,146.48276541244272,145.72654161029118,148.51529200374588,146.48441526264827,154.49834236040925,148.52177976997567,151.6566651591184,152.29336798266218,156.58760902401878,154.75202462414427,157.6100058861977,152.86813478075499,155.2209660736621,147.01985379886406,152.35751911252513,142.70327522920115,144.04817540797342,145.21172638566222,149.24076009377896,147.62027093695878,147.68986454216744,148.5548385086627,153.94334524432492,150.8668366714014,145.32531342530632,154.36910516391174,146.25802356915483,154.77782673871,147.15151438075026,148.5004805668135,147.4775610325585
2015-08-04 22:26:46+00:00,109.98749495732338,,,,,,,,,,,,,,,,,,117.88485432434044,118.43600217296174,113.78045001771596,116.08046353459466,123.04590020113594,112.4472035042808,105.9038902677612,100.68091242595564,92.56973690934056,96.15326023935008,89.69267718319556,95.9153552294926,95.4102880414068,94.7977586759302,88.52862504072397,87.5418533920393,86.67199191414655,94.7816727477811,89.6777834285418,96.50783573299042,102.84230699857206,100.67161055217088,96.3855377671717,91.86507021176557,99.30769232361845,102.2511281859937,105.65876803442684,103.39641646808326,107.02535513872964,113.08123505410136,110.58107706542168,122.52703580054741,116.22585934049943,120.06671971236398,114.2544021188964,117.13031113623236,115.12114593470272,117.26136428924632,111.97566309917296,106.2568459096004,106.57052251721097,91.80098690545351,97.95033259839543,98.04344444261018,100.41487846267877,108.19581068954025,110.3978681324293,113.93922450968778,115.19331868889867,109.15687986130517,106.6642904994533,100.4297718112528,95.47814686482975,94.56694758717542,100.64151003333939,112.47108239376901,113.92519759210043,117.0652977842687,103.4283459192566,103.4742000953608,99.85691977443321,96.74208756732213,101.99852486617566,101.20618322537236,98.01269452582372,95.00372197037035,96.49118559911508,95.12250284805282,91.79597419520272,96.49290212818056,96.72504323407418,93.53756827485006,90.66563901248364,93.01922249503725,86.69840705984181,79.41485184417309,,,,,,,,,,,,,,,,,,,,,,,,,,,,79.67441734434772,84.55857767341935,87.5306283166871,88.69805975106665,89.08648044409487,84.05497673554525,85.52817827807925,96.60209964588432,91.98799866212136,94.82352942718498,102.48638220689784,104.31628473128528,110.0317738622879,110.83705523214527,105.754770114038,108.90440725620452,112.3634096628737,111.81274513056897,106.5772129527629,107.65571683322182,109.78005030824757,109.59260502700177,109.41657323463876,109.25265609909239,112.31826544413761,109.12641609724416,109.63217152633321,108.61698649795045,,,,,,,,,,,,,,104.91237019121608,109.34973667943527,109.68423065274204,114.90178857928731,117.89953673340919,116.65102663474006,118.7962936448028,118.45223532620108,119.11595633871298,125.27284688372204,122.01347257762703,118.30704866831536,120.66800807051862,122.3310088431259,122.65318874602106,121.3922370287486,120.99614290795064,113.64778319467263,117.33566980467073,112.4691911746922,,,,,,,,,,,,,114.3807939156298,110.88517326320792
2015-08-21 22:20:33+00:00,142.1168342836343,133.22446480625896,104.51703245037093,95.71966539082243,89.4658681684479,96.25853784696515,114.879085553392,123.80754225460882,138.8114963056511,145.15407479400776,148.40050754024,141.34909302654475,123.09247958650107,112.59717985855255,114.47684151227882,116.60480979734281,125.24762943916919,133.85676645724902,138.8812185585047,138.9604059534705,136.980185011069,141.23219094958407,143.45974458955217,140.1535520344426,128.82545707850278,127.1436200801727,120.21998969570298,117.61884742261171,119.45786097833593,121.27091940140443,116.54901836014994,112.6791678179906,111.34916045495098,114.96120751904584,112.10010303618496,118.93960661135011,116.1523420705915,123.28586754007273,121.06351303374466,128.0107148419934,122.88707552505682,119.20754118784399,115.61553840984877,125.3055861334149,131.61243411267455,132.8284522523234,130.3280324763811,138.71167039967904,139.99180874879931,137.94103320060736,141.46384010301182,143.39064136459442,139.15899250999712,140.2027658434162,138.2168143899276,140.49656559601232,139.33768249170893,136.07184173361247,127.3189580591169,124.63856502412351,116.84415605044994,116.34476875878823,120.24109965108597,123.76256905861054,124.02352345188473,131.27053852323456,130.68033309457476,127.68140245986872,124.4808071945091,120.99247679630533,117.95496278392453,117.94849575312905,126.76083136969791,131.7837150073828,134.77236046444042,133.5693078527453,130.20900620524245,125.21437922248383,124.41080483678665,122.82370831067963,127.09350639399186,129.14201253532607,135.32500642084594,124.41239024280824,119.5676877951771,120.59100329915422,114.8409433788845,117.52252973720573,119.09287683923368,123.32622357187387,123.75985741081551,120.80820513979015,118.59206844013369,107.92936769663837,110.16177173252807,104.86251584054081,105.95166373126298,110.87447892084123,115.82873531492172,117.28320754847519,123.24556856963989,121.11010917543945,118.20431527925324,118.32145529374571,117.88312098140592,111.54930029789139,109.35732745885122,113.19619280019423,114.00165020542437,117.07483105427951,124.1930817426888,119.44152019837267,124.53003861797643,115.66947981816257,116.28894067736593,114.85064917000909,107.86158360022105,110.39735181716597,108.18753591277635,103.50800993339614,101.83288701513123,106.49720927258653,109.4401516220512,107.87811472680977,107.58082607561339,112.76815914260719,115.20126662271365,113.09288785922966,112.64969957409424,117.03542920952088,117.96487481656418,118.92171325313846,125.08078803879793,128.01128665692588,134.51401763862074,131.82217933312813,131.66026747893764,132.05448187208822,132.6146532035755,129.05609512142698,138.60358023809894,129.37849881441966,131.75579807394467,129.7874764702816,129.42484038796218,127.9606308823496,133.48482528531613,129.45037871687126,136.33409536616384,133.7943260677967,139.44878486105475,135.923550070581,142.39241316421763,143.63658685984254,140.72769053679752,138.56529807778088,135.81554558935798,134.67381698452692,132.44084524228137,134.91428133580445,136.51260783889188,137.4918396774923,133.92357650891861,134.07198843541653,135.7849694905498,137.55786519319636,140.12019837421698,142.8776784780405,140.73580871680537,144.63050753405616,144.23538146118608,142.5546461829393,145.05999379954673,147.93241621660226,145.7088014722754,145.93442962136515,142.7813046093749,139.5826317813786,136.9530302293437,134.91630560036506,136.89634480404933,134.6261889893283,133.96357094996762,132.9290657493689,138.1878216687558,140.40007587166687,138.6856981105565,143.18037465762583,138.22839367614623,142.59337306152904,141.2895759279599,144.16351182794486,137.1777838296922,139.199751033729,138.4248599440817,142.08979491092916
2015-09-21 22:26:55+00:00,133.33259287420677,,,,,,,,,,,,,,,,,,,,,,,,,,,,115.01953367650471,,117.61347155310075,118.0017544559221,116.7567207724572,113.733157435983,114.06390751017356,115.8376722871073,113.39910173551519,111.72387505959205,119.33395196575876,125.23563185952743,115.97883665049156,111.01946059874895,109.45136663780067,121.11688054740142,123.37579343199344,124.98975662362048,128.40853146929393,128.24715434040343,134.0847769395511,137.12074979202407,135.46811524343394,138.79585629457418,136.82028559622972,141.18816551706922,138.28371251304384,140.2703616767808,134.53720801896577,130.41553840760292,125.9698344717442,125.50325132839043,114.98484163357642,114.10614579586117,117.97982244952082,124.06164333137804,130.28269779746742,133.2601795935739,136.32142943699893,129.49874179076429,130.4391870913655,122.92663074866545,122.59843692455506,119.3057570646413,120.50387345722311,124.49358672835123,132.21163037916233,133.55854427346353,,,,,,,,,,,,,,,,,,,,,,,,,,,,,,,,,,,,,101.79176966036177,105.33122425637,105.61858959983503,107.26483128451042,106.54369138326511,104.54260901952539,100.15214318268212,99.03718928042152,97.81885398252824,101.32181952286997,101.88204754308644,106.35365214455929,108.64875080194369,111.91209979133879,111.13000521743045,109.69721628151505,113.72735981867991,115.7787094904782,116.18153669514541,120.35592359383855,128.41325047850688,135.32992096050825,132.21355820257546,131.56590964309032,133.00751637228578,128.46580433115872,132.7934099803992,132.510781963451,138.22604271554272,133.21337245644966,,,,,,,,,,,,,,,,135.89855310655778,137.0459273051312,135.62226462221707,135.4095817032563,133.79122246218995,134.9789454456105,137.89850289405794,134.85636048453676,132.0658363213464,133.83004179425214,137.9072710501286,135.22108486416118,135.52891528415407,138.18417838445876,143.35138488224177,142.6634724215358,149.03026586715276,144.61680520770008,148.76455715565237,139.75635711814897,,,,,,,,,,,,,138.74515072849942,138.25271376178523,139.3792800310768,139.54916210073748,137.1136485286668,135.41699816764748,134.54347274019358
2015-10-16 22:21:01+00:00,123.5395318832804,107.77361548675196,98.23626488234711,96.89147045666064,94.30090336219723,92.03171709433451,113.43044591791462,125.79233489277118,132.00610195613567,143.6336300669492,131.73939731328645,124.70752220596546,103.45743735101782,97.96071902854845,107.61733559165023,109.52692289431454,112.13216741890892,120.22127584240468,137.4915595231345,133.34019862639212,127.07558335853463,123.97537254071801,124.93096631662817,119.30269815381914,110.52714088064256,107.55622020847663,106.87128593506264,109.89325686231987,110.14526118683516,103.04669836257773,104.95267411942949,103.39318270666732,105.03369835273583,105.91313931006556,105.0090458686503,102.77820195894115,106.06219119567889,113.64686271000974,114.58933575145045,108.54890303736806,102.41785005352625,100.29168615044996,107.55123538333433,117.21624618554091,123.12974325953805,123.28267805596637,122.88354223295875,127.03414657449535,128.8074513187138,134.6541203297759,131.47828504842244,133.58063704031514,128.01229152772171,130.592208690031,132.84076538358747,125.69625692259044,124.31729626734705,119.4334454432576,117.87784052765574,109.11035598957113,106.3742824720693,110.17569144661185,112.8778019675755,120.25322798656465,117.23034622106813,117.85316634495979,116.54119091899972,111.98648572095243,109.4318338018923,105.16006374240752,104.73370603205905,104.86623994358041,116.14782952593552,118.76119334652184,112.7236192571502,117.95637423375662,112.35371154941093,112.54393074494548,114.500233212254,108.26076589035921,109.65205583835579,109.7455176086457,109.58758190875507,100.30530036032279,104.44469094882,100.16261007136234,94.49032187553613,98.02632197936366,99.4631936231873,102.97094778946466,99.88751634174527,98.28037015274646,94.12847984303752,89.79486056541604,94.20179215593257,89.12979767439917,94.65885831152514,96.24381789313603,99.03117792199389,103.47816250747353,103.10116954620278,103.67441578284625,102.73585654309791,102.18601415711613,97.89700962870589,91.2237086346034,90.84862134181137,91.24852479946506,92.53325436321776,94.52044840317834,91.96474662859936,99.01300107836093,98.08991397255801,,,,,,,,,,,90.4079039427729,91.2831627072523,94.20057278877958,97.44617499771735,98.55771764490758,107.25237953287316,107.72722033161853,109.96802326905896,113.79324064557332,117.36719265171185,122.17203179645726,121.72466698157727,122.06134162630646,119.54738699315767,116.68179410258912,117.81451265833955,116.63071505838381,118.51933379189397,116.52067081922192,119.79501586778777,116.3288707662863,118.56109154526214,116.75359272057854,116.51817773411649,124.13849570047776,119.42755328327488,121.45774796579411,118.99758343919588,119.56485270871481,126.43662977077767,126.05207861792869,126.42001018397487,123.41462333141102,,,,,,,,116.81924255753493,120.03618524420563,117.07127949678043,124.0591164952147,131.86404068526855,131.99680518213736,130.67851854179844,132.22150429672644,129.74927856087854,133.8855258443911,133.05321842265198,131.44092043703623,126.8627710135737,130.22095693306343,124.13435947167221,124.2766203382675,113.28162174009344,120.5981117316385,120.16525553081956,121.6444270405003,121.41856648936177,120.47519403111353,120.21173145435424,120.3788071483181,,,,,,,119.74456041594368,122.67804637642591,121.77920344078697
2015-11-01 22:21:39+00:00,137.14273967487387,,,,,,,,,,,,,,,,,,,,,,,,,,,,,,,,,,,,,,,,,,,,,,,,,,,,,,,,,,,,,,,,,,,,,,,,,,,,,,,,,,,,,,,,,,,,,,,,,,,,,,,,,,,,,,,,,,,,,,,,,,,,,,,,,,,,,,,,,,,,,,,,,,,,,,,,,,,,,,,,,,,,,,,,,,,,,,,,,,,,,,,,,,,,,,,,,138.4607663409173,138.20938545762365,141.24878716442146
2015-12-26 22:28:17+00:00,,116.33429614358529,91.79702538950109,81.4897595172092,81.98178621479893,85.7728693992402,130.58256306164984,139.29436506707313,126.79562375012786,123.1504032876294,118.6152487215977,100.74944764819169,96.37477099978857,96.16621975721642,101.86898767849891,105.05322185194636,111.89091858965791,121.15722114657011,130.95602373847737,138.8616172716438,128.13360355032174,130.1173351770935,126.99235981442028,122.80476420047061,118.72179200005286,111.59626061100008,103.29555437875437,103.20572988455213,103.60746005990721,102.21438792799187,99.24134899271014,100.34852642758094,,,,,,,,,,,,,,,,117.45821724270327,118.8334569306604,118.35646736823003,121.00127809203713,118.69897059984609,,,,,,,,,,,,,,,,,,,,102.42780259759073,106.77360725936649,113.70210829639609,110.97879398362036,112.04474111680612,109.48495723738918,108.61126937340319,102.09523927702567,101.8314369099174,101.63793565105115,107.58056765250161,107.95329676807098,105.79695877764435,107.52454349126327,105.01452056869702,99.84592216255837,99.67846502631929,101.32761832700626,106.72397763573504,103.51616427903497,101.64456926144513,,,,,,,,,,,,,,,,,,,,102.48703350119655,101.90085843686516,104.30684132975753,99.70696749832351,93.67797467567826,,,,,,,,,,,,,,,,,,,,,,,,,,,,,,,,,,,,,,,127.22505944579451,129.04647978628475,126.04184570369863,124.67506757893194,125.91489831203306,,,,,,,,,,,,,,123.75886876337458,130.665668186647,133.3326153159754,126.41646119194881,123.79537132513869,121.89810784930417,119.73357933360768,118.23720757932192,123.8820181640657,120.17574169118372,114.86246248323377,111.36555324954185,116.67234025450897,121.04479352222182,120.53546034570432,120.03419378087483,119.67463135151357,127.93664425150162,126.07815698069297,,,,,
2016-01-19 22:27:03+00:00,141.9442010579266,136.63775025232044,128.0524538117932,115.66041474941075,119.18039295569537,137.85757486410537,175.41121296605957,172.13064574554593,156.61812133358703,150.23802691425976,142.48545044275852,126.28104260029417,115.64074674120326,116.57836533624864,120.27228411091889,128.76217540977694,138.36182341788285,145.90683978156792,149.88514453610526,154.99418270321587,162.78588883270314,161.77996495990507,152.80702038165236,147.2902024115511,138.85810317464,136.70925439105406,135.34827189346876,132.66298871948908,131.91323841805314,135.75630839192812,138.30766824842152,141.01863169222509,147.29872772154943,130.92811096428989,126.3566097336106,134.5821556444274,142.82324868607213,133.06343738854767,124.79740985726222,,,,,,,,,,,,,122.28445089157061,138.5897459713196,148.79350281557527,150.34985592099068,151.78320993067024,144.65664846079224,140.81882169595548,136.86571736338894,135.12692667655338,131.81367166948607,126.83333228130581,130.70821535754334,133.95605870411626,136.0864181594775,140.89787071459708,146.50257668793265,134.6800852726424,138.86016987959286,132.35752710112928,132.14997165310427,136.2756200699581,135.20784862637709,132.96574831133705,134.92222315007317,134.88529649517747,141.04589434063558,145.1416850651507,140.17835892865665,140.8169257334292,143.09336748724297,,,,,,,,,,,,,,,,,,133.98538690001897,137.5518680344689,143.90887274912689,140.13536100882305,135.0121484792511,129.2547857294985,127.29721171998304,119.71396460569859,118.6553274477074,122.93103817226961,125.67535147336235,131.830159219966,132.82488676291692,132.88711531067332,132.40644182681964,,,,,,,,,,,,,,,,,,,106.93869152008457,133.8684971367918,,,,,,,,,,,,,,,,,,,,,,,,123.16879315972875,132.58449545504448,152.09619645145864,146.95797716204746,148.86837703870444,148.15492190241648,145.71578234999106,148.91760356931852,143.56153307945334,150.68813585621956,144.57972754436014,149.61828945411435,146.92265131912194,154.18177831674237,147.25539336950453,154.81540873798838,153.00699614774936,160.4699027503178,152.327613287279,158.42139175999316,150.42958164933546,149.60851115873868,145.64646479093528,153.95172186351851,145.03285216186825,145.39096583790527,147.06821414175184,149.01868172375475,147.54333525536538,147.46857072414488,147.77271724124253,152.88579446696667,150.09571561750303,149.263321144529,150.4157964525807,146.05573341920024,153.93370230627463,146.34006076124749,150.3167859743775,145.46200285950562
2016-02-13 22:20:44+00:00,139.31962948451962,,102.96026019212557,93.79619658967883,99.61674554625449,118.06379677791148,156.5686952557031,146.23527152660847,141.2386708815056,133.64930195394268,122.1119838007736,108.51454818020551,101.66765392982936,102.8000948412135,104.42718220033888,109.67167706502373,114.72820363189594,127.16629091785572,136.06664947421572,141.69296442511902,139.90363249564402,132.5634299655397,127.46716975420355,128.84935426604935,123.95527326339437,123.86188361661006,119.00924802498982,119.4711533495348,115.83286196741265,116.4643979099989,119.77925324825827,122.23335578954247,117.62521413864053,108.31706006526801,110.83525622311022,120.4645271349974,121.34709590885268,118.19430913321135,114.72388487274634,112.58701181450094,112.95426956593174,116.5518136915343,121.11582662333166,129.93200322393685,133.06249646793486,133.60071017288757,136.71483492583826,140.37674009540154,139.69229109878566,145.43175276018408,137.98064177917675,138.97375313721477,135.83935492666245,136.5368656895931,141.86396778993958,135.49783523779752,133.82204333811086,132.56135378422786,124.7362300141871,119.67901581865254,116.01534900532198,117.79980305185319,122.93564719913496,129.4541525324602,133.48886582443555,133.5757630949318,128.1632845823128,127.60802916391222,127.60584514012567,127.22925397383884,121.69332869440584,124.24999657134376,129.7024115409577,133.60718466909722,133.43382755781352,134.0438786036411,126.8660718031641,127.88904590006825,125.5590128910614,124.93613801350679,120.7649499679849,122.19741905501846,121.60336757306005,124.6883330035056,117.25599431231056,119.95206324476001,114.84334314681672,118.2715084260343,118.31257550187973,119.99304561058115,118.69150086285804,119.05403467550735,114.04335822372111,110.49998823360377,112.97392355479309,115.00307942037168,119.80222240416956,121.1221142478797,123.60193008018126,124.6718321560874,124.43156454211505,126.21128512321968,127.44514907331319,120.72082488821115,114.99569130612879,106.09174275547876,106.63123545268913,107.40379551303182,112.63679630612341,117.00646904175467,120.4154134530893,120.05573577780129,119.51161402347363,116.89310400350827,118.38498023190706,116.48481793896167,109.07564304901169,106.12540494721544,104.84376426120713,105.52683194951082,103.95121964107574,106.75458598666458,108.4325107889674,108.21206723354467,109.76457393018758,111.07545414591719,110.02389626320479,112.40536913067953,120.45227927252957,125.15398239583124,124.45112488511852,131.63926121759877,133.90258530297896,135.2397873030696,135.33899869115564,136.90139854190258,130.32571934854113,135.93143962975083,132.1124475891015,134.11786186902435,136.03961745941774,130.07184595153265,129.53479925345607,130.21599490573067,133.7016421072156,135.14075281303454,134.619603952476,139.59992002774612,134.9105860298612,142.65870640741886,138.4843303239457,145.3459325867239,144.54667307932965,149.6150909842105,145.37281408975983,146.67453004937988,141.06709521567643,141.77730766376834,138.50667436066138,140.32645675709188,138.94103446961887,140.15714136505974,144.3465443837128,136.72314785394323,140.3433843125796,141.72853276517287,143.11169288737543,147.00677916699019,149.82213194753993,142.63602158741523,151.0677020132021,154.94154164063386,150.53185681924305,153.3681063944152,153.72115886766133,145.61677618587348,148.78908979736048,149.29231164034712,143.84149454908123,139.33856116734378,137.15806788449228,138.8242358505942,142.18299186215404,138.11548729588498,141.98372934133505,139.93029747646827,141.31333753653345,139.66972427410877,142.289018823164,143.04589379481317,142.18067900195203,144.7790710170633,139.68851097668602,141.82520369680037,141.719226773685,141.38428717806076
2016-02-28 22:28:54+00:00,209.39435729055694,,,,,,,,,,,151.6701563547961,,,,,,,,,,,,,,,,,,,,,,,,,,,,,,,,,,,,,,,,,,,,,,,,,,,,,,,,,,,,,,,,,,,,,,,,,,,,,,,185.45100542453477,173.49779759177326,,165.52765438201868,181.33310897989904,183.83203635812234,193.37958454704565,196.27605860232998,,169.91437694457804,,,,,,153.01994226769733,,,139.88361587572834,142.64083845160684,,,,185.61617115085073,168.320811677741,167.0819785095581,165.0377106900363,162.80637251521608,163.90702924035827,152.95922456959792,157.06502166119697,156.66728813482558,172.5129146400082,,154.68653973689283,,,150.5773975362531,165.376210452966,,,,,,,,,,,,,,,,,,203.13264960023216,212.7872763314139,197.03391922113613,183.81738112310828,208.35004858497624,216.9513902449863,233.07530073705428,,,,,,,,197.4008106143052,194.0848075401195,202.51632922550843,207.67813860573267,,227.65388205537025,,189.80991586987184,,,,,,,,,,,,,,168.35345552380707,173.070527974249,192.9338844171746,,200.58792651863905,170.91549782363205,186.9275170970055,202.70375525110407,,,,212.34058062619772,213.8350580479072,206.21757882456347,
2016-03-07 22:26:50+00:00,128.77945496808232,126.43182882292399,84.06399921205869,86.98520962223128,97.75102480592604,121.25798335091946,141.23743922227538,144.6320953950475,136.92505138276317,128.15915098134033,119.90824763342701,105.201661192529,98.08243952997859,97.3113877454967,102.81327619333888,110.68558955301975,119.10460829881345,128.43895214475282,138.15409163916038,139.1097924152993,135.955160516801,135.1723688597133,131.13207705202908,128.05145079303423,125.06571858731688,124.97910017332318,123.60787464228987,118.39829349971056,119.47724418081359,118.60440366661277,123.73065141038866,120.0434971870823,116.05175818556626,109.33810227101365,,,119.19161501602031,117.07988271041026,112.93700270775106,108.84880996637777,108.89880808812794,111.02357502473141,115.70498825482909,122.65361754658947,123.37913646709156,128.83624954460848,127.3695261550681,130.02330684370577,128.04413402639173,130.39960910424205,127.42689138421744,122.50045078337824,117.4521470377477,119.25680103116777,,80.90893336435471,81.7642206543513,83.41547038157694,94.37459996786794,106.87271619813068,103.77103625463138,108.79896111613814,113.29130716667727,113.5370139761578,116.91904307497246,112.52468358642284,105.79606503046338,71.01004264348339,101.99594161365022,113.61544707623892,106.28701249852277,112.72044431167649,110.8733589317188,105.47518734855123,94.38481326735469,77.19679954920281,78.29744534006963,78.95879083480331,74.95033380733345,78.79389826905225,109.3305900586196,113.9752091202209,117.22112529880685,114.27216945056713,110.4160039877957,108.38052834328711,102.6964967653169,99.65079001818205,,,,,,,,,,,69.0822192513287,,102.93592456397616,103.40416732264826,105.51799491814283,106.84897448250737,98.82788238419,97.3336389842836,99.50802414202664,96.11261530542363,107.39426074424844,110.06147603112171,108.13516812159742,107.94546311313853,108.264731204485,107.98074552095457,105.01318302120553,104.5425155962642,97.27225706958228,87.53776218167913,86.48421926776864,89.42792705900132,89.84882632744275,93.52708579299798,92.43645530963747,96.0404226509763,93.46006088129366,91.71807326987103,98.6458151766818,103.67644736238822,102.99557222184303,103.52801055399696,110.21677015504098,110.32902756609477,113.05160484510345,121.70466281581133,123.66026110445021,122.31477884796496,118.3935933188162,121.22404080634716,120.37418427280068,121.6307549345893,120.47153216652731,116.91528573717093,122.07986642851105,121.88020100785884,123.39561047600729,122.02730739056383,122.05409115806238,125.40407186336553,127.38146495625729,124.58225138269317,124.45455363561592,120.97413387044708,96.9117419929203,121.46329321225481,125.50033156203297,126.97256068572105,123.06088701246715,123.60284811717233,119.15174537881477,116.4407594502717,123.8150445091218,123.11512159545816,122.47145796906848,122.02431390149043,102.73851543778652,114.80383498624596,111.12997826799307,109.8599772456385,95.28885824395354,97.18417535173486,99.8644935889782,128.0860739101056,132.55717605340715,136.82760296399488,,87.45594952390374,91.1683028654478,103.76243866726797,94.10882815005594,109.84494536344283,130.5326470884441,128.51263134194355,129.16515106878077,129.52296555490244,132.16631864888248,129.8602843586677,132.35984270967026,131.7308195518228,128.56668482067232,133.99891575038123,134.67105913579397,132.80681383724587,130.94986418444205,129.65397507379828,129.36957785194346,128.32081791342105
2016-03-16 22:21:00+00:00,140.2945369053444,130.38987455823911,101.82350192470103,96.82673430310646,107.6339570223916,134.23277978829378,159.1630626701169,154.38395017102974,146.03652253447,138.93899925386276,130.5853405538209,124.25447911168962,107.50503111101422,108.4107281337717,118.36513492124351,121.51711506383245,126.77290609721793,139.2400730120612,147.3661170221266,140.46473816103213,149.3967515795611,139.89122627765664,137.59031808116734,131.9596550830057,134.06457331715876,130.86527346844744,135.0482024488767,131.10465572834283,126.38378624946085,123.81797731963438,127.55502715406193,129.17514285608377,122.56395742192024,110.18630169983703,106.77587148094239,118.03139325374798,123.72406788676537,124.62767077559636,122.46572809150814,123.36080627280306,126.39092514526226,126.93510286562888,128.11779407648774,131.44134076092408,134.50119526529076,136.20655032914456,138.22006340951856,135.52005489983384,139.47818956591627,138.66637753864012,141.74467444653698,134.84271759600037,137.15825277244045,132.47150679521758,130.54317982930047,131.72197685186015,126.09394995183523,125.02012884559646,117.11896321982313,119.99497723304412,115.05082305545112,116.13283112875463,123.83507817407782,121.87873376062345,125.04803448893242,130.54418520450923,128.05519116290452,123.93489581533692,123.37208326245724,122.56005723148328,115.68335361748515,116.40005021166783,124.90119226955132,117.5071588835809,119.37420181086641,117.33388484785844,125.45380553089838,119.34891417529121,122.240167194877,119.53989571997386,122.26121852570925,120.3783737785835,122.41107285979297,121.60808900533904,117.44859529743096,115.18099859085908,111.66346561589557,111.42777654712548,117.52522726194952,113.38942005212364,115.15526558322075,107.99506293937576,108.8515406622834,110.1432545437316,109.33460089905283,107.15799965055825,109.9869005901744,111.21534364276579,115.4618133956827,123.97297299790958,125.19007764217072,126.98428558741013,115.30522506022406,109.72037813494029,105.34234807001185,99.4347367894438,98.83180833499807,104.62562699393325,111.29891452963592,118.07521551568334,121.57523035923145,118.23313635925682,116.0936905295076,111.86097694638832,112.5693144488739,110.12027171252231,106.42798381825185,104.15708245059385,96.06299006706637,93.67224979164685,93.14446581239861,95.53192960631085,97.27812410428024,104.79036631954165,109.6067433512174,109.39346605320658,113.05821236236667,112.19483302609024,114.72503068718991,114.32746448720842,117.69924346171524,124.62173523776976,130.53327842908135,132.70977203694488,130.94951291262473,123.04622477935581,130.85144441269156,125.32896460476398,127.36813657401642,131.41190975949152,130.98976764661475,131.7732647789176,130.1885823815977,131.33821753175465,132.04160414002268,132.85331967523086,133.70966835523922,130.95112414067015,129.7445228282304,132.55170922913567,134.71592141295216,137.94953821726978,142.01270817964186,148.95388840711573,147.2195300445624,144.54604051401145,142.1759892035061,140.26548485278633,141.79166481785748,138.48134126065324,139.2050621851492,140.93473696525982,136.28914369028595,136.58882377005904,134.5224350680192,136.27329837117935,136.71594111449477,137.70215504151324,137.05739903772522,144.2751328066365,141.80035959347924,144.6147472182062,148.1691883421073,143.34011621048415,143.23546551312248,142.62535335656395,139.01201588193896,145.9228212264957,138.24280340695606,138.6689627689554,133.5261612378661,138.7018441667591,134.4236188404941,135.30045102521083,133.6092130654453,137.61181738362777,135.68865846938897,144.1602125660151,141.6532992437354,140.71076313774617,143.29084857205595,135.16616800977192,140.7284015072864,137.81091171645107,140.9318035712016,137.29008940423017
2016-04-09 22:23:00+00:00,123.14556931500711,89.52325191441318,63.53489678922979,69.09787793769294,82.05504486354377,106.48626296878791,133.94726226214243,129.85523149638678,120.53651792447204,116.48420799046443,116.96996039306065,92.56849703427072,94.10943671783515,91.77599695676275,95.04020133695394,102.2133132283509,100.72903943936143,104.73966300301123,,,,,,,,,,,,,,,,,,,,,,,,107.81328330201241,112.08358874409504,,,,,,,,,,,,,,,,,,,,,,,,,,,,,,,,,,,,,,,108.74101362297623,107.42591772312737,107.4303725277564,108.41014260466343,103.004422617238,98.28127126868776,102.87890926371821,100.97691998018595,105.00050623093198,105.41288460943233,100.45753356576321,96.40798628100498,95.18205046977523,97.83645016665092,98.21889770415906,105.06384143249512,108.22394584203434,109.4313725645734,112.01637323986246,113.32466245373287,111.76231729813476,114.06101545377388,104.70724538889056,102.62820286085127,97.9917405523504,94.74716011285062,94.26885583598155,103.53059098855852,107.25812886544924,104.40574655482875,103.42435672795567,103.93105505878395,102.96343562713396,98.6275620253212,95.11824398481235,93.77353676538051,91.06273984293087,94.12609798268805,93.36287159174867,94.67135806752633,99.26785048178328,98.78070056789724,95.34500220008589,100.86062150035163,96.84386596648449,98.52179175059591,100.56324766021567,104.92207050003168,109.53275819276436,108.61574803921539,113.12182345556786,,,,,,,,,110.30993190704635,120.58990955446934,120.4536796452783,119.45726013827405,123.82796795891583,116.22614566316791,118.9196409090777,120.34454721826744,121.91205593870227,126.11330632745292,120.30501975011684,122.91628339669505,128.2854751285035,130.8806127618239,130.62079375645567,130.1850849526307,126.9858017334562,123.71520147992644,126.95240921089402,126.94028533842709,125.5930570179533,123.90548777787842,123.28541862599114,117.34453575051765,123.35440482315033,125.1880911635246,130.66580418434907,131.4243881781214,,,,,,,,126.56114478296335,131.63078555742882,123.05222091871907,122.89987811308029,113.15189070410644,121.96826040935849,119.37455163554672,121.75439293833816,122.92662623066519,120.46397384945595,118.76215566043776,121.58822373305827,119.28232043334914,122.28747556850705,131.25938062877498,118.21408695626234,130.38723512512004,113.21745897467827,124.66153344592034,121.79059838460091,123.52378194595967
2016-05-02 22:29:20+00:00,129.0746176535525,112.26242139099128,96.32812933737972,93.48564537331819,108.84648995979029,118.75914480272942,142.56074380609343,142.04928190539707,133.95211425199835,117.2749791305815,111.62872245144702,,,,,,,,,,,,,,,,,,,,,,,,,,,,,,,,,,,,,,,,,,,,,,,,,,,,,,,,,,,,,,,,,,,,,,,,,,,,,,,,,,,,,,,,,,,,,,,,,,,,,,,,,,,,,,,,,,,,,111.15343131172517,109.50850961843976,108.46804181430164,108.23728364071098,116.9830920768281,119.78056417529417,127.02525595997349,,,,,,,,,,,,,,,,,131.92526991858637,141.44700314052298,144.047632393266,141.28845141273482,142.616620534258,144.14630173950974,135.71570405875758,140.88792642770053,137.9375945421608,136.05547703421198,132.7926234809508,131.93631320124285,129.93247199495116,130.15689477178805,132.08738839686916,130.68146876758976,131.9444928362296,130.26895512759748,130.91379959116023,132.25268379419504,132.07730718949648,,,,,,,,,,,,,,,,,,,,,,143.2921573376017,131.30407065125607,134.901468430693,128.97144298251143
2016-05-11 22:23:11+00:00,122.99992398255095,92.28339679098549,63.84723151655028,58.88534202242292,68.37681650919536,108.20741525515484,128.48977946231315,105.83993294374964,93.07997666953985,,,,,,,,,,,,,,,111.97008061649079,106.52664768907941,105.87643280774175,100.17311902585905,100.76626467730081,98.84035238375387,99.8554496541107,98.13792667260617,91.86462101290259,81.70477120857365,90.07166669924067,91.03145168381437,95.82764582501446,96.88983852141122,95.27385369977485,97.30480487699882,96.20002636652046,97.22064084275142,95.96901973969193,101.37140958971362,103.54459899210134,109.5869508958426,110.58908960460782,108.08247643404505,109.84261752762883,110.02624101104763,112.30366050186304,116.82472447761046,113.80006081580024,117.35035858190719,119.26680242681172,118.19247248872936,116.76780387291342,108.31004869501832,106.04550188151684,97.07189928355201,90.13917143896904,94.1919709168498,95.25368700603657,96.02364534804977,101.27750973744844,103.76690601123946,102.79815217462503,101.1426254365035,98.0235199522116,98.83698802826096,99.55425216510729,96.27506511739307,90.48321203870059,93.63379863164116,103.93172434680957,105.62408549688507,104.78673877171589,,,,,,,,,,,,,,,,,,,80.60295497573041,84.32971517192432,87.06852849384089,88.42675469631651,92.31189437309955,95.5673720425013,99.79210361361545,109.13552524734426,104.35008270015145,95.81888638432635,94.3680006772852,88.17764434045313,79.90158734748036,83.98863319257426,95.56964197798841,92.01246048029151,93.56429362986246,91.78355971863255,92.04197163841621,95.91294858316274,94.8444160396956,90.82769822388299,85.1319563361453,83.02439790738474,88.83593343115754,83.06191353837593,88.72621979761807,84.0595987532109,80.87778391846918,93.05882306731982,86.23009193703798,89.72623098710643,89.76795365675099,89.47943320988662,,,,,,,,,,,,,,,,,,,,,,,,,,,,,,,,,,,,,,,,,,,,,,,,,,,,113.66808163151823,119.17452261457505,114.62195975065285,118.74951666160507,122.67204290304798,125.21123899253627,121.45124799134709,123.00136785400721,123.35770651610846,122.36713142925615,126.53126374870638,123.13300007785308,121.47566950675271,110.3407167756214,118.93747132801094,119.92984390928571,122.97287197863606
2016-06-28 22:23:21+00:00,,,74.44806363734692,73.66180802108836,96.06762571592202,128.52234626367922,144.2473636689789,142.6555202189191,137.9994951080662,115.35518112013828,115.58849491509972,101.70381269024668,96.00623347026617,94.10004855685867,108.73227279399124,114.67934068817344,126.5987801470648,137.95328440867578,141.84841016591642,141.7526084842543,147.87835349538233,140.94219772313312,132.37597077216137,135.86559904074497,124.1679587371862,121.82718922971232,135.4173088550738,112.92069937264252,120.18317890199077,121.48293584778489,102.16335210952587,119.34323774544565,122.06759517588974,111.30588979202027,116.83988268399752,120.2576648734339,113.71719371540148,110.85685726748227,117.31453298257101,112.71593069045322,113.91676611264008,117.81399216965015,116.67735387828499,122.09654340433238,120.13358569446405,122.46645854225733,130.9341327810791,133.66413391178793,133.26371996953893,128.40923733465473,127.88448312561258,125.39466475312429,133.89000021441174,134.92822649125824,132.73730258776126,131.61005747166908,127.09171759909627,125.72585680420131,117.72652325328359,115.0025552153212,105.43915174277105,106.59272272957524,,,,,,,,,,,,,,,,,,115.86920149741681,117.82967715598065,114.37376282080345,114.37727246228069,116.46141030797449,116.63967359053112,112.55570123324748,107.2736521526107,104.22874604265368,110.23273162196035,110.02866003168096,106.1803807454989,104.62782115180424,105.46648940934448,103.81193404841552,96.69680789073655,89.70735965543166,93.34205241494189,111.55485528961503,112.98972372609417,117.60903107242905,118.01177301390506,109.09668063445835,117.61471245268743,107.84838676580343,100.85729522692108,106.30242174467548,94.48060119519128,97.92590714751249,105.86749042472128,113.24308057320918,114.82649720948409,114.62953256305643,111.75022296793595,112.2668505317237,116.02148489432832,114.67894547066341,107.03799996290708,104.62995338847097,96.67011514594496,93.7570874007331,96.35736618793746,,,,,,,,,,102.68190773539271,107.6103499135438,123.24383442528293,124.73933363284985,125.19447130732156,125.27255260207036,130.71634565258964,127.41599451230647,121.55343400502734,129.22163540572384,121.97453781268821,122.28356022308789,126.11263178768463,121.5785269414767,128.81335374699626,129.72002722668944,128.84795685076335,129.37476533501743,142.5634351253018,125.25375916067215,133.15903938387078,142.38023465267773,140.99606248077617,146.3242827204246,140.60068346961586,140.54343942058546,136.09401937953808,134.65432827111525,131.238572078988,129.07680557884447,,,,,,,,127.61314201243215,129.66302906255993,133.00209138248388,126.89545916401116,135.320702365713,138.20887500410166,137.21527352584073,138.85671503793014,139.93063261430896,139.01825910303666,138.57813772544452,130.4268172992462,129.99572443899697,123.92719259168372,133.1717679910413,128.2238232078664,124.2788213479597,128.98368583228608,135.58755811303243,129.0882297004217,130.17131549026973,136.84339795920175,136.4779371825789,134.78440598387888,,,,,
2016-07-06 22:20:41+00:00,132.78882178223668,100.42494880746548,67.5795811694737,78.84512331936858,102.48220537299412,131.4800649076966,148.34955500565565,140.50683395015406,134.34195173272957,126.32675798882696,118.75554453285088,104.53182115665544,100.8073159795111,103.30223108715055,107.40724520539547,112.40558694702031,120.85457456198083,129.2929617275578,144.2557284849972,151.14438273363805,141.90833563629684,129.81889556549282,127.47699404550954,126.65013877722896,124.56129550572585,122.23653327604869,117.35760473387896,116.25555083295578,115.1121962373121,117.68089860436007,121.27632522781363,118.1645799930869,110.44403577788358,111.61483200779938,111.53655424500724,120.89706065013543,122.1020647143259,120.72588994410174,121.83869730729366,120.25574872830273,120.78517291706298,116.89256203449395,122.43658059473852,121.0751357566983,127.05589845117485,129.84696065410492,125.30705140343932,137.398090719888,134.26520817752868,139.53456603923414,132.75649713128269,137.43164914562982,131.30362795021114,132.22048481993778,137.7737468500839,136.40477734897766,128.00492219427593,129.7207299389577,,,,,,,,,,,,,,,,,,,,,,116.16561429403292,115.5723609920905,123.17180995988839,122.42515568083317,122.05788075274128,116.46947130185589,111.42416392622474,108.29628532764492,112.39144364637683,106.98980690564044,112.3956791113058,111.55363298449618,107.14573304137055,105.17147860907897,99.1032558719347,100.3222968075356,101.28040486623627,106.97230287690098,106.97719148026636,111.99309357824886,115.97851875232624,118.7785863135377,116.00064060064398,113.61293141355168,112.89256478713976,108.10717632937195,104.5196616729449,94.96238701287548,98.76024423066158,103.84390664766083,110.51405713894142,109.33239479565219,111.46871731062669,109.48994348050367,107.5817886916602,109.57610153034639,106.66731161417042,102.09203801806797,101.76665882065316,97.42028326545756,101.0040463336362,100.22774904459385,102.99313793295842,104.03682317755295,106.51966620018868,106.7357883784988,105.85723996179343,107.5218316294124,107.26558893485625,112.94807214610827,114.89684091103891,115.08059920490788,123.0025809452755,125.1284856396702,132.5358510217746,135.54037740250683,132.87948035841055,130.25245954550786,133.84512137305998,132.18434475418456,128.69296048128814,129.67376213487051,127.84325158417636,126.25714368974185,125.2164006404581,128.7848492644974,124.60031181285423,127.61247561699876,127.81559267223759,127.63664495047519,131.77492563676026,131.82478199516592,134.3220205810066,137.48675806694266,141.70829343127656,141.58066357541549,137.13157873582344,135.93364955754066,134.4120777541993,130.9610018689811,132.4290945034155,132.22807483881363,132.81697848683206,133.87875759499153,129.68279442575903,133.96040388977516,133.70616860121754,141.57877460491858,140.80024808928158,141.1692277718632,132.4451446314351,139.9863523604216,144.13085832181213,147.363052699387,144.28704899065715,144.73244296557033,140.10931226880462,143.12566927651193,138.0164040765906,137.99097039559126,126.66041634861242,133.4882903557328,131.2406584699821,136.55712765044868,132.7584238847894,131.47766504590305,129.7195679909451,133.85816128940576,131.13156496432205,131.84017223397024,138.57925268496862,132.29790215772783,140.4565864633945,127.40259828965094,136.45513221829003,129.69396114130564,132.5214351938529
2016-07-21 22:29:33+00:00,142.97823970530683,,,,,,,,,,,,,108.46648822662053,113.33280606516317,120.36244855024052,126.61866593910668,134.62440896567847,142.15554846034232,156.69778082447056,144.759258030859,,,,,,,,,,,,,,,,,,,,,,,,,,,,,,,,,,,,,,,,,,,,,,,,,,,,,,,,,,,,,,,,,,,,,115.49896910657436,109.31455365036861,106.18859970248475,104.18564196967637,105.30211046356007,107.32056795416422,105.75981351633597,110.35685630681142,117.06946083998471,121.74812206248417,115.52784453714466,124.28792337059194,120.23417247215434,117.15052418312398,115.58141754994948,107.41485908721123,104.0577042874999,110.98863197927348,107.40488379960745,113.24994659298211,115.56256687140245,118.93164724713883,110.29923103941783,110.46000895764247,115.85123306731509,115.1571542517701,111.34069723969864,112.02429270395857,105.7674040567679,108.6751628868662,104.82424348403869,108.04325092429242,109.59769897946875,110.53347864929196,107.93441498464291,110.42025861979599,109.20699720483303,115.98191513263808,115.09729120694632,,,,,,,,,,,,,,,,,,125.33465550948837,127.79022341658988,128.37252561398276,130.15744056289458,133.33652118605158,131.3776060246098,145.92367140720157,140.83328731704347,140.90388904199745,146.02765542753247,146.12172905576182,146.17093363773867,140.98315021360986,137.6371497703763,146.01997636453194,142.71134524320252,136.93868986390385,138.87691105066025,131.23022990618443,138.28419496228452,139.28750530532574,141.19057771590178,143.4781216972982,,,,,,,,,,,,,125.93658037508555,135.88456709527063,136.92096339241215,140.59406601988718,136.4523296177013,134.772734335334,132.34662825916627,135.1385350202775,138.50796638180194,139.27554529043223,138.6431401735375,144.08254211763858,136.74535533044047,140.51033641509417,139.31902622631833,142.99768719648827
2016-08-22 22:29:37+00:00,,,59.72646344263598,61.02806113087848,79.29190344636066,99.93482322759982,128.66244895249682,122.32685154631696,114.79493942418571,106.69936676470657,100.22258407639123,90.72740571758155,86.28120443012315,88.33277954606147,88.62985198076463,102.57540760578361,107.19923161914573,116.88717782211506,125.39419471394791,128.1988852438431,122.75006031653677,120.45368161989398,113.57180995891633,108.65840462996191,110.18815686036783,110.3732844882939,100.25682866731684,107.312327550892,100.58466329458837,97.4349457668293,94.44387178545341,95.95319408024302,89.60416645455751,91.35570538324137,95.20415745729812,101.21231459093136,94.35170099616515,97.75617905578724,101.43351398376656,99.21588833711932,98.11948728202564,98.52063388403865,101.5169681159497,98.56579992497001,110.48509902513187,112.44227669688811,103.42646764835655,115.11022355252835,115.07251770877986,118.9113286873933,120.13276353812321,119.05506762583592,111.87406203626176,118.50233024555055,121.30633402753486,120.56611902561136,120.00706356761467,112.70161547399084,103.22735818987218,92.74061051970483,98.62129414185243,106.53911641910535,112.84417151805488,115.32069994510752,119.50021657850893,118.01868537253492,110.40314690784875,108.65207090155485,112.0541964885851,104.33790844659484,105.63881165601332,108.04455948068453,120.70732878901335,122.24024601282095,120.52826383456684,107.9528908126456,107.8602024758136,105.21534955689452,103.52571017027876,100.76965348309804,102.19077357816403,109.22072542930312,100.78203135849428,100.5039367976518,102.32719564306112,104.22275441350845,96.967254562798,98.37042866088892,101.42091643510895,104.65969564439912,97.04871743693765,97.92211681840986,93.328963265007,92.0076792522208,93.6110710582509,95.04858224636634,99.7555740416132,100.4661834111859,103.36443191736748,104.82730587016634,107.62596125666691,106.37914792035191,109.61500492610847,103.21094263791517,98.97670955101593,97.92379450945012,94.05329628892268,89.60930962929075,91.30076494544132,95.95918019346544,,,,,,,,,,,,,,,,,,,,,,,111.72741226235577,112.22528355565234,113.25927738367636,114.70590660991391,119.95945180622519,114.6408640239566,116.64081939921783,111.74138511992147,109.57636706632648,112.09095282873832,113.92336011147157,110.09952418472818,111.9634354000813,111.53296983816217,114.34240029787209,109.36259868931784,120.95149400467936,120.64838000116752,117.48554143261767,115.52747502568836,127.25737125505317,126.97597397774844,126.57249160560983,127.42578894824456,,,,,,,,,,,,,,125.88923329261814,125.25195096837186,130.4724951641331,131.56666463276926,126.49859950100154,124.76525641251573,121.37851853987942,125.84462088511013,124.61038903964644,120.89081157272376,112.3874074424796,123.38140358909736,121.14594118963021,119.5097639697257,121.86458942320422,114.72708002887947,118.3586753366963,124.2481310548246,123.05828211497887,117.36640500994564,,,,,,,
2016-09-08 22:21:24+00:00,133.98606083707398,,78.03132136943576,72.00627935614327,91.4669241690208,119.96752043083926,144.30172925326366,146.07194664095294,141.63422110248007,132.20506691506682,117.08194649749808,114.47919321399677,103.85865285171442,104.59855245155428,107.45427177899728,117.79110714497543,126.88065504489226,139.14679122089342,145.12030871684553,143.83036276593177,151.007497335071,146.56614564619363,139.67280863703076,132.8055676845338,130.5388894719706,128.46819971272137,124.35654295701956,123.19209714246684,119.68130914034904,118.05529516168713,117.21969211461504,125.70384664429088,127.5038433464485,121.567316320486,116.04137951143488,112.41154880192369,115.65350680333616,124.6957441663287,114.67146150583093,120.62295763635423,116.18497432674918,117.91496095031887,124.07684398251013,130.45468213024415,129.47836370744574,127.83321187397415,127.18242846602077,133.36424567944522,133.4638575396939,141.32326000690395,136.71190898974382,134.22379233268194,132.55995350561028,132.87160738987825,131.1202510735194,134.30501077966252,128.64879168366565,126.97424283865178,124.4148184034135,120.08057811145989,113.98752457756467,115.65522222188905,121.24558735434672,127.19985836133331,128.6925627594472,130.89609020125604,129.71399157759498,132.19303076884398,121.78239287448437,122.47560526736866,122.52776740592549,121.93026513009261,124.08349299685915,125.6079565653062,125.85950168416296,124.87443724839599,126.9467315041553,123.89016021800307,121.74544285411919,115.24077757682815,116.87501402997314,117.7726158561834,117.08427588308923,117.00910168592671,118.34484977609264,118.48875426093579,113.93069783436766,113.01264232916583,114.72946648854561,107.11448546457983,112.34486617035007,108.60264293707107,112.52322517834655,109.98927484543557,104.87599536523484,104.72137911793676,108.72498554324888,115.69862288359059,114.21374589304592,119.77582421621125,118.91276730094425,120.85370983963551,123.02096513263562,114.92285157950771,112.84998149855849,111.96340233953197,103.44098799568488,109.26252438174699,109.36364827816976,113.87491794645086,111.46286012849696,117.13670421767118,107.83703597829017,109.21456893793993,110.29877194233198,108.13935002444055,102.43555258203577,104.87874932096088,100.00987862943731,98.6765692870976,98.43347819393851,100.13692094965006,103.34638390649415,103.94911414348385,105.46576788723789,105.97557798257685,107.26155041638262,110.87983244055289,106.066570856247,111.06770371319836,114.43991259692358,115.79922921623991,125.38549466435158,128.95558767972693,124.37724693277546,126.77631820595822,125.29164068189354,124.65961022687428,123.89184114723311,122.72612318942103,128.7501539422267,124.53322892314046,121.71309567231697,122.12786530859756,126.05787505134587,129.11170956652643,131.81239204828702,124.66808269021624,131.69856612797903,127.61499492041513,132.7495355638469,133.1953560082509,135.9200299091629,139.7921823940826,142.1151168723451,136.99467638590752,134.594335508475,132.63422796189764,131.92597443510166,132.8783631645789,129.81322809863525,131.68961154121808,129.90809223980992,129.94358310085542,130.5417964974293,129.4992719609101,130.1364280172141,132.47278388862952,133.392600602519,137.02294606054255,140.84477008938512,139.4703328582761,141.5718244684174,140.83234939449432,140.90090345878258,140.60005105702007,138.85862868490113,138.22683616941072,129.8873951661366,132.39458719514124,133.63780657016505,125.9641184205336,131.5245129259961,133.43910623800647,128.91121028805242,131.29047125701834,129.15024200908826,130.2141278359372,133.60243331492433,134.34378638376063,135.70307036703343,129.63641883479298,128.93100588013553,128.5537551690306,129.71802664874704,131.59147594348397
2016-09-15 22:27:12+00:00,,,,,75.22618134516489,110.38857876014278,141.03078336922803,134.92653801808677,139.0945157120626,135.5081227596015,123.82959525495819,116.18111984564638,104.58820112486113,100.75198881921327,101.38518617153373,113.57024117073784,129.1786167840568,140.14514469510505,138.88196659231613,136.1426901808969,141.63501611113526,140.67730551598407,131.80439894735537,126.15693929595022,116.27511191890852,115.6842225106771,119.2040623176768,119.7699847292978,113.75997562145085,119.22576160935327,123.39357618591143,119.84903662262855,119.73185600966488,120.37820219095767,122.27077023952465,116.26550499493572,116.03924239719944,106.46980623212507,110.08249713286834,113.22491269263485,114.67441909625865,108.51281432524992,108.30993901808579,114.17162754284078,122.63670491317411,117.77754384949748,119.07179540922431,118.63371437327677,116.84470498288425,121.09478781411913,129.87302339936056,139.01308694200827,135.86850391205357,138.55819623574112,133.46094080046527,135.42265102051883,133.01686691147114,128.73502146084292,124.37411130353092,115.4216207231733,111.71796550749698,111.4139349311314,121.40038300664997,122.23788840934893,129.8220332023863,133.15512664548214,127.5266345314594,124.83190409470987,121.40034052308876,111.89881675574816,117.10457873940375,111.5701048946156,115.44492577746416,118.70900455500814,115.91026503744752,99.22187511944313,98.7513778145057,92.70270825801973,84.60775355681619,81.00711724715048,88.72866213276794,,,,,,,,,74.59430252359552,101.69772059525883,102.66285650048155,99.26911987094482,100.13704805709288,103.6775895812464,112.01315458320839,113.01571470201704,112.36948403299488,113.82426142624442,118.88731941455494,115.41896012169722,116.45498752549342,113.55743925903096,113.54482163333753,109.0331011813812,105.61266700602425,105.55203554076516,105.0200401862393,108.929899841638,108.21896938959354,109.65111766432214,109.2280879364567,108.55333670781694,102.494912923442,98.9662037407748,99.01217772153007,95.96076236391464,90.82516840149363,94.05452443580405,95.88296770665838,95.01569172787792,96.14716688844229,102.57738041870076,108.2357583700808,106.04404391487694,98.38367584179584,103.84480371848018,106.2228933494309,103.44880329349628,109.6895678610626,113.19521039580657,114.28590104028073,115.99913587110441,123.22709779445356,122.20712329103965,121.12794059998633,119.73649267594415,127.21769095255374,123.15766637439765,127.2293432500537,126.9895390011061,129.23998795347046,128.97369093044284,129.2032090200707,126.54578625656366,130.11015329884688,123.1699162154336,119.25416286704473,118.78188568434052,115.40525311590396,122.36912598168443,126.45136271283948,129.69339601526644,130.59994369680916,134.02538839365354,134.4737372467383,129.42674592701346,130.42657842953696,131.8921370119092,131.04732771409732,124.68980197153408,124.04457968780468,122.23673076669884,123.20127511307898,121.7861900825078,119.74204745349985,123.41269254729505,121.13881576350433,126.92352875691654,131.16945699250218,125.37706645803739,116.6158611802754,105.66567627742256,111.1300252502833,106.30144566404368,111.90281568063432,99.37874485836537,98.43296630680796,94.91769747398709,98.15161920329578,87.4690465285872,82.95925867156045,91.09260561503775,91.81914821550991,89.90563779486618,,,,,,,,,,,
2016-12-04 22:27:17+00:00,,,79.48559998335712,82.70573383473955,114.01988215922772,132.48565684713975,144.00407523752799,143.32805482278303,137.81526360381662,128.5959343781934,120.92715745926839,110.86504803402376,105.90033076322548,,,,,,,,,,,,,,,,,118.64940152409366,117.24010921892531,118.475092599744,120.71018663717366,123.6481495548142,119.29275756705702,123.60690299852247,122.178648115144,125.81501796233064,123.44226136183032,126.01619641625109,130.77448086783772,130.2503527534403,130.20198835681933,139.21323135395644,136.48302471240757,135.69274065263215,136.1788499955768,138.00985121134954,142.17229615570602,144.42882459010215,142.3270306548875,142.57272993259846,144.20858554029965,144.4653034803565,147.48999759055866,141.5945983483408,138.8256327619925,137.26295956862157,131.47283029175392,125.80976508580905,123.14085066907167,131.10669254626936,,,,,,,,,,,,,,,,,130.20274206402067,129.94304866721686,125.23516026937676,126.68037378655801,130.79600212179744,125.7706373951271,124.68900772294288,119.63498995698205,110.62623471241469,117.89136199890447,120.16529019230471,123.33130219145335,125.28244115033755,,,,,,,,,,,,,,,,,,,,,,,,,,,,,,,,,,,,,,,,,,,,,,,,,,,,,,,,,,,,,,,,,146.20262809191328,,,,,,,,,,,,,,,,,,,150.43537140765787,149.72666880047197,152.3562251000173,146.96047309718438,142.1955429647163,138.45964556518013,140.81866801929633,144.08071837621205,143.5213657181785,142.91530744017496,141.73250325251882,140.79783459245098,140.06769447682535,142.32772021560348,147.9845299934932,,,,,,,
2017-01-30 22:20:50+00:00,135.60172504665445,,81.71692433030958,97.64379804892567,104.58492370974338,113.094415157003,134.99584613898813,130.4032124061121,122.49316892564755,117.00426555905096,111.9920502929225,100.53910509946346,94.33139265729955,99.75368073594296,104.66421131515723,112.89213829130586,122.18267343049487,131.3534146084448,140.34620571587368,144.41497000172174,136.1163204136731,129.44437863762286,126.64732998713319,128.46483454340216,126.64205812265006,122.95887939786472,120.42771260263484,122.31022663332885,119.19229799883942,114.72532244750118,119.31270976726884,115.80746229040571,112.14212651939457,115.77312802220948,115.02001691618474,120.6568664075595,116.50267026115932,114.06420200530141,117.00389469114421,113.92470530658503,119.67238514096258,117.8815129515975,126.7269449460943,122.27317754773779,130.54850236188858,132.05068736246983,129.32003463574517,139.48643924133023,137.4091451096594,139.9868262469862,133.66319592155466,137.04382420174332,133.46850173404803,131.47671839255852,134.14400370559758,130.9178942061586,127.10146207774298,124.4122974315853,119.83818265552904,111.55981419260296,125.54173207818265,126.6132759512227,132.66000447575334,134.6052572260555,136.48592371652495,134.9833748769001,129.28598637154448,123.90921972999956,124.40739943123756,122.25113305450145,118.86927186983192,120.74446039621469,131.96926671901045,132.7904407404437,127.2854459972692,,,,,,,,,,,,,,,,,109.2227351045553,106.60358772831628,100.97285766737835,101.88909211253457,104.05764675870708,110.91705852239372,110.5368607983802,112.55934476108789,115.30847190462521,112.4667543270996,108.51308750972433,111.85865072991116,108.6764175856268,95.67412525535383,68.04092455560782,69.01985184728807,97.31086964713408,96.14202979097895,108.65347495617999,113.07773840615788,109.65510717107679,109.41480807578652,104.82905129237511,107.31968656524069,100.21119487535516,101.16604115846577,99.43586886119623,102.21570112285197,99.31904716565096,106.81253481832168,108.53084390216463,107.27456919111096,102.86240563447731,109.1110076542723,109.65555598694198,106.94911184795387,108.66616077265391,116.13376997288566,118.95766357022202,121.00571233380153,131.84526769262817,129.7409283402792,133.49440057836256,133.0740289065752,132.05642936171702,127.30773925215942,132.83700308088245,121.49336189728268,101.48678608030949,,126.25211329989747,130.0558984512819,129.35993445274056,130.37006748960064,,,,,,,,,,,,,,,,,,,,,,,,,142.9421166504448,147.46621578309004,150.1377616623023,146.8170155186412,144.05975522027944,146.27408339621965,146.42227776765907,145.6735896384157,143.46190214033362,141.0550562361762,135.69528425823978,139.60762773857095,134.36841856966228,136.5138393254526,137.7340627000641,133.92071352792078,136.77747210743166,139.29567235694998,134.8844918524843,136.66945088129108,142.7988900264235,137.28336202137208,143.28888908004302,132.1077132578313,140.28491820766266,134.77635910304593,135.57469225483717
2017-02-15 22:21:07+00:00,135.19468082809325,,87.47265773857023,102.35589997890825,115.0971056218443,121.81124913233764,143.67470049733026,140.4954904817845,132.16707566092774,126.61166277887101,117.785029973551,105.70230519724804,99.83741007795471,105.72860752495511,106.2644609811709,118.08071438873064,124.44101569854813,135.236388781577,144.88422754390012,151.26227379743784,141.96207619758692,135.7116847666864,131.99597148794055,132.37154585760993,128.78966640308414,126.35856968260512,121.36759308702462,125.50390293747797,123.01979651738573,119.07491905985434,121.76329551246273,121.63229989419129,119.61546618649918,122.52208572494492,119.60733200958022,125.05139904920463,122.82867744667645,119.19458558240075,123.80297606470967,122.05300037524086,125.76274760485106,127.65541240031152,132.9798932404805,130.24150886222412,138.81012695017185,137.54511893067038,137.89572956364242,144.351707049916,139.23204626336184,140.40200237717673,141.06261126742692,140.08774582697964,135.82665058027843,135.73821054764815,136.3185469248586,134.17322662591704,130.32988535507354,125.11211655445061,125.00553995528038,119.50250341886942,123.6382084641829,124.15177788315965,130.96650981394055,133.569417504372,137.82057296879935,135.32839360919968,130.70002610327595,128.5907104753325,129.5689541989097,127.08130233900039,124.76378646126558,125.26224801389463,132.8397514408975,135.13646876156864,131.38344331992062,128.80704217137398,123.7759186332429,122.5018556187324,121.1419142487712,121.50722911431016,121.48295325902042,123.09935066016078,122.01515687031585,122.96978596777038,122.30305300285721,123.18961704444452,114.37763617213602,116.87679367386131,112.54455490210012,119.33386894215654,118.31613651923183,114.02883833369332,113.0337645416817,106.79995700629377,107.92867582356077,108.09787332185734,112.02188803116508,118.00036594103422,121.62359616218097,122.89433442427821,120.91204841849446,121.3934108455331,117.44595600669834,115.54804414997889,109.54533267746781,110.20519696540703,109.69287097801238,111.1881884038532,114.51679736233456,118.64653364485807,118.7675134856543,117.92717015799822,116.21609902650764,111.46416110963891,111.99049329922508,108.44885817345525,109.76670488979534,106.37387228414829,104.24527949331814,103.66172404593132,107.05137238677528,112.71231746060741,110.20903117633611,107.90581465079609,111.53205482579042,113.21847540867526,113.16968994669229,114.7445029639945,119.53819156640168,121.43293912467124,120.10183290010164,123.00528421010982,130.36795628840386,133.0186416728345,133.98258101105702,132.99522387129426,128.89170135553928,134.67034440353774,131.47856336945898,132.89943540948346,129.01854907160484,126.50299016081397,128.64286824344526,128.0332636507304,124.04417435131953,124.47625382452884,124.35294622804824,132.66034573823774,130.60669416174457,133.88164856152778,134.83680080568146,137.56716413840033,140.12850584034646,144.46817832259956,140.92717459393145,144.1508909333093,139.01398845616066,138.83068614255873,135.59147403455765,140.7545129376724,133.01221509888555,135.64502969781256,136.55981426682763,133.957841258921,138.34922460617523,137.36209899597975,138.65401796459966,141.8195270541519,142.39799820067466,141.25343684191944,142.16633094734485,139.81793990569392,144.75251649630476,146.10030071256077,144.0533177808142,141.0888062314094,142.87132160039113,139.2292999712567,139.81819972783373,132.7104087052758,138.33951886561047,136.36409715090906,139.1823615683255,132.58005885512867,136.1502643185569,134.83490870727863,134.30759393863823,135.65497178655968,137.71049468016525,138.69544906319314,134.0548553983565,142.14527797610316,132.89534828402526,138.1863986820796,135.81392854974965,138.00956768317508
2017-02-22 22:26:52+00:00,,,,,,,,,,,,,,,,,,,,,,,,,,,,,,,,,,,,,,,,,,,,,,,,,152.56387505835798,148.4375379001318,154.14216808158565,143.71711573886355,144.29230923629538,152.12126755496396,147.47370863470195,149.23592724458763,,,,,,,,,,,,,,,,,,,,,,,,,,,,,,,,,,,,,,,,,,,,,,,,,,,,,,,,,,,,,,,,,,,,,,,,,,,,,,,,,,,,,,,,,,,,,,,,,,,,,,,,,,,,,,,,,145.8199376175707,155.82357472722828,147.90311540556695,154.62653332524414,151.3323343851978,159.0391115680732,155.81939499870415,160.3012714320456,153.73519892056413,159.07992629458695,149.1460324204323,156.72971695248376,,,,,,,,,,,,,,,,
2017-04-04 22:20:20+00:00,139.6258806574906,119.82611690053773,96.01497882934136,93.39243259529516,112.64842655884884,136.06169526246254,151.74166220815385,149.65584650372318,139.27692299658702,121.60946933998865,119.53926304968189,124.04118358984944,115.88530831738389,116.00546551010382,117.1526748585064,122.885718677757,135.20545287424557,154.92095951602525,159.24023696526046,158.24243385158576,155.74664969050247,153.96612559051104,144.30569084323645,138.46511952824167,133.27118697413312,129.98917732086784,134.8912015290042,131.3771976003032,128.66182713002718,126.53382952095848,123.34865961213981,94.5708939910647,86.60157650400234,83.6195374441,84.60721263266372,82.61777017502706,80.70646125013715,91.8138027312851,78.64909752878282,91.91057213616449,87.36111664041276,,,,,,,,,,144.4011444019184,140.0929841176937,146.79558267967954,144.21942528339608,143.63619417373337,145.42701699176882,147.75982017996162,128.81478080084057,129.02176944554026,126.23924874702341,126.18419268935624,130.53810699117608,134.60410852975835,134.42787319590056,134.939853745174,134.53924403376956,133.66348188920273,133.86402762542772,131.97577161814942,129.1045172346422,132.41451958273186,137.91860124998067,135.9476720620883,135.82481964537683,131.85599923647175,129.10608806217778,132.68059875026557,135.85411783825202,136.54326728544459,136.34722310019876,132.1681701520994,128.0420019245341,128.8934324222367,127.99576830275618,121.88997807655738,121.00041611130732,117.69752115985568,120.75163551753438,122.05892590770536,125.31000110474064,119.66109887147438,117.37615982312704,112.30963795496942,115.21707072319744,112.2963428799902,113.52198828243871,112.6766198289476,116.36779493084444,119.07863647921909,123.20065909175379,126.34456959556903,130.1604676836692,130.7921490821246,126.0483040274169,123.28825338509867,119.32642353329024,120.02279517354673,119.89888749939152,126.8565820895214,127.55775779711783,124.46306005508787,128.83141419610655,128.16754319424112,125.17409689662301,122.45272058458973,117.16370159498057,116.18128817483867,109.89095266055821,113.014486010151,109.52811456393154,109.09795415396236,109.22476164143936,117.68923547362492,116.2402371298811,117.86696523069709,114.97004147203366,122.35292428950349,124.81674767213086,120.28946598323822,123.98418254591324,128.93913807499487,128.86680321980234,133.19068064646183,141.57313542529096,138.41047227038524,138.4880369219992,132.57624557623382,127.88968685993014,131.3847425173143,133.39085560147726,131.6542839555055,136.44181313260714,137.51876958452317,139.54061769845774,137.29760886648953,137.0448528106313,136.1908447158381,136.8262235750623,138.72039393677525,139.46258851891528,142.17521064911105,145.2910078735603,145.24460703213015,149.62408315668694,143.9292813279716,145.12308354335838,147.38757757396155,148.70030876111088,145.8777660897875,141.3225737685156,139.60927887570566,141.31616179415084,134.153725334478,139.4488469029749,137.05460639375337,140.64498534570254,142.34585817177614,141.97377396730172,141.87331603484253,146.7073939965967,143.8478006700918,144.26963907859354,149.89315957027995,149.630390570812,148.84200463688654,149.66203386743348,145.3676215194188,143.7704420878801,139.23876570156517,143.37204118490055,140.66605970809746,145.00160426730565,141.87754950713628,142.5885550843499,144.08196051824197,144.39350358500838,145.13125050265117,144.1608778722317,149.58520904547825,147.15271677185817,152.69808742439216,141.33787982904826,144.54743858753807,143.59604746614625,143.61991462290095,139.59882778286286
2017-04-20 22:20:11+00:00,140.99406145787725,115.94393863242394,94.34019672646411,92.93486708324303,104.71962015724428,126.1282113088304,144.70518756753353,133.55040437573462,131.7845430245466,126.77078030004346,,,,,,,,,,,,,,,,,,,,,,,,,,,,,,,,,,,,,,,,134.5490270103294,137.01376657847138,135.73878438187506,136.56408424401954,139.4495387091718,143.5978875252712,142.91441482266862,133.97078204520645,127.01940264030694,122.82935575235788,122.65314757170918,124.59511040139479,126.18744769232967,126.40833857701134,130.93547973196416,128.3681400542286,129.93779044600552,133.7261321852472,124.51276176886967,124.50147001688094,124.14238866092128,125.81720897695203,134.70671727832462,129.8940840431372,129.33615440790496,126.55303639193278,121.38592466510026,124.42168191223118,127.23774908056244,124.07170829015284,122.95169965809684,119.8041515275438,118.82455168983368,120.59314603366818,122.40164242054297,111.20855500819692,111.03089275157797,105.14131231965573,108.67206345022261,108.83827879613872,109.77066411738629,109.42447838194757,106.64981724252601,106.92819349273776,107.78884093186494,105.65270305841857,107.28541203375225,105.32547612860988,111.95407618889331,114.3773650501844,118.66735404585675,119.02287871299552,123.52241724718293,121.64213075380998,104.14624662904778,104.6770339049891,100.87084047001782,104.89091435721508,107.66779916136797,123.8186417263899,120.07292439937093,114.58417791156754,116.35404378434956,121.7957918663552,116.49369121696361,115.55567283000379,114.03321270557187,107.21334315919653,101.45149399398552,101.76451013736816,101.88506249285513,102.32988402166778,105.53785464670423,112.70784804916292,113.23227388001098,113.79740867156235,109.19111298256925,110.05546922670645,115.8779558020447,117.83005072644352,115.82627306145147,122.27794220211968,126.29259470421897,132.72830188676926,137.41981949341985,131.0447243611819,129.774172858426,133.455197936395,134.26652424638806,133.0880113486069,134.24215738939714,131.9084938249135,134.09152395392124,132.39123093981982,134.76189406686916,,,,,,,,,,,,,,,,,,,,,,,,,,,,,,,,,,,,,,,,,141.13397560337015,139.81177428982085,143.87269286584288,147.40395267351053,145.28011881008717,141.5799701145681,146.81053166517725,139.99563239609995,148.10649695650673,141.94607843573414,143.51202175780998,141.99276844196936
2017-05-21 22:29:28+00:00,,,,,,,,,,,,,,,,,,,,,,,,,,,,,,,,,,120.86050496676447,122.08013753818261,126.11216995066219,127.22795820045451,109.80903402255254,110.78267720842248,117.88092032058685,116.41259644816357,111.39018820578671,,,,,,,,,,,,,,,,,,,,,,,,,,,,,137.70847048697738,129.77550903381237,137.00701250756993,129.08521885072489,125.86669744009114,126.88464735469488,126.16925818692413,125.23026502985573,133.9711335500394,136.04487183378512,131.72529110590935,130.73720697518982,130.17545842665737,125.29331379892729,115.18948357480572,109.0257005179349,110.06022333237621,107.59607725784059,112.51893085145204,104.29858355175787,100.73520560158681,96.66073145556666,93.6761605842317,93.23338228857816,96.38180500072134,94.30008852432924,93.55028440177817,98.87306633421686,102.56070268804417,,,,,,,,,,,,,,,,,,,,,,,,,,91.6545412805926,94.1698087329809,84.00933959537286,,94.74058357179959,,,,104.08869904088392,97.49192240499617,106.69718478286497,,,100.82506467374093,100.34090445865453,107.16691825553669,118.34215778614988,,,100.13775619118317,92.0090687042316,,,,,,,89.84046476388781,,,,,,,,,,,,,,108.16295654581096,97.3330014427597,105.28813544146112,125.68384797187657,115.62310940732178,111.87513902627586,119.01929788064263,133.3281301412375,129.293251920789,129.1365471567048,130.39905587092883,131.54846778142561,132.54465417444757,124.06490351152257,135.3153751482979,123.07658589496728,127.5867846846026,127.4970763636132,133.28458401774265,,,,,,,,,,,,
2017-06-23 22:20:32+00:00,123.32319690288068,126.28258040422696,94.19032696446665,98.20145837999085,106.35634160388133,107.89320587787039,121.27572116467326,128.57119134439267,126.97084456037864,120.29800682862358,118.42273447160522,105.4863582145616,100.71596160193555,97.44545189790459,105.42991878117752,111.41190269604026,122.64064058595973,135.6343752409635,143.406836226798,145.3477598476607,141.0188240827585,130.5125395092986,123.40321493532313,121.9008300157693,120.7064270182987,121.66071232397688,115.775389235211,112.82183118683788,112.88407940999399,113.7989170217735,112.38301227031951,110.4365903062176,113.43433844232504,112.60233560513304,114.34200010040011,116.16056354848794,114.43835477651719,113.63349601008163,117.28331972847374,119.49672241560555,120.37457397107575,121.58220108660005,123.88365860245362,128.9752889239361,130.17193454160127,132.50663711866622,130.75173360694228,130.77116943435465,134.897531602586,133.35106658945958,137.0727030073938,140.65578517516903,140.03757672141086,139.3625140463779,136.7750483861752,133.706457258485,132.4966736100211,121.942243926376,123.32797780353381,113.06938191998462,111.67371509552063,117.0192390259995,124.40702882713182,134.15129164509756,133.49588726662327,123.86047224439963,119.8058062897526,116.0502041320165,114.05474215167698,112.16429229093586,111.202331926439,114.58654781436658,119.20096929974989,120.82344836476581,116.64495694170209,120.8456435501785,118.42826241620426,119.6951995377967,114.07582385728071,114.99722089748937,109.13585440785928,114.00358940084067,117.70057346261208,119.42630915157356,115.4634871532816,113.18421266164968,108.48351984899615,105.72243170922336,106.57701778124364,110.75634240964732,113.01974365787837,113.3265729152915,103.70495384418112,106.26615824790892,107.733786609594,106.48813013596846,107.946779135706,113.4456039441238,122.6287243828533,118.8885255773855,112.08335094466368,111.09098560693207,115.12281181227077,116.03802557698553,113.73830739028261,105.72836525031862,103.44863198850226,103.01320427804482,109.63540575960688,111.62527535465658,116.32925655968253,112.65657949466801,111.6283723333094,110.19080057780943,106.68532362026357,102.30536740898383,98.1901016353208,99.80942713222112,100.27305483385052,97.50326321492106,99.15805245139676,101.51600373435272,101.4729985013462,103.03412232632847,104.25233152754664,106.59209929232833,104.50705736575985,108.24342577866375,109.57343635416288,109.8855131192795,114.9934534169551,118.0164393144242,125.94683691897225,129.8230589024564,129.74940314908835,128.87048636818253,127.97097822419224,124.69261958868145,119.50242167440472,118.47977617558993,121.98975270614547,117.98291130884687,118.38734291796115,122.41673337811974,120.54191449774787,120.25488919837494,124.99701488695297,124.0133551033934,126.56856771442833,125.38028730921937,130.0215622264861,127.78143551897313,127.9752313543091,134.38326700168616,128.96084782653693,128.96867986658364,124.74058116007359,126.06221612576515,126.36306659646313,128.70112864575714,128.83563844023573,127.79497994268067,126.04844935957951,125.98640394536987,125.98449628617371,125.72649915833279,132.0302102252685,133.81948752636202,133.55097635062504,135.03819138752746,136.2691026330506,136.52056437192564,139.32946025192328,138.25551181130888,137.32007344911668,138.30062809881844,136.5620871470791,131.55906601334362,127.45981218990752,121.69979801182127,125.91379949230142,122.93231745211118,128.38362810439114,126.18223589102028,125.23187715731534,122.78608434666455,124.27284738458546,122.63276970649731,125.28653410056424,127.84088667222856,127.29163848950367,127.70835175528336,122.57150388228558,126.3467508402011,125.40262473056133,122.87792704773032
2017-07-08 22:29:37+00:00,,,,,,,,153.8416229780374,143.6847634117001,188.9392096329295,,,,,,,,,,,,,,113.19232510119305,112.9296456149301,110.93033320038059,105.80259382488411,102.21393555724585,109.22923871944221,109.52077822159558,100.73503905948266,103.1431124414032,116.91714491758192,111.78638630837818,108.81347309064202,119.26242874134843,111.697197558985,111.05961995190704,116.76047070583827,115.74810541634976,112.15658635904943,106.7321622354168,123.29863747358579,121.48143116206869,109.50902016486756,123.1454847461866,126.19169868024368,121.27494574720669,125.37673042480019,133.52383048202594,116.0879119293868,128.4287099049792,130.6868924324843,118.28849586063325,116.7256148386136,133.7451201276929,108.98537041016267,102.6901897967326,115.43210376431158,104.84115289430909,96.99198213496744,114.68670327605781,120.07479797172667,127.53900210810207,130.83727374402204,122.87280350556341,115.04795701146121,117.26738557581388,109.68285655709587,104.19076501425984,109.1796906021463,114.05966557978887,109.7764505046346,115.27694494926644,111.32329076862054,111.03221426478603,113.65600253757408,107.61262339303255,109.11370404811237,107.10681520655496,104.93899012254121,106.7241358603547,109.12004048188427,113.2841276256926,111.6896278692344,101.02523335614399,94.47752080444019,95.96958851250743,106.59533797632204,100.8483479042663,101.24385109645151,100.02610341536459,92.04880450170853,93.29382103011233,96.60097104145632,96.27102981414514,103.98491353363534,108.40870170596841,120.88684391387503,137.0665649715844,131.2922471054143,118.86056318773868,121.36147366720974,120.12929111938155,115.73414834734197,103.07490849452982,98.63712483328598,109.43770736661195,111.73931887788424,,,,,,,,,,,,,,,,,,,,,,,144.5038325880831,147.99674369110568,137.13483575744627,133.40062589176486,146.96274691004237,126.5956023632715,107.92876884604038,139.79573301724054,118.47592328409091,124.49140782857482,131.31082971106073,132.66380552265647,129.87189390934466,127.36999530630635,124.42609164393802,137.1292467078006,129.88980410760632,130.51531920165866,135.63699299963017,138.33936665991698,137.81523415749422,,,,,,,,,,,,,,,,,,127.80403130428223,134.9238435573094,,,121.79733281023141,151.00802001830104,139.97807380717452,136.30516168118348,141.23560210903216,135.62813486555666,125.83867260148311,135.0041568691599,123.89960633876878,126.41034866273344,126.15422280281096,129.17792706092771,121.44328071674565,118.32050844191293,121.49027166290136,122.37505277613874,,,,,,,
2017-07-17 22:23:27+00:00,140.20044609383922,134.65251677870825,109.10445923913295,99.47616614384879,108.40946677167881,130.9269016169239,,,,,,,,,,,,148.89360394308525,,154.89558934890232,162.71300474260954,137.1912775973407,132.26741322215415,125.60201772496241,129.20460381155775,124.7919249994145,128.56009029573102,125.38952366272305,122.92178594923814,128.50776646716642,122.43200213879435,124.82883920157397,134.60800441691117,129.93471359350815,130.64991641894358,124.57644869672863,125.63699951538985,119.50533955028007,123.05546204504803,129.6451717983777,127.98330219568192,128.51150932884468,131.92345351819006,142.76104114714641,139.5231017174533,137.6049866433603,140.11935641406328,137.58780890281557,142.4146403798589,133.39231475582756,143.8493154763212,142.41778318044618,142.79180011480744,147.87102407299867,,,,,,,,,,,165.6694659751813,,107.28903439416457,126.1828018935557,125.61744401350619,128.40687731881235,128.33210944693354,131.32813512707997,128.85574986166495,127.01145136921068,127.16258285634348,129.73992801004133,136.17419250813273,138.96876312541707,137.99488544220884,138.85993936698367,129.60586658316132,128.2254622763041,,,,,,,,,,,,,,,,,130.17270258110128,123.32401379984432,109.9400599229371,118.84249511435513,128.69971281939598,125.93405340909331,122.2197765145977,123.30314348093943,126.3148730121266,136.16883345480036,131.40222361376428,135.6155098154924,123.16252216538638,127.07766664647454,122.16828497699024,123.70364001818866,117.54530758529576,105.76092221008308,109.57080877668531,106.26195242931793,109.00924888315605,,113.36749426809591,109.40816430548728,105.59938443347554,115.33497062479978,99.83729685259974,121.28329377083939,119.55496112491795,105.09638821514595,112.84907281935932,120.68675628194192,130.83287717429388,125.56764122170725,132.08443663305349,138.88153277103012,135.02146309806488,130.00423584025754,134.9739533796919,126.34895332307245,128.60989823637658,135.00869793812453,,,,,,,,,133.96382592267588,135.73121085688234,138.68781585966295,151.16601623004436,137.60869831380967,146.50164309279194,150.5568373612612,146.04183069799817,140.88741594551323,142.81816592776815,141.25764832481423,132.42374679869334,135.27509326585698,141.4010720009629,135.50831065254567,136.22653435930607,133.89251271992012,134.80792133416654,136.71992689901904,136.39687846109354,137.2754062183588,143.86183650561085,134.91797557142706,140.95922845883905,148.3937130517491,144.4392102173259,,,,,,,133.6944124187908,144.31650201753985,138.3513468560394,136.78748582457467,148.67534348581265,143.9556497823571,135.28792788895328,141.43787989245638,142.6912232312238,144.7081841251753,143.75712428764558,135.77010328584615,143.43914939984535,143.38696947019557,141.48260148194782,142.5389435002324
2017-08-02 22:23:25+00:00,,119.6862584477155,101.4333354738402,100.07691825595747,95.74275615542031,106.8755261970537,146.4473705213332,144.00604333115433,132.9745929951082,122.61033982037476,121.51262335063444,122.65122424544926,104.52170307788782,106.20116226696612,109.94327088660876,125.44653440247168,134.98273530470158,142.13145806926462,153.26156059747018,148.1906938959429,149.4475604202687,144.31188303776065,123.7535050543868,129.28912231624457,121.35003186610395,118.18370729861878,129.68968354206854,121.24797638247072,117.87215132787796,115.26042035065007,119.90334598197832,117.4584022567243,120.96958723879276,125.0384934713944,124.8055959283502,121.72835426607656,122.21397412308735,119.2477240233757,113.42811852392342,111.40764741306359,116.71753352731261,116.24504616324933,115.86321732407936,,,,128.75623172928852,123.84404788977575,128.55011607856812,132.1622851595522,126.689162875407,129.87798080514213,142.20100614153034,131.95606588398994,138.64560290598536,138.76976739418436,126.482604458969,119.78654278857422,103.13653846067537,,,,,,,,,,,,,,,,,,,131.0598881342475,138.25060516789407,121.68606409470189,124.6300096137916,130.95325917507566,119.94283601156403,127.80294096479724,123.3426440306186,123.44608161683185,112.25646450233356,108.58067374239417,122.85926644022095,115.97415256264266,115.53491777619656,114.55752994720427,112.75656844910463,116.09685867115356,115.79925978717884,116.17353582247316,117.70512571905324,117.3010117494645,122.1911477433209,128.6253642466319,126.10024140313503,117.5310899384005,116.12524737180667,126.76215579999109,114.75531929336728,115.43796114186301,116.47154077807724,111.167251555062,127.39262572587896,120.06244861259702,121.84324058093536,125.82811547295955,125.33827930296373,125.99864096181847,122.07439954661318,118.28376201012729,115.18314172890453,113.46260666150579,111.19222383301145,105.83784187130723,107.51492957241388,107.41573292427726,112.96784834230937,,,,,,,,,,,128.77272540151023,132.21265053044652,128.0340470308297,130.23173401460895,123.07755277572943,123.34409233734425,132.134323378374,133.005032964653,136.43007425929216,129.1143183107434,130.90587365793237,136.00381113092422,141.71944283913322,140.8185628396432,139.69991432715423,140.10193184460186,137.22374678511528,139.24958115607112,139.94809853877075,142.4894304107753,143.6185292848686,140.41977212015422,142.83027204845666,139.04370930125688,137.55483524596292,139.5642317509138,136.27638416857656,140.32211050562293,136.885248871552,,,,,,,,141.54181529191683,137.65508202009113,139.8437397236233,151.42784006752237,143.71508530064017,143.46321143889904,147.02000506231838,143.64997424260864,147.80883996188257,137.95678066554444,142.77886397816246,137.58484422485287,138.100823190432,135.55561033352623,141.37096047678466,134.79560749545197,138.28326403237108,140.4923751074777,142.17387934957517,140.59489695852915,141.49637650379978,143.74828804346504,134.7802246069539,142.2133430313549,,,
2017-08-17 22:27:01+00:00,145.2248929565896,131.50948482981408,115.11035649911192,113.13909356905084,114.38787734968786,119.60194626655091,150.3052280980461,155.90998468756766,143.79413909847352,146.1872439892079,141.04654701373596,141.72278389761348,129.45904536250504,122.79095286612664,130.2839929294366,139.8308313720849,148.0407501993462,158.67437264277117,161.29299402592488,163.47657447046896,168.1885121319486,157.47664394990687,143.8960887511869,138.5744268119441,139.18631385943607,137.63394669560896,139.20405703459363,136.85948424742105,140.6697429238161,136.7514458512821,134.64103083462368,139.66602258109668,140.99432375357148,136.0116815498754,141.95731646979547,132.53942493576085,134.19715078957222,132.91121132402722,138.63502150078017,139.1106431058991,135.3345307529948,140.45048832215534,146.7992035151333,151.32467783982733,153.35435781850694,151.07391977068764,157.13963286195897,147.12965804044495,152.72101558582528,149.4236103253241,153.96888038656658,153.30384963354788,154.23409076152055,154.22861739548097,152.86146464734242,155.42522723631197,150.07980747213333,147.55970298179363,135.37183246711317,136.9035221791036,135.75469359899887,136.6238911611966,136.35478854447246,143.8742328861023,152.78764054690197,141.6345949923469,135.4453442038226,138.07980012224186,139.7846231693404,131.36705028693504,132.17274178865986,142.09510111942888,139.89420877255958,134.02878099289273,138.51420307411496,134.79807196330975,147.17591893917836,141.72039235192966,139.2078702933855,143.40258742812816,141.44232984066775,132.38913265812087,132.89952390972806,138.29987815178194,133.35248325422987,125.38583278403539,125.47481096394895,126.09360360913753,133.4234480320449,125.34045470524941,125.84546182070468,126.50827227945013,127.93068474050355,123.15587405547885,124.74330203634432,124.11141225723537,124.13603376937132,131.47569181574556,133.22251644349967,137.02775225726435,134.68075636474543,127.71052488058639,130.15588346191547,133.37662281507465,132.43815394070387,134.20115515342593,129.0749384849925,128.04569231094604,132.56300360414392,134.4935855082555,130.93327149500567,129.57522151695025,129.24819346881958,126.70687046828797,132.0251013636371,127.49403210047552,128.400539856457,123.31997879492576,114.22695522797616,113.87125807193098,112.45969043814037,114.43507661949427,116.64508144140929,121.17929760207672,130.05364072650323,132.18477446246848,129.03354182183674,131.3067406356279,128.80881897678546,129.0288567472974,130.1170240095568,132.23518067111337,137.65061148265238,148.6694321828488,144.93885583183635,140.57731066087777,141.12396510186184,146.85957588762741,143.39965699952978,144.15878561192048,141.68880415135945,141.6431634721767,142.82073789726994,144.34291934813746,143.87270760802107,148.31414276975022,153.39906013359106,150.2851991576562,146.8914860198327,147.71370626273813,158.44872743120746,157.39223818788733,158.6931311270743,157.5782953191655,157.88769625314103,153.3427489894452,150.5756369929229,146.89725745660144,148.52012302502456,147.4424762692858,145.5713776597425,144.97062006663955,144.43802276589722,148.17397452158454,138.47993066309638,144.29879187926213,142.6314379883978,141.37743536592262,139.7979071287626,146.5376503066369,145.05224541386855,151.06287046594164,150.0326495726854,152.5579542077872,152.6269727490418,154.45001324758823,150.39353857015897,150.095609264908,149.61747552637223,153.45002871552873,142.59542878408087,143.7594921654012,140.74518628474593,145.65988228922294,146.46280692350328,149.21408833601947,150.044699055226,151.02754421116418,154.2369650175946,153.21020032193329,154.07745674998895,144.48300780478758,154.27603127867076,149.41814589786352,147.40406588112467,148.07171879340157
2017-08-18 22:23:23+00:00,,105.55414059306116,81.7678010393828,85.33711379828024,83.4457363875897,93.91226399597289,111.6574750731741,111.39847276753301,94.63914380165112,94.65665488715,,68.2792084356438,81.29276158849038,,,98.16612968304575,,122.18795429753852,149.58410589786132,132.82708159381357,131.79000051581772,132.1626381754774,121.63610121622148,124.35302642854715,117.55221570304649,110.78695583231882,116.30591608083668,100.53185206636337,,,,,,,,,,,,,,,,,,,,,,,,,,,,,,,,,,,,,,126.61928544837563,130.71767605974043,129.11573076313562,121.53317425944263,121.22833722194798,119.26185668636569,125.7896978484022,123.9277110577217,117.11138351595186,118.68122637291275,121.34705172957936,132.21176779380005,128.08018780576754,121.916239243448,122.50353402316796,123.40095392700437,124.66660290870963,122.76001872065272,124.40014108929338,120.64805512653128,117.14295192554034,116.12389866074805,107.44046992774513,114.902451029585,112.62134437033548,112.27429912645384,115.29797183659076,111.01114004184599,110.99739769708758,112.57162941430735,109.01125492962356,108.2281819445622,112.89787217535576,111.74803994994137,118.77213108436126,112.582508075652,108.50410562200084,103.13505462112653,95.82319443569385,95.97189230131026,88.20540457861973,97.76520748685566,95.6504782272857,100.40567275694568,,,,,,,,,,,,,,,,,,,,,,,,,,,,,,,,,,,,,,,,,,,,,,,,,,,,120.55343988390624,112.4652781602616,118.4076336028544,118.4571879891821,111.28217343753582,,,,,,,131.11651032755714,132.0247761439315,138.59736092862758,133.12968023811527,134.13997177458293,131.43238692988874,136.30337808608093,128.45853291401738,136.8276207978031,122.22418820234894,125.5934059543541,119.05982710155445,114.85941743172503,111.44451161229414,121.49905195251843,107.6234240131087,100.19115581385643,121.19495148098724,100.80784427950829,114.92989191979444,,,,89.80827245743558,
2017-09-03 22:23:24+00:00,136.58376072046963,127.7992354933649,101.30264717649443,96.87357414637532,101.43374343561267,117.02336748536943,136.44306102432552,134.3537250537335,127.86564790436847,123.52914720871145,130.4279875108868,115.18848660096985,104.78209914684082,103.05970417701776,109.0151578054794,116.573132102233,126.45441376717154,145.66572079629694,150.57378151865188,156.02540478279815,153.37988456170092,141.59652954169601,129.20364236068323,122.15471026144164,122.26500223027087,120.58175953252999,121.0894808879439,117.54436586611712,114.73783917789424,120.48817180852464,112.72663638558424,115.0170714299374,121.62881787986174,122.94428935128296,124.38410035558888,120.99607757002909,124.0981372894386,124.90019136081766,118.84492239470929,124.39254618024296,122.7607824706621,125.5993504498622,127.03435563350597,137.38981129653382,138.14648759164024,135.30691815668726,142.0260797196802,137.368177706224,145.6650834714643,138.70068023860225,137.8618670572797,137.25138551102643,138.26419448155687,138.32065237608154,138.4297072553105,140.57022010681638,138.8178782658845,126.6349883263667,121.6217670090955,116.90905134268768,118.49247847393222,125.78252764112773,133.2051500542443,138.01949128398059,135.92413444422854,127.42216720927095,125.78443790005738,120.021894786891,115.29674883560233,119.22942472393228,124.81725210944128,124.59883656866911,130.3207079048453,124.93604914025305,123.06453063253036,122.91527879145289,127.58123111015708,130.5249744103334,125.18726510525762,125.95698383348878,121.26136566655956,117.70576491806204,121.96134587400849,122.98989835120244,122.2977600424678,114.25563521219506,109.64091454090503,113.4389112098495,116.78159174710567,118.87535108192614,121.89070468768512,113.4505428218863,110.12879981175473,111.55219248815273,106.21085719809528,109.18701717583826,111.23988475680444,113.85382257104686,118.16676904951379,121.47203655147128,122.05099273836383,111.77886970036968,121.92699021304423,115.77846844565833,115.41913875393314,113.63383253463543,113.69756362606654,115.10384474561646,119.57925249111135,121.88205100864526,118.23602147749786,113.32474870307952,,,,,,,,,,,,,104.54744450518432,104.66542659969404,105.52216294388612,112.00998551258364,112.71944099817624,113.76061740012194,118.37589848428976,121.79301435590682,129.5369537297239,137.57437408098443,134.2477423520132,127.94245811493411,125.88316685313258,124.96187802265585,130.2479236999644,130.05504313628228,132.75876636262902,131.00970924809545,132.08962052150218,131.43753968310637,133.22950621787578,132.88416307098515,137.94685702864368,133.52662775373108,137.37728612716705,137.34044869209168,145.1210313034465,146.8295698990637,144.6773000375285,147.48680653812394,148.6239081303165,,,,,,,,138.45854238105105,134.95794853609664,127.70451132806804,134.309433011447,134.08148540617336,132.19875149372058,135.46498772308053,137.11427869011456,132.55537086692578,137.35507085255105,141.84704076596432,139.95075308141904,142.37059370410557,145.27810731703593,137.95604255652455,144.07888575790062,140.16837102408704,143.2651199319466,139.8149875887239,136.9271520852534,138.44003797181253,138.89629972751058,135.21769359058646,134.44365465704135,,,,,,,,135.29754364960928,136.71199541221984,135.18898277248672
2017-09-18 22:27:06+00:00,139.59381454362654,185.9487534399272,148.03573732261913,114.9603098239019,111.30812369193785,123.29606063650635,143.01853539868304,142.53422442063683,137.11124068738332,132.21492645742805,131.98045068775895,125.6652740859242,115.88120594995466,117.49748644357174,122.20363170371074,125.89170541873035,139.80039445599172,156.6813287278133,159.96813172016437,160.93777266106977,158.25453110781692,147.13992758554343,135.1839466639432,128.79718470173833,126.82789711560345,127.44123932066117,132.57020578682693,130.2537168837231,127.26128339826025,127.80164902493426,129.33052852337653,128.65098237604332,133.48987269251006,133.6744921499699,131.22148356165317,129.08508890748294,131.57561414830363,131.008032083293,132.82080354488812,131.99197727003605,135.90884917372162,135.71715052734902,137.70545256641694,142.65232383062497,145.07610428371717,143.0898841169742,145.86314795696302,145.42445334851607,148.14755770788238,145.00860656549324,148.81597937994098,148.0247524568553,152.5033296872027,151.13423583940929,150.2753354335655,148.38224642675672,142.76789164426341,130.79261856385273,132.56117896120463,133.57191345558616,130.17964713468274,134.5928635752131,140.33384774214204,142.8199900249316,145.80937880878207,140.35004609822255,135.83666661359212,129.42486059509423,129.61235896237378,129.12796984076687,129.85025143006962,133.27364300301852,138.21000038588548,135.38059742602098,135.99734974091297,135.26561299324223,138.89887678490987,139.70871877973806,136.81282658161362,134.533119749367,134.92700247880114,133.12485159414385,130.38548975626236,129.76825771303385,129.89055023571154,124.50363296876209,120.71258730332882,122.02209961583297,125.00665228798557,126.70489230870949,127.15447759680887,122.14575810490668,118.89340746221728,118.0513903690428,115.12130964132967,116.73438341276108,121.95853470353455,123.30424426984678,125.49318566651364,130.23914895854938,129.4917894860204,118.33869892495791,121.4031223127558,124.71143613491186,126.46688722217296,125.96616875311534,125.38476721316152,124.71483731547485,126.17863594610127,126.57831235024196,125.92235220976062,125.65991347787083,118.62106064483075,119.33658292017697,122.78070517602218,121.15012805743952,116.86816158629141,114.90114486653968,109.94148352763261,112.05770548756372,110.89627092899153,115.24585092013282,117.01697320959933,119.35797568697711,118.17928804142787,120.57327202303938,119.68421994173305,123.26991151333465,122.272005493435,124.90094196362384,127.23897337962332,129.96245647484574,136.06852594484855,137.0771127589757,135.5412537254088,135.76500356195405,135.72031991986404,135.51773560801425,135.23913935781295,135.41155244191432,136.52443043672366,134.20487067704227,134.8187524345661,133.7484414504246,137.89800530946124,140.05414243909868,138.9240374291907,134.74604555583207,137.4704821836911,142.90660624643039,147.10106533143096,146.9006365328242,150.10549681522107,155.8722165889112,150.6678273609997,148.71775110303153,144.76807647959774,143.75500949401555,144.79804061649511,140.69210304366172,140.15549557437396,139.20429346487845,139.64492313088053,140.26675271407757,139.0384045222716,139.7956628071505,141.70177975080256,144.19024695895473,140.45589925473834,145.11656914070426,145.12785641385665,147.63636185967056,146.38737236140037,148.78919690727344,149.6764682954394,150.30031371573656,145.52331868049632,144.85799420738232,144.2831830392701,145.22159613427934,140.34292686501038,142.38301020226706,139.7296464361417,138.98617986607562,141.82154933764488,143.60504236797823,138.99216338166286,145.9609433164032,146.3645098289096,147.28691343434699,144.1965041832097,141.46595753265217,145.80767833584167,143.2482956427686,142.30304061248466,141.4891693996074
2017-09-27 22:21:00+00:00,127.16741516722111,166.3827572282207,128.39434491491284,107.36732578152748,108.82230750759793,123.96262483585872,136.44182976707086,131.474904697867,129.69194449011798,124.38379193267005,123.34268434857795,120.237426253349,109.80922384522599,107.09932199423703,112.6332988926157,121.0123180638279,134.2564800128594,148.13022481885258,154.1215526626356,151.6952226212031,149.38120433502647,139.6263904019744,132.3402028840505,127.70983020786883,124.82236336620748,124.97884271535524,125.17758068816065,123.40447965391706,124.79657248193203,123.74514949109167,122.2448546082027,123.70964212630757,127.81646345418984,125.28638870822633,121.75503559895024,122.56510546854898,121.069928070436,122.06377484919297,123.19133059925042,121.54661319390776,118.1861252472255,126.95624549708268,127.46785179426442,125.00220102132546,129.8341292769116,136.56538119477952,133.5305091459534,133.0011387084663,139.12407225393918,136.2958179373714,137.09708504694373,137.59690808884858,137.08017979366318,138.02017041146422,136.19306849647407,135.16483970994247,129.5428908032049,119.82551820781194,109.25042935683577,111.17823627049766,110.30777462983703,117.19922001458373,124.0860586895242,131.49030898167698,127.16703647963067,127.63160609241812,115.02927692673983,115.26813803308367,116.21722651349602,121.10207260297727,122.83068639960403,121.05377226875028,118.81575104806693,115.93765393662778,118.38506261081073,122.17589180145757,127.0282503846967,123.47153764258145,123.38714330602384,114.90395141746568,115.31988210743762,116.56177353834356,114.73111597255328,119.2954983476567,118.50563408852268,117.8416731703166,115.18800385843772,111.04412671357696,110.59690292619716,107.02150465570595,110.35243211259112,109.22716149850598,105.63212663887188,104.15047365750354,105.0833729836536,107.77666810070782,107.44579606591734,108.72349323763872,109.43474647529276,110.21875323583332,116.77492382744558,108.72240850076987,107.78072482212028,109.69233195377468,113.35832543786753,105.47208675903339,105.90541146769398,105.37586058293951,112.35307007915996,115.89223566137284,108.5338917431327,108.10511779231558,108.1773476555073,108.90197387286992,111.88662607878655,108.95777921278165,105.17077978069504,98.95359493178174,96.37377205576611,93.29877127177264,96.16811788846016,99.95504359675435,102.12544278510067,105.01795116223371,103.18608092477848,105.8620923958146,99.397954904996,109.43797340930088,109.42768286368025,109.77564635968264,114.5765127077094,118.32208056793237,119.23124354910914,129.01141866004318,127.06478911202048,127.32205710633121,125.73884359956124,123.60048008930556,121.98199601524804,124.26858029408938,122.36467181590278,124.38927143886512,121.56130110272352,123.66245508998696,125.4625389786434,123.43174497182945,131.7114940545044,122.70876664068848,127.32198245738896,127.82252420526396,130.91106888529862,134.12461423391264,137.0566333085932,135.9394942274677,137.07761372731994,135.1623192703228,133.61433291666108,129.14441957529684,132.1399849708498,133.75270785390006,131.81402069150616,120.3048848352239,121.09389649869826,122.44551908328174,120.87564251368632,122.87353950865437,127.4119585050512,134.04331716674957,135.8794740597118,135.1253385153703,133.41301721077198,138.75298031187597,142.1017180293681,138.8868468582668,141.11179874350216,139.7239218129699,133.0414873524691,135.5223462452743,139.31358465443643,132.2386365136746,131.7541594370497,128.79320697751197,129.43632447795207,129.66554077714568,128.4662379646145,123.79713051135718,133.86798892589127,128.87082906158537,128.23009147138086,130.67145545219714,132.18073897793528,130.37112760193787,135.219180004804,132.52297202915497,129.32674534720607,126.90697021124808
2017-10-29 22:21:29+00:00,156.16261487618488,164.98318112117332,136.1633569893923,128.64721140057682,142.9764919053163,155.50388869479963,174.23813699499354,162.09861123101894,162.45789832120457,145.97333677820188,146.00343632775946,137.02846989079146,126.24360368743352,124.46734914934552,129.93938737704147,136.13927760674005,156.41589331957056,168.67739792685472,171.0047071468902,168.8960678863824,170.3614878788986,161.01373301959188,149.32211092345878,146.25935260751848,148.16088716024902,145.13637978551688,143.04938118156198,147.4667037794372,145.96108271823263,141.53508131698956,134.92062051757762,145.25435256397347,145.33805820402944,144.2449874140813,146.92454331548961,139.35448355738396,148.06967495243796,140.06590636522446,145.3008706710105,143.32644630497725,148.01439522399167,149.02366160101155,149.1942340750896,158.2022779734892,164.35570757172817,154.55046307336823,163.28995655907374,161.80720297605382,158.8843327838451,162.68505813624546,160.72352964528147,158.3553890971184,169.13705196267674,162.38756086551408,166.6656527923201,169.2887944758891,158.29460904575475,155.6809129702836,141.48088721850297,147.3764266779323,142.30483415953924,149.36411907037115,148.73607606448496,154.72274152342234,154.85661479800308,144.92086031489995,142.46197950499197,143.96212062296618,143.4171228014542,145.45729534564387,142.603473750675,145.4661737960819,144.54319353018408,145.39176915115414,144.67789539695733,148.4591326812221,147.12986730835073,148.59405185193222,147.9621849105632,146.13710349821193,146.1840627787017,145.68995960440168,141.852748541417,,,,,,,,,,,,,,,,,,,,,,,,,,,,,,,,,,,,,,,,,,,,,,,141.62905151069816,139.03321713901573,145.5487600966104,152.58675399810534,154.14142645518672,157.12744926259452,150.78981603650954,144.03487029844837,151.45155414923997,144.76555013157395,150.75448860414653,,,,,,,,,,,,,,,,,,,,,,,,,,,,,161.3018262505977,158.85115988274487,160.11014140632898,155.70535323103755,159.6010469881792,165.78986212368693,166.45919663783835,162.67128021714197,164.38646568162494,157.7144341303136,155.8263850685453,167.73682377918496,154.06315526390776,157.36970677334483,159.54497485584739,155.69986811554378,155.40195567345071,161.44410913449968,159.57456270073536,158.78332888809567,163.49643221543292,161.15900242025538,161.08004833466688,156.52693934811293,169.49921517391522,154.78030341077644,156.8177419134082,157.91904438912624
2017-12-15 22:29:19+00:00,,,,,,,,,,,,,,,,,,,,,149.03387729621275,137.56279002443026,129.26803054201022,129.7603590248162,126.76171814666964,125.82357373185032,123.3119137003338,126.524447411291,118.63875908474259,123.21771353794337,121.32599705217186,119.59276596272495,122.30040587931263,127.329308618639,123.5093495095416,119.1582035038952,120.72174859826853,119.73302310239686,124.53705606622573,124.61663723779424,127.13771817563801,125.8691644454428,134.12725421769042,135.790791512339,140.51826524577191,133.8878250573979,142.85046601202532,140.017456604389,141.29770306598147,140.99946649426045,141.8949741150187,144.7261848683444,142.2849657346401,146.89219822556626,141.9701812374078,143.8682494311548,135.2177610285931,130.36335680510842,125.46799673801173,122.07627342195477,122.17433416684148,124.9938770555066,135.1043043000231,137.03952647990909,136.8449133918622,129.76515320444557,127.7222897933133,122.09941895089273,117.74287791470894,120.28538316536364,124.99191800653492,128.8575792689821,123.90120105284977,124.8125754502886,125.41667042439991,127.62670468270589,130.3870876192196,131.9976188574022,124.37817292585225,124.94851962129232,121.05686784516385,124.4654196174424,121.15626999898144,124.10627873248048,120.91030868034956,112.43038255156644,114.17343659650473,113.15560963324909,122.05546261905364,114.44645768206921,116.05335551311488,,,,,,,,,,,,,,,,,,,,,,,,,,,,,,82.69268749197781,100.04561711398381,105.3331500444007,113.24591632297845,110.15337773148444,111.75428112269252,111.48262869608922,114.60261300445606,112.9833823477837,113.73193930859844,116.86222955416265,121.01012062741766,130.05038615635166,133.96989326335117,131.33973457773777,125.59581543654598,129.68619536285166,125.61800934301657,129.95234046685536,127.1671223159879,126.75284744800979,128.09099744828785,133.44671556115486,130.72000103661506,131.03431304264404,132.70473311143974,135.01317643115348,,,,,,,,,,,,,,,123.14207052680509,127.59152746505463,135.1152692405344,133.37984215786332,134.0208630033531,134.45199488797732,136.6781872416852,136.18447555333282,138.74654359759506,136.99194817407553,138.7653302522241,140.60805698397118,144.4593612421983,142.43373285106665,145.82141006868378,140.02876242078747,143.16158619322744,139.72976531754364,141.2874360209735,136.66519520929478,,,,,,,,,,,,,,,
2018-01-01 22:21:20+00:00,139.12358205040715,123.28889525834241,92.78609338629381,102.70162804276968,117.3060763375077,126.41230269783468,136.97601034248163,136.22488070730395,125.67902241965807,126.17757171970375,125.79970230768254,116.65986335884025,105.11884560226714,101.62063540197099,108.80373554261253,116.07200985811592,133.60269229558523,140.9665110282576,145.42199522595374,148.3013783910882,144.4874178552561,134.39749871658287,126.70642513066983,124.42882692760759,132.54958230959127,126.39164024326297,123.7065283196831,132.43751450639607,121.45654893693157,117.7603740925053,118.07763119447195,122.38725145134059,120.33326122154024,124.27387262100966,125.38312115339325,128.87625740662875,124.84644923726125,121.70558146432012,121.35087347714192,124.10352890677527,123.53464218994607,126.11204918405673,128.49067156546693,134.4051479295287,141.08234348628676,139.5401233799955,141.66201808773397,149.99212931157388,147.19882559621425,150.59584476461205,146.49864695707691,147.6676361936886,148.4000548449042,144.7126806460065,150.4438855362315,146.44342070623065,140.7088739920284,139.3389452713389,126.83097935297934,128.05002558130232,132.1429808487012,132.70513547149625,139.20733121919363,141.68398430878966,137.19506194347787,134.13198519784393,124.5062733278121,125.83202482287527,127.55516292291645,120.29540025167825,123.11559047959263,130.34354472450198,125.97899334192223,132.86052579281733,140.14219700940137,136.64769090011822,127.68831208455902,125.128236514128,126.21654659360446,126.67769945407906,121.705036554602,125.3489615610719,121.79439090904212,123.24399796065046,118.69191532127785,116.86787852632419,115.84127747371805,117.93628282035762,117.72270602507037,120.87268571015352,121.03445028066278,120.04994424568906,116.86206629783399,105.94263236400823,114.72956139041136,108.54587719788289,108.53430638754992,120.08582701937316,122.6239933067463,122.41536467128259,121.01365217153304,119.18376559488115,119.5177367328354,121.31907029442951,119.01040208769014,116.73184361184548,115.99003192649717,114.38357550094055,115.93561588737413,119.76192855568874,123.7144819787508,118.47803783820179,116.43964787773324,114.83682407546192,116.14877007564733,111.49635415768803,116.92186084051592,109.94625089878949,109.5305170152394,109.53689508857545,110.21480869586641,116.4609054787554,114.61065040292729,112.77332246464633,111.26677256176843,118.53451823263126,117.93050938890264,115.56127121803948,116.7232692585262,125.36918823313283,123.50005907166408,128.93485411791892,136.36885125260682,137.42830395387384,131.2893113465098,136.82569681638978,131.2875545453237,137.23058764287936,132.98914106709387,132.37407049927842,135.08716877912073,130.07935812704952,135.77169240626424,134.18667084346203,134.61671359945623,136.70167923139525,134.71902070531655,137.81400546984224,135.39485062150456,141.1551944048731,139.01149289514083,141.86296064397592,144.11157958861915,151.39729472357288,146.60478238725923,150.02647235190173,142.1462503205676,142.82163378491964,139.30540275904772,139.7082589479584,140.42555352031326,138.39628838149102,142.19517283422414,137.32350389534793,142.88233563563685,142.6477315568608,141.9308197039581,145.08718007926666,148.88356896809697,142.86758134645618,144.59996394629874,143.85138088431663,147.92885351023943,149.53235661428732,141.5442207231075,144.16658263351061,146.2668251489403,138.16839922531477,140.78750909625813,137.04919436303652,135.07479546237542,132.4821546741226,141.12233909680748,134.24359341611208,139.98620670466937,139.1861394107313,140.54594589464924,140.56800907717252,141.18743854937617,145.45445879696985,142.0877409508197,144.65423487150105,144.5256534598466,138.14978666920268,140.11201340614744,142.03804875110407
2018-02-17 22:28:27+00:00,120.73446324077365,,,,,,,,,,,,,,,,,,,,128.86653715517426,121.10985550846942,115.52469741755328,114.12946847614202,110.60228958291627,114.45173550937348,106.61013984220114,104.64178096113164,103.4594323212356,101.88246138607289,100.05886040148121,96.01457398511756,95.49701138968524,96.77590584482616,98.33112293320696,99.01056401455227,97.93970533628575,103.62666424613364,104.86762447472347,102.67709471053386,106.51381395559363,102.95669055233422,109.81850608381284,108.99750027580049,113.52003445518984,115.04909710839551,114.62717228061177,121.85348845779122,123.52627211107442,127.98365416727304,123.2726361236981,127.63483516611578,124.64199705029647,127.09130828051086,126.36631407995478,120.8769996329129,114.51394047075041,106.59172659762736,102.4541166877355,95.17725619531953,105.01443904741846,110.9694015765279,121.13133944013616,121.64538307924855,122.30525426861593,116.17154709870604,111.86253983763471,108.75802324997929,108.1772646969328,110.13412958548092,109.97668013012805,112.75892175273341,112.10907122239432,118.07681699905771,116.22905978236616,111.92085709681956,111.58306682255419,108.82305947260059,106.71545488486082,107.38929010837167,107.80837755735146,106.54295736287119,106.68889280711306,104.83426937390264,107.0975723659373,99.527895201624,100.71153142970302,103.52781642208161,100.33629347381915,99.39508301535925,100.83019412983903,98.30406180637534,93.11060803748708,87.84227974885214,,,,,,,,,,,,,,,,,,,,,,,,,,,89.7389919670225,94.37459985216347,,,,,,,,,,,,,,,,,,,,,,,,,,,,,,,,,,,,,,,,,,,,,,,,,,137.3218316849015,136.2245640422796,136.2256282843802,134.61063725745507,131.92846867595134,131.14949885232133,127.94529487684919,128.90011882286083,121.33680612397106,125.75910005662251,124.1439093596836,,,,,,,,,,,,123.68339341913118,121.16609485220464,121.85039355332619
2018-02-26 22:22:11+00:00,132.2328771476686,,,,,,,,,,115.5932216337833,111.37141803496891,97.12697217009828,98.90471382666404,113.08321010417211,112.53292971847016,116.07558526891313,,,,,,,,,,,,,,,,,,,,,,,,123.5319801673878,127.50573264131381,,,130.0578081557769,132.56506699178215,132.72837931649215,133.24758602084648,,,,,,,,,,,,114.33543624248686,,,,,,,,,,,,,,,,,,,,,,,,,,96.37945270341139,97.71296576474502,103.18628009149766,106.68805895092116,106.6471411933954,104.19000517805328,99.21405661264124,99.26339788018903,99.12539793706,95.62678676893916,97.17544525341168,98.68756657476348,103.34234929070432,109.3013457032618,112.71298570788616,114.8202374705133,119.28221879175615,112.62222010808716,105.92084855915986,106.0284877841269,106.42169797497831,104.26186642788085,106.33614177884591,111.43920057026985,114.98560896564385,114.4030296170317,110.5496615824522,112.08329754618924,112.3574065613158,108.25769016327463,106.59101201735575,98.26833758658897,99.22466923760575,96.90041161683493,94.33678110581917,90.7785603042399,94.94786205988638,99.70918632518331,107.7747322988107,114.04766545339552,,,,,,,,,,,,,,,,,127.76650130147448,125.64279683861798,112.4093708789531,102.35176370934578,103.34174005230594,115.25100923278669,124.73646693301812,132.03164671822233,133.77705794003086,136.12598148323772,136.90842403704983,134.50196188671376,144.15901847444175,141.9632584884573,137.02182365002432,135.27575061359366,130.54623617763892,135.05383660727108,127.07918223544024,125.92013012918446,127.28586471206668,132.0681708457096,133.49909342269217,125.242813120648,124.55186063969865,125.92235577953424,128.30324052475484,,,,,,,,,136.22368513888694,137.0973631146178,133.12344408325137,139.57734656048555,132.79643659200593,131.2848739590544,129.19205165318593,134.24285737327787,129.30914598488468,131.93625214583972,131.01715385507788,130.5256388723,130.19566992878887,132.01360742565004,135.35221345147303,130.47329555560063,139.47583443745077,128.63047406275382,134.84647467541888,131.709082834066
2018-06-02 22:20:42+00:00,120.29987361543755,,64.52644038508349,68.78367672165446,109.96695979788582,112.82968396641368,127.60019822733705,118.2070875970459,118.25642496784201,110.27824951488631,109.28341110028654,104.26917941391454,,,,,,,,,,,,,,,,103.79495341669512,104.0087326068885,108.93576418317194,106.29226134280403,104.15734412004113,102.18322888504169,103.89509328758973,103.72397666568571,103.2942042732933,111.51532975859247,106.06836194964684,107.65518123901288,105.53982426257105,110.88479977240553,113.36924100472172,114.62463101575509,115.28617417360294,120.23026681913419,126.69830453603007,120.41517462775747,121.5946342521112,122.08144452024143,128.42088144277702,125.08659544653003,127.86862806329573,128.74960247040426,122.60174724366604,133.52553279886047,129.18330820384477,120.06843591499498,,,,,,,,,,,,,,,,,,,,,,,,,,,,,,,,,,,,,78.39953958473738,91.52297601294576,99.18041236037917,100.63198805064282,105.77527551065053,104.56834785447694,109.50596783096758,116.44543614755702,90.98445196344474,106.02801611660854,109.84801622348618,108.96521629031577,98.44889340443879,105.76215736514187,103.81749856316519,102.25045399530546,102.03506434851188,98.14369752672437,97.90375714877067,100.2283144404521,102.42882512747411,96.43496814531414,104.23554350827044,100.09416670969549,99.60685945357247,94.17036413063643,95.93660578558386,85.42609163373574,97.85947470257292,101.98291087643217,94.05734305007336,98.69104854118171,99.03383481060212,102.87271051567085,102.88241348844754,111.1127132928442,107.45795712919268,112.53140831469398,109.20580331053381,118.32258003075414,124.63498158625868,117.1328661830882,119.41262262422012,,,,,,,,,,119.5274294084407,114.89599957413566,118.2966690488201,118.0291499177268,132.29025275336886,119.21266876395828,113.7933542397202,119.42401575221253,127.22609234777566,130.87488047336515,128.5500747900798,129.02416745514518,128.7262505312931,124.84198439078187,121.88392314440512,136.36250620343114,116.74048730586674,122.96474700090803,120.89026602637603,123.50682055065892,127.13542119765373,124.63922162925749,124.60367630059619,126.42515352212878,127.06802747266829,131.8488377187091,,,,,,,,126.55389641829338,115.29563057138401,115.83979672683132,112.28915523298768,123.62598493768732,133.42950462646127,124.97272614074052,117.19856631389901,117.00293453439153,119.84068807567549,121.36104163329078,126.68385145332817,119.48002276240032,116.21953704638491,123.49432370195032,115.48323728496352,119.05089770681286,120.77712546935433
2018-06-09 22:26:46+00:00,157.06659599604137,121.92336634279968,,85.70400518264279,117.75660740434893,125.43909156269429,139.77769612861795,142.51785991581366,129.4352139751453,,,,,,,,,,,,,,,,,,,,,,,,,,,,,,,,,,,,,,,,,,,,,,,,,,,,,,,,,,,,,,,,,,,,,,,,,,,,,,,,,,,,,,,,,,,,,135.5286686883241,133.6504698112863,129.54249916234116,122.4904690908884,122.21349157797695,120.92303522863766,126.99640293474174,123.63430261160902,143.71993762866077,130.74029125551394,126.89752289595184,134.6991405940014,116.9532068777524,114.78665639494619,122.76208602845229,120.57415762502482,121.46626513624544,119.91109407322614,112.5783959589321,114.84752644915228,116.28849998270567,134.76548948319612,120.18441450579255,113.15151340025918,122.24103869035918,124.30458928997874,124.20416353577147,121.19817503610328,125.9735870280014,124.53630659282132,129.7948168736338,133.1396516667338,146.74391520855394,142.63323086569534,,,,,,,,,,,,,,,,,,139.55292752417395,150.29115101049405,151.21007527901966,133.41849247483503,137.04237613608203,149.8980274112302,144.71955253200903,146.16247418498807,150.47189780639442,146.1573571182249,146.38600854779227,148.87499387576992,140.13631708989334,149.1793634894467,146.3064077043967,152.3814607142327,145.33841279168053,159.0415196082673,154.39710712718224,156.2124303562719,,,,,,,,,,,,147.6692812250969,153.1324680204273,155.13818951838093,150.82992435129185,142.44288487136475,158.70252176935264,155.2702200681114,158.98138599539436,146.54661227085558,156.36859768628682,149.61092869137593,148.34838892058835,151.2877726963641
2018-07-11 22:26:08+00:00,135.31322522441067,,,,,,,,,,,,,,,,,,,,155.3703659833951,150.33008781054167,147.203053655039,145.50622676180362,138.62263964125106,143.61480825851282,148.2073210463957,128.78996583837082,136.46659937469389,140.68911535495636,135.54539263851535,134.13820354598522,137.77638788705337,128.8268165748272,,190.87304297212242,,162.66881947973832,174.58223645761595,147.25719712622222,137.44571858661848,143.49973312127125,,,,,,,162.48182281268092,147.80856606728182,169.10555905438756,155.95510724347002,149.77294565250085,151.6756225628983,150.9695072566594,,,,,,146.28707864295274,,,,,,,,,,131.23552029172356,133.97925597192398,135.65630247818626,134.78037463284252,137.6948523245454,127.57387786476392,137.49579320792895,136.578607620293,130.3438856625353,130.8847583604018,128.73540043164613,123.40219763046487,124.91940517116046,128.68227234121844,120.3703881730867,118.9188481479418,120.28967088393239,119.7155293618024,124.6655397740085,123.5438627278404,123.51679908065252,,,,,,,,,,,,,,,,,,,,,,,,,,,236.27799068534475,100.68339706991785,106.71222716371409,111.8758888747514,109.38524284977271,,146.2045923747723,102.53593718385667,114.54749565291922,130.70706360998645,,133.17889554964228,122.03642020538932,120.54502311034459,122.70591777662482,139.6995313259904,142.37755221167268,137.36487790654968,135.36300799363073,148.75101189509084,,139.39986821490552,136.56161544782182,130.6664376451908,124.86558737468263,134.0350160547208,139.70095740115136,131.26957832618004,129.44931183418916,128.37690190244967,,,,,,,,,,,,,,,102.71912023299572,111.55783501955844,124.39064821852399,126.0713493201048,145.06625454190348,136.3797985780291,130.9254863908682,137.12425468908972,134.38790484096626,136.98250233005496,136.4913502260521,145.47252208935933,143.82027636409106,146.35315087803187,149.4154791812471,143.47565453557579,136.54759129001917,138.5207154329585,134.1888356084216,132.94886576136312,,,,,,,,,,,,129.71717679109014,134.06438951857416,,138.1845313748587
2018-07-12 22:20:20+00:00,133.19943581625606,,,,,,,137.03672394904055,133.40188056999244,135.21644828299358,129.92607627201065,116.8285045554795,107.886552466016,105.49206421531461,112.72911250634901,118.71923316471224,130.17808777373563,144.86273656474208,149.69715829233516,151.42573358998476,142.92090610801858,136.4473588359279,132.02522891301362,128.0692572541909,127.35621404539677,128.3841393137681,125.8446275131177,126.71105239655972,126.87242441610181,122.666429583076,120.34434046527805,119.54190574962803,122.354571504657,122.25853840967864,124.30627173873185,124.62380943249397,119.74917606663337,119.2975533600619,115.7928764489852,113.66323889353608,119.55334985243881,,,,,,,,,,,,,,,,,,,,,,,,,,,,,,,,,,,,,,,,,,,,,,110.7310140041409,113.9462008801745,113.78885092793008,112.85391326548971,112.70949998656997,106.26059510578648,105.89616398911,103.46083312400935,97.7154039820772,106.65671443394585,110.98876013682484,118.5160421027015,123.78443538557734,122.96126655785017,124.29641702422018,118.98402131850786,115.1860470492644,113.78527113007686,109.47030657193861,108.87443616049339,112.66047707819172,111.0736079881696,114.48942266600768,113.37438678423277,109.65260928491429,109.58733000258606,109.72593419365438,112.75998813862287,105.9136491860478,103.63903477440027,101.4690580153809,102.91587760765825,97.8047690848205,103.56489520558844,101.68090634904176,103.18669544216291,109.28594691273665,110.71677863797017,109.15563065433194,104.29075413445224,107.32957821984512,111.74001541607316,113.42088654272705,117.54170968725246,118.87456235332147,119.51292503163599,128.00062476588772,132.22431259158998,131.90398228499416,135.09831077656014,124.65723162391964,127.93764154266836,128.76677994913592,125.17835291610217,124.1017108109582,122.99968331276784,123.0687749739655,128.69512146760746,126.80135497874207,130.3262691445065,128.38817268962288,135.93952731846505,132.85668643375374,134.78650779529502,137.6573190824488,134.85596939048966,141.5082106194814,140.68774739136407,143.35094065696057,139.08575016675414,139.2768354953482,134.97918109615844,127.92696986767677,132.52161411049374,129.21687904950866,134.90894525264633,131.583946993997,131.20379855654178,130.5481792093119,135.39811101205265,137.13648395841895,135.52594811572757,135.51256150794035,133.83261771413572,136.5094947954456,141.21363782761458,143.26907157689857,138.4154523326429,141.4000341507513,141.27503309475063,141.61717051223087,135.34729081439966,138.96863901145383,132.04917181020002,,,,,,,,,,,,,,134.17849842662486,132.80460743019248,132.5616968480343
2018-08-05 22:19:32+00:00,125.11620482307244,,67.80951292978129,,103.99473739164657,,,,,,,,,,,,,,,,146.73507945563824,138.00059027128478,127.69541413492092,120.51901773821258,124.96127021259959,122.5602141510706,120.73333780943494,119.54473491231741,116.82076842794042,116.70305827790347,114.3148310978819,114.01293696876604,113.54769924321664,113.44953543271309,114.81142681453528,107.17396423183311,115.38534393063695,115.6486075225029,117.66321865809253,118.63952531973419,118.30637883529417,123.05110706232935,121.95726531188599,125.40289701496975,129.17381174282178,124.76217052298931,129.15298833078253,129.96412755940602,133.3180549663138,130.4042854891643,137.98525817088895,134.2507289187702,140.9961359975706,133.3760714245789,131.30102645192926,130.57242738248075,121.39048183059306,116.32125027237204,107.2554666390053,111.08470713775527,110.30286183232407,113.11975520546113,118.37205221950747,115.49490935256944,118.91287228659115,,,,,,,,,,,,,,,,,,,,,,,,,,,,,,,,,,108.57562477775359,110.1534078088741,109.80290212032831,112.27319267458623,112.52956083852784,108.67005151859829,106.30014512906781,114.74028975025719,100.22002495408523,102.78857071310007,110.10231968910327,118.86924502675994,108.51839790110341,108.10287297721518,108.63853496781631,106.6166880863939,111.00879583593105,109.046349083288,106.41707828773083,103.9574255420822,96.97123750261659,98.15261990959215,95.2012597100811,99.50998439210218,95.91416807647292,103.57252150037833,102.4265872187435,108.6872576298667,107.31008213555918,102.56242678987755,114.00968211847858,107.22835890331638,113.95918974432404,119.05022430631905,120.69856611771249,125.91014225200061,128.23798118512457,122.78969034643556,120.77065766144764,121.17138476889937,122.39792361643381,,,,,,,,,,122.34422181967254,128.60649931872388,129.129219936866,137.09348218153775,134.93602741421904,140.38334288492797,138.02437299317637,141.9144250996346,133.0262924665522,129.968855641851,131.49804151155718,127.00896243775578,127.78953600490132,125.95504961313983,129.5851978507825,119.4147842845391,125.16920529568485,126.35980324301207,126.55211550314797,128.0806387649065,130.15928555755448,134.84854548493843,133.5540632158085,135.97240832509917,135.70617422998146,,,,,,,,,123.21756549329402,125.02806923851328,132.9024539751296,125.56254799109134,130.53884318164327,132.2330811824486,137.05209017460723,134.68315053932105,133.7593331071829,134.4897906559523,128.35842205431558,133.0056701119518,118.45365985882775,131.99384166967394,123.48098673292314
2018-09-05 22:26:33+00:00,147.077990277503,126.35400774868533,102.66342806894352,100.20126707232062,117.69308803242937,142.83938502252983,159.79736896996138,157.71722802588124,148.49802660407337,138.10983461981388,137.9329717282408,129.18139356905436,115.71404159686057,118.98117826240701,130.06869955914487,136.2087247593297,150.95781992878702,160.8849703282524,158.9648186170435,156.7791265292664,163.89550352408466,160.5223781611835,145.32531999242926,145.42944726153704,139.86290984171464,140.20943651068316,139.19183417901866,131.888484539121,131.27823357862695,134.12824672329768,134.50420224917232,136.69826078487336,143.41035736757073,142.82033882643344,143.31277563605857,138.31221352325613,141.22632725385887,139.91444486402466,137.92143466960985,142.71980208721266,141.79817104942316,145.91499742082607,148.56981819194218,152.80883409994843,153.51431143175682,151.58006403420444,162.57230733623285,153.83331896913276,160.61609064748936,154.2661163230471,157.72997920070344,154.33691167942308,158.6042475004198,162.47524244373585,159.36510446402005,156.08617846974795,147.70309872749039,138.68959471011098,134.73115274874442,138.26193059207984,135.9848089989629,139.45896076602648,137.33922488579623,146.76740534138008,144.79510981923633,147.14811909046523,142.60024803991146,136.0810242215991,136.90491294779326,137.1056434326405,141.69802670454584,146.90705820899734,140.7675906534493,138.52257833258582,140.34334017167987,138.582593559272,148.96140087504247,150.12490732488584,143.93176448342084,143.92236010512585,143.1075682892359,140.29893849665388,139.47878440775827,139.8959234422638,133.95897732552865,129.75089170632805,129.73075280988678,128.64929497682206,135.26407481501585,131.26875464881832,129.462555771638,128.61075108590188,126.7256135446092,125.61859511543206,125.4348184603806,125.64142375901086,126.45732112190684,129.9080990631265,141.57753911015305,140.11553770428375,142.45189143894828,139.10459145929414,137.57258681558508,135.4230541146711,133.60276889317404,133.67227119674268,130.0676339135434,127.08688447671007,130.60660679188902,132.74463151367,136.85045005617437,139.65252129528085,131.13842262016544,129.96474871920913,128.87930987513846,128.29219260270597,126.5272317988734,121.98569700691519,119.14382434642268,117.20880375929873,115.1609971249268,118.54858388514766,127.68660093621921,132.30956231840275,132.78977004998163,132.08338635538405,128.79735544893617,131.9063483835401,131.5350172285128,131.36619835324197,134.1998137978622,138.12697849920835,144.01283405154342,147.80752403547044,147.43466041502157,142.41502101769564,143.60063652384855,145.1362370400372,143.41515837919638,145.25543530136002,142.36251491713324,151.85150792172334,149.37125054898098,145.81632163867076,146.5112320987221,147.1105580174711,151.07407436363468,150.81582225564932,148.66345937371236,158.57785076489222,160.0707406189739,157.78496935010932,157.37020693502598,166.97504755652557,158.10349943142546,155.82518345028618,153.1033735168038,153.3323371070957,153.7340717481608,149.80201066299725,152.45581298376518,147.26576232217883,147.22596996954135,147.31599058276802,145.60260853559308,149.417373310302,146.23947886852486,152.14350991366283,147.4634721480414,156.23905889742298,147.5151228784526,147.83977483047826,152.49467631418696,153.0924155398063,152.38770125227688,157.68236540330747,153.4808640146541,156.60055932788623,148.90656696604702,156.2484815134608,149.20591554049642,148.45834797066044,147.23812275273193,150.6967053884607,150.385427148205,152.98826341479605,153.22879941584299,158.5537031375954,156.7518492604777,154.9096476045752,159.35738755804974,148.6322199692662,158.53754422910652,147.31840543080918,149.00810071187783,147.7520563531649
2018-09-06 22:18:53+00:00,,116.92226810824724,84.07533466301902,91.39370607646053,108.83558375952919,121.61278498596441,137.93827055197244,129.14305939034824,125.05077621905065,113.22113530285253,108.07702966926831,105.80309299115122,91.00835655876915,89.26766911004847,97.91260210887681,112.5902645480864,126.93857933347869,141.48743785317802,143.34943267818338,138.39011722207619,145.48075830743693,143.52774594014048,129.55088996879198,125.69852261141588,121.12626034385947,122.73485122816199,119.16187295806371,121.2578655160242,117.8957366569843,117.82980985506478,119.87974232212821,110.0754993033863,114.5250897330918,109.13466670902343,110.63925003760603,,,,,,,,,,,,,,,,,,,,,,,,,,,,104.98759209242395,110.11573994045771,115.30349941387414,119.40838922583605,123.12696701745753,113.93626716167905,116.45097176673478,116.71018008633926,121.63391397627345,121.99225467014155,116.45319085659845,113.50063730872944,115.41891565791559,121.1450026818162,128.02601391518738,132.95857959887886,131.3089679709816,119.01977365922275,122.22968123857734,114.08235655672547,118.23992232068878,120.53834896443837,110.62529095975404,104.57662187627176,101.79138666157738,99.12795091626867,102.99963640901738,101.02305673483951,98.52326286338518,98.18808229333939,100.38615688831658,102.26258964756451,103.71756683461247,101.32276242097443,104.17259244182613,110.80987593914513,113.67352470188125,116.82617724909102,118.15696180713635,120.04048501416017,117.18791001061926,115.08099257600553,109.00799776249512,107.07968146329773,106.6632339015592,104.53674339545525,105.18814724134153,111.84607268873222,101.32423014062613,104.63554333767024,106.8186442445657,103.43426771297655,105.98637639129632,107.35315380428707,107.61506848452863,100.71220038297486,94.1844921106737,86.16393527845004,83.84386749127896,96.35645771194109,103.71033780758681,97.39764398483368,96.87848389741609,,,,,,,,,,122.04975366583454,122.94179198968894,120.09497597385264,118.87935823232503,118.77730281531001,130.50187233074547,126.31465951935121,122.82986637943324,122.28930488711607,123.01239352945197,130.80289040580905,131.0279329310231,132.0627179216216,131.97847667110858,129.01106629201252,139.06987473501405,142.03485544374024,137.2948844801983,137.22707956353895,143.0067569574875,136.25616901602768,135.82858214629533,133.82158431976603,130.4292547606218,130.55263327533405,128.0678866970406,128.44826813630957,127.26985464602885,126.79639903027912,,,,,,,,126.3428501636572,132.6790565044431,130.10073113991285,135.21219710016055,134.3967988598662,137.41959672547708,131.75150418704914,133.6001414743805,129.59418018505266,137.9107699021435,132.543210523232,132.75766856042543,130.96948171272365,130.6824719490804,134.66087351421186,135.89979427492446,132.25214228731807,138.27342974975477,137.65661998787888,134.24767985790848,138.9358972917763,125.55239479986248,135.20963611935966,,,
2018-11-08 22:26:54+00:00,132.78172066870664,,96.33037057643901,89.2897212489404,98.9637639031093,122.17156307051502,141.7921318231943,136.91847362077334,127.7542815261551,124.58895044358924,118.71503736869326,109.39734452544033,111.60831696522317,113.78127487779919,112.21295164500988,120.15624950954587,131.42049670629572,138.26500583099445,143.04814740279966,147.7382749781818,137.52261111280546,127.19617827305589,127.59800615412681,126.13375700274253,127.89406541729899,126.45928388532737,119.6904969181844,116.04131164180362,116.22775122811305,116.46365131187935,118.24635011252886,120.5629712062313,117.92707507807194,118.88512848451329,115.974815614137,115.97984668252394,115.70710643565263,117.96322010315306,121.32486342649113,119.17287920672128,123.14762423600109,124.54206343921665,123.13183040015318,127.16937289850398,132.99048240724417,137.0361299843169,133.00907108451298,135.76229784088216,139.64907594284006,144.04227780317802,145.88250451778106,145.39138747729405,143.0350535415367,142.08170476400258,146.48769235946455,140.25257027245476,134.50991941055184,128.35132882928963,125.97756896176614,120.86633774809273,121.97257087926067,127.08831770291135,125.66171608723943,134.70475601103453,135.47209988184446,131.8626917421559,128.14270498339505,119.24338758579887,122.02709086490658,125.69266490599102,130.83384212700415,128.21301564335255,133.92107154895191,131.11142773489152,129.56768904999691,129.38094907951682,123.37317681994581,124.08091701672735,120.08710578643947,118.2778549724092,118.38654972430132,122.10146878604192,121.90134720240626,118.57519935622479,122.61386946942278,120.79665870960393,116.49709573660466,114.05239009998363,115.10887093347901,118.4934183913564,115.96653856510397,107.95710475399852,105.87119235646463,105.85000544272181,106.39000870704128,107.30134733275167,112.52380204690944,115.92206639706663,120.10302851528343,124.8977241451013,124.47155913774615,122.42300907034218,122.22021839184669,118.30741713658085,116.39341717071542,112.69798525261068,110.3977740562366,112.2991646045931,115.28764193061777,117.98199156848825,115.70530842653113,116.15646591994258,115.17854523019537,113.2604925274783,111.10442741869718,109.54829151799883,106.04289616906757,105.93886600373781,104.88708549858784,105.36784447979706,106.87403769666848,106.44059138881245,108.19754331431427,105.48517608664139,107.9757929942302,104.95063474564637,106.96471895576907,109.60747991660227,114.29310649001752,119.49174264968138,121.39429174427329,123.15825824446014,128.61038642076025,132.04646303683887,132.42108197613442,133.9029962245902,130.55657529474777,130.1702385001557,129.1538151507136,126.79919472435913,129.0626437160944,128.7589380227311,126.36908527381615,129.11841403683516,130.813524946134,129.79109268052173,128.7301862548084,128.8295145646053,129.02913275560297,133.11981733294465,134.44911578263995,135.49433666889232,142.8405323912745,144.3048068421895,145.49817141435446,144.24447947495352,138.38302461109168,137.34169819077275,135.93578960077446,133.191948327048,132.88150739032818,130.6386409137105,134.89984182135515,132.4536214432317,131.39389185802992,133.56787063923088,136.854612221016,139.57661498279154,136.6632785170633,135.91423679702677,139.0902808582795,143.49464605669087,144.23256971158224,143.56236101599865,143.8690452375373,144.233648925512,145.7338837529872,139.20671378731032,137.5775116299656,130.88095734399616,134.83671856164852,134.24093036822433,133.7429584156181,133.2172285883524,133.9247241575623,130.65703238903797,133.17096175977676,131.81690842417504,136.04082366865615,137.48791121341387,136.10995358940954,138.8866671271367,132.89033524381296,133.79113523611014,132.49093721131504,132.61469249936442
2019-02-12 22:26:43+00:00,,154.15194935518548,110.06436355050869,111.31732021393442,123.88429635573264,131.75903474977372,146.66677249409344,147.2099740132959,143.9461885828317,135.86988121772526,124.67340152394104,120.19467137168792,120.16629850053152,119.91589971238682,122.327617220576,123.82306887547064,129.42485174111982,140.42395259529758,148.19050138750603,147.87722317920228,148.01201720924024,147.22732047899743,140.87122971353293,137.0007214056244,136.91981201538343,138.23551291415885,139.01937316980047,137.0388147926831,135.07708923320325,132.03197966464165,128.1758762660973,129.07690291477684,135.44895781857002,136.99743759224486,132.98594273056,132.00355527353497,137.6286177941395,132.85378363383887,134.5759518996685,134.97735406356543,137.75270809964417,140.98861441327432,139.41604962640687,143.7363478487855,142.49165981346968,143.50619393887783,148.51038432978743,144.30455786904224,149.67021479612382,148.3048399813333,154.74878632658715,148.21954217562484,153.21425152450948,150.72803153241526,152.96171009045082,152.0249088168479,153.14607650798456,144.0940668048459,135.32036158526418,137.12973374857404,132.58630466285973,137.95724605838652,135.65758625401446,138.76208904926136,140.3433523195983,138.76419522684938,137.49149899650078,131.72596899195798,132.631493358955,132.20876978743425,133.9720392693831,139.40308155436,144.68084630692505,139.61408489884454,141.05820101673834,141.81892755132355,139.37278680479335,137.56186971313426,138.35682166939648,130.8098309030356,130.85269841550718,129.33912492202785,128.18747187252956,128.39343430672815,129.40835523038007,122.99512665370428,122.95410193738813,124.14571299012451,128.4358802168618,122.10592427216596,118.87250608815971,118.63766750401787,118.28179510988736,115.4326229610442,114.5765886538402,115.67854924611166,119.44899952365644,124.80218877572783,127.61289004382125,133.25715237486517,136.09268845391753,131.49442276137944,128.59312074270565,127.33507292995449,,,,,,,,,,,,,,,,,,,,,,,121.49632941490037,120.34370831094813,123.27396603352476,125.7762200547348,133.85759778105037,138.73492921739341,140.25350427286776,144.40368722221223,146.88022652652876,150.0635823318412,144.44134798722982,141.97573862844507,137.0077351353191,138.98681263133744,140.45596790248797,140.06373036251858,137.74162878068987,135.86815950154093,139.6738968280951,143.8977733756797,142.40645180040852,138.36599892790005,,,,,,,,,,,,,,,,,,,,,,150.48444865957097,146.45014469163016,152.46123702107042,151.12366917372282,155.30229947959188,150.82619162918584,154.92454350249184,154.7396376409944,152.9467510242608,146.40954639607094,153.14754762658623,146.12732854542827,151.65781635380333,146.71153054816844,149.58215300451295,144.8368212442317,149.63495460686988,142.21624572140462,143.72961116354742,145.5765905065277,150.11404223863894,151.51798191619602,,,,,
2019-03-16 22:26:33+00:00,,144.0824663861473,113.2684444480063,116.4208271838984,124.59669323361507,133.41232046298038,150.8600965019293,149.75077800042303,148.5866668674779,138.54923916677333,126.13780315677162,124.75415427834695,125.1762987209822,125.84473758273938,121.52727255498448,130.0519734052357,133.92379915761487,141.2112468277769,151.56058687417854,147.72726865064513,155.00051768022067,153.8130097745881,147.80001817659908,145.2540152483236,138.08153138616132,138.20660834058776,138.36730151452727,134.63990224704156,136.19261508611763,138.15296231840443,137.06397551843003,137.472908391878,139.3710068392335,131.76579523985083,128.93815481074287,126.20995564498747,131.15262808946508,129.52038762766583,134.2257753256191,136.76855424971336,130.8804039435735,129.5613828215049,135.2129683768564,141.75248548051576,139.2136372032461,138.29267619932634,140.18013329300368,138.41371589963097,145.01608089032223,146.43739525732215,148.24975182383724,148.7862724147016,149.82140524415342,147.43576697339765,147.1580219441323,144.0455096671336,142.3178987349075,133.2247387201018,130.58250331406973,135.62840848255962,130.28508985415735,126.82048923061092,132.44085757305706,135.41664534989715,133.8371441934755,140.96100376560682,134.2455049003929,128.29372765223837,130.5122712584295,130.9853660031772,137.72977317844357,141.70635849387537,140.05001962532668,137.25926412185,137.45736330258973,134.81877980020468,142.98043463562541,,,,,,,,,,,,,,,,,,117.76532614659725,117.02319660934461,118.11968967782931,119.71799357809837,121.75538063278225,129.33473920858708,128.3298795257104,124.76789836972547,,,,,,,,,,,,,,,,,,,,,,,,,,123.82650478763638,124.04437213675604,125.39980785500306,125.99011575087846,127.49208820587515,135.75428142274905,145.31233207204275,141.88840239441203,137.72182967289953,138.07181382967957,135.10767439103847,,,,,,,,,,,,,,,,,,,,,,,,,,,,,,,134.68732533582735,134.0506297615455,134.9659940426167,134.73773985456572,142.0734627663274,,,,,,,,,,,,,,,,,,,,,,,
2019-04-02 22:13:06+00:00,122.24798811076731,122.70765585345316,91.24275604855684,87.27488987243531,97.76608201037546,113.91705157420458,132.07528911067482,127.18075130271428,120.15584720100374,114.33822940276917,103.78027941379713,104.17425980786462,100.86218101675482,105.86784552911502,110.52682998739111,106.21364793943451,108.97104966613635,122.9777756639989,131.49426906077815,130.27772735834478,133.82671621012798,131.44029219675593,125.52291746798603,121.60825731205021,118.11207325546289,121.43162448155299,118.81207419807288,114.92555200070278,115.31032490436385,111.6797576119584,113.98590331057873,114.0324799992284,113.79606483320269,113.79790557515682,110.44974832257527,112.11504643703618,115.59569548182297,114.37234191888243,111.7889680166847,111.99982061057798,113.8729446547155,114.96001885475147,117.87382936442974,123.09796946065177,121.65177512588593,121.72529071344478,119.58711931214542,121.77278032839831,125.3514748266481,127.6006100592112,130.19129392474176,126.78478619488392,127.04841218354107,123.70256107171056,127.70252249935024,127.87624701863632,115.6581514890895,115.66579040344756,112.3042040014198,109.77160143994134,113.1826248562398,118.72065379491119,117.31098500072623,112.89907820208732,116.22350588680403,116.82500732684812,113.88408642916283,109.88435830358581,108.75367665131577,110.08641012573172,113.94968365011907,120.09335350907517,119.50454873716298,114.1807629606541,114.93473678678026,119.44313282731643,119.35210517060209,113.01523339034279,109.10768063453874,102.27642378964386,105.46201278949405,104.25516320482774,103.91464490236459,108.27108576404649,106.99270392616074,106.63419100797255,99.5912860870017,97.16711886339762,90.99139125508344,92.02994299234638,91.35565120665738,91.89890538432245,87.97525621596026,88.77424864023118,89.38350758671999,90.23967981600397,95.3639120189684,98.16919550774034,102.25237440632645,105.50735711583526,107.29773540939713,109.92715047278918,112.20825527338812,108.15715501451145,106.18719148280061,103.72386768962438,104.0993590772866,,,,,,,,,,,,,93.59439777820513,88.82706380843935,89.73723716936746,91.82661480564262,93.28449817601917,97.81325362149559,94.8736694942992,96.09270209004869,103.09917125557459,106.77004344707056,103.33174272693154,109.26553391826249,111.61375146458414,113.83344974644277,122.50805411302298,122.72404069507903,119.65994843876689,119.50903527133909,117.06689703747959,118.58506425976456,117.79485389101671,113.34838523534253,111.99125108768679,115.69951701033524,122.7096818704323,119.41672192205063,122.29613513382085,120.8176467202782,120.05312600745044,123.42573703865165,125.38909532839607,128.3716701984075,126.43383764681589,,,,,,,,,122.3650743049552,123.63438070299406,121.38286186943996,123.84857188800706,122.47281215617949,125.73140148828223,127.72248040702743,124.71568931143985,124.9885661918804,124.3683405490902,122.67419015343533,130.69927962707496,130.15453186472806,134.99066052835005,133.63253831850977,132.86913980805434,129.85075737277683,132.33374007981143,132.49649620129847,126.76640970996812,128.4625165113475,129.69770509968887,128.01113824603704,127.9814741604032,,,,,,,,119.82819144771125,122.89750974121395,123.221031788646,124.59708300038002,122.1045733945333
2019-04-17 22:26:24+00:00,142.00903415975824,139.56609563936334,101.16446958271597,106.51182486089417,116.98152825077244,129.90927850819634,149.175688710109,150.81012968461113,149.3212857516522,137.92354426180742,125.32334206112347,125.09633556700884,128.77788092428435,128.9964043294819,126.90379008061238,131.75243103309978,135.189205505301,143.1829921359042,147.55216665541403,148.94989682271483,153.24338893854676,154.444194050953,146.01090144584512,140.63592321535782,139.32736778338085,140.69082565670797,143.18988065698034,138.07187015063892,135.45548553104734,133.78433691005057,134.25084971979146,135.64563583332017,140.85534209955864,137.2265644273949,137.7045356737907,133.56346091073272,132.87038081752237,132.7952223909038,135.56409850742187,133.8783485647545,136.83845960612305,137.77207492578916,136.72260996137769,140.21516955530078,142.30412652362742,138.89367384988716,145.8000105328703,143.83101365779748,151.01508009234158,152.15377241573773,149.87317025208165,148.61874768438653,153.99006921065757,152.13507283350984,148.5974873609665,149.4380532332366,144.95065258766712,140.7511450920445,136.43084285845094,139.4352012377829,133.19642267155103,138.1916281542926,135.93717240781237,138.32773922624676,140.03595973826143,140.6454643317907,139.52659571471247,132.97112234736184,130.53735107988263,132.27150736667824,136.271973087105,141.44474781887507,144.29785203755173,139.45816975491138,140.80993050206794,140.7303258954024,142.51560436845003,142.63575590104927,141.97180780423557,135.1745847513569,133.0697238720611,133.88370846749856,136.48427870914014,133.64903798497716,132.38665609346953,131.2486292415156,127.08257601122418,128.40184359765541,130.03687880330617,129.64041868383254,123.49110419516799,120.866305510359,119.1032640093073,118.0063387227338,118.73336275533329,119.0380755898997,119.94264397021148,126.65031905866232,131.1037630524223,134.51494144583188,134.13634439224586,130.23943332454354,128.5688699871931,126.88180115200066,124.61847837071046,123.99774103999765,121.53996447910312,117.81980502521249,119.02473028068248,121.580628311868,125.76837005943159,130.5155179122795,129.57676929196242,130.54271405677625,124.35375211681335,124.04822403964714,119.37170106315638,116.29533597470157,110.73952204602568,108.96322046079612,110.50589214932413,116.35793233286962,122.06826900577904,123.49599127579775,124.83809889893257,126.21360548163334,122.84885733481498,124.28449226664762,125.17885318860807,128.24795714123525,127.73685673122502,129.57171386637364,139.34029440974675,143.20686952553862,139.73930336297755,135.70853315492548,135.16576348414364,137.94760594487423,135.2688854890759,136.37934462255012,134.92351694189782,137.23987147425487,135.46990050757844,137.4911266953207,138.75627004890546,140.54372392615173,140.8120103800858,140.2677968115107,145.98746720978053,146.6759291126626,148.66723220580047,144.78362301777284,148.89587028517957,155.43550686993976,152.05680297182369,154.14905465452208,149.04423246861185,145.53719733261403,149.44832818727198,145.76000731242289,144.27045211588398,140.57718340882633,142.3217361513952,143.1265317209685,141.86745797308726,144.95291989328626,144.09974518743593,149.14639510790388,146.34361573289718,150.0967808755783,146.76046692247368,150.94277758201807,149.65562544791723,151.99129913162352,152.858339685435,154.74203426625067,151.3010141604711,153.44199903536537,146.99426076926548,148.2958080352739,141.31791907471035,143.63968923189856,144.42492702972623,148.6015076774576,146.10849207053735,148.4143403527293,144.94169797753293,150.05398291251788,147.93485274570162,148.75988834716884,149.45973054271985,147.06274365835282,147.57004535545917,144.78998516646706,143.68257601046636,142.3017124320204
2019-04-18 22:12:32+00:00,123.583025870677,,79.29432861205234,80.38797356741449,83.9477012901375,104.12641127860411,,,,,,,,,,,,,,,,,124.87592688639357,128.0344633743889,129.2186318842107,124.39362507381757,123.82836474943507,121.50057655857852,119.10517530889831,118.10470448211389,118.76369963808058,114.99802581378631,116.31892089417353,119.8547568014986,118.77765552522227,120.25568158120642,115.55989089091689,117.7586518962652,119.14628108980874,122.08352118431016,125.98382868682262,125.86727590679182,130.03972830610593,128.4462399476853,129.57036163645435,128.2025735635622,121.79399690373536,127.7998094175005,129.72208622818715,140.7823601169092,137.02609563397164,135.87524414987402,138.02412808830428,135.92155744391238,139.2702992530323,137.7334402231852,132.21835346692842,125.70726721802703,122.31639333660584,116.22307047997003,113.08209832440988,117.75265555501,120.51549086492946,123.00085249266749,125.12597724718184,125.82690532014992,122.60713796953475,117.3283561272531,114.38531469512206,112.1599339600504,118.96703317428238,126.12983728431294,130.77554286309203,133.10728700415726,131.10901305123917,133.12150667572027,129.65938602993606,,,,,,,,,,,,,,,,,,,,,109.76988676610169,112.47108110472541,116.32986984162703,115.99857226166307,113.99540665203097,115.00968617797052,115.89004331776532,111.74277035460632,106.38440371130079,111.50394354370954,109.56990167401123,108.77032652154011,111.31610260841434,116.7364513622891,113.62632643029093,113.00464780586258,109.74803817085278,106.81479124053548,103.8170134845812,105.10269872076843,103.64078525138714,101.50292896649445,100.58300369077959,95.50669515228849,95.15757548211927,100.67181774597057,99.91468332109329,102.52082561561845,110.42810956371044,105.82126911278773,107.05600187380621,110.95066764611188,111.33213085047215,114.44687286553119,113.78004713043649,124.01158320585311,133.34396283248148,132.1598735791389,131.590687315045,126.83248307460819,127.98544785738832,,,,,,,,,,,128.30331161397294,132.61584609635614,132.3535023221912,138.4142151015605,136.1009926930974,136.46075438252228,143.8268791672539,145.11347314119215,137.01647617212433,132.161799525091,129.29240986095377,130.5521652929241,132.67874206382544,132.26622250796618,129.1928798026747,131.69636104568028,128.62164182520988,133.4010910497345,133.73685439159502,135.96171827278695,134.2716712371596,131.76424142982722,133.541306952882,135.75399847474486,139.50287293394746,,,,,,,,122.3346025913598,132.01836670032884,131.48277350903177,129.13841251183777,134.10048614521045,131.236033019285,127.55857843360761,128.84821193444782,134.4245088122163,138.4922664085284,133.33216027829832,133.68217617283938,121.30449846768788,124.58847211275962,125.99783995648232,123.09274454417218
2019-06-05 22:10:44+00:00,121.72109942579127,,,,,,,,,,,,,,,,,,,,,,,,,,,,,,,,,,,,,,,,,,,,,,,,,,,,,,,,,,,,,,,,,,,,,,,,,,,,,,,,,,,,,,,,,,,,,,,,,,,,,,,,,,,,,,,,,,,,,,,,,,,,,,,,,,,,,,,,,,,,,,,,,,,,,,,,,,,,,,,,,,,,,,,,,,,,,,,,,,,,,,,,,,,,,,,,,,111.55742404990528,121.79328645059474
2019-06-12 22:16:40+00:00,134.22382688153823,123.4726138997381,79.0205135149088,74.1165495827548,88.66148340165724,108.67968238672063,120.33235015116185,108.02572595561853,131.21670911875324,119.0427962930664,89.07649463491893,102.79665453733988,124.71047160957468,111.1499735319598,124.71087734997924,123.99123512582696,132.62072546581913,138.6501271250063,142.49763698306847,139.96926388778573,147.01602318487028,,,,,,,,,,,,,,,,,,,,,,,,,,,,,,,,,,,,,,,,,,,,,,,,,,,,,,,,,,,,,,,,,,,,,,89.18576260312572,89.36603788275968,84.76580773250771,82.34731982808022,83.72820450297505,87.93005169261093,92.56961928235717,105.10992399304723,101.76057771627421,113.04838934173331,121.3333603761102,111.43593463199645,104.62236244173491,102.81091219907417,96.92476936102511,91.8773350716413,108.30041407400088,105.45850883623038,106.36714350139394,101.2669877713943,102.51886975463589,105.09732422441698,105.36130710643889,100.39015441886751,94.85920889814375,97.01969504491657,88.33243880825307,96.58439168818171,102.10426632733554,99.4612755696078,89.43163158229072,92.78583016253693,102.12788205207906,103.91387785723323,102.64431686930457,108.10126116664378,100.28209586808556,108.84360581652935,104.09359485843817,109.4426260477662,,,,,,,,,,,,,,,,126.13199105934763,126.84433227186453,131.46579311358,131.3221762719322,,,,,,,,,,,,,,,,,,,,,,,,,,,,,,,,127.85461816662193,136.5900720587197,139.4635604127446,132.96263875594235,147.26382568032219,133.7575746633033,137.47460224755682,136.18116385376214,141.61917820625598,133.14982239724387,139.13388421639428,126.1644697544325,135.12869061214678,127.82996072046564,138.12037211145008,135.94304252945324
2019-06-20 22:26:49+00:00,133.88741734667303,141.36793453077607,91.08882595315758,79.6292753141302,105.00864357443233,124.8178582219422,140.41429422062762,139.99889305831843,134.64774481817844,122.16016686684452,117.02188090028922,112.97327227375607,121.89551967046499,117.86358397119206,121.98422487944578,126.09070838571449,125.89128939534166,140.29202848610868,141.98014854952646,146.2227885224414,147.32846257563492,141.03172463065454,137.60542839807817,135.94029076518058,135.23131140182318,132.82159357534,124.65168565964427,124.79767122980793,122.53963779583292,123.09933224447254,124.49286809507144,124.56544851132321,119.5458426256186,121.60123198791345,123.19300888418718,125.77992482140638,123.77964457968655,129.59724282124873,126.49479686550828,129.2455805885013,136.42974458400536,132.77427179166338,133.57820242946346,140.3557717129182,142.5589887505983,143.97671072571904,137.74756486597266,140.66582050291615,137.99241835228605,153.46510454003612,151.83498298256572,147.20128599558768,139.83683804509008,142.37492479513176,152.47520478172393,145.6355453622587,141.26096240924187,141.44612527365376,134.22447847125363,127.22579133024857,131.9120912398147,134.50842533272493,,,,,,,,,,,,,,,,,130.75996315130294,127.81694747301293,122.85942710701458,129.05800095853564,129.537905645439,128.10726298672657,128.4894076593659,124.39055067736598,123.59489613322535,121.6734742980365,118.75567186502951,118.89352649042573,120.2864125379204,115.41759343123044,110.82494938565016,109.707631667917,115.12316625482336,116.17120647695705,120.68887552222176,122.32842458678803,121.49849055272105,124.58394494206976,125.09057747811579,123.4258172872835,124.76630507793342,124.23252168958265,121.54422499472021,119.1782971003128,117.65865890948004,116.7122720736081,117.17598658676073,121.19583613764509,119.79784246239791,120.1313242358318,121.62391517560798,118.3720044436588,117.06157994000267,116.70401405576591,112.53227161894706,111.99219100657429,112.55699316378124,112.14684909179331,110.11730819395984,114.17274135264155,113.59064115136432,114.11112102129613,113.61095178008955,117.29643004858343,119.25225861299032,118.89367337041449,120.92707659040099,122.90525940768129,128.85283479448935,131.90440360218827,132.6003310472049,136.19414132953588,138.4192094514258,137.70059474246463,137.2052916995671,137.3647658075403,137.37793679725468,133.9863802500979,133.39596154998898,130.67686345731695,134.86224508337196,135.35520321822383,134.82836059647454,131.69571357450954,131.33809712517663,134.98634692467877,135.34492847617176,137.9146548201584,137.17286000751153,141.58108155066202,142.46750152160726,144.67786757308346,150.86066316859302,146.0381617245712,142.21640721533038,139.77463822952257,138.00248105343084,140.3260010977241,137.2304189701161,135.09208880842215,135.58485285794228,133.47101455079343,134.98590635191138,134.02347597528902,140.00230549049152,139.27578589935834,145.7184779563693,143.46749674146,151.21998819994866,148.87660655561024,150.08453674133395,147.40854431287426,149.912329365407,146.7532539972107,146.61481314878068,142.34124439451892,145.88525921322014,136.47838131642786,141.44153905261305,140.3469633408375,141.64651693093862,139.2170470271085,138.87454943758664,136.0394683076574,138.08323587773916,135.50585281823487,137.5840578614549,143.9911980608096,136.01588900658976,143.80958143149212,135.17570356221694,140.52412533140816,137.59781976648856,133.86037757122833
2019-07-06 22:26:53+00:00,128.18905042050693,126.97806962286396,84.35780995235991,70.97602952288103,78.20961996155273,101.08680955618732,123.88582220960299,122.45629366534243,120.03066137524817,117.29817687215052,110.42063577705713,98.60302759313558,103.32152582260039,107.66581013616684,106.50130494956846,109.15322133853667,110.87175389867161,119.06158793361027,125.08873355427428,131.0798667328839,126.01864620248196,125.13719446141667,125.86293306589943,116.95976336259494,115.1052882337308,113.22624593404306,109.35427664915002,110.00905761245309,108.44270548582847,107.14316689455876,107.21446299375938,106.53897064110785,110.17535971541781,113.15512894502515,107.37857069486276,112.67876422327961,112.79452836938438,113.43662375868482,114.65805458567702,115.72099546838902,118.48550547721511,119.45838278162887,123.19995204084496,123.89375491081424,126.26482139640656,130.21888876261363,127.30239622911284,133.60820747708308,132.7121336787253,134.08686762456696,133.87521860854028,137.41134768742918,134.8324400586304,135.33354963080353,137.75871561361555,134.06447188005734,132.2717199382863,130.11230482290864,127.42531794444957,119.08154971249031,120.83338272864535,122.65383991170748,128.56699604176356,129.84492221272563,133.87540722210113,130.60190418975782,124.59686430119797,117.62533808464293,121.68328250454644,121.72233216580102,126.17498028460527,124.82441652534006,130.1702451179292,135.41352272875693,131.98117458982557,131.8321769343716,126.14756029428624,123.1474866221632,120.12936435465139,115.95074720185889,113.93434198997716,118.18843128918105,119.1764561349583,114.82599006539917,118.53672800731351,113.36002175480952,107.75653192303761,109.08234952488662,108.11043784315723,110.65037585182955,105.62801763870038,103.12332268944446,98.6570686825059,96.46624622874117,94.85582626885088,97.4151885222675,105.4961112750061,111.44704855414828,114.33095777471995,118.08001555778577,118.44617881424051,113.74582590946122,113.9762173218294,111.239555596466,105.52765464835163,101.26112840664099,101.88561003702458,104.09967507460503,104.50502608996409,109.15214065784134,108.02686563089358,103.33332634185177,107.10318708699405,108.30081203582631,103.73484502823976,102.54027031346271,99.29277902259808,95.36499540805906,97.89563334731042,97.44084546364634,95.05487865991816,93.62219284375684,99.01290040383276,101.464740359704,103.2687470720391,104.33191719086548,102.39996448714686,101.97071597878974,104.94830216353232,110.98116981134368,113.76686047963997,117.00100226336183,121.76747140423633,127.05642783149234,130.4340802011226,129.10583886193365,124.87806577557944,122.15059621271713,123.97391652729561,121.21345696919069,122.98062995156336,119.80503988037643,118.73368010981723,120.32069670190133,120.41462487845175,119.12522181057359,119.54788149667418,120.01061778566381,119.64769440722802,119.9032791581786,121.42046877120511,124.168372050216,131.15900842737105,134.49763276206212,134.18192563416238,133.2054570874424,131.44184461206476,127.66962508585856,127.36474679653894,127.67716900285251,125.6638676217569,125.74511073565208,125.96780042700222,126.52727921022257,129.19369178529848,127.93163856772446,133.1144603909283,133.98060384746287,135.8167829527543,130.86950017662912,135.94437392206328,137.2594877967491,137.4154553128329,136.2019052571464,133.88419483460137,137.40220585272704,140.4608850655686,134.9531090411228,130.94317933219324,125.90589513438178,130.22060991941345,129.7559413019614,126.34262751758138,123.60377507263713,126.49815413929726,126.19840641986625,126.85365079011255,131.58463719616404,132.24825297421094,135.2483305966747,127.68210585034889,134.09159086242283,122.3860815219733,130.25998359124648,127.1321012912186,128.16201548766912
2019-07-14 22:15:27+00:00,,,,,60.225598098427305,81.63415650604476,93.03726545815532,99.14275283756709,87.74730543642646,86.02917443032794,88.94398811258381,101.92596670517129,87.80009310609594,91.00680212440744,104.60771998194896,103.58975022904087,107.42449467920633,113.91002097519252,117.33769768755408,121.75457690018791,126.77303907493685,128.31310091406462,113.65355685492764,113.8699118050867,111.6523039817464,113.2272852159878,116.66796668300155,104.43377008969784,95.13564779078149,93.47706998251883,81.68328522911054,99.25027537767716,104.07819398187769,101.5981078010578,97.57574672260337,103.075455618187,106.5838316416546,105.73427887158196,104.88161678880631,108.1098188979576,103.04208165774037,108.439080440515,111.27148623740379,110.8478942789804,115.63941809416416,117.25732224279386,109.3096683721278,109.92217247307698,117.90862477119681,113.68048713053136,119.98384661338312,122.16903782681727,123.33322444764603,127.75746764811339,134.50559852542006,133.2767547229597,120.13190955808716,118.46601994343874,115.06165780444003,105.14441389051366,100.00010903691575,100.11332352690664,102.06067098688865,99.62764169124287,114.34828838592139,114.17028206085953,107.9925562072151,107.51692394047312,107.90830285269858,108.14731322767186,108.43871465998164,111.29554810070628,112.3918169448426,116.70792927065389,109.84476053661854,112.42998926548375,111.4034951332002,107.25031354347155,110.2415999798934,112.15780250429142,103.08805107091472,101.16546452811775,108.4353802722683,93.41485997677377,93.73720376810319,103.32883549098906,100.13666208207873,84.85026050711707,101.3898521906858,100.91322145471669,96.81359818053872,89.12995828869289,80.99850967776976,78.09956744664078,80.59305636145739,82.10111562232221,84.88680131956932,92.45430810808814,97.21594729090391,98.32134062226726,104.5779360209753,101.43153700878968,104.3816512087385,99.2653038994492,89.97482969279254,89.81281331027294,89.1288542497438,89.96317000738138,,,,,,,,,,,,,,,,,,,,,100.52600524643708,102.34449954276022,100.64580619495337,105.76837951618049,109.18787043935814,121.81889302137299,123.41393749470134,114.74503690760838,114.84953768659051,108.18592812036867,108.25217488379856,111.2676305786834,114.31984503053481,112.25340945785,114.71567637792928,113.3337602649225,106.12686750666964,114.85606457592966,110.07602299502024,105.28766369496935,112.72639198140985,115.10869058911506,110.65137045757238,109.15017356461712,116.97829308150816,119.92180757066517,115.76009109039275,,,,,,,,,,,,,120.32662234202807,121.87648151125182,122.6936848995757,120.91676698138568,124.35551955436756,131.2994748949985,121.77503226960019,126.09907266043672,126.63665611109809,126.28533954227656,121.49134639662448,116.90552036879839,113.6497764516044,124.65135577946498,117.85551095792073,116.17081599197239,115.13676781638387,113.94656560464102,118.21818230315532,118.99550468907691,115.90130132278136,,,,,,,,
2019-07-23 22:08:55+00:00,,,,,,,,,123.45722275986175,123.90634326602851,117.67559767534286,119.34135441457421,113.3510672616073,115.85411429466109,121.38657153961876,123.27782458265787,121.33132252014283,136.1250172447032,132.92691524552055,138.3690319937117,136.5548071949487,134.3318887504396,131.60058304315777,136.1110759866801,127.36113228273031,122.38713112887376,122.4279425624779,105.73406065118105,113.12259088085845,124.1747954027032,109.71775577938557,114.1015986424546,136.22739713760043,113.83376864528779,117.89798323173376,114.33082345797726,121.29903127132812,116.58832537650724,114.15839071116046,115.78919371305452,111.95333003134084,121.13166189209582,112.36551739722954,124.19085975245746,122.58545966917953,116.6180526149459,125.30754369984805,112.89896011496474,130.3920642041786,131.45952128981426,136.82656158684077,133.20529899004381,131.45781476075385,136.43657196881847,139.5429048118423,135.85442337323917,133.9534480855162,123.53303783268936,122.32887163533034,,,,,,,,,,,,,,,,,,,,,116.64486702185059,113.04827447488817,110.32151358865188,116.31447744527571,116.28769004665024,112.46757353728862,113.6254184463643,114.93982253941694,112.04439648488913,109.44512653794679,112.95020568978248,109.90805392691912,101.06957350657758,99.97043371539961,99.51530832290625,99.5814692570812,101.72349929828722,104.06823850130527,111.95140354769718,107.9086911453879,115.33640611697876,125.88142472238732,107.13184197792245,106.93141796952878,119.63451599459266,111.35897173965475,110.34311771865137,112.96401927185798,105.20333480321162,105.95519441327373,108.30866505074262,112.78397422880685,109.26218304728823,112.11732860205665,110.14666602154448,109.94830591360373,105.99331903581094,103.76372380857603,101.25260509127479,91.30277659098458,102.14732212552155,98.96578392664003,,,,,,,,,,,,117.90600169024036,133.72005155227205,127.60509999122445,124.37136157258053,129.59955543946324,132.0298527406175,135.31623878854984,120.46567463564755,115.75919318389599,118.65660671663588,123.1357005584499,128.446698374011,127.2504172250307,129.0488996217094,125.58057292758728,126.09438505769536,134.88664125630393,128.28660050480485,127.43766844399289,133.59416396814353,130.35501344749238,138.2704934683534,136.30833572224233,134.88672290723943,135.52689249695555,131.81688786422757,130.40257445052114,131.65892284505378,130.52559692516766,,,,,,,,129.1253863487828,132.82468199100447,135.72442623575304,136.94924612205563,126.72637197362658,134.81362328031886,137.47384023748052,131.78165871532698,132.19436276234364,136.2985820740151,132.61265853953302,129.27795783047577,125.3848292381759,120.7678613423637,132.33554908665016,125.8098946127193,126.1900878266118,133.38753141123533,133.9522541099552,136.02824079422672,132.38143734620596,131.78899403575193,135.525915467468,,,,,
2019-07-31 22:21:14+00:00,,112.23237255167838,88.58665779263609,88.90613061565489,84.3290320641371,108.45990696136809,139.13490080597003,136.13276898402222,130.9880482321391,129.33294425578606,121.0060573242459,120.67032138150213,116.52017786207342,125.36196150749738,127.84172212063238,125.9778213954048,127.45906920651592,137.79903760607044,142.95588818620215,143.7361538019925,141.86784307596992,139.7524289201661,138.5502321382725,132.22739314606773,128.09261951803276,125.74958274786972,121.57755241050148,117.69934687502551,113.71957505219463,119.09558296235011,116.36534249459406,121.64030722855996,125.00347907315816,127.70890998963607,122.97857284724527,124.94273213309437,125.72577490632598,125.08733829091616,124.5963634471302,124.95909993337855,126.81678066267544,130.05899156469115,134.03940964316507,137.8192291225496,136.58033518940948,136.74598738445593,136.8723861203166,140.91164984690923,140.4412484091855,145.57876579571163,142.3286649864999,146.59334730073832,138.13663471459716,138.64460883089995,146.90597198930527,144.82690281717564,141.37052871723319,137.24859902941256,118.49318679475691,112.89491687072619,109.75249382090959,100.19271311112388,115.33651801887515,125.48932588167156,136.0268947841083,133.79021500517098,132.13052974550627,128.9819650980839,127.40651650230815,133.93562111732598,129.92145300996293,136.65123003455363,134.44788878385774,137.89041600651132,137.38145782277195,139.9137078459934,135.054985723484,133.7524963127061,128.89102874753928,127.58257352857298,127.3218167437402,126.60413638598222,129.54828710598116,125.5503066304816,121.9530665977494,121.55987537785447,119.94646392148357,120.88096566849798,119.74932830344059,120.95072147869458,118.02388996807869,111.95481453990325,112.37521044962895,107.75266553975645,112.76096869789018,110.06479946348918,116.61604377538862,118.66119557730477,122.56032492972541,127.84344779305383,127.56865078583179,127.00261586337261,126.20333478206695,122.11062160120457,119.43610513139785,119.08909544292695,115.72796587596446,114.6666268789429,113.55977295348659,112.73305156141059,116.60309638533624,116.36761463708211,117.13262236773804,116.07904192851024,117.68503134975904,110.68844094902072,110.20218082750404,118.73877098165065,109.2385827405352,104.23684515387174,100.58103426010153,104.28505647472001,109.42567258008981,112.40087695601494,107.2720201971553,112.26983551538312,110.64361423389344,106.95438159287698,110.46811502062349,114.31784712240731,114.60321476034098,116.30639430341989,121.44830543134059,124.15836596876623,119.62508626444169,118.00792246596299,116.08120958254233,112.27729144744676,114.17162542209046,110.03761924331623,104.9166611775974,111.42022279732828,110.12447299191031,117.7076934128929,120.52761212286504,121.2568032577928,128.41134361528805,124.16316451438769,126.2858423476647,131.90977877800051,134.08806116500665,133.48155486743974,134.923713933929,133.19300679128412,133.08236657105115,130.60640387912548,133.5649980376422,133.6507502820487,132.90415619264525,135.3931750339577,133.4336482627845,137.09399463451427,137.12113220801962,134.69528695116844,132.77857801182296,134.81383642340262,135.12444020367388,136.26127858899287,137.08949965249704,133.53073905303944,134.9336086702873,134.607943599484,137.22065692965825,135.36473648553473,136.21949174111555,136.77259396736673,132.0743270363684,129.5049847642739,124.30109773397712,115.97337484506615,119.32731078129443,120.11432476418149,115.08329946167723,117.12216918078363,117.65391843442809,117.16022237120607,120.82681836096005,119.85808123520098,121.16788856470998,,,,,,,
2019-08-23 22:27:08+00:00,130.47495681658467,153.8873912204986,97.15660905975791,88.150632739014,92.87596360355079,103.1259012684534,118.18957539502514,131.09448134501858,118.93444071394244,123.40306920651314,121.59183585750077,123.8361797160526,122.40819736393655,122.34719869141907,124.87406788368554,122.15814320081776,128.92272170941246,135.22634254897122,136.89794632651953,138.1569617317871,141.39840106664406,145.3257078485126,139.4676264342577,133.07451697852616,131.45471577284965,126.96854062698667,124.30593779556774,120.03301643465501,118.31905762350583,121.73732136011226,117.65511623713479,116.15810043091128,118.03612687371445,115.83812399868955,124.13366158216738,127.30373190648444,126.48604190684829,122.46186545002774,127.57270268882837,124.35889957955992,123.62848112092857,125.37255545574573,131.3320097708585,130.40393269409245,136.043329468751,133.62464149010572,134.0243261651713,135.424585973668,139.68132741590674,142.33669359035372,140.29637975331997,141.43007844640005,141.00587236393773,143.71194942043584,142.7307048537826,143.33591918498422,139.6534293584771,131.3935022937296,129.74061960549406,123.37018240391505,126.89970008517763,127.81253302348868,125.80018507207824,131.66815382249868,132.69261906222314,131.11734035214667,127.11127542962487,125.75386304625982,125.73115318790204,125.441425142881,126.97206934011771,131.02968457946076,127.10829265097126,125.51615706682207,133.0447403219572,133.7737909942585,136.03931480761665,134.9226915720824,128.51933693690637,129.40033353085116,130.36906924627982,126.14147165459953,124.36237125237965,126.8388004909526,126.59964906817468,118.69103739496667,116.36618716444113,117.83496525098049,118.37802197046835,114.53892974933109,113.07762454843157,113.14495348863355,108.43482631328817,106.90121092877247,110.16717274944716,111.07276276819864,108.3288628534367,116.3545800653154,123.05076216247316,123.45723662381737,121.26291536617535,121.85400145215243,123.01279708109976,122.34423067173243,120.28216095043658,118.03400166417426,114.00054106430362,113.82613878337455,117.82019483923285,118.54076992554477,120.79298995208826,117.03175540134133,115.809866486628,116.43632385099797,113.15990438654401,110.15893488438043,107.17427020809158,105.05694578159041,104.15496094800565,99.57514946144697,97.99737840135425,100.52194697063443,109.05970765040013,111.33605289708431,113.12630820732488,113.14366900043804,115.33056231444328,115.17594315199896,115.16153094705696,116.7331001328606,117.96279616669098,124.89227248377317,129.26715458701605,138.4162260051539,133.9268089445831,130.6439808743114,126.52638525308085,131.33672273005445,132.3713229808093,130.1248010543071,129.64460401850246,131.58332988622854,130.3917628707109,131.0749792792522,131.28728710555401,132.8237052105147,134.00202527194764,132.61868593828794,132.89844802876496,133.6921220737593,136.88647133124692,135.28076879976751,138.84846120821808,146.18256886066914,145.868343977145,142.92810316246957,142.52367145628637,142.81218585640138,142.7425335835426,139.43672799309562,139.80314557304143,136.40078416036445,136.38649175815644,137.57544318033175,136.13038815049592,136.6889992836681,137.74193725036434,140.06777878144794,137.40194696525546,144.17677123377814,140.9987031874648,143.202146243658,142.18254403277658,146.0977454427908,143.76891228248934,146.7604275832868,142.96260838420983,138.41731143955607,137.9303791015798,135.73302274132723,135.4914604082435,135.80580786984487,137.7168860306328,138.62074406292143,138.3478465846345,137.80224318273642,137.23353407139965,138.40219054006246,138.47222735384122,142.15430172549625,140.67720326328796,136.76815445714138,136.72093402381896,133.68159510059053,131.764275924211,129.71365854586094
2019-08-31 22:13:28+00:00,154.5485618205565,,,97.4212565615604,,,,,,,,,,,,,,,,,,,,,,,,,,,,,,,,,,131.08098019230135,,138.48695227693165,142.9536426543412,151.4280928635448,147.62711815308364,146.38862230242398,152.3765302677479,154.39933182323347,156.43286340640194,162.9466434411082,168.8032981886385,167.1375890883563,166.2705998805637,166.21379135356653,163.22654416727073,160.87895672914772,158.98419022514304,161.19356656550457,155.22746205744383,155.29872221232924,150.17567084145392,139.56151571101444,148.10337644949888,151.14189586807768,157.57441464642082,156.46975404735127,147.43004730548085,153.56243371208015,,,,,,,,,,,,,,,,,,,,,,,,,,,,,,,,,,,,,,,,159.88608211467567,127.03140725623862,124.52324700006542,135.7646195696139,143.22671915133918,143.50360228602608,162.76884193136755,145.000897012451,126.37560045642299,140.54207441497704,130.72935284723087,120.92023648278035,153.2680405516403,142.108291567632,138.51619008249563,132.8342540730478,139.33000506458052,139.32854762236482,135.3006811986678,134.11541453565283,137.11258408460108,146.11892540535095,135.65703960856447,150.77227597963105,162.64115776392617,164.06779072922538,152.73790586153174,157.1831455387868,158.2455945393816,165.71804019984796,163.2299888050976,164.20191166832157,158.35750069129313,159.14606226205976,149.8660216191651,,,,,,,,,,,,,,,168.8243076050473,,165.21568363166568,156.16395430954015,167.63163044553283,153.49966863520535,181.7956493088269,159.75133427805775,180.86566032911927,157.38286166469072,149.21012408626888,166.8184767710762,,184.4249313385101,173.3393409628813,166.6715339300117,169.53839952942826,177.28165364834487,172.8337300288239,176.66302433005035,181.94616760409784,,,,,,,,,,,174.31091855694916,,157.75586893390326,152.6630495685594,176.17367996982804,168.39542064333008,168.73383772617643,157.806818742742,162.59017497546483,161.38056115833206,159.9314632558732
2019-09-08 22:27:12+00:00,132.169490401799,137.5424457375835,104.22958560257769,98.25119792091101,99.39262024769248,105.86106090731185,122.37402264046769,118.24990040481129,111.58299243890954,99.27351748462932,93.86301825053455,99.30387660583148,110.52966178846508,129.01762836702636,125.66567655558808,120.37372671073196,130.7900045656413,139.75869093845748,140.49846491003112,135.9590300803271,144.91549950380448,148.4826669265338,143.70235809024646,142.15029335236187,137.0490177354217,132.88475855537456,126.19526477044369,120.25702701834692,123.52490101055265,118.70187168571532,117.8565445924949,120.78846783584532,125.30463854920596,126.41327038912658,132.05112540804748,129.52644708996854,130.94997078811252,128.58005671338125,130.84925412485035,130.7621716165325,124.72723448350088,128.17996010581234,137.62407550194456,138.8643417412989,135.39158360558903,131.37783368480197,138.72540504339707,137.25499736331236,140.49519595812507,141.76030740032502,138.10467523511477,130.11252386140825,140.1133043024174,141.84877414404772,144.66923564605435,138.81532754529178,138.46256225926663,133.34750847033555,130.5475566679927,126.99745913042509,120.13742851691771,121.05079690936215,126.89509707018405,130.99096495456232,128.35282964264104,127.76143951066877,122.0348584340765,120.72934822259876,123.49554786679398,116.3264108939629,120.05561986907578,129.3954305027069,127.510201983842,123.36152011308803,111.96168316705275,117.0348526360076,128.86391370822244,127.12642321908389,126.92426252971116,125.01157978351466,125.55713675158208,124.00221598730518,129.1363802236551,125.09560515056276,122.12580053096016,117.23893556535045,118.98030484380278,117.26217424754014,126.2792565676068,116.61125475047454,118.3237314133744,113.033846996063,110.93337137325915,108.07448109588218,110.61498328937904,108.80829446482699,111.95860336028872,116.06036932634244,117.77757047809786,122.88552203615839,126.41908347410342,125.20571886415348,121.20905025382963,120.6451199300973,115.5867064374733,113.34909731436508,114.48050860878014,117.56555108338982,123.50407179069136,125.11172757697415,124.1217008130813,123.42294723861096,119.91861226782764,117.39275874199294,115.47746317298859,116.76857960765423,114.21986783282024,111.70603732733349,106.6731171233852,98.93213866189078,99.91116697478859,105.00060942516605,107.05853669224904,115.4728917447645,115.10950329019568,113.70292699240508,116.04231101681606,116.69642619982446,116.65209884166175,116.4467145263132,118.01592660228005,121.00525007145254,131.69136513426267,136.93159273950928,133.94835174008787,132.44068218335627,129.70540044278505,131.49429109397775,129.43370688144182,131.50766160210623,125.18836650452405,130.42461730159866,132.2694630130644,131.42837533591654,130.42758613510156,132.9153743716216,133.86220535349835,132.90177139361802,138.66034670586706,135.7431252206041,140.3835422381961,139.72621391991623,139.2328780695309,147.2945310843448,148.09303189237855,141.85599503894665,144.1888676329184,143.0799743489683,135.602892680347,135.803796483007,132.744650843307,132.646489947423,132.74748562474798,132.68606610381164,135.04669404902592,137.53413982053888,137.4079213819746,139.54175780212972,139.31367346666326,139.18195465730096,139.5944511828418,136.8165168684749,141.19007178829824,145.44502533755298,144.6699643407456,143.33403135816107,145.30665119150973,139.49246203103803,137.52119484037598,138.408558589151,136.0511485444705,138.57498061316684,138.26001551375168,136.78284083103432,137.2965819865917,138.79023424117364,139.85044849786237,139.37616075809842,142.35840537753504,139.55876471116676,147.35746966043976,134.10049299367373,146.05223581692022,134.73450657442064,132.59499246104568,130.28651327819162
2019-09-09 22:06:54+00:00,,131.9106834724413,106.83468239535499,100.16106476157054,101.09505562472964,104.28042612554128,123.93832303955749,130.3939829602971,130.08562548983335,123.50702826945245,115.28587864024577,123.06353313218868,119.42254269769612,126.11659226408997,119.26615129103351,122.6574289086364,123.17712844464266,135.05500283824307,137.84090562757942,126.10471722756841,133.32254812302193,141.09674067153554,129.5887109579831,138.0518916526078,129.09666262481028,122.14801763993299,122.17283429158292,120.25334840851833,122.06656660557272,125.45403711342763,122.49830132093501,121.95443684058094,125.30459663985337,123.07406078760468,122.52567776775656,123.51356405941004,122.41733197505818,122.18005360146803,123.1334598731344,120.68476320514361,118.74295152501008,125.67173070792047,127.81269279783318,129.4591559844363,132.57089140656888,129.92954330467197,129.34498997118874,131.7180062897911,139.67968403570802,133.32780791617412,140.10904682798554,139.4486014056736,138.0576535281791,141.28588948047832,144.65022395016658,140.8502815325051,130.25518560011858,128.0852963873558,122.64813254438695,119.48329400049052,119.30043658935031,121.74456319607238,116.07958434217394,117.06970346911595,122.67853015028372,125.58860411455737,126.07210543842663,123.6990421397455,121.89014719269653,126.63320335365827,129.75339170937565,131.1201579139951,122.89748933630771,120.06338807522424,121.4132448797191,123.30881582891567,129.8861237036145,125.29548359959256,129.57946254204478,124.49300526155538,121.59495149926013,115.1284422062605,111.21617577249833,115.10502004937199,114.97967427066835,117.45634247971118,117.15103714402538,113.2721463127065,120.26391255416611,108.15844190761781,104.95443665983134,104.2950773141667,104.76788982949279,103.33498708815317,103.46658861942541,103.37749463207712,106.96645530537376,110.70722088030489,113.93424233608228,118.03331141441446,116.91489193509341,117.55235770265001,114.86418857486126,113.27532148639362,106.18183121669267,103.36998104428132,112.18417953475289,112.41410344703746,119.09895175163057,117.36452886514084,118.46591104181279,117.52186643472487,111.6756638846117,112.9236579616197,106.64589200393348,111.54174106141248,106.64625674310867,96.66724101171351,,,,,,,,,,,100.08466219762568,105.99478461630382,110.32347007182479,117.51481891449285,125.92089317800676,128.80713051208662,129.84404443831878,129.6344471636509,126.69866607256483,127.85356179655982,126.2508586586398,130.27299726257277,125.61419441329842,123.08024095571537,126.39861791393002,129.84096763946323,133.07934480719118,131.8185349662691,125.8137202400348,128.93561802212574,126.25097609489382,127.79330455151303,133.80816834685578,136.07949343936778,134.4095076935202,135.07764093915742,131.27095537802032,135.01976520812764,134.82548981899282,133.3160402736493,,,,,,,,,135.75088380097102,129.27730973688057,130.93766376353526,127.63016162746877,129.2389491936256,135.18780779287633,133.1137241860476,138.55141731686888,142.4752684714512,138.17756460977319,135.25976261020236,132.27651495858677,125.34497408335368,128.2267763677613,125.3572025374549,126.28644550724707,131.63564004272507,134.6973480361534,136.14430542120218,135.07502502754136,133.4495965646912,134.1572887186574,136.1663220902641,,,,,,,
2019-11-03 22:10:42+00:00,128.87332144585397,,,,,,,,,,,,,,,,,,,,,,,,,,,109.40555262867743,109.19072601567547,110.33550738881283,115.41798477298431,110.44862273675714,116.84844753200711,118.72422199159412,121.94607556737145,116.00319149852734,120.2883965025555,116.8448768317312,119.82985531001148,117.20222591020564,123.32685285895528,123.90734660875292,123.3068084593885,125.98059528132895,126.1685106316585,127.58727166039733,127.67195319161735,129.19434936715217,131.54336909327853,129.86946171794705,128.78938712262658,132.97659152080075,133.7059325577636,131.928731196618,134.86337292697658,132.88639410192866,123.664896133768,118.5602722420636,116.98303874668963,111.84280249433505,112.80094918644177,111.19372203832485,117.28327508258887,121.09108833130063,121.03393202626626,124.27388730611308,123.32028171647787,120.47312388570106,116.35218524595847,115.0816062391922,119.93027779107416,127.60829026360686,122.83557947247185,123.94539965629257,125.78833927555047,128.41506740635265,126.54130459196338,126.24497365482738,123.44806072587733,122.23956423580152,,,,,,,,,,,,,,,,,,,,,,,,,,,,,,,,,106.25265940376876,108.69489810246304,105.28012607183408,104.2612632031854,101.3621144760389,99.22457310830951,97.03606319484588,95.30962579715302,94.88185752797068,95.18400746507778,101.95297669037024,104.16750583720189,107.64559365635566,107.43836330728878,108.83637808673096,109.3666178097928,110.03468950984838,112.982019567867,114.26153942533118,114.596762919128,129.7692379022199,132.0022335057358,125.68310334796486,124.05058678299677,119.4305798295679,120.32673959495247,120.78590177393382,120.47817006644173,118.28221117485802,119.33519021616264,122.70431120157357,,,,,,,,,,,,,,,129.78363865677505,129.6869940097968,129.4680990434419,127.43207832174669,129.70643345892856,128.2637689622843,128.67008417886072,127.92214905997348,131.0703396067903,131.29439609120507,135.19355368716515,132.55125860281817,132.1126874012945,138.50051318608345,140.35309780974976,134.41565577178932,138.66015746307943,137.78083609654465,142.35791340083452,136.8240848342081,141.1805764712791,,,,,,,,,,,,117.18082901316974,125.78703826493911,131.94663506193888,129.28265921150785,129.87404961052508,126.36976607832564,128.87854887039308
2020-01-15 22:00:56+00:00,,,,,,,,,,,,,,117.51104366485765,120.49827047453027,126.81001753660574,137.9823813619269,146.0206788508739,139.23292682585796,140.0208091396754,134.44238347045683,142.208330515306,138.90353055111783,136.99715760537978,133.598251142276,125.22400371828616,123.53045139854457,122.03718608340542,120.4992170852886,118.97367477770621,116.92604296590879,114.76996709467764,115.26066752063524,119.87244041335576,119.18451400247558,122.99171613740666,121.83445489058435,119.59384526772342,122.41133227958247,124.01360335182106,128.6388931963367,126.55660535784553,129.98463723991478,130.19196330844358,133.5569091505507,132.76237094563714,133.73322099467373,140.98655597915473,139.6430423866943,143.1914406726437,143.1196237836378,143.46449483716833,141.62959882499067,138.8001391058852,143.5225437260923,138.64548367542818,134.09349575817998,128.1083541802962,124.17376626943832,121.09541972936364,121.60990521860874,122.67176177561063,126.97855099570423,130.1834248898749,,,,,,,,,,,,,,,,,,,,,,,,,,,,,,,,,,,,,,,,,,,,96.00240847800144,105.52578170772064,114.42800280214203,115.358253599858,116.91541448180796,115.4761080526217,113.79938048388543,109.36049124326131,105.24564551172406,107.9921774006345,100.71530461591237,101.4790642699151,98.85715835385416,98.42944205972718,106.7821491934606,108.60068993951595,107.55507483984127,110.44453258556567,111.82910818059399,112.21179122705833,109.26670557134223,116.26519544602644,116.13790440350805,117.88413586197163,125.14667504069685,129.50996060437797,133.97744109620277,135.5626550552776,135.4311680921162,131.43823236614506,128.67257952456256,130.0789982479012,123.06350706936732,126.00588008042004,125.5466960236438,125.72724242217296,,,,,,,,,,,,,,,,,,,,,,,138.53143186107917,136.91805723868643,140.7234307891728,136.36376522310601,140.141750886794,140.12683218995875,140.58715407910358,139.93533801759403,140.8008910847242,144.60746543629764,139.68312339940059,142.13977596900122,,,,,,,,131.53769071345843,134.7801654401582,133.4551123279278,134.50178687929196,140.38085867266693,139.08781090319349,136.92973874406937,,,,,
2020-01-22 22:06:46+00:00,,,,,,,,,,,,,,,,,,,,,,,,,,,,,,,,,,112.71918521482444,117.68180170711268,113.34090103504165,114.54486115490504,111.02905682938135,112.76492954484029,111.9569095636733,116.38314584910891,117.51241909759646,118.43920175666148,120.74538897428955,123.1498584212167,123.8554984138749,125.11389639320522,126.86029552380279,126.53994833179569,130.39438208539346,127.41564204662129,129.40798948382488,128.2713840098181,129.9460516278474,127.96616758364516,122.85555907847946,121.88694213682662,114.46906551115504,114.94625111401737,109.89521506164138,111.38612516569263,112.85656994457439,119.38735410965103,122.1074221613937,119.56246060820193,121.05854440886066,116.39063292656965,113.2384311581008,115.37433704167184,116.22581038566504,118.6412935007631,120.19370006816085,119.869180765649,122.70425385627011,125.03468094872197,121.74558998597155,124.68434922385904,118.5406119146823,117.01389519325267,114.6854717574614,112.10575600359176,110.2054471817051,114.53314385347075,113.94804629438289,110.06575466089517,106.23554883144917,108.09626809575626,111.71376712543004,106.35366813631325,,,,,,,,,,,,,,,,,,,,,,,,,,,,,,,,,,,,,,,,,,,,,,,,,,,,120.32759981112402,119.12469298958439,123.738093392058,123.48937398881725,123.34287038575097,126.0755023503501,124.2561105415825,129.0229731059449,127.13381669927551,133.77724740575619,132.20225182023017,135.70560509755353,136.46324462635138,144.10895612470108,135.11328273940543,136.37202589993976,,,,,,,,,,,,114.96799092867846,131.43748865066502,134.74811549932065,134.5933192214253,136.4513172563485,135.53485622371684,137.47005458054574,135.41306488238945,139.89318477390668,136.3961192281347,133.23399349624464,134.17214547488715,138.11689881328726,132.7577811122661,131.46256877818138,133.65633066067954,130.67090178379777,133.348112060755,135.43783989674696,131.50863700003023,134.9173540428474,,,,,,,,
2020-02-16 21:59:19+00:00,,,,,,,,,,,,,,,,,,,,,,,,,,,,,,,,,,,,,,,,,,,,,,,,,,,,,,,,,,,,,,,,,,,,,,,,,,,,,,,,,,,,,,,,,,,,,,,,,,,,,,,,,,,,,,,,,,,,,,,,,,,,,,,,,,,,,,,,,,,,,,,,,,,,,,,,,,,,,,,,,,,,,,,,,,,,,,,,,,126.45393279406383,120.05143229184223,126.34705825145646,,,,,,,,,,,,,,,,
2020-03-03 21:58:28+00:00,,130.1423957481992,96.6462411299819,94.29878554173025,102.45974624685697,117.76664777382484,140.12761028691887,134.73951874549653,124.8761458447626,119.04324616079738,112.97869076943186,113.95963846313565,104.35289063086833,106.74336140849312,107.92389571698533,112.21012636953138,123.99442222886049,137.50881425743933,130.72717165148114,131.4385198076834,132.2862703530851,135.01906420915006,129.26515202833858,126.89099549108002,121.4377318093418,114.76019569452404,115.64261012229753,110.63487956212595,111.88196862705647,115.62623248275145,109.58766302934947,110.60510255047052,113.31603919742061,116.0380418410933,115.35112312801104,111.75692362571921,112.88405368564264,111.4673623961376,112.68055325920501,115.7744111129021,115.44347236662674,115.23560691179222,115.19884659422247,121.30561552573991,126.85819279876634,120.17167006289915,125.70679196321456,128.12367252109476,132.89912306367825,128.81242733676166,132.37896235581178,128.83315702914007,130.70730060840862,132.14807942457364,128.46728545271333,126.36136404743084,120.97548673792411,120.12466630004324,118.80304133666934,115.30475519298908,115.19603593573524,115.38465859647006,117.1449699292625,120.70186728189562,120.08779998498726,121.19535094154512,118.39755048759744,112.01868043156945,111.69804753395371,113.87997430647992,118.10030691121668,116.84561520811259,117.75363556545372,116.56098660282424,116.15536039625665,116.93308877959475,117.88836956321224,121.03892485815595,111.65181485949398,109.04136864000735,110.5146961584692,114.77862997209603,114.22004660068852,111.92474145523616,107.60509050339212,104.90673871373907,100.50419029856933,101.432238295418,103.84503348254796,99.4548006431357,97.83211042898616,97.04168019982357,94.91587229360633,91.6412831386939,96.38790195805177,97.00922337020793,99.25889071740656,103.67539569668524,109.61270990321813,108.42993505547987,110.0292993372615,110.8859523649738,108.34412699325739,102.1247765406619,101.42178136012404,101.81118922858633,99.9043678540925,103.70702766641227,107.49782201935407,109.0573705891562,107.95086533623012,104.21695432522165,100.67962969424936,,,,,,,,,,,,,103.777583355988,97.50093358123466,101.9316504177626,107.483045154767,109.55910188549277,106.1930136469238,113.94013793336563,119.55148182804193,127.32006957838381,124.79767990871596,118.35458033082176,122.41978021588517,118.52594636114868,117.31093868055048,122.1761654702233,119.96681777657791,123.29647655328574,119.71875437162767,126.01665002617553,124.21570309084774,123.38711856417444,127.4928172882902,124.39459581516772,126.90440463429346,127.85354255710436,129.59641699267274,133.72976685056602,131.96822854917318,139.9424855872651,137.15931789241677,,,,,,,,,,126.02395864936608,127.82077683011784,127.25123636397208,127.38645787467802,128.84590536245904,131.1549699654375,130.2359131907975,131.33375294069086,133.73680116630882,134.839518740688,136.7016412350505,137.4596988733565,133.4600954541263,134.2396319613552,129.01513303594902,133.09205661035142,125.88146995163775,129.13159996362307,129.16664438423373,131.1793904328209,128.87654071408505,131.09140359464712,127.92038266139959,,,,,,,,,
2020-03-18 22:26:47+00:00,141.8005359729053,140.05888037936882,109.93049790925467,108.35251454461923,117.66448945449359,137.52679959250005,151.80242967309815,147.39296466691658,143.19958535568085,141.73256135122688,142.60537177554505,140.42109200053494,129.48809211960622,126.53621819742791,130.88040052582573,134.91061392609458,141.7942105574159,147.6404364927559,151.21605654319717,145.13712296699305,150.68540762362503,156.6550799322508,153.4441644558322,148.71740420584143,142.79511477722087,135.36806471616723,135.58842026219986,132.4817790584998,132.9114006770618,132.2292612569775,133.4668249513308,134.68726291571764,133.61957105959712,134.6756475080827,139.57089214522787,133.24903623081545,135.14452345397513,132.43425705171484,135.00259997220766,134.5126103487927,136.32131851755548,140.85806798908382,141.63079185451832,145.00756050537092,146.9509104341342,145.9132942744367,154.152245137864,147.49579384148686,152.1500338486404,150.68492140311272,148.8798747809248,144.96277159806573,150.1417293296613,154.78367357063343,151.59360770409492,149.9910135396317,147.63541980591003,147.1266267782863,138.75120948341947,137.55549237829723,132.59533700632466,138.70665631715804,138.84866092364777,140.8318514604503,139.32481990122062,139.01239328854388,138.63267414743368,134.93216751422995,137.83675406966842,136.43099649009096,139.7791277339946,143.83181087816484,136.10523057585598,137.16018603759437,140.72913670650678,140.4941001432352,146.5732352574224,148.51802827561642,144.24176717536236,136.11463155638234,135.84509852170612,137.96538824477577,136.83773485954163,135.6550714999821,132.51824423831906,124.28766373453696,126.93700084041373,129.36315526610912,131.9482997330325,127.78262426619948,122.22200175159853,123.878244918448,122.8282817750128,120.17316497893252,118.09267335397826,116.49777703354528,120.41218070196275,129.9771551638994,137.2128524491563,136.19773902143075,131.50721436876535,134.79328853203262,131.25127183016474,128.19726525358269,123.77786565764957,124.2630377670152,118.76514807191256,122.53449991595278,129.5909942141693,134.49711962298827,130.3095915644863,127.1053512701154,125.7731606681274,123.23951224640554,121.0794082377304,119.92097638330846,119.2208843075166,116.9580940172546,113.42867454114368,110.30157447454013,108.5418310948613,116.00052752049498,123.50775284429083,124.66552235673785,127.31816813632021,126.62884640488491,125.73902569987466,126.49695254458526,123.4940309020381,122.366232695407,125.53403683570818,129.1832011286461,138.8708838468132,146.6103989521728,140.1687755499068,135.63062682107503,140.04360598643632,140.65598525914174,137.84281025166385,137.4915534665213,134.99995619667592,138.0779716714744,142.31652307818342,140.04355502112196,140.17738799427116,144.42558170493015,148.47184979765282,142.86070939551948,142.9773559321843,152.0156367492642,153.85199199596644,152.8764485473016,154.00557024306562,159.05897456762375,154.39286774467834,154.9149342038504,152.9777592811239,148.54348617738285,153.04456612994144,144.24457855810635,147.74551957446965,143.80534107744148,142.06101003126375,145.36672180815677,141.2334776372575,146.98981779561748,142.6760357501314,147.60549828594964,144.457206855975,151.37887303996771,144.16472663663336,152.3631890572141,149.9536235808842,155.51944806743816,150.82478105190387,157.2077313697383,149.89319031260115,154.2964380617982,147.92747025500228,155.77262326323768,144.13473831992053,147.2657456019678,145.6815877531811,150.24460743498062,146.80243223213364,154.13712725316782,147.89140519598487,154.57423770618274,151.24151187479572,150.9416966580927,151.00262874636752,148.32361438058288,152.85737903647197,147.21962231330426,143.91443573461407,144.0254582274705
2020-03-19 21:57:35+00:00,,111.79601910409318,89.90856902390854,86.22503025396139,98.09921035437071,115.04746388258526,135.73700952495773,133.28071155974973,125.24980688971306,122.8728748471754,126.45335598396166,122.12132115138968,115.29033651761257,111.77138908525887,110.5555643771696,113.81871341051963,118.88269699211205,133.02726314611422,133.8531940921956,127.02861446438327,133.43777239319252,132.32030359273645,128.65320836107898,126.56484348884517,122.92194115137974,122.66230593705978,119.42004978483152,110.4913655957635,,,,,,,,,,,,,,,,,,,,,,,,,,,,,,,,,,,,,,,,,,,114.61090412022513,120.19571833377005,112.37094083649336,113.30378252432943,118.6395862538952,122.15584298897409,127.86102010205852,120.56125546838672,116.47369843743414,112.58818880803682,113.69761260441845,113.07062469636993,119.35753786664898,115.44489830207858,109.09874073476456,107.1461691542345,108.70600796723207,101.0166935290066,102.94398849876524,100.13359000193701,95.15175131966791,87.81401752065126,89.17906059541893,92.56625797932298,94.29479776011746,92.27418834222051,95.65243634087813,102.10588943271381,108.11819607090325,114.58741067707739,116.39448738417197,119.2330236002737,113.28758341743652,109.57015661708702,103.32854376051979,100.6078453870062,99.46661534656164,103.43611886921431,112.48065628852731,110.41197812204186,106.47918485260726,102.56910683537173,97.6828774485109,97.28640375601226,103.58747727595673,102.52445020264054,99.87386228276551,97.08143400148853,95.95481553801983,89.77308443466062,97.17754488772096,97.89222256596791,95.11880802690182,95.46781133942913,,,,,,,,,,,,,117.63671480925899,117.61889081462385,118.28739073225975,122.38637067437296,120.30143840404568,117.47224813961314,121.59792294635768,121.97209862352123,122.40191900559466,122.46057193019196,124.64324672011628,126.10682137667463,131.49605869758136,131.43037874381767,136.73012753017036,135.1930047453301,135.70048792882838,140.61310571558855,136.19454143891642,139.23137073380673,131.77220371124605,129.10123368709404,131.42250955276955,126.0422798852152,130.1429630035571,130.3290867669349,127.9345892552854,132.55858211419863,,,,,,,,,134.41696335994544,136.4295389374023,139.26396248896788,138.35528270321112,134.5548087237113,133.00286495430564,130.79638352297047,133.3373978442598,128.2625490667045,125.502146795326,130.1089721739296,133.92220263832644,132.2497530702618,132.92207571497062,137.7234428400496,136.03213385931394,135.4085114059377,135.57376581870722,137.94330030498838,135.2110976146184,137.0809548042133,128.95014520411277,132.39358877995232,
2020-04-19 22:26:32+00:00,,,,,,,,,,,,,,,120.60340650763112,132.1859448314675,144.61927506995016,148.41964631382743,148.17087310072012,144.5025100748144,,,,,,,,,,,,,,,131.13053206779853,127.50888653904823,131.67296651238266,133.3289361416133,134.24508762044323,133.86974930053896,136.91388381340434,140.28008846389494,139.4495436383933,142.26461266110147,146.67537196867667,144.85122316729488,147.51752530155045,144.82242306391063,149.89543223685075,146.67498438277394,153.0934765997617,144.55594867814517,150.43571214799243,152.3717998491613,148.98091150138475,147.43319279558145,142.25844290834826,144.53657400651144,137.555099417196,134.89285064184722,131.15773667580194,132.136427145489,131.77497762090397,134.50203516160332,134.21562483902048,133.55309804987718,131.52901401347114,130.73717999346408,130.6670007753467,126.51162267871666,131.5062009880846,137.22876669074356,135.7429845189257,134.33229047378717,135.7615764498489,130.95346032735557,137.2292786761475,137.0341125025252,134.59378844835933,130.80631301018585,127.41405450186143,126.9873725074462,124.0955197841663,125.28030125616908,121.07282234694418,124.05997947478193,122.12909808578578,122.4787963393022,124.40329184573758,118.27028856432224,116.11322230034712,113.78469381355713,111.56587306320556,109.52661716226127,113.7251139149622,111.584634726668,113.23369429787554,116.62003832619962,121.01251218049805,122.5368347762771,121.4386090743264,122.43665391535227,122.92150124317936,122.1458500881351,115.82982407899073,116.94980935784973,113.44787313252785,114.9658434692004,119.11443810660506,121.42742738881911,117.2876019396629,115.74441930890634,117.49231840599064,119.78264758140256,120.16606650110046,119.43614571900986,118.4685956119462,115.92335643593275,111.7458773549419,109.0455035063379,107.91913867997212,110.95670444837967,109.94926114940104,114.83093726506604,117.40551687383208,117.5065785841288,122.54827556227401,121.66792576039576,120.5117876793116,119.4319600918688,122.31230912197942,127.06582672661828,128.74258905470413,134.73077823883978,134.29885913489346,134.8262860848065,135.28440240900252,134.7857345199516,133.6094732024262,132.8112832091654,127.71920451049563,131.42367124099633,137.56816298048656,136.9252077174072,139.27500944262596,141.34638381635898,142.63036959089408,140.8866496681685,139.44704035361914,143.92334553123516,147.24354696157573,148.15674563152075,147.31359065470633,151.51603492873653,150.73744497400307,154.0397448973094,149.95377343435052,147.3281897413428,145.59289757177189,139.7514484789064,138.80537577664677,142.05728616687358,139.25825356588263,140.6683103302225,139.04534699158472,143.220081971354,141.52212662442264,147.19003388126245,143.6391276553331,147.43809284977635,144.46565720392746,144.23845414806732,144.58803508837832,146.2981099875792,142.37505770452643,144.1170056392691,144.67861004019787,148.4100450539473,145.41376156619535,146.84857831497226,141.51864420482676,140.74936718767623,140.96413494994906,141.7719804131256,143.49403243103785,144.51584923067628,144.29226406438292,145.29016018652487,,,,,,,,
2020-04-27 22:01:31+00:00,,116.32189666885442,79.04396116636885,78.78978720473944,83.34358501369162,91.76627801284137,111.46244364572166,112.33489769290789,114.06524284472907,109.990555362703,113.80646046401031,103.79793406917125,99.31625786846172,96.32334202007172,104.07407269267182,105.36586428104467,109.2043544552269,124.29326710400773,128.48271821677093,121.75446296544787,117.47877891979348,118.32880187990526,124.05906469158239,117.08233139258556,114.13818905791321,110.14634539210635,108.53919596512205,106.94128368787963,103.25188704534838,98.51342288482684,98.41903842250994,96.62799044751667,97.71342424555333,104.35568575313889,100.2585773296316,105.63590658491911,106.49108522985657,102.28474457756587,105.91067698707735,104.75849215256238,109.37989148105368,108.77916005729026,105.48520278487233,114.44436206126468,119.45334883720683,108.62793338112749,110.78016865234886,124.60260122459232,116.04261856781466,118.78842422635536,121.04622053374294,119.08170335150157,112.59861327512425,126.11143428913228,124.93809411799143,113.6212916721185,118.03671032247019,116.6811934055046,102.9328228144951,,,,,,,,,,,,,,,,,109.86846129064651,109.03338283158683,105.64501092409462,97.9803502243772,96.54807937415069,88.88266317053959,95.37417683256483,94.49339455120048,99.72237551295188,104.67939531272752,94.25420272923834,93.72271754452403,90.22262727045822,87.40943947750642,87.7847816011975,88.42535854176104,90.49294686020095,85.84464327014982,80.90659814722412,76.87329157427291,93.79951640281094,91.74815257644998,84.5198629932595,94.27705925182703,106.96342521349315,97.63716717743723,92.05289957005024,98.35079276809056,99.11483044770434,88.72952248303908,91.04517412800354,85.87509183469754,90.67383105120595,92.07802205746127,89.6185655675048,88.42185237700932,84.86569221387455,85.7622593851818,86.40680821494794,,,,,,,,,,,,,,,,,,,91.12135971416052,114.36873867904721,114.20472802744939,117.0662671386612,107.84718471811155,109.49712568239308,113.81905086593376,103.41139223621491,107.70916578732776,107.1119551980326,107.40717968066129,109.89267426290952,106.71901686926363,103.36784672922902,108.59796795212944,107.3140528326192,102.76688420706684,105.9188242749885,114.36374013386089,110.43234360721341,111.56111065191246,115.06860116285924,117.92414629974996,114.46079377887997,112.85468548358438,111.23461501846725,109.26069338601039,,,,,,,,,,,,118.63969008420648,120.09950935403678,121.53405271411593,113.1377653041456,123.69579070572352,127.28565818204483,128.10648543653744,123.40313934747336,123.09368769175933,112.46263237993466,120.73687953037312,116.94870443943418,118.19630062894385,111.85305582934161,115.35086273555997,116.08099206390769,120.24967494532582,121.74246218766974,118.50923676298858,123.94140481702497,117.88053242025327,,,,,
2020-05-14 22:20:12+00:00,141.76794851650308,134.95354641733542,106.76941735082644,106.60480542541251,119.58341606159121,131.47269358510366,145.06653508704503,145.299075861262,143.14625723239536,135.52933615967333,132.10062600464312,133.10933486242578,121.98063887512407,120.5606600074627,123.48978427505266,128.32207209088176,139.95048532564905,149.398115118589,145.39757682932017,140.9856192203295,145.08864107864392,145.9546566382706,146.63205876495383,140.75633279248734,133.91794102144723,130.22355426119574,130.20508697555798,128.35868459422676,127.42190820710893,130.10697016276464,129.0940818136627,128.74175734180383,136.12406247664634,131.09478912495192,131.55823552365172,129.80203118327924,131.83197578550556,130.23469810658335,127.05046128808333,131.35974420078185,129.57710069842148,134.41499058648714,137.13211723031688,145.5430177202526,143.41782235779064,143.06560081011958,144.67352442520826,140.8395144280549,144.93049498197834,141.37925042293114,144.7464514407006,146.07250804076227,146.69124628434932,149.29704800673846,146.84476387874173,143.9540971934762,139.71957740709036,134.54353725033394,131.30760483649388,133.91950111522704,127.92862503846644,132.25843716011298,134.553768579944,,,,,,,,,,,,,,,135.2179293929061,135.5046838369101,126.20637711056645,126.69110837732771,125.4926388091858,127.02000759892461,128.8180732548449,123.67127809494836,124.31530785544811,123.0992430484809,120.44191358513575,123.65705538501415,119.18801379230385,119.63555476507743,107.63199762327422,108.40147867611729,111.63665165512795,112.20935307772764,109.05472115602281,111.5842379546934,115.8839541996176,127.57986855240765,128.17604383881175,128.82848020117652,129.87917473473038,123.60687275788216,124.60796982315854,116.83541934622794,120.17131843307304,116.95595356490033,119.84197602158258,121.96807461469439,122.7011688165938,122.92050391997225,127.4434938362976,120.23285305848883,120.45012448435315,119.8297269063901,118.19916732635237,114.41064064013615,115.2851283827406,113.15240052524099,109.7786665536736,109.97829237543992,112.47788409572078,116.33648680855853,117.9317269412163,116.34337254262009,116.06931459360959,118.30330979130677,119.0249297215767,119.39204800386663,125.29220490978416,124.97697071688508,125.00052156800393,135.06863243500712,138.93083468105164,141.4248889018092,137.20345208539135,135.57440521861506,136.4420188362999,136.18300146506422,136.2154457395804,136.74145671595815,136.14734228911786,136.25942442106805,136.24581576796706,138.24825889121755,141.93686753440616,143.42157891874913,141.21313278959758,144.00311905703137,144.28744764898198,148.32727734121195,148.60064524665788,152.11552990354522,155.5936720271083,152.7502316758891,148.05713627002723,147.6000737145084,146.39589615572606,145.45708260282805,144.18790084654873,141.89730073725454,141.9996368384499,138.19691784204596,141.68708450118473,142.40697820238597,141.52202536436158,141.77414802137903,142.80677749947785,142.3953210441794,147.23764762913163,143.97746153494506,143.45595366420275,147.5665665176623,145.5320652986031,143.07310764489262,150.00643309116222,148.30388162505514,146.9720868553363,143.69584717322803,141.62023822697617,138.3976548449239,142.973475651077,143.63641128289302,142.2377550982815,140.3552581016315,141.6402181850379,140.58373634264655,143.9245769367094,147.92523665386588,147.06630166620062,146.05717414050616,144.79629675283553,148.99479285355505,141.16788041160478,141.35787327967805,141.94816928522167
2020-05-30 22:20:16+00:00,143.36032045699704,136.21052252489906,110.15645258210145,107.86606036740042,116.3207208860468,134.62629013675894,145.06854967028673,141.62162570195846,140.75145231284367,133.5773291940127,132.66784414477257,135.7714364928028,124.37864345180418,118.7702268425635,122.78633876907199,131.87699469777857,142.93230444190016,146.57835607161195,152.07979679471225,142.5038540044413,144.132606063083,147.34735022334485,149.91986860018733,145.7666436765086,138.28215064684593,131.66753136556702,132.21018868324813,127.66786923206327,127.61007756583464,129.67901761887637,125.75075964456683,125.74784849272709,132.42977438717304,129.25893885682115,129.26858355938745,128.8706965767476,135.138008655913,134.5964633271652,129.5321488287423,131.5202933341543,133.85222736994137,136.90557711718267,135.4587124766035,144.40950946380832,141.27690900556067,139.61823818101706,139.51092752029163,140.01594947732502,145.12437294270924,142.74098600842953,146.8737160551904,145.52209574734349,146.47189348657818,148.66360444069713,143.1680141173524,143.29200613919429,141.2628236565912,135.44647345312023,,,,,,,,,,,,,,,,,,,,,,132.40976645076762,134.60655028560458,127.7578104117729,130.16360576900192,132.97132548944074,127.05866232682789,125.59428995132613,125.07040516594441,121.53303815145118,125.67749997682299,119.75097117911302,120.08447894582726,112.52340979952648,112.57370627084724,112.44559311373375,111.40230377623624,109.01827234676142,108.68825526798736,119.78728544151426,130.2694962296816,132.02852912809215,131.9005639695473,131.94586494781913,130.35864388194432,126.85857138095979,121.54755770975285,119.62682698268723,117.03087353562375,122.31365999238659,125.59295304560307,127.36487569055224,127.57857247372895,128.57365136459163,125.92851382376317,122.63208184074067,120.60723747971966,117.36005499008243,113.48418296368837,114.13619326841716,106.24519821941706,108.28848299700668,106.04596251516466,105.58598320930517,111.89854618977228,118.08529132598836,117.33723883686066,114.86880005985559,117.89890212095315,120.5303177902109,119.41500809007256,122.06335241851627,126.85470059990858,130.49074386614245,135.58334976156988,141.12833614719167,143.2929634247333,139.99836799681862,137.61755108410037,133.1855267016668,134.4090914095095,136.74050901125867,136.87650495801466,135.54630472600417,132.30308577961813,134.45804788436268,137.9977699529507,141.85702856356497,141.2078600225049,138.1358920019972,142.5336768015404,140.93610354502982,146.81760892845762,148.00982510759576,156.1034310935279,153.58861244677848,154.25085152360765,146.56467124575477,145.00010023460337,141.75020036380735,143.40081998809558,138.17277688456647,138.9728869042009,141.67404434704343,138.68294984370075,141.69691069238027,142.8544997310209,141.053226073131,142.1180459100872,143.48942620567126,142.8469107620454,148.1053534405372,145.25342634182178,147.50472617184332,149.12373099336395,152.15658142601603,153.08979071762838,155.06819775002575,152.3931991517405,146.96616913463387,142.72618747336352,145.82161993961557,141.03758620924438,145.56144851628457,143.36320582787735,142.93167019392556,142.82327370464347,145.04877679600412,145.7949300772903,145.05955975614032,142.55479355539325,143.96920005310855,147.88884649393384,139.08328555996482,147.37032497210825,139.80411400960998,140.28657032193868,142.2628115344805
2020-06-15 22:20:50+00:00,,120.27632244568224,99.34381436819936,91.70206733619165,103.94423115476079,122.13127063819924,142.99223887956947,149.29005547319488,147.42106632850695,143.63468473351742,141.54424071271433,139.1085463319398,128.91676804098026,123.05191093656431,128.65137303427605,137.4318318416036,151.38099521209733,159.3801966456393,153.82535932308923,146.88375822136226,154.41447515240012,153.48304985245755,158.34348121955352,154.63318084001048,152.286084058131,141.5624464507071,137.84387475757913,133.38910445291583,134.33858322668763,133.7479244617893,134.838079564918,139.5954524030679,139.1141198433737,137.77785843914359,141.32467622753404,133.3231482229224,134.39663918822427,134.25897805412927,133.53153475862263,134.71773699763045,136.57929185329974,138.47554664579593,138.8414448575892,144.29596503516058,143.8394095868222,141.9766576439035,144.9863447366808,140.19605212922912,142.8881168876485,142.22484334646435,146.27111981237243,146.97273818243212,148.8545758359337,151.16856823152685,146.43628338573453,149.15233529806656,144.39796888117337,140.12711127842545,136.132053254924,139.24158154298212,131.99618797395667,134.71838966976134,138.45109040699563,140.44604240465395,139.31107218952195,137.8189865221829,136.1407033826018,134.12937131583783,129.54694879584787,133.4099497083227,136.33247314418819,142.12471571775146,139.780057811349,140.26046666867555,142.6369520044637,141.20597138174077,144.93732170829813,144.46647548724656,143.35530232412486,138.408540002093,138.2435289436226,135.63170298051733,138.11521563348518,135.5690112251207,129.65070495001814,127.73602886338782,127.32766753410678,125.4154798474531,127.94030800803591,124.84566979716202,122.76848152405186,116.17106822118414,119.7280774082179,117.03092776276411,119.7329107772222,111.54943256173289,116.89405234292585,124.73073192343612,131.78777813319584,133.9092066895575,136.36817435150343,135.8536272405031,131.25733965915867,128.2116404407217,120.83209760611659,121.06153846453562,118.43862109274048,123.62520546468306,128.20869075529407,131.52810527860527,129.56217691220667,127.370129049896,123.75406385922864,117.07183353193723,117.5156961247596,115.80645431288156,111.41802260463874,108.90342886979494,101.43270993444823,102.46702693383462,101.8210049021411,99.8777982264863,107.55379097929917,107.40678224442449,106.71451456732059,102.22516217180821,98.54385561392715,110.49340078880964,113.4948046007242,114.8342004517602,119.31980085097399,120.37312668010985,129.7961393898721,135.675709993107,135.06660798630475,134.32995230891416,128.91707160423425,128.1212610455927,134.67544358186984,137.27645193365748,137.99028778340715,139.88601338627385,137.23074044755575,139.25921453312492,141.6855178731536,144.75089735496374,145.17071835060887,142.83039400395015,148.7449074178253,151.60418347319091,155.81169924156276,155.6819165670118,161.09443130260954,163.3440913583586,163.68651811012415,160.56787044549355,156.19650204807724,157.4156881953103,155.2444538373283,154.3365027455643,153.1809670654566,152.43228466221143,153.02125066488836,150.48020884970563,152.13902855568017,151.71258188518323,151.960063881931,157.17100356506344,159.13700209453617,,,,,,,,,,,,,,,,,,,,,,,,,,,
2020-07-17 22:21:04+00:00,160.07093165877518,,88.5211624075259,100.13402488188702,127.56795335566073,136.70923197548447,155.50759624538574,163.1758806320478,147.72509054976112,148.2544665309698,147.15613658349045,158.37886878807,144.55877155355813,140.28984065185435,,,,,,,,,,,,,,,,,,,,,,,,,,,,,,,,,,,,,,,,,,,,,,,,,,,,,,,,,,,,,,,,,,,,,,,,,,,,,,,,,,,,,,,,,,,127.12750812038631,129.91311488180537,134.88292868657751,134.5538992423463,138.81311678891277,144.53107888356163,137.96861759592625,139.52018142916742,137.8912250537135,127.18556412256731,128.1145760490059,126.26699142949477,126.2390843553631,128.29323505253393,126.06185932615801,119.76734543716007,114.9992252171982,120.24446042868487,127.37003817229342,128.56118682739742,131.81456354586146,135.99318866771503,132.88960238851618,133.5037696076271,137.20181204512235,136.58945952168585,137.73991998758754,139.70591912377913,148.2998397011381,148.85300178072262,152.91009664918897,151.21669917253573,144.47251555023928,139.82969384933088,143.6142392204248,142.87774467238336,150.26848372783977,147.5705473516516,146.0149186415496,146.14202719018434,148.9306953749524,153.1580836428569,153.1128329098212,155.03560796578896,154.48417650604787,153.21316548974323,156.07164283941466,159.9382149289377,165.95516573284402,169.46610687909677,159.92039625151884,158.80368465198512,157.77743959759457,161.2142380698367,157.37066233814096,157.9982702979026,153.77900332513005,151.41684842923593,149.40288642447584,150.954867868106,155.69451060698242,156.562946913946,156.21064090375,159.78979811961287,153.53242040857816,154.10236852681965,149.91586175005182,151.7630253350351,159.9488301562394,163.75677017514,168.05540461240517,162.21066599586214,155.01609505344595,158.56589703260437,157.66175495048492,160.32898402775135,,,,,,,,,,,,,,,157.72048718028844,161.43245804808086
2020-10-04 21:51:36+00:00,122.74319492066792,,,,,,,,,,,,,,,,113.41513963085279,123.71033678339435,128.40212735832029,126.70106172070854,117.24717238619559,118.14735114803986,119.54225835319365,122.36663435148675,110.28994212516326,104.86146191707383,97.59809785549004,94.90730440159874,93.394537548882,97.76802392437354,99.80432685242042,95.57969716413963,100.44519317384581,103.01614317258236,100.7060914169364,104.25056215308445,102.99965388872748,104.59729573980385,104.32387418757128,105.4112382898617,115.80465624512709,112.18756735201197,112.7620572875926,112.50585677303339,116.23718063279624,117.45189714014097,118.28825757275906,127.53955596609205,124.54083868702128,123.9245181637705,125.51937019950856,124.84403826772697,119.0626556339947,123.12244371926542,126.2304648954381,124.36043871085744,115.79310546692551,113.1035384544103,109.63814914890472,107.00546436863665,112.00293323319752,111.78326919160921,113.7289441571839,114.06171013464676,122.30103919463667,117.55447625744118,115.51174957271479,109.06728183524781,108.55872134466267,108.02112886467576,111.48306329672293,114.2149459547183,116.16064064596088,120.78221095488102,116.67437376718968,122.4325814089216,113.72589075786841,113.33374422960023,102.46935071696112,102.78751755067186,105.15194884546072,105.5419121101855,103.86993112910741,107.40554308567017,113.1709021360065,103.65020987232388,97.67623123454538,93.97845770683394,98.35055811975185,92.96660834120654,93.14094345985977,97.15618466019697,94.00909983067811,90.92603429529456,89.06276052526343,93.4328330326438,95.98733274374511,,,,,,,,,,,,,,,,,,,,,,,,74.08065515068654,95.20740789349327,93.13308053395865,95.96547223647819,98.45345438790785,100.00432829663887,95.63333366591694,100.6484440570861,102.01026992247648,105.30862750287254,111.70252569136602,116.45662349270309,120.61561345070595,123.49514936555022,120.65104262738791,121.40962041474009,118.99159964404333,112.48978175449881,118.41442237269979,112.63814040070886,115.86692048973725,114.42355444787174,116.61338967397859,114.32696797089085,119.73580741838958,116.10939164605357,119.67010095433919,119.45089709399741,125.53386058694744,,,,,,,,,,,,,,119.90342237501008,122.03783866332216,121.61006168290612,123.20249739311993,126.33374263213393,126.58802280532048,127.29154366342846,127.04058317145535,130.0218625216226,129.43118204600665,126.8465840612096,130.95397609473142,123.30463581869553,128.27155733024296,121.37716285433882,122.9665573938743,125.86912248879347,119.33154176568716,124.85438159266818,125.67301781447114,123.77853070066652,,,,,,,,,,,121.475866646331,123.19410800673273,121.10838377504447
2020-12-07 21:47:13+00:00,,,62.23206122600111,70.63230226973609,84.49353901234963,99.13941965284354,111.98608672382376,114.27925516128686,114.83736499898419,111.7923694350957,107.65014715934626,104.29880510843097,96.24522912912184,94.69574956085643,93.42359172572432,98.98215367423542,112.9234380155419,129.71502960597257,129.8224347737531,123.60476368171538,123.44841031876159,124.48930982261703,127.04449591210789,120.14997261547254,117.6724203861904,111.37789786597584,108.75523124501343,104.01946363708805,100.79687049071646,100.96838944624616,107.45871786494718,108.45446775638104,111.52533296806713,108.19800977283504,109.69868070814755,109.79525970649074,110.40383881526233,111.44080798447263,106.66605024842615,111.05020893450418,107.83260528890908,113.78648914253372,116.6315971224223,116.46260766320333,115.80657721387249,120.35570545613686,121.3516020502961,119.22716727355149,124.71630949500471,120.45561701692665,122.84888977310882,122.74730055780404,125.31018910055506,126.32393142607624,125.34562671390412,118.54613623183286,115.58458381328589,112.81485924557008,110.08230738173849,109.41059230772689,108.10879521271029,104.58691784573797,108.62889175177028,108.88187417056722,109.38466839269925,112.10536570037809,111.21884281113813,104.49020469925789,101.80040784645706,107.44838559284668,114.29235289556067,110.96248135767942,118.37012006793056,115.92055523099494,119.1145367329472,115.14076291752144,118.209807821633,117.0933464321978,111.98875757834792,110.51042831071076,103.92577536686866,105.7701720180877,109.50774211529851,108.24720260878655,105.48612683456176,105.05230560259346,96.81044841355916,93.60959463647866,99.588024489448,103.08994210764497,97.5152413940889,89.46333262350632,92.59911453501923,94.8739069305315,94.14374332453384,96.56958261089021,93.22913768688679,100.75766796341921,103.54506222588473,106.3748118131991,106.2768971688383,105.94805502590086,110.41016914497624,102.30908430400189,97.32618744294213,99.45314680147207,97.7575903640888,101.57086529067918,105.10673218322484,,,,,,,,,,,,,,,,,,,,,93.43083524709233,104.65481291772517,107.57886870619603,111.32304244523701,114.9341246232771,119.21973272248172,115.31557489513165,111.65152248588323,111.99734712909081,108.87379374118449,116.38630743700024,114.45021013453946,114.77129680263545,113.8623200892481,118.8286153535173,118.69003171135138,118.49040338274338,119.2967317963236,123.24574391837425,118.20793672671482,123.08285262270047,123.34230334899372,131.52257139065085,130.97768096963136,133.36713238697985,131.51698292643414,127.5551825919883,,,,,,,,,,,,111.54210922533053,122.41363601756454,121.4231090772725,126.11254487098576,122.12276736753223,125.95838883829872,124.66616870573081,125.88563801801895,124.37556544727056,124.70291703171573,122.7840817955049,123.24670035454719,124.12662136605095,123.60365725928645,119.07039673141475,123.16631875399561,121.27641962496558,124.93834644474435,121.12114975847052,124.13022975205192,124.27312966339512,,,,,,,,
2021-02-25 21:41:22+00:00,116.24927424801994,,,,,,,,,,,,,,,,,,,,,,,,,,,111.8596704492019,112.6466327919038,109.346578804928,116.76816252336418,116.1937654076883,121.27000800851789,121.38712664406799,119.67804890052987,120.3685070485317,117.6556327581866,121.76351479208597,119.03410158240538,121.79531616796206,122.95071437666158,122.05385845685406,125.17713786054514,128.21329103360233,127.69244323000554,128.3431704367273,130.19278361755715,135.84792485634676,130.43444766092585,134.48805590315695,135.03667895835477,134.27860685180758,139.1407280708136,138.83903158168607,139.51562463548868,128.6074576686093,127.66046167683696,126.21182581528316,121.25326353473409,118.11528731948187,121.68097649000947,124.56338918251917,126.16813542373278,126.64292202134459,126.59773266078672,123.75686124067427,124.19113346436626,120.91797077760837,118.96461750542689,119.38373814420376,115.43622738634515,120.7496443798217,124.4004519795699,121.39246415996861,123.3863802354622,126.24362811852913,124.73942657493576,119.67002114416073,118.31772414632847,116.22936619497273,114.04820678482552,111.35385117243788,114.09005817070573,,,,,,,,,,,,,,,,,,,,,,,,,,,,,,85.10101734067047,93.60474854414967,90.3261395914023,98.80006619590132,94.09455464547703,96.8106632454357,91.26888027827594,94.68750807953921,93.10234857720495,98.02883798151811,97.46539556470451,97.0100172811015,101.54543158089997,100.65118417012847,104.09192193782437,102.51761718166046,105.6664146765264,105.0866223997734,111.2794629453025,111.20845394922824,119.29998046887549,122.23198221971832,120.41147202570971,119.54314769613615,112.79795562421316,116.2014092142799,113.871905947814,115.11216528488268,113.5866124492077,115.82687590648291,118.84984499782236,120.34776499651028,120.38477533489997,,,,,,,,,,,,,118.35274864733935,123.79012418773559,123.64855593303798,125.1600494698512,123.11054908215696,124.06523700336585,121.15461717606914,120.44532974900264,124.04443404329731,126.85100568996397,127.24276920996009,127.53279224542506,130.70473416605788,131.24267883287305,134.6580731983405,133.0196687144741,134.66792501559212,129.7431514903255,133.10635668447037,132.24050908638964,129.17859071304764,125.87950333993415,116.78198740011908,,,,,,,,,,,122.49919558628342,125.79654343842356,118.15994284684857,119.66908821695364,119.43837320125874,116.26684039324769
2021-03-13 21:40:07+00:00,,,,,,,,,,,,,101.97965394595128,91.92285295631709,91.74123173247706,101.3264523201686,113.76748786864222,124.1332168040196,135.53962360178085,137.40547198100072,124.44806696621434,127.42004382815752,127.68499975770028,126.26479030809547,119.66685468548096,112.36980214038906,100.94384135195129,101.23461751993987,97.33216995542215,96.990053426431,97.79842677013272,107.58405574969788,108.2112276111608,110.78952689207357,109.13551781438618,115.1051188858301,112.06434534409733,111.28559548360306,112.31077527425893,110.40223136461503,112.27956744237076,113.34276224424055,114.22172978662276,117.83974312232745,118.15186879094753,124.43151600728699,119.66147153573901,129.55682695104053,128.18914694235963,133.46049059722034,130.43072224116992,128.71399489468493,127.05910819312528,125.49601455650124,135.30154536294265,131.60461170799553,128.28044311997974,116.5764007014134,114.31672601217268,108.57923906319641,113.36165543294231,118.52708208635288,120.99993043308663,123.02233682362137,125.78110920025942,121.08475384422019,120.14689516328104,121.13105324726064,115.47065468146043,115.9928141212732,113.73666919913973,119.4478829608321,125.85361786095794,125.78936003407946,125.5384715090345,124.30416532516011,116.61230175572234,115.29441156107843,113.6625920567341,112.91801388608278,106.86463931766473,110.23635441951276,104.81289765124738,111.59122766232947,115.0981764217898,106.8045884526419,99.82629127760212,103.17301213256957,99.51722059050655,98.58972430750065,95.31422866242745,95.88062626768782,97.86384515675088,86.1784328531484,88.83110480057836,96.10653702294942,102.23981935349796,107.13556249554533,111.80943199101813,112.08959447077693,108.91123755463069,108.30477167467951,108.80059655038448,109.94699648356193,,,,,,,,,,,,,,,,,,,,,,,87.79722749618357,97.68396404587676,100.29444550395618,106.69934541951238,110.43509500341735,115.33044931528272,117.04940569390912,123.10956808456699,122.80915968170564,123.14557927154738,122.08218531134744,124.11125774347302,119.60420078174549,115.29381631327446,119.72507992687208,114.79333791391015,117.44486504401279,117.23800227252129,120.37208379187616,119.37159004582784,121.0503525170486,121.70541296197992,127.42447834015722,127.23444948541699,125.62804139177095,125.97322949212682,133.20121543613183,132.43639646603697,,,,,,,,,,,,122.72046195961778,129.21629431572663,129.5643260224845,128.05754638182043,126.23264984568948,128.5655587141976,132.19740632566004,131.94583697603534,136.07167628754848,136.853649704747,131.49845121559284,131.071824792715,128.56563881905157,125.42525614663693,123.6768230026549,127.53247651035021,126.74375290230472,125.40249553667428,125.20799647579967,126.55053110630725,125.78080709085886,124.76688773541026,,,,,,,,,
2021-04-07 21:31:54+00:00,,120.01513889067216,80.3412297223043,73.95565620998273,84.49189176596961,93.55198251529173,124.68482360019469,128.26719327178,123.37151678742958,121.0450150343648,121.28363951325345,111.67387424946895,101.04116739773454,95.49091579502962,89.4097848793926,96.77255830795836,114.05844830355689,130.29674374593554,137.9175425698666,128.36957239040365,133.66626286810072,135.62821413762484,132.6785506442518,126.8618876876929,129.2485252584283,125.92730285988635,108.78580554180797,111.62870545682104,92.7156886233734,94.38634203646168,111.5300077796251,112.7464706770184,114.31897573595847,119.0020976369014,114.99741448273328,115.94897921187805,115.92806133802526,118.53323395673416,114.33470097212589,110.873973348111,113.036882081927,115.54469217115418,117.82011492219259,121.3032231693925,121.83517250197583,122.15619318804941,122.84741337108711,126.00530339809382,125.42044417339152,127.99887588185047,130.9968060661015,126.55111945915844,129.76071958112178,128.82265410402397,126.40884340877368,123.36809561984934,117.51244807525438,113.74445734204411,104.4941122423497,106.04815495349932,104.51678670470207,110.23560038589171,113.29430713107001,113.64712961043656,116.4641987192415,113.61071634880224,112.18887050836273,115.30183625583695,113.66667098024602,110.491555567182,114.25052718828313,123.5106637279217,115.8481997506082,111.06501174919512,119.81752622014461,125.34854279645272,125.08082487901346,113.73188227395308,110.88760618055817,105.40767272809563,107.07325140255833,107.80033209362782,108.81394494694084,115.13283750678774,108.57952948156534,101.982583256621,104.31383712696123,97.21747087241296,98.29255153302306,97.70657103164807,96.91414825723326,95.70795592461451,96.15757270147292,93.25850344054159,91.25516328859065,94.37158802119264,98.7624883661284,106.12712087920437,112.16157153027065,107.2237083017536,110.77777099023837,110.57620384871163,103.063443141008,95.61579438651366,95.3117256531035,92.02511611670027,92.08940446010595,100.91657899578645,104.30672731395347,110.57379815969844,105.75372239080616,101.58070300128468,97.03822925096758,96.57637417580209,98.54597574364715,94.21777290036093,93.34863292789254,92.647992847527,89.06812281745219,91.77897448200247,,,,,,,,,,,,,105.71385757727019,121.93253968754385,121.20993024533561,114.60372267801193,107.91674470868752,116.66940738643387,115.89706822073578,111.91611880678143,114.06820018662226,111.21194166666608,112.95323625738288,115.66098787740663,119.52116341704227,118.0875876534242,121.55911012471218,122.22418517213332,130.02878298509216,126.24312016786068,129.97734445919616,136.36301439527458,133.47351006674643,139.61831094275445,138.32085281873648,134.08882347189186,133.4036997986953,130.57143135199735,131.9053710245523,128.81765161742086,,,,,,,,,,123.87281867727177,124.19012589220519,127.76715672641927,131.2548363019827,128.84276518286316,131.3433914273824,133.153391519132,132.37168034309227,131.33287471944814,128.9513479534398,132.24864711461132,130.9976489413067,126.9114065829511,125.72599990193595,128.6436586975412,127.81573875882107,130.59675856133498,129.62795037135336,132.25232620635097,133.623176857066,133.741140818099,138.4583659891957,,,,,
2021-05-09 21:29:13+00:00,136.65324490641368,,,,,,,,,,,,,,,,,,,,,,126.14887354730038,126.9498659995644,,,,,,,,,,,,,,,,,,,,110.2637029876826,,98.69636108675999,,,,,,,,,,,,,,,,,,,,,,,,,,,,,,,,65.99254066983401,48.0830405112399,46.876916411373216,,,,,,,,,,,,,,,,,,,,,,,,,,,,,,,,,101.31538868993808,109.71921813333192,,,62.284851662795205,69.92630314506589,61.62433629748559,41.53682967007687,,,,,,,102.09472349856152,,,,,107.73168925918011,,,,,,,,,,,,,,,,,,,,,,,,,,,,,,,,,,,,,,82.30087073715045,56.28485214650608,38.65256614460321,,,,,,,,,,,,,,,,,,,,,,,121.94880372101449,137.10305939541524
2021-05-16 21:34:49+00:00,,,,,,,,,,,,,,,,,,,,,,,,110.64427840221599,,,,,,58.00884756950006,79.08268234925193,104.1040853420849,112.26041018539584,117.68838206425804,121.40788015362104,120.31253402439883,117.33238215860017,114.1182313726502,113.7583921722724,102.96959647684224,118.60435759066463,121.5173029300649,116.07375722438859,118.84709708537011,,,,,,,,,,,,,,,,,,,,,,,,,,,,,,,,,,66.2823119889396,62.68408785300608,54.5740339604185,46.41546724608896,,,,,,,,168.7575087383576,174.2258743688115,144.09156083131663,,97.90674252013196,,,,,,,,,,,,,,,,,,,,,,,,,,,,,,,,,,,,,,,97.01486996373818,114.8859456961793,119.28511887131563,129.2601405203723,131.1156196086599,95.0497137341352,117.96570236876696,120.19349083366541,118.53735410034479,118.07247009009416,119.21488775628696,119.47297921805547,110.46879276660307,,,,,,,,113.83587457919975,132.43611527295835,140.9716609438929,137.91083543049783,144.29704134562996,141.4130041428586,,,,,,,,,,,,136.35630509070631,135.78182433885112,137.2606851402248,126.90711203874271,135.75069134068514,136.76100831087925,132.36896896767016,134.01045404622786,135.98336554360048,138.87315262690709,133.28272281596657,,,,,,,,,,,,,,,,,
2021-05-24 22:26:39+00:00,141.69967248002135,147.45994311590763,111.02089161877139,113.44670825339028,121.5075835012463,136.4374239613839,154.88996832387534,157.06742033300827,155.37542902639325,149.60516771402786,139.38136505345224,130.60748524931597,117.80683175471333,115.80682246325327,112.87145617653127,117.96072666560427,131.90983758481394,153.1399692762627,,,,,,,,,,,,,,139.08088724017773,143.22003461145655,140.789572898799,142.1340542526892,132.52599822431776,137.6705610872486,136.83153046319933,136.4302618795214,135.0988855430539,135.68179987217886,137.70110451246356,139.28773949964582,,,,,,,,,,,,,,,,,,,,,,,,,,,,,,,,,,,,,,134.2982473056049,128.0213825056936,131.46494811312135,133.99743998279743,134.69123535486295,125.21182911076049,125.14199567657059,123.8155632049146,120.88995581944768,118.66261862432758,114.76865621284281,110.06024648188169,114.78670534939994,111.2932423308386,109.37867445113832,113.63443807076939,120.51596905869206,128.78131272036333,135.4618921167418,136.71616573978085,131.13155677096645,127.72568242222883,123.70008589204896,125.01835515552273,122.55223806588762,119.6875147908687,118.63079438760104,124.20899126614958,125.9635973662456,131.62721199633765,132.95665949998906,127.24943815723665,124.29099841636148,125.51270790696246,123.09877844867655,117.52399271512441,115.09547796428338,111.30690771626459,108.66112585027702,106.6593466645724,106.03984385113124,109.6604618988329,114.19523155432374,116.55785660691905,117.32512059298256,116.93455534138742,118.57686289643068,120.37767897147462,121.79019143404534,124.67986625663792,126.27311005794398,129.0499126749056,134.03054054164468,142.08185022789615,138.34252709779335,134.53727601833518,132.39646007295678,134.14616840415667,134.23703156605217,133.0254335289124,133.6896631881667,134.7848186602118,133.19712695157713,138.06647403719668,139.78786863943455,143.7997833111608,142.15385228335683,143.72332340331894,142.08162981344603,144.79894964456085,150.41245622316347,152.13236684724404,152.5014879197022,158.0887572275078,152.31376496864638,151.8282940539401,147.21589674233144,146.67085803876077,145.72506476235904,144.2524988090944,142.38616695279308,138.9434653727163,136.06377507571085,138.17941336319944,139.36576804809943,143.38783681516654,139.90512397808095,142.82775836154877,141.33525248380954,143.40877740702553,139.80264591280257,142.49129072900246,150.62228993435482,152.60470823463936,148.94025294565563,150.87446504679926,144.73588751031517,147.94075953062946,141.81767948899017,144.8147823658189,139.82942566230733,142.2458384243101,143.40781255736348,146.09018672506454,144.98515154463624,146.52199850894394,145.72706105576353,145.8696852618281,148.40212778918792,149.7498430518417,149.60672835440798,141.38833302098328,148.65696084139972,141.79947563808906,142.14582784571934,142.7554752026995
2021-05-25 21:27:52+00:00,,,,29.355497346240558,29.316079920613223,,,52.536241975006845,,,,,,,,38.2517590890175,,121.0829470803743,124.3904436150712,121.44074146821784,,,,,,,76.64710983279812,,,,,26.631154521522543,104.42911793336793,113.43928231259427,,89.48846594426801,121.12716657057754,115.98045088967291,91.8396634454492,,,,107.8319517137107,130.31976843807954,109.223701093556,114.19688670501135,122.087284270081,129.87671621512328,116.93075755959565,132.4392045376412,134.62926253567954,120.99600719936016,129.59084517672363,147.53205011834348,120.39411731371206,115.62432992305195,121.11776558913313,121.08216697754435,106.82377270350193,114.18491702157122,118.17844677786934,100.95867978800233,,,,,,102.81026273590568,,105.00080223695106,125.23715055093741,122.11484962496691,99.11353058915037,94.6385421872806,110.49780765302943,110.86841237709223,96.62175574093244,90.99919791803275,58.9889680220941,,,76.67098013902218,101.6403917016132,103.51894255783012,99.48032100109435,104.70638806087838,94.15848675326517,94.93226565553717,98.29980571104102,69.48033203556317,78.84692774558657,89.49016275852918,73.68902311866876,73.33557603732001,76.856715391211,,113.29960049801498,66.65448656131596,109.30694535961418,108.23190806297177,104.20228493385557,103.01393717256911,,49.37313360992151,64.53606260794491,,91.08760966825756,97.71733560676978,99.20749680221196,98.39460849113428,88.58242367787048,84.63640823053748,79.05622921681439,89.03684507163766,93.1235266199366,83.9293928297295,,,,,,,,,,,,,,,105.12420141432746,103.33038540912688,115.85057071809118,144.2525926022963,,83.84244384312224,112.00437287294984,100.72751012087903,104.77003468457937,107.59802986310933,103.27228524095462,111.05508426456731,115.33902852106185,112.94104653354597,107.10896745334978,112.0644750735747,99.77384122232284,,125.46558286197163,128.19515982396607,127.36466767430375,131.01245253155383,127.16100951358564,129.54536861647463,131.11830909290347,127.40547080741744,126.41749703844347,121.71964889618333,,,,,,,,,112.27064962037231,124.62581759433415,124.22393937188514,128.807288223986,142.61977348177354,,,123.12939078505197,,,,,128.4966890031072,,,,125.54621376118043,127.0912824773017,125.86955485759812,126.67669170245463,124.91607686796648,123.89469215021037,130.5240752396604,,,,,,,
2021-06-10 21:26:32+00:00,,,,,,,,,,,,,,,,143.75431689481138,,,,,,,,,,,,,,,,,,,,,207.1560392519616,197.05521436244757,210.0146185846239,,,,,,,,102.73568431560942,,,,,,,78.64975781110581,,,,,,,,,45.52503949000124,,,,86.950206738769,,,,,,,,,,,38.639977839563635,,41.55274143144394,24.72822202741804,,,,,,,,,,,,,,,,188.17456516588288,,,,,72.86650341699549,60.64655571336046,46.228715081689145,,,,,,,,,,,,,,,,,,,,,,,,,,,,134.68906294617557,132.83865428931946,,,,,119.20523568500116,,,,,,,,,,,,,,98.67140248357744,,,,,,,,,,,,,,,,,,,,,,,,,,,,,,,,,,,,,,,,,,,,
2021-06-17 21:32:08+00:00,122.4833003627058,,,,,,,,,,,,,,,,,,,,,53.11614008001939,61.849770879604606,60.67704882274667,60.85559341011108,,,,,,,,,,60.649307084575156,108.31799389797624,,,129.92054663877212,137.47961028218944,144.95127207688182,,,,,,,,,104.69267209236847,106.75069940189574,129.35843416457774,134.51688703408698,124.7035467146824,112.09754637915648,114.43672091885354,98.96325587762537,138.5842792943105,129.83185365833748,81.11994887217287,,,151.66659101224144,142.88345409220818,143.2086497625415,133.50627178232227,137.1576721754874,119.27512103840536,109.14262937290556,,67.08612682282231,84.1258584151942,87.90449138596341,74.02463729980093,,,,97.52795627655601,105.36772698265312,108.29834098714845,94.62469717296307,85.5401230225352,109.2607485715669,112.8901915791538,98.3125091980279,96.03477016527606,98.429342793395,93.85585277178093,89.6800870019455,75.8039266600233,83.99659406912325,81.14244942060267,80.64462084849461,85.25716541151051,79.78166536822286,83.79707235344776,89.65369658924261,,,,,,,,,,,,,,,,,,,,,,,,,,53.20372117193935,80.44445608198366,77.98797175150908,,,134.28472572692357,,,97.15357095737751,67.82036362777089,,,109.39319704814672,105.30536076276682,112.31910093122188,107.07155477839399,104.44592658507415,86.79977305185801,112.30013045797574,104.9135172014511,102.42664223904264,102.16528632209854,104.30507288258305,,,,,,,,,,,,,,,,,119.04192173446782,120.15439035980461,120.94717632872931,,,,115.65854084437471,107.2882052353782,,126.99778923039925,115.96625894338065,127.71178453224137,,,,,126.29930205065865,118.96923539877432,123.3833726928227,125.24005476432158,120.64647762059101,122.4743553451044,,,,,,,,,,,120.359385783524,117.1955059069129,123.33951880144687
2021-06-18 22:21:02+00:00,139.75647344272005,,94.85292117710885,89.12790516219766,117.31409827479351,129.24593756473212,156.0837662945469,150.74027104381733,145.49670141362154,140.91337553385083,140.26207176108423,125.63831492124196,116.03788728940225,104.51891868318941,109.77159640735998,112.33937050427626,132.97884203083962,144.6029535333292,151.45100485843568,151.22070738887092,149.55085207504368,150.5029079836442,145.4685848822464,146.93544861341465,135.57009215706333,138.42626111068205,131.62827224554124,118.0896811237422,118.05078429286772,119.91531136859956,119.99035719598874,126.66870823061842,131.46565090694978,130.74259110078262,133.79298150036757,132.23840919160986,129.78534687444608,134.70176804275212,123.40325956451935,127.35773705257594,129.7766247515406,139.782069533692,135.9941159650708,145.69101387155646,141.6580519997534,141.05081946736422,140.63335892321746,138.00930184913784,141.53200324306508,,,,,,,,,,,,,,,,,,,,,,,,,,,,,,,,,,124.55944106645316,130.48004146565478,123.63321348629324,124.64439033834954,124.49002145325707,125.38001058078918,120.8283550216753,113.09425016757874,110.5080345382576,109.36308332361347,107.66357162455287,111.83681401164112,106.74050438513939,109.26900514986153,121.02315009814218,125.09768992477784,130.48333746083614,131.44323874149168,133.80282832245,127.27170076069368,121.74407823371718,119.2205913077055,118.2527815274421,119.34870115514181,125.70908646165984,126.09343537498151,125.94259650540472,128.16118489077797,123.08929845257971,120.10999753661494,118.03678900637136,113.21221560099572,111.18558011869453,109.79089346008209,109.99143338280842,105.61729516960469,99.89575287738724,107.66692422585506,105.99958937769541,106.33920738955833,110.20529449238155,113.76608575469513,109.85449947995464,104.28664223001569,110.50755944205164,110.18384725448804,108.2354854664075,112.0561185272276,114.43397880768205,124.49954176776406,129.3785633167393,140.56390491293826,134.0907221090429,133.8593333531282,135.02209592254405,130.85924044529077,134.64615528846417,133.5121193977695,133.2226257663047,131.71030668861056,130.93223554661535,137.71279386038208,138.61215617190948,140.87386301208733,137.08114538313825,135.33071794065108,140.42004415399765,143.6652537202513,147.3549985049681,147.77452396882686,153.23856430810136,154.20636074550276,153.68520667912244,148.32493186109625,150.28116766938513,143.6642673464858,147.65695325795267,142.54733684178748,144.28648851054191,147.27775692972634,143.02832645290397,143.6094788868235,145.75473029916077,142.36799453613224,143.35106663018482,139.20855614173738,139.6667458975171,141.3828392510217,139.42555720774823,143.7334346640583,145.54897064696908,145.4271235654909,147.02763893359852,146.36732178467736,145.02767032920542,147.9163086772224,142.89878855463797,139.4794270365534,135.70452182270355,141.86283797154834,139.22419213848804,144.47310892260032,148.4364515708969,144.44856473596997,145.57204372380897,149.82811211072985,152.07640677478597,146.87213613516943,153.01312262657345,143.47535176039858,148.18349793234256,143.37942037832113,141.05075223819944,138.9858641466737
2021-07-03 21:30:48+00:00,,,56.7234397417715,61.3106118264741,,,,,,,,,,,,,,,,,,,,,,,,,,,,,,,,,,,,,117.8163561724196,121.8474579730918,108.94561554363695,126.05408169505866,121.9664326859992,128.19335057846934,127.26557664080602,134.1892326339706,121.65238946342205,134.03559043824418,130.64309205429862,134.24464051572184,131.66590188715102,129.81465825622652,133.11313570352408,125.31013613006864,130.56413038183686,120.2782596587298,112.5838621911339,,,,,,,,,,,,,,,,,,,,,,,,,,,,,,,,,,,,,,,,,,,,,,,,77.19360497986426,99.55186158618025,104.05453462305559,,,82.69985653916979,86.10014981243927,142.80274776677564,,,79.38943816860147,,104.59409037426084,92.2144516783095,78.96024010148032,,,95.66829968888315,83.35792905572329,88.80727253657247,,,,73.82758007800356,87.69413856577198,43.11768218250588,,,116.75880952942299,124.94354425824383,116.13011563196858,117.7998146931445,115.14881213637334,,,,,,,,,,,,,,,139.0120926305727,,,,,,,,125.84082746184345,119.24098837225166,126.1988907415563,121.60610406843716,119.26913497993071,127.2673821499728,141.75262428641247,129.8254302006103,130.45950323056974,124.90300495445787,124.56240109178664,127.87821570987508,131.17101098783604,131.36891914006608,126.67290206368673,,,,,,,,,,128.60961399051828,132.68315068484353,132.55907793292954,,,,132.37875616872276,,,,
2021-08-12 22:27:06+00:00,134.89498714509247,118.1826073991385,81.906755559967,77.1354314879694,102.5839468105447,122.78265135925089,137.96689001675483,137.43869701280045,137.4665747320904,139.19248444829316,137.46208426820863,129.10166719298485,112.16711933874932,109.967089472252,111.6084225668748,121.14827721749865,137.3496351462706,149.84182537898448,151.9988871532637,152.09210486565397,143.57241854212543,135.82578512393826,143.6452192439521,145.72028015904462,138.67558816882837,127.85808450157957,114.64723063876383,115.51356850931448,117.90867768559191,118.93976462378718,122.93671237884352,122.54222058208208,121.58786573654798,127.35891567947542,127.96175471036204,132.11473941576153,126.64329800070867,127.91268912053876,127.4232316558728,126.04868464694935,126.74004268345018,125.88575336404925,129.31304990759995,131.71840706060593,136.69801812365492,141.59489442422154,135.99137595679008,141.02411321943427,138.98189473871807,145.66928527598287,142.6419247573595,145.09202038348712,140.42462678092724,141.6907424247087,147.15462002139543,140.07342114503183,135.38101422019417,133.93312123035145,136.00402571463076,127.12723821364902,129.97353920056437,135.22459776706668,137.9186877373251,134.83085731417066,138.1445107923881,136.61245740328673,130.9580746089177,133.12929080807837,132.90011334039426,130.2114024699496,130.56689782984662,127.93468957947314,137.38163382878759,142.14087293443563,137.3429885678123,138.39740356014386,133.7626037165486,128.38488339934617,124.11839427622004,121.39842024678984,120.6048455227312,124.10268518719081,124.51652077061088,121.98777122360279,128.403853100972,124.78563817550429,123.89522998066266,121.14307976671606,110.9306109245483,117.6943605729164,115.85441068447892,115.923589297854,112.36838237711275,113.83133075494392,110.12196929653184,107.8209555681081,115.07135427875252,121.63114791545547,122.71290739919183,127.92856374858847,125.77650130202761,122.2589732884198,121.5899391388276,123.06139188289495,114.73994497775662,116.9711977585225,116.339577310739,115.33121594478582,117.80570080574485,119.65457124716437,118.09430792502855,116.78330365308328,115.43542044575558,112.93608690591802,113.02981443561193,112.61992956406608,111.42778197556896,106.36774496986948,106.08438141228203,109.19450960775549,107.43242311902497,110.61573237679805,111.37281635054802,108.13252125909824,110.32460896827152,111.1510913303634,111.94082413550406,115.27503423772949,119.70956319153373,121.24423209951905,120.5519218341755,124.09026162337577,126.65865108596552,130.51375070892198,134.25220263747804,133.9698604344048,132.64637100559136,134.532460576786,136.02091279996438,133.1413135398853,133.84167293709072,132.03358739345046,131.6274135669849,132.70138715114777,134.62952356315813,130.9622541126856,134.59644130425707,137.66069818724122,135.7528773108222,136.17074383129355,135.84244302431247,140.1056516282945,145.6582412411388,146.46120078259133,143.5996655276547,138.77454930963953,141.7110678420629,138.53575226191649,137.43856044125408,135.99703604908223,137.02974401100514,135.1451022936301,136.62834705742364,133.251141643487,137.27237206674104,135.6553579633214,142.85500117647342,141.86803169268495,144.9168326805987,138.19223999125478,145.24680879460877,144.45995001502015,145.8001761683886,145.30624850936408,151.27913534703137,145.81995467818732,151.17435442161005,141.0292250231222,143.60718730316353,134.27469447419458,134.38301116328213,133.22485356034585,137.02666281250785,138.8015478429754,140.16998134677715,133.56490124547094,137.22247711586581,139.56957268186395,140.9414331850949,143.86804925869075,138.23561958703007,145.67737563210827,133.5652978263967,140.4259235511554,137.58866062694298,134.86019470295543
2021-08-20 21:26:37+00:00,,97.75212594736549,57.56173975236383,64.96141459537236,,100.80984049707332,127.34041273904343,123.60070393423932,127.52071967216818,125.61883336928442,124.38862687036138,112.44175669754554,96.63653419935909,94.96063953196762,106.61024766256048,122.08579308482416,130.47305664574736,144.18533813834281,138.66555996273306,131.732553137281,128.8416872586762,127.53623729269921,128.3260107160962,130.42922872331155,118.93144361679867,106.49909656664695,100.91311155366417,93.7398468753365,100.82181417403382,110.2744724191965,108.37049356395521,110.23007924433725,108.00709634175612,107.25558954192707,110.10131344678956,104.327633468213,98.83169301381956,113.40125386071868,118.42835519790032,107.94248362063183,110.7793221545885,112.85019269128884,113.88513900902764,,,,,,,,,,,,,,,,,,,,,,,,,,,,,,,,,,,,,,,,,110.22682874475572,109.93897273117103,,,,,,,,,,,,,,,,102.44216647019375,98.33380962139105,106.53467767890116,106.02871040335944,104.21526881804023,100.84457945272389,93.65918630825354,95.29753589081764,96.52659399451038,100.25702157712412,98.87746815848277,101.41633813391222,96.44549629705791,96.80271936844834,,,,,,,,,,,,,,,,,,98.506421204267,102.98424786855912,106.96409797588774,116.03329498964007,109.77518819478674,104.7074544987406,112.52498131635026,106.38196265482377,99.23957221899816,104.66093362533248,102.77090983201131,113.45413452410612,,,,,,,,,,,,,,,,,45.162194341826,,,,,,,,,,121.29049143209204,119.6704739985746,118.07900308702447,117.12628260049064,127.96329551276652,124.54699332500735,135.78931520342093,124.92349778160163,123.57069213698016,120.20881960304023,116.44682852140245,118.45726220061668,115.7481365816801,123.69789040799321,108.83917868543529,115.9859912072138,118.31718237463618,118.90884691103572,121.06856505256724,118.4737569742802,124.89963371099363,122.83474537405705,,,,,
2021-08-29 21:19:40+00:00,138.39798829356567,98.5366774345825,71.01827699208854,80.1998287508268,104.52165098619939,123.05728444828745,127.3238786798168,121.85109847286175,129.15326409105586,,,,,,,,,,,,,,,,,,,109.38786236273069,,117.49896413600428,117.01340988547761,120.47000886257348,128.3032404019922,122.14693711932651,125.13108070421411,121.72772981815838,123.42460762700682,124.75718200764649,119.85772851377408,123.72174848737188,124.37049051738242,126.33035788845366,126.68655634961986,132.7420533900484,132.1823290202331,132.14185134087043,135.28889511483786,131.41020659560505,136.0051008674511,133.5853561424225,137.13607112189732,136.97109297162285,138.3723760248352,141.3660928228562,136.27833048695837,134.77083215971598,128.69061040395087,127.00979138700272,125.51409812358689,122.10761541983123,119.44888181158689,125.28506159456721,125.52951657423655,130.69346883806176,127.89115704874477,129.03535736618673,126.92621227190041,,,,,,,,,,,,,,,,,,,,,,,,,,,,,,96.90898223780292,103.2842122261246,121.24233287732986,125.10394030649623,120.5661175767222,113.74742207736656,110.30710990129805,110.82562850319557,119.25450342364928,112.11122488100641,105.18046874321853,108.08670451436348,119.50399881810225,127.26012293256046,124.18371259305371,112.55817033524534,113.11494588712355,109.02497226423483,109.4241214866798,107.6241791068659,104.77168621265838,101.69083867699402,95.96121610476023,98.18309151984273,100.41145640686649,103.62111914639196,103.2483195768616,104.07540279867686,112.10667123210888,107.55275537974335,110.63560369857659,116.83190878664895,113.79787992476145,114.35606457578982,113.72705536817264,117.28673706689833,120.77791317980261,124.69592266510784,126.2431494714652,,,,,,,,,,,,,132.04226503042855,135.9536948464105,130.5355665446257,136.6409997910504,141.04183659707593,139.24935617769492,138.6048017583205,137.89671361378424,138.84764652806356,133.753667428611,133.88227820358952,135.65024678468765,133.1911533780965,137.90128389871796,131.95369044278172,127.79071615260189,129.28505929309924,131.68529930414587,130.94439258647012,134.99312105634934,134.1909996715481,132.33566740863603,131.9731724729199,135.1287297987497,,,,,,,,,,129.0778515821133,129.6087791750348,129.51655599548758,135.02177317188446,135.38650677253685,144.18893066654616,139.69680598602926,137.58825387794187,135.8325528960872,138.07424695682644,138.91707890779992,139.5912690317495,133.8584214786556,131.6209599744257,137.00275896747414,138.26772790558877
2021-09-22 22:21:29+00:00,,,76.9571695340644,68.92930331796983,87.8172580295085,102.99242128860224,131.27181483490324,128.23390258946816,133.50910172941616,133.95030464867037,132.3934284686373,111.26792002453433,101.91193459190461,94.33660347693333,99.78581263779346,111.21144956181543,127.41992590491932,134.9931069233741,143.52088689258744,143.5811793456624,133.24547077313463,129.90668217777676,133.47948074611554,131.85612794943904,128.94817988324417,118.78010551236493,111.35454502176883,109.69120259063698,108.56529285040489,112.46006519207124,113.45194886053038,112.269309207816,,,,,,,,,,,,,,,,,135.09344498798413,140.30877186669318,141.21519247226308,140.90983739383833,138.2378552649858,133.5846137552196,136.26465095916654,130.39505465814852,128.15555230600165,124.50185506016581,125.84589724540614,121.16625737095093,124.72123276745687,122.35077655283509,125.2989479898438,130.20939926350277,127.52321662959197,123.5057765077726,124.5933059587842,123.42127778722077,123.70050443179773,124.04426835477773,120.382677863847,120.2252181821415,127.43224150958991,131.50922595937428,,,,,,,,,,,,,,,,,,,,,,,,,,,,,,,110.54797349354614,107.42982951169982,108.19937955644066,109.00948199048526,108.97469765939287,110.33312266773072,111.84238359266233,109.46491680070814,109.88333615360105,106.3701395431093,101.76889192884026,98.69696118112412,100.68932365487423,99.04580362623824,102.34009950030259,99.53582755832169,103.61572209704988,105.3597459765713,102.90858445787373,100.90531137604032,105.53431577054278,107.94097341197974,107.60242490856513,107.54579990956304,115.50710209036332,119.53486723922958,114.62481236499085,118.06978099699708,126.26816698558129,,,,,,,,,,,,,,,,,,,,,,,,,,,,,,,,,,,,138.93164557557319,,,,,,,,,,,,,,,,,,,,,,,,,,,
2021-10-16 21:15:26+00:00,134.61513612216962,95.75957630718356,68.58729322831032,,,,,,,,,,,,,,,,,,,,,,132.2433652403863,128.54928741393454,124.82866443974024,121.89435462498646,117.06133052505002,124.56412748893294,126.87013935082695,129.0414823067622,136.34501522069084,130.4190450749279,136.13656262788217,128.60911175269428,131.30786459042463,131.6427421337645,129.9712998927181,134.25232001733517,129.61834520700086,135.6380595039068,132.56100958501082,141.21939401514706,143.10173894361756,141.00071265399006,142.94095266826625,135.97343440192506,139.60402560278735,133.945197624092,143.23562334426276,145.20848452783176,141.3443390300204,147.76844543436454,142.74394609703052,141.0278645702838,138.5237259878253,132.20735440330006,132.3346520086882,133.77175072999543,133.40035452428805,129.14633405383398,133.06718460553276,133.88715673376228,131.40091781605412,133.67368942102937,131.33141589570505,132.0384579061435,131.69789483541484,130.46764306985534,133.7467356274664,134.43364412728891,136.79035749288832,133.71525784796384,132.1132559211778,,,,,,,,,,,,,,,,,,,,,,,,,122.29990137788485,118.81201458477575,120.92397145206004,123.26325781985312,121.95131929314536,121.92945686125753,117.04743421196032,124.63777383720692,121.29023810814162,122.16526624763661,123.93291864619344,121.01518752929398,116.22960275785819,123.91917509045537,122.52830193467081,117.50041021847429,113.58559485627244,110.71174504883655,113.38788049263975,105.90618415734957,109.87165292975206,108.4638639091269,104.33730786088394,111.52551939590417,114.19946607812555,115.06541729669748,119.25181645848747,119.01104131955789,120.85222527106887,117.26964451336173,121.61498181253988,127.25746252688043,125.32039773924882,126.70433390873976,130.38263747687904,128.51690732783888,135.49484966390628,131.12526711260688,133.90310603761966,,,,,,,,,,,,132.35326312368537,143.0465467770429,142.82721996439986,148.41156126277244,150.39552163536445,150.9911788757973,152.50084353726052,148.77334326991948,142.34745616777144,141.84185158064267,136.0472353212022,136.73950981813294,137.8381871231186,140.90532952349977,142.7294245709267,140.39036729532225,139.8425624035382,137.7074431437342,140.0296088829027,139.73188125074458,145.62033771260175,140.43052394968836,141.1980879159647,146.0398537757495,,,,,,,,,139.66497150664904,135.89518413283236,139.94529800736643,143.1125391553095,141.76719212929734,139.23164479018357,142.85309058484395,141.7983163434526,144.10945206382783,148.23200274250195,143.54912266034341,143.1378399067604,136.09982048891595,135.94591809696414,133.8032175460761
2021-11-01 21:13:58+00:00,135.0144677100214,112.8547386508042,83.19231261622346,81.65673245571153,87.55621243639192,104.94469545760234,118.5927727288688,124.20756639305914,,,,,,,,,,,,,,,,,,,,113.80070532911138,112.5803604901707,117.89564096801725,119.18546065945917,120.06079390938184,125.3724358022571,121.78852719599988,123.29408111804186,121.06903432766643,119.62107860748849,121.99858770547748,119.16290912466658,123.38352987637346,121.28514052556177,119.96900052495596,123.65838429988307,129.79023078874607,130.155766116133,128.26852350597073,133.22296937867725,133.77042280444073,135.26816821765846,133.91924067972818,137.2573364933381,135.74467104506192,133.79939111550527,134.42290931801392,133.8864414993027,131.49769106137626,128.99954911964306,122.85846882312784,119.93566336253502,119.95253662901112,117.9578393203801,124.49719866752673,126.24714015202147,127.37987272814138,124.877926915139,121.90947671140869,121.73311865358006,115.87359800222076,116.40152287565977,119.08445260068784,118.36816049364424,,,,,,,,,,,,,,,,,,,,,,,,,,,102.85384203624427,118.6085152866192,121.99448414531244,122.66735972626348,118.75149374630976,109.04476793806924,115.392018009567,109.54027536278386,111.50459064557867,112.2860285596709,109.05527870997165,116.12567673537028,116.46711858720222,117.45292461746905,114.75881194951025,107.67411375341057,112.69738257014438,105.34161643797502,105.87848796618005,103.4144126181898,99.39129284331439,101.79235372460548,98.21482048828481,99.5678164296601,96.06710596234663,99.77312251663136,106.7478729133764,105.281587566496,106.76856268725112,107.61913122980772,109.33111150565742,113.12130113213148,111.24587851916311,115.20908354691039,120.2630833343371,121.56251340359997,129.46028337671706,129.1466533903985,126.1691449468657,,,,,,,,,,,,118.99135385481728,131.34605040515797,129.9936090277547,133.52195151347118,136.82448605465248,137.22936610937546,140.96808915532947,141.21319225731858,134.84980944980023,137.15850193470737,133.4735116049255,132.97433680069943,134.93415150256436,130.44911581866438,132.62372489128248,128.5329807592874,133.49775121974554,133.50568200148348,132.4790449083636,135.60285282163653,135.7410023781364,134.4765399410069,139.3510299304088,132.86619900258668,135.3177823933123,,,,,,,,,129.0422317728774,131.03670959957026,131.24373721755487,133.54862284406636,134.12727625771862,131.90615075895485,135.25545041315317,135.25855087813233,135.73358972722477,136.05231865590986,137.76413333866606,135.73677752906616,139.5425390790372,132.36762369169202,133.53901258065142,134.5008225806034
2021-11-08 21:19:28+00:00,128.9034662525429,108.3565491616492,72.56333415691411,83.71017048825726,97.6423786571048,106.46124493784384,122.24692914967581,124.80004149147274,119.52360790192867,122.39240960142264,120.95608370379915,107.3980193044574,85.85366397384239,,,,,,,,,,,,,,,,,,,,,,,,,,,,,,,,,,,,,,,,,,,,,,,,,,,,,,,,,,,,,,,,,,,,,,,,,,,,,,,,,,,,,102.63766375502776,109.74549968612276,116.85593016440457,118.7964614074535,113.34488143440763,105.17400127403673,108.91701708574531,104.41744781400332,105.11541636503661,102.93345158303616,106.38284619285213,101.39384440788878,106.31289543886307,105.80088547474276,103.97285765335094,106.17330635176955,104.09569323325002,105.5722190891826,101.38173476250928,103.43750479429848,92.81508539624473,97.74433276073152,95.6472429356317,99.9888459650346,91.63185029644241,100.06886653238291,100.68196723770677,104.65634860817393,101.87078651525621,106.85883747807847,102.58333563442183,103.5145117586402,107.89360171071836,114.58103799808309,116.78333732884843,124.82798323229169,125.67147530279591,128.98171229824283,126.53885284499326,,,,,,,,,,,,,,132.95316152067167,128.2135064836748,129.26942649182996,131.48089181290726,137.20277343830645,135.1282214969416,137.2179865890098,129.1503670049994,134.1633324727938,133.6319368958651,135.83381677585925,136.45775431730476,133.44505935218655,129.95535754324118,129.46494835438804,125.98736157663944,127.94540120601194,129.65693695348827,132.12202078562754,130.79870348395428,134.61809361586373,130.58815921496628,135.48944571684487,133.14599661598191,,,,,,,,,,,119.61355230691589,127.25039286741442,129.07258838780197,132.5102194172013,133.00315086676352,131.4517710777845,137.93884755943463,134.05860221372347,136.95307928886726,133.43587356596348,133.19096320986543,133.49455108303286,128.2148203263932
2021-12-19 21:09:22+00:00,,97.86508992875291,65.64926827259343,64.63425638397607,76.17303969949052,103.94201982359144,124.44909859092374,121.04507445448787,124.31225911714368,125.27732409821411,124.2667591313323,103.85757338122616,89.97307436929351,86.18453602419702,93.84680139746956,108.54860551677989,118.18101525138762,130.633936126403,131.31286783540236,131.80890726905406,125.33633989335628,123.27360651736252,126.9746886364328,127.44083782879915,121.1821152175339,114.03038808372379,105.20009828851549,101.93261127170533,103.06044964366644,102.00753065138596,101.79356791470404,103.58961636934929,106.9811247611232,113.0733842527691,112.98380690350544,118.48986347878433,114.2806977581796,114.71699165030928,117.5996634496314,114.38610871482203,117.64756403056087,117.79843487498316,123.56769810793192,115.44542798947049,116.51974287067974,122.82303496299441,121.07346582767917,130.66109518607075,129.9849797024728,135.54160291188424,132.54546092963866,134.9367487499224,134.03522120754587,130.5084083508208,135.64115489779974,131.09136903743882,123.01901479228981,118.56399968341705,118.329697608435,112.11470829706745,115.66177075655557,120.12345796232461,132.58519027789205,129.48601548025016,132.68102690063026,125.53353106886391,120.3201354957103,123.23059855508305,121.20364956175212,123.40513884553633,118.92839176830076,123.59297000230275,127.5494937454239,130.604460828852,128.82728591458948,124.11492679485612,124.33848599288136,119.83521389791242,115.39659118759441,116.78356216318787,112.66675791506967,118.4199516726185,117.83101441333146,122.71815574984514,129.60376622974798,120.74357388344852,121.71979799349579,114.20083055818499,107.56431268250381,111.04996407259769,111.21391361752997,111.38894122490498,105.13326535169136,107.71603579682491,110.75512034511742,104.74716396062732,113.4319642540741,115.84300637363708,117.52772976717678,121.49118225022126,116.97512029384949,113.76986037602114,112.83719813726988,111.72168618314167,110.25246474795523,102.9940026940584,104.41368621480476,105.32200038117367,106.6071094033424,110.56546570693035,106.30951250206105,108.71395604257285,108.16766520643529,105.0021712417714,103.94731035745502,102.66311981897756,107.21906950510675,105.67435862235985,104.31912937750337,,,,,,,,,,,,,,,116.1459705312996,126.04380050203669,129.13611181930492,129.09757228058612,126.06248904111084,124.46377483740537,124.9908780820672,130.57076775065082,132.9671373488781,129.6189165615355,128.87031377695828,132.6444311033199,130.0630875170027,136.25818661061896,134.73035492623126,135.46005823229862,139.39476563774787,141.31305127758415,143.1131391331176,140.07194527919282,147.96958270443417,139.9666775030155,142.28413459795914,139.72161792877716,137.74128724072477,135.44223458527168,139.0360368119408,,,,,,,,,,130.7794427565879,135.94882091640562,137.48282192321037,138.72667915501253,145.21437808449696,141.53495580467114,139.50868235836424,136.89502766279057,,,,,,,,,,,,,,,,,,,
2022-01-27 21:11:45+00:00,140.14978542680677,,,,,,,,,,,,,,,,,,145.23142552656554,141.91527883665148,141.82631419886926,142.43232310771683,143.58059996702434,143.16765584705817,131.680498186001,122.32214975761887,119.62516898708058,111.98893775097925,118.36158660887546,120.92736531587049,124.49833745134893,131.42347302373483,131.22156668654458,132.80840701556988,134.38868442352268,126.30710419096565,129.27298812072664,124.73144192636897,128.0993910701386,122.78932004780961,125.60248582615762,124.96095633634125,128.72471107551672,137.4682022047521,138.88900774960047,137.23803886689853,139.75041307087633,137.41592019893494,137.56886460126776,139.71272875529655,137.45966321616382,135.30565481616176,133.04459852017285,140.11431344003813,138.6203792588583,138.36441960872432,134.41250990265235,130.82755739898244,126.14077070556552,127.77085974236687,129.14067670095977,132.09773430778506,138.11672933013466,136.42460377270393,135.2496291443502,129.86984626591794,127.34984735638419,124.99539292156199,125.26567751839063,122.9121342895586,125.73241243248222,133.6691804469269,128.7535059027743,126.39070337444268,126.25901846372747,130.32542526254284,135.4713400989263,131.9582330204178,126.61918563420792,124.48655790877116,122.48956308398031,122.69560630084018,125.80974276947157,126.58845760161154,126.72669547764497,118.88515440818638,119.9056764899275,113.47626102808925,116.15509413530471,113.44106508763778,114.6030056612159,118.95594057266258,117.94403325309827,114.6788129823284,110.46057126569973,,,,,,,,,,,,,,,,,,,,,,,98.2414357659784,97.82861698488229,101.60112237241086,103.80074955198197,104.76152437213939,108.325792454522,107.18465109478727,114.14812754270888,115.05133254385343,113.880205542557,118.76281620536462,117.16749255189326,116.05762164455923,114.04266098065195,119.09026178194077,122.10474270667353,134.07143795699125,133.13810994781062,128.31317745864013,121.83534295940291,118.5456217926099,130.14064167067497,132.69089142333635,128.10810387391922,126.577176984992,134.69772020393265,133.42603597148062,134.87585110801288,134.58126909240926,139.15506401598307,137.90530555840675,137.29064841119612,,,,,,,,,,,,121.04738683076418,132.0426564346293,131.43506747885363,139.42308226108892,136.02078684847586,143.0223312746059,136.79369621146742,137.5624134322578,135.7792236633318,139.84458915057152,133.38286499320932,141.3314634816851,142.37532130835422,143.3076552336676,145.04730811294957,151.9246030337667,139.30502624709695,142.11932377559376,134.14752213235857,140.30685426980807,136.52153600728903,140.7796274995912,138.98686006895525,,,,,,,,,,137.85472393651867,135.49252897193298,139.47878741014003,141.22289716986694
2022-01-27 22:27:14+00:00,149.79944070869232,114.68359684138663,95.31848778974474,100.46343353694388,112.27196992539702,129.49174320029198,148.6485815359168,149.17428690377886,149.4473561330766,147.768090698453,139.05732517751824,128.9572571023424,114.8456922689414,106.87619800670164,116.925058667316,136.6911666428826,150.31166858270365,160.41743746510002,155.11297360300628,148.63458190535405,152.5047608499906,153.4031604679036,151.2949979211514,146.08913187946433,138.57908288406318,133.2922146393886,132.16743233889216,128.18608147826433,127.05544885018418,129.05452169417654,137.1916400649624,136.1840534324265,142.541205685552,142.8496907075817,145.37564788920497,136.3456335958229,139.4761038438645,129.4267779689517,132.78636570026546,133.19094608714875,129.75399924318899,136.86764908106085,142.43586411332993,145.89445962111654,147.87078476002884,150.85836714581134,156.99804040073582,148.91651172127055,154.48145882249617,150.9901936109422,154.54462330436849,150.27011489337426,150.11569077791688,154.8683602671836,149.98496203266447,146.53250185404812,144.2453223284425,141.40941830992415,135.11142712235363,141.0429775363298,135.18260268624178,140.93045938575662,140.5301252796112,145.26084387556386,146.95963667853394,136.53377373571175,131.20009050194258,131.66461653999158,132.33450116346782,131.43062203184704,136.15885188711033,140.49733954998965,142.12683597130453,136.28916142614852,138.3597621591843,140.03470451635533,146.44470022614237,145.20645609796435,139.82225416961845,137.38195591780223,136.19081253238252,133.80945025154756,134.97256290150222,137.9204039308738,138.69726701656379,130.54315135870894,130.19821221237117,130.69399093208506,129.69923786306055,126.8043527650171,126.07569259466814,127.43750944912797,126.33367322613074,123.31353203637794,122.4229324718902,121.56129246154114,119.88061639576792,129.4543170055907,137.9688111288129,140.2482461142321,139.1788914864334,134.308754042848,131.29883818939834,131.2205056255443,127.80453936098043,129.3451203441631,126.62388220782384,123.74648291516037,126.38637143578072,131.48604147723566,132.9086885434442,133.46479763295446,126.62984606970915,123.1620645028944,124.72061623320012,123.53850577908507,121.86994186865897,114.87254026064952,113.74875143169244,110.60295989904407,111.00825643669452,113.72353757694762,119.86268659920223,124.86930573382276,125.16303140606442,124.80834305312705,127.34049791969058,129.2337668342925,127.28953589610896,127.68341840652263,129.43560078654556,134.91799355508206,142.11131627653305,143.93622933523883,142.4198920852932,138.32444694066632,138.80229868828823,136.31984676578287,138.7548927993994,138.79175531179988,138.27579395937988,144.46082291111102,144.3186920560164,141.74282982052392,143.57285759146293,151.99110152202945,146.99712739339887,147.3529647340085,148.0122433138554,150.68666389732414,154.48224064984055,155.82400402223107,153.93762484864757,159.34249311565912,154.3799706367393,154.88090611997748,150.0510601633069,147.45373776666747,151.03893414444087,147.23290873284077,148.06107120828574,148.1570002147359,144.46496209011593,148.22505578987227,147.04432592292568,149.04218494788762,147.19516607678074,149.47745539868953,143.68894221116437,146.6251285980414,144.04594278723965,145.24538848446122,148.93024371520337,158.50753822784458,153.17646538164644,157.77931183237092,152.63468156107737,154.8424292569445,148.31504081396236,154.65590759969888,146.63888214673167,149.36328383040325,146.73523905810003,149.37920455517724,147.28906738254653,150.75615832376678,149.1828673507611,151.49790831305825,153.57432666883554,155.18653093131803,154.89306957304478,146.67146092857286,155.4895878706385,145.868729352822,153.0546845284513,149.7724389277763
2022-02-20 22:26:59+00:00,138.59028018920677,109.10296115102747,63.42081884546189,78.50343022733253,98.88727952807878,123.62220977295507,136.9613543365985,132.07904934507465,134.48773452288845,134.64762784605026,129.70119979324554,115.71783593554989,101.60267860259623,101.93459257201309,110.10667890317418,120.72631383625324,128.52928587683056,143.25917152858148,151.34480062803542,150.67596877208618,142.13618967207523,138.49926152959173,143.8027844091976,140.7152791389941,130.80365939573178,117.9982890115409,113.00492563532435,112.10944703097238,114.20604537898194,117.37412176503989,124.23897145251368,119.55450241409466,120.9870697236455,125.66600104898552,127.99067094431976,132.49442413913232,127.30031878195791,126.81976440866462,121.99063795995727,121.45397561144158,127.85721268879664,126.44810722817361,127.80653421091935,126.60770009705496,129.65021001340722,130.98497267038658,130.3933700889089,139.21362863051783,139.02933633600293,141.0999233341219,145.24394671873904,146.87053536610176,141.28293469481298,139.83695102405255,142.74032691596287,136.52645869974057,132.74571969687818,127.62096028114632,124.1191115140911,118.64365645882386,124.74101916962849,131.28000482641664,133.51688962406607,137.85381746042066,136.84445265464518,133.19695720567427,127.58779765232,123.40132196735902,124.8162495022271,128.55696654614195,129.79996578280998,129.71576770086045,135.9660010201731,138.83316123374462,136.6521573691439,136.87707855969757,129.57898344176206,126.09805180216502,121.52377534328389,116.56515179333883,116.27683175799089,119.7026298940938,118.11156392066418,123.49744915869708,125.44607685275128,121.75193428170365,117.2530720366073,117.39873655751893,111.36922531012883,113.88848945680726,111.55657934094965,113.28535299632001,111.94068136817276,111.13627090508334,109.74136606607172,110.39102459816968,113.40060557793412,115.53836941627372,121.01417373630858,124.61347944769012,123.40300247850381,119.20869169161784,117.95703438371453,116.11050816380919,114.42884782820914,113.8838031999594,113.59655693079026,112.7089494094204,112.79358500638985,115.51690729435832,118.24686388170512,111.29665134764721,112.71392271861002,112.75259016594528,107.54300077378768,107.22058847147387,105.90531048530849,101.34139863907932,101.41932063493944,102.9433344724318,105.77253553659551,106.32131404307532,105.74374621436414,103.9659179666004,104.0336799337623,106.76124149591246,105.68103916219496,111.9607997458734,118.4522816125552,116.34844399049638,122.38733682321008,122.24745413576505,124.30798910487246,130.3588516158306,132.07255406418884,132.75107174335875,129.81515334836425,129.18136821648116,127.44626904996984,126.7380363410976,128.7234672769717,128.42366975793792,128.00178295414935,134.5826674544943,135.63797211111344,130.81165244423576,131.4819316855301,130.46747657619696,133.59564060419072,137.8399246479365,139.92372069911087,143.64530566535817,145.0407986695021,145.7971547057543,145.4826211700074,143.7156321806773,140.7115963019135,139.9519420392666,137.36476041606718,138.08030419551682,135.6341863604299,136.43996442402852,137.19689054201132,133.51014606324307,139.01564586363622,137.20842416166155,140.4915260793331,141.18552607781575,143.09095324718234,137.90392174255877,140.29573562122084,142.5170318357245,144.30421725619422,145.30797672128898,147.94870254761761,142.0429526282969,144.82053336547006,137.85502851217683,137.52974201033135,132.1182909843479,137.63721875268004,136.54174375604265,135.73836549018915,133.60010847883666,130.58339243459258,134.39681904255184,134.9970512030106,135.08132927668723,137.53319683635593,142.79882976582925,136.2664545694445,142.0812224819481,130.8084983204866,137.53352184837996,134.89305679705706,136.08689708540626
2022-03-01 22:21:12+00:00,137.90719134882934,101.3997824647524,74.8975922270549,76.44637154548346,96.78218720492733,113.79449613541733,132.31078448441508,130.98539203915323,135.8482122420503,132.58112340991872,129.1124175213103,115.90081264030802,100.72625817858167,95.84531998012699,107.83059900744288,121.03929465092166,128.5457197077412,143.16735508870804,143.04957258464083,142.0387830207602,134.0636080671328,135.99726926996968,135.09841486081794,137.18899415427663,129.00942008665234,119.92327626326893,111.08423804037912,107.47602357033719,110.17872293479388,112.22789836750951,115.83916099129901,120.38257632731211,124.14490411611064,127.53617538161387,128.00530905977647,130.524548330443,130.82433283637187,128.46549260213803,125.09534384069244,126.74658106205005,123.08989834371069,124.46362942148598,125.57421141381064,127.44268813379179,129.3793921775333,133.54667557548808,134.70965667267942,138.58797151028529,140.26847378337516,143.07922239574123,140.04963333975536,138.8027317030464,140.40191151689294,140.90772872116412,143.17476350571908,138.72667772401198,133.31154271907872,129.00615061390448,127.38479583012165,125.27012428275587,122.02758210457793,124.83881982638269,130.69381653953462,132.68531721385085,130.9408486457128,128.59704473384264,127.81426021452226,126.36511722767573,126.3020228301527,125.49947738242514,122.91505739770115,122.61184612351263,125.82858656539217,129.49538070206427,129.89868301933703,133.5837078731815,127.98379317200023,126.03716556287644,120.87579843798477,122.47153253086775,115.84827034240224,119.939220948472,117.8969420056385,126.21591650022707,127.47702433864885,125.34049510749612,116.4892176044524,113.45545966195452,106.9507052367024,105.75995464910287,110.93173949871202,113.28880555841349,112.56939943133857,109.68619162957681,112.20808657333211,106.47407446694807,113.70545664414162,117.27728866183159,122.42135787286676,125.36516603606061,126.35259459612696,121.68532296873659,118.98302699478242,117.57782205166998,115.45766869841334,115.1884175956566,116.02028808168048,114.85969122275277,113.57390791967353,114.24415813203449,115.64374006351973,112.5593565381983,115.58293945133377,112.20602928291021,110.85501680992793,105.63640196641646,108.27762355750409,107.27247914901017,103.02831864354815,104.16149307082024,103.74620163309537,105.31182085490785,105.01954598492618,104.94242142326905,105.55361279339621,108.85326011147629,110.56163247353699,109.880817249848,112.33193021333211,119.76030240250378,119.41231052067961,118.62404377622363,124.99778266144293,130.40145143715094,128.1970106414332,130.38653145606912,127.84859646691214,127.10867868060987,126.29673157770961,127.03717223521139,127.69654019715438,126.69800226323945,129.3610701798163,132.64816617660057,133.60142547006296,137.0188340511039,131.3566638716253,136.53030078138647,134.7697693208538,137.59180483287054,136.40381557444684,140.01010234816076,145.54628487970047,147.6731313284319,147.09911009976187,144.40734626086123,141.4130076560227,139.3079056927429,139.9773024415496,139.813568906853,135.10728885831037,136.2288544559614,133.57889270675108,131.43992708116866,133.69739424786476,132.8533922138919,136.27741098426938,135.87020920155535,136.2247350535578,134.96410343146778,140.36785556794328,138.68973476128102,144.27448611280343,145.51349644828196,140.5596244952283,139.83140673017144,144.6133719129786,136.95863289972007,138.52623219260497,131.4929233988436,134.55767224319416,134.23733639263153,137.4425031376422,131.24555118543734,133.68705218631533,132.96640840141743,134.90931801491115,137.731726249776,140.97482584938234,138.7281668057722,141.47487022787138,136.49390326999784,132.7850636328138,134.55145537128325,132.71976895069344,137.85141908557668
2022-03-09 22:21:13+00:00,,93.40054129914833,66.31859898426563,66.26612433983362,82.4961195520571,104.78174548816538,125.7037130378058,128.5132856343802,127.3370816622306,131.74587576194898,129.88176524900706,118.68965305235372,95.01986662324876,93.92624519890929,105.87380411006768,122.35873155602944,134.64378703789248,140.4785587784929,146.57117554372746,142.368808417351,136.77442294463737,139.0739772130823,138.1307295524736,138.5130776084912,126.84605211967893,120.19028262941293,113.8464292903086,114.66609362977584,113.43338735710148,116.4368074229776,119.56827263544182,125.00189111346717,127.98113627653252,128.73881373397063,132.287584454019,128.5159632996984,127.6552316225753,126.55620479021498,129.26902874137173,129.9808633108696,126.67722297893917,124.74516449476549,124.11323363463205,130.75341240924604,130.67076955975162,131.0631350285838,134.18565993627342,133.84527192040105,134.1192103091433,136.59885695691065,142.4321295376673,140.7627899876231,139.37262082428856,144.62769869407,144.29399908780263,138.47454639716858,140.0506077813786,127.1929214624524,127.65694819017227,124.50321776130438,126.44906608530667,125.68630268715307,130.64391869135582,133.19725158151184,131.58348100607495,127.59791880390719,126.44778394303566,126.89030023843175,125.31547851991397,122.84610869743216,125.43292627483197,128.84456141103433,129.65237619344836,132.94688328758238,128.16977580848285,127.79083388162395,134.7153740739729,131.2384640493488,128.90582124208626,126.39870160688302,118.93778055256982,118.23636078463161,120.09017706750393,124.54944832870079,124.53430515492136,121.86615211666327,117.5848376707178,113.02522168589195,109.40819757872647,112.45360572044571,110.92102939081155,112.93491139412087,105.66788398034898,111.57022381962949,107.21852417293442,108.19717835783467,105.41760427098056,117.04132645414107,121.91550289194713,130.58882658632268,127.06754840350308,,,,,,,,,,,,,,,,,,,,,,,,,,,,,,,,,,,,,,,,,,,,,,,,,,,,,,,,,,,,,,,,,,,,,,,,,,,,,,,,,,,,,,,,,,,,,,,
2022-03-17 22:20:41+00:00,134.21995990473147,102.38723980572898,67.8005868536536,78.7115923602712,95.70234714280764,110.03964720675609,124.52787915793594,123.88563091673953,125.43175475894469,127.68372426626301,122.51221654225365,106.82938505250225,88.26908525082122,83.57817864548915,88.6641036193536,107.21119733738868,118.54565095594516,130.14997686682827,136.89555374882812,136.86899570744941,132.9146682426115,127.79401905898976,130.38545925033966,128.02662527412147,125.08542456204707,112.4692911989348,109.13105449473579,107.23885689934502,104.5705003842439,107.79190188267947,105.70684498558185,109.43754047589862,111.85159039431556,115.1487733597826,114.93882623487556,116.87523686404106,114.75541090509083,118.98515304751662,118.5902492549331,121.36501128132359,118.99677676750066,119.03999557365238,120.79061662019204,121.34363667414523,121.47903978402557,128.8952416872749,126.24455314141092,132.37456860408525,132.16988086712178,134.50766992529793,132.8056408617383,135.43004243142423,132.1510854297023,137.80856187272403,135.92939684080488,133.65117003877037,126.91268730217482,126.11298977630733,122.41970959214116,119.56459809850921,121.24444559216697,125.16292445962257,126.465876860734,130.46213493314,127.0471671811326,128.97969421490603,123.78353295554955,120.20653019331483,121.52278838794933,122.15880922629688,122.16361456381289,124.14480004850941,129.33916609686383,135.5287455473465,132.70414203076604,130.79178819439596,124.53926859611774,124.77033272440993,118.31492595375744,109.21229917165427,106.79206750836944,107.72042026744533,115.40977034990989,115.41081915386906,119.84107689595668,114.5121858963408,112.72600004090776,108.02114402958217,105.95967156133644,105.84960043078415,106.52768204856989,101.77875602683035,105.6378109982577,106.49707091416938,105.58439653411932,103.14438902314114,109.7871881833432,112.50017001421041,122.27993769378776,123.77271132091757,118.9710462992708,112.06840795965559,109.41984193787168,110.45007416445856,108.1444667742578,107.54265098260666,103.16225824578068,108.44239281801363,107.64193344545235,109.58364099663162,106.83903059765831,108.46812110506959,104.18967297068663,104.57267145291213,105.12366619432989,105.40274577117515,98.02864329346323,96.08043487673716,100.15053739118834,95.63156680416579,94.47849969440814,95.6598476225898,98.25639386908915,102.26246991348445,99.57942468417053,104.93989808167622,105.13241661382007,107.68175505901914,108.01269868824085,109.2496237209471,109.5593628353537,110.2948771246567,122.45755166711236,128.65385151897098,127.65074747017118,126.13536123327152,122.9502572138527,122.16248013559245,124.70369140493587,121.17854029285162,125.3383748597073,122.86620235559924,125.26953247040043,126.27048599702684,130.91530545403475,126.1471041332792,123.34263602784874,124.75711989516087,130.09783819555076,131.43287453487244,135.69021895654905,135.81893399307106,143.05786315040052,142.85721030616085,144.9430447272668,137.52482033204078,136.46351852835377,135.62554211028245,133.85271865845684,134.53312998177387,129.627528947916,129.79297841174156,128.5265009257789,129.89704188151373,132.90700744999606,130.73142610472144,135.44249370925527,134.506563322532,133.90709099106917,133.36318493958507,136.21999346238252,133.18080988011235,136.24570848672573,138.33631132312064,139.0975125171797,139.44738860251303,137.12897951990783,132.05332925056132,131.40401456489926,126.41489985667953,129.73481622688786,129.97859064844405,131.54346961747257,127.61019873931428,126.89803847930679,129.17885628189003,130.6388321594384,133.12901657903242,131.66872289357033,136.0319312721747,136.17225925040924,134.183831870975,128.57109252793762,132.4396762958219,133.21602771473957,134.22331815360332
2022-03-24 22:26:46+00:00,139.32465335331338,108.67520329435777,76.61109840794386,76.03550453588352,89.86634374665233,111.03150071207904,127.26090594353674,131.7805070449964,133.33465832142997,135.60165656779287,129.52253763869572,116.71968994510284,93.9110698462756,89.3086634348805,99.27824300056744,116.65521261277927,130.25809311526535,145.34068235279227,146.06948405662354,143.4080744417335,141.90648550482362,139.92450980785463,140.4762021250018,140.44976852026167,130.12557492546958,118.46665034168034,112.19086273118829,111.11222697159823,111.58989663723666,113.04250474526536,115.70139767688036,120.31529061347888,122.43955685287253,132.60135554309477,129.24919913097722,129.64676063656762,130.52741322460673,132.09341932437212,130.97285468920603,132.40639645627684,132.61735348487807,134.63814937295024,135.12227146187885,138.40135581643224,140.50316775849447,136.8254893390802,141.4569311171285,139.45041336724063,144.17189155907263,143.66647525992303,145.5523736052811,143.24024752433746,142.22774101371888,147.91850809503555,149.97949693391584,146.17914215291307,136.94767271434029,134.57942464251678,131.53289230473084,132.71820584946218,129.18100563919896,136.48212110527984,137.2296620227631,138.2574401430443,135.42035230368958,134.61557090705784,137.98121378126473,133.1575941232619,134.5907900258222,136.565971162651,132.14850791854303,132.71818285976101,136.56968907995184,138.45606504643317,139.47453480091258,142.9475706462864,144.854673334983,138.02156135938574,130.61925870921303,127.726390186088,126.40686800250838,122.56667459570349,124.67139544417978,128.73003215359458,130.52235530782824,131.07322196920038,126.19723990660621,122.31188834290535,118.78207196792415,115.31238040755007,117.3247890840275,118.24787770214152,118.22311538177867,119.51995657694549,116.09120190152889,116.61055916414793,121.62680855394008,121.84193855435977,125.29545189013702,134.7623505589174,133.5731233879098,124.57229625558038,120.221550916909,121.26175053555893,121.70185771716095,119.24242624012078,123.93687284358884,124.5073338744211,120.13801739128765,123.2898358270299,120.69456217018086,124.66578039757296,121.06756203713225,119.07420705479727,121.81542800881746,119.66369120223985,118.29264763836497,111.25241713108663,110.79541133860285,108.68229925104849,106.0611565444383,108.95896943056076,113.6743514390337,117.56764086033687,118.3512781029279,119.06898427361092,117.40458707604427,118.40162866464377,120.44401128132333,119.57769131888416,123.58766308064854,127.80950024196474,133.62378684379138,134.96630114666615,135.25008620130876,134.89163423255707,134.1890108328846,136.01890359153205,130.69600676143918,132.98943758176569,135.67107232915282,131.9601223148906,132.36952805325805,135.55981218975992,142.1484085561266,141.91392129944896,141.46583194266287,142.56004108797833,143.40407708217808,144.5659500963699,144.0135051366782,145.11050024220512,149.60562993465456,153.18780757800428,148.62436731161523,151.55185735892638,147.46507409808547,150.3695266383714,145.30113372981032,143.19755251856242,143.30507814851825,138.46313919357794,137.4287314094141,139.360606827503,140.32903464465164,139.96558611319708,141.4725530640764,145.2507624743362,141.6296219113078,145.75403894911366,140.48758533996565,143.71385835641382,144.61991584292247,151.2684936945416,147.18502588703186,152.60575756369377,151.09207673562923,147.32276149958196,141.09307416115388,141.98867199065035,138.95748498630266,144.55234757844758,142.459327868037,146.95144795893987,141.24825754459226,145.59595939173641,142.3381788844394,146.94783862336845,145.48984543445468,148.56289831077055,146.68613523763358,144.91678237636341,142.15411613311582,142.08323228775544,144.00594413972055,139.29763090638775
2022-04-10 22:21:04+00:00,,102.708956296185,74.50132484812599,78.53269339201327,89.10297927636461,121.55584761290262,140.35634144079472,140.56619326184824,137.3193808277884,130.96523282428228,129.88409575128932,119.90503254414115,94.13921645564224,,,,,,,,,,,,,,,,,,116.20911991061554,121.89027477676882,127.85095767713409,124.86840615571651,124.82002006782406,124.27016080125878,124.08940614780936,126.45671379104935,122.2179680924702,123.53322367128759,122.03103520557943,123.10256121218653,122.84297417743744,,,,,,,,,,,,,,,,,,,,,,,,,,,,,128.8262916092103,121.83169158210949,123.42131894791365,121.528807546489,,,,,,,,,,,,,,,,,,,,,,,,,,,,,108.9635781012831,110.41833543066817,108.1499522988076,114.32600763842338,116.72677336462681,122.73856295213064,123.30794429464461,120.62768779380882,115.89954890910997,115.88165452154439,113.65606688157528,109.11745878698481,111.0687053088704,107.8824420608396,101.72755111294519,105.43416346984976,101.59989796639759,101.23308657980664,103.46365659693181,102.26278968955953,110.24672033083567,107.23661096296121,103.67784826605775,105.33529323718787,113.06895962468913,112.85659539283516,111.5577731334886,116.464251611972,120.08712262932863,,,,,,,,,,,,,,,,,,,,,,,,,,,,,,,,,,,,,,,,,,,,,,,,,,,,,,,,,,,,,,,,
2022-04-17 22:26:46+00:00,131.31589447912515,96.81669354441028,63.2200789379058,73.56789440523887,91.61420167673872,110.66477023766387,131.30591143979117,129.8451742778589,130.79728980890283,131.15967497423983,127.55788162154074,109.89939712755961,99.05166793934507,99.8690805641167,106.78522064763416,120.93666868000105,122.82785765853646,136.27038560115437,146.85649893933976,147.60602031728598,146.161818193323,138.27859254696028,140.38717554020184,133.94673679122957,126.73002000394403,120.87501732297603,113.26230760139856,116.64090893025282,114.02011489893594,115.46015062339994,113.20057481837482,116.07075255935928,117.36043025202505,123.05172836356363,126.13771223387107,130.9249833496143,129.36581310522848,127.85163021504003,127.62393040373422,125.31565443569572,128.63249020029986,128.72942966480556,133.07376800840197,130.5523736602173,128.36372238406477,138.23356246003218,133.80994969255153,144.19010900662076,140.870077446535,141.01721184426808,143.56108552393107,142.8804413952968,138.5964653317097,141.20606484442865,140.62883985906154,137.6885380388866,133.51537239956613,131.7219423824656,,,,,,,,,,,,,,,,,,,126.6785412839986,125.88859362438106,119.93500446031113,118.6310660333647,113.97267858702845,117.53687366056437,120.99467283503178,122.13384971715847,122.33588291654405,122.04483302982585,113.91606992751414,109.16726288084683,107.66115687167645,111.20711020196764,111.19227674142209,105.40587275157323,107.10117577777949,105.47150209926615,108.78876496166664,104.65671581708435,108.28246230075428,113.97170216442797,119.62277441904203,121.48257232934303,121.54632153120556,112.47617326113331,109.41129783288517,107.12482181343383,110.32271445385136,107.68184522273546,107.92930012101128,107.30875866872931,107.53661655895885,107.31390854635687,106.58524860598212,107.34174903818833,107.42868118841349,111.86552881923764,107.85669206821413,104.39327917288455,102.2262360881574,98.3095718729994,97.14919717984012,96.19819047982779,99.17804808794119,101.94223622841092,105.24086379064211,104.07980463870616,105.15233034011574,104.95740033739126,105.04684155175332,105.9547097010764,110.09593344233772,110.39612644096096,109.5608598330878,113.89486922108993,120.56565105229834,123.16227371225904,123.5717045542572,126.95064496004031,126.74042551539354,128.79100607278642,125.8936115968678,124.1049850152339,124.50797444673225,122.13282535978887,122.34922966386168,124.94734902489517,130.00679747074193,131.3205996299813,129.5773141042902,134.54194618144135,135.00524436676326,131.08794482008418,130.45198281649598,131.3202905043918,138.23992699572725,139.38302387267518,140.32926087278102,137.7359306104502,134.12228694155777,130.4946722764365,132.2641983007479,134.32752960449278,129.4699174921169,129.00486680458417,129.19430313141754,128.73329252496396,129.33666806832417,130.84185615717104,133.02490821573147,138.3908414871543,138.09196138188662,128.71026227305055,134.05317839916572,136.1013453838069,138.20024760000916,140.4580116428154,143.02139119446502,136.395267900755,137.56061835706035,136.97721657601343,135.06631000789278,128.3892847115278,129.15825272088512,129.65486180612606,130.3670875880046,129.03581404458478,127.24444592431709,130.93565295092876,132.54325370203483,134.2261351106307,134.25267084126125,138.54473168476002,134.0505243505821,138.0548149934013,126.97251033562009,133.96695315413223,131.11703703473916,131.11658392875987
2022-04-26 22:20:32+00:00,120.91925012983512,91.18069629254951,69.41774833498772,73.69847998518624,92.12680979735491,116.88263434144407,120.16880152162864,121.79434417159352,132.65346291491926,137.28805933672126,107.65749604955194,104.20532331062707,86.49723208908209,89.17598910310555,95.66815192201459,107.77048080809232,128.28141157718977,145.27585305632084,137.8995593492402,138.9522591796103,145.71722603513132,142.48826749930382,121.06491708144797,129.09094030709224,121.52745903833971,109.54592770490898,108.9172137238064,112.50310344653373,104.07641767886567,103.48495773640362,99.7849100734805,92.19466299780768,72.9956859380676,56.918542797311616,72.67721576585909,77.56510437500764,93.32450208585466,104.97301865963918,113.4587726713711,117.30856074887238,113.49495276692168,114.82292718074551,96.27478271001158,112.03155769588476,100.07779707754756,102.46049668970124,108.2718031604357,100.53155850075548,113.90493475991688,127.39571833146682,133.73671953275033,132.9464473027294,140.33425147554757,131.5610670095221,128.73247146052267,128.45201066884957,121.41698981491352,119.19643757880408,113.53327163341523,118.90871421711849,116.2651970205336,117.10169544257369,118.13765549900899,117.24449668390672,121.99698765138484,120.67399682825705,114.33132625480202,116.43069193803376,117.56242510775733,117.983466099627,115.69549050827884,123.19225546921463,113.5553627001022,113.47010040049038,110.77630184194749,113.50863912826081,117.55770063931202,124.344832299829,115.0593784847845,114.65640681022556,118.03800803841108,116.68303806570906,120.09700284622723,120.16214593488743,109.12566065064128,111.10794835299873,98.92303432219845,100.96462830104971,103.53086104612494,99.99796665754047,99.65586524618314,96.18016867759438,94.74214467214364,96.29656243331492,96.53193154130469,95.41362402267269,94.07302829579017,106.41210183583684,111.28942886440404,112.07923146773872,109.5659502660328,107.28241028110973,103.17856997874028,100.1814423704258,101.67065292965002,103.19244401614387,99.57024322999847,98.85494582253608,102.30678467946224,100.51172143416497,106.89548078378489,99.58494701564088,104.06543756626016,97.14760440356908,97.44025915143071,93.7030160542637,93.51692983007976,88.3501177552904,84.4644367867111,84.2760090414005,79.72387434441289,86.0382369041296,86.44474027170595,89.39613811591491,92.24755881348442,78.71714527856422,57.616371962568806,64.12577903072321,73.22719586084982,89.73117121768047,93.05714386170706,99.25810306297329,109.38630248327233,113.27994789848991,114.98766342594647,112.95703317922806,107.38104711150162,110.1724381234045,109.85681232826555,117.57972267322505,114.52027918297249,113.1692246910831,114.21038338281609,115.92992572310474,120.82441988337911,122.05345598580232,122.13676487644013,125.90287391951189,121.9690015974544,127.10234428022498,125.27138436653232,133.55406662583394,128.88869135355333,137.62772597795063,129.19309241088425,135.46992732216682,126.26248084523591,123.97683426467381,123.80176227914863,122.20307164365516,120.89580498746888,119.920913828982,117.66429573547492,118.08799733351393,122.11848666980232,123.02796754339852,122.81193086491132,125.64998001077595,117.36471646140396,118.2708349340174,117.8311071222628,118.72343497612164,127.45477849093128,126.91087843813948,128.97449817365484,128.82215380530508,127.27357537593105,130.34400966879377,120.37126327968501,124.49535098557898,118.27970568883184,123.94375117011826,123.65984306194838,122.15290547305968,121.06789767619048,131.39249132634993,127.00586537835748,127.74366297878444,127.97741328199135,126.71110637321313,131.77011238985952,122.58363027102361,127.53448661811021,112.43680976273576,112.24444158196172,122.63738113086524
2022-05-03 22:26:41+00:00,137.92818877748454,103.13558269610981,58.816821497471025,75.83010281343161,96.02164113228716,121.7978936768515,139.5588850093975,135.60684751419166,134.76487461140073,143.3151544001376,142.2729926409839,115.92491148430493,107.77140641080015,109.48758863930556,115.85528281200322,121.61262336775994,127.26033559922756,135.99378261462653,149.39812251935018,149.7884962814977,139.8388264309694,141.83455593246777,142.24771774041858,132.59491630369754,132.54403813591668,136.92756825645918,120.36055890729946,116.66673491660666,121.19179866057249,118.37699745070816,128.0981947158269,127.24157900296856,125.54444020334209,125.89175708381876,126.23955190840391,132.1686246978235,127.5204416309895,132.22564796622189,133.9448908728835,130.77518166485945,132.069202200494,132.31385367884408,133.61534533470197,131.4897846067859,133.8642421425852,137.58851214828795,134.25796337066726,144.1966100240139,142.1358010352007,146.50687179728024,147.40058420051108,147.26446665693726,141.48202779422164,144.26780241234903,146.89344784816905,141.61499470101586,140.26807903664894,133.33464955032602,131.6011751524138,126.69165948220389,133.31901264536316,133.36382639869606,136.61285031297865,140.68740432148707,137.18819614681286,132.79550665481906,132.93518215500032,132.78376393408607,129.91177265299686,132.6013278211742,132.179837448764,132.64672999478228,138.12557419099488,142.1276066703053,140.5120798045385,141.1256584616749,137.17816867930847,132.00865659989307,126.18426864364004,126.36452505090296,122.58144514528138,124.91396741711945,125.15688453895866,128.9077115418723,131.47241707223696,129.41376338297954,120.97123202706676,118.37898801948272,114.9620416546065,118.59558767153801,118.64066229040277,113.52831440083288,113.98311847096676,113.02567279312625,115.29168695983803,116.92764496841204,121.05855271994955,123.42351966648546,123.88748477208365,127.01161645087903,127.94325239706082,123.24080684781654,120.91985875447794,120.69172304667877,121.2772700819402,118.55120070603401,117.88292363042001,118.03636692040311,119.71451183424087,119.38725275842398,120.46347248421247,119.66603330659606,119.84338194241577,119.20131719929718,116.5468645883823,114.51701712672194,112.14207849825422,108.92521384038473,109.0029504524561,110.67511426327997,110.20889864557651,109.56769989284982,111.69138484230214,109.41648514380967,110.66984958587592,112.1513459754927,112.16878267639345,115.06060489486221,122.44796476710812,123.92702835733834,125.77494996812094,129.31210664055808,130.31059126854274,134.71100245042894,139.1650294775639,140.51574582268012,137.36417619427624,134.58069541012335,134.87177401247786,135.39379686740347,134.34689878634225,131.13221614061376,133.47754659610692,138.07640257361464,137.28060179887058,135.493054992599,135.73394821874987,137.7068130208553,138.50552248525764,139.69590724724455,141.19326147393326,143.22421110455747,145.774275695436,148.38234921581068,150.12495755384882,145.6502811476302,144.44476658200807,142.64179102918305,140.89320338489546,142.52058389766393,141.65528786060634,140.57859043441056,138.48654875004388,135.38232793426548,140.35662376975003,142.15842678586947,147.24805654002185,143.87261829429752,146.2591120891357,140.38851117265452,142.25046665426495,147.30825914233432,148.4729120015587,147.22081213509813,152.16604000740884,147.0643503760699,151.67192833625438,141.46440052435503,140.94075740838076,135.33040628573428,141.55141257180065,140.6613368033507,145.97177046352277,141.57976017218036,144.17295622938948,141.0466014411894,145.78877659838506,138.20012946075124,144.49080107901003,146.71056360169933,142.02189475408895,143.99543908350094,132.76376093370104,141.38216755752802,138.53919885675995,135.18677828944993
2022-05-04 22:20:37+00:00,,,59.442526938446534,55.48240873670271,89.62231328806244,120.0970079551803,133.13670732418467,138.49477935951776,139.04263070588254,149.16709713465613,139.8457587044681,115.1664400167637,100.75167449975032,101.7664860523296,114.80682080989126,122.7589720539944,136.12272394954036,137.18568212970823,150.59323190591817,153.59480108969854,142.95468072988763,140.8024341641777,145.59359346637297,136.54386506065936,136.06904042212102,133.68914751670528,122.65555470914364,119.01651104875337,118.8690053268595,118.39183755311039,131.93104878555164,127.38752491377312,132.20697440852902,133.45504083525745,130.29604294374684,133.7324113807274,130.5495294250337,132.50555643729,134.09678795846,131.3510353783572,137.329372364189,130.45871076127906,143.02024981527296,136.16914450482614,139.95199740272236,143.7269418365504,138.56698736702708,144.62156108131174,143.57126185827184,146.47017956128423,149.13627515071337,149.81080936406158,146.8590481596617,149.41498754522593,151.81758643073968,146.38794819068576,140.4644652751688,136.4931279527674,131.91500727213804,127.90975238182318,130.58388835298152,136.77537511468762,140.3941870245331,140.0349895407376,139.22967305896873,138.4067536620481,135.88029266378936,136.4183803076154,134.41448991220165,135.1407874622733,136.4384540612262,135.19035954210162,141.31265900025173,144.76437616118784,140.76342565498413,138.94221484404093,136.21330276116012,129.51765944440442,126.82804093469014,126.08971069003395,124.80382314057131,127.29053131032204,129.37953682597674,131.8420389453645,136.35197270295524,132.51601998211171,119.81498056017954,120.37703979978974,117.33589145301411,118.80439223261888,119.23494349610542,119.760638559297,116.04999505963757,111.31862805086806,114.43521131805927,116.66246152292936,120.9541172429775,123.23917312566977,126.1516445663464,127.30307825973843,128.3515842691184,124.581687608933,121.35930412872787,120.3398770274466,119.33794220249555,115.839329894402,114.8205615541115,114.53274945007044,111.79286205739866,118.13080542405763,118.76394699068136,112.22783595028504,112.34049210866957,111.9525831516986,107.58450192547583,108.91129102874746,105.8472912422169,105.25041656089225,103.35610252233906,104.19712652578063,105.33902496798507,103.2740399080946,104.22880181504031,103.70712877896091,105.67206816462293,110.97394078530343,110.69958515910645,111.85869564597543,117.34332342352178,117.98681123799062,118.33944211603246,119.61110285233866,120.75601497459735,122.77130411311397,126.5731179307718,125.14552886929563,130.13098356109444,125.30140187551538,122.96389546641896,115.0652675580281,117.11340884983682,113.02579936405793,118.78145770237212,118.3731862055839,118.13694080859794,119.51288463347066,117.470462839519,120.00962826057001,119.5508881756953,121.12433398420258,121.48694610125071,120.00854916269543,126.74194523725835,127.40758348713895,127.66855737941871,126.43449859796472,123.26452207339813,121.56645220159886,121.47694830183634,121.95061753304986,116.5193398392303,118.04556448182936,109.96064631106898,112.9084064434878,115.22669138058038,113.96088310896171,118.85004420656274,119.63136850226212,115.21716205951576,114.71538536909368,108.09570024787847,114.2880131235901,119.83731744611526,117.40489566853365,115.54425391875287,117.25409186487116,116.31460513444625,112.10919910199168,98.05940531482175,94.42128164815172,96.6186765596731,101.90070834652391,99.64811292048353,97.14750720107489,99.86333964168763,107.40607393606606,108.55841720233633,,,64.01631305512981,67.77307125198982,,,,,
2022-06-05 22:20:51+00:00,,,,,,,,,,,,126.70742807410399,107.38829964265564,89.99645653454247,98.22122182614464,122.37591559039625,134.12862309986306,151.8362384646797,148.63148185743515,144.4204707183704,142.75422425614332,136.57318644666293,136.3831967151583,135.3969942354306,132.14511401964222,125.63855110674116,124.4889636377099,123.98306426622922,116.87238322161852,118.5894177013414,120.75001979778418,130.05498089074806,128.62256600037324,127.7703658331236,127.79056604509535,128.99476004220418,126.74753882057071,126.63156376460408,130.62096314844902,129.3540405570148,131.56804381360385,132.06664147994078,134.9357638946469,137.92054463019127,,,,,,,,,,,,,,,,,,,,,,,,,,,,,,,,,,,,,,130.01170682071614,129.14444320332365,129.1831170492811,123.63485843421547,130.2010149377527,129.14626793016546,122.74035184903448,116.59432376086873,118.375856604071,116.55480814037738,114.9025388630924,114.1856058355025,113.98963986284545,114.26992185513863,115.40258916562759,119.56462467559598,123.79387193415437,128.097251589681,130.70832835588763,126.67965072381931,124.97473228349541,119.45440139423776,115.38365888326435,116.40847631333149,117.94375173626788,122.53942911311036,118.18964262482514,114.80291573879455,115.85651537633505,122.93303313985747,117.43133203642807,118.38983236504048,116.55594891426448,115.64236043935267,112.08436883061508,114.57180293551127,114.70771069274318,110.27566554935468,108.06368383650202,107.90855261566503,113.28821513325732,112.89150535323557,113.58172656618156,114.09738550343768,118.60830594188349,117.3421435508738,117.80571407976151,122.1738331750588,123.43263828083744,124.8342452990391,126.63764427092117,131.15132618854147,135.89271989682516,137.2188508989773,137.3254267398397,134.35070882134383,134.47098047099834,133.48760141320764,132.54412041245985,134.38067220868803,132.64579877230884,136.14949702397917,134.84024653124322,139.35593347193566,139.84468700009182,137.44609533785456,140.01893775271213,137.24337700711703,136.788210026114,141.33174439366826,141.51228184051033,145.418134959526,147.44175544818233,146.81380032666877,143.6756810901327,141.7532138088264,144.7665331179675,140.06153747607203,142.02659017907172,140.6374671403935,137.91926942712712,135.20528071201412,137.04785735398397,142.34143225070846,140.78137273429624,140.40631591436735,141.4493473045242,140.17659823490717,139.39716393740042,143.16200041763645,143.27164454879406,146.49680370140828,147.75363678579646,149.3383311577457,,,,,,,,,,,,,,,,,,,,,
2022-06-13 22:20:23+00:00,112.86966853805727,,,,,53.87736277677374,75.33066785436658,82.83734071473451,80.36643179060937,94.24191427071617,88.6447649015182,87.02530024613272,86.85201775488997,71.18229288151285,,108.03798410956342,102.56875117165333,115.26591266100459,122.95939458780585,116.63439647743323,107.15194116602069,108.79157940802605,98.28601502143131,103.51002527579784,98.41933101031549,97.43005513080809,104.0674372143351,100.359738616306,97.01161072899659,89.72666424656289,93.03857685172046,98.41295413273718,102.24654853161171,99.1285234622029,104.66761870434304,105.22870428827929,106.3648386935685,101.84928346701578,104.44033123632549,102.36401051580717,107.43602265711371,106.06629090630794,111.92572489034953,109.61350104470179,112.42216260786033,120.07775851743119,119.23878001619198,124.52787652233908,120.49989335525557,124.12787638991664,122.60077612345528,122.33268242766205,121.90394232562313,126.81314735659309,125.398988139211,125.63393750012513,114.00832006562943,114.8785485705985,107.90644871305506,108.8041229356198,107.41279888212387,109.52355112792733,108.33906284916905,111.19400906764079,111.6061618245075,109.06514271420082,106.95083783711361,99.71813296120771,101.39900635599821,99.00443402046722,104.29423416196849,99.55692237228232,99.80922959075328,104.8002506147399,105.14091446786276,107.1446039272126,109.79196878966165,98.19177415683016,98.68587622430124,95.09884026236489,94.67560792945753,96.62353819629047,96.52391044380953,97.25225365210738,82.73108922818642,,,,,,,,,,,,,,,,,,,,,,,,,,,,,,,,,,,,,,,,,,,,,,,,,,,,,112.28449626158569,109.22156974919811,110.51414081675667,110.20139208656047,111.98372941356294,109.63658707711255,111.69166553563335,115.61746048584794,114.59292445932215,115.57267712582853,114.73271627921983,120.97048684536942,122.33866830358626,124.62578909721107,127.12350716039577,130.0445090973266,132.02226915991227,125.84091607930883,125.71829596173087,126.13386363004626,124.7995014227338,125.01942206839276,123.4197653320846,121.1930212095217,121.7760349372276,120.3732675712666,119.3501629741094,122.30492513256986,123.43235523727117,125.60755228272004,119.3712918119128,117.42555933874667,116.33416411654856,117.88540365147716,122.49364191279932,126.59434788242831,128.66944525580854,128.95269852928604,125.45957825307099,124.2249836810791,120.97623819098298,117.2974588612923,114.98157009959927,119.93241048582958,115.01474160051492,115.1704111286925,111.77288418983751,116.98457215188047,117.24494988836818,116.42354658272357,114.39529098304538,116.90836839617131,119.93132978345334,121.59180615353671,115.76242055751823,113.37064421657638,113.87677970569156,110.76200505990619,113.24433872781293
2022-06-21 22:21:00+00:00,153.24676997067155,126.33028657115304,,77.86234268768955,90.7311408913995,106.32087253905611,140.12370620407495,144.84130745243175,142.53883712190427,143.93129767223468,134.72764253024792,140.79701890786197,119.52069912781496,106.088113890942,110.1052033000752,126.74249195861884,146.60655698432893,162.53130348351607,160.36088841271837,153.03568738271986,150.13962047379047,151.87186355972526,145.94902123747426,140.48292545431508,138.68504785991573,136.23437049401588,136.5122054413095,124.26568803771342,117.89661575411618,114.75578474030468,114.22651427900932,124.02908585650795,138.67990850145156,137.74461042010986,136.78054006117793,129.01045922530227,134.80691215660636,132.64647960819275,129.60467456912667,132.93197338223774,135.03449131223263,137.15515533433734,138.61703273397956,143.8330333912432,146.48363097877845,142.6303851902505,143.80508988004507,141.18957800622,141.9779803562834,141.329652232889,141.79476148933563,139.25797625762513,148.01409146608322,148.5745949305879,148.89676330593838,145.7909639801224,141.69732269365235,138.43271770538445,136.62141626949293,144.82677861888442,136.69130755175945,138.0618572195365,133.15253724367506,132.81383237308023,134.07567246735397,135.73204433818378,131.94523379974035,133.20090981765787,132.76737860900943,131.83640492033504,135.0309581671783,139.1303770840478,145.07408623852817,141.50228801800023,143.53530770129518,139.3934690572391,144.29915561974687,144.69487713038137,142.28755493921543,140.98258438552392,142.42614132822365,142.23851855022542,143.40496365741774,138.37044404745455,132.4595219369038,127.97804288133031,138.74685321764068,133.4328875340497,131.51342393727106,127.44722470310239,126.14392792876764,128.6406017561445,125.2210990075858,126.41891728172097,123.42864159931047,127.82936142269536,119.4019195886185,128.9453459259124,134.5611279725511,141.5506807022641,141.17517410921508,138.82523298485222,132.84301316605328,125.79997264752657,126.30530446930699,128.17899985362754,135.49794550672686,136.6907523209398,130.43955894314993,128.86822087861955,127.24444043832668,130.8962185490983,131.53143672550542,125.49239250864954,125.07361112370413,129.7056666385781,129.9051234997048,126.99142970523617,123.57633500582203,120.6327221805448,120.67819327674995,116.89593547227446,121.97487410211755,120.4185246377211,120.294713714643,123.17944533520279,127.6118707063714,131.6888951312963,128.9790578329385,131.22411975721474,132.5838107971809,134.7476256115491,144.2477181285089,145.65424370713302,142.72341325678485,145.1822185260683,143.01004662327747,144.86296167219385,146.06752376230412,147.65267460625216,145.26863512553646,141.14661121504955,144.04398594715065,143.54028671651236,147.0502952243996,153.8002796743375,153.99243066301352,152.79769077537807,151.70972194433142,155.39739045812655,155.62318992168508,160.88702615613389,159.6775856634779,163.43386974124581,157.90315208151364,154.60471604757606,153.45804527185976,149.0369270790151,152.3669708793441,152.659171723873,142.93360081342388,145.910921365187,142.77722759152013,145.15262974344083,146.45084910632954,151.76885773755706,149.67670147710675,147.57709505711722,142.1465988105741,148.91178188366183,142.95237672541074,143.97682576035618,150.96442831336375,153.76221537342403,158.47235363684595,155.79491604585508,155.89263793949058,154.73039945089803,148.0061844588171,148.4421728715921,143.51782868281973,148.6375070728322,150.58660970873188,156.15266496797253,154.20408859822737,158.14962567432147,155.5776826100387,156.86169613701378,155.87475309148454,156.0938076966706,159.09124670235235,153.75053005787115,160.77607300044664,151.8739502755923,154.12943924299978,154.71246117358564
2022-07-22 22:26:54+00:00,126.08482851064916,145.93539647839359,117.89969671701792,116.59264206500626,133.8401034399017,153.87647864918756,159.6478179840112,158.87045935445644,159.1310228036604,157.30963635018915,159.48755307794482,150.61539718075443,119.3067830955923,113.23473821421483,133.22484692460995,147.5383294729731,159.0367817362741,173.9861553429423,170.86159399769426,165.8677854433833,169.7546279193934,166.48994212776876,154.94978140754958,146.0452082444601,139.60036182940576,132.90630147251747,135.337789091514,132.30036004666135,134.92537341981605,136.51874961270426,140.74380276952212,134.1560100799167,,,,,,,,,,,,,,,,,,,,,,,,,,,,,,,,,,,,,,,,,,,,,,,,,,,,,,,,,,,,,,,,,,,,,,,,,122.99450017225963,129.05814416321397,136.6769554887139,134.60711846440066,129.81295027556186,119.50116743868277,120.95414161204981,,,,,,,,,,,,,,,,,114.58851761333315,120.52815923974708,117.97590604949744,120.59230904510437,122.7405373576873,126.17900094024,132.41983379819558,134.24962183175091,131.71773681973318,130.9035759881449,127.06489830026902,131.97531857052408,135.95870052559286,131.17345159046187,130.20072843494677,128.19110968535378,,,,,,,,,,145.64783734704832,,,,,,,,,,133.59551283318564,133.56857824414178,133.58634412514957,136.79276877372087,132.7765222331794,133.53552013621476,127.94447756744388,128.36988039618078,127.957633460207,132.0244652960394,135.1942193321314,134.83927875732735,139.72921994120077,138.27771012390232,135.4880807471742,130.32884586683903,128.844652685331,127.51954584862713,122.56308657191217,129.57503227559513,130.49910173808408,128.45298107795008,131.72496017267852,131.8491154862041,133.75109390582605,131.48282800241313,138.6328280998939,134.23628069209568,137.33941516348202,132.48473378212515,132.52215981454265,115.2707744049157,121.35638749716965,125.78953924610146
2022-08-07 22:27:06+00:00,147.20095454174214,139.3602876292272,110.72531534995971,112.01868357915377,133.74507279019238,147.6370396582654,154.63701077953058,150.12204581354737,151.02576835067384,145.06160561886443,140.14644404074855,133.58064282913443,102.54656275680641,102.79330482281662,115.051948202024,130.2119601071769,148.70619144740476,161.12908999189867,157.72210094028867,151.02629105622768,156.90238266695303,155.43763469936792,144.75043177839717,137.54178522124093,131.9342400151273,124.05869100372529,127.50577246156308,121.3481776768089,122.74386951935422,125.12152745939262,129.9185111907125,131.73232041352824,128.2143052681368,128.9079661803033,127.07494079092012,124.63696427236191,134.80954857711845,133.04411780176946,128.05385173761437,134.28452614485417,139.28161990781234,131.61825350096936,133.20203505963968,140.89382461735963,145.5849984805949,143.34923463639083,139.77631498463904,134.14984372835096,138.77355293625777,140.81704470038503,142.34746051324834,140.78471014588447,144.4335465249912,143.26884030258424,150.01502451563104,148.20743497437223,143.26346544268418,131.0449794265569,127.10337060261847,132.20456704169018,137.6456213742092,138.42024317693205,136.18457974746872,130.806413141399,129.4408395454768,136.96917920786302,135.29221537233232,132.56579363496948,127.55990160791187,129.38647449018228,130.94347820422635,135.73594145132253,134.73454648839083,132.9528252352242,137.4962079201446,134.01248200391984,142.56310525059615,140.12242434236202,133.90080188531928,136.18738672127657,129.54313336837282,133.92382775057112,132.74719889482787,136.64809006040352,130.89499620203293,132.95581759580753,134.72220965298843,116.9838082713608,119.3070792687862,113.52494681909516,123.39734781341093,125.83596854245721,120.99605403245667,121.11638540620424,121.47072884209983,118.11553419168257,122.14302734116896,127.88311606280189,132.53435081168286,134.33455166368748,131.27700253339393,132.30794004550796,124.29731085103111,121.37286139817655,121.39466702728348,124.56998646755942,124.05750722669028,125.72662445696248,122.221667669645,125.99432578824464,125.83550200555092,123.20532406731598,126.0013191719465,123.32721335310033,122.58539603421566,119.80455522493361,120.3155765396926,115.76370888252032,115.81769686931221,113.27098075726607,111.24825939311167,111.1557734889794,113.46271955427683,122.2118564038629,121.07518122581557,119.12472262719334,122.15802214958195,124.45234759623133,123.93493388445768,123.70490774602156,127.76102121001205,130.37367696706258,134.08862396457747,138.1014308262751,137.20543609148083,134.9382586584711,133.3548011692925,134.00857618546786,131.94993908323016,136.30586998867238,137.08114895715124,142.45491101536706,142.06022380532158,140.06071869766572,141.2453202092302,143.9765947279553,148.65758967644132,147.21646426798273,144.1939109733441,146.18129716473845,153.75733959284048,152.73467818991588,153.70117015961557,157.55718484179468,152.71067370252564,150.22687897863412,149.49884405124263,147.9632458774186,144.75804108877438,146.44269811162513,143.42887543953202,143.40029297176338,141.10448101587036,146.0721161823825,145.25718139102182,142.26358820932526,138.99269874144085,142.41695312524692,140.51846707971987,143.77279530745983,143.14255672417167,139.64930597031886,143.89261095468703,145.19063097671886,150.9761627609192,151.85377852950086,150.06678776995466,151.08299104299022,148.2215543828627,151.94330615798316,139.3717881914435,138.8709248396828,140.9543463224345,143.41173830985335,144.61455993663745,148.59523519495235,150.22731973362727,150.16263410148468,151.92048367868466,149.27305164091632,154.99899739100528,148.56814448185622,154.507652745643,146.34115196192857,144.2542797976317,148.28803595066475
2022-08-08 22:21:16+00:00,148.74215901727473,143.2018177922728,114.36996358629933,115.59687508513937,132.43650901236245,144.4510020313054,158.81279241808366,155.91229199998995,154.5571251392178,151.99550719130644,145.67942645643194,138.64871319158243,112.04860890538055,110.34659098979273,123.66777644337348,137.93203161174418,152.80545299787016,166.44883501869242,159.8052848979726,151.65675735326414,160.67023470604056,160.27434695873018,152.03750267614512,146.88143122252237,134.70413338986265,132.71810278198762,134.48953499193135,131.77462829722515,131.29567156795434,133.763102797695,133.41407292507617,138.25820379041187,140.1360301116053,137.30858163768363,138.16471349881311,133.40221521014078,136.1571377176451,134.09422521024226,136.44080332443917,137.43354950770333,136.75719335288198,142.65738786019398,143.2075479399887,151.86773463479437,149.0908491497994,148.10862861791273,150.3984978113818,147.1802469603188,151.1222098615514,147.56427531454813,150.93271746302162,152.98837265512222,151.9682933723109,155.17550693788175,152.7659163039601,151.58416168386077,144.46285955129997,140.2586364901535,136.36745219986565,146.67123850457276,141.69613459246443,141.83240655910126,143.9376534154494,143.87862725118944,135.24912601926655,138.95572100108006,142.13115122997436,141.90703742386913,137.56942418022598,136.15700860713142,139.66876994529952,143.0676238752067,141.52539681622605,139.2802294522133,140.18061027843498,138.91110298901054,150.0145637185873,146.17849863367738,144.55208663489356,144.54428742247904,142.16492593259508,139.29030942536738,142.19400778416025,144.40212133644616,137.59216368432465,135.07328437586065,138.41984549612923,132.18571612547586,130.65601517875592,129.54940821581528,129.1399494893921,130.24708446915108,131.23784738466912,131.2745528263592,125.08127033310294,124.73644221901918,123.86566718424628,133.2189467975914,136.19705007663683,141.2561537374736,143.2230008435349,137.9014740340646,132.99904338539721,128.02729088438022,128.27201694091679,129.2543369992659,136.36308484888173,134.65819170373666,131.76161712337282,131.74956599194954,130.40663927958258,132.26158803685712,132.375618482285,127.59507811174464,125.19998554453946,125.1492160556975,126.88153572498433,119.1731380743636,121.45963558124839,120.38832248646203,115.38144818896018,117.09872639231362,123.23068522219486,123.04961351821284,124.3012023590458,125.84246989000648,128.03266248678102,129.139085679946,127.63549385010027,130.04558224723476,135.7583481200928,135.9316090809605,141.697605293336,147.1994245921496,145.1978943451067,146.2474597594972,141.0891417357452,136.99908417198566,140.02753494794547,144.72538909759325,146.478486574453,147.02815693617083,144.14028913471392,149.34981484184758,148.12260858214705,155.0303085695748,153.49332592292868,155.2505291086161,155.6175814051286,154.05699379163764,157.20166257580107,159.0303641002809,161.89366418237267,163.05837128012604,161.45079759043384,156.46898482641532,150.32793952366495,149.38613087198368,149.50412177397286,148.976173344703,145.88153318651138,146.9773307915858,142.09080122670807,147.70898647564923,144.1536554026066,148.50032126950487,145.97447972067445,143.2054284439778,144.28552437457517,151.9451128860289,141.94131477905938,143.6155668413957,149.54980849874045,153.4154348275677,154.13064653564408,157.95197677580705,153.39093609476024,154.88030707790784,150.50482715615956,150.26656531920153,140.51777402171834,148.773681106522,146.04687904473144,150.6314623440155,154.58096097828715,153.51144521239095,151.50045092062166,156.19459137802974,155.50982355756415,150.33709027738297,160.6117065783538,149.08716895648905,157.61023508524946,146.7719643575984,148.96346626934027,149.25332980601476
2022-09-09 22:21:23+00:00,138.91238479283348,90.15876393691043,78.29655532359426,90.8891641221992,110.52838819207886,133.40837557805384,145.92730755089937,142.84770210413325,145.19703391315662,143.50064468457745,140.32972332257023,114.19864577145192,95.41881895358866,98.4841649786487,105.64188384044483,121.43657634828952,132.22542727331458,149.68442692703616,150.60405908046755,149.2165168809656,146.80569040371833,142.59183419488787,133.23532224756457,129.725601712427,122.23519787871932,119.00272559394236,116.44307803748069,113.71081768897902,112.4305447680883,114.66833288595897,114.17966189976133,116.0558675692478,120.37376907702004,119.49980453316483,119.68124940180077,121.04126184886515,120.11359276382578,122.48593698460654,121.91069270869785,120.11204027534616,120.6270522242853,125.06276108350596,126.91769296161094,132.76802102673702,132.20536672219322,129.99706230223066,125.94547947773222,130.04850874745802,131.53960117194612,130.8722378003586,133.5689409459792,135.54240939652266,134.50288013702135,141.06012095246115,143.110037479117,138.51246240313318,133.8791384392915,128.78099938426294,126.97514419498499,128.10483225986718,130.49845065419018,131.16269710077634,132.0290115357344,133.36912007610655,126.19756383607789,125.78805024359436,132.72537941529814,132.28834031321426,129.01378647502412,123.73688458379316,122.10819677881548,126.01320805534905,133.76157047133947,137.00497153209076,134.896969572705,132.73647826044748,131.79649462564228,125.88737134273018,121.83168136763328,123.45218834272738,123.4653775700789,123.94807568740401,127.19769109190028,129.87008951082188,126.94928568614151,123.85208049135595,122.50486869390849,117.58407179871033,113.97638284115088,115.12443630107192,114.92754708960578,117.20158038989617,110.46504746747227,108.35078739471255,107.45903559605928,110.46814311880598,113.16794721343769,119.75014767811109,125.91878437995477,125.26572053851557,123.15791592379097,117.20581951086501,113.97643644882784,113.92698617687905,113.15074825779432,116.75355114256291,115.12589763945516,115.58053087415674,114.78639980820776,116.77169449706821,114.0633220896841,115.1711386168289,111.1288040816374,109.4574932434723,,91.09655327857936,78.79588928781334,,101.49414810029883,104.6995662782634,102.10055265077197,99.81248085195597,105.44269797377876,106.369779565776,109.19851793623272,109.91341840897466,113.01393555300498,114.20651431202158,116.4048320622579,117.84350811599724,120.97842284192657,120.52139472788197,127.40132218903577,130.8767541574928,131.42113402957483,129.26602163394674,129.80348729098935,129.77856351168248,132.6887612400823,126.50468595657954,,,,,,,,,,,,,,,,,,,,132.24255004824386,132.85833631538733,132.7813523821626,132.11320621873537,133.81831080424314,138.00375140779732,137.07244320873278,139.57051614242894,141.2080907284774,137.04201217235942,136.42953659920542,138.10719478531925,,,,,,,,,,,,,,,,136.79354736803393,139.19157783448006,138.66066621008127,137.48911399173133,136.6191201505607,135.61008722369957,131.64803606597772,134.32125860713785,135.40741032229937,138.88534363589181
2022-09-16 22:27:36+00:00,128.41008754560403,82.08860485594944,57.14186021691083,66.19307101356988,110.69029557665915,124.14031004919713,145.85930320144126,139.06220117725476,138.6068591092059,132.79481103530088,133.23624269129806,118.02503944473445,99.95615271189496,93.95460164703708,105.09512718059568,120.53402945302695,130.0277016163608,141.90689274350763,146.09095446784335,145.14797469793172,144.39506404764063,137.07507155095377,129.42425738339006,124.46234461432952,114.66733872651308,113.03562157042626,110.14456535374856,103.22999004300168,102.20892800703712,104.91916261258554,108.66112303667092,109.69233746733266,111.7273766729916,118.04725626339018,114.40972565412649,114.23936450371195,116.23419028767128,115.92752284626343,116.35255699337611,114.68125964486651,113.44958091899683,111.20369171749273,115.82485403528503,123.25842618623892,126.51023621644205,128.0157340764086,126.60051667263899,122.192902475415,125.32932190994798,127.69804640505535,128.50544983619915,131.70663678512975,133.4265633916759,136.94432361914423,130.3526869601649,126.322304917347,123.33913981879492,120.64219786020595,120.40897507683864,121.03628112841793,121.95497393547339,130.07137121560552,128.63806771636274,130.74353163907142,123.64564223984165,123.05859828835494,114.11323522232533,123.24718237023932,133.47585808161892,124.21425761951716,123.25352062624287,123.99063150288563,124.13947272200008,129.25129770131585,129.49000035772167,130.76232587512422,128.92882504195217,121.93061511355077,121.16846030640258,114.41983676988029,112.29219998048752,115.38136000670738,115.45837130014581,123.4353876438029,124.34781051431928,122.42404042486207,113.61484845079713,109.00648609479515,107.02835642313222,107.84704969376168,110.89108073813486,105.21767432655832,103.59817655154217,104.16745147868473,105.5134548731596,107.8393248675471,108.39009050395654,111.13513659000286,121.7460931540063,122.52908031081438,117.39354110084432,116.31939459904204,110.94377683703668,110.76971893466907,110.14000976133613,112.00160457709414,109.671784146788,106.25849695049615,111.37927734607004,110.2286017311499,109.81991569263295,102.40640454041672,106.9566090983548,104.6393624536797,104.16673953087557,104.31775999576753,104.2737824622861,99.21613386165996,97.8693350355674,99.60289060975522,97.43445606195418,100.92206512477915,96.91208037846759,101.19297386870363,100.57049526404154,104.8317401792113,105.84452314172792,107.35640783217781,110.13384382497608,111.80780090107204,111.48647533685192,118.88531325052334,124.97346041761338,128.67559735357912,126.01437953024636,125.25713078456812,125.67830488952879,124.40667184486512,124.15548122226645,120.19726714810342,122.62181060289157,124.64104108404315,123.20551685299446,125.0770296347561,125.04715986608805,124.81053927904588,126.20049892172584,131.0358410649287,130.94772262212362,133.36607537498483,134.79325627183715,135.12329966774766,136.34950385277287,141.67490872310904,135.7304517821409,133.65660045367463,131.42394266445578,129.95551192724614,130.18094170092843,131.5635657694417,130.71238656441034,128.39757944347295,127.1242870340288,131.64074720796208,130.2572887347577,134.42993177958127,132.7066076225168,132.57309459170781,131.68938303920976,126.33888863868388,128.16079188864626,130.03206355175752,135.8884751932475,138.29500588525093,138.0920323961817,138.34957752208985,136.26075612879237,134.69580881476227,130.19415512007768,125.09146360431583,128.7048228552833,126.97420893008972,119.48749234949712,120.09535316969179,119.51068763993945,125.2287589210751,129.08552051640845,126.58088911727306,129.25451970284317,129.13828976943591,135.0702672637537,134.51835680436804,132.48817507574188,132.12621286195332,132.60053887771187,127.48255632214234
2022-11-19 20:41:24+00:00,,,,,,,,,,,,,,,,,,,,,,,,,,,98.72408460241431,80.20280785699745,74.21689634395752,60.619421834566985,65.90959873387722,71.19058115630281,101.38529899313143,110.85485328508597,66.2539790861986,,,,113.24221192251512,117.75550503914091,101.46636914796164,60.47861199503578,,107.84024101930294,126.00571948741394,126.71297211691046,134.54577885992586,132.6943515265187,135.5914781339386,136.48866411711418,141.65380074934663,141.02777160672312,145.98417365054138,144.27717138988243,146.50128487248918,141.83852197626308,135.24772819337372,132.85612381616244,124.94798701648367,125.8560795510834,124.55701313623653,128.003075509064,125.91344444974357,128.27888044354088,130.8964849526989,128.5102566038288,129.72010859811112,124.55013435950619,125.3767881246669,133.773590280547,127.27844477942605,129.6430052761583,129.9288561147036,131.08296066388056,132.2243764515145,135.20930810653203,133.96979190492524,121.60323714044873,115.56436328064761,118.32283601279023,118.66280872777487,125.17108275109194,120.77258870894727,124.49399518121015,127.34444081551868,122.11391163839005,115.40492018767456,112.3197965927544,107.27769601989546,102.15409746855427,103.18876762599216,108.15102283226447,113.82799833756835,105.30857975868584,102.1469149860318,107.25872073148147,106.38846659770918,116.94766654546535,117.5233238461741,122.64423016743477,116.8539722752208,115.79031487602256,113.26564827608462,111.02707519001392,115.59613738411493,114.34363530559271,112.25579754981828,109.74763425285964,110.58081184970274,112.97830433834196,112.68901477502011,,,,,,,,,,,,,105.48760587397022,107.75044211159927,108.88651076483738,108.56143260868535,112.10594066276222,111.31380686204062,112.65900060196752,114.48801962703972,123.76606921212276,126.57675060069606,127.88903028321128,127.35753463124664,125.40137386111643,124.34880358771805,124.74055270046846,123.54172588783311,125.8446237748239,127.3344546698986,125.41322930640273,127.114009122091,125.73056296683802,127.47468557366936,,,,,,129.61356991027026,134.0102169881134,135.19751667191431,141.58583133958948,,,,53.12075832582199,56.86405974336285,,,,,131.54247225127682,130.29203448284264,132.54753299173683,130.23219957002277,133.70830299787468,132.5709650857503,132.96845743790738,132.76039132463006,137.873177416752,138.6480859417798,144.4910184703278,141.85383275318358,144.09583640187842,134.37199947585668,132.49958332220956,129.94094936632604,128.14763759306842,128.59930058801575,134.86717251862075,132.3345185352664,132.27899772582407,133.0777776270482,138.31946315077016,134.62859638214167,136.27530927619097,136.34714415867109,,,,,,,
2022-11-20 22:21:39+00:00,,,100.09737172398425,100.26805371556014,116.67753738259123,145.45114051833065,161.18015098672436,165.23808761248821,167.11124556521233,159.8571202262352,142.78705736679348,130.56522401969983,110.05923174112642,114.29037348398654,123.46194712506819,133.0415664001626,146.15793742761136,161.15325605792094,156.52725844290376,149.0615712069686,155.82033284606922,157.48425216978964,150.51500584866048,142.5850167413161,136.09834622172144,132.69665372128702,132.87969054830157,127.92660458179049,122.30323488958331,121.11861962915192,125.41208562733804,124.26621594950379,140.75610162033263,136.26072943033606,143.3662794330667,134.31535342386533,139.69561490215375,135.785700661292,128.78057841302603,130.30742075513552,130.57576857849952,134.91889812366216,133.85351738863318,145.84771148406995,141.39118576449957,141.57472445313675,142.7790901717974,141.46134166903778,146.73269452817362,141.51452018499867,147.37772896188528,149.80929439692733,148.6672536708696,153.11327591530545,151.30891629249197,147.18267172362974,141.983594265744,136.58471768264386,135.04650413764926,137.5528477895882,131.66571828663754,133.7015797038276,137.5635149756895,140.42778929877693,138.0863935016025,136.1513889421842,135.96106486772229,132.12361604133736,134.47698932426482,137.16149429999552,137.04879398933045,138.69156462940083,141.082841756423,139.7180346705929,142.98317390397781,134.55767287425016,138.48800501895684,136.08873116903268,139.03011161569844,133.79841813366593,131.67982768496887,128.96263954892243,133.4720150887252,131.71396121727471,128.89263017731167,122.84181879566663,131.50487573084922,128.52515772965464,127.42879756433808,120.7569450553746,123.90415806083493,117.66064014601174,125.88772146398311,125.2003392526759,129.12590689316193,118.76462060381512,125.73253778220698,138.9007349887843,138.27332013589003,,,,,,,,,,,,,,125.89576567873416,119.50781369547522,121.95110394255201,117.76477754343617,115.42378935264983,117.61616438059283,113.99362986682611,108.5994240445362,109.15276738347201,107.64275830660175,108.06384723564321,115.5533300069276,113.43572141294308,110.1542688411149,,,,,,,,,,,,,,,,,,,,,,,,,,,,,145.11318075500085,141.66245207529857,140.81887641974117,136.7954032937441,137.04543248749565,129.5444016517335,128.0398278250804,127.7699956967437,124.098933966979,127.81046547480327,125.59789098539922,129.33764417598132,130.74718800143145,,,,,,,,,,,,,143.77722219495882,,,,,,,,,,,,,,,,
2022-12-06 20:38:54+00:00,156.65688507836398,119.69411637742867,92.14705633345707,107.16986232166465,126.52826329885903,147.93545095992943,166.2718726145988,,,,153.6519875997109,136.27709439501183,129.30315965280772,128.53691221123137,135.23632674315456,136.91891926540728,153.5695002232254,165.92645977414446,,,,,,,,,,,,,,,,,,146.91692991731588,151.72866736405487,140.8498626889465,136.15279614502336,142.84402005855318,146.10145619822498,151.64075178277042,148.50360473975607,146.41999619785585,149.57988330039143,154.010369322922,145.82671290932893,159.6204441043137,149.92945633867242,161.5814949277704,155.63965590266213,163.9651236135703,160.32470556041469,164.6330929550215,162.94580343419162,160.06103234146119,156.61660935832106,147.66333043693413,152.40813194351125,151.17036388896014,150.89339110719814,157.70508274838022,151.60447893927653,156.10105422445952,147.73774103819153,153.1849600159854,147.25429104917225,150.13394338510858,,,,,,,,,,,,,,,,,,,,,,,130.0619952669586,122.13789093049095,122.61151889918223,126.818311637196,130.00163213997092,135.0501685853308,140.6226183347208,161.66841579507863,150.6671895373438,134.2117569363637,134.75493259418633,133.53945331806244,135.93638247381585,136.36453670669604,130.15293715083982,134.34406733706572,128.22799768095933,131.53518304125114,134.09465897270934,136.58633754414817,131.70932554764934,132.31364788921132,129.7099714681897,133.5188229524134,130.69386033090214,132.46137000018575,128.5847903802278,125.3541757611845,127.33253942970998,124.95749271091434,123.381550406738,125.22315260860444,123.4293960133858,121.95389008639218,126.68302363159434,119.16862987492753,137.6498273120285,141.2228611191811,141.91141323963075,139.09522605885073,145.95060026263846,142.34093265164327,151.96681248135906,157.9253478544585,156.79157165462502,153.10166687290263,147.8716731294523,149.95560246838292,156.28540784913872,,,,,,,,155.9138568101434,158.73078082574352,,168.86484885206934,160.35982620543095,165.44606916967783,163.6218852831284,168.51984262706893,168.17846620534212,165.8585452885214,166.19326061588077,159.51444537881912,165.31299605472418,161.3821512583824,162.6180004906326,161.47495596223888,153.1643448618366,145.71800904103569,159.6979732428347,151.82290334370012,164.13394866474536,163.28910715957304,161.05266612346324,151.7544479873245,162.43619580547463,155.5456187994388,164.60600269090767,163.89663105400302,170.08318506360982,,,,,153.89570031683309,163.48524505552683,157.67797317606428,162.63833536242672,152.69036976394958,159.00879699390953,162.291261865811,161.05677116165265,161.95327474055762,160.4518919311897,171.44037105541005,158.65278624402126,171.69949786537617,153.1224792154456,163.114375163885,150.96200376292603,157.3288919046939
2022-12-06 22:21:37+00:00,136.24407003588826,103.69802174998432,70.9314672553046,78.06956869237604,93.31685053219584,119.47392156984553,143.74367595932858,147.55347428432833,149.69989872449554,142.27418799842084,136.11982707900899,117.4952073043752,100.77925128317692,105.97140338865556,110.88322634518576,116.49271310446217,125.79577668151329,140.09938325028565,146.62404253212424,144.50492595204946,144.06843500324004,142.6247248276553,140.0373721511842,127.47419737466092,124.74372078843857,115.5960500914265,117.45642066217431,112.45999278772597,107.46800553606366,105.9986523361594,110.83200388196254,107.85021322113725,111.7302212093179,116.1981179808172,122.39722327229191,118.99700865003395,119.17191459962832,121.72420999865507,117.97049179226745,122.14675400838702,118.93645479475022,118.6835945917941,121.66996443215751,124.89952466116566,129.09042565559324,126.02418839473417,131.40670130200817,130.63652692410128,128.941993249616,129.3106407172968,129.0741614984155,126.50365999523999,136.87055789865565,130.90480038128905,137.83075825547883,129.67109998340086,126.38915748543431,121.84814758672658,114.20193817947428,114.70752273529901,117.42005087990682,122.4147582571512,119.64703593656964,121.20819487535024,120.84905923178113,123.03599790407075,125.74703523677984,125.90068146416283,127.70055754002179,129.71025907925787,126.04926495017385,128.76344091588297,134.61224447218711,135.75902257378732,131.07522664062088,124.99845521883988,129.98714259387316,126.55317286761827,119.65045851599687,119.00295945363091,113.51428139062408,119.84635749556337,122.63979974171123,124.24371442735878,119.21443921451142,113.33856649211799,115.89963123431829,113.5132855623557,110.07357289278805,111.0438145420937,109.73588189052971,109.00365851500746,103.41633586581379,104.35590684907503,102.79255536978796,111.1503153579857,113.16743045325867,120.43141610253984,121.18665658670517,114.42807911756721,110.43741992599892,113.83719190084008,113.46051276458208,109.11651443658265,110.56117410667953,108.42060445807948,109.04417237536065,110.15934973225086,113.86572326388278,112.52849338003338,109.87195944352699,105.54748341439699,107.44885965793137,106.58678151224737,109.97018010989649,102.81639610150164,101.17664964337781,96.83631627056445,100.16103078509275,102.81358908600535,103.191565005715,104.0309219520129,105.77641675564139,105.5715249022585,106.29722817920187,103.92768170423606,109.60453849726177,110.43952059848618,110.49725081207498,112.78786911477528,116.71400637052643,120.57252134018431,125.95933132234585,129.60128681786557,127.93123459377166,124.07194774766306,127.36460593749979,124.05632794329252,125.88002916497511,123.15762229933705,123.67609847812821,123.33629208906443,124.51280182893039,126.4123320120291,127.47574289065123,131.62002373494974,132.61569877404744,130.54625821621528,132.5321158446988,138.03611463267924,138.7692943194186,138.1205005441232,141.5876091551798,143.6392601456038,144.1585086785817,139.11776597899348,139.30406186775204,136.9797859621392,133.81485047530828,131.66287704543106,130.1162822857293,129.17988010982702,126.34479965092773,130.6556933546703,135.78340804639174,134.85526852492347,136.1342230340993,134.75518227696836,132.6312164952689,127.75408410335696,125.76624057545561,133.6630593527538,138.6411751325938,144.45569261349718,143.39911043184415,141.1001433363684,134.24755411928615,135.91510581107624,132.00953773358134,133.09846966985805,132.18201505539963,130.15235913534187,128.98213687360175,134.00498076919484,132.0050773641409,131.39611958296865,131.10403484422943,134.08246165540695,132.9335758775788,135.47909665932437,139.13573238281774,138.64466435496178,132.36443304105012,131.18841174603057,128.28944997632777,133.90118914810023
2022-12-14 22:21:16+00:00,,113.99484308769412,86.99271176230971,90.17854818374906,112.40020678915194,136.14642940411173,148.5393654528045,150.12568930955126,150.5818619394534,149.59941977247672,138.38653634895866,119.49922717802038,105.89267892361691,107.83335255248255,,,,,,,,,,,,,,,,,,,123.07696980216558,124.4586563703219,129.84308479618875,130.0459352026617,129.98424826351308,128.71133365534098,130.74234267250316,130.14984592440427,123.7919877988142,130.48255585046675,124.93344055358243,133.46603950293158,130.2644455132644,132.2428522328866,129.9397564321306,134.4175881506573,140.50381374628637,144.19564569259953,142.87226661085242,147.95814776474572,147.9109592921379,149.17700837865826,150.4745229246638,146.36532267159077,139.2656468246361,134.40781846953226,129.19615736576898,128.31299948169797,126.62868837925167,125.53246481661876,127.95208378676598,127.71363720100044,134.8538768732747,133.58354827455128,130.1073494074462,133.1448643998461,135.32579149792758,131.71884044304872,132.22328735675333,133.43402820138985,135.6726097675873,139.86538296379263,139.9168222647881,133.19286015453395,134.97647465896574,131.38751838842396,128.4335675209582,124.22009970150374,124.03890217969754,125.93227503926569,130.4016545454145,132.8677492338527,131.17370102834602,122.94395454257884,,,,,,,,,,,,,,,,,,,121.05392719633065,122.06044230399112,120.74207864058914,120.40576819670783,120.10153141497713,,,,,,,,,,,,,,,,,,,,,,,,,,,,,,,,,,,,,,,,,,,,,,,,,,,,,,,,,,,,,,,,,,,,,,,,,,,,,,,,,,,,,,,
2022-12-18 20:31:12+00:00,,116.7766198016689,94.17703388755976,,,,,,,,,,,,,,,,,,,,,,,,,,,,,,,,,,,,,,,,,,,,,,,,,,,,,,,,,,,,,,,,,,,,,,,,,,,,,,,,,,,,,,,,,,,,,,,135.97194875590006,,,,,,,,,,,,,,,134.92013155047647,133.5233755004839,136.42032733590267,139.6558357435681,137.18349682846448,133.00229862224884,129.26998624203455,128.80750452817767,130.44507913060843,131.82131177334932,131.22286584106405,,,,,,,,,,,,,,,,,,,,,,,,,,,,,,,,,,,,,,,,,,,,,,,,,,,,,,,,,,,,,,,,,,,,,,,,,
2022-12-21 22:27:21+00:00,,110.56909307908003,88.79449266471707,98.63205003700338,120.31152712985244,137.2611278814339,160.55776685851455,159.89200946941725,156.6506699702743,154.94730563295238,140.14271237727502,128.3360524220383,108.9859137232418,111.08610026247418,122.13367919667748,131.46721092574106,144.758547341947,159.8701149600637,153.9660385222209,147.11383978883683,154.06262154725658,149.56604219298262,144.73258490246667,137.7624890082167,132.69351140301433,125.87614135595673,125.13216218414532,121.1741419839596,120.56017121596568,121.14455787787048,122.25244833784784,130.42767940399776,133.13674091610983,134.34477954004595,130.98180060788883,128.33372781063233,129.44470517322492,126.61599459498085,134.85160510537736,131.8446465414833,130.46868262236578,133.67016360181105,132.45459570996545,137.80219174395478,139.5498408368908,137.08674276781286,137.6618681884801,133.9947595652947,137.95794809607008,141.81996208776533,146.0801139916508,147.67278629681536,149.80731122690725,150.28947653871919,150.15109603016077,145.38334596458554,140.6434735225475,138.0124497480894,132.80619966985128,131.88649790669803,129.91528752121815,133.0239550303958,134.4160977125041,134.86310408427047,138.42978890892624,139.0869319090096,141.2069042642603,139.4540799698621,138.09187248299153,139.31611614082126,137.75296476171957,139.38949796818525,139.86064955483226,140.59034891959746,141.34136368242804,143.22693496783597,142.08037072644905,139.29633625469822,131.32297263697762,127.46229444318632,129.7363796775808,135.21452021793596,138.4304055187618,139.23314471848877,134.52184545093675,123.76255476777521,125.16403391524229,123.07400071776084,130.79621321431048,118.30003237307923,119.13080961969271,,,,,,,,,,,,,,,,,,,,,,,,,,,,,,,,,,,,,,,,,,,,,,,,,,,,,,,,,,,,,,,,,,,,,,,,,,,,,,,,,,,,,,,,,,,,,,,,,,,,,,,,,
2022-12-29 22:27:24+00:00,144.52961163446147,101.38465148105885,74.95500638773092,85.85296240350515,111.30967611765146,132.15216567565503,150.00510774836397,149.73100950278805,152.03147204075367,147.25885547417792,135.07804553521353,123.34715345120985,109.00569834694798,105.92847355898742,113.64398464766862,129.730669241145,143.86336189707964,151.35205723357137,151.31381720366798,148.14823262284742,150.89418130506655,145.60735776555606,138.4221366024301,129.6108518621867,126.79506181094983,122.7968896248254,119.66474938695279,119.01004406567587,114.90986537482273,113.26069185515958,118.3120192617881,122.83412872814891,127.64118060240895,130.09047578061873,128.52942542108673,125.7735935149919,128.7534702657209,126.8311585618854,126.83143644476523,124.9617276973155,125.259671822845,124.87165482217456,129.95894808588392,131.23184426720275,130.54974917225303,132.11534733658328,133.33373216597317,136.3468097590976,139.09812793946728,140.22632442102906,141.4518122035108,142.8351567726365,142.9967186526978,144.7062540421842,143.51821202867853,140.48336496597287,136.3028731371335,133.09158893372535,130.27523540686175,131.96309047830417,128.60886810710926,134.5652338868349,136.118890586551,135.85677894814194,137.12275783700235,134.69982789937566,135.23267873156402,134.35889502441708,133.6247937424075,133.0110264850196,133.1168208749356,136.7082830960117,139.47642832293357,140.5835995548315,142.0922616299949,141.45555587801877,140.92650007587403,141.35040326432863,133.5941899136178,129.27985596589463,132.06657239474873,130.72050654756157,134.14436817243148,132.21912909126493,133.10460753155144,128.24487643095682,125.25926310593053,125.7639933000357,121.30725790433411,120.59675393527493,117.30306103305325,119.47487028417729,121.31662012411897,118.79006440575861,111.11362673124346,113.73410693482366,121.52481746115532,126.93618072880129,131.48863606931286,134.43859092879666,128.30736466319007,121.7762416080976,119.79530594014837,120.04666516785979,120.27637470348063,123.53021469395564,117.79002273224349,123.67668001266208,,,,,,,,,,,,,,,,,,,,,,126.66233354288188,128.67098210512856,129.85887478809485,130.50373466510283,139.08957769967893,137.47011856350875,139.33604341106866,138.2667504232695,135.8494868021786,133.24092075716766,135.38443136947615,137.83772692976612,140.06692229348667,139.48640353466823,139.0086253372191,137.37387957499166,144.0269870947069,142.42490708852577,143.3353806991838,146.17006296379665,145.0438269120223,146.5254821548954,145.78554211535285,150.35087207205893,154.37708596633775,152.1221328052717,150.81211969001134,147.57690870264972,144.63825164306922,145.92879137950587,142.01225693344554,144.28079081979484,140.2900822612558,135.70909014137484,138.3527744168393,139.31151187317653,144.8528200091049,143.92121871991566,144.7697233240142,140.9105851037077,142.8611109517546,140.2710355255553,145.50430922571925,146.27838323658955,152.94588865060103,152.94718482312874,156.2413832654845,151.80301011829235,150.7882335398274,142.68013841946382,145.69010777263753,140.2054308710762,144.5531570182481,142.51594809429014,144.1856716020718,143.65600683878597,147.39540099832325,145.6167631224815,147.5965624002619,145.26328740626016,151.37276304850073,152.93921803035798,147.21100587059166,147.9263234752704,141.45302270332311,144.0202636760706,142.87702542110517
2022-12-30 22:21:36+00:00,145.59710186795166,97.97582632035764,76.20999586404261,82.69390568775707,108.08797853590359,133.32362432062578,147.42388236516308,150.08306002744743,148.70440863704778,146.7341387798868,138.6293527584747,119.77003801010414,102.02423111261794,107.15988733682154,120.94871134434808,128.08720416071512,139.01934473570873,148.53489969259923,139.71984490645426,139.67538289659169,147.9446932418146,149.70485207297736,138.44800401022005,134.70723073538517,129.7169144457325,118.11402061379096,120.1396576088997,115.23102963396028,114.86565507949632,109.282136331568,117.78678101116688,119.03075325971592,130.3103102353214,129.06185290130983,129.32944623652133,119.86314825377355,125.13599997277798,120.99761185919786,119.88938548526374,120.2801418159948,126.09841492750338,121.22015334628006,123.5660997989352,122.49623582446884,121.23702985773299,119.4353049732535,131.82725948472236,123.17727381848952,124.83399954965823,128.28708975389387,133.20062234890162,134.42603905051564,139.0692353983794,139.88572509685994,137.60863976097306,138.48684727093251,134.16015914289852,126.62419313451348,122.83545131424054,121.88089955273561,120.0641241535794,121.02518501328964,126.18947948724463,123.67296314820949,127.08134970463527,127.3794993523716,125.35013900020661,124.9072705503838,123.40182217134878,125.3314531484408,131.37349187909408,131.82251099109686,129.0239256565612,127.8217204953627,125.70870734062824,124.95422407514812,129.8079660998065,132.35459935986418,120.02854413325738,112.33514429820774,121.43760003082028,114.31093142580941,122.84020102880174,125.01428038998313,115.45886163359503,114.59126426296517,110.42037568634066,115.74202844981649,109.02800353306111,107.36286950511821,106.22147573481101,107.51897516876177,110.89284646164324,113.12076454443955,110.60231502106558,116.12949778905175,111.77302358790688,122.61541330862613,121.75867242915822,127.89636486226345,125.70267687101443,120.8708921905908,114.67512692629164,110.2273784023961,112.64659668616339,116.16834330697702,111.5740389377096,112.60494224135262,118.28536750798939,123.00309885186154,117.92972942768034,112.01576007154377,110.35041812851576,109.32646756787045,111.35417332043536,106.41685997988705,100.73454822301386,103.70997714752625,104.9542256298045,103.1213012304722,103.28486841430804,103.34038073956545,108.6673555833917,113.37829664229912,112.24676921567564,108.51466021415652,105.7615553124686,111.2089758247852,108.64637276488062,112.26638227392446,117.980277981818,126.19319261617845,131.86178699101166,137.83886086937193,135.54446731416283,128.10712703855967,125.74029042145857,135.24190732810047,129.4022851135736,132.44550924239056,128.22310987542238,132.38162876758344,129.18363721039051,136.58769440589262,136.13832632018682,141.86137209891024,142.0813717949825,141.92393050473103,143.36380149978805,138.79930814896636,141.554549614733,142.2415773232523,144.15456884048754,150.75550003589447,148.0886824117814,147.5678100461857,148.59773519347962,146.21236013286048,141.78511400862564,138.6375390377983,136.28423601752382,133.86689429501394,127.78520515573065,133.99486959780882,132.08455673634884,135.193805000521,130.98827074819917,129.75710573065217,129.67724466819232,131.17693529985732,131.2176218970847,136.43230090950223,139.99436386618828,147.24997951961424,144.53329413910362,143.97570424945,137.75533834587696,140.63649157154,134.3416092104675,139.33119949427075,139.08736652494403,139.0798171256535,135.04394405989683,139.1298182571519,138.68509346048177,144.80399974931817,142.47439942270407,138.43652376720152,138.4670231433902,138.3624641596064,145.85059030826753,137.98110305766394,143.7371338428042,139.3592749898696,143.4215947815491,145.72973953694853
2023-01-07 22:21:38+00:00,133.04515015097036,,73.83291649703797,74.87170608631102,99.3485757845914,120.19467501263968,145.03994684896716,146.3334989879181,140.4577384194438,146.30542585134387,134.81851516375724,112.8703259987093,99.4323349184432,99.9945275223788,104.73109571846804,116.55311891953028,129.0330637833194,137.59473210625302,140.38581077560286,146.21316523003878,139.12700254403202,137.6204147062622,133.72577326207045,123.38268175244188,125.35357394245088,117.70323064576593,110.48438758302252,106.94352559919592,110.1868823856376,108.30441101758318,104.4009162714404,107.44986312756464,110.83108186334746,116.98672295425592,118.23007476436669,123.03824639801685,122.83333513603763,120.91401248464986,122.86530430269845,118.63846338716347,120.109211476076,117.26443844734145,123.52904782566235,123.89526304901433,124.6138327175218,126.59266235991215,125.49369406438278,130.68468050245505,133.60996951171174,137.74007966869937,140.57156808413322,140.49703272440053,138.50227193908967,137.9443116728798,141.9661159621878,137.3143053295944,132.5271608273356,128.2149242267493,125.61997818730981,119.51271733033195,128.51932192904974,129.38102459673814,126.48268736607818,127.94788190448921,129.27065826624985,125.26016739599139,123.93439759957845,126.70326572317677,128.55901185487323,128.55504476389888,129.2199482673775,127.16724992127537,133.51361743131113,139.09924259080935,140.1315821315509,138.58191230547612,125.36950010758815,122.42035145257562,120.77313950214804,114.6829679604365,115.34532500277554,121.02732787428981,125.41539312965786,125.2808563752853,130.73611804229296,126.58982894497981,117.14815346753633,118.70304876216895,114.03739287832003,112.22362325643078,107.45895766620444,107.59842995585971,105.1163762653214,106.96870674435074,108.63992119781206,110.14242326003364,111.6846240865982,117.76351554864245,123.37305018710713,122.1378440911101,118.58763890604814,112.79505909259495,115.22636752413,116.11003180994682,114.83464829816188,115.3048694013138,109.60068244694216,109.53125592261574,108.546461910308,109.97547755579222,108.48358570601363,109.7111459338586,110.37302213836828,109.84646992949385,111.95187852950006,109.97136349024626,112.90947393502482,108.113194998878,103.98084233344774,101.73046168516228,102.73964423312023,103.02982243813501,106.7538024172649,102.47212344877502,103.03206367328531,105.58439913073903,108.69298281977125,108.50749483989038,117.97807166758064,121.68238735712242,121.65390754201935,124.0100232059545,127.01168996548736,129.07866973665838,134.08583204728853,133.69443832082217,132.54843391453798,129.35067615789544,127.70939890421892,125.03372025406254,128.9911015465755,127.93112508136939,134.0127728804383,130.9437133426287,136.28829595458797,132.2660898993271,130.88083871124974,134.9988620598246,132.51446958406964,136.47471915049016,133.418050613459,142.0348569201754,140.4038548122145,147.37838638505036,143.26674896529968,143.59247506001077,140.4007543656835,141.02860932573878,134.88783871634922,134.82440295910317,132.23640922367036,132.57325624116754,134.37631651442666,128.87019806397052,135.52006815932344,137.26203440988724,139.48258153386868,143.3252437064618,139.5182953072853,136.5181647157692,141.3740219624736,139.15729619924912,144.30711035035478,149.0441147105236,148.38487850738048,143.97841377585357,142.79712765412984,136.81872582327776,135.23179668761622,126.44679442657348,130.20773643219414,131.9772580955225,133.0829858319123,134.96596612867043,134.4606716171564,138.16572168566762,139.26926397954415,135.97443027690866,135.92362789886573,145.44366549365435,136.77852430145026,143.59367736832186,128.05280163036534,133.12377849932378,130.7059802373316,133.62005595044442
2023-01-14 20:38:08+00:00,149.4827122706596,,,,,,,,,,,,,,,,,,,,,,,,,,,,,,,,,,,126.74033209746104,128.72283261228438,129.77048677917557,129.66032457623749,133.04474248847706,132.52894866844267,135.0196576303518,138.19191756924926,142.58810948158364,142.1417857762248,142.49392013388632,148.00375276992798,141.14249684733187,149.91051939990774,146.51673082394223,153.553892312069,149.62236559217797,155.50613043736254,154.0938588947484,153.1697105546985,151.82867933041967,149.75443418969348,143.16376842633022,134.3036118246361,142.50339877192926,139.4895278175374,135.25487637177082,133.0205893753103,134.43646881996057,134.71562315883426,134.0396664595177,137.36567097914548,143.62172614428306,136.80758432401421,138.47165501540647,143.4061014223437,144.00231606786886,,,,,,,,,,,,,,,,,,,,,,,,,,,,,,,,,,,,,,,,,,107.41234172797863,124.37362071989146,115.48872494624277,118.39844884189488,121.93654788517112,121.62468762944732,119.56008069243663,118.3524644152831,122.89224778525593,119.53338721916964,119.84978253742003,118.46855261618418,118.51735678398974,123.65606108528706,128.14867046011545,126.56810756657474,133.91786019377298,130.59390753309495,136.51914845141488,142.34588455401797,144.8692142274959,144.19994808488752,147.43533061584014,143.46654570668704,144.15583412699,137.91612486592743,144.67338847432993,141.28883843293147,142.47892015997428,,,,,,,,,,,,,,,,,146.4424893592863,146.46103103226133,146.76720235558406,144.24995047702402,146.04284756143204,146.7581627785176,152.02176842849502,150.47172536438745,151.9864833389015,150.8409029093964,149.6682671499205,157.64574231237845,155.18303881387058,157.9589026739582,151.0823801423962,156.16437421474745,154.51830544959563,156.3008436173596,151.85707543300873,154.66330875643507,,,,,,,,,,,,,156.29724780190284,150.69702516521602,160.9468023465391,148.532400222701,155.51255066408203,147.96738170095733
2023-01-14 22:27:21+00:00,,115.26139249579501,83.88540029216172,86.19720768919855,109.51784829112755,128.84480675265655,157.1785382672091,155.51011907480066,152.78164204099266,154.66420259520262,140.99525752006534,126.43558706363257,116.61917282397269,114.97397426297262,120.22255879530468,131.22350327866553,142.70030357058496,154.72558121087545,156.9163256559586,151.8147760631347,148.67542307562374,149.26154096842401,145.54748595975053,138.29543925106395,131.36350632489467,126.22288578805706,124.09617237269326,123.54564341129543,121.75289828901734,120.14412163301797,118.13204878380002,122.09999908530347,132.706873050025,136.0645407427961,137.1814938917729,134.7057077740332,133.1359178934035,133.17992791301296,132.29843657801666,132.38394915811884,132.20782033229602,134.002120356648,134.55742583289185,140.794877188568,142.5823853515002,139.1881588926153,140.3863853354616,138.49401281455025,143.08541464795147,147.41045869866346,149.80856822249794,145.36287614052483,146.94922697576513,148.90510447684406,148.7260525275389,144.31804649216244,139.9073614025053,137.2923971021986,132.51791460076018,135.62017171223113,137.6521293200864,137.50388042139718,135.39918453067668,138.93453560470783,145.23384962279115,140.69265667268834,137.46351961812573,138.81613744662482,136.59337256702992,141.0326555239539,137.63404094399482,139.94619091343233,143.8347050878927,146.07373207477917,145.44224545410174,146.32034055290578,148.02564942454163,140.88862439229902,139.65951079744673,135.46966669705296,134.47285860761292,139.16661328004514,140.43951713344748,139.84647212051541,134.39245134886278,127.72427072258463,126.42522788085004,129.37196220387267,126.68131992438155,125.89403314247124,120.51723413560364,120.25007145049084,124.74402138185889,123.9752710638559,127.50338529592318,120.83020294710607,123.54743668190795,127.25899320020947,131.74332074148643,133.84447037722973,132.26765343301875,128.9969154079445,122.17707372790535,,,,,,,,,,,,,,,,,,,,,,,,,,,,,,,,,,,,,,,,,,,,,,,,,,,,,,,,,,,,,,,146.99164885861612,152.45528911940616,149.11315763884093,144.41875830480552,148.7356244496947,147.5407141230719,150.7820862030691,152.34900867859122,155.82522356756047,161.3037064584332,157.0842752247225,157.11918499792156,152.1501294644854,144.6065177468659,149.41937820194997,143.26753339792864,148.32528524283452,141.78188384999683,148.65557251455797,,,,,,,,,,,,
2023-02-17 20:31:03+00:00,132.21784483221614,,,,,,,,,,,,90.91570615853206,93.06125702978693,97.17651631429123,111.35492366088752,118.46709655896643,134.58813485494312,135.5468334848342,137.15395138805366,134.13578918228387,129.79973149822484,125.46777430193939,119.97966606512756,113.62085333602127,109.402983190995,100.49650991558724,100.37519611546506,99.80938577924738,99.9962681824517,104.2771557123227,108.68999985388824,120.74132693476565,110.95271193155212,110.34637126202776,115.81153857378982,116.98774467073358,113.65106673389111,113.0681548393425,113.28058711762176,112.86106214031054,119.78890086465108,113.68608322890285,119.36656140420894,126.26162656685024,123.03863890736206,116.63795717915642,123.81688967812305,131.3987440061783,129.13472155912916,136.99560997564365,135.5732247980688,133.6381031156676,138.2275695530942,140.0116540397947,136.60717722448325,123.45996783834742,122.13189511376844,115.78192208963988,119.21807844933726,121.64385602919471,122.69040275698708,121.54859733259383,124.28087008399217,123.20918298312289,122.89445969897884,130.15557123980088,126.22521996081294,122.08162920568816,117.95518748498054,117.93726512759413,120.60237500805327,125.40179850958376,127.47183573444828,127.86240879615974,123.5539686368673,121.9749530366101,123.15334114761954,115.4127050811354,117.64704664986813,117.89463947675156,114.0876067659099,112.95090906397812,118.04613209796035,122.3140814034324,116.61754423155607,112.2711305265179,112.19829200278589,111.52198866383301,103.18090244642751,103.70922815582807,105.30795740225187,105.73437573386475,105.25812742622163,102.15973834797153,105.87421152571385,107.4799946298471,114.66393755120517,,,,,,,,,,,,101.06601536215092,103.68417450086523,99.84822456841036,103.64763791463656,103.1443614039443,100.29301514912088,96.8564548440104,98.50074181894263,98.64935688764666,93.74356352196043,103.51579255816938,106.33118284398444,100.4807479207037,98.71701860717405,100.29943945837418,103.4997353181549,99.74033512718051,104.09777633268133,105.75806487547185,109.29324159321092,109.8376104946124,111.23067937044613,117.85343823769935,120.79972058244695,124.66289298065077,125.41423631313671,126.44553559075926,124.03254104299923,123.5849983955976,130.77060235621673,129.44374473771006,130.27246559895823,124.10924466845219,121.58909756752881,123.03359982364005,126.31225636835191,122.61652097505738,127.64372750583878,124.53694807214023,124.38902058228692,,,,,,133.3165596976428,140.18879049050895,137.67435771234744,134.7794608562985,138.14189759158387,135.81223603069486,133.5850598702313,131.608890169724,126.61723215414084,132.2816258829946,132.92996327656067,136.08169925314084,136.05653903759145,141.94675445303574,132.88907508277094,129.8890858726646,126.60454435791858,130.81212618938437,138.6099917801203,140.52446669041333,133.05900089737997,139.00879870613,134.7121860370829,139.48310701500213,130.7955926076956,128.298011992997,128.6062250887006,128.9404687309408,131.36547219775156,,,,,131.22074496498118,133.94002481035088,138.30582771345578,136.32557721229637,138.98289810065998,129.00721707793497,131.5195257209117,133.95423954118297,130.63195220069136
2023-02-24 22:21:03+00:00,132.75481237902164,,61.65829882791434,70.82001831400453,94.46674544475147,120.61074520690784,145.2100350693674,142.64952873971757,142.45804271439047,143.66959112326498,135.23459567329877,113.16444329543961,102.24841529863085,99.57580992187246,107.37101306626131,119.53919150963706,132.57285021206636,139.24883485632463,147.1624658577894,149.58120793501635,141.2415693622479,136.8732132217813,135.2371105642649,130.56527869890823,125.05557306883635,119.70734772987659,113.19374559140446,112.75072023050795,108.74647363289574,112.31352772829453,111.20401833277,115.21487882321308,114.81623752584753,123.11918358415973,119.60310127786302,123.42047311092077,121.20832957665087,124.68969554497254,124.36762097058582,122.65029932263745,119.87510676980892,123.7591449938602,124.40116025560857,126.00627523016769,127.8239200427199,129.70186022191413,125.94612031656479,130.86095721421677,133.0695834117673,140.7030191097225,138.82312728711344,142.59408389822983,141.44732747235238,142.7898128616242,143.2449713369092,136.9584050792301,129.21017719476743,125.68160596293683,125.09294263458565,125.30250397395663,132.41025272779223,131.7121623257307,130.0163334620693,130.73223098847117,134.72968278516947,134.42996700920997,131.63967579188278,129.1430930726277,128.86756588565765,125.45606339810303,128.0752528809463,130.1286823349122,137.24192457033573,139.8186808031024,137.11757618847125,140.15145455877945,134.74141699089668,129.80408887453336,123.98853834691558,122.0668211772523,121.81255342495692,124.71938190862176,125.61535531799264,123.15000401635903,129.67865808767692,123.87801658666807,119.64215154618282,116.9449340556895,114.27249668277229,114.79354790187492,115.41015886510796,115.49544156892722,114.88229499671985,109.55319759470154,110.1568314741328,110.82147508395734,116.90404420342831,119.69011343755142,122.53734056935926,122.65235367335937,120.13065370168623,114.2964703471311,114.66396567882576,112.28319585881532,110.65623065094503,107.78496085654298,108.33123552407024,109.83003516738785,109.77985216654805,107.80070684624401,109.79447236351895,107.18840563123082,110.27494291746012,109.52718125103422,112.47131796363608,109.49355591879916,103.96333905431287,104.3267743882567,101.85156051745285,101.4587575516072,102.39688753004988,103.78174912460356,105.76735136749919,104.83262315395007,103.04725966169629,111.39750831150191,111.6590797269729,113.50990880968214,113.14955547506342,121.42154518490594,119.65258395062591,124.4614491291328,128.17094686584613,131.1058312533867,135.1764918885185,133.18973738298575,129.44170502030218,135.00323246736488,131.72176904443242,132.37747475273375,129.67079403230693,131.33022076752547,135.03709464027898,133.63558148569146,131.67065199497415,134.05911893567608,132.2689853953145,136.2415641302398,135.8168575042565,138.3937402102319,136.78779133375207,138.90665873015698,138.19032245430066,142.6632139119945,145.2849646992542,143.9488716280793,140.3931896034035,140.5158782870462,139.09647334714913,139.0727596652783,139.70268340382668,135.60601257958868,131.53630989568683,129.4309717155071,133.68192141116202,139.39248891271737,139.6402366462358,144.0631291528067,139.51626486833513,135.9042959033449,136.20623807898576,138.12698582030936,143.61516797476435,145.8199134372341,148.0599861794937,144.5352584647575,144.70089208178595,142.79700148535596,137.20966311051507,130.34869675683473,132.39791561251326,134.5921738573395,134.98766473752005,131.59120725814998,133.39215404646413,133.79162633292182,134.93597944247233,136.71901759891,141.5270279714666,146.6326989666595,140.3546137301973,145.19564471721378,134.32793206462856,139.8948727843152,132.0280046680517,132.7277553263206
2023-03-11 20:31:15+00:00,,84.19041590508948,62.244143190121434,62.130443596391615,85.61679565367632,114.00780742597502,127.68007084316193,131.31798744940758,130.95536085772187,125.38516311357841,113.20557495589769,103.4996138891514,84.1987973748314,87.86354030109369,89.20125031059152,97.50853492885956,128.21173096919975,136.54403752279703,132.18502821349315,133.68528160421963,129.67525367932927,127.54499077565447,120.05102878981134,115.20628263554117,105.73585003819682,106.25378537309278,103.92938965259623,102.50771642497725,92.61629143154725,96.77235187412037,96.48260171729325,95.8165392059214,100.89650871718447,116.90708944485885,118.96780446651395,115.5711929204862,106.5085466840541,102.63748964495896,107.27963616037705,116.22206397702328,116.30261656820758,112.77581853244465,119.94794787708578,119.22811419506709,115.92744364945048,122.43235126917006,127.03330203864192,125.98397673123675,121.89744761914355,134.5072921523551,128.23023452520405,128.60127272757993,129.17433451310197,130.52871015932945,125.91145976857817,122.76116331092696,127.23346975001121,120.01613332529578,114.15518691670151,119.32228672898314,117.48105534589995,118.61685053800875,123.95267638875288,124.15937764306004,125.59220355412214,121.3436132713602,118.12719417022839,116.83850962932364,117.580617627663,112.50053915318458,112.74638712952137,123.18127014223636,124.67327190510363,123.81566638557608,119.81137799396355,123.08733879283504,121.89321551543696,120.85461920870597,112.42067652016863,110.2473672174408,113.32324216525193,115.09251902641905,113.82043058631164,115.11252394202435,116.19700086333872,116.23879391714667,112.15378714444414,113.0611075803484,111.54340179983828,107.68998937578192,106.83357619888244,108.35505694911383,104.6145141264808,101.57246253618516,101.21758226954525,100.50858069407441,102.69120469843844,110.68065069054465,112.41464928869546,114.83609075115675,112.47251658109664,104.85294376959291,104.23346229240099,105.53399531485836,104.70034392822177,110.48858050501664,106.83788237560157,107.46295209474194,107.3044933825566,105.7603314493444,102.37390930143738,101.30410928958989,101.49955296740796,99.40520281587546,98.99608614247377,,,,,,,,,,,,,,,,,,,114.20359469330533,123.35720922194062,119.28179056056601,122.31069361187109,117.3845765417509,125.188984305334,117.97348573577514,119.78370161295778,119.88057885104156,120.39542383550653,123.16028490646994,125.541474036746,127.28267481066993,128.01396018641327,128.67673979983044,123.4104110269006,131.64465972762392,134.2334455249278,136.9083948696986,134.65584942144713,137.66856457811198,135.64594837669583,134.0284961135969,132.02523655660664,126.06171163986266,125.72423635169912,128.19270456722725,,,,,,,,,,,123.65016816086175,129.3928075713304,133.61485424879726,144.83046844262873,142.44466999138416,146.35939690344688,141.7519551706698,142.88390669423754,132.9708706385898,132.0755518423317,131.4978835364286,129.47925879406768,130.60675569581502,134.01971041810842,132.4574589363114,132.6883357977008,129.79021753555756,130.3720872692936,131.00304052245397,138.6892519238449,133.4430164070953,133.58559535619148,,,,
2023-03-28 22:21:09+00:00,130.1350591155001,83.88969969724364,59.580358041714376,66.38234376789661,81.24929355565521,110.70201456633625,133.90486588701563,136.3807504885989,133.1090331076826,129.27410288825612,113.17386122066208,99.4002471082418,90.4030308281427,96.76256693435263,97.50205868141225,112.09127298999785,121.41175605861609,127.18934147625433,130.71629677505996,133.17557635905032,139.5117983449999,143.56275410395995,134.7445512402229,125.89213664540574,116.02745343208392,108.05288170525323,108.46072618491013,102.9480426764002,88.88647484948434,99.96356231001566,101.1425694445488,105.32287521204209,118.03186727894577,119.89253146880485,127.81551118245484,114.32301150883478,118.34885612095246,113.17697562559286,113.90046449101074,110.38415924286684,112.8434634685095,111.0114670792943,116.43292584250264,116.56070339341638,118.03353114340099,117.25940872369758,122.83280477122402,118.58633108305229,117.06129648642666,126.98242670145092,126.44196838107908,128.13549365249787,130.25787785337727,132.58626044090065,130.00986414374228,124.89131406463098,124.80439201796686,120.7453873844325,115.46663213649556,111.59013040816698,117.80256801899915,118.15155988015525,121.24818090330882,121.32144031178001,119.60524452313024,126.55351210216685,119.94305892865425,113.70690186269336,118.68397019747128,117.29596484877187,121.30437400048038,116.89868919765996,124.43832214924076,124.47950920142331,129.2479152014749,123.6946627123616,128.88561256358255,120.16598234169963,120.90042921827809,114.01351612066313,112.3265520251025,112.1649932847739,110.32872981100712,114.83187876653238,118.05181020877656,117.9231104025879,112.80656985550796,98.40841551486558,108.34627631569357,96.96175118107804,94.79759311915404,98.30624165142758,96.67066852852216,98.95194116248311,96.62946281738564,91.51231689440542,100.0544051530856,104.52269946481141,111.67354651228374,113.16203372678541,113.96644288238387,110.83449661146824,103.21541511360391,109.21430909939778,102.44001765160858,104.71049042056295,97.9545646277972,106.21937286123232,103.05667615065323,105.43787882488685,105.74928701408788,103.35725579178978,98.97948727603561,103.98444060216099,101.50814102822363,102.04974263974404,97.71712241385299,97.94391440854358,90.24649924355593,93.74593808295009,91.12841606118872,93.94782997816023,94.34102080165833,97.6678593346526,98.73979401519274,100.08482230104006,95.24360004589713,101.66795578708329,107.45892841344347,105.88692565830844,111.42437741881142,109.36610466652658,112.58997969607653,119.61723853433172,123.00148656420814,117.64735412578531,121.86353209864893,109.74923621388409,116.91291635667876,116.51975208635318,113.84506995320874,115.38600135325159,115.50098267646442,116.25680015021186,115.64324400389546,118.39992701861019,123.68292075358957,118.93387539030783,120.61786384731226,119.5790425487401,121.87732610115917,121.80415761200192,126.29397539598479,129.33051964007853,129.39071482681535,123.76351314122404,127.68830535314225,123.5496026410496,123.74295144601143,125.08264831066836,119.96575025217945,119.93765087731916,117.5671082197941,120.85646840498902,121.17572680189114,125.61520755910094,123.99523771546438,123.30656129023791,124.06121802799322,123.8969133515908,122.82952093453548,124.33503937136926,125.0335867931483,130.17649521790048,137.13044643412516,134.86593584822816,128.31709648131553,127.41330511745421,124.06688529156612,127.74695973726398,123.52691445563721,119.77172786490837,121.01523854353849,121.32806608591137,123.94631314778042,124.43186598020029,130.3495074021956,129.26857467555845,131.68639684042256,131.84002744983428,135.56833590016933,121.64664337911924,126.39976010560449,123.21590807269709,126.87441180325422,129.23406126760116
2023-04-13 22:20:38+00:00,146.08261278574147,,86.02848571082856,90.25920667586863,111.53211484325259,133.57489099961313,153.78538760501525,155.9202256939288,157.94788847512444,154.00852775613046,138.28503247195442,123.69832035578114,110.62765148660051,120.02505616269337,126.09549316156384,131.0368695574952,143.92450750861954,154.68675763323648,153.41352244975488,150.57661771560058,155.787830457638,152.84528571627817,146.53760982247135,143.43581981067817,137.52068780685045,134.83458083814185,128.82596443231273,124.0902205644384,121.14412073280667,123.81808750989916,125.98678742325473,132.79673107270227,135.51257325137638,136.5115724796594,135.4443838175559,136.59630620442482,137.9984946884767,134.3311454523838,134.6680270422071,134.88838318534678,131.16094469718217,136.054494548912,134.90482141836796,140.77188117232797,136.12310364460663,136.79512164437358,135.4991105381675,136.03011220854702,137.88649799232283,142.23730204443567,142.79490802337264,144.6223983480764,143.96800121092062,150.71139704112005,148.04216984320715,145.18558057294504,140.8959221308331,140.77755219535817,137.01242670698397,142.50091521081714,137.27539663977478,139.40626206253626,134.67905116893306,137.5973383833631,136.50743236056118,141.1855848447012,140.2484441195027,139.33624129175527,139.30396322640036,139.49266284759227,137.36759818969998,141.07247498745573,140.83843996155125,144.1682458962784,145.19394838701407,145.82431915063273,142.88715116570157,142.35815036761366,139.91645625516858,136.33902409010904,138.6980176770677,136.25421423133557,136.91137665172974,137.04538738794028,137.57424450150276,135.00278142187184,130.62945854399004,123.48436537149328,122.37253386458818,119.22964691916731,120.28331204664765,119.8638248358184,122.71427170148367,117.829144524811,116.70964616903989,120.71378455268571,127.63560323031516,127.38429576630725,134.90127370980167,134.3580789839819,132.91394132550192,128.65132221094177,124.90502277110795,123.60233184297046,125.62260806273704,125.2713098550938,128.38020175343615,125.54286369678604,123.59418839488718,125.67368328272431,127.48071045655139,121.85134190351874,121.9604101050655,119.99873655600551,122.50471943657134,119.02557823296289,120.83748789523636,121.67374784189788,117.52622780616936,116.24766570179963,114.37647465467711,112.87238353222799,118.44852091043938,120.76785444483183,121.19114260858223,118.5731719484538,121.7096177255248,123.17880715732453,125.9952425701604,132.3167344479165,132.87154661218935,132.1292442084059,137.07457963173337,139.55267475349214,138.1108662983315,137.79834059921643,137.89929262994295,137.2879273123782,135.35351394724745,138.29136118237676,137.73271710235392,139.04239480003784,134.15847612450315,141.43385798052046,142.2976968874536,147.1817110844185,144.4949035308463,145.73293469893994,144.86179149325974,145.56633823609354,150.0382293204039,149.5909024754898,153.93596720421817,153.4663309299479,153.8572259135648,150.76990744198437,149.98289437840108,150.93532089676458,148.4137237708367,146.84284244154065,141.65400831528123,143.72563963948494,142.7620209339977,142.65656183643475,139.51539532326655,146.16351741391512,145.62865372097,145.409346189554,141.73180324086576,143.96968125874758,142.5844600703249,142.42634856191563,147.325022312862,146.97040418693965,148.3366276097568,154.1928227248453,150.1173643610432,146.92422064594126,146.74488411319376,146.3614969560263,140.35019557947894,144.06158565230308,140.53277896791204,143.7505912008216,143.56226048084127,146.53738080944,148.3607153594016,149.013945141987,150.56500105438766,146.5542836338797,148.718216988821,149.8876048632804,152.1101554636946,142.1445806673859,147.2266534461033,146.18236505629844
2023-04-14 20:20:43+00:00,169.34068779355462,,52.05969572154529,60.50892599998188,65.48599477075412,75.10697596468691,138.0812768911079,,,73.14492429769352,78.00879826027187,105.99041591731446,107.92376803414422,116.48819694881817,123.95202832527443,149.18876573021748,166.56071531353817,,131.7331983797265,133.024917504434,,,118.68749490902576,134.01382007154453,117.11791147767077,,,80.32033601144181,,,97.95092824525636,112.48113815431651,115.8093304080391,118.06205615963535,123.20556880240443,119.93590189742203,118.38785409674475,113.4666253129941,,87.36364552320453,,,,,,54.00774243671666,,132.6113358329816,136.8901001720247,124.48015066010193,121.41495627118024,127.04084093979294,139.06806784860376,139.82204843934423,134.02126940799405,125.41238046060876,124.8128236297415,123.52889025271192,,,,,,,,,,,,,,,,,,,,,126.29341671194149,124.79374688254458,120.39796092959023,120.95601732001514,139.31051710646975,119.5504087765345,91.90929093643405,108.82128853712557,104.35379089440522,111.23920685416805,112.95059685995253,109.1202167345743,108.72852480005567,100.54473909692662,107.3791225914871,105.17344482931381,104.06283019409707,104.75166119468075,110.19424252081387,119.97380788149623,121.46853370891614,118.01915242581843,116.84350008973949,112.2492141211718,110.29771401321833,116.8615674774807,,,,,,,,,,,,,,,,,,,,88.87039055302903,105.12329488296571,108.35887135325687,,,,,103.61785929192168,,130.76912806128027,121.1994766631057,124.1661483780887,128.30463570410717,130.95244810407073,126.23474203961365,127.0642358733334,138.8917561761185,,149.7002835251957,134.17250268333277,124.2242967742775,128.09857842808992,131.41723492938445,138.5940293735161,132.63601400603847,137.60252058381363,135.31647802894145,143.46472693088768,,,,,,,,,,,,123.46685384366059,130.9764238176784,129.07573629308138,122.17743308137803,130.06328329968076,138.21880700126613,134.36276646037328,116.39847352583544,129.82864631351748,133.09753669447397,129.75245162883888,140.87255371428245,133.90442233961366,131.0510047743958,137.99410656516335,145.6357866433892,132.20079794323092,141.49964997577348,132.11814496769892,132.84068868470106,132.1476786883424,,,,,,,,,,,135.00923325225222,135.1711427883396,
2023-04-28 22:26:27+00:00,144.62524269393933,106.09740272598576,83.20668445707949,97.74958577472408,119.16790115065133,130.25056336743117,153.94735483021847,156.91680309708502,156.1998604438355,153.02014520146128,135.21634782467623,129.23710169957258,117.62364700859035,119.66739767944671,124.37477667273552,130.96720082137332,148.63623587747892,153.4295766651232,157.069773802772,155.033321269153,156.94404059700705,154.7484662010501,148.79797224438195,142.7045876636594,135.43774927148073,126.5021119396992,124.6180048509423,121.51626764847782,122.98751193023915,126.35760953230266,128.3223479205275,130.12056894110967,134.76185478170544,138.7794184152857,139.89571986558846,136.3058359362161,139.45355167089517,138.34197140492424,137.53200824125906,136.8677560118238,138.7863602987343,137.04930060490383,138.18552937446617,140.9765353322173,142.01313210975422,,,,,,,,,,,,,,,,,,,,,,,,,,,,,,,,,,,,,,,,,,,,,,,,,,,,124.79119087882162,127.49085226473258,136.8160961349376,135.0262274591189,127.37956139983304,126.6068124568703,123.7536640159688,127.31172317567128,125.28033539125754,127.08806646451367,132.35240784357012,129.86470824198128,128.14952901286136,130.9732185826002,127.54091496660284,122.99234187791498,123.1803565240904,122.303542732327,123.66596844533845,124.2647995735523,123.77642298618902,119.79210542625931,116.95221931527198,115.65968227417747,119.25441422123662,117.92725995850329,116.95301832084847,120.55246426941338,121.32266964773268,119.29445441539542,121.12019461612267,124.23914247447092,125.08424013563646,127.9637397154309,130.04502186869436,134.05233978669273,137.5352307699146,135.55292508812454,137.81708735400574,136.6666426408177,134.33140762250508,134.99149573396082,136.60444318472045,140.2435914926325,142.67636444708467,144.773690186763,139.95559839986254,140.34200095938917,140.44255025110786,142.42050676418086,143.57734997341757,143.7168074453264,144.20991848359517,148.3995481996753,150.490998434485,150.9328954065516,153.88179285851982,154.3967052946592,152.59429910273053,150.56552655042464,150.0711426710339,146.93136955666145,146.35883564682518,145.26488236525375,145.8021502671733,143.78829388489942,140.59724428331526,142.98789688466343,141.007636403603,147.19194520953846,143.19429321359146,146.96078682838387,140.83804340137175,141.6994629006328,134.4179754563579,139.93564937722687,147.6983039780189,153.01434528855253,151.00127657062578,153.44969690433055,149.49316378119823,146.72929643875642,143.25546795522357,144.96961139929923,140.8991229952008,141.44412186147832,146.29017377043587,148.38339437432018,145.37093730116425,144.57180212138772,144.55801233868243,146.94077342885225,147.7976296372227,149.3648763901222,150.6605676024017,150.67102061799827,152.2774304403403,145.5916510144639,144.9665261116283,144.5692492741506
2023-04-29 22:20:31+00:00,146.1551918446257,98.59483204375408,76.64489127654616,83.55929910151578,107.77629468279066,124.66708158841767,136.74408750620395,136.6271805842685,139.51556336070905,131.45269475743197,114.2794528575944,106.93337296538142,97.08104459240272,105.15806854745678,105.9956936132711,118.15040509887613,130.96722813271123,141.19466824671474,143.3846866404668,140.3202550969458,139.86198997055038,134.4676941320395,124.28278544105557,126.11240707500792,120.343311117988,108.05604785336075,102.37905351343757,104.488995236964,91.2122296942818,96.56471857445953,89.1884480272431,107.25795480522632,104.63944307232242,116.86574835346171,109.0757027429368,106.9569785631043,110.61845024069672,110.91026290927076,106.26026048548478,108.48827908638276,110.15103557631812,110.81361047952583,105.68440993323478,115.28506665698278,118.54088848984813,116.3624184475275,122.76590701003822,116.30377600480658,118.19660341415828,128.49335579576046,127.68048194456034,128.3749364566543,133.19575648572638,139.12615800781103,144.07865935243012,141.963138003446,136.1719256095244,129.18292588183832,124.74427724291613,,,,,,,,,,,,,,,,,,,,,139.53866317407616,137.96087633327022,129.33517410884923,132.96545503285915,133.8338537721575,132.9205403126902,130.34912008424817,131.11807502183547,128.57501936913386,128.40755600910947,126.68345995646169,120.71373697661909,121.0071150963923,114.7144769858724,116.75641221123065,117.82435129937829,121.37355982706225,124.67812890277156,129.28007511855014,132.6279432292168,135.44951876966164,129.79728130591056,130.74487823034855,124.75597633006554,126.1726509197189,125.70053475872778,123.88708709286006,118.76318294648549,120.76107182849115,121.96585462269539,120.73000425656545,116.89382167420581,115.46236652767352,108.81617500970047,110.31359994668074,115.80012866705792,112.59136269523862,106.54407422272168,105.98143405167347,109.17387317651091,105.60420499920222,102.06697773715432,104.15837173868107,108.73637227758255,115.76131613789778,113.34918984805208,113.47886813973108,118.20627726847965,120.29092639405866,120.82164626934552,120.91261556574514,124.55830132088215,126.21108780807626,136.1838512977104,142.46835297340232,138.58631551755835,135.55888323184385,135.46766571700252,133.08986370519446,136.84158551588266,136.71855521303797,135.42984842525004,137.9581954150977,136.09590503189034,139.606918777146,139.5932796135797,143.5387601498064,141.56031874403166,138.66413649555054,142.8554283285721,140.66404665273333,144.4403284445034,147.02840931344056,152.61487121951694,152.41923535222017,152.4140691885701,147.6967996034471,148.91788268551255,143.40876203708234,147.9074397412352,144.10409389975666,139.84767598383542,144.50286967036837,140.89228919720352,143.439973681589,144.69509683216705,142.5767099440929,147.64721711376788,142.9187232999443,139.59009588015127,142.98367925823004,137.73396744458987,142.41688408857996,147.99390656592095,148.91981870375443,148.3967851660924,154.81856124409313,150.36250281278572,148.90536370871519,147.63838208196083,141.91976106208293,139.2274253285138,142.8005385217147,141.7117864409127,143.76253978896088,147.74877891936333,143.73743800071784,146.09699884167955,150.16575352175366,151.3315647785825,146.22362161694159,152.37995186988516,143.78431731736063,151.92273563793296,142.93375243452815,144.37324094857067,144.46839967647495
2023-05-06 22:26:37+00:00,140.25155369862208,100.66916797535272,74.22182275545221,75.78493024459043,99.97083518320174,128.03636226091655,151.81878283349602,148.81590756956922,156.49564621812235,150.50969071158184,129.03653706204292,118.37742719086071,111.62215391683661,117.22955752724644,122.17970450878953,127.82319757987896,141.0838106131781,148.06224859610893,152.39651393978278,155.5072492179015,151.22651173254746,148.4245981031764,141.24495671117447,139.13772543441084,134.30749225175623,125.0623763077703,123.80175119523305,122.0863794336897,119.40033597890985,122.66733819560054,121.92829969698843,121.58486862567945,126.50910352148551,132.39210442742097,132.41183195042024,138.11144504211356,132.59423606098653,132.72195891769704,130.5126317020067,129.98806480106688,132.88267804576031,131.9698179178101,134.90902467594938,136.71710965798542,137.73569831281807,141.88192864793908,138.32676496861768,146.7206758347191,139.0926155790485,147.82469306268155,143.65098786213582,147.90525867948244,148.84076494910752,148.2791176596565,153.82464425748722,146.7067388441143,143.17090338245882,135.80055161562487,137.43626240951704,132.2498072607906,133.9401912384396,135.49230284533206,138.46514537065207,136.57376443829835,139.26140519560192,138.4082589516245,136.1034299431104,137.88534317181396,136.5163471442572,135.10634248700535,138.68777138168994,136.3980970853643,144.3996605916808,147.87888759111894,149.14922836123225,145.0549124812913,142.10240363913204,135.94989567178442,134.92382249094177,132.60840436167842,129.26221666549432,131.9724757592779,134.8314498470625,137.03272381174978,140.0141028664668,130.0560424270959,127.13854942263634,123.61104382412813,119.67598898624361,122.86394486178293,114.06475632038601,118.70221960890518,114.27631874890652,115.08040850214716,118.2153589694251,121.9848955276824,122.11384697007983,124.75802144073768,128.80738066755978,130.41361610006223,126.50244997324985,120.37888631037919,123.0018967012089,125.91771017649918,121.3718326523909,121.00623059647057,121.56195314432352,119.52824017737079,121.43569567115834,122.08466152088192,120.92005070729633,121.24230656400039,118.34256620381551,118.11441494229247,116.31367924802126,117.13376336731812,117.12571023593684,116.70822870888696,115.53643302426657,116.09043235672783,115.2244752155368,112.314212922764,113.4588925704906,113.151815816654,113.38594692164529,114.66451124390004,117.86786991137784,122.93659440247738,125.95347388243653,126.98781809302454,130.94686629106045,131.84617168098555,132.39282309999658,139.72534850374646,142.37872127447076,143.46673270702485,139.4076228882703,137.05956263583653,137.31252661945462,137.5805226142567,134.99270523264533,134.0838368758502,134.57404932168876,134.64067904668016,134.40601015906645,135.71107325914798,134.5106324282733,133.90828339198706,138.60564696290183,139.93091674481929,137.45963383533336,143.36750787294588,147.72800971042133,148.76470974593272,149.9922329963961,146.57402641905605,141.85797355196115,143.7493582702268,139.78499017980278,142.2426436375481,140.65498583443542,141.48789775116757,140.14751478765064,136.30702814455205,141.0053133997307,142.83284160689433,146.59705225457566,144.79331946403255,143.67039325195424,140.3043927657361,139.454222198981,142.93066574900445,147.70685666783874,148.67783199790793,152.78260605575247,146.81366675040812,148.89167966879057,142.62572129915822,142.15982577608418,133.30397299423728,141.23257377642665,136.1475608937661,138.83482608832063,140.04150843300485,141.93649863526645,142.02243542190988,146.37600151928805,141.06473269184332,142.87561018181478,150.2331511044533,144.27621501905097,146.9013043336729,137.0116276921911,140.63992356654148,138.38394180326853,138.85953793304193
2023-05-15 22:20:23+00:00,149.03927023868275,,80.49908396918758,90.46707852441685,112.67568319091822,123.80886414281505,149.51975027844438,148.34407171828502,147.5559259261799,147.25799007227943,120.47190503406182,115.34030187333579,100.02631693588427,105.55288929304228,114.09726196839844,124.58512178614856,135.66400885337578,155.48873785856853,150.7180188772595,147.4038451398033,151.4560160387023,148.30739342490682,132.5979603716733,132.56123461310008,128.6725022782536,124.45300146069025,116.33337580053627,111.91442684558143,105.47845687573101,111.63094022738326,107.57572545086498,116.17951070194287,126.82540796798978,129.3719593976446,129.61179658570666,127.2259812066923,128.64662303486446,128.81536874817792,125.53963481235986,123.58038322631133,125.95942628515002,121.39515287809553,129.95719819865045,136.5876952307548,131.97076179033286,131.31818527572437,136.38388450206583,130.85677877002334,134.61667737001667,136.21843370266794,144.58703193761505,143.58267535702615,152.27058610543003,150.67957752678143,147.61406479307217,143.93394939115854,136.31913733381558,132.25278198139608,128.8840678631762,132.181343024792,128.8173093206831,133.57068518629802,136.47953762725786,130.640456655288,134.68320581949908,135.43288108050461,133.88539562257725,131.0328587077295,130.34016319382016,129.82976783091124,134.1251898073044,138.96782622949286,134.47530464372818,141.28142626764512,139.84775213533823,138.59938092505456,144.99477426827647,145.07071950611345,139.79985424439866,141.00762767186478,132.9475238569118,132.09740288843545,135.17406585930954,138.46982061879723,132.00930703290487,129.39968145323832,125.12164172255117,125.34960720470383,120.47149445579807,114.81060250911143,111.91485298496205,114.23792304989286,112.71249242369214,120.48088316724609,115.80606362769036,120.52065702367186,119.09779445935418,126.00069916108922,130.3647642101791,126.83959246107233,123.32737206739304,124.19179706631257,122.83696736286622,119.65028211847351,118.86032915234782,120.96560306210615,122.79763409041207,122.70760436553725,127.20770108923156,123.73883709201925,123.53407229211102,120.67817467425789,120.58822178624347,120.24639725519225,120.94203406381642,118.03740021709392,116.18957476824016,116.0231782838992,117.45552770930566,110.32225507800035,107.94222609269272,109.53564133510537,109.18539223104887,118.23096641286457,116.637657226245,112.83995615379533,118.30277226959083,122.44710238622265,123.66594573719104,123.02665719779236,126.97916183205803,130.47207251361002,133.02176462646867,141.97818782749596,138.98958571320122,138.22687494805155,137.56489140070886,131.81411242061057,132.41972469164818,138.3423046402138,138.7556696370063,138.45099791447316,138.01962909392557,138.34781481355353,140.8393473959486,143.16311260037668,145.93542123154262,141.17902937493903,142.70210768988125,142.08797651344378,144.01005070164697,150.26282891821327,151.85471063299516,154.3965819447246,150.816750051226,150.27622649376377,148.22024345742287,144.8646892638369,148.0407364695534,145.48279825899266,142.3777827473457,143.17150869670192,137.3404270017271,144.16843378173496,142.04006622406402,143.27953287130555,143.98999156793667,141.3672812341133,140.73422693641885,138.49493294426202,136.13120685361403,143.181794732958,142.114143022645,145.23549856539773,148.62735079423123,148.20983560349796,142.61005768407753,144.62933697543517,139.52114061584095,146.28301633375327,144.31893715985896,144.79012832316292,138.65696463572553,145.96941057053607,148.42440352949797,148.61552646729942,148.73138139855774,151.54022943723908,150.51873554349638,149.41563719585196,155.6954646311619,147.30538813285676,154.31926056871012,145.077553147457,147.89906479846462,148.74690370052204
2023-06-07 22:26:23+00:00,,,,,,,,,,,,,,,,,,,,,,,,,,,,,,,,,,,,,,,,,,,,,,,,,,,,,,,,,,,,,,,,,,,,,,,,,,,,,,,,,,92.1324358921948,,,,,,,,,,,,,,,,,,,,,91.89931531247339,,,,,,,,,,,,,,,,,,,,105.65878737366691,85.64446606623775,76.76055129481728,,,,,,,,,,,,115.7083547707858,,126.75942644052151,79.47392427766981,,,,,,,,,,,,,,,,,,,,,,,179.71649331476283,181.63741286590988,,,163.6834057667166,,,,,,,213.41636438630258,184.76297466223144,,,79.85972225670503,,,,,,,,,,,,,98.65022577195005,,38.52053035914075,35.85670542191054,,
2023-06-16 22:20:06+00:00,143.6441945449913,113.81400206574595,85.71917149231945,95.61596638777375,116.33532232680173,136.64904271908847,148.50128904617156,153.57082129074425,156.38258412496265,147.37138513232344,128.20856797354418,118.41806500058811,107.78839843013183,109.35957736047953,120.73095507382344,126.34707253073489,148.53656322389782,154.39516287726832,152.84578693265254,149.90215989405695,157.0156348521699,151.181924681411,146.79114285371216,135.5100584963951,136.6229361429942,130.57572736692532,127.11993937219303,122.71644744160383,126.87954723020073,124.75012815979412,127.88967717745645,130.4560268686219,133.18572967931814,133.2290194671967,136.7647390495289,133.23779040320895,134.63284728520532,130.41175856867193,133.23105192189547,132.76902670375895,134.3463803683944,133.42931251151938,134.22410405415766,140.36054693481427,143.52254384130475,141.07001369416767,141.88838829184013,139.82652442909045,146.87364491447067,149.51752219476313,151.17732501691586,150.84472545474878,154.75567709990744,151.08831881724126,151.41642483220062,143.74398641194782,145.31203339819945,,,,,,,,,,,,,,,,,,,,,,,138.28869381614624,137.4584426059195,136.253996585247,136.0300355084549,137.43705956216746,139.4540650870055,134.15236416432907,126.02082134338282,126.47604701492486,124.51743149952709,121.58493129320927,122.41568861877766,123.35996236449411,121.69440100519013,118.85993100912083,117.29423507691068,120.70602483318669,126.12987833864996,128.1392262422487,130.5048954665531,130.86220100928008,128.44719540458308,126.46405693165956,122.71209941034508,122.81427667575613,126.39067989319437,125.32495909589214,123.21054929554889,123.68567396170924,125.282475185785,125.60597276483568,124.2261829780067,124.07205355216513,119.41867948547805,117.72260100264374,116.98891426934075,118.48507205434217,119.0936918393891,116.05846308735367,112.61764363137598,112.76661144672981,109.65922414460574,115.9189866259914,116.18853188355655,116.53711197164351,115.50277304792122,122.79615134737769,120.98977841436029,120.16987325507858,122.28099962971407,126.90277154872912,128.3279359474971,133.20712633394993,136.38375674278282,139.0083914048692,139.22787763173707,136.58986672299386,135.70158814866053,137.91061366915787,133.86659288566258,132.42386607477994,136.76321611250583,134.9841210669992,135.1201262123834,137.10846043944898,141.06285941632655,142.75216836252702,142.45010807940625,143.81070485358515,141.6653157007087,145.91874730928825,146.81538223214844,149.27541504312873,149.94039999750697,150.79965183043245,147.51353379553578,147.24352503207666,145.32890132752033,144.53065847390764,142.41783253161972,143.5636883685459,141.93076497742595,141.4598825964947,138.63827994974673,138.01154958574648,141.7535792411727,143.8993615312853,143.25892189649826,143.96597512346656,142.21034340429208,144.4529626427505,143.7129891692732,140.94329537306817,145.80525775789624,149.63093104576305,150.5867136077388,151.9686324763958,151.41778846949123,145.2421001328804,143.4646580761182,140.10144340748866,138.95660738382148,142.64237144601438,143.41689676677194,141.27250788711507,141.27356535991584,143.2574184062933,146.47444243527764,144.8161564939991,146.037667368624,147.0281881882614,145.6618406405442,147.48122722091426,145.96954451123062,141.3189274593702,141.77942448490225,143.75788449226604
2023-06-23 22:26:17+00:00,,,,,,,,,153.3940133924513,150.89521310473518,127.56394713327013,115.39129861374609,,,,,,,,,,,,,,,,,,,,,,,,,,,,,,,,,,,,,,,,,,,,,,,,,,,,,,,,,,,,,,,,,,,,,,137.67987449331682,140.11268036847673,143.08841138426507,140.41419062955606,133.13260693767356,132.0464002802748,129.50308733709147,124.20659895619615,123.58195855555022,123.42260368225689,124.00840081887668,122.06501211489487,118.04581044364299,120.83448170151611,123.85862547654963,126.32539046194336,130.67921987588605,134.10970300152744,132.38770296772256,131.38503654787374,125.66939933824467,127.63737495813126,131.38317633941523,126.06576500095935,126.22258485608347,126.90781242855866,126.11322789509585,126.79742055905554,126.69096894683868,125.49132580026067,125.65075357304174,122.04900494728456,120.35771136589265,123.5234272779797,121.48771995012385,121.13763418500845,119.69695018821149,117.80949933638173,118.12098514437068,117.73418132210816,117.05881136382561,117.22097890725749,115.85537229879777,116.4096985756368,119.04883819918726,121.73620242504425,126.66909705457432,130.4489715549734,129.94351326061894,132.39490865232767,133.63698458709123,134.33285701813853,140.998008667191,141.46832019146666,141.6836680854884,141.93196211553627,139.00588440309028,145.2101709850251,142.22193132667928,138.83991733252927,137.25178971928335,137.5489199019842,141.6503964420982,142.1575560723757,142.41631904410974,143.80974311338238,146.78716225099296,145.56753582072943,148.97357968264765,153.7335443173339,152.3586774133818,153.40700914190785,154.6178009444682,155.67105808801827,153.3266604237739,151.34203605769545,148.30799643568534,144.82489154965967,143.85713424873205,144.64900364873336,143.37382747097627,146.63875202516184,143.69012531672956,144.52033621397246,144.8510913716056,149.90919857081778,148.54343326014367,151.74871306598297,148.52907977597164,147.1473569812018,145.26653274948333,148.32596731282337,153.26109683451168,155.397694892693,153.00144956701632,154.63311319325277,151.96197763287043,,,,,,,,,,,,,,,,,,
2023-06-24 22:20:42+00:00,,,,,,,,,,,,118.4161601563461,104.18743135725863,110.1715103218044,114.20412678772486,130.41578373442508,142.14953471257076,154.4430335817634,161.70376689863758,163.20102905793956,153.89569201853698,152.6537931652374,146.85437872780255,146.13269281102146,138.1601183106553,128.2814405181087,126.30054245355726,127.98595963192017,126.76763176155578,126.23940873592653,129.24476176556894,133.35351186613386,135.2974793912293,140.76578880224835,139.08368339980888,138.23269301126047,134.9033217163905,134.20912813721208,133.15259058389773,130.42480931706064,131.22202394832843,130.89182184417922,131.79277720190566,134.7711120939697,139.50570556231762,143.10985955570504,146.1490324766576,150.81147632353813,146.76296841842898,153.54126317336338,152.83274889492876,153.99447355782,157.74368543858444,160.0316950643895,157.3142377658371,154.53514360731475,143.1658272818064,139.04398635620447,134.32067586678016,136.91752442823466,138.68615977045437,141.3843073760652,140.3481102044421,144.31357084001075,145.13901336150866,144.7683324894854,146.85367219043897,143.7310216954173,142.4054788984115,142.79498746361674,146.00194138878663,146.3108552598484,148.55858272796814,149.26194331651607,147.30066960875004,148.64197131113903,149.61061740161892,144.87260900644142,142.98537752046386,138.98486195754418,137.97442540450425,136.40475100298949,140.4614602777308,143.61502899769698,141.57267445898412,137.49396751125724,135.29253079676877,131.6825497480929,126.50562693746294,126.05279739708617,125.77275952639484,120.96054183474585,121.656504863009,119.49384717160075,116.42330929190558,119.29038722811796,122.16007151244236,125.57348330272843,131.12900559723965,130.71068805357044,127.62910777134006,124.72839945878947,123.77859126104521,125.36911800939015,126.10804639133872,124.27881625353348,122.99378384887268,120.94734028860483,122.00769588285699,124.81568075266921,125.3383288467107,121.25434673972762,116.70923121730381,115.19866932459804,113.78379118649869,118.81115693250433,113.8011680221041,110.38614595100218,106.57270873503255,102.49568548965506,95.58992741724792,89.11795141795295,82.8221090107173,93.90794136595731,91.79381821376495,84.81225462098278,73.46509446254792,78.975056788183,,,76.44651285202333,,104.79076864040437,118.39432573859493,118.04880746382331,105.36932268741747,109.42989248519316,106.38473200354119,108.43650043664975,111.30027053777131,111.66022467494733,118.01496367720523,109.69463596893489,119.96774383629571,120.08122750446779,128.91690142490611,128.59791464990727,133.36009435898984,132.67054069251952,139.75846153036906,135.31043876317787,137.3451109167185,143.22478128198958,148.76124650305445,155.4097955630818,,,,,,,,,,,,,,,,,,,,,,,,,,,,,,,,,,,,,,,,,
2023-07-09 22:26:32+00:00,,,,,,,,,,,,135.37990220226862,116.86831397101966,,,,,,,,,,,,,,,,,,,,,,,,,,,,,,,,,,,,,,,,,,,,,81.55264284932795,93.56590017175144,,174.22098260331353,175.12378686594235,119.61371465613492,,,,,,149.62427355647014,,,195.4508065452268,,,,,,,,,,,,,,,,,,,,,,,,,,,,192.87545681212336,181.47805335624543,188.419835841272,,,225.81051860822973,240.72681388521647,,,,,,,,,,,,,186.61097409725755,155.08029357978114,156.90944385020182,152.94104553053282,125.99786806353742,121.88440034244162,131.55684912887574,,,,,,170.11141521380998,157.5136999127758,134.00179188156145,136.34631860962887,148.18371174999987,,,,,,,,,,,,,,,,,,,,,,,208.37204426532156,,,,,,,,,,,,,,,,,,,,,,,,,,,,,,,,,,,,,,
2023-07-25 22:26:33+00:00,131.5918101561126,100.36384383673102,79.69728602276538,81.0017159732454,97.08944888722857,119.88287230460969,140.5734037876273,132.67072817383894,133.31302940977793,125.300505121409,122.28457883520039,111.2141707732126,99.37840334124387,100.18561130796644,105.74819524357775,121.92021795395112,134.14568067886393,139.29058377057265,148.71444796071157,150.17050819897682,148.13770079469654,143.15869541321067,136.9341247082556,130.1006504173465,128.76245067210309,130.45882457960093,118.23329878068536,117.79354473743886,111.97357639752433,109.55405434884032,112.52166123440739,111.3375020076096,122.03187332761881,123.97142857800846,128.5554262308731,125.41003709359325,123.11911255774478,122.21438874196267,129.3231399123813,125.96087364845012,124.6276281793609,127.02073285399378,127.06686474977442,129.54050203162333,129.04326534352492,130.20165749493373,133.89071615758203,135.9398010390096,136.02150282995942,135.92220403316844,141.80489618366076,143.91971011450198,143.50638946489707,146.9630124983733,140.79079816808215,141.1069520975571,136.03677001560328,131.43151432806874,128.1206730805472,128.61499886117434,133.5279026677772,128.46384480343065,123.45081106389927,131.39255526630623,129.2182559923826,133.99186660969198,129.34846405562774,131.29386920966175,128.7824262074589,130.43814196154148,134.73382721454718,138.0788286883275,135.6317571155177,131.00060281734778,134.11975539536255,132.06601225708764,131.80717901636802,129.71129788388222,130.02964476167196,127.76970862189617,131.28759576686286,129.70053934364086,130.04004707486618,130.23295190150688,131.09874293801334,123.80237631364297,125.33061463136886,122.38781265656986,116.75167613628557,115.31093282975083,109.4853063806819,103.7472362607302,95.40702777069117,98.98587073927435,101.72160335125871,110.02336361795875,110.11336506504207,118.38723914474618,122.05951175569048,123.45457249211448,120.27751544835381,114.8184768707658,117.93695293551878,118.23186546109255,111.42129763698559,109.01259756026583,113.57042260890518,117.32214406568684,111.85012880358997,124.0149585057656,114.62777697568687,108.78180721711287,106.29572531137545,105.22168263011612,105.32465291381486,102.52828451004524,103.80820506274989,104.57268884016108,104.60337702160884,101.77932232879083,98.06722612289533,98.68072062383433,100.85499908070997,100.40809436151245,98.42408621690716,102.11273343711298,106.07700439268704,108.65386959405068,110.40950407267728,108.4050120589256,107.96332649962243,120.02380899447266,119.6951105386963,128.91400364569733,128.05321050434398,129.0013750961296,125.63540249451506,124.89825491000319,124.83725286588863,124.20144713879708,125.54605035770804,120.71243641554535,120.9014918400371,126.93369269611262,126.30037460687822,131.44809458647674,132.28129814095823,131.75687209017266,132.94926407205676,132.12337850252555,136.3421174098403,139.0935501634355,141.71655150888753,141.4894380365436,140.79501700410094,140.02749663806728,139.46875566969302,136.2796959626209,133.0368548021517,134.7060620811011,133.62505768393518,126.40368724177088,122.96140725145666,133.47729141890883,129.73858041409605,132.54265696987514,133.92104055223737,132.27301019508943,127.64791221672427,124.9773111630779,126.84684050118561,130.2154156749424,132.19484141486808,137.83850207875446,139.26163047638283,137.68785897478475,138.49308208682035,129.84570451944512,129.57422441022706,128.34366870454807,129.5541697827707,126.83470705297326,127.82417726200968,132.98905063111772,127.2045241679395,129.14813223600066,133.24600515087968,131.9750347115705,136.2318872719736,138.8515526558804,137.99080904579986,135.7520214304212,134.1031951235278,128.96146678817914,130.78432590827768,134.26969704543944
2023-08-29 20:03:40+00:00,137.3903525803693,,,,,,,,,,,,,,,,,,,,,,,,,,,,,,,,,,,,,,,,56.79873752482555,,,,,,,,36.031618718726136,103.31956440480795,115.38626460144309,,,,,,,,,,,,,,,,,,,,,,,,,,,,,,,,,,,,,,,,,,,,,,,,,,,,94.37702740418172,89.9442032254877,97.34470319467265,93.46185128796387,85.74006104524388,91.83542105686402,,,,,,,45.47614324950872,80.12850963867669,63.54863932584983,,,,46.96501877963952,,,,85.68353263363733,95.3636381981658,89.6084032085997,87.22117987719416,110.98389146934514,,,53.352332288887844,63.58133081022559,45.71047600292447,,,,,,,,,,,,,,,,122.77355365221385,113.7259584298622,125.62686044441796,,,,,,,,,,,,124.30013612267553,129.22392648853207,140.8083692428729,131.5533788476482,,,,,,,,,,,,,,,,123.64858004370423,121.2046603900989,128.14700648239668,95.5085494514946,114.76603188643082,115.72841853996786,106.86527398259928,,,,,,132.11653995233416,134.24420899943877
2023-09-03 20:06:33+00:00,,79.22350228262202,50.502198790181424,50.74572096952036,63.21302857994327,64.07062895488689,116.86886749210713,,,89.58172371597128,68.08104530213872,53.41754521358439,,47.53167710346823,77.46186938991609,101.23526629062806,130.65355089450475,127.22502051015692,121.92520825780107,105.25823812035131,90.01788998037529,124.42496913740038,135.60138314174006,,,111.48495779442544,,73.81103416329229,86.0020631315399,127.03959516119745,,,,,112.21371149955985,115.0771767644798,119.1652369887492,108.47933973675109,110.96807432726906,,,111.24090531962854,111.23796458447629,112.70630568199532,119.27230466464968,122.2835116401646,121.81841784991248,121.0146009749892,125.9284161715869,124.86478938147177,130.3586548334511,131.65602428457382,130.6867449905836,133.34533358386358,135.40574751300397,120.44099924018415,120.18390570389867,115.4440501624223,116.81637001070114,115.03232856286331,119.8393811762728,118.85745292053409,120.6366526067163,126.358180080068,118.45047654642329,119.4200489589594,120.85985222803015,118.01409613736249,118.56056286537667,141.62518989309046,139.88761523336478,107.53471033071675,,,126.18708645096075,125.26770736736151,121.35026206371776,125.82730669811217,128.70855817785593,119.2982151782118,101.55874448344407,101.14623160391886,114.80064444626882,114.99545651333285,110.24146753863045,113.50464344147856,122.32943639793731,105.44654524590072,99.0366345946653,105.88687344361384,105.80232031708023,100.59983532231811,106.72484633972365,102.29634561618548,100.34450551284057,109.09612689359011,109.71592829047756,113.60254645484166,119.04415338657982,116.93804286272513,114.93886069931376,107.92230824552064,106.0392172262347,,,,,,,,,,,101.4749645326787,100.02730224469913,102.63343185201501,97.96247925166608,94.20840192256178,94.51130566995536,,,,99.54390445376116,,116.26321186654802,,,,,,,,,,,,,,,,,,,,,,,,,,,,,,,,,,144.067549457641,,,169.12421503835066,134.51802841370835,,,,,,,,,,,,,,,,,,,,,,,,,,,192.47986433546183,,,,,77.18679605971971,
2023-09-03 22:26:57+00:00,,,,,,,,,,,,,,,,,,,,,,,,,,,114.23685762081212,117.98987975441369,115.37119094587973,116.6009241280085,118.06267646508024,119.16796392123669,123.50828662127603,126.40960100610047,125.55759987297569,133.70623514624663,126.92568674418601,128.6375264404929,124.21433772929441,123.29706190259773,126.593431850032,124.16016066436484,127.79416612589318,129.52259573512472,130.69424583354152,,,,,,,,,,,,,,,,,,,,,,,,,,,138.27275563564717,,,,,,,,,,,,,,,,,,,,,,,,,,,,,,,,,,,,,,,,,,,,,,,,,,,,,,,,,,,,,,,,,,,,,,,,,,,,,,,,,,,,,,,,,,,,,,,,,,,,,,,,,,,,,,,,,,,,,,,,,,,,
2023-09-19 22:27:02+00:00,142.657837231819,87.0571577320863,74.61507905978708,85.22263272294964,100.44662319817914,125.52349757242106,142.14917870835032,142.02724616751607,130.89553983963043,122.95844482641124,117.8048157554683,103.69644864988013,96.00886622811494,94.45486100545338,108.15628782218815,123.8962463596142,128.92673366426112,137.2028557112892,142.10121682934832,146.617353911703,141.56056010704623,138.17673223474307,132.61244047878037,129.2725403999507,120.33278258326669,116.05347649943849,114.29451219858424,116.0246322913103,114.55497119204627,115.05089501224907,116.2722703098666,116.49615349867852,119.2523516510881,126.78781899092439,128.59262748137283,128.69501536825916,126.44103978933904,123.72855231940038,122.62838519937225,121.38955719426498,126.056945801035,125.0731105710979,124.50464513106232,124.9584597550531,130.7459079482024,134.60358461637128,133.56610329920463,135.46412789304023,137.66849454478938,144.17888233212432,142.48798769109226,144.05231586452817,147.10721453923742,142.32318104803375,145.19064297925306,139.0752799497132,135.2948312889683,134.29416386368476,133.91955035281046,130.4046298290723,134.6790464212046,136.46781309491368,137.92703674735688,138.91247182047368,137.6229381289199,133.2295977714334,133.08922713746543,135.31815422492463,131.44337748952614,132.99251028178247,135.0901480704222,128.65039404959845,135.48597564398355,144.87122798670742,141.94923639572238,137.35557831156027,131.89528784116936,130.92588248103326,133.22925369613753,135.08100919508578,128.15743380094116,131.81596536430604,132.3535668123208,131.22561809272023,129.32347433773407,127.6740558851335,129.06505905704893,122.13052809191137,119.0875515357705,122.89679047802963,121.71104999794264,114.14613536555875,110.56343773200354,110.57782210886752,105.01478979078824,108.97669607888278,117.97324549302044,120.14532992763526,123.95736590068353,123.57375185481949,123.94868575080483,119.14609062692875,119.46660843215254,121.88763137603857,114.04812739780255,111.59626894464462,110.74979058325415,113.99231585653271,115.24729045639268,116.39156267714914,112.56482393834219,119.62419616866663,120.4583279387885,116.4470413709881,115.95634837010485,109.08245771284224,109.70700021551252,110.20564263379377,106.80228303937577,110.26372538957203,114.47082523240118,112.4600392300176,111.99870568157449,109.99700624552348,110.80402097643488,112.85431089300326,115.17745059338468,120.11668200082751,126.11999015120753,130.31881721993503,130.5243656898712,131.34579976612434,130.29692696587324,134.16543253540348,140.45183088267973,139.7759573566946,136.56824837135719,,,,,,,,,,,,,,,,,,,,,,,,,,,134.62594012998153,142.28810819061414,140.08566497833587,147.02872261961417,145.0120348650669,144.0415492073639,142.42724926494714,147.4013969583887,148.08129808111576,147.8664447730131,150.19543917315303,151.60790045196518,145.49033920032127,145.65132908307265,137.21246644888353,142.03129042911777,131.9694328175336,142.32810430416453,140.78086517761966,140.50327825023314,139.26858345542328,141.15307852874605,138.21174235481686,136.21562443465336,139.08449807402545,139.85037477581326,147.48482248502478,143.46666122271864,146.57271838478232,138.97473453919193,139.81019164711245,140.67200716743793,141.75114090302804
2023-10-05 22:27:04+00:00,,101.25337090961538,83.56758555180976,92.47317048597814,115.48217304349035,126.04308419594435,153.66941251268273,148.55513788627132,140.97077542688183,129.0997396255116,123.8728568867522,116.1096752227684,105.68037637613372,103.80122551883694,125.71378948287392,129.08837557349744,141.57722458791596,148.66479638334818,147.90547559560144,153.37849278581587,147.58511686835536,143.69812365941235,143.13830881768547,139.08744695871255,129.2087513239522,127.37769217179613,127.16352782331977,120.70933388363343,121.20964499026287,124.20108046792308,126.44330725734338,123.19077511690298,131.864579543699,137.90312937998536,133.77492400217002,132.2235101427368,132.28174164840306,127.1338262386605,129.70143669769237,131.48837398189013,132.65848832710827,130.91780244231626,132.09797310078164,136.8453062215874,138.39683195567142,135.53876932614818,141.02133622907928,143.35424176880286,148.62511056555113,145.92745608999064,153.05998418274925,149.95642492198874,152.95120988168526,151.785413362888,154.64932184424802,144.38455013697796,139.46339443594317,137.6387815850777,137.9216624750735,139.89746896216315,137.38560106925456,142.5253691817972,147.5972787971974,139.99985162565872,142.18337639620927,141.73526629334665,141.08663146956565,140.68184552336223,138.79052858891595,140.63931947239217,141.96417292621229,139.92319610084263,141.9551475389593,148.7894234305451,146.42882223474982,148.52125301028556,143.75240890113454,137.86597572904992,,,,,,,,,,,,,,,,,,,,,,,,,,,,,,,,,,,,,,,122.40005578658109,121.14920827213425,120.27536990343343,118.30812047717045,116.30927954593346,,,,,,,,,,,,,,,,,,,,,,,,,,,,,,,,,,,,,,,,,,,,,,,,,,,,,,,,,,,,,,,,,,,,,,,,,,,
2023-10-06 22:21:18+00:00,,87.4912988206531,73.22052161218127,82.24811092009234,92.98094608210434,107.73272604217269,138.8561070001199,139.00230015279158,128.49967520656077,120.59734317128984,106.72284037838607,96.78302793718852,90.26726562658283,92.86855691476026,100.0261148482071,121.36826840959688,126.70088897255673,140.9591474511103,137.39997686130914,140.21769752287506,136.81748979507682,139.8983020680569,132.48301672638593,123.3551200929145,107.4721479093997,109.84363613166278,106.67618695754756,102.43144739643118,105.8366351118385,109.38411857683707,104.83577334159483,115.15776705845914,114.27542545851304,121.54534099449558,118.6045534595076,118.08144326153571,116.87886827075353,118.29153952829896,116.93502013450956,117.87991531240851,117.44231048849555,117.20121517172764,116.67858980558425,118.52939201672086,120.11561714085477,122.37333375161019,121.64021108631135,118.78261882553035,124.63021220819203,134.0870039484817,132.28705640927728,134.33161873657204,136.33508995921594,135.90211733474538,133.41504155012396,133.77374112130138,124.09862227818849,122.6903738391331,114.95008481764287,118.32838876116476,118.61167043153063,115.81382189443946,122.95509631857881,110.0230605115982,108.3755214651031,112.32579668895173,108.76397712993626,110.63395770436834,115.99891755862481,120.1873243744388,118.7569079038684,119.01296792544613,124.06039855043012,119.49497866983857,123.16669228443557,121.5580813973277,128.3472957892995,121.14460308979511,121.35587323996901,117.20088234205654,118.22160459200305,118.96885453780271,115.73360162821112,117.01554408072124,103.726685157752,105.71420396218043,107.83511346428031,97.94878523631286,100.0663665961342,100.90732869389142,99.8077514030432,100.552586923272,101.30176055089363,99.51756929918196,96.69878160509646,99.12885821215042,101.74504654922576,107.8247957300085,110.03723677890191,107.90768126994624,108.3888468684339,104.64071719826315,103.02459550350316,102.65230082420139,97.21828215303208,97.03835025427473,99.22221016287196,102.80410379233447,106.31134055085194,106.15724802734397,107.05268559580291,103.91479678805734,100.50022703724149,98.44770518186132,94.77594752044091,92.68177430725532,91.94727714361936,94.59143558565833,88.43562118530548,86.09658743003281,92.06221838236867,89.99717348419856,92.44463435708536,91.66036095170001,96.58574897292893,100.4238853044388,98.14655424805412,97.36657086388044,110.5937833510669,106.2916446171693,111.51191540548368,113.08615331967076,118.48717507371211,119.85815788664543,124.28943625731549,117.30226349747326,118.5938806486834,119.60781835441936,118.52357826310532,120.1559518692301,118.71708804112205,118.02832221600728,116.33118220778243,117.12007934945889,121.28395707616268,118.59890794913694,118.11262309996803,122.37319789129634,127.19468555927196,123.5868278158952,126.32886658389438,134.5495560413651,128.96717031930496,133.0748740446026,131.2328194065716,134.28811617368697,129.12248582715858,130.50082284775186,127.90402582921155,125.82886920428268,129.8213667619421,124.61193533410496,127.53590385202152,124.87025938799376,126.78546008788992,128.36843132464085,131.67473461119735,126.10480324067201,125.25842106900551,,,,,,,,,,,,,,,,,,,,,,,,,,,
2023-10-21 22:27:08+00:00,,88.32181439207172,74.76610092490404,82.7030554123688,97.24546142413962,124.05539806603731,146.9534142976148,138.64954792787546,129.50532619437826,119.83831273876142,106.52401701368119,98.18784837357208,93.257504536576,97.18821077331079,105.83587118688264,112.362187718573,129.38708648743128,135.709918548717,136.146313037527,133.5005377767526,142.1932681820871,141.81521419463215,132.93757025878813,121.78807205128082,119.98435555990879,115.10062349701037,112.56499164198958,108.69836714468482,109.09193357388041,111.56914521125388,113.7840891325207,116.16641748224416,121.43328218704278,123.06547565885404,122.49282011143396,121.3264219330528,120.21218510011887,113.52524998460083,112.68232337291158,116.51243165819382,118.05194155725144,114.24438163127056,115.52536884569324,123.72370830080159,124.06643357071322,120.54819592797632,125.94090445589178,128.2460046622942,132.1871264237154,137.16247986320772,135.15542734851255,137.45915338356062,136.7728407541768,131.48331935293203,131.2781719991434,123.71809018268458,127.44784167993038,125.58758354611524,124.76241238143915,122.56803213669325,117.41616645779105,125.04829913332624,130.8633670404088,127.46716799742731,125.19370270039205,125.47819126104059,123.28802472261845,123.80815432150257,121.96275181148447,120.00720866911612,125.27004528777898,123.03680509223976,119.57208189273184,127.475268171682,124.8761511878676,121.97954672150621,119.92744580065958,117.81684732236653,118.94959630733536,122.23966899102824,129.10863917345483,124.26409677196,118.6693753717684,121.9972163235814,115.2456626900696,110.84118036284812,109.1707583479458,104.89214580751708,104.87634003214517,106.37474374009066,102.65106938439799,102.27712374951666,100.98635983669884,100.64860967416588,103.96146442536032,103.62134189410018,108.28034933292004,112.95033699705932,116.05650886702958,114.29025754124412,111.14559679144224,112.63879667901288,107.33013977004867,105.7509189598134,99.72105526594724,97.37757525267908,99.39290975754857,103.96329346097886,108.649677776081,110.88583526837553,110.00666951595643,109.56841908188458,107.56094002425289,103.15046837521328,102.97345394123018,100.65833016434699,99.90106285972587,100.3409735689138,99.11783789078542,93.26124657404522,90.50379498070014,97.20068590768479,96.7889030237599,99.9518734245156,96.88579794200228,105.32243142359296,105.4888867717596,103.70153327624676,107.6303391669029,112.33997314856308,113.45210604601095,115.53539518275313,123.48810462535081,127.05391092207512,128.99202190624067,123.85716207319011,117.56340967961832,122.01319955123847,122.7195181161802,123.5861919473586,120.44427160632414,121.9219056594374,125.0321112449035,126.40571819121293,126.884849216097,129.45559267459782,127.45211771737405,123.03690511002692,128.72701246375047,133.24755882570076,133.25713328706644,134.288619339574,133.60008390962258,141.18643965883362,139.13024928036376,137.72231738178087,,,,,,,,,,,,,,,,,,,,,,,,,,,,,,,,,,,,,,,,
2023-10-22 22:21:02+00:00,,95.25504344266396,74.82337613234533,86.46205747290968,107.05186694630912,132.46947751892162,145.45977391882445,145.09511049545574,143.6147301090039,131.8596458942249,120.71270327406626,118.96934600254444,103.50235777779922,107.90348322293481,117.06850005485023,124.3476597044362,134.2727134805272,148.96748999778475,146.31236324819463,144.17729271570118,150.38495155827889,152.688071715921,142.9050374108201,139.09979891856145,127.50968086006253,122.27692513272636,120.06288666285629,116.31473762303297,110.17683455351558,121.3628025865513,115.38308236520069,126.001468663763,129.1074002785098,131.02265496285065,132.5506980234049,128.28042644342568,133.55925335728134,131.64919532689845,130.9752772128794,131.4986706955852,129.2771104907385,126.03874186633504,126.75704203334723,127.95126629690823,,,,,,,,,,,,,,,,,,,,,,,,,,,,,,,,,,,,,,,,,,,,,,,,,,,,112.27169964680046,113.2251612992966,120.52982387767727,117.4602369132453,121.46946190624992,119.91622611559161,119.09693361467578,112.74567890342009,115.21733370054056,117.68776266752431,120.01411488555166,120.0287672327278,119.71214605602674,122.86535881932089,117.5677697849398,116.89037305830074,110.68782966378001,109.09201098839127,109.71883774563474,106.415423008555,104.25066183129914,102.89773527966373,101.27154882701176,100.9037367153387,104.48349962507163,106.99710256982479,104.20583149300809,105.89636319870317,108.51272977527483,109.98828361650456,105.84284249566828,106.84956347580582,107.350112006733,110.92749304212204,111.86393932986016,115.47049002099169,121.71465619013291,132.49716317152064,134.33231016439163,128.01374819740354,128.63136267095746,128.35745507419873,126.55105182420189,125.54408254123715,127.98407984492093,127.69526026719058,133.41939583089106,131.0280074629116,134.7149198021964,134.5010071022581,133.3985318648345,134.61561809876355,,,,,,,,,,,,,,,,,,,,,,,,,,,,,,,,,,,,,,,,,,,,,,,,,
2023-10-29 22:27:09+00:00,141.79557281300757,90.6077173910734,64.88428714244908,87.56912342467773,98.68571078681103,128.33473734534894,147.97948882157917,145.32851035940305,134.31336480748854,129.20966944250463,117.555606792118,102.9762824373802,101.59760647583174,107.56067213936161,113.61003336695191,121.08493336974338,129.7607821010371,138.0778502041848,138.6460434917348,143.90154590261483,148.47020863647526,147.02063203536406,142.4300875702434,133.5894019498659,129.20760705987303,129.27966545165975,117.23898308089566,117.9463319940983,118.18397848419389,115.5118049078607,115.62764968346184,122.1244565402521,130.2485871803346,125.00516149613595,124.63033167132225,127.7080502520084,128.05686475205826,128.74650024985854,131.93603156344957,133.55924800878486,132.60399514775244,129.8044199232648,133.05678353111878,134.21116374938077,134.5822827758387,133.84131173534317,134.83394940157424,136.25810786980344,140.3249141888327,146.95551182668504,147.95882773135233,146.67354327629928,144.86576402989843,142.6452983523919,149.6258004356271,136.93208561064355,135.36190551558954,132.96718480112372,137.7203198529998,130.2395968812881,136.0452122173251,132.88583561512831,135.5033726995249,135.48717516761437,137.00021004258656,131.17967303279457,132.3892749558328,134.3159022391926,130.3262320370036,133.9025313889866,134.40857873397047,135.08295827951488,138.43176340248107,142.09697795407828,141.5896254094966,141.5913894726793,138.71205376905434,130.3737788960349,131.42188088001387,136.88035370631425,141.15841218083452,131.19471239946705,124.3204911367613,124.67379388656518,124.20441733718903,122.27639843027745,118.53156089699075,115.35793026357221,110.1814132016408,111.1724167513697,113.60245150672802,111.04895889049297,112.78246520750328,108.7322935417637,110.06971648332652,114.7623919292721,118.4782727325017,120.88427304528241,123.09312488475484,126.88062684131283,119.64995387378043,118.90575839425037,119.83552185795897,116.8386206275259,116.96678765952181,119.0295034968689,120.32507756732181,119.41099066566754,115.02377826659355,115.60781758973204,111.0543672876164,107.45950253424728,111.11477750911371,115.07053057855026,112.12340376710782,111.20240297145568,108.64986038832143,109.2486446718292,111.83654413226309,109.86034826646447,107.90176026566552,109.43926465652126,108.53803921024381,105.06538813951909,105.40758353490598,109.52744986601988,112.29554244641324,116.51780426829716,116.3748964501302,120.73417244705507,124.17982371830769,126.67672830613358,131.59800349285848,133.68666949721225,133.4608878429923,132.2498100783888,136.40588642683397,133.4001502883149,134.8660163441412,133.05037600023536,128.2030611606336,128.2746273934652,126.61700996163933,129.2843610450285,136.88337280819934,132.3208494554945,130.40519289329666,136.7337032670021,140.3654408406729,139.6796997758251,139.57913324878632,144.99746134967705,148.5858881539625,146.94092954632367,151.12495355544002,147.79430343754575,147.16811699908325,145.52318060104793,141.00081636078875,140.70010240402337,138.91631288466502,138.3765938417849,139.00774516654454,133.54736708814298,146.1743806389939,141.50162971518353,143.5255026882753,142.38371328232725,142.52119753046082,142.04444729637706,142.4319188756833,143.93535922786776,149.40354430057766,149.60660036042762,154.4995386934815,146.98117426968676,149.70331870365368,143.54611157591037,137.98634782925967,129.00918719833814,129.5499001097753,130.36464254805279,138.3368005854602,139.76664941520838,139.35920212057673,137.5035175993655,135.8095154439147,136.24237383386355,144.84261489901425,144.47071120940836,141.92552350947366,142.42368141672534,135.81224962541785,136.59402776136525,135.6357070336688,141.76849934120443
2023-10-30 22:21:00+00:00,138.58961928560774,92.42619086673483,66.62686295028533,70.35989332306308,103.87162161481011,118.33294946463153,149.16300852609285,140.27805359243712,136.16763828040982,126.39510204160914,118.28718202314536,99.59624920258314,100.4178584482645,100.95219103387902,109.70622735373914,121.88116132685909,124.71205322715497,132.49353729810613,137.21792506916714,148.47647594448415,141.17240950827463,134.2684838929417,131.09401210603528,128.81541143910854,128.42885484891767,125.49655716292916,113.61471065431917,117.24186471616562,119.03463588296361,112.68193908242219,117.57000515632521,119.15955510754773,122.11168797045946,126.6386236531956,128.29776988080587,134.284356840814,124.38882105857553,129.3467922564504,129.7111262531757,126.16067681400912,130.91613946095464,124.97362899809187,126.17948286822282,126.781954787791,133.41105532172992,126.89208101120961,125.35603767110194,144.5858071441455,136.785964922009,143.79739961604935,149.0567050526977,142.8966169290321,139.27747273142825,138.39809142473166,146.09584717881074,142.0316194441225,135.06473301158127,130.92270534842262,127.43792805908996,122.93084839189738,136.7226486729471,137.57960704881395,139.59635982866837,136.71905230215825,137.10255197222452,137.56184191019454,137.13655452493998,133.75504126159495,135.0095209564066,134.57060231406828,136.31185338245834,133.5174391252087,137.04376876447972,142.48586253870374,142.6144122225098,136.72855471037622,129.2056277285273,124.63911291417187,124.28636002500602,138.3154012628097,135.03601850721415,128.0652351966524,126.17918820774983,124.34404673786602,130.70611523240188,128.70700581384136,117.91030912386726,118.05124896394305,111.86247698345566,115.01308512319231,113.78584424333584,111.95045281551738,111.97811257364248,110.91416079123896,111.37654745126996,111.63016965761271,118.17750084121425,118.53722390671463,119.6675766702907,117.22955711125192,117.1391776504777,114.75503911455337,114.69688473029073,118.21038487918828,115.57973017844635,117.99518448461014,113.38243751523848,110.00138217966719,111.42584029264442,114.85097230630724,114.37334702484068,110.21263002852919,109.66681358469503,107.8560025536955,112.04534431058832,111.12498896134855,109.84774971400377,105.88669734046502,106.38036552662861,105.9950481093626,110.57047923938042,111.03101196002868,108.20052923025366,104.82272276313284,111.97260487377352,112.45847716010584,111.82275135243279,115.41205793706075,120.17308665796031,121.0310624893219,122.0454863848749,132.26975185901196,131.78099487043497,136.95851970801496,138.6582105582304,135.91092881583586,138.4881957240076,137.15903409692856,134.2852923657459,132.78216464406202,129.38780254688947,129.7789657775538,132.21303609948785,132.2896664149112,137.5142437470129,133.32069819849718,133.45134202840833,132.8721149197999,132.61730479650487,138.01409293075895,133.68828791612472,135.26345952333693,139.5401906671489,149.43937814555855,145.4809955376149,144.4029421390841,143.98587943693627,142.36256722533602,139.70475990154094,137.38160892283486,144.01236019807067,141.51574452812008,139.71517996151937,139.6497257700288,135.23569889829412,143.8274122950328,144.53134190185904,146.14554445118142,147.7868541206405,137.27340816302504,144.94510930077075,151.18057697875122,150.11777231034017,151.22210974029355,151.7750643481532,150.80895903390189,149.37132513082568,146.5146360027514,141.75613689675953,135.24654976821503,140.8112801280303,136.49842746390567,143.36434153316117,146.90882612484154,142.2422193065443,137.67191042944515,145.1010422824707,143.04116806160567,143.90944185943758,151.01473195855993,147.88480764176745,147.7357597267877,137.0786174639286,144.82790605509052,138.76598720196674,138.7577781549386
2023-11-07 22:20:57+00:00,147.13843538276168,106.60789062973784,88.55983179753642,90.36766838723022,110.64672500613472,139.77718797986805,158.35534365116004,158.36191524238853,138.8651788302501,131.93669259112863,125.62234719053151,119.30328310317617,103.99411041427544,100.60260691113128,112.86518367240444,137.17480549836358,139.99917572259614,148.71475468862133,148.86041939752204,149.30938292150861,165.8949747750798,159.84972684036833,146.6563233659822,140.0509939261959,134.67743907780917,132.0813868256888,133.92452412649948,130.3190100556114,125.60233558854743,122.23815489490903,126.54414997441383,128.28213866499777,136.56613671034046,137.7020537085009,144.51985386498052,137.11550044134165,138.21318039322645,133.42847477465273,129.35056350810277,132.2195856643059,130.50835703115803,136.7738001976165,135.9144458612917,145.97692920430137,143.76181972705308,142.08532334879294,141.5417826498366,139.91600501523624,142.9068649173294,146.59161956897285,149.6037315732511,149.95696985867795,150.18785125489742,156.9069427867839,148.25127212761055,145.9590571633933,139.68457493574837,135.36433696980822,137.18587314933686,143.84632979368703,136.24201606221447,135.5012145208464,134.7369902694717,136.76155299738286,134.18697879448135,138.55163662961692,139.94798664737675,138.46500779720233,139.0036563404592,140.5092121254679,138.46146446121483,143.37921232459084,142.30581093621913,141.16897771011818,145.15200075013894,143.06246714459616,142.50742438773693,140.62717113059014,142.97821428776115,144.44757485282156,147.46678418850757,137.8559161632365,139.46585392731978,,,,,,,,,,,,,,,,,,,,,,,,,,,,,,,,,,,120.36287738224057,118.94784095311911,117.14964488481397,113.53017172411172,113.04326617902551,120.80630278973157,123.19665278557713,116.40086730839971,109.4971430013027,109.89083480823027,112.13600529985267,110.17867758487787,125.00214843501912,128.60349276805965,132.72962936177868,134.74570180983216,142.75130164650017,141.96371612437966,143.32912799924605,138.86847815583496,136.9311926169257,134.1611451883421,137.29830043800868,137.62547633313662,141.1921836221157,137.69474064418515,140.88018051035883,137.25405792893528,142.68165127973214,138.24312307864184,136.43517880698494,140.74440932584275,140.59079230752698,142.13248284668978,145.37496644977546,148.86080636314375,151.27863102396742,152.53873831980056,151.70733778056885,152.08607135146687,150.48031915208503,146.62527876977416,141.2292365468296,140.1093362936772,141.67086318845725,140.84403143864822,145.0484948583092,142.41635038237632,143.37136785050822,142.41525226651217,136.02757539055247,138.24857823944424,145.68655497821416,143.24070021725802,142.34407834734503,150.04490764066594,152.74575534222186,152.085225210468,154.2806853308807,146.7053584102439,148.25065854632263,144.16688331901108,144.6498730756303,139.6706354226813,147.9674105530706,139.53674081437558,143.74426591390264,147.1335442406543,147.86759872136895,147.92832633727843,151.84929273701795,151.32085979018427,147.56739700040205,154.01756971056585,145.845967849257,152.13332987130397,144.08528342548556,149.40531143952202,148.09139815809507
2023-11-23 22:21:29+00:00,134.60442714385223,88.01465793457814,72.71622423601265,83.78283075900043,106.82986045535007,126.74402627710772,146.25754445139933,142.1466100102667,134.93230923143923,122.35238042770543,110.40962178668912,104.84956000038447,95.54963346449073,99.71904656620129,108.90270748785672,121.82632544374782,131.69699881417313,142.25145000649746,139.35298718204808,141.30959691363702,152.10967274129007,148.47584597458092,132.1997932659599,129.76197096022344,124.40956977114266,119.18322203374615,121.17981434233029,110.56694182472206,113.32458865655772,114.1036220900024,117.23206477233506,125.20433898998849,131.59234186520442,135.1009629318397,133.4189948666353,127.23756599588658,130.48646718286298,127.26880336573713,124.81755149921679,121.542397873481,121.14531989760627,119.5433970745969,121.40137762398894,127.62526501230955,133.07070800455244,126.31850482692639,135.55427292026036,135.25148210413104,134.0681225713394,135.56607363743566,136.02204821838248,131.75529692805057,143.61231473877993,149.6120843242813,137.76151983445658,134.56270166063095,126.7257163217549,123.51113441080412,120.04056196665239,134.3063241885892,127.99042837312443,124.73788316354863,126.23753150235726,127.58288824076423,125.10977542568607,123.45796087020571,121.6013386558275,120.31072117077761,121.53099498965271,122.9704235125074,125.9608559555326,129.78383339606975,129.90201483992493,130.79455201097605,128.4339819996231,128.3130548382906,130.781379069169,124.58604752023867,131.13664360781038,127.08976521388823,129.11778017046876,122.7271077502558,125.2402855293239,129.48367525851515,119.86391572018287,118.28048819174313,118.59204114013825,109.04595732198163,113.48854988047992,108.03903955937452,111.80161547248083,106.08107178805119,108.0926502974673,110.6991760386017,103.46926271633393,103.67770654274875,107.68869979180648,114.17352773427031,121.19186286860094,120.12075809145371,116.6402812863465,112.44595055800552,115.18130515917107,111.96699974019167,109.41759676502264,108.66948141606966,111.39928920074824,108.80806786005357,115.8216575110508,117.48997933228226,113.5281093302527,114.09016131054126,105.91697182442294,99.65764534306085,105.27330534205832,105.85523787229297,111.30991365149953,105.43303851346394,99.14337013632365,99.19506383299307,96.92642798975422,102.57824730289344,101.93960000774611,102.64466289546328,109.2221160857624,107.3621811210859,107.23812735589802,113.26930314354631,114.07189638627,114.7717989836078,116.681838083122,115.75241223038711,124.12553793014455,132.65125173860304,130.01829762487017,123.73519497437702,125.25731898974917,120.2881489110889,121.47418685181786,125.06407790133348,124.90277186808589,124.17741359895128,125.33693647973439,121.28223660091483,127.56488696049792,129.69279366540425,131.39666878075968,133.82711187830623,131.88410104783762,133.7887349333165,135.36690478125695,139.66542549258264,140.72185441195083,143.84368920035035,145.7636556340626,139.3595010211474,134.83487837227207,136.6400393252036,139.0741520668738,132.09904444260334,133.00881874359544,129.4728610224779,131.42633714362236,132.8310621797171,132.82134201648415,137.2628724271228,133.00343645061182,130.5396987103531,130.01970466257822,130.95965494118624,129.78507937097822,135.31653759175606,138.9378457664805,141.40182370226916,144.0799498543299,141.90432363533742,134.43339557499112,136.30065308773422,131.12699067129932,137.77661545932648,130.14274971412007,133.05331727329892,132.35540346015452,134.62922084520085,135.94869188360818,138.25208607652058,137.12317544719215,138.00746789636673,137.93674222239187,138.4814262720357,146.06188991279495,136.19767305813698,142.16878112167066,129.56213130902125,136.06771644959025,134.57738882162317
2024-01-26 22:21:26+00:00,131.9560773592427,67.09142724589378,42.78852191015275,57.09627205828093,83.52375989882512,104.86396611838403,127.27692527242718,124.54774257229076,96.36395111844996,92.69433699718913,81.33666122255387,84.40595471054104,53.339090529712095,,101.51231634401098,101.8617109772822,114.11900364158618,118.45694809410418,129.56207834423867,129.6781011053162,127.17187590564916,122.19819143636073,118.46178019453679,116.45012653655745,115.16373135217147,109.29126549410967,105.4012526893132,103.09820418918306,104.00047830883794,104.03023876788635,104.43151701193851,107.43828427751012,109.21681270713265,111.44043634485291,114.18550045922552,115.9779948463181,113.21975795621346,116.48972982976353,119.11354162312719,117.5837398497802,116.61794535434049,117.74579688004515,121.09157355561493,117.63360446323877,121.8646808463047,123.44568539605726,122.63634154048144,127.80882722574958,131.42114302381563,137.22249529950497,134.00334320580274,135.40273134011468,134.05740073495357,130.9958712853905,131.64102634525065,126.80221281817042,128.9884251004617,129.18096404373335,125.18076754631878,122.86121884031918,126.19254384379408,126.2288770073996,125.77445291376048,127.55404509081731,126.64322259118896,122.0240960926467,120.16443256828117,122.97796889375898,122.74799646613124,126.05321212519237,127.81409692599847,128.91110179338972,127.96541735580354,131.10552424918512,130.14975601424976,131.1317380382646,123.1801411228259,118.65313453779609,118.19579553037177,118.23810919014036,119.1410899056216,117.37538934520313,113.9071314731764,118.77202928917127,119.45549719841611,116.43355051751635,108.32366547337175,110.21147696095112,103.83777909136425,102.76805858159778,100.81537057071935,103.97911745702407,101.21409299465437,101.05183352059433,104.19418140345354,107.6268131017626,111.1577221106122,113.10065047062687,115.5089803804929,114.38287926835612,110.00046560641792,105.17110754448133,110.7770607244318,109.1500503056781,107.29878532111393,107.47959217136105,109.52902154765006,108.0823756185771,106.64608689834223,105.94030489116759,101.5081339335852,100.35163944723023,101.48796511656664,101.744063359379,103.4064932310514,99.7601917232306,102.40974072211155,97.87849525098352,98.9540225323101,98.3920005301967,97.91526208646243,99.73247367845774,100.8758033994503,99.6082803614951,102.60901519394658,102.02688936968306,106.00123378998182,105.22726205372892,116.57712204324642,116.68910322445387,114.87550549852524,117.59590630852334,125.50889763652555,125.2082658018171,127.193187170887,126.27435656241448,125.23586564578683,128.84978836229087,127.32037794099924,118.95641487696349,122.90565052323174,118.2991477069716,125.50859743753654,125.82007273898819,128.54996723936213,127.09128776508923,122.00477715788206,127.9237117453376,125.58838950552088,132.90291985920678,129.44213736972137,131.0881314663049,136.21303790460746,138.60008546550046,139.10355527132378,139.8188564500197,135.08995730507675,134.2868328790585,128.91526597956923,131.55269433231933,131.5639529712832,131.18423420692886,129.9882389434612,127.38045792031821,129.74670328593115,132.91164792720124,135.64231680190403,137.41920802587882,133.56906436654893,128.57439885301534,128.60025695040102,132.5360487042812,138.46456654962964,139.37393478155138,134.90196381601982,138.05942971869075,138.25707631394087,132.25675562512927,131.48990294575293,120.44682860927004,127.18619992834036,129.5220388850544,131.42460558726938,129.0542119528055,130.896301799565,129.52392787147153,129.37131219374623,131.45858804624905,134.4025150739343,137.26796261815898,129.88772595437987,135.58340653845107,124.72356189027548,133.79316495832342,127.10722217739917,131.92903852006268
2024-04-14 22:26:30+00:00,139.13525612964565,87.24274507781567,55.212192429940046,62.365501889072384,93.80428760704685,131.9597125198481,149.18037488576903,141.5828176283951,141.3103452538185,132.80302319313378,122.86969887917613,104.99574270584016,100.07815433401517,99.4650571999144,112.87078621902174,119.97073599678907,123.3843163546266,132.85846683102136,140.09363107589766,148.49823897127226,146.18332537091626,142.55169585203956,133.4507875327851,128.95459442904166,125.69317580514307,124.84735111809519,117.27362653097171,115.24400162571689,115.8282832617485,117.56794688018759,116.28740568201937,118.8179092428655,123.03227162608806,133.0289551108958,133.47981601719832,133.76202731644673,134.68843704626227,131.62196471621687,127.06726050985685,124.575630977229,123.02789952808368,127.60417137809002,130.29303818857264,128.7040830322585,136.18711011547254,135.9256047437924,136.9971514006625,134.59291074782433,142.10143008810988,142.41697039220045,148.03885793385595,148.12956459015174,149.0823781375766,148.5206858945146,144.9211993230546,145.31746235259826,136.6276005031072,135.4605270434024,133.17748552698419,134.66288599166265,137.61787497977687,138.06199037329043,137.30060780086725,134.60459374596175,138.2890122749025,136.69888294343508,135.72226148281135,136.92194803859567,134.75644833556262,132.8405016779658,134.12522060578712,136.12314105933706,137.76447009469933,139.11124267750984,142.38857612043844,139.880691594438,132.6269214772473,136.59525621081215,134.6262023059356,134.62550662777116,138.61975291232673,134.57371385156478,131.62253271406013,130.49880703693688,128.27599860842557,127.0310012513622,123.02127082307966,122.68275168529276,117.42336905820056,114.72513318055947,115.70231486824659,118.61426109242204,115.96908227073102,114.6285083075018,112.46821597278476,116.16416470128839,121.85431287986624,124.02519308779138,129.0307536859161,130.43349123807505,122.26261089993133,119.64405813958521,118.53304127082535,119.0219028726441,123.32425987367276,122.0911798717072,115.90703661521913,111.42342804563074,113.48299015394137,118.60955386732395,114.98943356761524,116.79970513333136,117.39398865089422,119.39259441191918,119.3225539150268,116.55722563954801,117.64189014843699,116.31356953463089,113.79564195962742,107.22983097482916,107.92203248857606,113.55209327842749,115.8548067215827,113.16947502408924,115.11634755714655,117.8071702306102,117.23220104786746,119.48700035796948,122.88322782141069,127.75358733908874,129.51504146735348,126.13887848088606,130.61755878871114,137.95548024048392,140.2833742848071,136.4745419802604,137.5532705157779,132.50538932858933,129.94926334224155,130.70356417778106,129.45196209480048,132.27244175435936,133.67247970128864,132.35651508130456,132.88281791713823,135.37357949532569,134.06834732479717,134.26827738049653,136.78984369984354,139.3772714536082,138.57324423329868,140.31805771801868,142.64433701037737,147.61042431248762,148.99159119141348,150.96764125574333,148.800937075595,150.22805506364102,149.1787378310718,146.79728798056203,146.57262461648588,146.99735809951264,146.0539409055983,141.50928536834058,146.22565778062202,148.2219724165756,145.89587018338446,146.8620627671076,143.67015005281797,142.97554304836632,143.26260188414366,147.3727822703555,150.91392460488078,152.06451737875415,153.98728432100853,152.48576707040755,144.8325311000415,145.93807667263275,141.4795658810034,143.6699819707031,137.18729166583023,139.46056875933505,141.96732071348936,141.80327304543945,138.9158295378264,140.07692891241706,140.1164860259288,144.25478168418837,142.69037012246605,145.45055737749232,144.69256871848293,144.43629520525278,141.4187408931719,138.64211137886582,138.78829081243268,139.09684570978845
2024-05-16 22:26:05+00:00,144.36025033782514,107.58516109346384,72.69327772478363,80.31599635125932,104.58986533626086,143.29198972980925,163.7748495642574,156.77403426030412,145.92136698950557,141.02513225860864,135.18044301582967,122.7603708700456,103.70422116048233,100.00173801572888,113.07187290194463,121.51040600159718,124.38680092997215,135.7206707103971,146.15538285535374,148.31661769288706,155.96611736477522,150.69026039990302,138.4557999729327,127.01690466996081,120.35364567671418,119.47913323934988,118.13633141919563,115.60152208245681,108.3978005365115,112.2051190420481,120.99808901507245,131.3889728200508,141.80338890434382,138.87018589039175,143.00695490208378,139.65139799850576,145.3275067209029,135.17228216120787,131.5882127464006,132.7065406012938,130.50468177905177,130.7775163874641,131.9392596306525,138.33054099246874,141.92484148059543,140.60007727095683,141.76468905719722,143.5794634343596,147.8407277205054,148.65565754357365,150.00673846155496,149.29188251668882,148.8678112719989,150.38462623868642,147.2567555159663,145.4065458963824,142.2663736385032,138.071120956196,138.24573200018588,145.89188581253018,135.6694095149966,136.23741322566374,137.17452096093817,136.00364434521248,141.29496453835543,146.41838301770798,143.37655233342255,139.9794917277615,142.57287552883315,145.24822148040366,147.76808866926407,148.41099633003847,148.98305866567014,143.46573186407136,141.79337596355492,133.37392384009445,137.05123210960488,136.34042374288822,137.55913615847896,137.6210580527695,142.00803248684085,138.39581288276622,135.68959206494046,134.62661756464612,132.5060319941316,128.24768971692183,122.8542870740171,121.94408506557792,118.07291918383446,110.25650226694468,115.39594588622987,111.88444577925665,105.87930910971285,108.68177010535273,109.52303043087036,116.26997752127146,118.09870178085232,122.31434208080435,130.3001905597354,131.38485350274888,128.655645987228,126.0605528663393,126.29102065003946,126.60908281839733,121.08208088718145,119.8749358216816,121.12016827917093,117.12557449899703,121.2286427329978,123.47570497654311,122.4503015667375,119.8072456187784,117.70323384365976,117.35382666172585,117.34209078729631,117.00825500250708,115.28532861845014,115.13651678801477,109.68112432196108,106.87893327752955,107.67050948528968,105.95676193480377,110.21859279259249,113.01671461151119,116.08616401163873,115.44596161041713,115.71158954148126,117.61973124707957,117.4087598404863,121.66199217450551,126.96897876933419,125.62306429044321,136.43849530144507,135.10876762933572,137.33275623995482,132.37983616386447,131.1230671122722,128.54864704924208,129.1835237837285,130.20854261743403,130.1904925088989,129.52464829888592,124.1436200139088,127.08336729834778,132.89087502953313,132.67248470886443,132.23908833428692,135.4026638575005,136.25294722223262,135.77359967619165,140.11071950226713,143.732229844041,143.28761091176477,147.8203126524752,150.0198471617241,146.76937991116165,149.92924007568223,148.25522269244493,144.75742312183087,144.33256128764168,141.13638602082187,141.29396894153243,135.779917497521,140.66898329133124,141.07205090723124,146.04571191845162,140.31287876845136,141.8050596151753,137.668826553623,140.30511109048868,138.56656636362058,143.9244529041225,151.28004961644973,158.26386811974174,155.56473674248036,155.8700003471821,147.2573535346036,149.7693232522408,146.16326931696136,147.13474615214804,141.78234747968622,138.87699208974982,137.12477339466162,141.5127292651705,143.8717153982182,143.30213701513668,145.9409606909237,148.4691595894888,149.5055034387377,148.87817140229515,150.99782994566652,152.35686047052332,156.1869857013578,143.9004254799192,144.39605594123572,143.83483133318583
2024-06-18 22:20:19+00:00,137.92931647989917,131.13103749625924,114.75685738486663,107.62136648702055,125.75526345053012,137.63566685375602,156.29683778765153,151.77162737142382,145.021815195063,119.19017408101715,115.34555023875882,124.55770589392168,109.0243778150518,103.44704810557677,103.35619471903603,114.22649964567624,135.3958614929979,147.01720381897258,,,,,,,,,,,,,,,132.40085204978695,133.5843980342499,138.03953736775264,137.63813091108716,141.74992181562826,135.76983016865745,131.81510781235932,130.68106956999537,128.6739394162832,134.69602388988,132.4301502971428,139.74420016389416,,,,,,,,,,,,,,,,,,,,,,,,,,,,,,,,,,,,,,141.47024934673286,137.5455456648238,137.56861642668085,129.10565695279905,134.20769675371653,128.98190032554882,126.09102852351913,124.99116919736211,114.4689731820925,108.26164594629148,108.42156374029165,108.7495130657467,116.88320007309953,108.64435424940936,111.42747935636845,119.78312074193931,126.24652106307948,128.26835772070964,128.90579931595147,127.46000723503481,125.94194007148393,127.52258147327865,125.74794480341299,128.56895285215035,126.94515601376636,128.79156010556147,128.35647932096217,124.29443734458827,123.33798925711005,114.53164870032104,116.34855010405715,117.09039244426219,114.11249529707047,119.93068129157153,118.17817349003829,121.16505503377229,119.34307689169773,119.79178009242048,113.65507527626465,111.87409946875407,107.91557929670839,113.03429940288576,117.5836121550994,117.8055008504493,118.6508993138797,120.24832454732197,120.63759380569589,122.21423482752888,128.2899868985867,129.3901184404459,129.94916741864964,131.01040905973178,137.01236119168743,136.60751491796796,133.42862943189823,133.85583661872914,133.69386968581992,133.08205089822917,134.26415079825924,129.08348587332958,136.68887289690238,136.5807110998121,136.0498680170514,138.2220181393264,142.4723549922418,141.52739059012583,138.74789026005527,141.63974164605602,140.06991509984633,143.79486097364253,144.69681967907212,144.48798719684308,149.64385991598985,151.48001192985367,147.93567306343982,151.13516796111202,148.00205200135812,146.77786258757442,144.69597559384383,138.9809836355117,139.40222086054527,135.69204716481585,139.68341636344934,137.85372675731577,141.36753980777533,142.09138231056585,145.36366448256078,140.50996841679404,140.53901329714142,136.0151869013377,142.05006387284274,144.75099166688474,149.11537799318063,148.92073768888892,152.25883046514255,147.33343383275025,148.62254428981208,142.75534730889095,141.58375224970047,134.78861631867284,136.26644761203806,137.67754363129902,139.97028454663328,142.37954857117938,145.08295211301902,146.24246044818136,147.56864443186666,146.2449262947031,145.72202112251756,152.48094099467056,142.62006761131693,147.00797351789424,141.4135388489217,143.28318362899174,137.20863068561496
2024-07-04 22:20:03+00:00,129.76481021593366,122.3191392268249,89.5726398810493,90.69706680835168,103.44317156760525,137.28395851746825,152.14959868883912,152.58647849096138,140.46452320608014,130.20598304395452,125.83446360851882,119.71609496546132,112.3532292996117,109.97621672441413,123.55928357550168,,234.7613324583717,,,,,,,144.86148048334607,142.4999997966631,127.90819873254192,123.64787315435238,119.05561165420929,121.2423607833061,116.28403874668227,108.35929766358613,111.13326933947648,119.92818796307273,122.77661628617692,137.95704448865246,131.11558023710316,134.6124906836736,131.12740233900357,137.9904422956403,135.06522026292794,130.3096480920637,129.40645363015423,131.8548818022267,135.16185887023758,136.99438662573283,135.9357114402248,126.91445575191801,131.0070954009054,130.80206821414734,132.06817121065623,135.0223807071351,137.60272974954057,142.5210094959749,144.61619943106723,148.55553231369748,142.5547062046256,140.8098841191012,139.9745632549519,135.41947257673314,137.14024660619475,137.37947874790586,136.41811659738795,136.6227449231912,137.25439985708152,134.2169258542983,133.79906283768153,129.03413998697908,132.0136860377839,126.19253860799411,130.3427076155671,123.01702396633512,125.94882286557498,125.27539246931623,123.66404923485561,122.97386501305128,127.77095010000599,129.71126006033134,132.8903794565696,132.95299597509907,131.84125101520215,134.57193536219145,132.55488318258276,131.24465519999674,126.54473644974398,124.640187964971,122.53810625875968,121.4052028174327,117.10617811766676,115.15408164356644,110.7829686254086,109.60472860388563,106.17817089188992,109.1909686247928,103.55386315292624,110.33961228519912,110.13570367232066,114.18576975412071,122.11171606887397,122.68412969318238,125.40078190690528,120.8971389008685,118.84477068600917,116.85545553138051,116.38740784209305,118.94020681332947,117.61069650034838,117.8663516221316,113.20406856211653,115.67103168065788,116.59366786787116,112.83047316587918,109.55091552565993,109.11511359335304,107.262431535092,108.96270397479583,109.67984184995292,105.95671440206272,105.80058768292488,104.43918935966887,103.81412558682237,104.48125311205757,102.86295504386561,109.03441297565207,108.7037693658888,106.01119075269902,106.28818725360088,112.85405111550288,110.84107194291794,111.42487075060428,115.85555939499991,120.35537093264314,120.03497259145284,123.97894186035923,127.17638632000798,129.13710607045877,130.88232960224602,133.2045311757678,130.10203716314865,128.66474098781666,127.50852740524815,129.2260940192437,126.18521579376672,125.5916418311795,130.4074935745099,126.7390023454498,130.17125273880706,126.7795871557518,129.371308587893,131.92335928056892,132.9605308257088,133.80961492251376,135.01173726520653,141.54490909510307,144.35076575180835,145.8968544028127,141.40634271562195,139.7642912100966,133.74206780595503,140.96676603162416,137.50990968084483,135.46289857574112,135.99977533469195,131.07174968514067,131.38284898535264,128.49183304940487,132.36518633792898,134.55801127018302,134.80172824706005,134.0201972809668,129.69374696185616,130.09200283006376,135.77454436088658,139.41523821987556,142.1523424835344,146.29341031050924,148.33287530583596,145.44478774268555,139.1695739033722,134.71165738735726,133.03485042544924,128.3471894178615,132.61418944232815,134.4810071753008,136.1547922506299,135.16838824161218,138.6812115704624,137.34998444549646,139.40002555342528,139.14011257337836,140.56185548769875,142.02183706597546,136.16239058185835,134.3067378973359,131.99336091789488,129.19422151336974,128.42877608987138
2024-07-12 22:20:12+00:00,147.43138937174948,140.82160705872985,100.75292004276275,107.15673267490025,127.19584507325536,150.0376128329554,171.73834386943855,166.82608205734002,157.13150484707842,149.03612121434435,138.17322725091668,130.69567472426286,119.4115831809019,118.35570235500069,124.71659049092376,132.73691955725107,138.66424281479115,154.32637223655794,152.4798949603214,151.62144055527827,155.25572836758806,150.12218781896195,145.38388948862269,135.62420806633082,132.0071824781213,131.69435869966313,126.4896950160461,126.73128760105777,128.95195123917995,127.28747313956791,129.09588985161565,132.97675072372303,133.10140490970622,139.79482673428947,141.1860498199634,144.23967400129067,143.36649329502097,139.74791533397254,138.06453165823137,137.01837142010132,135.4172850085095,135.06755683493742,137.20711860017454,,,,,,,,,,,,,,,,,,,,,,,,,,,,,,,,,,,,,,,,144.92750588060935,142.9104837234598,137.39045981667925,138.72666950674318,133.51347931355346,129.5550085289657,128.33454983271446,126.94282111057515,125.63186706746377,123.37481524611964,122.88877802978845,126.20097537366841,125.1609105412914,127.95717677227596,130.12840074091298,135.61290795973008,136.0754371148728,137.09161331880995,134.5226408767635,134.00346436992905,129.53076174649786,130.18946608360977,129.28852603803867,132.99474492849146,126.39695425389328,127.55159544422256,127.72994168188659,131.75832267270488,131.09749402946167,125.43633599752454,126.26755678459197,124.48513037746714,124.4200360850431,125.82088224893307,126.64102386871897,122.15127978037285,120.54608219595175,122.51900870144098,123.61153952904816,120.34450659279439,123.9306345375967,122.33521054000965,127.39295221979027,126.56931786966334,125.7762894355954,129.1183334273971,133.77344674980384,134.63740440613455,134.66578831087986,139.2080844240939,141.2892276257398,143.8602061528252,144.5175714589342,144.5296604626333,147.30033940569317,146.55707906701826,142.08297146136138,140.57953026362105,144.16150225470608,144.33627278193734,144.5033891575492,144.58543088752248,146.67525090416765,148.20322056363923,145.37582021826236,148.80685347262207,144.99072450903245,151.99976674799154,147.15047410235806,150.80642711731028,152.78888953854982,161.66287073285062,158.7072905521045,159.42729429752055,158.06509652729534,155.69479874975755,155.29507261042818,149.4352453668445,152.82641577300825,149.9879424621391,146.67504393291546,144.91374919782967,143.8825909845059,152.75988282915785,154.8850878623455,150.974418488669,149.93789296364415,146.0872301514769,149.85075282949325,152.68167232926402,155.52407079142742,157.1607172994702,162.47725093002558,162.0464035005883,155.7905212617954,154.20567951194863,148.29125413494685,144.57328240261913,142.90307048632096,146.87833461854453,148.64019635678835,154.99552119818807,154.63645262073288,153.39337351108955,151.93123508930748,148.43375424914828,153.87804987311165,155.9680063398696,154.61885214438004,153.1934582968186,151.3919474541398,152.27854345846137,150.1215475770164,149.99327056782096
2024-08-04 22:26:32+00:00,141.04062793755745,122.00625639213162,98.26420265406797,95.3280924462829,114.18640805019731,135.06786256640717,153.05402338142792,152.92975352222626,146.0126660017677,132.75911736056935,129.58119214463062,119.52207749415584,111.92154898497098,110.1178218402362,118.12427768859001,128.42251789097133,132.50871358706135,143.96911651256192,147.53085840835462,145.15434232468735,142.6368461062321,141.59376205502267,138.99579127250595,131.14235245299457,123.53458789094238,125.96248610221586,120.81199852038075,119.9672985650936,115.9440376186852,116.91988836103761,118.0121929857706,118.21175528281283,123.15409760440639,126.09894695807718,125.69374762501762,133.28675398231167,131.51834570146508,132.47591361841341,133.81455969890465,130.014245414499,132.61808126337155,127.50724440802777,128.62033875124783,131.88344218198213,133.86011690901736,133.6466204532217,134.2473849807693,140.90799340046598,143.08295454862602,145.85517209163717,148.91485129472525,150.8901496840894,149.39731811729806,148.7061285792965,148.6007987814578,147.0940169564979,145.0005448200206,143.08705959268417,145.15795294398484,137.81710939256507,140.57240173882164,139.17074933500356,140.7198335947643,140.72423109077462,142.23145419526395,141.1662049829204,141.76115301299822,140.28239686686484,137.85489229396862,138.5403633031664,141.188727337679,137.45143309380447,142.2875231410501,145.38913484669118,143.05193773934687,142.04178801323056,137.50783214802235,137.57839273516092,135.25859672026496,133.42759697111578,132.2497085533982,134.63489908817812,137.39753432366115,137.91749833492318,134.75403527797806,131.36706994994032,129.86892109991817,126.0793866790081,124.02615332241687,121.88254407247761,118.42632283747456,116.86072045770842,116.70667049842967,117.26168259539723,116.24142772768937,112.2710128639051,115.6035479621924,123.1970995161638,124.36385320792472,127.29615458694256,125.72446973355544,123.07750552517363,124.5690142790365,122.40991557510937,123.25442718956158,121.16249138519962,122.8658452120722,120.29615714661942,119.48165727656527,124.26678121096337,119.34310222073286,119.98484328362947,120.05982058204957,120.74728138126859,120.06110205914361,118.25394230513453,116.71646006531132,117.55631756799482,114.80511671407902,114.31269925768602,115.16579974875133,115.49363320775942,115.1730178168728,114.323793972084,112.94201925683552,113.84139559232098,117.5008588511496,120.23152147317401,125.71234935360064,128.4658238700422,129.12706970522947,130.78484588412,132.3719261375209,133.83016852188175,136.9146800102434,141.36228463372638,139.24262641772862,139.39145507968124,138.0756131552641,136.85584785582822,135.25002226172137,134.88439799135585,134.46137847570535,133.78994675474993,136.67356596754763,137.1244348697651,135.9618128445259,138.91447172766738,140.61493161979087,139.96902626569332,138.94085193111644,142.48177971832789,146.26166402672936,148.9449183326222,148.9194376859177,147.73980060044943,150.0196420419732,149.27242207394207,143.25518180502203,142.02277460062925,142.63622408866246,140.8078430555539,138.9779645234149,137.15546904720537,142.19136399717078,144.3312254648462,147.70516698605653,145.9056110780703,141.722994698281,139.63469999394104,145.15031290146624,146.16491790110436,146.31490933758457,149.3804575609972,153.76291148441322,150.8963184695531,149.88475944730135,146.35806056259906,144.56532954833668,138.07765687948253,140.66623587441424,141.0506297856211,141.37001014091805,137.26647076490204,139.84918334076778,141.8824559222555,143.9250277667089,143.94762081139154,146.17347214992432,148.16150488635574,147.17615218113318,150.41446093745785,142.03630248249047,141.95476701171182,139.6925472167409,141.57091250434976
